-0.2141727 -0.3030675 -0.0173230 0.2162534 0.5512543 -0.1295987 -0.1944682 -0.4130780 -0.0462083 0.1743614 0.5617986 -0.1331725 -0.5764920 -0.8157713 -0.0466287 0.3567535 0.9094047 -0.2137991 -0.4237730 -0.9001540 -0.1006942 0.2890987 0.9314863 -0.2208057
-0.2109039 -0.3011629 -0.0210946 0.2178422 0.5589438 -0.1276681 -0.1922163 -0.4134739 -0.0496116 0.1796046 0.5677179 -0.1339203 -0.5726846 -0.8177722 -0.0572800 0.3551800 0.9113277 -0.2081560 -0.4190823 -0.9014821 -0.1081665 0.2942772 0.9301902 -0.2194247
-0.2098872 -0.3004275 -0.0236274 0.2287278 0.5916188 -0.1098084 -0.1882332 -0.4123126 -0.0530358 0.1888670 0.5968114 -0.1332736 -0.5715211 -0.8180614 -0.0643373 0.3553169 0.9190494 -0.1705817 -0.4124845 -0.9035206 -0.1162200 0.2950987 0.9324991 -0.2082359
-0.2082281 -0.2999334 -0.0265509 0.2483291 0.5968559 -0.1164400 -0.1858419 -0.4118146 -0.0556361 0.1910986 0.6139880 -0.1328946 -0.5687849 -0.8192825 -0.0725250 0.3780559 0.9086527 -0.1772681 -0.4082476 -0.9046527 -0.1222184 0.2910301 0.9350615 -0.2023894
-0.2065966 -0.2993991 -0.0298303 0.2480220 0.5976342 -0.1135264 -0.1819872 -0.4106411 -0.0581594 0.1914195 0.6189384 -0.1309343 -0.5660462 -0.8203120 -0.0817309 0.3775415 0.9097246 -0.1728110 -0.4018172 -0.9066715 -0.1284125 0.2896076 0.9364214 -0.1980967
-0.2055551 -0.2985115 -0.0301925 0.2425712 0.5970188 -0.1117673 -0.1776911 -0.4094954 -0.0582904 0.1891071 0.6149150 -0.1287631 -0.5651864 -0.8207757 -0.0830162 0.3708832 0.9128214 -0.1708884 -0.3947147 -0.9096342 -0.1294835 0.2882308 0.9372334 -0.1962565
-0.2049402 -0.2970482 -0.0299107 0.2329989 0.5851552 -0.1081103 -0.1769677 -0.4072039 -0.0568998 0.1806342 0.5877774 -0.1259603 -0.5659415 -0.8202973 -0.0825983 0.3646029 0.9156664 -0.1691738 -0.3953462 -0.9096941 -0.1271143 0.2877827 0.9364346 -0.2006773
-0.2045318 -0.2958589 -0.0294550 0.2236269 0.5716394 -0.0976527 -0.1769850 -0.4068391 -0.0569374 0.1777447 0.5689788 -0.1242955 -0.5667608 -0.8198295 -0.0816202 0.3597927 0.9197090 -0.1571131 -0.3956679 -0.9095297 -0.1272894 0.2919032 0.9344117 -0.2041257
-0.2046024 -0.2940383 -0.0287948 0.2227967 0.5704846 -0.0968160 -0.1771157 -0.4075081 -0.0564454 0.1750099 0.5625269 -0.1248323 -0.5693297 -0.8181954 -0.0801249 0.3593195 0.9200594 -0.1561418 -0.3954314 -0.9098092 -0.1260210 0.2906162 0.9341156 -0.2072929
-0.2054777 -0.2911304 -0.0268595 0.2234793 0.5719204 -0.0964553 -0.1776509 -0.4081576 -0.0554758 0.1759437 0.5640735 -0.1259135 -0.5750031 -0.8146913 -0.0751630 0.3595446 0.9201338 -0.1551821 -0.3960236 -0.9098745 -0.1236680 0.2912283 0.9336748 -0.2084165
-0.2067768 -0.2901929 -0.0254721 0.2385510 0.5849472 -0.1037587 -0.1783374 -0.4075512 -0.0556238 0.1977955 0.6004529 -0.1333441 -0.5788245 -0.8123288 -0.0713032 0.3726288 0.9137172 -0.1620764 -0.3977851 -0.9090510 -0.1240699 0.3061368 0.9293474 -0.2063825
-0.2073529 -0.2901933 -0.0247829 0.2447164 0.5978938 -0.1024461 -0.1787607 -0.4090139 -0.0554588 0.2056579 0.6265698 -0.1289806 -0.5799733 -0.8116809 -0.0693188 0.3741219 0.9140586 -0.1566193 -0.3974193 -0.9093163 -0.1232956 0.3060599 0.9324607 -0.1919488
-0.2082607 -0.2911508 -0.0245255 0.2520431 0.6061944 -0.0991204 -0.1789407 -0.4101400 -0.0559590 0.2083458 0.6463780 -0.1302700 -0.5804246 -0.8114402 -0.0683527 0.3796147 0.9130198 -0.1492903 -0.3967984 -0.9094796 -0.1240882 0.3012921 0.9347374 -0.1883855
-0.2186708 -0.2553570 -0.0148252 0.2481151 0.6134253 -0.1034177 -0.1950788 -0.3516243 -0.0404252 0.2076045 0.6466191 -0.1289477 -0.6498056 -0.7588227 -0.0440548 0.3704668 0.9159204 -0.1544155 -0.4827004 -0.8700545 -0.1000277 0.3003268 0.9354180 -0.1865394
-0.2165720 -0.2955026 -0.0189256 0.2416775 0.6076357 -0.1017789 -0.1868557 -0.3877622 -0.0518565 0.2008062 0.6305431 -0.1247796 -0.5903460 -0.8055000 -0.0515885 0.3651783 0.9181468 -0.1537895 -0.4309922 -0.8943932 -0.1196095 0.2981941 0.9363470 -0.1852958
-0.2168677 -0.2956546 -0.0194028 0.2548653 0.5642345 -0.0706214 -0.1852623 -0.4087804 -0.0545535 0.1809289 0.5741939 -0.1140954 -0.5906337 -0.8052077 -0.0528429 0.4090013 0.9054689 -0.1133313 -0.4097764 -0.9041699 -0.1206653 0.2952779 0.9370906 -0.1862049
-0.2176038 -0.2956047 -0.0190522 0.2019540 0.5411789 -0.0924459 -0.1872422 -0.4075064 -0.0534775 0.1865666 0.5528373 -0.1065778 -0.5920309 -0.8042466 -0.0518349 0.3452299 0.9251175 -0.1580316 -0.4145805 -0.9022765 -0.1184068 0.3145496 0.9320785 -0.1796892
-0.2186743 -0.2953652 -0.0178337 0.1971245 0.5377162 -0.0957588 -0.1921458 -0.4053328 -0.0489504 0.1832790 0.5476027 -0.1086478 -0.5943265 -0.8027619 -0.0484694 0.3394832 0.9260425 -0.1649137 -0.4258243 -0.8982791 -0.1084816 0.3119154 0.9319439 -0.1849035
-0.2298233 -0.2517712 -0.0072526 0.1983982 0.5387098 -0.0953038 -0.2081583 -0.3489500 -0.0311010 0.1828377 0.5498357 -0.1094856 -0.6740293 -0.7383983 -0.0212705 0.3409261 0.9257154 -0.1637694 -0.5108071 -0.8563010 -0.0763199 0.3100566 0.9324125 -0.1856659
-0.2351516 -0.2346346 -0.0031618 0.2555049 0.5825465 -0.0891806 -0.2133535 -0.3326225 -0.0232888 0.1946355 0.5748508 -0.1095046 -0.7078525 -0.7062962 -0.0095177 0.3977741 0.9069178 -0.1388378 -0.5389712 -0.8402671 -0.0588319 0.3156044 0.9321293 -0.1775634
-0.2378570 -0.2297833 -0.0016292 0.2403342 0.6062485 -0.1058867 -0.2157485 -0.3278607 -0.0209673 0.2021424 0.6155467 -0.1185602 -0.7191990 -0.6947867 -0.0049263 0.3637631 0.9176006 -0.1602671 -0.5489238 -0.8341683 -0.0533467 0.3069055 0.9345624 -0.1800057
-0.2384908 -0.2303590 -0.0003296 0.2571093 0.6216230 -0.1057599 -0.2166539 -0.3285760 -0.0192655 0.2030340 0.6309509 -0.1240391 -0.7192624 -0.6947378 -0.0009939 0.3775693 0.9128637 -0.1553102 -0.5498188 -0.8338518 -0.0488915 0.3010944 0.9356846 -0.1839469
-0.2400085 -0.2339531 -0.0016986 0.2528508 0.6186693 -0.1089297 -0.2181758 -0.3322344 -0.0203043 0.2026200 0.6306333 -0.1260344 -0.7160733 -0.6980067 -0.0050680 0.3733968 0.9136183 -0.1608617 -0.5482001 -0.8347897 -0.0510177 0.3005034 0.9352853 -0.1869202
-0.2403566 -0.2346452 -0.0021189 0.2485701 0.6157847 -0.1095522 -0.2187502 -0.3329006 -0.0211252 0.2015389 0.6282232 -0.1262262 -0.7155430 -0.6985402 -0.0063078 0.3693258 0.9149336 -0.1627728 -0.5483845 -0.8345477 -0.0529588 0.3000315 0.9352378 -0.1879133
-0.2409862 -0.2348590 -0.0022060 0.2119694 0.5774929 -0.0974647 -0.2198070 -0.3332328 -0.0210814 0.1845885 0.5871902 -0.1191514 -0.7161371 -0.6979288 -0.0065557 0.3403277 0.9271945 -0.1564846 -0.5498549 -0.8335937 -0.0527359 0.2944245 0.9365869 -0.1900503
-0.2232631 -0.2950888 -0.0150015 0.2154331 0.5563579 -0.0888388 -0.2110166 -0.3683026 -0.0297182 0.1822120 0.5572700 -0.1085211 -0.6028661 -0.7968134 -0.0405078 0.3571564 0.9223597 -0.1472817 -0.4959156 -0.8655576 -0.0698415 0.3055907 0.9346066 -0.1820025
-0.2235626 -0.2956111 -0.0146346 0.2610551 0.5153748 -0.0489570 -0.2046485 -0.4054182 -0.0346809 0.1473943 0.5252409 -0.1156943 -0.6027274 -0.7969712 -0.0394550 0.4502572 0.8888973 -0.0844390 -0.4493185 -0.8901208 -0.0761440 0.2643071 0.9418604 -0.2074626
-0.2243329 -0.2922202 -0.0131450 0.2596058 0.5164356 -0.0508331 -0.2048017 -0.4038640 -0.0341464 0.1471220 0.5260913 -0.1158648 -0.6085526 -0.7927119 -0.0356587 0.4474068 0.8900294 -0.0876062 -0.4509959 -0.8893529 -0.0751941 0.2634575 0.9420937 -0.2074840
-0.2243071 -0.2921344 -0.0126233 0.2044493 0.5510709 -0.0877514 -0.2045173 -0.4039740 -0.0343148 0.1470899 0.5264308 -0.1176770 -0.6086509 -0.7926985 -0.0342529 0.3440236 0.9272782 -0.1476579 -0.4503870 -0.8896297 -0.0755678 0.2630750 0.9415383 -0.2104690
-0.2239698 -0.2919837 -0.0124088 0.2118703 0.5533145 -0.0947336 -0.2022564 -0.4043032 -0.0347651 0.1583647 0.5484252 -0.1215923 -0.6082837 -0.7930039 -0.0337013 0.3531071 0.9221647 -0.1578848 -0.4460820 -0.8917016 -0.0766753 0.2713403 0.9396654 -0.2083349
-0.2393280 -0.2210869 0.0001149 0.2286224 0.5699185 -0.1021311 -0.2174514 -0.3192172 -0.0192514 0.1791041 0.5751351 -0.1250946 -0.7345452 -0.6785597 0.0003527 0.3672649 0.9155320 -0.1640661 -0.5622912 -0.8254396 -0.0497807 0.2911175 0.9348302 -0.2033300
-0.2388799 -0.2214113 0.0002726 0.2456351 0.5860406 -0.1075235 -0.2167785 -0.3191157 -0.0209066 0.1915201 0.5952937 -0.1289083 -0.7334140 -0.6797817 0.0008370 0.3811428 0.9093374 -0.1668402 -0.5610964 -0.8259798 -0.0541134 0.2999571 0.9323434 -0.2018950
-0.2262339 -0.2498335 -0.0092361 0.2558433 0.5885277 -0.1102796 -0.2072901 -0.3483785 -0.0295632 0.2006828 0.6050062 -0.1389401 -0.6709780 -0.7409711 -0.0273930 0.3929165 0.9038431 -0.1693641 -0.5099873 -0.8571014 -0.0727332 0.3076126 0.9273714 -0.2129716
-0.2331575 -0.2350579 -0.0049151 0.2569281 0.5878425 -0.1093534 -0.2117291 -0.3328314 -0.0264664 0.2009679 0.6037777 -0.1388581 -0.7041533 -0.7098928 -0.0148439 0.3947936 0.9032737 -0.1680315 -0.5355403 -0.8418523 -0.0669432 0.3085549 0.9270069 -0.2131950
-0.2274315 -0.2481636 -0.0096255 0.2330364 0.5827957 -0.1084039 -0.2072323 -0.3460807 -0.0317054 0.1929073 0.5822845 -0.1282538 -0.6753650 -0.7369295 -0.0285832 0.3658617 0.9149754 -0.1701915 -0.5121574 -0.8553098 -0.0783573 0.3078283 0.9291699 -0.2046586
-0.2269039 -0.2481406 -0.0093672 0.2223775 0.5687314 -0.1104844 -0.2064875 -0.3458619 -0.0321046 0.1850998 0.5462875 -0.1152702 -0.6745602 -0.7376944 -0.0278477 0.3583408 0.9164580 -0.1780353 -0.5109946 -0.8559044 -0.0794492 0.3146885 0.9287446 -0.1959711
-0.2250570 -0.2515952 -0.0089332 0.1604824 0.5071403 -0.1092462 -0.2039907 -0.3489074 -0.0328043 0.1468761 0.5123698 -0.1195761 -0.6664719 -0.7450606 -0.0264542 0.2955319 0.9339099 -0.2011793 -0.5030682 -0.8604520 -0.0808999 0.2688787 0.9379692 -0.2189019
-0.2160936 -0.2907449 -0.0146792 0.2577268 0.4927730 -0.0447609 -0.1945210 -0.3867532 -0.0429693 0.1294468 0.5068948 -0.1280268 -0.5960336 -0.8019381 -0.0404883 0.4619592 0.8832648 -0.0802310 -0.4471300 -0.8889990 -0.0987702 0.2403395 0.9411345 -0.2377030
-0.2154091 -0.2894185 -0.0140261 0.2574879 0.5018110 -0.0526574 -0.1890110 -0.4046838 -0.0461066 0.1273949 0.5081091 -0.1309512 -0.5966099 -0.8015906 -0.0388474 0.4545490 0.8858578 -0.0929572 -0.4209401 -0.9012579 -0.1026825 0.2359356 0.9410194 -0.2425220
-0.2292372 -0.2308661 0.0029956 0.2306827 0.5154428 -0.0801587 -0.2067054 -0.3273685 -0.0227557 0.1406169 0.5205920 -0.1325277 -0.7045691 -0.7095757 0.0092070 0.4044444 0.9037000 -0.1405381 -0.5329742 -0.8440947 -0.0586738 0.2532291 0.9375050 -0.2386617
-0.2249548 -0.2348170 -0.0008927 0.2311501 0.5480683 -0.0931418 -0.2039270 -0.3319918 -0.0253571 0.1785250 0.5506505 -0.1314976 -0.6917775 -0.7221055 -0.0027453 0.3839276 0.9103112 -0.1547034 -0.5222930 -0.8502896 -0.0649440 0.3007420 0.9276223 -0.2215200
-0.2241702 -0.2355746 -0.0021173 0.2560763 0.5588054 -0.0915566 -0.2027048 -0.3327425 -0.0262274 0.1846611 0.5670295 -0.1375392 -0.6893397 -0.7244090 -0.0065108 0.4120514 0.8991715 -0.1473234 -0.5190828 -0.8520811 -0.0671628 0.3017358 0.9265247 -0.2247387
-0.2229536 -0.2361646 -0.0041209 0.2416158 0.5698950 -0.1099295 -0.2007727 -0.3332046 -0.0280987 0.1910534 0.5847870 -0.1492520 -0.6864205 -0.7270941 -0.0126873 0.3843203 0.9064894 -0.1748567 -0.5147602 -0.8543020 -0.0720421 0.3017979 0.9237599 -0.2357662
-0.2227452 -0.2364337 -0.0056697 0.2385972 0.5745813 -0.1175955 -0.1999865 -0.3333269 -0.0297023 0.1910598 0.5975370 -0.1605571 -0.6856182 -0.7277521 -0.0174516 0.3768311 0.9074714 -0.1857257 -0.5129822 -0.8550114 -0.0761889 0.2950461 0.9227527 -0.2479419
-0.2059921 -0.2916875 -0.0192504 0.2379225 0.5736813 -0.1176080 -0.1818666 -0.4115749 -0.0492500 0.1901191 0.5967979 -0.1607520 -0.5760245 -0.8156580 -0.0538307 0.3764007 0.9075816 -0.1860595 -0.4017792 -0.9092499 -0.1088029 0.2940069 0.9229094 -0.2485926
-0.2057086 -0.2928508 -0.0200397 0.2484396 0.5445927 -0.0890077 -0.1815389 -0.4111355 -0.0501791 0.1879842 0.5811426 -0.1461818 -0.5738998 -0.8170149 -0.0559080 0.4105314 0.8999064 -0.1470798 -0.4014355 -0.9091409 -0.1109607 0.2993189 0.9253278 -0.2327588
-0.2078802 -0.2909586 -0.0208826 0.2262729 0.5393518 -0.0930109 -0.1828251 -0.4096768 -0.0516516 0.1741000 0.5526606 -0.1295289 -0.5803469 -0.8122799 -0.0582988 0.3820614 0.9106947 -0.1570488 -0.4048530 -0.9071999 -0.1143788 0.2932280 0.9308190 -0.2181591
-0.2079872 -0.2916492 -0.0203309 0.2088454 0.5333506 -0.0933061 -0.1824388 -0.4098822 -0.0518107 0.1368941 0.5203831 -0.1283751 -0.5796884 -0.8128656 -0.0566649 0.3598722 0.9190438 -0.1607806 -0.4039544 -0.9075574 -0.1147188 0.2474632 0.9406958 -0.2320634
-0.2093769 -0.2906392 -0.0193595 0.1874866 0.5412312 -0.0941906 -0.1830638 -0.4087930 -0.0514765 0.1259913 0.5138739 -0.1336840 -0.5836675 -0.8101974 -0.0539672 0.3229867 0.9323894 -0.1622640 -0.4060333 -0.9066980 -0.1141742 0.2308712 0.9416419 -0.2449676
