-0.2200254 -0.2777404 -0.0265739 0.2793229 0.5164304 -0.2615000 -0.2112293 -0.3717514 -0.0541466 0.2118437 0.5900705 -0.2806322 -0.6192199 -0.7816480 -0.0747873 0.4345871 0.8034931 -0.4068572 -0.4901074 -0.8625606 -0.1256342 0.3084107 0.8590489 -0.4085558
-0.2205240 -0.2761928 -0.0258380 0.2773902 0.5157961 -0.2613611 -0.2114456 -0.3703998 -0.0526384 0.2098767 0.5887119 -0.2812575 -0.6222917 -0.7793824 -0.0729116 0.4325253 0.8042636 -0.4075316 -0.4920320 -0.8619170 -0.1224892 0.3062227 0.8589661 -0.4103717
-0.2207150 -0.2756830 -0.0248960 0.2771146 0.5156972 -0.2611938 -0.2119584 -0.3697902 -0.0521511 0.2089170 0.5861188 -0.2819612 -0.6234389 -0.7787032 -0.0703221 0.4322754 0.8044442 -0.4074402 -0.4936065 -0.8611636 -0.1214490 0.3058176 0.8579744 -0.4127414
-0.2206487 -0.2777760 -0.0251620 0.2761269 0.5149708 -0.2607202 -0.2117921 -0.3717580 -0.0528143 0.2085834 0.5853618 -0.2822143 -0.6204305 -0.7810635 -0.0707516 0.4315453 0.8048226 -0.4074668 -0.4912803 -0.8623427 -0.1225099 0.3056187 0.8576783 -0.4135035
-0.2205301 -0.2774446 -0.0253435 0.2762999 0.5147802 -0.2606294 -0.2118997 -0.3713036 -0.0534820 0.2082383 0.5856385 -0.2819911 -0.6206545 -0.7808332 -0.0713260 0.4318937 0.8046703 -0.4073985 -0.4918225 -0.8618015 -0.1241325 0.3050952 0.8580338 -0.4131524
-0.2206945 -0.2764484 -0.0262759 0.2761952 0.5150937 -0.2600909 -0.2120945 -0.3705579 -0.0535741 0.2083597 0.5861062 -0.2807000 -0.6221804 -0.7793614 -0.0740767 0.4317381 0.8051755 -0.4065645 -0.4928867 -0.8611401 -0.1245008 0.3053150 0.8588370 -0.4113171
-0.2210531 -0.2750990 -0.0269180 0.2757676 0.5151432 -0.2600674 -0.2123183 -0.3694097 -0.0534696 0.2077395 0.5860861 -0.2805073 -0.6245622 -0.7772631 -0.0760540 0.4311737 0.8054469 -0.4066257 -0.4944303 -0.8602526 -0.1245157 0.3045337 0.8591671 -0.4112069
-0.2222220 -0.2631784 -0.0271613 0.2867703 0.5178527 -0.2639129 -0.2135373 -0.3580658 -0.0515973 0.2644243 0.5766538 -0.2932108 -0.6431547 -0.7616905 -0.0786101 0.4424653 0.7990083 -0.4071980 -0.5083190 -0.8523647 -0.1228258 0.3783586 0.8251205 -0.4195485
-0.2205411 -0.2712886 -0.0299896 0.2669099 0.5125782 -0.2569033 -0.2125914 -0.3662063 -0.0545581 0.2075548 0.5866011 -0.2828603 -0.6284899 -0.7731083 -0.0854633 0.4220339 0.8104810 -0.4062117 -0.4979407 -0.8577442 -0.1277884 0.3036589 0.8582152 -0.4138332
-0.2211681 -0.2601902 -0.0289047 0.2708999 0.5121032 -0.2618955 -0.2130411 -0.3551903 -0.0530943 0.2445387 0.5207864 -0.2535103 -0.6453516 -0.7592152 -0.0843416 0.4260856 0.8054629 -0.4119231 -0.5101911 -0.8506103 -0.1271502 0.3889488 0.8283319 -0.4032184
-0.2218485 -0.2586339 -0.0295191 0.2681317 0.5113988 -0.2608921 -0.2126904 -0.3536931 -0.0531010 0.2002429 0.5804045 -0.2783714 -0.6486364 -0.7561890 -0.0863075 0.4231670 0.8070927 -0.4117415 -0.5111277 -0.8499789 -0.1276099 0.2970371 0.8609626 -0.4129315
-0.2217826 -0.2599576 -0.0305225 0.2451786 0.5092085 -0.2486763 -0.2128734 -0.3549983 -0.0542802 0.1975653 0.5598636 -0.2699715 -0.6464644 -0.7577389 -0.0889687 0.3970819 0.8246946 -0.4027466 -0.5099071 -0.8503467 -0.1300203 0.3029217 0.8584241 -0.4139402
-0.2215427 -0.2600273 -0.0306298 0.2334023 0.5064950 -0.2402972 -0.2127229 -0.3551044 -0.0542819 0.1906942 0.5592866 -0.2662910 -0.6459395 -0.7581469 -0.0893055 0.3843574 0.8340754 -0.3957116 -0.5095299 -0.8505728 -0.1300200 0.2942208 0.8629192 -0.4108584
-0.2218629 -0.2599939 -0.0301708 0.2222183 0.5035684 -0.2290019 -0.2129472 -0.3549910 -0.0541135 0.1806178 0.5566551 -0.2561678 -0.6466074 -0.7577381 -0.0879312 0.3727509 0.8446899 -0.3841298 -0.5100720 -0.8503092 -0.1296180 0.2827302 0.8713603 -0.4009923
-0.2214519 -0.2614032 -0.0304080 0.2197944 0.5051949 -0.2290530 -0.2121624 -0.3563286 -0.0544981 0.1781007 0.5582439 -0.2561520 -0.6438611 -0.7600175 -0.0884098 0.3683779 0.8467125 -0.3838954 -0.5072333 -0.8519027 -0.1302929 0.2784966 0.8729277 -0.4005456
-0.2221783 -0.2607544 -0.0294099 0.2182494 0.5066524 -0.2295153 -0.2120364 -0.3557848 -0.0527370 0.1764558 0.5596862 -0.2564935 -0.6461812 -0.7583755 -0.0855356 0.3652707 0.8479532 -0.3841258 -0.5078466 -0.8521371 -0.1263099 0.2755191 0.8738974 -0.4004905
-0.2198996 -0.2712222 -0.0329774 0.2193183 0.5097119 -0.2291512 -0.2102670 -0.3664891 -0.0555505 0.2099506 0.5165726 -0.2349335 -0.6269939 -0.7733288 -0.0940276 0.3653189 0.8490282 -0.3816977 -0.4933992 -0.8599801 -0.1303514 0.3469806 0.8537279 -0.3882694
-0.2211064 -0.2654264 -0.0321709 0.2256974 0.5136104 -0.2316706 -0.2111025 -0.3606410 -0.0548098 0.1765017 0.5638387 -0.2502279 -0.6372864 -0.7650282 -0.0927249 0.3718459 0.8461948 -0.3816871 -0.5008813 -0.8556902 -0.1300468 0.2750860 0.8787685 -0.3899917
-0.2207576 -0.2667316 -0.0309201 0.2726223 0.5302822 -0.2521054 -0.2105698 -0.3619304 -0.0535450 0.2329487 0.5219382 -0.2410963 -0.6350647 -0.7673205 -0.0889493 0.4211272 0.8191416 -0.3894342 -0.4988177 -0.8573750 -0.1268424 0.3755225 0.8413850 -0.3886567
-0.2209650 -0.2633590 -0.0289054 0.2751386 0.5288840 -0.2492746 -0.2110059 -0.3584373 -0.0521393 0.2455508 0.5289640 -0.2454717 -0.6404944 -0.7633786 -0.0837857 0.4257881 0.8184692 -0.3857624 -0.5033671 -0.8550736 -0.1243813 0.3880780 0.8359952 -0.3879530
-0.2188970 -0.2791259 -0.0304494 0.2837622 0.5288526 -0.2517664 -0.2092428 -0.3739787 -0.0547119 0.2392030 0.6128089 -0.2771589 -0.6148348 -0.7840048 -0.0855258 0.4359939 0.8125696 -0.3868331 -0.4843428 -0.8656636 -0.1266438 0.3350925 0.8584662 -0.3882638
-0.2186155 -0.2826186 -0.0273210 0.2937042 0.5282672 -0.2563218 -0.2090072 -0.3768181 -0.0540251 0.2258077 0.6403400 -0.2892873 -0.6100668 -0.7886734 -0.0762418 0.4473596 0.8046375 -0.3904201 -0.4812787 -0.8676951 -0.1244031 0.3059535 0.8676156 -0.3919639
-0.2215192 -0.2596500 -0.0234201 0.3038214 0.5281891 -0.2604196 -0.2117637 -0.3543026 -0.0484142 0.2377108 0.6707249 -0.3058108 -0.6475139 -0.7589725 -0.0684584 0.4584921 0.7970820 -0.3929952 -0.5095450 -0.8525216 -0.1164940 0.3069092 0.8659753 -0.3948335
-0.2218455 -0.2603507 -0.0239783 0.3145093 0.5293661 -0.2641939 -0.2119242 -0.3550829 -0.0486035 0.2451748 0.6725770 -0.3101778 -0.6469891 -0.7592857 -0.0699303 0.4693944 0.7900608 -0.3943004 -0.5089891 -0.8528208 -0.1167336 0.3142542 0.8620793 -0.3975721
-0.2221291 -0.2644451 -0.0244497 0.3000756 0.5941741 -0.2904612 -0.2121707 -0.3591893 -0.0490145 0.2558004 0.6738351 -0.3163446 -0.6415782 -0.7638000 -0.0706184 0.4131784 0.8181268 -0.3999402 -0.5051171 -0.8551259 -0.1166893 0.3249817 0.8560743 -0.4019002
-0.2219875 -0.2644183 -0.0246876 0.3012370 0.5916851 -0.2895276 -0.2121137 -0.3591782 -0.0492268 0.2618789 0.6807312 -0.3171564 -0.6413440 -0.7639310 -0.0713250 0.4158808 0.8168666 -0.3997150 -0.5049976 -0.8551268 -0.1171984 0.3292671 0.8559010 -0.3987690
-0.2219821 -0.2645446 -0.0245341 0.3406150 0.5217336 -0.2697666 -0.2116123 -0.3593324 -0.0487584 0.3072627 0.6086206 -0.3016622 -0.6411764 -0.7641146 -0.0708646 0.5016652 0.7684207 -0.3973182 -0.5040147 -0.8558520 -0.1161320 0.4121346 0.8163490 -0.4046226
-0.2221907 -0.2640044 -0.0245461 0.3363124 0.5208003 -0.2703980 -0.2119580 -0.3588311 -0.0486767 0.2673494 0.6729763 -0.3240511 -0.6422943 -0.7631665 -0.0709564 0.4972435 0.7700120 -0.3997880 -0.5051557 -0.8551955 -0.1160102 0.3369940 0.8482866 -0.4084664
-0.2214078 -0.2638367 -0.0234909 0.3285406 0.5204842 -0.2670314 -0.2123319 -0.3586455 -0.0481495 0.2656032 0.6737440 -0.3248265 -0.6413362 -0.7642368 -0.0680445 0.4896786 0.7757640 -0.3980013 -0.5060834 -0.8548153 -0.1147621 0.3346317 0.8488456 -0.4092467
-0.2219110 -0.2636344 -0.0231710 0.3229174 0.5178973 -0.2696836 -0.2127068 -0.3584896 -0.0476030 0.2876896 0.6039210 -0.3019028 -0.6425202 -0.7633262 -0.0670893 0.4839526 0.7761668 -0.4041718 -0.5069840 -0.8544553 -0.1134612 0.3919931 0.8228760 -0.4113594
-0.2224603 -0.2636084 -0.0234820 0.3234432 0.5154204 -0.2739593 -0.2132546 -0.3584375 -0.0480144 0.2352620 0.6639138 -0.3194427 -0.6434506 -0.7624685 -0.0679201 0.4846836 0.7723638 -0.4105313 -0.5079501 -0.8537607 -0.1143653 0.3041853 0.8584167 -0.4130280
-0.2230588 -0.2619824 -0.0241700 0.2950822 0.5157641 -0.2644451 -0.2137868 -0.3568780 -0.0484200 0.2127957 0.6500072 -0.3049301 -0.6466853 -0.7595314 -0.0700730 0.4536949 0.7929979 -0.4065898 -0.5104488 -0.8521011 -0.1156102 0.2841640 0.8680092 -0.4071988
-0.2233769 -0.2617831 -0.0244298 0.2824879 0.5149022 -0.2601704 -0.2139079 -0.3567021 -0.0485114 0.2051143 0.5873034 -0.2802231 -0.6474707 -0.7587934 -0.0708111 0.4397732 0.8015925 -0.4050296 -0.5108324 -0.8518387 -0.1158499 0.3006255 0.8607803 -0.4107086
-0.2190344 -0.2747175 -0.0290934 0.2363638 0.5146878 -0.2404813 -0.2109502 -0.3693648 -0.0547009 0.1687496 0.5829974 -0.2614896 -0.6212844 -0.7792277 -0.0825224 0.3841396 0.8364732 -0.3908315 -0.4918838 -0.8612674 -0.1275489 0.2553475 0.8821766 -0.3956793
-0.2202739 -0.2714999 -0.0261335 0.2261610 0.5226778 -0.2407825 -0.2116414 -0.3655744 -0.0536051 0.1240456 0.5900944 -0.2424984 -0.6282887 -0.7744011 -0.0745406 0.3657682 0.8453220 -0.3894153 -0.4970378 -0.8585481 -0.1258910 0.1908610 0.9079405 -0.3731168
-0.2204026 -0.2713108 -0.0268918 0.2190048 0.5188328 -0.2362382 -0.2116010 -0.3656919 -0.0532374 0.1504961 0.5429210 -0.2400152 -0.6286704 -0.7738797 -0.0767054 0.3586106 0.8495654 -0.3868295 -0.4969024 -0.8587541 -0.1250174 0.2457527 0.8865631 -0.3919330
-0.2195783 -0.2705494 -0.0265807 0.2019186 0.5184771 -0.2320089 -0.2112596 -0.3650942 -0.0524967 0.1393303 0.5554315 -0.2342774 -0.6283468 -0.7742058 -0.0760635 0.3349448 0.8600556 -0.3848589 -0.4970054 -0.8589137 -0.1235028 0.2251946 0.8977240 -0.3786541
-0.2213308 -0.2659631 -0.0264529 0.1975816 0.5194530 -0.2305703 -0.2110494 -0.3608505 -0.0503380 0.1361520 0.5582598 -0.2335114 -0.6378026 -0.7664183 -0.0762285 0.3283770 0.8633213 -0.3832035 -0.5012373 -0.8570114 -0.1195515 0.2195089 0.9000457 -0.3764752
-0.2237891 -0.2623973 -0.0180724 0.1964307 0.5194168 -0.2304006 -0.2124232 -0.3560388 -0.0460407 0.1354687 0.5589348 -0.2336168 -0.6480232 -0.7598205 -0.0523321 0.3267212 0.8639406 -0.3832229 -0.5092353 -0.8535206 -0.1103719 0.2182322 0.9004113 -0.3763431
-0.2235381 -0.2620056 -0.0193916 0.1997987 0.5214533 -0.2317306 -0.2120245 -0.3557419 -0.0469859 0.1405613 0.5634479 -0.2357265 -0.6480256 -0.7595411 -0.0562154 0.3304683 0.8624872 -0.3832839 -0.5087076 -0.8535268 -0.1127326 0.2242751 0.8990195 -0.3761177
-0.2231150 -0.2607326 -0.0214056 0.2046842 0.5235546 -0.2326163 -0.2113722 -0.3546421 -0.0483104 0.2204649 0.4990457 -0.2298574 -0.6489083 -0.7583154 -0.0622561 0.3364463 0.8605843 -0.3823592 -0.5085073 -0.8531780 -0.1162224 0.3723953 0.8429564 -0.3882606
-0.2228639 -0.2599918 -0.0218555 0.2134865 0.5274294 -0.2385470 -0.2106950 -0.3539023 -0.0485674 0.1451462 0.5953559 -0.2584567 -0.6494930 -0.7576951 -0.0636937 0.3460191 0.8548582 -0.3866372 -0.5080337 -0.8533391 -0.1171071 0.2182425 0.8951800 -0.3886168
-0.2215415 -0.2619014 -0.0227931 0.2202470 0.5312612 -0.2430277 -0.2098712 -0.3559220 -0.0493393 0.1445768 0.5956547 -0.2592878 -0.6444069 -0.7618033 -0.0662993 0.3527636 0.8509064 -0.3892507 -0.5043454 -0.8553229 -0.1185681 0.2172339 0.8950010 -0.3895928
-0.2212240 -0.2613497 -0.0222169 0.2360565 0.5303431 -0.2471653 -0.2097820 -0.3553858 -0.0488084 0.1715312 0.6003616 -0.2719588 -0.6447259 -0.7616668 -0.0647479 0.3741384 0.8405688 -0.3917454 -0.5048180 -0.8551981 -0.1174523 0.2518657 0.8815335 -0.3993273
-0.2208394 -0.2628965 -0.0240949 0.2652726 0.5297363 -0.2553039 -0.2089663 -0.3575771 -0.0480830 0.2124976 0.5862898 -0.2776934 -0.6416250 -0.7638171 -0.0700052 0.4112036 0.8211533 -0.3957509 -0.5011884 -0.8576192 -0.1153231 0.3112856 0.8588498 -0.4067902
-0.2209586 -0.2639818 -0.0246576 0.2753112 0.5304430 -0.2574178 -0.2088296 -0.3587620 -0.0481194 0.2120497 0.6187750 -0.2873503 -0.6402121 -0.7648688 -0.0714435 0.4230903 0.8151695 -0.3955923 -0.4997191 -0.8584998 -0.1151473 0.2968074 0.8661036 -0.4022062
-0.2211213 -0.2629255 -0.0255200 0.2850678 0.5297712 -0.2592627 -0.2094707 -0.3577848 -0.0489040 0.2146945 0.6482467 -0.3027599 -0.6418739 -0.7632235 -0.0740798 0.4351605 0.8087042 -0.3957686 -0.5017647 -0.8570352 -0.1171443 0.2874162 0.8678219 -0.4053112
-0.2201705 -0.2632732 -0.0243458 0.2958232 0.5316992 -0.2623194 -0.2104415 -0.3579729 -0.0492092 0.2200687 0.6542229 -0.3072227 -0.6399100 -0.7651851 -0.0707595 0.4464642 0.8024546 -0.3958994 -0.5032645 -0.8560816 -0.1176824 0.2912777 0.8659140 -0.4066327
-0.2216736 -0.2617771 -0.0244762 0.3123451 0.5324490 -0.2673179 -0.2129957 -0.3564547 -0.0498087 0.2292025 0.6597479 -0.3170756 -0.6445921 -0.7612066 -0.0711729 0.4643181 0.7915148 -0.3973827 -0.5092910 -0.8523137 -0.1190968 0.2988174 0.8601309 -0.4133799
-0.2239777 -0.2615226 -0.0217342 0.3126147 0.5317053 -0.2684461 -0.2141040 -0.3558895 -0.0477789 0.2386475 0.6616201 -0.3216338 -0.6491905 -0.7580127 -0.0629957 0.4647285 0.7904253 -0.3990680 -0.5121275 -0.8512722 -0.1142850 0.3085707 0.8554734 -0.4158718
-0.2258879 -0.2619347 -0.0212675 0.2850547 0.5910282 -0.2884948 -0.2150588 -0.3557836 -0.0487633 0.2455493 0.6592544 -0.3236633 -0.6518449 -0.7558649 -0.0613715 0.3976777 0.8245391 -0.4024770 -0.5137805 -0.8499753 -0.1164967 0.3170903 0.8513288 -0.4179630
-0.2273288 -0.2622066 -0.0215436 0.3227692 0.5274854 -0.2743891 -0.2160922 -0.3559627 -0.0491933 0.2466272 0.6609552 -0.3265509 -0.6538086 -0.7541188 -0.0619606 0.4770862 0.7796778 -0.4055753 -0.5153455 -0.8489143 -0.1173182 0.3172537 0.8502326 -0.4200651
-0.2282980 -0.2627006 -0.0219628 0.3200707 0.5275040 -0.2733950 -0.2165702 -0.3564518 -0.0494257 0.2456489 0.6623457 -0.3268687 -0.6546519 -0.7533024 -0.0629789 0.4742697 0.7816371 -0.4051072 -0.5156383 -0.8486865 -0.1176791 0.3155865 0.8509194 -0.4199301
-0.2283189 -0.2624762 -0.0229499 0.3222756 0.5263211 -0.2769672 -0.2164255 -0.3563175 -0.0500309 0.2427806 0.6599491 -0.3246942 -0.6548839 -0.7528571 -0.0658270 0.4764210 0.7780621 -0.4094415 -0.5154372 -0.8486030 -0.1191531 0.3134541 0.8520605 -0.4192128
-0.2289534 -0.2633131 -0.0229448 0.3057844 0.5256680 -0.2688449 -0.2169159 -0.3570704 -0.0502516 0.2368939 0.6441340 -0.3121878 -0.6547409 -0.7530000 -0.0656155 0.4598868 0.7905823 -0.4043312 -0.5154781 -0.8485409 -0.1194178 0.3141905 0.8543098 -0.4140521
-0.2311064 -0.2633767 -0.0220751 0.3027159 0.5239031 -0.2678925 -0.2176488 -0.3564184 -0.0511131 0.2136713 0.6556627 -0.2989576 -0.6582526 -0.7501668 -0.0628756 0.4574660 0.7917253 -0.4048406 -0.5173066 -0.8471335 -0.1214853 0.2842830 0.8723388 -0.3977538
-0.2327804 -0.2694181 -0.0221393 0.2888169 0.5217160 -0.2638899 -0.2176241 -0.3616019 -0.0530184 0.1991300 0.6094253 -0.2857314 -0.6525223 -0.7552239 -0.0620602 0.4428996 0.8000493 -0.4046740 -0.5116289 -0.8501173 -0.1246449 0.2836925 0.8682238 -0.4070701
-0.2325985 -0.2787161 -0.0235070 0.2543569 0.5171724 -0.2476996 -0.2168732 -0.3704534 -0.0554151 0.1942834 0.5895897 -0.2764736 -0.6393898 -0.7661626 -0.0646183 0.4054715 0.8244267 -0.3948589 -0.5010603 -0.8558895 -0.1280302 0.2858965 0.8676070 -0.4068431
-0.2321270 -0.2779136 -0.0250444 0.2389512 0.5229271 -0.2493936 -0.2162157 -0.3701241 -0.0554625 0.1857651 0.5671307 -0.2718937 -0.6395237 -0.7656687 -0.0689988 0.3812874 0.8344194 -0.3979500 -0.5002404 -0.8563257 -0.1283191 0.2832654 0.8647937 -0.4145993
-0.2319968 -0.2760797 -0.0250051 0.2227299 0.5208196 -0.2402991 -0.2162248 -0.3683641 -0.0552736 0.1745306 0.5696786 -0.2643549 -0.6417971 -0.7637483 -0.0691743 0.3619805 0.8464357 -0.3905339 -0.5020338 -0.8552731 -0.1283351 0.2677561 0.8739724 -0.4055600
