-0.2614377 -0.2593842 0.0111316 0.2588032 0.6595717 -0.1130571 -0.2390980 -0.3442510 -0.0024071 0.2224094 0.6921358 -0.1575194 -0.7095652 -0.7039918 0.0302122 0.3607050 0.9192730 -0.1575725 -0.5704424 -0.8213175 -0.0057429 0.2989929 0.9304630 -0.2117590
-0.2616605 -0.2584836 0.0109703 0.2452516 0.7066258 -0.1506401 -0.2383581 -0.3443521 -0.0027163 0.2073104 0.7402656 -0.1957132 -0.7110961 -0.7024625 0.0298132 0.3214329 0.9261216 -0.1974327 -0.5691342 -0.8222191 -0.0064857 0.2613371 0.9331845 -0.2467176
-0.2632754 -0.2534233 0.0108143 0.2554054 0.6699998 -0.1192595 -0.2392360 -0.3409694 -0.0027115 0.2172921 0.7040506 -0.1638759 -0.7201433 -0.6931945 0.0295805 0.3513722 0.9217475 -0.1640704 -0.5743480 -0.8185854 -0.0065096 0.2878714 0.9327355 -0.2171050
-0.2632145 -0.2523980 0.0104785 0.2414699 0.6681729 -0.1155309 -0.2393103 -0.3399591 -0.0031868 0.2224422 0.6750135 -0.1451251 -0.7214838 -0.6918354 0.0287220 0.3354687 0.9282775 -0.1605044 -0.5756048 -0.8176921 -0.0076651 0.3066535 0.9305575 -0.2000661
-0.2638782 -0.2513895 0.0104623 0.2281139 0.6370501 -0.1104697 -0.2398205 -0.3389188 -0.0031350 0.2101101 0.6728499 -0.1652137 -0.7237344 -0.6894818 0.0286948 0.3327128 0.9291616 -0.1611242 -0.5776047 -0.8162817 -0.0075505 0.2902093 0.9293571 -0.2281973
-0.2640689 -0.2497404 0.0102854 0.2149548 0.6266726 -0.0703437 -0.2401261 -0.3373242 -0.0031623 0.1941720 0.6572536 -0.1272266 -0.7262526 -0.6868457 0.0282872 0.3226399 0.9406145 -0.1055835 -0.5799096 -0.8146450 -0.0076371 0.2785645 0.9429142 -0.1825228
-0.2648543 -0.2482197 0.0103518 0.2152702 0.6169475 -0.0995877 -0.2408993 -0.3358149 -0.0030002 0.1882418 0.6420415 -0.1565305 -0.7293523 -0.6835441 0.0285065 0.3256877 0.9333951 -0.1506687 -0.5828743 -0.8125299 -0.0072593 0.2739519 0.9343751 -0.2278017
-0.2591820 -0.2619739 0.0071918 0.2115093 0.6541993 -0.1214758 -0.2392374 -0.3400706 -0.0041038 0.1844726 0.6792934 -0.1784146 -0.7031748 -0.7107493 0.0195118 0.3029394 0.9369932 -0.1739868 -0.5753503 -0.8178475 -0.0098695 0.2540402 0.9354658 -0.2456976
-0.2583494 -0.2642140 0.0065853 0.2281978 0.6582547 -0.1229360 -0.2387174 -0.3400025 -0.0042819 0.2011477 0.6833486 -0.1798674 -0.6990161 -0.7148840 0.0178178 0.3225635 0.9304599 -0.1737732 -0.5745874 -0.8183783 -0.0103063 0.2737837 0.9301109 -0.2448189
-0.2578634 -0.2649110 0.0063954 0.2351566 0.6631128 -0.1188879 -0.2385012 -0.3398295 -0.0044656 0.2081407 0.6882066 -0.1758364 -0.6974065 -0.7164670 0.0172967 0.3295594 0.9293170 -0.1666150 -0.5744319 -0.8184817 -0.0107554 0.2812021 0.9297803 -0.2375583
-0.2607321 -0.2568600 0.0072769 0.2414684 0.6724807 -0.1057654 -0.2388750 -0.3402531 -0.0047590 0.2144786 0.6975745 -0.1627253 -0.7122360 -0.7016586 0.0198781 0.3343029 0.9310212 -0.1464278 -0.5745508 -0.8183889 -0.0114465 0.2868420 0.9329308 -0.2176276
-0.2612819 -0.2550044 0.0077425 0.2297145 0.6603734 -0.1232841 -0.2387715 -0.3400394 -0.0049601 0.2027481 0.6854671 -0.1802551 -0.7154906 -0.6983005 0.0212019 0.3235541 0.9301396 -0.1736463 -0.5746224 -0.8183316 -0.0119369 0.2750245 0.9298252 -0.2445131
-0.2589674 -0.2620902 0.0075547 0.2129628 0.6518238 -0.1233086 -0.2384021 -0.3403756 -0.0047309 0.1869598 0.6758409 -0.1811845 -0.7027087 -0.7111823 0.0204997 0.3056605 0.9355474 -0.1769819 -0.5736499 -0.8190215 -0.0113836 0.2581415 0.9331555 -0.2501674
-0.2600242 -0.2563939 0.0082061 0.2024557 0.6414366 -0.1286627 -0.2376618 -0.3404181 -0.0040979 0.1776195 0.6670591 -0.1863612 -0.7118803 -0.7019414 0.0224663 0.2956320 0.9366450 -0.1878771 -0.5724142 -0.8199052 -0.0098700 0.2484135 0.9329297 -0.2606394
-0.2603348 -0.2524868 0.0088176 0.2011644 0.6408642 -0.1288080 -0.2372631 -0.3400555 -0.0040532 0.1766168 0.6668642 -0.1864618 -0.7176318 -0.6959984 0.0243063 0.2941285 0.9370265 -0.1883340 -0.5721787 -0.8200707 -0.0097746 0.2471508 0.9331845 -0.2609276
-0.2610295 -0.2512384 0.0089248 0.2068128 0.6457119 -0.1262784 -0.2373556 -0.3389669 -0.0040324 0.1804284 0.6692821 -0.1841647 -0.7202718 -0.6932547 0.0246266 0.2998668 0.9362455 -0.1830965 -0.5735629 -0.8191036 -0.0097441 0.2515650 0.9331570 -0.2567744
-0.2611584 -0.2506385 0.0086609 0.2195936 0.6588261 -0.1168060 -0.2372604 -0.3383639 -0.0038994 0.1932125 0.6821579 -0.1747897 -0.7212823 -0.6922280 0.0239203 0.3118282 0.9355486 -0.1658672 -0.5740954 -0.8187341 -0.0094354 0.2645948 0.9341807 -0.2393657
-0.2610691 -0.2506062 0.0085799 0.2304735 0.6806237 -0.1243895 -0.2371205 -0.3383051 -0.0040690 0.2035640 0.7028722 -0.1825557 -0.7212124 -0.6923084 0.0237022 0.3160317 0.9332904 -0.1705664 -0.5739330 -0.8188430 -0.0098487 0.2699128 0.9319632 -0.2420571
-0.2613825 -0.2493812 0.0085892 0.2432074 0.6821454 -0.1083214 -0.2375032 -0.3371119 -0.0039676 0.2278181 0.7250647 -0.1585571 -0.7233175 -0.6901064 0.0237688 0.3321323 0.9315609 -0.1479274 -0.5759148 -0.8174531 -0.0096209 0.2934378 0.9339088 -0.2042271
-0.2614291 -0.2490616 0.0085120 0.2457110 0.6754075 -0.1140346 -0.2376120 -0.3368119 -0.0040234 0.2242643 0.7214135 -0.1590446 -0.7238241 -0.6895819 0.0235674 0.3376524 0.9281350 -0.1567046 -0.5764329 -0.8170862 -0.0097605 0.2904873 0.9344397 -0.2060088
-0.2613644 -0.2480880 0.0084488 0.2280097 0.6677488 -0.1168812 -0.2378427 -0.3359374 -0.0039458 0.1915704 0.7069856 -0.1585347 -0.7250886 -0.6882566 0.0234392 0.3187971 0.9336286 -0.1634201 -0.5778080 -0.8161165 -0.0095858 0.2556179 0.9433512 -0.2115375
-0.2620752 -0.2474510 0.0086413 0.2025300 0.6515914 -0.1245519 -0.2381416 -0.3351856 -0.0037734 0.1684293 0.6943242 -0.1647187 -0.7268935 -0.6863318 0.0239676 0.2919916 0.9394125 -0.1795690 -0.5791559 -0.8151651 -0.0091769 0.2297171 0.9469739 -0.2246563
-0.2627182 -0.2460196 0.0087861 0.2008409 0.6493361 -0.1260140 -0.2385611 -0.3336777 -0.0037318 0.1659140 0.6911889 -0.1663954 -0.7297061 -0.6833253 0.0244037 0.2905390 0.9393382 -0.1822935 -0.5815690 -0.8134462 -0.0090975 0.2272673 0.9467835 -0.2279267
-0.2630385 -0.2455438 0.0087934 0.2054822 0.6519119 -0.1240388 -0.2389076 -0.3331991 -0.0037941 0.1769295 0.6858777 -0.1753538 -0.7307800 -0.6821758 0.0244299 0.2957887 0.9384179 -0.1785520 -0.5826792 -0.8126496 -0.0092535 0.2424645 0.9399279 -0.2403052
-0.2630043 -0.2455554 0.0086958 0.2220294 0.6545812 -0.1279251 -0.2390389 -0.3332605 -0.0038621 0.2012251 0.6784009 -0.1818589 -0.7307245 -0.6822448 0.0241601 0.3158538 0.9311919 -0.1819833 -0.5828188 -0.8125476 -0.0094164 0.2754204 0.9285395 -0.2489135
-0.2637650 -0.2440297 0.0084669 0.2274589 0.6600012 -0.1226052 -0.2396210 -0.3317172 -0.0038716 0.2047539 0.6849099 -0.1791059 -0.7338304 -0.6789242 0.0235562 0.3209154 0.9311773 -0.1729802 -0.5855406 -0.8105878 -0.0094607 0.2778372 0.9293765 -0.2430347
-0.2639468 -0.2437567 0.0082771 0.2219191 0.7077156 -0.1484998 -0.2399232 -0.3314215 -0.0044468 0.2379908 0.6962046 -0.1380872 -0.7344511 -0.6782706 0.0230317 0.2933833 0.9356198 -0.1963209 -0.5863602 -0.8099775 -0.0108676 0.3179126 0.9300034 -0.1844595
-0.2637461 -0.2438357 0.0081425 0.2402513 0.6721007 -0.1151748 -0.2397953 -0.3314843 -0.0048245 0.2367090 0.7201467 -0.1629369 -0.7340904 -0.6786734 0.0226633 0.3323053 0.9296210 -0.1593048 -0.5860761 -0.8101702 -0.0117914 0.3052872 0.9287841 -0.2101422
-0.2636287 -0.2437156 0.0080502 0.2389921 0.6695410 -0.1210483 -0.2397281 -0.3313776 -0.0049140 0.2295222 0.7081993 -0.1759844 -0.7341106 -0.6786598 0.0224170 0.3314049 0.9284371 -0.1678550 -0.5860906 -0.8101565 -0.0120138 0.3000362 0.9257727 -0.2300505
-0.2635923 -0.2438372 0.0080061 0.2222687 0.6513396 -0.1332323 -0.2399732 -0.3315630 -0.0050393 0.2081536 0.6864416 -0.1895415 -0.7338972 -0.6788947 0.0222908 0.3170749 0.9291611 -0.1900610 -0.5862663 -0.8100248 -0.0123113 0.2805580 0.9252142 -0.2554718
-0.2627198 -0.2439624 0.0080422 0.2014613 0.6372253 -0.1252381 -0.2395988 -0.3318166 -0.0050319 0.1743837 0.6623021 -0.1821589 -0.7325977 -0.6802924 0.0224257 0.2962899 0.9371697 -0.1841882 -0.5853716 -0.8106719 -0.0122937 0.2460663 0.9345497 -0.2570376
-0.2630490 -0.2409014 0.0085822 0.2003234 0.6363278 -0.1261222 -0.2400279 -0.3287674 -0.0045888 0.1724230 0.6602875 -0.1831273 -0.7372575 -0.6751835 0.0240538 0.2950564 0.9372475 -0.1857655 -0.5896185 -0.8076032 -0.0112722 0.2440273 0.9344935 -0.2591769
-0.2629968 -0.2407947 0.0085848 0.1987929 0.6494336 -0.1529395 -0.2390231 -0.3284172 -0.0045094 0.1694377 0.6721272 -0.2097315 -0.7373394 -0.6750936 0.0240684 0.2855462 0.9328468 -0.2196823 -0.5884159 -0.8084822 -0.0111010 0.2339685 0.9281087 -0.2896084
-0.2626577 -0.2401849 0.0086724 0.2371632 0.6741074 -0.1285818 -0.2386196 -0.3277935 -0.0043968 0.2272980 0.6665081 -0.1413797 -0.7377528 -0.6746313 0.0243590 0.3266325 0.9284130 -0.1770890 -0.5884988 -0.8084253 -0.0108436 0.3164601 0.9279588 -0.1968387
-0.2623004 -0.2399976 0.0084491 0.2309182 0.6789155 -0.1155271 -0.2383288 -0.3276215 -0.0046348 0.2286055 0.6717544 -0.1372144 -0.7375683 -0.6748545 0.0237583 0.3179124 0.9346844 -0.1590498 -0.5882279 -0.8086143 -0.0114394 0.3163073 0.9294648 -0.1898550
-0.2624175 -0.2393442 0.0083374 0.2345573 0.6765603 -0.1151021 -0.2390394 -0.3271174 -0.0048188 0.2196506 0.7225366 -0.1627051 -0.7386385 -0.6736931 0.0234675 0.3234121 0.9328544 -0.1587050 -0.5899621 -0.8073433 -0.0118929 0.2843320 0.9353050 -0.2106176
-0.2628029 -0.2386663 0.0084636 0.2356449 0.6743968 -0.1133924 -0.2391030 -0.3263591 -0.0046494 0.2190479 0.7216298 -0.1591696 -0.7400738 -0.6721032 0.0238342 0.3257806 0.9323580 -0.1567658 -0.5909597 -0.8066192 -0.0114914 0.2841984 0.9362610 -0.2065107
-0.2627013 -0.2387737 0.0083671 0.2336682 0.6697945 -0.1150320 -0.2389428 -0.3264637 -0.0046568 0.2141826 0.7199693 -0.1563206 -0.7397987 -0.6724156 0.0235628 0.3251488 0.9320177 -0.1600668 -0.5905787 -0.8068980 -0.0115100 0.2791577 0.9383815 -0.2037425
-0.2623613 -0.2388424 0.0084060 0.2065613 0.6780022 -0.1407881 -0.2385225 -0.3265495 -0.0043528 0.1821888 0.7092086 -0.1958710 -0.7392665 -0.6729963 0.0236859 0.2858516 0.9382590 -0.1948307 -0.5898053 -0.8074737 -0.0107633 0.2403607 0.9356550 -0.2584115
-0.2578642 -0.2603059 0.0055876 0.2107582 0.6562596 -0.1280246 -0.2349195 -0.3370482 -0.0057155 0.1874078 0.6886781 -0.1828487 -0.7036851 -0.7103484 0.0152480 0.3006276 0.9360954 -0.1826156 -0.5717490 -0.8203106 -0.0139104 0.2543634 0.9347236 -0.2481755
-0.2611316 -0.2499465 0.0072807 0.2092621 0.6535492 -0.1268965 -0.2349210 -0.3367377 -0.0054915 0.1860655 0.6861957 -0.1816504 -0.7222626 -0.6913257 0.0201376 0.2998591 0.9364938 -0.1818345 -0.5721103 -0.8200677 -0.0133735 0.2535597 0.9351096 -0.2475431
-0.2597186 -0.2550871 0.0064072 0.2225933 0.6406351 -0.1104069 -0.2346850 -0.3368120 -0.0055218 0.1997018 0.6742141 -0.1647236 -0.7133290 -0.7006084 0.0175976 0.3239453 0.9323315 -0.1606778 -0.5716381 -0.8203956 -0.0134498 0.2765170 0.9335502 -0.2280844
-0.2596044 -0.2577197 0.0063724 0.2291386 0.6701465 -0.1148898 -0.2349795 -0.3365465 -0.0052811 0.2060943 0.7034638 -0.1693016 -0.7095706 -0.7044191 0.0174175 0.3193587 0.9340073 -0.1601260 -0.5724285 -0.8198537 -0.0128652 0.2739416 0.9350479 -0.2250366
-0.2611344 -0.2511136 0.0073207 0.2426480 0.6773668 -0.1231094 -0.2347016 -0.3371500 -0.0049912 0.2021929 0.6981704 -0.1734316 -0.7206545 -0.6930000 0.0202030 0.3324071 0.9279348 -0.1686494 -0.5712887 -0.8206592 -0.0121491 0.2705779 0.9343031 -0.2320891
-0.2625340 -0.2472799 0.0081153 0.2431520 0.7136793 -0.1377410 -0.2363555 -0.3343386 -0.0044789 0.2149982 0.7491610 -0.1882390 -0.7277541 -0.6854691 0.0224960 0.3172476 0.9311587 -0.1797148 -0.5772219 -0.8165141 -0.0109383 0.2681408 0.9343365 -0.2347674
-0.2616117 -0.2539252 0.0077480 0.2411596 0.7044710 -0.1395458 -0.2354296 -0.3409936 -0.0047709 0.2141801 0.7407791 -0.1900983 -0.7174078 -0.6963294 0.0212471 0.3183336 0.9299104 -0.1842022 -0.5681230 -0.8228631 -0.0115128 0.2696781 0.9327284 -0.2393562
-0.2617043 -0.2532550 0.0080084 0.2143292 0.6892053 -0.1454464 -0.2355760 -0.3403337 -0.0045530 0.2098866 0.6892057 -0.1601104 -0.7184383 -0.6952431 0.0219850 0.2911007 0.9360751 -0.1975445 -0.5691108 -0.8221873 -0.0109992 0.2843866 0.9338417 -0.2169422
-0.2585383 -0.2624118 0.0075356 0.1928869 0.6293144 -0.1446905 -0.2342650 -0.3439938 -0.0050560 0.1675269 0.6729184 -0.1973593 -0.7016829 -0.7121958 0.0204518 0.2862134 0.9338023 -0.2146977 -0.5628422 -0.8264751 -0.0121475 0.2323549 0.9333179 -0.2737315
-0.2585434 -0.2554201 0.0091864 0.1797500 0.6399117 -0.1644822 -0.2341703 -0.3428178 -0.0046252 0.1650807 0.6704506 -0.1987389 -0.7111635 -0.7025724 0.0252687 0.2625133 0.9345497 -0.2402156 -0.5640101 -0.8256927 -0.0111399 0.2297551 0.9331159 -0.2765997
-0.2586029 -0.2553975 0.0093126 0.1814260 0.6394105 -0.1630911 -0.2340618 -0.3427564 -0.0044490 0.1659638 0.6708300 -0.1985880 -0.7112692 -0.7024529 0.0256136 0.2651000 0.9343077 -0.2383090 -0.5639034 -0.8257712 -0.0107185 0.2308185 0.9329743 -0.2761914
-0.2571389 -0.2618300 0.0081207 0.2138480 0.6617980 -0.1583706 -0.2334072 -0.3437102 -0.0044888 0.1956671 0.6877124 -0.1913322 -0.7005149 -0.7132948 0.0221231 0.2998033 0.9278049 -0.2220270 -0.5617574 -0.8272315 -0.0108036 0.2643566 0.9291358 -0.2584999
-0.2535258 -0.2701844 0.0068095 0.2224920 0.6889288 -0.1470669 -0.2330762 -0.3437744 -0.0043195 0.2073926 0.6994782 -0.1715622 -0.6841530 -0.7291070 0.0183758 0.3011729 0.9325578 -0.1990749 -0.5611424 -0.8276539 -0.0103995 0.2767166 0.9332890 -0.2289094
-0.2530406 -0.2711294 0.0067846 0.2408130 0.7320729 -0.1777167 -0.2323464 -0.3445426 -0.0042525 0.2316896 0.7914874 -0.2277255 -0.6821846 -0.7309512 0.0182908 0.3044841 0.9256334 -0.2247050 -0.5590801 -0.8290505 -0.0102326 0.2708031 0.9251051 -0.2661697
-0.2529111 -0.2721657 0.0070343 0.2404684 0.7324475 -0.1785611 -0.2321588 -0.3443695 -0.0040196 0.2330764 0.6838358 -0.1401304 -0.6805976 -0.7324128 0.0189297 0.3038823 0.9256014 -0.2256495 -0.5589659 -0.8291342 -0.0096778 0.3167101 0.9292135 -0.1904127
-0.2529358 -0.2718494 0.0074271 0.2283213 0.6587720 -0.1198549 -0.2319740 -0.3434349 -0.0036411 0.2395439 0.7087202 -0.1643613 -0.6810437 -0.7319696 0.0199980 0.3227414 0.9312008 -0.1694197 -0.5597089 -0.8286427 -0.0087853 0.3127407 0.9252819 -0.2145848
-0.2558513 -0.2639165 0.0077987 0.2075370 0.6623750 -0.1558358 -0.2317539 -0.3433509 -0.0034543 0.2064511 0.6521802 -0.1545619 -0.6958943 -0.7178309 0.0212117 0.2917284 0.9310801 -0.2190536 -0.5594402 -0.8288288 -0.0083384 0.2943748 0.9299318 -0.2203869
-0.2556941 -0.2629964 0.0079723 0.1893126 0.6277235 -0.1599928 -0.2313327 -0.3433989 -0.0032902 0.1662782 0.6747436 -0.2031221 -0.6969182 -0.7168213 0.0217291 0.2805096 0.9301151 -0.2370658 -0.5586891 -0.8293391 -0.0079461 0.2296638 0.9319575 -0.2805527
-0.2550468 -0.2644957 0.0078633 0.1946917 0.6213448 -0.1333898 -0.2311579 -0.3430699 -0.0034702 0.1850421 0.6346011 -0.1677768 -0.6939730 -0.7196831 0.0213957 0.2929212 0.9348372 -0.2006901 -0.5587650 -0.8292836 -0.0083884 0.2713274 0.9305160 -0.2460112
-0.2576547 -0.2532696 0.0089258 0.2109035 0.6352466 -0.1342233 -0.2316958 -0.3404911 -0.0029721 0.1915611 0.6375131 -0.1634580 -0.7129319 -0.7007982 0.0246977 0.3089404 0.9305364 -0.1966160 -0.5625640 -0.8267222 -0.0072164 0.2794689 0.9300696 -0.2384694
-0.2586098 -0.2510808 0.0089846 0.2250485 0.6995856 -0.2081772 -0.2322932 -0.3382286 -0.0026667 0.2095721 0.7450889 -0.2629874 -0.7172508 -0.6963694 0.0249186 0.2946397 0.9159166 -0.2725513 -0.5661214 -0.8242963 -0.0064991 0.2563700 0.9114687 -0.3217130
-0.2586705 -0.2518230 0.0088868 0.2451566 0.6722958 -0.1093254 -0.2324591 -0.3389864 -0.0028857 0.2370275 0.7267517 -0.1405651 -0.7163101 -0.6973480 0.0246094 0.3386595 0.9287099 -0.1510222 -0.5655330 -0.8246958 -0.0070205 0.3049589 0.9350364 -0.1808506
-0.2585850 -0.2558168 0.0073902 0.2533261 0.6650089 -0.1162783 -0.2326454 -0.3430865 -0.0041990 0.2473664 0.7185211 -0.1495704 -0.7107550 -0.7031463 0.0203130 0.3513232 0.9222621 -0.1612596 -0.5612029 -0.8276163 -0.0101290 0.3193928 0.9277351 -0.1931213
-0.2503820 -0.2788413 0.0047908 0.2524049 0.6681380 -0.1188016 -0.2307431 -0.3485487 -0.0048681 0.2460312 0.7221594 -0.1529791 -0.6680617 -0.7439961 0.0127827 0.3486075 0.9227946 -0.1640820 -0.5519723 -0.8337811 -0.0116451 0.3161927 0.9280996 -0.1966045
-0.2488301 -0.2816894 0.0055299 0.2517503 0.6622732 -0.1213635 -0.2309451 -0.3484866 -0.0044639 0.2451899 0.7144666 -0.1565807 -0.6619697 -0.7493862 0.0147113 0.3502234 0.9213241 -0.1688354 -0.5523825 -0.8335224 -0.0106768 0.3178398 0.9261635 -0.2029756
-0.2552535 -0.2587553 0.0106103 0.2376651 0.6531800 -0.1297190 -0.2315758 -0.3462195 -0.0039665 0.2264315 0.7025497 -0.1677175 -0.7019742 -0.7116044 0.0291795 0.3361240 0.9237768 -0.1834585 -0.5559422 -0.8311664 -0.0095223 0.2991359 0.9281297 -0.2215695
-0.2555564 -0.2552508 0.0111435 0.1982414 0.6252603 -0.1622482 -0.2323600 -0.3428988 -0.0031013 0.1739007 0.6652466 -0.2110763 -0.7071932 -0.7063475 0.0308371 0.2933854 0.9253478 -0.2401177 -0.5609543 -0.8278129 -0.0074870 0.2417742 0.9248928 -0.2934595
-0.2498827 -0.2717167 0.0120659 0.1988653 0.6255539 -0.1604161 -0.2306149 -0.3480499 -0.0026504 0.1747836 0.6654925 -0.2086490 -0.6765534 -0.7356686 0.0326682 0.2943010 0.9257581 -0.2374001 -0.5523349 -0.8335981 -0.0063477 0.2430919 0.9255780 -0.2901925
-0.2525229 -0.2645778 0.0133288 0.1970586 0.6582624 -0.1789603 -0.2308211 -0.3473062 -0.0018273 0.1745962 0.6948291 -0.2254977 -0.6899768 -0.7229147 0.0364187 0.2775286 0.9270674 -0.2520396 -0.5535050 -0.8328343 -0.0043819 0.2324603 0.9251072 -0.3002314
-0.2509508 -0.2697820 0.0130776 0.2275290 0.6459285 -0.1409280 -0.2308918 -0.3467806 -0.0014643 0.2129543 0.6924207 -0.1825723 -0.6806620 -0.7317384 0.0354708 0.3254222 0.9238362 -0.2015616 -0.5542059 -0.8323722 -0.0035146 0.2850489 0.9268360 -0.2443812
-0.2514172 -0.2672831 0.0134344 0.2243845 0.6874603 -0.1669163 -0.2308510 -0.3466249 -0.0010234 0.2055106 0.7305044 -0.2093248 -0.6846987 -0.7279073 0.0365866 0.3023372 0.9262885 -0.2249041 -0.5543124 -0.8323051 -0.0024573 0.2610643 0.9279749 -0.2659097
-0.2518635 -0.2700566 0.0130883 0.2331030 0.6951468 -0.1681497 -0.2308081 -0.3469665 -0.0008751 0.2168646 0.7394914 -0.2103092 -0.6816163 -0.7308520 0.0354208 0.3098853 0.9241225 -0.2235368 -0.5538633 -0.8326050 -0.0020999 0.2714823 0.9257338 -0.2632760
-0.2558789 -0.2598596 0.0143462 0.2338621 0.6967868 -0.1690563 -0.2309819 -0.3465833 -0.0006459 0.2176158 0.7409576 -0.2113958 -0.7010859 -0.7119926 0.0393074 0.3100891 0.9239032 -0.2241598 -0.5545772 -0.8321309 -0.0015507 0.2717941 0.9254288 -0.2640256
-0.2555566 -0.2647211 0.0139988 0.2255148 0.6973735 -0.1655569 -0.2311400 -0.3465227 -0.0003578 0.2063953 0.7416650 -0.2065495 -0.6940415 -0.7189305 0.0380181 0.3001278 0.9281039 -0.2203325 -0.5549075 -0.8319116 -0.0008591 0.2589409 0.9304832 -0.2591343
-0.2584384 -0.2592291 0.0155375 0.2389937 0.6403753 -0.1269126 -0.2328268 -0.3459820 0.0000071 0.2252302 0.6875199 -0.1679121 -0.7053907 -0.7075489 0.0424085 0.3437761 0.9211360 -0.1825551 -0.5583009 -0.8296385 0.0000171 0.3032577 0.9257005 -0.2260826
-0.2596523 -0.2564467 0.0156343 0.1982942 0.6225293 -0.1573360 -0.2336281 -0.3431589 0.0005682 0.1709364 0.6636620 -0.2085865 -0.7108331 -0.7020573 0.0428009 0.2950696 0.9263480 -0.2341222 -0.5627708 -0.8266119 0.0013687 0.2386173 0.9264336 -0.2911746
-0.2598848 -0.2563676 0.0154760 0.1924877 0.6231611 -0.1480689 -0.2339077 -0.3431593 0.0007890 0.1632982 0.6649383 -0.1955037 -0.7112688 -0.7016428 0.0423556 0.2878067 0.9317473 -0.2213919 -0.5632298 -0.8262981 0.0018999 0.2293318 0.9338220 -0.2745603
-0.2600417 -0.2558763 0.0154930 0.2045347 0.6293304 -0.1439364 -0.2340815 -0.3426850 0.0008752 0.1794415 0.6728198 -0.1903680 -0.7121507 -0.7007433 0.0424292 0.3020270 0.9293033 -0.2125443 -0.5640471 -0.8257399 0.0021088 0.2485717 0.9320249 -0.2637076
-0.2562857 -0.2659862 0.0139101 0.2221342 0.6808893 -0.1668524 -0.2325386 -0.3472027 0.0003034 0.2056950 0.7235457 -0.2106454 -0.6933621 -0.7196060 0.0376328 0.3020645 0.9258929 -0.2268907 -0.5564716 -0.8308663 0.0007262 0.2633223 0.9262533 -0.2696595
-0.2569303 -0.2642162 0.0140175 0.2232770 0.6987877 -0.1569662 -0.2329505 -0.3473812 0.0004845 0.2067246 0.7450955 -0.1968320 -0.6966492 -0.7164045 0.0380075 0.2976246 0.9314725 -0.2092334 -0.5569539 -0.8305426 0.0011583 0.2590857 0.9338201 -0.2466874
-0.2556055 -0.2661469 0.0139222 0.2432872 0.6633117 -0.1206178 -0.2332024 -0.3457429 0.0008317 0.2313703 0.7133508 -0.1575205 -0.6921867 -0.7207330 0.0377018 0.3394346 0.9254534 -0.1682861 -0.5591851 -0.8290405 0.0019944 0.3019321 0.9309039 -0.2055601
-0.2538453 -0.2689394 0.0131704 0.2425624 0.6599773 -0.1195581 -0.2337356 -0.3457915 0.0006187 0.2324338 0.7113986 -0.1572652 -0.6859699 -0.7267590 0.0355905 0.3400888 0.9253325 -0.1676285 -0.5600093 -0.8284850 0.0014823 0.3039335 0.9302343 -0.2056420
-0.2520947 -0.2720145 0.0126127 0.2344767 0.6548343 -0.1246662 -0.2334869 -0.3460287 0.0005101 0.2220441 0.7048259 -0.1639912 -0.6793483 -0.7330284 0.0339887 0.3318228 0.9266976 -0.1764231 -0.5593367 -0.8289396 0.0012219 0.2933398 0.9311369 -0.2166468
-0.2519062 -0.2723513 0.0123592 0.2000960 0.6337618 -0.1268072 -0.2335245 -0.3460528 0.0002890 0.1760885 0.6766264 -0.1667315 -0.6786383 -0.7337176 0.0332958 0.2957423 0.9367015 -0.1874214 -0.5593722 -0.8289163 0.0006922 0.2449860 0.9413675 -0.2319680
-0.2514474 -0.2732657 0.0117862 0.1962189 0.6274555 -0.1314515 -0.2329924 -0.3458421 0.0002218 0.1708415 0.6681669 -0.1727586 -0.6767784 -0.7355030 0.0317229 0.2926744 0.9358945 -0.1960692 -0.5587296 -0.8293497 0.0005318 0.2402933 0.9397952 -0.2429898
-0.2557608 -0.2566485 0.0125438 0.1967918 0.6281905 -0.1312630 -0.2325597 -0.3445821 0.0001847 0.1715485 0.6692310 -0.1723260 -0.7054581 -0.7079066 0.0345991 0.2931709 0.9358479 -0.1955494 -0.5594179 -0.8288856 0.0004442 0.2409267 0.9398837 -0.2420187
-0.2529223 -0.2630763 0.0116820 0.2266653 0.6467873 -0.1313175 -0.2319244 -0.3442929 0.0000839 0.2109061 0.6940598 -0.1722670 -0.6927030 -0.7205129 0.0319947 0.3248183 0.9268660 -0.1881820 -0.5586892 -0.8293770 0.0002021 0.2828786 0.9309102 -0.2310537
-0.2514195 -0.2684260 0.0111193 0.2314899 0.6534645 -0.1203714 -0.2318181 -0.3442220 -0.0000639 0.2176663 0.7027192 -0.1576622 -0.6832961 -0.7295157 0.0302196 0.3289946 0.9287070 -0.1710724 -0.5585923 -0.8294423 -0.0001539 0.2893101 0.9340160 -0.2095559
