-0.2192706 -0.2495452 -0.0329765 0.2513522 0.6833996 0.0081833 -0.1982474 -0.3385393 -0.0485732 0.2391315 0.7105886 -0.0210688 -0.6568409 -0.7475305 -0.0987833 0.3451677 0.9384737 0.0112376 -0.5014982 -0.8563887 -0.1228737 0.3188239 0.9473976 -0.0280902
-0.2170114 -0.2642287 -0.0342246 0.2516509 0.6764122 0.0087090 -0.1958023 -0.3532658 -0.0493180 0.2396090 0.7036133 -0.0205432 -0.6315250 -0.7689321 -0.0995972 0.3486629 0.9371705 0.0120663 -0.4812051 -0.8681884 -0.1212043 0.3222385 0.9462553 -0.0276275
-0.2157587 -0.2628043 -0.0336563 0.2513874 0.6802169 0.0094954 -0.1949884 -0.3515621 -0.0485636 0.2395874 0.7072108 -0.0196914 -0.6314495 -0.7691354 -0.0985000 0.3466239 0.9379128 0.0130927 -0.4815266 -0.8681874 -0.1199285 0.3207535 0.9467958 -0.0263624
-0.2157586 -0.2643996 -0.0332979 0.2505091 0.6793747 0.0091797 -0.1955038 -0.3524249 -0.0479039 0.2388645 0.7062101 -0.0199149 -0.6292513 -0.7711109 -0.0971121 0.3459367 0.9381722 0.0126766 -0.4817062 -0.8683477 -0.1180316 0.3202887 0.9469435 -0.0267036
-0.2152354 -0.2648907 -0.0337965 0.2501012 0.6797261 0.0095374 -0.1944428 -0.3533850 -0.0482949 0.2386519 0.7064979 -0.0195682 -0.6275443 -0.7723202 -0.0985378 0.3452812 0.9384069 0.0131670 -0.4786541 -0.8699174 -0.1188861 0.3199199 0.9470814 -0.0262318
-0.2183503 -0.2312951 -0.0269855 0.2502224 0.6796543 0.0095717 -0.1997544 -0.3208720 -0.0423406 0.2388290 0.7064186 -0.0195233 -0.6840083 -0.7245594 -0.0845353 0.3454605 0.9383402 0.0132148 -0.5252089 -0.8436601 -0.1113251 0.3201658 0.9469999 -0.0261723
-0.2177648 -0.2317906 -0.0273128 0.2021846 0.6880513 0.0143714 -0.1982107 -0.3212538 -0.0421384 0.1818263 0.7536513 -0.0275580 -0.6822014 -0.7261405 -0.0855638 0.2818743 0.9592421 0.0200359 -0.5218473 -0.8457939 -0.1109416 0.2343834 0.9714950 -0.0355236
-0.2175085 -0.2311883 -0.0270607 0.2163343 0.6809417 0.0133395 -0.1971866 -0.3205075 -0.0417286 0.1959521 0.7465417 -0.0285782 -0.6827536 -0.7256943 -0.0849430 0.3027328 0.9528927 0.0186670 -0.5208111 -0.8465274 -0.1102139 0.2537059 0.9665734 -0.0370012
-0.2175473 -0.2309301 -0.0269196 0.2196780 0.6790670 0.0131469 -0.1967130 -0.3201287 -0.0416087 0.1992733 0.7446671 -0.0287600 -0.6832460 -0.7252771 -0.0845459 0.3077425 0.9512914 0.0184172 -0.5203580 -0.8468253 -0.1100662 0.2583251 0.9653384 -0.0372826
-0.2174810 -0.2305946 -0.0267390 0.2212588 0.6775110 0.0123995 -0.1965816 -0.3197903 -0.0413605 0.2008267 0.7431111 -0.0294939 -0.6836902 -0.7249150 -0.0840588 0.3103937 0.9504489 0.0173947 -0.5205368 -0.8467862 -0.1095203 0.2607006 0.9646602 -0.0382872
-0.2178464 -0.2290456 -0.0266110 0.2661289 0.6846178 -0.0034372 -0.1969386 -0.3182481 -0.0411863 0.2457728 0.7502177 -0.0453677 -0.6867410 -0.7220453 -0.0838888 0.3623106 0.9320457 -0.0046795 -0.5230574 -0.8452485 -0.1093884 0.3108089 0.9487393 -0.0573728
-0.2145861 -0.2426911 -0.0314212 0.2664694 0.6848385 -0.0047564 -0.1919745 -0.3319797 -0.0425107 0.2006839 0.8333134 -0.0882386 -0.6593031 -0.7456538 -0.0965396 0.3626081 0.9319192 -0.0064725 -0.4975506 -0.8604094 -0.1101772 0.2329017 0.9670937 -0.1024044
-0.2155487 -0.2322328 -0.0306736 0.2668799 0.6954013 -0.0044366 -0.1938415 -0.3215584 -0.0431844 0.2007021 0.8444113 -0.0880452 -0.6771228 -0.7295341 -0.0963577 0.3582918 0.9335907 -0.0059562 -0.5128886 -0.8508169 -0.1142624 0.2300602 0.9679290 -0.1009241
-0.2149427 -0.2315354 -0.0319190 0.2671792 0.6953327 -0.0049512 -0.1929580 -0.3210636 -0.0423227 0.2006861 0.8445498 -0.0885877 -0.6769123 -0.7291674 -0.1005216 0.3586712 0.9334403 -0.0066467 -0.5118666 -0.8516970 -0.1122710 0.2299930 0.9678822 -0.1015245
-0.2108297 -0.2340796 -0.0353991 0.2946806 0.8061322 -0.0614220 -0.1888743 -0.3236784 -0.0452424 0.2854971 0.8748480 -0.0887016 -0.6650563 -0.7383976 -0.1116656 0.3424532 0.9368195 -0.0713795 -0.5003611 -0.8574809 -0.1198550 0.3088060 0.9462736 -0.0959435
-0.2094640 -0.2374900 -0.0367999 0.2989486 0.8075142 -0.0609023 -0.1874754 -0.3270427 -0.0469860 0.2897561 0.8762301 -0.0881789 -0.6570471 -0.7449591 -0.1154339 0.3463157 0.9354613 -0.0705520 -0.4935073 -0.8609021 -0.1236852 0.3125405 0.9451307 -0.0951127
-0.2130054 -0.2541273 -0.0378450 0.3005787 0.7927697 -0.0619251 -0.1909258 -0.3436170 -0.0483834 0.2913637 0.8614856 -0.0891942 -0.6382322 -0.7614467 -0.1133959 0.3535814 0.9325630 -0.0728447 -0.4820586 -0.8675807 -0.1221606 0.3188532 0.9427646 -0.0976094
-0.2223584 -0.2177850 -0.0330772 0.3131776 0.8107806 -0.0684150 -0.1979704 -0.3063651 -0.0459585 0.3289680 0.8805479 -0.0984830 -0.7104150 -0.6958035 -0.1056787 0.3592096 0.9299520 -0.0784708 -0.5384801 -0.8333141 -0.1250074 0.3480639 0.9316619 -0.1041997
-0.2207433 -0.2414677 -0.0370653 0.3119526 0.8061092 -0.0698956 -0.1949046 -0.3298083 -0.0487060 0.3223198 0.8734255 -0.1043865 -0.6704349 -0.7333786 -0.1125737 0.3597297 0.9295688 -0.0806004 -0.5047013 -0.8540314 -0.1261230 0.3440521 0.9323158 -0.1114247
-0.2172558 -0.2370911 -0.0375637 0.3126786 0.8129718 -0.0712547 -0.1924316 -0.3257051 -0.0493364 0.3231698 0.8804390 -0.1049592 -0.6710309 -0.7322954 -0.1160217 0.3577810 0.9302393 -0.0815329 -0.5043983 -0.8537322 -0.1293198 0.3424385 0.9329344 -0.1112173
-0.2215046 -0.2500698 -0.0369158 0.3014185 0.8027203 -0.0748903 -0.1973227 -0.3388564 -0.0487269 0.3097830 0.8635463 -0.1054274 -0.6590474 -0.7440380 -0.1098365 0.3501976 0.9326258 -0.0870099 -0.4993763 -0.8575642 -0.1233161 0.3354562 0.9351126 -0.1141647
-0.2219476 -0.2544329 -0.0373375 0.2978543 0.8011540 -0.0759452 -0.1981319 -0.3433897 -0.0485981 0.3055448 0.8621337 -0.1063528 -0.6533782 -0.7490097 -0.1099156 0.3471098 0.9336390 -0.0885041 -0.4960519 -0.8597258 -0.1216723 0.3318116 0.9362488 -0.1154956
-0.2214446 -0.2565051 -0.0378671 0.2614189 0.7745567 -0.0717245 -0.1981092 -0.3455933 -0.0490947 0.2682673 0.8358781 -0.1016421 -0.6494381 -0.7522614 -0.1110541 0.3185614 0.9438641 -0.0874025 -0.4935910 -0.8610492 -0.1223200 0.3035602 0.9458451 -0.1150140
-0.2284189 -0.2265694 -0.0307438 0.2390195 0.7595372 -0.0654257 -0.2061430 -0.3156499 -0.0440061 0.2463397 0.8208487 -0.0952530 -0.7067557 -0.7010332 -0.0951251 0.2991703 0.9506793 -0.0818904 -0.5431094 -0.8316190 -0.1159395 0.2856799 0.9519372 -0.1104648
-0.2277535 -0.2276727 -0.0308971 0.2234166 0.7412142 -0.0462512 -0.2054510 -0.3167540 -0.0441143 0.2306394 0.8025575 -0.0760382 -0.7039994 -0.7037498 -0.0955048 0.2880811 0.9557471 -0.0596379 -0.5404934 -0.8333056 -0.1160544 0.2750634 0.9571398 -0.0906841
-0.2292104 -0.2261173 -0.0287907 0.2125909 0.7432151 -0.0451783 -0.2076804 -0.3152943 -0.0426331 0.2199179 0.8045503 -0.0749578 -0.7090647 -0.6994961 -0.0890643 0.2745442 0.9598028 -0.0583442 -0.5466046 -0.8298390 -0.1122081 0.2626114 0.9607410 -0.0895097
-0.2286844 -0.2272403 -0.0286223 0.1621248 0.7424648 -0.0146476 -0.2073102 -0.3164383 -0.0425767 0.1694131 0.8037940 -0.0444505 -0.7065637 -0.7021019 -0.0884340 0.2132938 0.9767980 -0.0192706 -0.5445669 -0.8312270 -0.1118415 0.2059345 0.9770729 -0.0540330
-0.2261759 -0.2334026 -0.0288462 0.1579202 0.7437753 -0.0149977 -0.2057778 -0.3228263 -0.0428224 0.1652589 0.8051050 -0.0447885 -0.6931769 -0.7153251 -0.0884069 0.2076522 0.9780039 -0.0197207 -0.5341814 -0.8380292 -0.1111633 0.2007737 0.9781253 -0.0544137
-0.2191697 -0.2564606 -0.0349683 0.1565658 0.7439187 -0.0149195 -0.2002247 -0.3465583 -0.0464378 0.1638939 0.8052484 -0.0447130 -0.6462115 -0.7561618 -0.1031022 0.2059095 0.9783743 -0.0196215 -0.4969271 -0.8601050 -0.1152515 0.1991484 0.9784621 -0.0543310
-0.2166410 -0.2635298 -0.0359980 0.1557477 0.7441955 -0.0160171 -0.1975534 -0.3535606 -0.0477523 0.1630580 0.8055253 -0.0458149 -0.6315309 -0.7682166 -0.1049379 0.2047999 0.9785772 -0.0210616 -0.4844197 -0.8669641 -0.1170932 0.1980929 0.9786017 -0.0556588
-0.2203866 -0.2429148 -0.0306482 0.1553280 0.7442015 -0.0167787 -0.2010646 -0.3325830 -0.0445907 0.1626326 0.8055316 -0.0465783 -0.6690151 -0.7374028 -0.0930371 0.2042651 0.9786669 -0.0220649 -0.5139867 -0.8501908 -0.1139885 0.1975846 0.9786511 -0.0565886
-0.2125670 -0.2657385 -0.0348248 0.1555380 0.7440923 -0.0172471 -0.1945092 -0.3557522 -0.0482255 0.1628289 0.8054223 -0.0470498 -0.6214070 -0.7768456 -0.1018050 0.2045556 0.9785921 -0.0226824 -0.4763732 -0.8712742 -0.1181093 0.1978329 0.9785675 -0.0571643
-0.2145596 -0.2484842 -0.0297699 0.1545083 0.7442837 -0.0171007 -0.1960880 -0.3381632 -0.0447592 0.1618154 0.8056140 -0.0468998 -0.6508790 -0.7537910 -0.0903087 0.2032083 0.9788772 -0.0224907 -0.4983724 -0.8594672 -0.1137590 0.1966066 0.9788252 -0.0569835
-0.2094867 -0.2611255 -0.0321674 0.1530298 0.7451544 -0.0172320 -0.1919984 -0.3510724 -0.0467245 0.1603822 0.8064847 -0.0470198 -0.6228934 -0.7764376 -0.0956475 0.2011166 0.9793055 -0.0226468 -0.4765852 -0.8714442 -0.1159813 0.1947282 0.9791944 -0.0570891
-0.2137193 -0.2426792 -0.0282996 0.1528588 0.7455408 -0.0174690 -0.1941640 -0.3321807 -0.0429748 0.1602275 0.8068715 -0.0472529 -0.6583931 -0.7476082 -0.0871809 0.2007996 0.9793635 -0.0229478 -0.5015124 -0.8580001 -0.1110010 0.1944549 0.9792337 -0.0573470
-0.2149859 -0.2370729 -0.0262567 0.1525314 0.7461031 -0.0173827 -0.1939078 -0.3261666 -0.0413052 0.1599027 0.8074342 -0.0471661 -0.6695077 -0.7382908 -0.0817685 0.2002425 0.9794806 -0.0228199 -0.5080178 -0.8545217 -0.1082152 0.1939471 0.9793425 -0.0572081
-0.2177723 -0.2299663 -0.0234165 0.1519881 0.7457043 -0.0175748 -0.1954486 -0.3186467 -0.0391018 0.1593625 0.8070360 -0.0473578 -0.6857224 -0.7241188 -0.0737340 0.1996589 0.9795934 -0.0230872 -0.5200145 -0.8477981 -0.1040350 0.1934053 0.9794341 -0.0574744
-0.2175840 -0.2265842 -0.0234283 0.1509229 0.7479370 -0.0175394 -0.1944710 -0.3152051 -0.0382897 0.1584125 0.8092693 -0.0472939 -0.6907182 -0.7192893 -0.0743729 0.1977465 0.9799838 -0.0229809 -0.5222899 -0.8465449 -0.1028346 0.1917866 0.9797650 -0.0572577
-0.2181692 -0.2264685 -0.0235564 0.2193957 0.7557916 -0.0592152 -0.1945309 -0.3149636 -0.0383475 0.2269828 0.8171245 -0.0889453 -0.6918492 -0.7181674 -0.0747011 0.2779920 0.9576486 -0.0750304 -0.5226854 -0.8462763 -0.1030359 0.2661879 0.9582608 -0.1043082
-0.2146945 -0.2059175 -0.0229332 0.2235391 0.7762526 -0.0599718 -0.1909717 -0.2944245 -0.0375221 0.2310160 0.8375862 -0.0897301 -0.7195701 -0.6901529 -0.0768628 0.2759669 0.9583114 -0.0740373 -0.5410942 -0.8342148 -0.1063143 0.2644772 0.9589051 -0.1027269
-0.2147615 -0.2623571 -0.0300015 0.2650104 0.7812867 -0.0523513 -0.1867685 -0.3553106 -0.0434131 0.2724643 0.8426201 -0.0821155 -0.6309592 -0.7707927 -0.0881429 0.3205766 0.9451033 -0.0633280 -0.4625863 -0.8800297 -0.1075251 0.3063547 0.9474292 -0.0923294
-0.2147912 -0.2629812 -0.0297499 0.2646180 0.7804855 -0.0529347 -0.1870572 -0.3568435 -0.0430149 0.2720713 0.8418188 -0.0826991 -0.6301615 -0.7715429 -0.0872812 0.3204297 0.9451011 -0.0640994 -0.4616544 -0.8806845 -0.1061601 0.3061970 0.9474075 -0.0930720
-0.2151128 -0.2629872 -0.0293168 0.2821309 0.7859519 -0.0569448 -0.1881878 -0.3561694 -0.0422396 0.2895588 0.8472852 -0.0867153 -0.6307906 -0.7711762 -0.0859679 0.3370759 0.9390160 -0.0680349 -0.4646182 -0.8793489 -0.1042857 0.3218798 0.9418606 -0.0963946
-0.2149128 -0.2631005 -0.0289525 0.3013553 0.7864479 -0.0600509 -0.1888157 -0.3573163 -0.0407751 0.3034396 0.8615946 -0.0889721 -0.6303332 -0.7716665 -0.0849169 0.3569094 0.9314276 -0.0711211 -0.4648478 -0.8796814 -0.1003848 0.3306202 0.9387718 -0.0969418
-0.2114354 -0.2447611 -0.0289482 0.3247449 0.7830219 -0.0395222 -0.1859617 -0.3390977 -0.0396386 0.3200851 0.8675945 -0.0719683 -0.6511072 -0.7537325 -0.0891447 0.3826771 0.9227075 -0.0465726 -0.4783366 -0.8722375 -0.1019598 0.3450856 0.9353586 -0.0775895
-0.2121536 -0.2502031 -0.0289259 0.3266430 0.7785110 -0.0397857 -0.1866043 -0.3439363 -0.0392200 0.3227971 0.8627533 -0.0714129 -0.6442296 -0.7597716 -0.0878371 0.3864697 0.9211001 -0.0470727 -0.4745089 -0.8745827 -0.0997310 0.3493751 0.9337895 -0.0772928
-0.2121870 -0.2518241 -0.0288394 0.3082265 0.7879190 -0.0641932 -0.1868482 -0.3452023 -0.0390749 0.3238780 0.9537170 -0.1236902 -0.6419000 -0.7618089 -0.0872438 0.3632634 0.9286097 -0.0756556 -0.4736732 -0.8751121 -0.0990577 0.3191618 0.9398292 -0.1218890
-0.2127874 -0.2543903 -0.0290946 0.3145226 0.7961820 -0.0640384 -0.1881927 -0.3473186 -0.0386816 0.3138118 0.8581543 -0.0934034 -0.6391442 -0.7641058 -0.0873906 0.3663856 0.9274679 -0.0745980 -0.4741363 -0.8750413 -0.0974552 0.3416592 0.9343060 -0.1016919
-0.2142649 -0.2570792 -0.0291721 0.3088674 0.7959781 -0.0626964 -0.1926803 -0.3474701 -0.0388999 0.3081226 0.8579501 -0.0920604 -0.6378226 -0.7652720 -0.0868392 0.3607833 0.9297699 -0.0732347 -0.4826453 -0.8703786 -0.0974403 0.3362908 0.9363829 -0.1004764
-0.2157643 -0.2573194 -0.0287318 0.2871618 0.7943408 -0.0697460 -0.1936156 -0.3494549 -0.0390104 0.2864036 0.8563126 -0.0991096 -0.6401825 -0.7634783 -0.0852485 0.3388228 0.9372443 -0.0822935 -0.4823424 -0.8705751 -0.0971841 0.3152969 0.9427000 -0.1091081
-0.2160418 -0.2589972 -0.0284532 0.2826956 0.7819667 -0.0587555 -0.1936597 -0.3517431 -0.0387840 0.2819672 0.8439382 -0.0881192 -0.6382858 -0.7651957 -0.0840638 0.3391379 0.9380923 -0.0704864 -0.4800687 -0.8719464 -0.0961428 0.3153470 0.9438453 -0.0985509
-0.2161855 -0.2585353 -0.0283725 0.2722650 0.7741624 -0.0576563 -0.1938205 -0.3520828 -0.0390702 0.2715509 0.8361335 -0.0870203 -0.6392170 -0.7644369 -0.0838917 0.3309544 0.9410406 -0.0700847 -0.4799903 -0.8719217 -0.0967562 0.3073858 0.9464729 -0.0985039
-0.2220170 -0.2454633 -0.0278564 0.2238120 0.7651419 -0.0653049 -0.2009126 -0.3352619 -0.0378484 0.2231144 0.8271132 -0.0946699 -0.6684356 -0.7390264 -0.0838683 0.2798090 0.9565778 -0.0816440 -0.5116423 -0.8537752 -0.0963845 0.2588657 0.9596478 -0.1098395
-0.2241667 -0.2332923 -0.0259536 0.2258262 0.7430337 -0.0343611 -0.2025939 -0.3228879 -0.0367404 0.2251468 0.8050055 -0.0637261 -0.6906446 -0.7187602 -0.0799615 0.2905068 0.9558514 -0.0442027 -0.5290348 -0.8431593 -0.0959404 0.2685680 0.9602566 -0.0760161
-0.2179942 -0.2346786 -0.0291340 0.2141344 0.7481724 -0.0308357 -0.1970039 -0.3247340 -0.0367843 0.2134683 0.8101442 -0.0602011 -0.6777845 -0.7296595 -0.0905830 0.2749460 0.9606441 -0.0395927 -0.5162625 -0.8509882 -0.0963958 0.2541421 0.9645076 -0.0716717
-0.2184642 -0.2255485 -0.0284462 0.2029136 0.7402870 -0.0066179 -0.1982323 -0.3155504 -0.0384235 0.2022411 0.8022590 -0.0359832 -0.6928988 -0.7153679 -0.0902224 0.2643407 0.9643908 -0.0086213 -0.5291476 -0.8423083 -0.1025650 0.2442112 0.9687481 -0.0434506
-0.2170390 -0.2234652 -0.0287475 0.1551096 0.7261005 -0.0029264 -0.1965211 -0.3133673 -0.0390390 0.1544350 0.7880729 -0.0322923 -0.6937693 -0.7143109 -0.0918919 0.2089050 0.9779280 -0.0039414 -0.5283596 -0.8425080 -0.1049589 0.1921523 0.9805423 -0.0401790
-0.2169342 -0.2222437 -0.0290204 0.1537474 0.7280126 -0.0030724 -0.1962314 -0.3120514 -0.0397604 0.1531275 0.7899854 -0.0324395 -0.6954773 -0.7124993 -0.0930376 0.2066284 0.9784108 -0.0041291 -0.5292665 -0.8416511 -0.1072400 0.1901395 0.9809304 -0.0402804
-0.2162727 -0.2230134 -0.0292684 0.1539412 0.7269481 -0.0032932 -0.1945729 -0.3125178 -0.0405631 0.1533306 0.7889212 -0.0326602 -0.6931052 -0.7147077 -0.0937988 0.2071674 0.9782955 -0.0044318 -0.5253523 -0.8438068 -0.1095216 0.1906275 0.9808223 -0.0406046
-0.2163281 -0.2236329 -0.0297096 0.1537125 0.7269402 -0.0034816 -0.1940170 -0.3128887 -0.0417588 0.1531082 0.7889134 -0.0328493 -0.6921226 -0.7154937 -0.0950532 0.2068748 0.9783562 -0.0046857 -0.5236331 -0.8444563 -0.1127029 0.1903611 0.9808642 -0.0408419
-0.2156864 -0.2251052 -0.0297210 0.1541969 0.7245940 -0.0030824 -0.1930930 -0.3142740 -0.0418920 0.1536153 0.7865677 -0.0324507 -0.6887168 -0.7187924 -0.0949032 0.2081420 0.9780898 -0.0041608 -0.5201508 -0.8465864 -0.1128480 0.1915202 0.9806545 -0.0404580
-0.2146165 -0.2273308 -0.0301539 0.1536115 0.7236684 -0.0029902 -0.1921643 -0.3165418 -0.0422794 0.1531506 0.7856424 -0.0323608 -0.6833091 -0.7237897 -0.0960059 0.2076397 0.9781970 -0.0040419 -0.5155855 -0.8492959 -0.1134376 0.1911791 0.9807236 -0.0403962
-0.2144099 -0.2269587 -0.0294915 0.1521698 0.7232163 -0.0026565 -0.1919653 -0.3161500 -0.0417788 0.1516176 0.7851907 -0.0320256 -0.6836820 -0.7236958 -0.0940387 0.2058974 0.9785670 -0.0035944 -0.5157322 -0.8493656 -0.1122424 0.1894424 0.9810761 -0.0400152
-0.2139452 -0.2237845 -0.0288849 0.1525725 0.7253183 -0.0026293 -0.1911936 -0.3128745 -0.0413449 0.1519293 0.7872929 -0.0319967 -0.6880497 -0.7196932 -0.0928941 0.2058464 0.9785779 -0.0035474 -0.5181516 -0.8479175 -0.1120482 0.1893303 0.9811035 -0.0398734
-0.2132429 -0.2217177 -0.0280078 0.1532083 0.7249469 -0.0022089 -0.1906931 -0.3108469 -0.0405584 0.1524728 0.7869219 -0.0315742 -0.6903426 -0.7177784 -0.0906711 0.2067692 0.9783852 -0.0029811 -0.5197046 -0.8471652 -0.1105358 0.1900733 0.9809806 -0.0393606
-0.2017357 -0.2484020 -0.0313057 0.1524718 0.7244970 -0.0022281 -0.1829752 -0.3411902 -0.0446129 0.1516847 0.7864717 -0.0315920 -0.6274261 -0.7725649 -0.0973650 0.2059399 0.9785600 -0.0030094 -0.4695052 -0.8754772 -0.1144746 0.1892302 0.9811415 -0.0394117
-0.2060970 -0.2360223 -0.0285910 0.1515204 0.7193435 -0.0024010 -0.1863774 -0.3257281 -0.0417824 0.1507788 0.7813185 -0.0317661 -0.6550195 -0.7501283 -0.0908683 0.2061132 0.9785227 -0.0032660 -0.4935854 -0.8626293 -0.1106528 0.1893331 0.9811024 -0.0398887
-0.2042772 -0.2347443 -0.0297161 0.2139367 0.7733546 -0.0188513 -0.1839097 -0.3244775 -0.0416783 0.2131871 0.8353295 -0.0482167 -0.6534835 -0.7509478 -0.0950619 0.2665473 0.9635356 -0.0234871 -0.4900417 -0.8645958 -0.1110550 0.2469010 0.9674304 -0.0558418
-0.2049842 -0.2299144 -0.0291709 0.2238313 0.7759662 -0.0175023 -0.1838716 -0.3195385 -0.0406484 0.2230701 0.8379411 -0.0468669 -0.6625156 -0.7430909 -0.0942814 0.2770898 0.9605997 -0.0216668 -0.4957460 -0.8615248 -0.1095943 0.2568776 0.9649358 -0.0539699
-0.2119191 -0.2198081 -0.0272636 0.2255875 0.8122994 -0.0564290 -0.1886717 -0.3087266 -0.0400352 0.2248544 0.8742745 -0.0857949 -0.6913193 -0.7170547 -0.0889388 0.2669901 0.9613823 -0.0667855 -0.5182976 -0.8480990 -0.1099802 0.2479663 0.9641375 -0.0946134
-0.2124874 -0.2168323 -0.0266892 0.2262667 0.8137317 -0.0564721 -0.1887881 -0.3056011 -0.0396736 0.2255454 0.8757070 -0.0858385 -0.6972257 -0.7114823 -0.0875740 0.2672999 0.9613012 -0.0667133 -0.5223860 -0.8456131 -0.1097788 0.2483020 0.9640622 -0.0944992
-0.2110034 -0.2299559 -0.0284553 0.2268551 0.8139860 -0.0564290 -0.1849135 -0.3180902 -0.0411744 0.2261209 0.8759614 -0.0857951 -0.6732983 -0.7337744 -0.0907990 0.2678688 0.9611486 -0.0666310 -0.4994567 -0.8591709 -0.1112132 0.2488304 0.9639346 -0.0944115
-0.2120831 -0.2238610 -0.0268859 0.2291846 0.8153908 -0.0559925 -0.1859531 -0.3120081 -0.0394336 0.2283406 0.8773661 -0.0853556 -0.6851527 -0.7232023 -0.0868572 0.2699986 0.9605985 -0.0659639 -0.5089686 -0.8539914 -0.1079330 0.2507579 0.9635010 -0.0937353
-0.2181520 -0.2158483 -0.0253421 0.2289275 0.8162363 -0.0564356 -0.1914822 -0.3036388 -0.0391903 0.2280589 0.8782120 -0.0857980 -0.7084389 -0.7009576 -0.0822972 0.2694506 0.9607206 -0.0664254 -0.5302652 -0.8408569 -0.1085284 0.2502325 0.9635981 -0.0941400
-0.2107223 -0.2414792 -0.0316438 0.2290384 0.8152648 -0.0565709 -0.1848670 -0.3298006 -0.0435196 0.2281552 0.8772404 -0.0859329 -0.6543117 -0.7498145 -0.0982569 0.2698652 0.9605883 -0.0666549 -0.4857556 -0.8665824 -0.1143520 0.2505853 0.9634829 -0.0943811
-0.2114373 -0.2426255 -0.0319091 0.2291735 0.8155662 -0.0571596 -0.1853598 -0.3308393 -0.0440922 0.2282302 0.8775417 -0.0865197 -0.6537842 -0.7502208 -0.0986659 0.2699082 0.9605299 -0.0673195 -0.4855130 -0.8665674 -0.1154907 0.2505674 0.9634279 -0.0949875
-0.2118272 -0.2442458 -0.0333184 0.2933119 0.8141061 -0.0462333 -0.1866020 -0.3327575 -0.0451290 0.2907199 0.8753965 -0.0769023 -0.6517393 -0.7514833 -0.1025123 0.3384758 0.9394614 -0.0533522 -0.4857311 -0.8661787 -0.1174723 0.3140852 0.9457525 -0.0830830
-0.2119428 -0.2453462 -0.0332434 0.2935848 0.8137535 -0.0467537 -0.1879011 -0.3341585 -0.0452604 0.2909083 0.8750435 -0.0774154 -0.6503038 -0.7527954 -0.1020007 0.3388731 0.9392831 -0.0539659 -0.4867556 -0.8656340 -0.1172467 0.3143674 0.9456080 -0.0836583
-0.2136665 -0.2382203 -0.0316533 0.2927344 0.8134228 -0.0466444 -0.1898526 -0.3270717 -0.0438308 0.2900585 0.8747126 -0.0773061 -0.6644577 -0.7408147 -0.0984351 0.3381275 0.9395568 -0.0538774 -0.4986787 -0.8591070 -0.1151288 0.3136487 0.9458523 -0.0835934
-0.2146771 -0.2329327 -0.0307210 0.2928074 0.8134608 -0.0468860 -0.1920296 -0.3219763 -0.0436918 0.2901322 0.8747503 -0.0775476 -0.6745396 -0.7319006 -0.0965288 0.3381831 0.9395210 -0.0541518 -0.5087827 -0.8530765 -0.1157615 0.3137016 0.9458123 -0.0838474
-0.2198831 -0.2201117 -0.0288820 0.2517519 0.8154308 -0.0557133 -0.1973258 -0.3090563 -0.0426662 0.2490707 0.8767205 -0.0863746 -0.7037137 -0.7044452 -0.0924340 0.2943691 0.9534690 -0.0651446 -0.5345371 -0.8372047 -0.1155787 0.2720605 0.9576438 -0.0943471
-0.2208747 -0.2165336 -0.0284900 0.2261586 0.8138889 -0.0607294 -0.1985896 -0.3055591 -0.0421973 0.2234818 0.8751790 -0.0913911 -0.7110793 -0.6971037 -0.0917202 0.2670407 0.9610137 -0.0717073 -0.5413254 -0.8329084 -0.1150236 0.2461596 0.9639876 -0.1006650
