-0.2832469 0.2989625 -0.3109718 0.3401309 0.3217123 -0.2367664 -0.2624868 0.3612101 -0.3343380 0.3212188 0.4058148 -0.2889783 -0.5488716 0.5793251 -0.6025964 0.6483141 0.6132069 -0.4512938 -0.4705653 0.6475484 -0.5993742 0.5418949 0.6846082 -0.4875054
-0.2835570 0.3156224 -0.2862538 0.3140946 0.3389134 -0.2133855 -0.2661831 0.3635594 -0.3061179 0.2871687 0.4155359 -0.2461417 -0.5540132 0.6166626 -0.5592822 0.6171174 0.6658801 -0.4192491 -0.4886463 0.6674050 -0.5619567 0.5110753 0.7395309 -0.4380594
-0.2766277 0.3275404 -0.2667102 0.3090427 0.3301516 -0.1907419 -0.2547347 0.3908417 -0.2772073 0.2801088 0.4199885 -0.2304113 -0.5478690 0.6487030 -0.5282272 0.6296645 0.6726731 -0.3886303 -0.4694099 0.7202196 -0.5108210 0.5047697 0.7568397 -0.4152123
-0.2745028 0.3334482 -0.2587159 0.2902939 0.3556246 -0.1846876 -0.2549771 0.3922566 -0.2713269 0.2724232 0.4260756 -0.2193807 -0.5452311 0.6623113 -0.5138743 0.5866632 0.7186918 -0.3732404 -0.4714553 0.7252867 -0.5016863 0.4941868 0.7729184 -0.3979654
-0.2752285 0.3355637 -0.2580237 0.2895109 0.3571037 -0.1841126 -0.2563871 0.3932285 -0.2698011 0.2640583 0.4272473 -0.2072237 -0.5451086 0.6646064 -0.5110332 0.5846176 0.7211096 -0.3717839 -0.4735295 0.7262663 -0.4983042 0.4859989 0.7863479 -0.3813949
-0.2827431 0.3316498 -0.2675415 0.2909996 0.3585050 -0.1856157 -0.2630067 0.3921795 -0.2797731 0.2680629 0.4272800 -0.2094149 -0.5528976 0.6485337 -0.5231714 0.5847425 0.7203896 -0.3729813 -0.4791849 0.7145312 -0.5097324 0.4908223 0.7823483 -0.3834379
-0.3050059 0.3152986 -0.3043235 0.3109254 0.3450398 -0.2053893 -0.2885723 0.3726448 -0.3331567 0.2899371 0.4291920 -0.2430001 -0.5712737 0.5905518 -0.5699956 0.6122384 0.6794126 -0.4044289 -0.4999733 0.6456352 -0.5772191 0.5067790 0.7501816 -0.4247382
-0.3203806 0.2860216 -0.3120096 0.3420183 0.3302715 -0.2286880 -0.3031045 0.3690722 -0.3740961 0.3282329 0.4234513 -0.2816725 -0.6035234 0.5387989 -0.5877544 0.6482621 0.6259972 -0.4334556 -0.4996295 0.6083690 -0.6166503 0.5422655 0.6995734 -0.4653442
-0.3231401 0.2748734 -0.3227862 0.3631111 0.3324671 -0.2460189 -0.3099344 0.3592700 -0.4038083 0.3639999 0.4218403 -0.3031860 -0.6061846 0.5156402 -0.6055208 0.6597558 0.6040771 -0.4470047 -0.4974445 0.5766281 -0.6481119 0.5738391 0.6650234 -0.4779671
-0.3253304 0.2696861 -0.3259668 0.3679540 0.3318534 -0.2513461 -0.3126788 0.3520081 -0.4113892 0.3741529 0.4160124 -0.3093194 -0.6095870 0.5053237 -0.6107795 0.6622639 0.5972880 -0.4523865 -0.5000980 0.5630012 -0.6579753 0.5852321 0.6507067 -0.4838225
-0.3250060 0.2803999 -0.3455980 0.3688065 0.3325781 -0.2516314 -0.3115070 0.3509592 -0.4098661 0.3741563 0.4161232 -0.3084186 -0.5897601 0.5088173 -0.6271267 0.6624550 0.5973811 -0.4519836 -0.4999660 0.5632865 -0.6578316 0.5855682 0.6512479 -0.4826863
-0.3222165 0.2718633 -0.3262143 0.3641658 0.3332825 -0.2462942 -0.3035078 0.3523940 -0.3984504 0.3611844 0.4238668 -0.2973298 -0.6044700 0.5100087 -0.6119699 0.6600990 0.6041189 -0.4464411 -0.4955857 0.5754100 -0.6506137 0.5721405 0.6714337 -0.4709905
-0.3166940 0.2766181 -0.3182995 0.3574508 0.3348426 -0.2377477 -0.2924543 0.3570365 -0.3749039 0.3449660 0.4256721 -0.2808230 -0.6005070 0.5245162 -0.6035513 0.6565479 0.6150223 -0.4366833 -0.4918446 0.6004579 -0.6305071 0.5603023 0.6913871 -0.4561197
-0.3135693 0.2818004 -0.3102618 0.3466245 0.3412446 -0.2252969 -0.2900213 0.3613959 -0.3652273 0.3316910 0.4299191 -0.2662341 -0.5990438 0.5383524 -0.5927252 0.6466210 0.6365849 -0.4202868 -0.4915542 0.6125264 -0.6190201 0.5484707 0.7108967 -0.4402338
-0.3068332 0.2998054 -0.3150905 0.3364104 0.3440339 -0.2151658 -0.2859873 0.3656096 -0.3492793 0.3191833 0.4339933 -0.2558447 -0.5764610 0.5632575 -0.5919744 0.6382366 0.6526999 -0.4082119 -0.4923100 0.6293751 -0.6012635 0.5351896 0.7276967 -0.4289867
-0.3007487 0.3073562 -0.3041649 0.3263034 0.3548862 -0.2064641 -0.2817755 0.3680974 -0.3409867 0.3063841 0.4413425 -0.2432207 -0.5709841 0.5835287 -0.5774699 0.6221846 0.6766854 -0.3936790 -0.4896447 0.6396471 -0.5925366 0.5195109 0.7483491 -0.4124099
-0.2943987 0.3168281 -0.2906312 0.3152061 0.3599114 -0.1937885 -0.2742324 0.3705031 -0.3125631 0.2980138 0.4399897 -0.2221049 -0.5649854 0.6080301 -0.5577552 0.6106478 0.6972552 -0.3754258 -0.4923996 0.6652590 -0.5612246 0.5174180 0.7639196 -0.3856234
-0.2862001 0.3249139 -0.2743963 0.3071048 0.3621137 -0.1855355 -0.2656322 0.3758692 -0.2945592 0.2890187 0.4380223 -0.2142291 -0.5583153 0.6338376 -0.5352886 0.6024407 0.7103504 -0.3639609 -0.4861087 0.6878433 -0.5390454 0.5098914 0.7727660 -0.3779464
-0.2803966 0.3287391 -0.2652685 0.3004960 0.3653398 -0.1811726 -0.2600855 0.3782057 -0.2865485 0.2784588 0.4403441 -0.2042376 -0.5530397 0.6483879 -0.5232018 0.5932189 0.7212292 -0.3576588 -0.4806567 0.6989513 -0.5295623 0.4976009 0.7868869 -0.3649689
-0.2776299 0.3291128 -0.2615328 0.2976991 0.3652737 -0.1819043 -0.2569204 0.3796098 -0.2831579 0.2749787 0.4414486 -0.2060840 -0.5510949 0.6532884 -0.5191422 0.5893717 0.7231529 -0.3601263 -0.4768508 0.7045654 -0.5255482 0.4915346 0.7891057 -0.3683829
-0.2762980 0.3233796 -0.2727288 0.3002264 0.3608344 -0.1855307 -0.2549516 0.3756033 -0.2966580 0.2779093 0.4382478 -0.2189888 -0.5468343 0.6400158 -0.5397703 0.5948180 0.7148965 -0.3675792 -0.4701343 0.6926178 -0.5470415 0.4934029 0.7780695 -0.3887949
-0.2821521 0.3095325 -0.3152186 0.3223729 0.3357071 -0.2106662 -0.2594926 0.3665037 -0.3490851 0.3015191 0.4302186 -0.2624069 -0.5382554 0.5904884 -0.6013356 0.6310084 0.6571085 -0.4123552 -0.4562188 0.6443571 -0.6137331 0.5134450 0.7326023 -0.4468423
-0.2967654 0.2721327 -0.3108234 0.3392919 0.3217492 -0.2202533 -0.2742427 0.3471134 -0.3926464 0.3381414 0.4233337 -0.2997258 -0.5834236 0.5349970 -0.6110606 0.6564375 0.6224972 -0.4261302 -0.4636422 0.5868394 -0.6638188 0.5461097 0.6836981 -0.4840672
-0.3055618 0.2511482 -0.3226970 0.3706307 0.3394208 -0.2837076 -0.2840232 0.3315058 -0.4255434 0.3727800 0.4042342 -0.3319632 -0.5985924 0.4919967 -0.6321600 0.6422111 0.5881321 -0.4915949 -0.4658920 0.5437793 -0.6980320 0.5803686 0.6293386 -0.5168223
-0.3065040 0.2475264 -0.3252577 0.3732066 0.3356959 -0.2846851 -0.2840335 0.3289585 -0.4293559 0.3739853 0.4024355 -0.3339048 -0.5999436 0.4845022 -0.6366516 0.6467163 0.5817154 -0.4933206 -0.4649201 0.5384555 -0.7027909 0.5817223 0.6259756 -0.5193782
-0.3065883 0.2479892 -0.3295787 0.3740948 0.3292290 -0.2785096 -0.2840902 0.3243738 -0.4274149 0.3752238 0.4011044 -0.3337886 -0.5965644 0.4825413 -0.6412994 0.6552926 0.5767024 -0.4878585 -0.4679218 0.5342724 -0.7039902 0.5838036 0.6240707 -0.5193353
-0.3050810 0.2490269 -0.3277299 0.3715664 0.3271643 -0.2752693 -0.2784259 0.3275612 -0.4165507 0.3704592 0.3998452 -0.3274135 -0.5954619 0.4860547 -0.6396686 0.6559505 0.5775645 -0.4859509 -0.4651221 0.5472046 -0.6958653 0.5826128 0.6288275 -0.5149158
-0.2993012 0.2549396 -0.3213005 0.3620923 0.3259090 -0.2590995 -0.2725311 0.3303128 -0.3966668 0.3573855 0.4017021 -0.3117562 -0.5894664 0.5020973 -0.6327935 0.6562271 0.5906513 -0.4695712 -0.4668900 0.5658794 -0.6795545 0.5750231 0.6463273 -0.5016069
-0.2940738 0.2659392 -0.3110005 0.3566692 0.3294745 -0.2468238 -0.2678894 0.3370549 -0.3737797 0.3442864 0.4087604 -0.2915327 -0.5835851 0.5277523 -0.6171757 0.6548101 0.6048833 -0.4531445 -0.4698498 0.5911589 -0.6555703 0.5655378 0.6714451 -0.4788825
-0.2905035 0.2755157 -0.3005332 0.3467950 0.3319818 -0.2301934 -0.2629389 0.3497581 -0.3560512 0.3322430 0.4143710 -0.2776130 -0.5802864 0.5503479 -0.6003207 0.6513599 0.6235374 -0.4323556 -0.4660982 0.6199981 -0.6311536 0.5543872 0.6914277 -0.4632305
-0.2885012 0.2872785 -0.2871957 0.3374463 0.3373577 -0.2179541 -0.2598963 0.3664058 -0.3340885 0.3185796 0.4254998 -0.2646757 -0.5790405 0.5765864 -0.5764202 0.6432694 0.6431005 -0.4154831 -0.4642379 0.6544898 -0.5967632 0.5365116 0.7165731 -0.4457335
-0.2826543 0.3084256 -0.2973013 0.3284241 0.3476802 -0.2072973 -0.2592438 0.3680451 -0.3276061 0.3015078 0.4384855 -0.2503925 -0.5507332 0.6009468 -0.5792718 0.6300534 0.6669946 -0.3976821 -0.4656229 0.6610389 -0.5884071 0.5126728 0.7455847 -0.4257583
-0.2812736 0.3158121 -0.2856483 0.3220513 0.3546695 -0.2008100 -0.2586616 0.3724521 -0.3136815 0.2965463 0.4381925 -0.2354758 -0.5511492 0.6188267 -0.5597214 0.6199808 0.6827740 -0.3865791 -0.4691148 0.6754879 -0.5689002 0.5120475 0.7566283 -0.4065968
-0.2810332 0.3197322 -0.2784629 0.2975656 0.3931016 -0.2008439 -0.2590211 0.3745563 -0.3039565 0.2916822 0.4372673 -0.2287479 -0.5524812 0.6285593 -0.5474283 0.5589504 0.7384063 -0.3772673 -0.4730840 0.6841010 -0.5551553 0.5088287 0.7627966 -0.3990423
-0.2808257 0.3222159 -0.2767893 0.3000611 0.3679260 -0.1902122 -0.2582629 0.3772184 -0.2999440 0.2894680 0.4365584 -0.2257195 -0.5514890 0.6327716 -0.5435623 0.5866805 0.7193703 -0.3719037 -0.4723409 0.6899005 -0.5485722 0.5075074 0.7653923 -0.3957409
-0.2812742 0.3229425 -0.2762712 0.2994495 0.3675449 -0.1913437 -0.2589397 0.3773139 -0.2992605 0.2879650 0.4359666 -0.2254233 -0.5519077 0.6336681 -0.5420911 0.5857257 0.7189210 -0.3742699 -0.4735688 0.6900607 -0.5473106 0.5060541 0.7661442 -0.3961468
-0.2819701 0.3196013 -0.2843342 0.3031101 0.3624456 -0.1966828 -0.2595974 0.3772320 -0.3104292 0.2871738 0.4364241 -0.2285905 -0.5503513 0.6238001 -0.5549656 0.5922575 0.7081952 -0.3843054 -0.4692413 0.6818746 -0.5611236 0.5035902 0.7653167 -0.4008581
-0.2994047 0.2852198 -0.2940680 0.3228402 0.3404100 -0.2139275 -0.2726578 0.3690781 -0.3600546 0.3046111 0.4334745 -0.2650520 -0.5900594 0.5621041 -0.5795420 0.6261136 0.6601884 -0.4148892 -0.4674667 0.6327774 -0.6173068 0.5141962 0.7317231 -0.4474188
-0.3063530 0.2716808 -0.3107384 0.3476251 0.3390432 -0.2442371 -0.2861064 0.3571914 -0.4057340 0.3416538 0.4244767 -0.3034783 -0.5959894 0.5285369 -0.6045208 0.6395473 0.6237585 -0.4493380 -0.4677948 0.5840215 -0.6633905 0.5477818 0.6805738 -0.4865741
-0.3134958 0.2758627 -0.3687828 0.3721954 0.3317597 -0.2730716 -0.2950114 0.3489545 -0.4477965 0.3803853 0.4030028 -0.3340301 -0.5627097 0.4951602 -0.6619472 0.6547279 0.5835976 -0.4803595 -0.4611114 0.5454261 -0.6999190 0.5878716 0.6228260 -0.5162313
-0.3121716 0.2878072 -0.4010104 0.3869708 0.3390895 -0.3017880 -0.2976710 0.3412584 -0.4523098 0.3894197 0.4017122 -0.3454874 -0.5345110 0.4927935 -0.6866240 0.6487431 0.5684717 -0.5059370 -0.4650829 0.5331841 -0.7066914 0.5922215 0.6109157 -0.5254101
-0.3175866 0.2602089 -0.3657169 0.3881350 0.3391675 -0.3032912 -0.2979742 0.3358877 -0.4534501 0.3912765 0.3999509 -0.3464528 -0.5776033 0.4732489 -0.6651390 0.6489963 0.5671182 -0.5071298 -0.4669397 0.5263520 -0.7105779 0.5945604 0.6077414 -0.5264488
-0.3170395 0.2602825 -0.3647580 0.3874002 0.3389986 -0.3023923 -0.2950430 0.3349512 -0.4461255 0.3904678 0.3989844 -0.3445645 -0.5775732 0.4741750 -0.6645053 0.6488833 0.5678121 -0.5064977 -0.4675157 0.5307529 -0.7069162 0.5951961 0.6081780 -0.5252249
-0.3134307 0.2498136 -0.3229747 0.3761108 0.3244268 -0.2726390 -0.2869721 0.3376786 -0.4155622 0.3810926 0.3972809 -0.3351203 -0.6089095 0.4853190 -0.6274509 0.6637942 0.5725776 -0.4811779 -0.4723722 0.5558379 -0.6840386 0.5913073 0.6164254 -0.5199764
-0.3033448 0.2636348 -0.3131688 0.3665915 0.3076349 -0.2430186 -0.2795990 0.3445236 -0.3960914 0.3716658 0.4000828 -0.3220751 -0.5953707 0.5174325 -0.6146522 0.6830003 0.5731576 -0.4527704 -0.4700899 0.5792476 -0.6659487 0.5862396 0.6310626 -0.5080188
-0.3045430 0.2688659 -0.3183234 0.3618336 0.3100248 -0.2370362 -0.2793941 0.3501104 -0.3783349 0.3578431 0.4058004 -0.3084656 -0.5900788 0.5209513 -0.6167794 0.6798968 0.5825465 -0.4453986 -0.4765184 0.5971280 -0.6452661 0.5745738 0.6515768 -0.4952904
-0.2908146 0.3150473 -0.3302474 0.3556168 0.3198642 -0.2361139 -0.2713652 0.3640092 -0.3479555 0.3412432 0.4145254 -0.2952022 -0.5373571 0.5821334 -0.6102196 0.6666857 0.5996592 -0.4426500 -0.4743924 0.6363497 -0.6082852 0.5569341 0.6765361 -0.4817918
-0.2920625 0.3053154 -0.3051846 0.3499911 0.3304069 -0.2318579 -0.2693277 0.3691578 -0.3361564 0.3338433 0.4203473 -0.2830219 -0.5603592 0.5857865 -0.5855355 0.6551102 0.6184527 -0.4339896 -0.4747634 0.6507411 -0.5925671 0.5501415 0.6926919 -0.4663929
-0.2882020 0.3124057 -0.2939233 0.3434638 0.3378852 -0.2263315 -0.2662829 0.3730512 -0.3249927 0.3253739 0.4271157 -0.2718916 -0.5577014 0.6045382 -0.5687729 0.6452260 0.6347462 -0.4251831 -0.4739255 0.6639498 -0.5784162 0.5406247 0.7096737 -0.4517612
-0.2780877 0.3212889 -0.2778949 0.3369852 0.3438321 -0.2206997 -0.2637138 0.3752948 -0.3225990 0.3180587 0.4322321 -0.2666509 -0.5477130 0.6328007 -0.5473333 0.6362881 0.6492162 -0.4167203 -0.4702721 0.6692509 -0.5752803 0.5307701 0.7213004 -0.4449818
-0.2795390 0.3205881 -0.2820325 0.3342318 0.3455572 -0.2157563 -0.2611709 0.3749911 -0.3186698 0.3131841 0.4354400 -0.2617407 -0.5477356 0.6281682 -0.5526214 0.6342816 0.6557742 -0.4094472 -0.4687903 0.6730925 -0.5719983 0.5247500 0.7295937 -0.4385550
-0.2791659 0.3195248 -0.2839329 0.3297130 0.3473374 -0.2127071 -0.2602521 0.3754196 -0.3185903 0.3022446 0.4409028 -0.2601349 -0.5468089 0.6258608 -0.5561460 0.6291978 0.6628308 -0.4059131 -0.4672978 0.6740878 -0.5720475 0.5084107 0.7416500 -0.4375773
-0.2874968 0.2994355 -0.3047040 0.3307906 0.3450427 -0.2115643 -0.2644694 0.3685450 -0.3424630 0.3034239 0.4398296 -0.2599518 -0.5583140 0.5814988 -0.5917302 0.6328255 0.6600907 -0.4047372 -0.4653077 0.6484185 -0.6025299 0.5106302 0.7401863 -0.4374711
-0.2922052 0.2938217 -0.3343863 0.3323894 0.3895524 -0.2672595 -0.2714907 0.3620791 -0.3968618 0.3188734 0.4288287 -0.2789693 -0.5487683 0.5518041 -0.6279854 0.5754322 0.6743928 -0.4626794 -0.4510412 0.6015401 -0.6593264 0.5289650 0.7113650 -0.4627698
