-0.2825140 0.2942885 -0.3430047 0.3546118 0.3866394 -0.2289831 -0.2833570 0.3154565 -0.3496344 0.3568906 0.4336373 -0.2431357 -0.5300608 0.5521525 -0.6435552 0.6194882 0.6754386 -0.4000214 -0.5155796 0.5739861 -0.6361742 0.5831677 0.7085736 -0.3972895
-0.2833746 0.2865105 -0.3507040 0.3582048 0.3854911 -0.2360347 -0.2845811 0.3114327 -0.3595262 0.3601429 0.4278597 -0.2483731 -0.5304533 0.5363233 -0.6564881 0.6210879 0.6683993 -0.4092582 -0.5134169 0.5618602 -0.6486264 0.5885380 0.6991993 -0.4058860
-0.2900915 0.2528207 -0.3722949 0.3774345 0.3545973 -0.2501964 -0.2936351 0.2883618 -0.3898322 0.3812458 0.4043523 -0.2697546 -0.5418015 0.4721911 -0.6953321 0.6562398 0.6165332 -0.4350128 -0.5179924 0.5086899 -0.6876906 0.6171510 0.6545551 -0.4366718
-0.2950303 0.2311632 -0.3801545 0.3829692 0.3206477 -0.2453671 -0.3028759 0.2674181 -0.4062381 0.4026387 0.3906681 -0.2902209 -0.5526455 0.4330108 -0.7120987 0.6881823 0.5761928 -0.4409162 -0.5286222 0.4667362 -0.7090246 0.6374508 0.6184992 -0.4594728
-0.2976838 0.2248191 -0.3841110 0.3905922 0.3281880 -0.2715266 -0.3068882 0.2615136 -0.4110301 0.4040471 0.3854931 -0.2987932 -0.5559567 0.4198740 -0.7173688 0.6758538 0.5678738 -0.4698309 -0.5330013 0.4541950 -0.7138743 0.6379490 0.6086542 -0.4717640
-0.2973191 0.2238974 -0.3856594 0.3912989 0.3289753 -0.2700433 -0.3071810 0.2604667 -0.4119267 0.4044181 0.3837605 -0.2969711 -0.5547328 0.4177439 -0.7195565 0.6768064 0.5690090 -0.4670779 -0.5332114 0.4521238 -0.7150313 0.6402276 0.6075249 -0.4701300
-0.2975851 0.2251303 -0.3851564 0.3798663 0.3215630 -0.2427323 -0.3078056 0.2613601 -0.4100588 0.4038963 0.3859213 -0.2954565 -0.5549161 0.4198074 -0.7182130 0.6860100 0.5807186 -0.4383562 -0.5348479 0.4541435 -0.7125247 0.6391260 0.6106824 -0.4675307
-0.2976967 0.2263968 -0.3850397 0.3799927 0.3226168 -0.2417754 -0.3081478 0.2626361 -0.4084800 0.4029668 0.3889433 -0.2942510 -0.5545956 0.4217671 -0.7173118 0.6858902 0.5823262 -0.4364067 -0.5357766 0.4566454 -0.7102242 0.6369531 0.6147868 -0.4651106
-0.2997840 0.2292172 -0.3844302 0.3790558 0.3248837 -0.2415521 -0.3096480 0.2641430 -0.4068849 0.3991367 0.3939072 -0.2932992 -0.5564954 0.4255007 -0.7136259 0.6834771 0.5857992 -0.4355437 -0.5380435 0.4589741 -0.7070021 0.6306986 0.6224351 -0.4634587
-0.3013141 0.2317077 -0.3839464 0.3790840 0.3258683 -0.2420287 -0.3105844 0.2653628 -0.4054223 0.3980640 0.3960077 -0.2952036 -0.5577084 0.4288726 -0.7106543 0.6825384 0.5867238 -0.4357712 -0.5396391 0.4610668 -0.7044197 0.6274974 0.6242559 -0.4653510
-0.3023797 0.2349892 -0.3813088 0.3795986 0.3301161 -0.2434841 -0.3115158 0.2694480 -0.4032465 0.3979671 0.3987869 -0.2955863 -0.5595310 0.4348299 -0.7055834 0.6792029 0.5906655 -0.4356577 -0.5404385 0.4674564 -0.6995790 0.6255149 0.6268034 -0.4645952
-0.3067559 0.2434811 -0.3741803 0.3860574 0.3599454 -0.2729464 -0.3119115 0.2726669 -0.4014241 0.3973218 0.4007114 -0.2963872 -0.5663280 0.4495110 -0.6908057 0.6496846 0.6057415 -0.4593334 -0.5406977 0.4726673 -0.6958675 0.6233471 0.6286648 -0.4649935
-0.3080672 0.2437948 -0.3681701 0.3771676 0.3357851 -0.2435054 -0.3123222 0.2750388 -0.3974876 0.3966979 0.4016845 -0.2973432 -0.5721745 0.4528011 -0.6838037 0.6727611 0.5989464 -0.4343452 -0.5427072 0.4779217 -0.6906951 0.6217158 0.6295310 -0.4660045
-0.3084143 0.2523673 -0.3624427 0.3743963 0.3816005 -0.2681198 -0.3111434 0.2899698 -0.3878581 0.3883207 0.4066052 -0.2916033 -0.5725399 0.4684943 -0.6728381 0.6260145 0.6380603 -0.4483133 -0.5405458 0.5037611 -0.6738212 0.6131058 0.6419745 -0.4604020
-0.3080747 0.2587397 -0.3544286 0.3656828 0.3632410 -0.2442406 -0.3102640 0.2960462 -0.3792012 0.3764327 0.4143098 -0.2819788 -0.5745865 0.4825723 -0.6610404 0.6411331 0.6368520 -0.4282147 -0.5419918 0.5171551 -0.6624164 0.6005719 0.6610021 -0.4498773
-0.3031537 0.2683361 -0.3419860 0.3587382 0.3793227 -0.2438919 -0.3040431 0.3050859 -0.3666464 0.3631888 0.4191901 -0.2655490 -0.5720280 0.5063298 -0.6453015 0.6225410 0.6582626 -0.4232410 -0.5375200 0.5393636 -0.6481969 0.5906152 0.6816840 -0.4318340
-0.2972568 0.2742528 -0.3317345 0.3535071 0.3882517 -0.2381990 -0.2968925 0.3137019 -0.3517951 0.3562355 0.4261438 -0.2539249 -0.5682700 0.5242929 -0.6341814 0.6131094 0.6733691 -0.4131234 -0.5329650 0.5631402 -0.6315230 0.5833032 0.6977717 -0.4157788
-0.2953351 0.2721809 -0.3244099 0.3453064 0.3983309 -0.2311623 -0.2947783 0.3148161 -0.3462561 0.3433326 0.4481958 -0.2408365 -0.5720423 0.5271943 -0.6283580 0.5998846 0.6920015 -0.4015874 -0.5329766 0.5692061 -0.6260515 0.5593495 0.7301902 -0.3923652
-0.2957508 0.2717541 -0.3239074 0.3454203 0.3988415 -0.2304995 -0.2950661 0.3148165 -0.3458531 0.3444426 0.4467042 -0.2395296 -0.5731832 0.5266761 -0.6277525 0.5999197 0.6927008 -0.4003274 -0.5335919 0.5693081 -0.6254342 0.5620530 0.7289211 -0.3908586
-0.3066214 0.2580325 -0.3432374 0.3625459 0.3602549 -0.2265706 -0.3107242 0.2961400 -0.3734406 0.3651298 0.4278635 -0.2510309 -0.5811130 0.4890266 -0.6505080 0.6484823 0.6443844 -0.4052647 -0.5461343 0.5205009 -0.6563658 0.5927842 0.6946317 -0.4075459
-0.3172158 0.2437113 -0.3799562 0.3781499 0.3374567 -0.2411062 -0.3275799 0.2761580 -0.4051215 0.3975516 0.3954329 -0.2862088 -0.5749647 0.4417353 -0.6886839 0.6737584 0.6012544 -0.4295845 -0.5555433 0.4683368 -0.6870461 0.6314880 0.6281225 -0.4546263
-0.3255888 0.2125049 -0.3669838 0.4072565 0.3399491 -0.2880202 -0.3330106 0.2653290 -0.4140196 0.4244256 0.3870165 -0.3215416 -0.6089832 0.3974704 -0.6864086 0.6746700 0.5631672 -0.4771405 -0.5607258 0.4467630 -0.6971294 0.6447677 0.5879375 -0.4884711
-0.3240549 0.2119189 -0.3678584 0.4086324 0.3393157 -0.2897952 -0.3320183 0.2641245 -0.4158266 0.4258192 0.3861477 -0.3243256 -0.6067540 0.3967927 -0.6887707 0.6753592 0.5607974 -0.4789533 -0.5588950 0.4446077 -0.6999717 0.6451664 0.5850594 -0.4913917
-0.3187964 0.2290058 -0.3765974 0.4065148 0.3409262 -0.2859535 -0.3296255 0.2663996 -0.4116088 0.4231360 0.3870751 -0.3198260 -0.5860581 0.4209918 -0.6923163 0.6744829 0.5656593 -0.4744495 -0.5579316 0.4509141 -0.6966985 0.6444078 0.5894895 -0.4870736
-0.3120352 0.2578779 -0.3699057 0.3862240 0.3447056 -0.2416403 -0.3175248 0.2808317 -0.3942015 0.3956605 0.4018035 -0.2775585 -0.5690349 0.4702723 -0.6745689 0.6760469 0.6033731 -0.4229675 -0.5485312 0.4851430 -0.6809918 0.6295156 0.6392895 -0.4416095
-0.3070915 0.2640267 -0.3595184 0.3792631 0.3520563 -0.2346763 -0.3072702 0.2946055 -0.3782367 0.3876179 0.4104285 -0.2679029 -0.5670677 0.4875452 -0.6638779 0.6674756 0.6195936 -0.4130133 -0.5395936 0.5173533 -0.6642171 0.6203108 0.6568149 -0.4287291
-0.3019350 0.2611065 -0.3433906 0.3649618 0.3944850 -0.2352874 -0.3019986 0.2983670 -0.3694213 0.3723840 0.4265747 -0.2499445 -0.5734177 0.4958785 -0.6521477 0.6220958 0.6724197 -0.4010593 -0.5366389 0.5301857 -0.6564463 0.6016312 0.6891829 -0.4038154
-0.3007364 0.2631365 -0.3406963 0.3638297 0.3822452 -0.2309302 -0.3007691 0.3010178 -0.3671193 0.3710447 0.4272739 -0.2504632 -0.5726939 0.5010922 -0.6487899 0.6316143 0.6635840 -0.4008986 -0.5351710 0.5356135 -0.6532306 0.5995763 0.6904378 -0.4047270
-0.3002639 0.2631217 -0.3438149 0.3705519 0.3511625 -0.2302075 -0.3002759 0.3012706 -0.3706855 0.3768750 0.4202828 -0.2596151 -0.5698930 0.4993981 -0.6525516 0.6616795 0.6270566 -0.4110721 -0.5322022 0.5339652 -0.6569946 0.6065449 0.6764057 -0.4178261
-0.3004586 0.2702475 -0.3749388 0.3952264 0.3554126 -0.2694911 -0.3050537 0.2942527 -0.3888783 0.4047836 0.4009461 -0.2969620 -0.5450393 0.4902355 -0.6801480 0.6631955 0.5963874 -0.4522099 -0.5303328 0.5115553 -0.6760609 0.6300227 0.6240500 -0.4622045
-0.3050905 0.2547511 -0.4003480 0.4020847 0.3422621 -0.2802068 -0.3086839 0.2748331 -0.4125235 0.4191851 0.3904776 -0.3178530 -0.5408039 0.4515722 -0.7096574 0.6726390 0.5725630 -0.4687520 -0.5286159 0.4706469 -0.7064394 0.6398323 0.5960139 -0.4851618
-0.3025458 0.2374032 -0.3981177 0.4032190 0.3386582 -0.2829077 -0.3085408 0.2703398 -0.4168886 0.4205334 0.3872141 -0.3201988 -0.5465783 0.4288919 -0.7192384 0.6745550 0.5665496 -0.4732832 -0.5275341 0.4622192 -0.7127841 0.6418223 0.5909700 -0.4886906
-0.2982559 0.2368143 -0.3959018 0.4034456 0.3368577 -0.2797752 -0.3052073 0.2689774 -0.4169899 0.4172972 0.3848939 -0.3124072 -0.5429337 0.4310878 -0.7206846 0.6775905 0.5657555 -0.4698849 -0.5239034 0.4617130 -0.7157837 0.6439967 0.5939901 -0.4821245
-0.2931447 0.2556403 -0.3835733 0.3759571 0.3369040 -0.2377965 -0.2974810 0.2856530 -0.3978605 0.3935193 0.4001825 -0.2793016 -0.5366267 0.4679716 -0.7021641 0.6737244 0.6037404 -0.4261372 -0.5191194 0.4984789 -0.6942866 0.6277152 0.6383439 -0.4455229
-0.2871994 0.2720789 -0.3716482 0.3711990 0.3416941 -0.2270358 -0.2902024 0.2986529 -0.3839738 0.3788034 0.4157164 -0.2609884 -0.5291063 0.5012499 -0.6846861 0.6709390 0.6176092 -0.4103653 -0.5123327 0.5272515 -0.6778798 0.6109517 0.6704867 -0.4209342
-0.2837525 0.2845657 -0.3627896 0.3640614 0.3551184 -0.2179269 -0.2858741 0.3049714 -0.3725421 0.3690025 0.4322123 -0.2469236 -0.5241128 0.5256149 -0.6701005 0.6579808 0.6418178 -0.3938669 -0.5105553 0.5446620 -0.6653395 0.5955205 0.6975327 -0.3985015
-0.2827949 0.2876204 -0.3609398 0.3578385 0.4062183 -0.2254205 -0.2845748 0.3067957 -0.3696329 0.3653811 0.4411940 -0.2416621 -0.5224630 0.5313781 -0.6668356 0.6102194 0.6927213 -0.3844080 -0.5096872 0.5494859 -0.6620303 0.5876785 0.7096159 -0.3886891
-0.2823349 0.2867089 -0.3634878 0.3656908 0.3976866 -0.2261638 -0.2838000 0.3059421 -0.3711350 0.3681754 0.4389970 -0.2391215 -0.5206700 0.5287364 -0.6703287 0.6243745 0.6790036 -0.3861484 -0.5081778 0.5478259 -0.6645616 0.5930214 0.7070941 -0.3851539
-0.2872564 0.2704242 -0.3739876 0.3850740 0.3467390 -0.2290464 -0.2901493 0.2954225 -0.3838655 0.3917774 0.4112786 -0.2580117 -0.5284233 0.4974596 -0.6879700 0.6796894 0.6120248 -0.4042871 -0.5138696 0.5232088 -0.6798460 0.6279826 0.6592411 -0.4135686
-0.2950980 0.2535075 -0.3844319 0.3909119 0.3324136 -0.2354450 -0.3016186 0.2821349 -0.4004968 0.4139022 0.3999095 -0.2820823 -0.5395496 0.4635066 -0.7028854 0.6923999 0.5887853 -0.4170303 -0.5242794 0.4904124 -0.6961514 0.6457667 0.6239354 -0.4401024
-0.2975514 0.2431700 -0.3878954 0.4118653 0.3389236 -0.2767422 -0.3050986 0.2741064 -0.4053702 0.4270785 0.3947894 -0.3026363 -0.5449519 0.4453548 -0.7104129 0.6854068 0.5640206 -0.4605413 -0.5290727 0.4753290 -0.7029541 0.6514072 0.6021578 -0.4616001
-0.2969505 0.2456603 -0.3885564 0.4118095 0.3394295 -0.2763202 -0.3043111 0.2774072 -0.4053007 0.4267913 0.3921833 -0.3037314 -0.5426031 0.4488831 -0.7099901 0.6852534 0.5648126 -0.4597983 -0.5266911 0.4801268 -0.7014804 0.6522085 0.5993218 -0.4641524
-0.2964123 0.2625668 -0.3811946 0.3864016 0.3330442 -0.2396936 -0.3014790 0.2856958 -0.3939260 0.4094856 0.3934721 -0.2831371 -0.5392784 0.4777015 -0.6935273 0.6855602 0.5908926 -0.4252684 -0.5266546 0.4990829 -0.6881506 0.6453072 0.6200715 -0.4461950
-0.2910580 0.2808470 -0.3654160 0.3784432 0.3406995 -0.2273740 -0.2936340 0.3011670 -0.3737002 0.3948080 0.4063868 -0.2656076 -0.5339672 0.5152344 -0.6703824 0.6786165 0.6109354 -0.4077224 -0.5218774 0.5352659 -0.6641795 0.6309294 0.6494330 -0.4244584
-0.2838729 0.2943049 -0.3514797 0.3701919 0.3607328 -0.2194891 -0.2856528 0.3129756 -0.3567511 0.3758287 0.4291188 -0.2452472 -0.5264700 0.5458172 -0.6518535 0.6592247 0.6423803 -0.3908585 -0.5156972 0.5650239 -0.6440531 0.6052813 0.6911064 -0.3949766
-0.2796175 0.2990099 -0.3455525 0.3579948 0.4069468 -0.2222609 -0.2814497 0.3181136 -0.3509844 0.3685434 0.4405107 -0.2366565 -0.5219440 0.5581425 -0.6450205 0.6111174 0.6946813 -0.3794119 -0.5107986 0.5773393 -0.6369961 0.5932837 0.7091371 -0.3809712
-0.2795713 0.2989237 -0.3455303 0.3642155 0.3765928 -0.2166889 -0.2812498 0.3179552 -0.3510234 0.3686700 0.4399807 -0.2368085 -0.5219421 0.5580717 -0.6450833 0.6424152 0.6642466 -0.3822030 -0.5105922 0.5772286 -0.6372619 0.5937193 0.7085607 -0.3813649
-0.2826392 0.2897244 -0.3588966 0.3758327 0.3551622 -0.2281802 -0.2844021 0.3093432 -0.3650228 0.3889298 0.4141879 -0.2621368 -0.5224823 0.5355798 -0.6634504 0.6649494 0.6283778 -0.4037123 -0.5109502 0.5557587 -0.6557913 0.6215652 0.6619312 -0.4189319
-0.2869133 0.2553224 -0.3822135 0.3913676 0.3279044 -0.2423925 -0.2922424 0.2867356 -0.4007727 0.4164821 0.3890536 -0.2845527 -0.5295117 0.4712094 -0.7053928 0.6924485 0.5801628 -0.4288662 -0.5100895 0.5004777 -0.6995218 0.6538009 0.6107432 -0.4466959
-0.2882441 0.2391626 -0.3928038 0.3974696 0.3233966 -0.2483145 -0.2950670 0.2704943 -0.4138539 0.4330989 0.3792792 -0.3012258 -0.5310801 0.4406492 -0.7237280 0.6980378 0.5679505 -0.4360911 -0.5124771 0.4697988 -0.7187881 0.6665708 0.5837384 -0.4636085
-0.2885686 0.2286844 -0.3942414 0.4214394 0.3168489 -0.2756847 -0.2957783 0.2642422 -0.4186155 0.4359158 0.3749671 -0.3040991 -0.5349418 0.4239298 -0.7308357 0.7083201 0.5325331 -0.4633477 -0.5129079 0.4582213 -0.7259193 0.6701646 0.5764638 -0.4675134
-0.2878179 0.2261999 -0.3958421 0.4227290 0.3183167 -0.2772070 -0.2953531 0.2620453 -0.4204546 0.4377472 0.3745086 -0.3054959 -0.5338238 0.4195391 -0.7341792 0.7076322 0.5328500 -0.4640340 -0.5120661 0.4543190 -0.7289600 0.6713100 0.5743301 -0.4684952
-0.2889266 0.2116189 -0.3768347 0.4031609 0.3073851 -0.2501381 -0.2951854 0.2608318 -0.4200451 0.4371779 0.3733505 -0.3045243 -0.5557663 0.4070607 -0.7248624 0.7131478 0.5437308 -0.4424671 -0.5126064 0.4529493 -0.7294324 0.6719850 0.5738762 -0.4680836
-0.2892446 0.2183425 -0.3809198 0.4167786 0.3162226 -0.2666690 -0.2964270 0.2627476 -0.4183500 0.4355634 0.3743169 -0.3058310 -0.5501336 0.4152802 -0.7244967 0.7097629 0.5385187 -0.4541302 -0.5145170 0.4560587 -0.7261424 0.6694156 0.5752862 -0.4700304
-0.2901663 0.2218914 -0.3822383 0.4040577 0.3055327 -0.2528530 -0.2977292 0.2643462 -0.4165633 0.4346678 0.3746890 -0.3073991 -0.5488153 0.4196815 -0.7229587 0.7136696 0.5396492 -0.4466033 -0.5166804 0.4587473 -0.7229055 0.6676758 0.5755448 -0.4721835
-0.2914015 0.2205252 -0.3765825 0.4049140 0.3067170 -0.2546117 -0.2982308 0.2663387 -0.4153363 0.4355415 0.3764049 -0.3100109 -0.5553169 0.4202496 -0.7176444 0.7126186 0.5397992 -0.4480977 -0.5172894 0.4619718 -0.7204122 0.6661464 0.5756989 -0.4741515
-0.2922764 0.2261819 -0.3825464 0.4048553 0.3073129 -0.2557617 -0.2991156 0.2670399 -0.4145342 0.4352463 0.3771944 -0.3120213 -0.5494873 0.4252280 -0.7191974 0.7115185 0.5400912 -0.4494919 -0.5186393 0.4630231 -0.7187648 0.6644616 0.5758376 -0.4763421
-0.2953596 0.2298407 -0.3830620 0.4029156 0.3064347 -0.2569940 -0.3022442 0.2682038 -0.4109396 0.4326624 0.3764275 -0.3141488 -0.5515198 0.4291775 -0.7152850 0.7097269 0.5397779 -0.4526892 -0.5244292 0.4653650 -0.7130284 0.6616655 0.5756661 -0.4804241
-0.2963072 0.2329136 -0.3829559 0.4109473 0.3198192 -0.2716232 -0.3033244 0.2700161 -0.4084918 0.4310998 0.3769407 -0.3132353 -0.5514642 0.4334810 -0.7127282 0.6997027 0.5445428 -0.4624816 -0.5266018 0.4687752 -0.7091829 0.6604634 0.5774893 -0.4798898
-0.2967435 0.2384771 -0.3827200 0.3924198 0.3119810 -0.2446987 -0.3039695 0.2716263 -0.4063556 0.4257933 0.3786471 -0.3097755 -0.5497110 0.4417738 -0.7089807 0.7034433 0.5592504 -0.4386416 -0.5281012 0.4719098 -0.7059817 0.6565177 0.5838244 -0.4776333
-0.2976074 0.2580091 -0.3828165 0.3901770 0.3106043 -0.2432522 -0.3031944 0.2770897 -0.3988276 0.4175401 0.3833423 -0.3023424 -0.5418327 0.4697388 -0.6969668 0.7031817 0.5597748 -0.4383921 -0.5295869 0.4839901 -0.6966286 0.6499500 0.5967171 -0.4706313
-0.2968265 0.2691919 -0.3764800 0.3848655 0.3251459 -0.2392221 -0.2998641 0.2903271 -0.3870385 0.4039265 0.3895115 -0.2874381 -0.5398564 0.4895957 -0.6847271 0.6900506 0.5829754 -0.4289170 -0.5268017 0.5100471 -0.6799499 0.6406720 0.6178082 -0.4559084
-0.2919396 0.2808183 -0.3649682 0.3774255 0.3351297 -0.2354902 -0.2941102 0.3009147 -0.3738959 0.3884485 0.3986793 -0.2710768 -0.5354307 0.5150337 -0.6693686 0.6776385 0.6016996 -0.4228045 -0.5224975 0.5345859 -0.6642396 0.6274118 0.6439363 -0.4378361
-0.2841621 0.2899636 -0.3542200 0.3676351 0.3539366 -0.2252577 -0.2853471 0.3093170 -0.3628166 0.3733466 0.4168376 -0.2544193 -0.5274042 0.5381717 -0.6574314 0.6590520 0.6344950 -0.4038150 -0.5135467 0.5566860 -0.6529706 0.6073524 0.6781026 -0.4138839
-0.2788213 0.2933241 -0.3453873 0.3565985 0.3930152 -0.2242396 -0.2800535 0.3155358 -0.3522914 0.3609909 0.4323443 -0.2398601 -0.5240551 0.5513136 -0.6491683 0.6189726 0.6821835 -0.3892281 -0.5095234 0.5740792 -0.6409516 0.5896774 0.7062329 -0.3918107
-0.2780830 0.2946806 -0.3441481 0.3566215 0.3942649 -0.2242878 -0.2789907 0.3160895 -0.3509821 0.3607279 0.4335669 -0.2382446 -0.5231000 0.5543216 -0.6473746 0.6180618 0.6833017 -0.3887139 -0.5085716 0.5761989 -0.6398045 0.5891720 0.7081389 -0.3891216
-0.2800687 0.2851223 -0.3524470 0.3751937 0.3606158 -0.2256563 -0.2811373 0.3117068 -0.3612095 0.3756118 0.4237235 -0.2477377 -0.5255839 0.5350676 -0.6614108 0.6614644 0.6357637 -0.3978308 -0.5076702 0.5628718 -0.6522624 0.6077258 0.6855687 -0.4008303
-0.2920415 0.2444998 -0.3964889 0.4098691 0.3353110 -0.2610842 -0.2940524 0.2761039 -0.4183608 0.4240759 0.3845977 -0.2927646 -0.5311849 0.4447128 -0.7211609 0.6942038 0.5679233 -0.4422038 -0.5059907 0.4751058 -0.7198944 0.6595128 0.5981173 -0.4553006
-0.3032633 0.2400695 -0.4171096 0.4286149 0.3275303 -0.2829911 -0.3053236 0.2585324 -0.4350701 0.4552559 0.3726520 -0.3254735 -0.5331230 0.4220312 -0.7332596 0.7036212 0.5376790 -0.4645627 -0.5165728 0.4374075 -0.7360891 0.6771071 0.5542494 -0.4840802
-0.3068035 0.2380929 -0.4225443 0.4309305 0.3231017 -0.2839425 -0.3077715 0.2555679 -0.4381607 0.4553484 0.3703949 -0.3246667 -0.5345948 0.4148688 -0.7362692 0.7077579 0.5306605 -0.4663456 -0.5187318 0.4307455 -0.7384955 0.6788363 0.5521871 -0.4840151
-0.3074236 0.2386982 -0.4215391 0.4292323 0.3218608 -0.2814214 -0.3084013 0.2569657 -0.4372521 0.4515777 0.3697447 -0.3204025 -0.5358208 0.4160366 -0.7347173 0.7085002 0.5312705 -0.4645203 -0.5195652 0.4329114 -0.7366408 0.6782469 0.5553379 -0.4812285
-0.3052791 0.2506229 -0.3976872 0.3984770 0.3162381 -0.2376735 -0.3088258 0.2765180 -0.4097275 0.4215015 0.3806783 -0.2907726 -0.5446532 0.4471402 -0.7095199 0.7096687 0.5632051 -0.4232852 -0.5298562 0.4744253 -0.7029744 0.6605924 0.5966127 -0.4557093
-0.2995066 0.2710055 -0.3774692 0.3922281 0.3257278 -0.2286856 -0.3019731 0.2926064 -0.3876006 0.4069666 0.3912534 -0.2726486 -0.5417608 0.4902067 -0.6827830 0.7019326 0.5829235 -0.4092565 -0.5280409 0.5116619 -0.6777721 0.6491444 0.6240807 -0.4348964
-0.2963086 0.2813650 -0.3685884 0.3844397 0.3407710 -0.2247448 -0.2980841 0.3020112 -0.3779680 0.3949399 0.4032354 -0.2581138 -0.5384560 0.5113002 -0.6698038 0.6855939 0.6077170 -0.4008006 -0.5245516 0.5314622 -0.6651267 0.6363388 0.6497048 -0.4158805
-0.2951696 0.2860126 -0.3651770 0.3822649 0.3461978 -0.2239601 -0.2966177 0.3062791 -0.3736952 0.3921628 0.4084830 -0.2566432 -0.5368650 0.5202099 -0.6641969 0.6798709 0.6157243 -0.3983205 -0.5231775 0.5402184 -0.6591277 0.6307871 0.6570379 -0.4128061
-0.2935378 0.2807645 -0.3674207 0.3822616 0.3403590 -0.2246326 -0.2956729 0.3046148 -0.3759563 0.3937290 0.4067235 -0.2606457 -0.5359322 0.5126111 -0.6708253 0.6838891 0.6089228 -0.4018814 -0.5214148 0.5371837 -0.6629934 0.6317823 0.6526335 -0.4182352
-0.2927596 0.2542604 -0.3820673 0.3921965 0.3192064 -0.2361296 -0.2961965 0.2844875 -0.4019035 0.4236584 0.3888986 -0.3032808 -0.5378013 0.4670781 -0.7018602 0.7027438 0.5719589 -0.4231007 -0.5154620 0.4950853 -0.6994208 0.6516219 0.5981585 -0.4664712
-0.2926464 0.2347765 -0.3957290 0.4166282 0.3223536 -0.2784684 -0.2979961 0.2692633 -0.4243958 0.4324670 0.3783926 -0.3096447 -0.5366603 0.4305374 -0.7256950 0.6992183 0.5409992 -0.4673475 -0.5099980 0.4608240 -0.7263217 0.6625262 0.5796859 -0.4743663
-0.2944069 0.2126432 -0.3815453 0.4174758 0.3224046 -0.2772130 -0.2967871 0.2667818 -0.4272147 0.4346577 0.3766732 -0.3096107 -0.5589081 0.4036863 -0.7243336 0.7005990 0.5410526 -0.4652130 -0.5076678 0.4563424 -0.7307702 0.6654293 0.5766593 -0.4739915
-0.2895169 0.2272872 -0.3879242 0.3949325 0.3056855 -0.2398032 -0.2957542 0.2679019 -0.4237660 0.4308608 0.3757021 -0.3061343 -0.5413994 0.4250292 -0.7254218 0.7128688 0.5517745 -0.4328544 -0.5080971 0.4602476 -0.7280175 0.6644284 0.5793683 -0.4720882
-0.2857984 0.2411428 -0.3823231 0.3874664 0.2977363 -0.2261927 -0.2900294 0.2792180 -0.4029971 0.4049534 0.3816730 -0.2800592 -0.5344113 0.4509102 -0.7149018 0.7195812 0.5529394 -0.4200726 -0.5091476 0.4901683 -0.7074629 0.6500342 0.6126643 -0.4495530
-0.2816632 0.2789407 -0.3688650 0.3763715 0.3381965 -0.2280502 -0.2849978 0.2964237 -0.3811575 0.3908036 0.3924463 -0.2654393 -0.5201703 0.5151424 -0.6812130 0.6781311 0.6093490 -0.4108917 -0.5082995 0.5286779 -0.6798024 0.6363161 0.6389909 -0.4321949
-0.2780775 0.2890434 -0.3610450 0.3740992 0.3475584 -0.2188545 -0.2796106 0.3074484 -0.3681127 0.3794414 0.4131157 -0.2450219 -0.5152883 0.5356085 -0.6690302 0.6733760 0.6256027 -0.3939366 -0.5036487 0.5537916 -0.6630632 0.6198930 0.6749066 -0.4002921
-0.2810660 0.2951309 -0.3559833 0.3703978 0.3519961 -0.2196661 -0.2823347 0.3123688 -0.3622726 0.3757668 0.4169573 -0.2452668 -0.5194032 0.5453948 -0.6578486 0.6659538 0.6328685 -0.3949469 -0.5082958 0.5623671 -0.6522105 0.6134530 0.6806979 -0.4004070
-0.2828283 0.2930681 -0.3573726 0.3722330 0.3377481 -0.2170802 -0.2842316 0.3105971 -0.3638331 0.3804352 0.4112857 -0.2490236 -0.5219728 0.5408708 -0.6595477 0.6798790 0.6168928 -0.3964944 -0.5107977 0.5581796 -0.6538511 0.6205042 0.6708226 -0.4061669
-0.2840368 0.2574048 -0.3732997 0.4019165 0.3322967 -0.2592849 -0.2873034 0.2941765 -0.3908620 0.4164886 0.3833886 -0.2879163 -0.5308526 0.4810786 -0.6976811 0.6901071 0.5705670 -0.4452027 -0.5064188 0.5185338 -0.6889577 0.6557897 0.6036715 -0.4533439
-0.2838567 0.2385162 -0.3875442 0.3984367 0.2930700 -0.2494644 -0.2876596 0.2705992 -0.4158180 0.4288074 0.3659794 -0.3060385 -0.5292527 0.4447151 -0.7225788 0.7192486 0.5290431 -0.4503274 -0.5016056 0.4718566 -0.7250815 0.6684823 0.5705375 -0.4770937
-0.2849739 0.2420989 -0.4016419 0.4187584 0.3033446 -0.2752743 -0.2875958 0.2658108 -0.4198094 0.4352477 0.3598685 -0.3108869 -0.5193046 0.4411739 -0.7319073 0.7148583 0.5178365 -0.4699181 -0.5009387 0.4629932 -0.7312302 0.6751504 0.5582232 -0.4822436
-0.2825233 0.2354408 -0.3961640 0.3970070 0.2942177 -0.2478501 -0.2868806 0.2649317 -0.4203812 0.4342222 0.3583798 -0.3102417 -0.5226560 0.4355553 -0.7328862 0.7181507 0.5322139 -0.4483391 -0.4999941 0.4617402 -0.7326677 0.6754816 0.5575002 -0.4826159
-0.2797016 0.2384952 -0.3907101 0.3918448 0.2974771 -0.2398199 -0.2825238 0.2732286 -0.4110488 0.4203766 0.3707487 -0.2938066 -0.5214039 0.4445892 -0.7283395 0.7159463 0.5435254 -0.4381791 -0.4967773 0.4804331 -0.7227700 0.6642642 0.5858439 -0.4642628
-0.2712431 0.2700853 -0.3717281 0.3823194 0.3124980 -0.2266695 -0.2714249 0.2997611 -0.3868867 0.4033665 0.3874516 -0.2716584 -0.5083520 0.5061820 -0.6966764 0.7036660 0.5751584 -0.4171894 -0.4849894 0.5356212 -0.6912996 0.6487192 0.6231240 -0.4368981
-0.2670207 0.2829118 -0.3583080 0.3747992 0.3783403 -0.2399416 -0.2678121 0.3078837 -0.3705845 0.3878282 0.4015541 -0.2576844 -0.5048708 0.5349170 -0.6774728 0.6416554 0.6477179 -0.4107796 -0.4858493 0.5585450 -0.6722931 0.6307545 0.6530780 -0.4190918
-0.2680596 0.2898728 -0.3533417 0.3642804 0.3618976 -0.2172549 -0.2682281 0.3122989 -0.3649553 0.3706928 0.4172041 -0.2408266 -0.5059237 0.5470929 -0.6668813 0.6533510 0.6490773 -0.3896551 -0.4875510 0.5676574 -0.6633696 0.6098522 0.6863712 -0.3962005
-0.2670878 0.2898573 -0.3541105 0.3653623 0.3478799 -0.2091767 -0.2673089 0.3125428 -0.3657220 0.3722245 0.4181823 -0.2396602 -0.5040762 0.5470492 -0.6683146 0.6689947 0.6369835 -0.3830119 -0.4857034 0.5678940 -0.6645213 0.6112197 0.6866857 -0.3935395
