-0.2054818 0.3167049 -0.2805658 0.3141249 0.4159066 -0.1218667 -0.1890058 0.3764517 -0.2785371 0.3086761 0.4237077 -0.1302807 -0.4368573 0.6733194 -0.5964870 0.5868632 0.7770166 -0.2276772 -0.3742711 0.7454533 -0.5515619 0.5714440 0.7843988 -0.2411851
-0.2042883 0.3054737 -0.3241183 0.3228804 0.4222312 -0.1434757 -0.1810467 0.3718447 -0.3430289 0.3015251 0.5035377 -0.1767174 -0.4169145 0.6234150 -0.6614651 0.5864582 0.7669123 -0.2605996 -0.3369424 0.6920329 -0.6384045 0.4919317 0.8215109 -0.2883106
-0.2177345 0.2674015 -0.3620509 0.3510586 0.4254451 -0.1736943 -0.1830695 0.3395948 -0.3915272 0.3554448 0.4370718 -0.1912745 -0.4354753 0.5348108 -0.7241123 0.6070668 0.7356994 -0.3003602 -0.3330560 0.6178204 -0.7123003 0.5974422 0.7346433 -0.3214998
-0.2218504 0.2432376 -0.3761276 0.4031555 0.4092566 -0.2330688 -0.1741559 0.3381747 -0.4378653 0.4082625 0.4808025 -0.2880818 -0.4438303 0.4866172 -0.7524748 0.6502962 0.6601373 -0.3759436 -0.3002605 0.5830439 -0.7549195 0.5887609 0.6933719 -0.4154467
-0.2225190 0.2320426 -0.3917981 0.4120465 0.3906234 -0.2370297 -0.1752278 0.3256098 -0.4509707 0.4199479 0.4529720 -0.2908370 -0.4390514 0.4578422 -0.7730552 0.6697049 0.6348855 -0.3852476 -0.3004686 0.5583332 -0.7732934 0.6150972 0.6634675 -0.4259886
-0.2172873 0.2316832 -0.4042741 0.4507928 0.3970412 -0.2573284 -0.1751836 0.3204534 -0.4565327 0.4718379 0.4612245 -0.3174040 -0.4226321 0.4506326 -0.7863284 0.6898036 0.6075530 -0.3937643 -0.2996445 0.5481226 -0.7808808 0.6444187 0.6299234 -0.4334986
-0.2173298 0.2320626 -0.4037014 0.4229593 0.3781461 -0.2414727 -0.1770813 0.3107407 -0.4502653 0.4349108 0.4360047 -0.2958102 -0.4229294 0.4515998 -0.7856133 0.6859518 0.6132742 -0.3916184 -0.3079529 0.5403929 -0.7830329 0.6365866 0.6381877 -0.4329826
-0.2183454 0.2331328 -0.4001741 0.4218631 0.3783664 -0.2436664 -0.1790203 0.3097170 -0.4445309 0.4337735 0.4367619 -0.2982835 -0.4264388 0.4553194 -0.7815588 0.6838999 0.6133856 -0.3950177 -0.3137423 0.5427949 -0.7790632 0.6341464 0.6385152 -0.4360696
-0.2185861 0.2340577 -0.3967612 0.4196750 0.3788717 -0.2425066 -0.1809293 0.3088032 -0.4362154 0.4309720 0.4380014 -0.2973575 -0.4286972 0.4590405 -0.7781392 0.6821682 0.6158437 -0.3941866 -0.3206542 0.5472802 -0.7730881 0.6313271 0.6416244 -0.4355964
-0.2191425 0.2366992 -0.3925864 0.4185326 0.3763908 -0.2391350 -0.1783385 0.3170069 -0.4323488 0.4289263 0.4385154 -0.2756834 -0.4312910 0.4658440 -0.7726431 0.6843510 0.6154441 -0.3910145 -0.3156441 0.5610755 -0.7652209 0.6377955 0.6520541 -0.4099297
-0.2197891 0.2413036 -0.3888873 0.4178765 0.3802434 -0.2386859 -0.1782178 0.3225430 -0.4291445 0.4305371 0.4408134 -0.2770794 -0.4329040 0.4752797 -0.7659656 0.6813213 0.6199629 -0.3891624 -0.3150670 0.5702160 -0.7586742 0.6372549 0.6524653 -0.4101162
-0.2217723 0.2443068 -0.3838438 0.4150404 0.3838649 -0.2370941 -0.1817359 0.3222075 -0.4238398 0.4309958 0.4424577 -0.2772835 -0.4381407 0.4826606 -0.7583346 0.6770144 0.6261609 -0.3867481 -0.3230455 0.5727414 -0.7533983 0.6365681 0.6534970 -0.4095396
-0.2236300 0.2504842 -0.3769320 0.4077383 0.3880040 -0.2250242 -0.1844388 0.3251962 -0.4165501 0.4294116 0.4375445 -0.2737961 -0.4430008 0.4961976 -0.7466848 0.6726546 0.6400985 -0.3712272 -0.3295209 0.5810001 -0.7442142 0.6395581 0.6516711 -0.4077871
-0.2250576 0.2619098 -0.3641880 0.3987444 0.3973022 -0.2200513 -0.1874081 0.3323959 -0.4042911 0.4155520 0.4533897 -0.2633431 -0.4484318 0.5218605 -0.7256519 0.6597636 0.6573773 -0.3640976 -0.3371063 0.5979077 -0.7272316 0.6211302 0.6776866 -0.3936218
-0.2243703 0.2709017 -0.3517671 0.3829213 0.4025875 -0.2027110 -0.1909396 0.3439388 -0.3787362 0.4040040 0.4561356 -0.2473248 -0.4510287 0.5445660 -0.7071216 0.6474428 0.6806944 -0.3427434 -0.3496612 0.6298433 -0.6935665 0.6143537 0.6936282 -0.3760976
-0.2184477 0.3010932 -0.3320902 0.3737120 0.4019985 -0.1884378 -0.1948553 0.3536763 -0.3588258 0.3832214 0.4603732 -0.2309113 -0.4380707 0.6038063 -0.6659670 0.6439749 0.6927177 -0.3247132 -0.3607124 0.6547187 -0.6642514 0.5969484 0.7171286 -0.3596932
-0.2150982 0.3125348 -0.3220540 0.3591610 0.4083208 -0.1674175 -0.1968328 0.3689783 -0.3319326 0.3542502 0.4728033 -0.2008777 -0.4322205 0.6280105 -0.6471385 0.6312241 0.7176222 -0.2942355 -0.3686580 0.6910780 -0.6216932 0.5676999 0.7576859 -0.3219145
-0.2100033 0.3320426 -0.3004833 0.3428670 0.4198782 -0.1489864 -0.1934892 0.4024935 -0.3085829 0.3545992 0.4798797 -0.1885318 -0.4245794 0.6713154 -0.6075096 0.6098825 0.7468678 -0.2650129 -0.3564464 0.7414749 -0.5684725 0.5666741 0.7668811 -0.3012870
-0.2092900 0.3363411 -0.2900274 0.3399483 0.3891062 -0.1252919 -0.1938458 0.4063557 -0.3027193 0.3569008 0.4488080 -0.1633704 -0.4262857 0.6850656 -0.5907331 0.6394044 0.7318650 -0.2356600 -0.3572988 0.7489997 -0.5579758 0.5985904 0.7527362 -0.2740032
-0.2093417 0.3369114 -0.2881830 0.3336972 0.4255584 -0.1392246 -0.1958119 0.4079285 -0.2968530 0.3500809 0.4872326 -0.1742891 -0.4269766 0.6871699 -0.5877826 0.5975697 0.7620705 -0.2493170 -0.3618278 0.7537839 -0.5485349 0.5603418 0.7798678 -0.2789683
-0.2136456 0.3317340 -0.2900306 0.3497116 0.4055145 -0.1425067 -0.2013280 0.4024322 -0.3023465 0.3552312 0.4714374 -0.1729261 -0.4362753 0.6774179 -0.5922575 0.6311123 0.7318178 -0.2571769 -0.3713692 0.7423255 -0.5577077 0.5775194 0.7664425 -0.2811357
-0.2208671 0.3117478 -0.3351004 0.3745194 0.4025258 -0.1780357 -0.2036818 0.3676746 -0.3460674 0.3822782 0.4674235 -0.2101190 -0.4346117 0.6134424 -0.6593945 0.6480500 0.6965110 -0.3080643 -0.3741007 0.6753050 -0.6356193 0.5979148 0.7310891 -0.3286436
-0.2271167 0.2825079 -0.3563901 0.4107610 0.4045756 -0.2178872 -0.2022258 0.3578016 -0.3933502 0.4212174 0.4678060 -0.2524352 -0.4467836 0.5557491 -0.7010901 0.6664468 0.6564112 -0.3535151 -0.3554712 0.6289413 -0.6914283 0.6210578 0.6897498 -0.3721994
-0.2200819 0.2671252 -0.4015806 0.4343577 0.3953057 -0.2223705 -0.1872769 0.3558475 -0.4481294 0.4742503 0.4352029 -0.2683893 -0.4151314 0.5038673 -0.7574851 0.6916543 0.6294694 -0.3540941 -0.3110414 0.5910142 -0.7442818 0.6800396 0.6240485 -0.3848502
-0.2332015 0.2368795 -0.3964179 0.4495870 0.3889355 -0.2401652 -0.1891710 0.3301628 -0.4647319 0.4864510 0.4371688 -0.2803595 -0.4507693 0.4578786 -0.7662599 0.7012152 0.6066178 -0.3745826 -0.3149489 0.5496846 -0.7737273 0.6836165 0.6143596 -0.3939933
-0.2333255 0.2344230 -0.3966186 0.4359774 0.3502087 -0.2216229 -0.1874750 0.3270667 -0.4629740 0.4752098 0.4224329 -0.2728595 -0.4518036 0.4539288 -0.7679988 0.7247800 0.5821959 -0.3684315 -0.3140041 0.5478078 -0.7754405 0.6868182 0.6105400 -0.3943623
-0.2327631 0.2331145 -0.3947084 0.4328830 0.3530890 -0.2236737 -0.1825061 0.3245567 -0.4579523 0.4670439 0.4181392 -0.2771559 -0.4527439 0.4534275 -0.7677412 0.7193870 0.5867813 -0.3717123 -0.3092144 0.5498862 -0.7758941 0.6814089 0.6100577 -0.4043656
-0.2309822 0.2340662 -0.3925563 0.4316182 0.3555529 -0.2251048 -0.1809071 0.3250424 -0.4547206 0.4576405 0.4167514 -0.2759622 -0.4510543 0.4570767 -0.7665709 0.7160060 0.5898223 -0.3734236 -0.3079295 0.5532680 -0.7739987 0.6752889 0.6149534 -0.4072065
-0.2206944 0.2411740 -0.3912917 0.4307094 0.3605238 -0.2240409 -0.1783608 0.3246959 -0.4477471 0.4572341 0.4177035 -0.2721041 -0.4328339 0.4729992 -0.7674155 0.7122499 0.5961863 -0.3704890 -0.3069182 0.5587275 -0.7704705 0.6759353 0.6174967 -0.4022552
-0.2190589 0.2422999 -0.3916463 0.4311056 0.3609482 -0.2229526 -0.1773500 0.3246116 -0.4458451 0.4558787 0.4179297 -0.2656670 -0.4295415 0.4751135 -0.7679592 0.7127479 0.5967566 -0.3686082 -0.3061384 0.5603389 -0.7696100 0.6772778 0.6208988 -0.3946891
-0.2186604 0.2433902 -0.3918566 0.4303178 0.3818571 -0.2295320 -0.1775118 0.3249930 -0.4448686 0.4614418 0.4310267 -0.2733020 -0.4283320 0.4767751 -0.7676048 0.6947180 0.6164817 -0.3705634 -0.3066759 0.5614698 -0.7685711 0.6706559 0.6264509 -0.3972151
-0.2186588 0.2447413 -0.3921382 0.4304441 0.3916097 -0.2350380 -0.1777858 0.3249133 -0.4446481 0.4612920 0.4406331 -0.2791650 -0.4276080 0.4786147 -0.7668633 0.6858562 0.6239787 -0.3745022 -0.3072182 0.5614582 -0.7683630 0.6624580 0.6327899 -0.4009069
-0.2181311 0.2461269 -0.3913068 0.4260615 0.3888258 -0.2259343 -0.1774232 0.3255864 -0.4428811 0.4567479 0.4374834 -0.2705743 -0.4267405 0.4815102 -0.7655328 0.6877685 0.6276609 -0.3647139 -0.3071697 0.5636821 -0.7667524 0.6639642 0.6359598 -0.3933278
-0.2175617 0.2522705 -0.3861957 0.4144155 0.3927377 -0.2150291 -0.1780868 0.3331650 -0.4313151 0.4364522 0.4478249 -0.2572381 -0.4265747 0.4946284 -0.7572164 0.6792596 0.6437279 -0.3524497 -0.3105998 0.5810704 -0.7522532 0.6454747 0.6622940 -0.3804327
-0.2178660 0.2728546 -0.3708683 0.4005798 0.4095138 -0.1943990 -0.1808354 0.3475955 -0.4097389 0.4242263 0.4611333 -0.2399825 -0.4277160 0.5356700 -0.7280911 0.6621771 0.6769455 -0.3213507 -0.3189729 0.6131185 -0.7227323 0.6322563 0.6872616 -0.3576640
-0.2180221 0.2798166 -0.3583736 0.3867830 0.4161110 -0.1822591 -0.1838482 0.3519078 -0.3929043 0.4097049 0.4679926 -0.2279129 -0.4323737 0.5549224 -0.7107138 0.6482791 0.6974351 -0.3054808 -0.3291343 0.6300028 -0.7033968 0.6184836 0.7064738 -0.3440535
-0.2152348 0.3084074 -0.3351505 0.3726881 0.4017370 -0.1587273 -0.1964955 0.3640207 -0.3529812 0.3951677 0.4533860 -0.2048621 -0.4272627 0.6122196 -0.6653073 0.6532526 0.7041698 -0.2782193 -0.3613385 0.6694031 -0.6491025 0.6219568 0.7135869 -0.3224337
-0.2111148 0.3336874 -0.3349680 0.3677628 0.4116150 -0.1555905 -0.2039552 0.3705151 -0.3355938 0.3674154 0.4801502 -0.1801641 -0.4077123 0.6444289 -0.6469020 0.6412774 0.7177435 -0.2713071 -0.3777580 0.6862540 -0.6215740 0.5823944 0.7610917 -0.2855803
-0.2100350 0.3639160 -0.3164814 0.3636468 0.4229476 -0.1525469 -0.1944203 0.4328064 -0.3341262 0.3678227 0.4879750 -0.1850284 -0.3992816 0.6918129 -0.6016387 0.6288548 0.7314038 -0.2637995 -0.3350277 0.7458179 -0.5757708 0.5760969 0.7642836 -0.2897980
-0.2211652 0.3294771 -0.3086299 0.3639939 0.4202851 -0.1540717 -0.2052532 0.3994707 -0.3208259 0.3672916 0.4855586 -0.1861580 -0.4399422 0.6553964 -0.6139271 0.6308953 0.7284624 -0.2670460 -0.3718777 0.7237608 -0.5812721 0.5769116 0.7626757 -0.2924018
-0.2381891 0.2767347 -0.3333785 0.3826022 0.4135766 -0.1798593 -0.2177427 0.3597657 -0.3519856 0.3911637 0.4756174 -0.2169874 -0.4817485 0.5597087 -0.6742733 0.6469196 0.6992924 -0.3041136 -0.3970545 0.6560338 -0.6418468 0.5990990 0.7284467 -0.3323338
-0.2377036 0.2637851 -0.3638331 0.4166491 0.3761296 -0.2049869 -0.2134639 0.3323854 -0.4080985 0.4284182 0.4535396 -0.2425695 -0.4675618 0.5188640 -0.7156579 0.6972393 0.6294321 -0.3430343 -0.3758359 0.5852153 -0.7185197 0.6400148 0.6775437 -0.3623750
-0.2254392 0.2750783 -0.4379097 0.4483928 0.3655380 -0.2340994 -0.2146618 0.3169902 -0.4638435 0.4847096 0.4283917 -0.2806166 -0.3996145 0.4876050 -0.7762407 0.7184853 0.5857224 -0.3751108 -0.3569214 0.5270643 -0.7712395 0.6874045 0.6075356 -0.3979643
-0.2378845 0.2295450 -0.4266210 0.4548876 0.3564265 -0.2387741 -0.2176716 0.2922316 -0.4689400 0.5083969 0.4076273 -0.2899942 -0.4407647 0.4253128 -0.7904654 0.7274937 0.5700266 -0.3818672 -0.3665289 0.4920777 -0.7896303 0.7127903 0.5715077 -0.4065820
-0.2370945 0.2286591 -0.4267735 0.4559552 0.3537740 -0.2392913 -0.2160404 0.2893751 -0.4687744 0.5078006 0.4053580 -0.2916121 -0.4397926 0.4241456 -0.7916331 0.7298212 0.5662656 -0.3830199 -0.3650911 0.4890208 -0.7921913 0.7130131 0.5691714 -0.4094585
-0.2356507 0.2274513 -0.4241215 0.4556645 0.3530734 -0.2391020 -0.2133665 0.2838032 -0.4644229 0.4876194 0.4035045 -0.2842415 -0.4397628 0.4244615 -0.7914803 0.7301521 0.5657612 -0.3831346 -0.3649781 0.4854649 -0.7944274 0.7028071 0.5815721 -0.4096780
-0.2332494 0.2288598 -0.4199426 0.4437783 0.3456132 -0.2308008 -0.2089330 0.2861036 -0.4591962 0.4680210 0.4019134 -0.2750135 -0.4383536 0.4301041 -0.7892127 0.7299057 0.5684484 -0.3796104 -0.3602456 0.4933045 -0.7917536 0.6929194 0.5950451 -0.4071659
-0.2325405 0.2303113 -0.4113406 0.4395829 0.3464431 -0.2266714 -0.2064450 0.2912611 -0.4510602 0.4637941 0.4008784 -0.2701701 -0.4423773 0.4381366 -0.7825207 0.7279660 0.5737229 -0.3753765 -0.3588812 0.5063245 -0.7841172 0.6923068 0.5983924 -0.4032837
-0.2328722 0.2316571 -0.4094117 0.4354789 0.3498672 -0.2233457 -0.2041249 0.3009404 -0.4509109 0.4546648 0.4139442 -0.2607403 -0.4436567 0.4413418 -0.7799911 0.7238582 0.5815534 -0.3712479 -0.3523835 0.5195174 -0.7784135 0.6807645 0.6197941 -0.3904036
-0.2329686 0.2319568 -0.4082116 0.4337859 0.3737582 -0.2310453 -0.2049681 0.2999030 -0.4498674 0.4606496 0.4293567 -0.2696076 -0.4444840 0.4425536 -0.7788326 0.7025416 0.6053232 -0.3741913 -0.3544833 0.5186690 -0.7780258 0.6724751 0.6267925 -0.3935842
-0.2330835 0.2334988 -0.4068794 0.4330348 0.3798330 -0.2311247 -0.2056361 0.2989326 -0.4491987 0.4625436 0.4324942 -0.2718143 -0.4449581 0.4457509 -0.7767357 0.6977077 0.6119888 -0.3723892 -0.3561224 0.5176942 -0.7779264 0.6712130 0.6276073 -0.3944391
-0.2330223 0.2365436 -0.4046658 0.4316449 0.3826794 -0.2289097 -0.2038931 0.3088669 -0.4487832 0.4626328 0.4327788 -0.2716787 -0.4451608 0.4518879 -0.7730648 0.6955138 0.6166152 -0.3688445 -0.3505111 0.5309708 -0.7714998 0.6711622 0.6278517 -0.3941366
-0.2347224 0.2421715 -0.3959089 0.4272528 0.3884057 -0.2276519 -0.2072655 0.3106753 -0.4350287 0.4527143 0.4425545 -0.2691096 -0.4513179 0.4656408 -0.7612429 0.6883753 0.6257861 -0.3667850 -0.3615002 0.5418615 -0.7587514 0.6580979 0.6433289 -0.3911970
-0.2328246 0.2562290 -0.3799364 0.4088775 0.3984571 -0.2129545 -0.2054818 0.3219671 -0.4216477 0.4359282 0.4524912 -0.2535429 -0.4529522 0.4984846 -0.7391531 0.6710140 0.6539130 -0.3494823 -0.3611773 0.5659248 -0.7411343 0.6433948 0.6678404 -0.3742088
-0.2300732 0.2717775 -0.3662350 0.3894909 0.3912379 -0.1786832 -0.2031909 0.3376663 -0.4045210 0.4086908 0.4437414 -0.2253034 -0.4504104 0.5320542 -0.7169720 0.6712389 0.6742496 -0.3079381 -0.3597892 0.5979042 -0.7162836 0.6346435 0.6890725 -0.3498668
-0.2303048 0.2776820 -0.3501394 0.3828832 0.4075097 -0.1759089 -0.2043513 0.3487852 -0.3799081 0.3952916 0.4658794 -0.2175928 -0.4581013 0.5523397 -0.6964653 0.6531831 0.6951948 -0.3000934 -0.3683705 0.6287320 -0.6848352 0.6094799 0.7183156 -0.3354952
-0.2263537 0.3059208 -0.3334960 0.3714953 0.4102951 -0.1629592 -0.2081423 0.3603564 -0.3573179 0.3822835 0.4695421 -0.2038451 -0.4473331 0.6045781 -0.6590739 0.6438611 0.7111073 -0.2824345 -0.3794731 0.6569811 -0.6514415 0.5983683 0.7349496 -0.3190681
-0.2104274 0.3505889 -0.3510884 0.3602226 0.4186580 -0.1558282 -0.2099109 0.3695585 -0.3353044 0.3579014 0.4807373 -0.1937576 -0.3904475 0.6505167 -0.6514436 0.6277167 0.7295451 -0.2715431 -0.3877511 0.6826548 -0.6193800 0.5682093 0.7632253 -0.3076124
-0.2254743 0.3249440 -0.3051996 0.3542247 0.4219005 -0.1545257 -0.2097088 0.3951543 -0.3161454 0.3561356 0.4832320 -0.1936746 -0.4513332 0.6504423 -0.6109199 0.6191138 0.7373974 -0.2700800 -0.3828278 0.7213624 -0.5771300 0.5646153 0.7661132 -0.3070506
-0.2083181 0.3744615 -0.3226047 0.3548148 0.4200985 -0.1559235 -0.1929122 0.4448869 -0.3326393 0.3560852 0.4816994 -0.1946724 -0.3883859 0.6981417 -0.6014604 0.6207759 0.7349948 -0.2728001 -0.3280609 0.7565618 -0.5656768 0.5653369 0.7647676 -0.3090707
-0.2211379 0.3457277 -0.3263887 0.3671405 0.4169904 -0.1723458 -0.2196916 0.3634680 -0.3194629 0.3632646 0.4828061 -0.2031842 -0.4217247 0.6593257 -0.6224450 0.6311497 0.7168464 -0.2962789 -0.4133882 0.6839287 -0.6011254 0.5698686 0.7573984 -0.3187436
-0.2423997 0.2752505 -0.3394366 0.4014001 0.3621563 -0.1844169 -0.2216410 0.3492726 -0.3692691 0.4089267 0.4301631 -0.2267293 -0.4850539 0.5507901 -0.6792297 0.7027104 0.6340083 -0.3228491 -0.3997097 0.6298819 -0.6659437 0.6436259 0.6770508 -0.3568583
-0.2445348 0.2622792 -0.3742614 0.4364914 0.3652119 -0.2288947 -0.2232730 0.3255425 -0.4108228 0.4626508 0.4211305 -0.2728607 -0.4717802 0.5060145 -0.7220615 0.7115578 0.5953596 -0.3731386 -0.3918854 0.5713875 -0.7210701 0.6778451 0.6170123 -0.3997773
-0.2423062 0.2478186 -0.4027871 0.4483898 0.3564707 -0.2352705 -0.2269487 0.3027116 -0.4355394 0.4941203 0.3990665 -0.2925558 -0.4559949 0.4663687 -0.7580032 0.7240792 0.5756443 -0.3799250 -0.3933811 0.5247046 -0.7549413 0.7066091 0.5706789 -0.4183648
-0.2439129 0.2388943 -0.4102873 0.4543915 0.3490811 -0.2389576 -0.2280427 0.2843996 -0.4571177 0.4984416 0.3947782 -0.2966156 -0.4569712 0.4475688 -0.7686738 0.7319096 0.5622812 -0.3849002 -0.3900342 0.4864246 -0.7818340 0.7104124 0.5626644 -0.4227564
-0.2457884 0.2358727 -0.4099147 0.4538552 0.3498600 -0.2417723 -0.2294191 0.2839421 -0.4562550 0.4977497 0.3956876 -0.2984653 -0.4611504 0.4425465 -0.7690858 0.7297119 0.5625075 -0.3887234 -0.3926287 0.4859395 -0.7808364 0.7086132 0.5633142 -0.4249052
-0.2468041 0.2349036 -0.4065073 0.4512197 0.3514374 -0.2426456 -0.2284029 0.2831754 -0.4496120 0.4808336 0.4001784 -0.2897761 -0.4653037 0.4428675 -0.7663947 0.7262785 0.5656700 -0.3905598 -0.3949107 0.4896129 -0.7773833 0.6974363 0.5804481 -0.4203125
-0.2467328 0.2470834 -0.4002171 0.4468389 0.3554003 -0.2345233 -0.2233753 0.3000497 -0.4407570 0.4733037 0.4112748 -0.2857009 -0.4645416 0.4652016 -0.7535175 0.7239398 0.5757968 -0.3799596 -0.3863994 0.5190324 -0.7624309 0.6868942 0.5968732 -0.4146309
-0.2479996 0.2520464 -0.3892895 0.4418202 0.3636560 -0.2354954 -0.2233321 0.3080426 -0.4301267 0.4704392 0.4147358 -0.2831539 -0.4715661 0.4792610 -0.7402259 0.7139994 0.5876829 -0.3805701 -0.3889030 0.5364151 -0.7490082 0.6836689 0.6027176 -0.4114953
