-0.0181427 0.0187349 -0.1774886 0.1469823 -0.0673171 -0.1469812 0.0175281 -0.0476174 -0.1664977 0.0735505 -0.0187100 -0.2004058 -0.1011333 0.1044341 -0.9893764 0.6727118 -0.3080983 -0.6727067 0.1007028 -0.2735723 -0.9565653 0.3432213 -0.0873097 -0.9351878
-0.0222583 0.0157025 -0.1822056 0.1475603 -0.0663519 -0.1480083 0.0227887 -0.0163508 -0.2130098 0.0751814 -0.0169309 -0.2021121 -0.1208175 0.0852329 -0.9890088 0.6729356 -0.3025919 -0.6749784 0.1060689 -0.0761039 -0.9914422 0.3475699 -0.0782730 -0.9343813
-0.0357594 -0.0092097 -0.1945896 0.1219452 -0.0918110 -0.1864792 0.0207167 -0.0313236 -0.2207909 0.0510763 -0.0406399 -0.2409497 -0.1805463 -0.0464990 -0.9824667 0.5060257 -0.3809802 -0.7738166 0.0925007 -0.1398612 -0.9858410 0.2046049 -0.1627979 -0.9652117
-0.0570806 -0.0360011 -0.2094040 0.1098266 -0.1044100 -0.1137884 0.0196318 -0.0802138 -0.2532989 -0.0028965 -0.0361695 -0.2720059 -0.2594455 -0.1636341 -0.9517940 0.5795529 -0.5509694 -0.6004591 0.0736872 -0.3010795 -0.9507478 -0.0105551 -0.1318056 -0.9912194
-0.1418458 -0.0625210 -0.1633250 0.1290087 -0.1370443 -0.1162650 0.0210316 -0.1133655 -0.2788628 0.0024125 -0.0985497 -0.3016300 -0.6299334 -0.2776541 -0.7253221 0.5831475 -0.6194703 -0.5255431 0.0696966 -0.3756821 -0.9241241 0.0076025 -0.3105587 -0.9505238
-0.1400493 -0.0652098 -0.1852256 0.1311547 -0.1493564 -0.1227713 0.0143676 -0.1452025 -0.3236750 0.0078211 -0.1448212 -0.3362073 -0.5806496 -0.2703622 -0.7679521 0.5613844 -0.6392936 -0.5255010 0.0404671 -0.4089713 -0.9116495 0.0213601 -0.3955185 -0.9182096
-0.0843838 -0.0758770 -0.2573886 0.1383244 -0.1444299 -0.1474142 0.0213426 -0.1704434 -0.3447668 0.0908678 -0.1847101 -0.2294709 -0.2999833 -0.2697418 -0.9150133 0.5567623 -0.5813371 -0.5933490 0.0554082 -0.4424929 -0.8950587 0.2947650 -0.5991789 -0.7443778
-0.1048537 -0.0803332 -0.2707012 0.1446835 -0.1452648 -0.1654667 0.0185805 -0.1617488 -0.3765491 0.0980167 -0.1891928 -0.2460907 -0.3481096 -0.2667025 -0.8987155 0.5491540 -0.5513604 -0.6280378 0.0452917 -0.3942781 -0.9178744 0.3011102 -0.5812057 -0.7559977
-0.0338623 -0.0957430 -0.3294073 0.1367885 -0.1335830 -0.2082189 0.0061233 -0.1772764 -0.3780061 0.0877253 -0.1915533 -0.2777937 -0.0982351 -0.2777522 -0.9556168 0.4838907 -0.4725513 -0.7365766 0.0146647 -0.4245571 -0.9052824 0.2516132 -0.5494124 -0.7967665
-0.0254026 -0.1018203 -0.3401111 0.1240418 -0.1323975 -0.2259153 0.0130642 -0.1834926 -0.3896951 0.0930176 -0.1758018 -0.2667719 -0.0713691 -0.2860660 -0.9555484 0.4281040 -0.4569421 -0.7796992 0.0303161 -0.4258039 -0.9043075 0.2795379 -0.5283222 -0.8017071
-0.0292379 -0.0935166 -0.3485154 0.1144138 -0.1277023 -0.2446103 0.0077945 -0.1784020 -0.3935909 0.0924141 -0.1821008 -0.2923663 -0.0807616 -0.2583142 -0.9626792 0.3830158 -0.4275008 -0.8188663 0.0180341 -0.4127710 -0.9106563 0.2591375 -0.5106273 -0.8198216
-0.0267438 -0.0929944 -0.3540349 0.0983091 -0.1444241 -0.2928565 0.0097492 -0.1777943 -0.3997091 0.0851465 -0.2130101 -0.3447246 -0.0728673 -0.2533767 -0.9646194 0.2882880 -0.4235184 -0.8587911 0.0222800 -0.4063159 -0.9134610 0.2056305 -0.5144237 -0.8325169
-0.0272540 -0.0897858 -0.3598526 0.1006953 -0.1388882 -0.2889547 0.0074596 -0.1754661 -0.4052718 0.0871989 -0.2074742 -0.3407358 -0.0732862 -0.2414346 -0.9676458 0.2996510 -0.4133060 -0.8598764 0.0168888 -0.3972616 -0.9175500 0.2135393 -0.5080787 -0.8344202
-0.0285095 -0.0835430 -0.3720908 0.1018604 -0.1365817 -0.2885221 0.0009067 -0.1581373 -0.4367400 0.0881372 -0.2051676 -0.3402437 -0.0745505 -0.2184597 -0.9729941 0.3039930 -0.4076156 -0.8610678 0.0019520 -0.3404543 -0.9402590 0.2165672 -0.5041298 -0.8360334
-0.0801101 -0.0575486 -0.3949852 0.1154868 -0.1274799 -0.2835505 -0.0284832 -0.1578137 -0.5186501 0.1012844 -0.1960658 -0.3351435 -0.1967751 -0.1413570 -0.9702050 0.3482229 -0.3843852 -0.8549788 -0.0524672 -0.2906994 -0.9553748 0.2524065 -0.4886073 -0.8351969
-0.0823911 -0.0552390 -0.3976388 0.1202454 -0.1311869 -0.2879625 -0.0348784 -0.1498336 -0.5206958 0.1058757 -0.1997728 -0.3395081 -0.2010398 -0.1347869 -0.9702657 0.3552160 -0.3875382 -0.8506678 -0.0642391 -0.2759639 -0.9590189 0.2595611 -0.4897561 -0.8323263
-0.1087166 -0.0152858 -0.3793747 0.1256109 -0.1409102 -0.2999818 -0.0474125 -0.1346557 -0.5307345 0.1039032 -0.2138689 -0.3693794 -0.2752732 -0.0387040 -0.9605866 0.3543995 -0.3975650 -0.8463705 -0.0862674 -0.2450071 -0.9656756 0.2365246 -0.4868497 -0.8408529
-0.1048943 -0.0355009 -0.4047843 0.1262632 -0.1436957 -0.3025266 -0.0843181 -0.0844779 -0.5008917 0.1035334 -0.2165134 -0.3717434 -0.2499514 -0.0845947 -0.9645559 0.3527604 -0.4014642 -0.8452139 -0.1637512 -0.1640615 -0.9727638 0.2339833 -0.4893157 -0.8401321
-0.1383331 -0.0045612 -0.4074678 0.1293850 -0.1523273 -0.3096085 -0.1023401 -0.0535778 -0.4872406 0.1058118 -0.2246250 -0.3790877 -0.3214557 -0.0105992 -0.9468653 0.3511006 -0.4133572 -0.8401572 -0.2043748 -0.1069958 -0.9730277 0.2334943 -0.4956786 -0.8365304
-0.1657303 0.0061709 -0.4233426 0.1503099 -0.1337207 -0.2698998 -0.1069373 -0.0451452 -0.5182197 0.0894013 -0.2984029 -0.4515769 -0.3645078 0.0135723 -0.9311014 0.4465129 -0.3972327 -0.8017683 -0.2013656 -0.0850095 -0.9758203 0.1629636 -0.5439384 -0.8231487
-0.1433691 0.0212390 -0.4717554 0.1363839 -0.1776625 -0.3188298 -0.1168556 -0.0317485 -0.5574573 0.0940999 -0.2998576 -0.4446852 -0.2905049 0.0430360 -0.9559052 0.3500281 -0.4559694 -0.8182739 -0.2048455 -0.0556544 -0.9772108 0.1728090 -0.5506711 -0.8166385
-0.1739202 0.0081403 -0.4345183 0.1360880 -0.1783347 -0.3195918 -0.1475193 0.0108985 -0.5201259 0.1019137 -0.3006964 -0.4405077 -0.3715423 0.0173900 -0.9282531 0.3485289 -0.4567249 -0.8184925 -0.2728045 0.0201544 -0.9618584 0.1876855 -0.5537661 -0.8112442
-0.1855465 0.0512251 -0.4655570 0.1392218 -0.1828263 -0.3154378 -0.1361503 0.0086034 -0.5902529 0.1190936 -0.2557209 -0.3853732 -0.3683083 0.1016814 -0.9241266 0.3567338 -0.4684634 -0.8082592 -0.2247398 0.0142014 -0.9743153 0.2493655 -0.5354441 -0.8069179
-0.2106524 0.0603078 -0.4503301 0.1386379 -0.1893738 -0.3130212 -0.1478396 0.0231682 -0.5927117 0.1201471 -0.2661669 -0.3791314 -0.4206250 0.1204210 -0.8992071 0.3543593 -0.4840405 -0.8000839 -0.2418405 0.0378992 -0.9695756 0.2510591 -0.5561815 -0.7922320
-0.1791820 0.1122653 -0.4622358 0.1411899 -0.1955034 -0.3093229 -0.1598808 0.0491052 -0.6070880 0.1234454 -0.2731778 -0.3746027 -0.3525104 0.2208631 -0.9093712 0.3599759 -0.4984530 -0.7886456 -0.2538977 0.0779812 -0.9640824 0.2572941 -0.5693775 -0.7807746
-0.1880524 0.1153697 -0.4707655 0.1479500 -0.2041702 -0.2958947 -0.1606377 0.0677433 -0.6108398 0.1307642 -0.2812660 -0.3620037 -0.3617101 0.2219083 -0.9054957 0.3805765 -0.5251936 -0.7611394 -0.2528806 0.1066435 -0.9616021 0.2743030 -0.5900096 -0.7593725
-0.1849070 0.1224273 -0.4683297 0.1526108 -0.2070293 -0.2845367 -0.1645292 0.0959900 -0.6210285 0.1372823 -0.2842711 -0.3509336 -0.3568385 0.2362635 -0.9037953 0.3978879 -0.5397682 -0.7418460 -0.2532836 0.1477713 -0.9560392 0.2908349 -0.6022330 -0.7434585
-0.1733188 0.1115250 -0.4477468 0.1567718 -0.2071978 -0.2695568 -0.1664880 0.1127804 -0.6203067 0.1407973 -0.2840619 -0.3362432 -0.3516279 0.2262611 -0.9083852 0.4187373 -0.5534252 -0.7199859 -0.2553155 0.1729529 -0.9512630 0.3046630 -0.6146647 -0.7275767
-0.1511136 0.1473688 -0.4515757 0.1759554 -0.2023695 -0.2369653 -0.1310113 0.1397680 -0.6317729 0.1631858 -0.2767671 -0.3070561 -0.3031542 0.2956416 -0.9059214 0.4916830 -0.5654935 -0.6621668 -0.1984481 0.2117124 -0.9569724 0.3671845 -0.6227541 -0.6909073
-0.1993236 0.1595754 -0.5684929 0.1590032 -0.1992200 -0.2421528 -0.1834167 0.1626184 -0.6156320 0.1388785 -0.2725259 -0.3116746 -0.3198388 0.2560580 -0.9122157 0.4522530 -0.5666418 -0.6887556 -0.2767978 0.2454106 -0.9290622 0.3180250 -0.6240710 -0.7137195
-0.2339415 0.1724076 -0.5250221 0.1612329 -0.1958322 -0.2312002 -0.1906490 0.1797482 -0.6079557 0.1382130 -0.2680122 -0.3010004 -0.3898477 0.2873056 -0.8749139 0.4697657 -0.5705738 -0.6736213 -0.2879821 0.2715160 -0.9183384 0.3243912 -0.6290351 -0.7064596
-0.2070645 0.1952477 -0.5470022 0.1645145 -0.1881122 -0.2124397 -0.1920562 0.2014015 -0.5952107 0.1386555 -0.2572930 -0.2842620 -0.3358108 0.3166466 -0.8871111 0.5015738 -0.5735185 -0.6476884 -0.2922976 0.3065206 -0.9058737 0.3400812 -0.6310639 -0.6972110
-0.2092290 0.2002245 -0.5299008 0.1699252 -0.1816935 -0.1937575 -0.1908539 0.2196567 -0.5756330 0.1399429 -0.2469512 -0.2676259 -0.3464790 0.3315677 -0.8775051 0.5388911 -0.5762127 -0.6144716 -0.2958966 0.3405520 -0.8924514 0.3587188 -0.6330156 -0.6860117
-0.2140566 0.2016108 -0.4899122 0.1733674 -0.1715663 -0.1709469 -0.1846485 0.2304006 -0.5594369 0.1367410 -0.2306426 -0.2469918 -0.3746274 0.3528456 -0.8574114 0.5820646 -0.5760174 -0.5739379 -0.2919005 0.3642274 -0.8843825 0.3750919 -0.6326718 -0.6775193
-0.1908133 0.2137215 -0.4921813 0.1909536 -0.1587690 -0.1128348 -0.1663762 0.2384770 -0.5433760 0.1591505 -0.2137726 -0.1939360 -0.3350548 0.3752799 -0.8642357 0.7000579 -0.5820653 -0.4136653 -0.2699654 0.3869577 -0.8816929 0.4828536 -0.6485742 -0.5883910
-0.1744624 0.2226145 -0.4749041 0.1923324 -0.1529671 -0.1076743 -0.1502226 0.2474212 -0.5190949 0.1582152 -0.2014839 -0.1919145 -0.3156284 0.4027428 -0.8591722 0.7168580 -0.5701364 -0.4013217 -0.2527541 0.4162936 -0.8733928 0.4942802 -0.6294559 -0.5995601
-0.1691682 0.2214815 -0.4345781 0.1929297 -0.1582835 -0.0776973 -0.1406693 0.2519804 -0.4840584 0.1257270 -0.1992637 -0.2533792 -0.3276767 0.4290070 -0.8417725 0.7381580 -0.6056000 -0.2972734 -0.2496104 0.4471264 -0.8589369 0.3633753 -0.5759108 -0.7323149
-0.1697885 0.2209138 -0.3999170 0.1918554 -0.1547800 -0.0784089 -0.1330579 0.2502926 -0.4463869 0.1230232 -0.1763057 -0.2379525 -0.3483512 0.4532439 -0.8205007 0.7416821 -0.5983547 -0.3031161 -0.2516302 0.4733366 -0.8441769 0.3836247 -0.5497758 -0.7420099
-0.1251878 0.2246413 -0.3789130 0.1841606 -0.1504382 -0.0724247 -0.1166516 0.2449022 -0.4098374 0.1213688 -0.1481704 -0.2239015 -0.2733705 0.4905454 -0.8274260 0.7408499 -0.6051897 -0.2913535 -0.2373481 0.4982966 -0.8338863 0.4119129 -0.5028746 -0.7598980
-0.1101355 0.2126213 -0.3532351 0.1164315 -0.1080561 -0.1937602 -0.1047433 0.2261109 -0.3654809 0.1262085 -0.1657011 -0.2425457 -0.2580817 0.4982378 -0.8277396 0.4647031 -0.4312752 -0.7733387 -0.2367882 0.5111583 -0.8262255 0.3947604 -0.5182874 -0.7586451
-0.1187645 0.1820618 -0.2971502 0.1392095 -0.0673619 -0.1532713 -0.0886252 0.2110055 -0.3398225 0.1077326 -0.1047274 -0.2116802 -0.3225798 0.4945036 -0.8070988 0.6393496 -0.3093741 -0.7039316 -0.2163153 0.5150199 -0.8294349 0.4150240 -0.4034468 -0.8154666
-0.1192013 0.1365705 -0.2445974 0.1249586 -0.0438209 -0.1550719 -0.0746619 0.1865041 -0.3009875 0.0884505 -0.0740351 -0.2146747 -0.3915331 0.4485845 -0.8034138 0.6127910 -0.2148955 -0.7604650 -0.2063212 0.5153863 -0.8317503 0.3629477 -0.3037955 -0.8808957
-0.1169237 0.1260745 -0.2321220 0.0875580 -0.0387841 -0.2009992 -0.0599944 0.1682639 -0.2844657 0.1077954 -0.1059933 -0.2305222 -0.4047606 0.4364385 -0.8035486 0.3932608 -0.1741962 -0.9027744 -0.1786046 0.5009256 -0.8468612 0.3910281 -0.3844910 -0.8362199
-0.1043632 0.1012866 -0.2091128 0.1156179 -0.0200122 -0.1590658 -0.0551706 0.1245636 -0.2436806 0.0792473 -0.0398955 -0.2145528 -0.4097284 0.3976495 -0.8209735 0.5849300 -0.1012450 -0.8047399 -0.1976183 0.4461806 -0.8728516 0.3413274 -0.1718346 -0.9241041
-0.0776721 0.0791535 -0.1904182 0.0845280 -0.0402707 -0.1987978 -0.0464806 0.1108659 -0.2336664 0.0478799 -0.0035300 -0.2545220 -0.3524825 0.3592053 -0.8641340 0.3846663 -0.1832621 -0.9046805 -0.1768822 0.4219013 -0.8892199 0.1848572 -0.0136288 -0.9826709
-0.0239359 0.0282872 -0.1971912 0.0811460 -0.0406352 -0.1998440 0.0537635 0.0195056 -0.2470673 0.0413264 0.0042492 -0.2467255 -0.1192962 0.1409830 -0.9827981 0.3697117 -0.1851392 -0.9105146 0.2120006 0.0769147 -0.9742381 0.1651743 0.0169833 -0.9861182
-0.0300809 0.0193387 -0.2032581 0.0802119 -0.0399564 -0.2033571 0.0444713 0.0074891 -0.2571406 0.0408454 0.0111225 -0.2438455 -0.1457549 0.0937043 -0.9848731 0.3609470 -0.1798004 -0.9150897 0.1703455 0.0286867 -0.9849667 0.1650367 0.0449407 -0.9852630
-0.0447959 -0.0058500 -0.2123582 0.0761506 -0.0433895 -0.2110540 0.0242440 -0.0261252 -0.2708714 0.0008219 -0.0098482 -0.2597155 -0.2063279 -0.0269448 -0.9781118 0.3332213 -0.1898646 -0.9235340 0.0887388 -0.0956245 -0.9914542 0.0031625 -0.0378918 -0.9992768
-0.1134042 -0.0503538 -0.1712590 0.0760556 -0.0474368 -0.2197704 -0.0681531 -0.0858775 -0.2165363 -0.0215570 -0.0345230 -0.2829218 -0.5362295 -0.2380970 -0.8097949 0.3204400 -0.1998624 -0.9259445 -0.2808015 -0.3538288 -0.8921635 -0.0754179 -0.1207797 -0.9898103
-0.1522702 -0.0811734 -0.1586744 0.1375012 -0.1456638 -0.1002240 -0.1211389 -0.1270493 -0.1989873 0.1085432 -0.2006052 -0.1292356 -0.6495604 -0.3462728 -0.6768799 0.6138851 -0.6503278 -0.4474582 -0.4565202 -0.4787938 -0.7498972 0.4140402 -0.7652123 -0.4929715
-0.1132085 -0.1053355 -0.2109605 0.1179622 -0.1379778 -0.1354063 -0.0713312 -0.1599676 -0.2659122 0.0375370 -0.1100229 -0.1684129 -0.4328126 -0.4027131 -0.8065330 0.5208778 -0.6092592 -0.5979042 -0.2240209 -0.5023896 -0.8351163 0.1834306 -0.5376448 -0.8229771
-0.1545620 -0.0852838 -0.1955011 0.1155515 -0.1448328 -0.1466772 -0.1290125 -0.1352265 -0.2418813 0.0370536 -0.1140523 -0.1787054 -0.5867794 -0.3237716 -0.7422007 0.4889806 -0.6128906 -0.6206957 -0.4220583 -0.4423871 -0.7913030 0.1721721 -0.5299515 -0.8303663
-0.1174060 -0.1181204 -0.2454915 0.1179010 -0.1551672 -0.1699347 -0.0586211 -0.1894004 -0.2910474 0.0377229 -0.1265668 -0.2046321 -0.3957696 -0.3981778 -0.8275391 0.4559841 -0.6001115 -0.6572250 -0.1664611 -0.5378230 -0.8264606 0.1548878 -0.5196753 -0.8402067
-0.1018810 -0.1169701 -0.2706340 0.1176266 -0.1533655 -0.1776832 -0.0411936 -0.1976447 -0.2911414 0.0900004 -0.1976925 -0.2330847 -0.3266079 -0.3749802 -0.8675927 0.4480296 -0.5841561 -0.6767799 -0.1162699 -0.5578562 -0.8217529 0.2824804 -0.6204888 -0.7315726
-0.0936191 -0.1249852 -0.2878738 0.1017881 -0.1714878 -0.2189081 -0.0469752 -0.2112302 -0.3194639 0.0742055 -0.2225769 -0.2681674 -0.2858585 -0.3816325 -0.8790003 0.3437343 -0.5791073 -0.7392439 -0.1217441 -0.5474379 -0.8279433 0.2082579 -0.6246624 -0.7526124
-0.0927655 -0.1297474 -0.3000761 0.0980239 -0.1731294 -0.2236997 -0.0488687 -0.2170216 -0.3327575 0.0698388 -0.2225342 -0.2743171 -0.2729748 -0.3817992 -0.8830142 0.3274310 -0.5783071 -0.7472281 -0.1220902 -0.5421915 -0.8313377 0.1939601 -0.6180342 -0.7618486
-0.0937501 -0.1334807 -0.3166631 0.0964103 -0.1729876 -0.2301126 -0.0813788 -0.2023139 -0.3922960 0.0681795 -0.2222032 -0.2808878 -0.2631917 -0.3747304 -0.8889923 0.3175595 -0.5697925 -0.7579528 -0.1813127 -0.4507571 -0.8740388 0.1870069 -0.6094724 -0.7704361
-0.0951235 -0.1294377 -0.3259641 0.0968687 -0.1712435 -0.2319752 -0.0591028 -0.2535331 -0.4469202 0.0741955 -0.2245790 -0.2813537 -0.2617642 -0.3561911 -0.8969991 0.3184672 -0.5629831 -0.7626458 -0.1142715 -0.4901904 -0.8640922 0.2018595 -0.6109990 -0.7654626
-0.1075781 -0.1090625 -0.3384525 0.0953348 -0.1713378 -0.2338113 -0.0794464 -0.1793365 -0.4083176 0.0753112 -0.2272370 -0.2814691 -0.2895719 -0.2935674 -0.9110248 0.3124253 -0.5614974 -0.7662317 -0.1753838 -0.3958983 -0.9013906 0.2038170 -0.6149782 -0.7617483
-0.1154427 -0.0927184 -0.3553329 0.0973277 -0.1788426 -0.2487972 -0.0685129 -0.2101192 -0.4713488 0.0784262 -0.2590563 -0.3105992 -0.2998914 -0.2408594 -0.9230666 0.3027370 -0.5562885 -0.7738820 -0.1316062 -0.4036176 -0.9054130 0.1903613 -0.6287984 -0.7539066
-0.1181927 -0.0833968 -0.3578264 0.0986140 -0.1771826 -0.2492017 -0.0771485 -0.1800595 -0.4799225 0.0786010 -0.2575380 -0.3104681 -0.3062313 -0.2160769 -0.9271101 0.3069426 -0.5514923 -0.7756562 -0.1488314 -0.3473626 -0.9258447 0.1912584 -0.6266625 -0.7554564
-0.1253258 -0.0668150 -0.3686106 0.1014058 -0.1776524 -0.2487363 -0.0870600 -0.1522230 -0.4874787 0.0804289 -0.2575290 -0.3103058 -0.3172606 -0.1691413 -0.9331329 0.3148805 -0.5516376 -0.7723640 -0.1680498 -0.2938324 -0.9409685 0.1955989 -0.6262972 -0.7546475
-0.1602133 0.0002761 -0.3353513 0.1066276 -0.1789839 -0.2488179 -0.1017537 -0.1079118 -0.4835818 0.0856867 -0.2582686 -0.3111582 -0.4310784 0.0007429 -0.9023142 0.3285673 -0.5515296 -0.7667193 -0.2011673 -0.2133419 -0.9560423 0.2072946 -0.6248071 -0.7527583
-0.1642033 0.0052683 -0.3368778 0.1117164 -0.1815199 -0.2504399 -0.1190373 -0.0835748 -0.4812392 0.0906147 -0.2608787 -0.3126329 -0.4381060 0.0140562 -0.8988134 0.3397060 -0.5519639 -0.7615351 -0.2367779 -0.1662392 -0.9572360 0.2172270 -0.6253943 -0.7494628
-0.1863054 0.0563580 -0.3208953 0.1192275 -0.1887588 -0.2529458 -0.1275396 -0.0555745 -0.4888563 0.0949054 -0.2674872 -0.3147611 -0.4964003 0.1501628 -0.8550076 0.3533901 -0.5594808 -0.7497310 -0.2509303 -0.1093412 -0.9618100 0.2239238 -0.6311206 -0.7426607
-0.1931319 0.0600161 -0.3216317 0.1202900 -0.1909373 -0.2525408 -0.1383618 -0.0372969 -0.5088406 0.0954775 -0.2698792 -0.3138852 -0.5083320 0.1579651 -0.8465492 0.3551739 -0.5637703 -0.7456638 -0.2617346 -0.0705534 -0.9625576 0.2247465 -0.6352744 -0.7388609
-0.2025501 0.0639521 -0.3292542 0.1197322 -0.1936268 -0.2532770 -0.1443949 -0.0176126 -0.5563878 0.0955010 -0.2739068 -0.3130975 -0.5169436 0.1632171 -0.8403151 0.3515818 -0.5685658 -0.7437226 -0.2510826 -0.0306259 -0.9674810 0.2237500 -0.6417383 -0.7335584
-0.1762591 0.0569549 -0.4476187 0.1209269 -0.1983348 -0.2536293 -0.1518498 -0.0018968 -0.5707991 0.0973628 -0.2791169 -0.3130397 -0.3638475 0.1175707 -0.9240088 0.3516033 -0.5766720 -0.7374446 -0.2570870 -0.0032113 -0.9663829 0.2261320 -0.6482689 -0.7270570
-0.1636053 0.0595547 -0.4935618 0.1267820 -0.2014611 -0.2484241 -0.1534867 0.0273406 -0.5773398 0.1024732 -0.2813340 -0.3087606 -0.3125993 0.1137907 -0.9430447 0.3684919 -0.5855467 -0.7220448 -0.2566585 0.0457186 -0.9654202 0.2382565 -0.6541189 -0.7178874
-0.2346259 0.0792025 -0.3999327 0.1306576 -0.2045300 -0.2438372 -0.1560425 0.0607107 -0.5865495 0.1056809 -0.2837795 -0.3047200 -0.4987882 0.1683756 -0.8502118 0.3797791 -0.5945024 -0.7087557 -0.2558158 0.0995290 -0.9615884 0.2460000 -0.6605715 -0.7093160
-0.2322881 0.0856056 -0.4081658 0.1382154 -0.2068529 -0.2360661 -0.1539895 0.0851588 -0.5873647 0.1124861 -0.2845504 -0.2986122 -0.4865961 0.1793263 -0.8550242 0.4030120 -0.6031471 -0.6883276 -0.2511419 0.1388857 -0.9579345 0.2631001 -0.6655512 -0.6984411
-0.2285628 0.1148160 -0.4266100 0.1474431 -0.2065662 -0.2215691 -0.1596175 0.1178724 -0.5850554 0.1209966 -0.2815212 -0.2870929 -0.4595030 0.2308263 -0.8576574 0.4376460 -0.6131371 -0.6576693 -0.2583696 0.1907976 -0.9470171 0.2881552 -0.6704469 -0.6837160
-0.1766803 0.1436969 -0.5571740 0.1484294 -0.2097056 -0.2162555 -0.1668813 0.1421045 -0.5878538 0.1207574 -0.2834690 -0.2826241 -0.2935279 0.2387309 -0.9256613 0.4419927 -0.6244608 -0.6439652 -0.2659939 0.2265019 -0.9369867 0.2888194 -0.6779821 -0.6759613
-0.2057341 0.1654149 -0.5508411 0.1427278 -0.2002540 -0.2128630 -0.1977322 0.1747799 -0.5790720 0.1117121 -0.2730959 -0.2787771 -0.3368102 0.2708030 -0.9017896 0.4388331 -0.6157043 -0.6544721 -0.3107174 0.2746501 -0.9099571 0.2752018 -0.6727692 -0.6867646
