-0.3147902 0.1066000 -0.3325640 0.2356161 0.0096032 -0.2576989 -0.3133406 0.1260565 -0.3785328 0.2542063 0.0200088 -0.3551046 -0.6695312 0.2267289 -0.7073345 0.6745231 0.0274920 -0.7377417 -0.6176557 0.2484821 -0.7461622 0.5814772 0.0457687 -0.8122743
-0.3314148 0.1598386 -0.3721636 0.2608574 0.0311657 -0.2702599 -0.3289551 0.1749498 -0.3975585 0.2852654 0.0374956 -0.3687948 -0.6332627 0.3054174 -0.7111249 0.6921016 0.0826883 -0.7170481 -0.6037432 0.3210917 -0.7296535 0.6098647 0.0801613 -0.7884410
-0.3513435 0.1871131 -0.3843691 0.2734989 0.0296032 -0.2956202 -0.3486936 0.2046417 -0.4058432 0.3167964 0.0389708 -0.3777770 -0.6349422 0.3381476 -0.6946255 0.6772819 0.0733082 -0.7320623 -0.6086838 0.3572250 -0.7084450 0.6405562 0.0787981 -0.7638577
-0.3792727 0.2053528 -0.3977190 0.2949571 0.0329771 -0.2977632 -0.3851850 0.2432694 -0.4234511 0.3494938 0.0401108 -0.3858056 -0.6464686 0.3500230 -0.6779102 0.7015829 0.0784392 -0.7082575 -0.6192890 0.3911214 -0.6808122 0.6693849 0.0768242 -0.7389329
-0.4018289 0.2323292 -0.4158195 0.3281740 0.0236772 -0.3249692 -0.3999759 0.2492138 -0.4304305 0.3654349 0.0256362 -0.3893170 -0.6448074 0.3728143 -0.6672578 0.7096359 0.0511990 -0.7027059 -0.6266793 0.3904663 -0.6743954 0.6836023 0.0479564 -0.7282775
-0.4220669 0.2570664 -0.4263543 0.3302341 0.0193925 -0.3163761 -0.4175204 0.2673479 -0.4338785 0.3810468 0.0233762 -0.3802816 -0.6466596 0.3938580 -0.6532283 0.7214472 0.0423658 -0.6911723 -0.6337361 0.4057958 -0.6585654 0.7071508 0.0433817 -0.7057306
-0.4251845 0.2714760 -0.4214301 0.3464877 0.0258421 -0.3113324 -0.4315608 0.3012199 -0.4431488 0.4041285 0.0282497 -0.3718175 -0.6468344 0.4129972 -0.6411229 0.7426926 0.0553922 -0.6673376 -0.6272587 0.4378127 -0.6441014 0.7349417 0.0513744 -0.6761814
-0.4411259 0.3124380 -0.4102511 0.3478881 0.0520170 -0.3122724 -0.4422688 0.3314318 -0.4369605 0.4135498 0.0539186 -0.3723778 -0.6500405 0.4604068 -0.6045436 0.7396085 0.1105879 -0.6638898 -0.6277371 0.4704198 -0.6202027 0.7396669 0.0964377 -0.6660275
-0.4230842 0.2976936 -0.3539626 0.3487833 0.0532884 -0.3094787 -0.4509442 0.3415861 -0.4366484 0.4138815 0.0545711 -0.3710067 -0.6749624 0.4749219 -0.5646901 0.7431585 0.1135424 -0.6594115 -0.6310193 0.4779913 -0.6110147 0.7410596 0.0977101 -0.6642917
-0.4471606 0.3197845 -0.4019906 0.3498767 0.0530196 -0.3084686 -0.4549747 0.3463348 -0.4354177 0.4150743 0.0541190 -0.3706723 -0.6565881 0.4695553 -0.5902626 0.7453002 0.1129412 -0.6570936 -0.6330470 0.4818865 -0.6058356 0.7423727 0.0967934 -0.6629584
-0.4453633 0.3216639 -0.3967241 0.3530911 0.0547585 -0.3074603 -0.4543203 0.3491873 -0.4347658 0.4187441 0.0562040 -0.3683068 -0.6572197 0.4746773 -0.5854431 0.7490506 0.1161651 -0.6522490 -0.6316344 0.4854696 -0.6044480 0.7470960 0.1002755 -0.6571091
-0.4483260 0.3288151 -0.4077985 0.3558624 0.0568563 -0.3054715 -0.4529818 0.3525991 -0.4358388 0.4209626 0.0569565 -0.3702192 -0.6502156 0.4768867 -0.5914379 0.7532706 0.1203504 -0.6466059 -0.6284906 0.4892144 -0.6047055 0.7470692 0.1010789 -0.6570165
-0.4466952 0.3295728 -0.4076299 0.3576144 0.0569178 -0.3055394 -0.4505488 0.3548899 -0.4360717 0.4229228 0.0569669 -0.3700764 -0.6486000 0.4785387 -0.5918773 0.7547866 0.1201317 -0.6448763 -0.6253404 0.4925705 -0.6052469 0.7487230 0.1008517 -0.6551662
-0.4241448 0.3052358 -0.3496040 0.3561361 0.0560606 -0.3057663 -0.4510984 0.3544920 -0.4368480 0.4207982 0.0565619 -0.3709480 -0.6746148 0.4854866 -0.5560554 0.7533687 0.1185902 -0.6468168 -0.6255666 0.4915964 -0.6058048 0.7463581 0.1003222 -0.6579401
-0.4209177 0.3074130 -0.3519506 0.3569367 0.0599942 -0.3041171 -0.4467274 0.3563135 -0.4391927 0.4221730 0.0604162 -0.3687236 -0.6692679 0.4887929 -0.5596088 0.7550260 0.1269053 -0.6432968 -0.6198482 0.4943961 -0.6093937 0.7488383 0.1071644 -0.6540314
-0.4331277 0.3278508 -0.4081875 0.3583571 0.0634831 -0.3016296 -0.4363569 0.3543536 -0.4436350 0.4242824 0.0639926 -0.3655310 -0.6374332 0.4824974 -0.6007289 0.7581322 0.1343033 -0.6381208 -0.6093599 0.4948446 -0.6195235 0.7527146 0.1135285 -0.6484844
-0.4322685 0.3320349 -0.4287725 0.3576632 0.0653714 -0.3006543 -0.4310112 0.3523277 -0.4465597 0.4226756 0.0665981 -0.3654732 -0.6233098 0.4787780 -0.6182689 0.7580922 0.1385593 -0.6372578 -0.6039385 0.4936863 -0.6257253 0.7511214 0.1183491 -0.6494691
-0.4290702 0.3250540 -0.4308308 0.3515334 0.0625196 -0.3031387 -0.4262476 0.3439586 -0.4483739 0.4114599 0.0644919 -0.3726688 -0.6223139 0.4714510 -0.6248674 0.7505344 0.1334811 -0.6472101 -0.6021830 0.4859288 -0.6334420 0.7362297 0.1153960 -0.6668205
-0.4111625 0.3031456 -0.4340465 0.3465264 0.0609305 -0.3065298 -0.4113810 0.3315887 -0.4489675 0.4033135 0.0632136 -0.3786369 -0.6133693 0.4522304 -0.6475074 0.7425978 0.1305726 -0.6568861 -0.5933095 0.4782300 -0.6475183 0.7243448 0.1135306 -0.6800260
-0.4031409 0.2917579 -0.4361890 0.3378673 0.0618169 -0.3047379 -0.3958730 0.3127851 -0.4496439 0.3938253 0.0659335 -0.3814743 -0.6092091 0.4408918 -0.6591499 0.7358153 0.1346262 -0.6636654 -0.5857689 0.4628246 -0.6653331 0.7131425 0.1193929 -0.6907772
-0.3895058 0.2687951 -0.4274968 0.3329717 0.0615026 -0.3073788 -0.3833609 0.2919639 -0.4433385 0.3748423 0.0660455 -0.3837405 -0.6107545 0.4214772 -0.6703253 0.7281058 0.1344872 -0.6721422 -0.5854663 0.4458855 -0.6770638 0.6935277 0.1221965 -0.7099911
-0.3759434 0.2279996 -0.3959386 0.3102275 0.0597022 -0.2928411 -0.3806994 0.2694345 -0.4374353 0.3529781 0.0658734 -0.3894786 -0.6353835 0.3853431 -0.6691775 0.7201724 0.1385948 -0.6798111 -0.5953688 0.4213637 -0.6840970 0.6663210 0.1243501 -0.7352234
-0.3767240 0.2224848 -0.3927741 0.3006719 0.0555071 -0.2887554 -0.3749653 0.2534927 -0.4360373 0.3165555 0.0631352 -0.3870237 -0.6407353 0.3784040 -0.6680335 0.7149452 0.1319862 -0.6866098 -0.5966233 0.4033430 -0.6937976 0.6281299 0.1252770 -0.7679573
-0.3526630 0.2050176 -0.3964589 0.2924205 0.0558631 -0.2887193 -0.3377467 0.2143346 -0.4288722 0.3013121 0.0612107 -0.3791759 -0.6199648 0.3604112 -0.6969558 0.7051105 0.1347021 -0.6961857 -0.5759005 0.3654675 -0.7312811 0.6172277 0.1253881 -0.7767289
-0.3237169 0.1807806 -0.3861855 0.2832371 0.0462397 -0.2706164 -0.3116860 0.1924752 -0.4207200 0.2786401 0.0573377 -0.3631310 -0.6046681 0.3376786 -0.7213527 0.7180470 0.1172244 -0.6860517 -0.5587241 0.3450284 -0.7541769 0.6040404 0.1242976 -0.7872010
-0.3111477 0.1583472 -0.3627550 0.2793551 0.0481996 -0.2732094 -0.2897637 0.1596296 -0.3892006 0.2476920 0.0558824 -0.3519141 -0.6180115 0.3145142 -0.7205155 0.7095493 0.1224248 -0.6939394 -0.5672687 0.3125060 -0.7619358 0.5707770 0.1287744 -0.8109444
-0.2968390 0.1098198 -0.3295678 0.2823482 0.0294517 -0.2523653 -0.2714200 0.1105127 -0.3664669 0.2239041 0.0338790 -0.3226187 -0.6496321 0.2403405 -0.7212590 0.7433404 0.0775379 -0.6644042 -0.5784330 0.2355175 -0.7809909 0.5680510 0.0859518 -0.8184927
-0.2804230 0.0878740 -0.3124106 0.2817188 0.0244649 -0.2362193 -0.2332133 0.0762681 -0.3597570 0.2161443 0.0298337 -0.3099632 -0.6538118 0.2048800 -0.7283916 0.7645822 0.0663976 -0.6410971 -0.5355493 0.1751415 -0.8261431 0.5702131 0.0787047 -0.8177179
-0.2606200 0.0616985 -0.2961572 0.2840550 0.0234654 -0.2306858 -0.2091535 0.0498096 -0.3387599 0.2135866 0.0316016 -0.2594841 -0.6526962 0.1545176 -0.7416953 0.7746684 0.0639943 -0.6291213 -0.5212826 0.1241426 -0.8443063 0.6327279 0.0936164 -0.7686946
-0.2383900 0.0306890 -0.2765687 0.2938521 0.0356306 -0.2267248 -0.1826841 0.0127072 -0.3109007 0.2240311 0.0309200 -0.2337512 -0.6505964 0.0837542 -0.7547911 0.7881084 0.0955609 -0.6080735 -0.5062965 0.0352170 -0.8616401 0.6888029 0.0950662 -0.7186884
-0.2500217 0.0216739 -0.2379860 0.2887572 0.0336948 -0.2245949 -0.1888796 -0.0005071 -0.2860965 0.2180068 0.0279450 -0.2332598 -0.7229022 0.0626669 -0.6881027 0.7860171 0.0917197 -0.6113630 -0.5509551 -0.0014792 -0.8345336 0.6802158 0.0871930 -0.7278076
-0.2501999 0.0133513 -0.2255617 0.2753412 0.0330690 -0.2223456 -0.1885331 -0.0172915 -0.2649691 0.2109650 0.0227287 -0.2289716 -0.7421477 0.0396029 -0.6690653 0.7746296 0.0930346 -0.6255347 -0.5789318 -0.0530973 -0.8136452 0.6757991 0.0728086 -0.7334810
-0.2141826 -0.0184942 -0.2203768 0.2610194 0.0307144 -0.2173830 -0.1637726 -0.0373848 -0.2616992 0.1956032 0.0082867 -0.2255279 -0.6956982 -0.0600720 -0.7158180 0.7652920 0.0900527 -0.6373529 -0.5266422 -0.1202178 -0.8415436 0.6549569 0.0277472 -0.7551566
-0.2107871 -0.0229847 -0.2151270 0.2503444 0.0289873 -0.2125704 -0.1568587 -0.0500128 -0.2462214 0.1944689 -0.0111002 -0.2734089 -0.6978361 -0.0760936 -0.7122040 0.7593213 0.0879215 -0.6447488 -0.5295810 -0.1688515 -0.8312841 0.5792956 -0.0330660 -0.8144466
-0.2432225 -0.0112947 -0.1589387 0.2462004 0.0248013 -0.2081380 -0.1795258 -0.0470375 -0.2145773 0.1914522 -0.0174529 -0.2685341 -0.8364819 -0.0388444 -0.5466162 0.7614201 0.0767025 -0.6437050 -0.6328025 -0.1658002 -0.7563539 0.5797081 -0.0528467 -0.8131087
-0.2401273 -0.0124506 -0.1579355 0.2366927 0.0166425 -0.2006502 -0.1748530 -0.0515538 -0.2093232 0.1826294 -0.0285304 -0.2595326 -0.8347029 -0.0432794 -0.5489972 0.7617003 0.0535571 -0.6457122 -0.6299318 -0.1857295 -0.7541157 0.5731719 -0.0895410 -0.8145283
-0.2339026 -0.0158781 -0.1561685 0.2332402 0.0125455 -0.1941414 -0.1682610 -0.0578656 -0.2047358 0.1788070 -0.0342124 -0.2514235 -0.8303447 -0.0563668 -0.5543919 0.7679305 0.0413054 -0.6391999 -0.6203156 -0.2133290 -0.7547843 0.5760295 -0.1102157 -0.8099645
-0.2312471 -0.0170757 -0.1518458 0.2310499 0.0023769 -0.1873220 -0.1649737 -0.0608341 -0.1979286 0.1762602 -0.0431888 -0.2452221 -0.8343110 -0.0616071 -0.5478410 0.7767569 0.0079907 -0.6297498 -0.6231289 -0.2297790 -0.7476041 0.5777725 -0.1415707 -0.8038263
-0.2255785 -0.0204958 -0.1497996 0.2314472 -0.0030179 -0.1873291 -0.1594729 -0.0649684 -0.1954409 0.1799302 -0.0517756 -0.2456348 -0.8306718 -0.0754739 -0.5516231 0.7772590 -0.0101351 -0.6290991 -0.6122280 -0.2494182 -0.7503115 0.5825698 -0.1676367 -0.7953052
-0.1641228 -0.0576187 -0.1760346 0.2228375 -0.0235441 -0.1807603 -0.1392103 -0.0847883 -0.2330173 0.1708811 -0.0685587 -0.2416306 -0.6631867 -0.2328254 -0.7113197 0.7740158 -0.0817793 -0.6278628 -0.4895413 -0.2981633 -0.8194193 0.5625048 -0.2256808 -0.7953971
-0.1617645 -0.0606301 -0.1809881 0.2086575 -0.0403332 -0.1747289 -0.1316921 -0.0907259 -0.2338643 0.1212662 -0.0698494 -0.2177135 -0.6465387 -0.2423258 -0.7233712 0.7584042 -0.1465984 -0.6350842 -0.4648283 -0.3202314 -0.8254614 0.4685494 -0.2698848 -0.8412037
-0.1600724 -0.0624615 -0.1871284 0.1775092 -0.0494619 -0.1613782 -0.1283457 -0.0895523 -0.2406592 0.1210696 -0.0704925 -0.2227375 -0.6300810 -0.2458626 -0.7365796 0.7246849 -0.2019291 -0.6588296 -0.4470889 -0.3119531 -0.8383297 0.4601079 -0.2678965 -0.8464822
-0.1665437 -0.0674511 -0.2065432 0.1710756 -0.0468178 -0.1806582 -0.1361782 -0.0817482 -0.2655319 0.1242329 -0.0858173 -0.2493317 -0.6083483 -0.2463845 -0.7544581 0.6757283 -0.1849248 -0.7135783 -0.4401224 -0.2642069 -0.8581882 0.4262038 -0.2944119 -0.8553782
-0.1768348 -0.0614202 -0.2182037 0.1669191 -0.0506595 -0.2059404 -0.1477999 -0.0684221 -0.2807537 0.1307177 -0.0877986 -0.2817126 -0.6150790 -0.2136362 -0.7589713 0.6184742 -0.1877053 -0.7630572 -0.4553643 -0.2108052 -0.8649882 0.4050315 -0.2720458 -0.8728921
-0.1982293 -0.0504732 -0.2384131 0.1604793 -0.0636805 -0.2405819 -0.1712663 -0.0496952 -0.3089915 0.1501242 -0.0788820 -0.3125411 -0.6310245 -0.1606717 -0.7589418 0.5419357 -0.2150479 -0.8124408 -0.4800607 -0.1392960 -0.8661052 0.4221878 -0.2218364 -0.8789460
-0.2349146 -0.0262660 -0.2408188 0.1659764 -0.0589052 -0.2425522 -0.1987147 -0.0307087 -0.3334171 0.1653232 -0.0736202 -0.3274165 -0.6961587 -0.0778381 -0.7136556 0.5537177 -0.1965151 -0.8091839 -0.5103686 -0.0788706 -0.8563313 0.4419186 -0.1967913 -0.8752035
-0.2354066 -0.0202989 -0.2708961 0.1788936 -0.0596892 -0.2688877 -0.2213643 -0.0106742 -0.3392148 0.2089402 -0.0644952 -0.3611318 -0.6548857 -0.0564703 -0.7536152 0.5446931 -0.1817411 -0.8187061 -0.5463158 -0.0263433 -0.8371649 0.4949137 -0.1527689 -0.8554076
-0.2514430 -0.0032369 -0.2987069 0.2052303 -0.0292600 -0.2853231 -0.2522403 0.0158583 -0.3374918 0.2231007 -0.0509497 -0.3650316 -0.6439644 -0.0082898 -0.7650106 0.5819123 -0.0829641 -0.8090086 -0.5982410 0.0376114 -0.8004330 0.5178345 -0.1182583 -0.8472676
-0.2750322 0.0329715 -0.3276732 0.2361282 -0.0203273 -0.3434325 -0.2683735 0.0567247 -0.3834696 0.2660068 -0.0298976 -0.3874238 -0.6409988 0.0768444 -0.7636854 0.5658860 -0.0487147 -0.8230431 -0.5692182 0.1203126 -0.8133360 0.5648853 -0.0634898 -0.8227233
-0.2919011 0.0793798 -0.3502650 0.2511839 -0.0096020 -0.3316305 -0.2967960 0.1097212 -0.4425040 0.3071223 -0.0042306 -0.3924575 -0.6307149 0.1715170 -0.7568227 0.6036185 -0.0230745 -0.7969393 -0.5455806 0.2016932 -0.8134259 0.6162632 -0.0084889 -0.7874945
-0.2786126 0.1262973 -0.4083566 0.3167699 0.0199854 -0.3243322 -0.2795450 0.1689392 -0.4902613 0.3689947 0.0184132 -0.3692570 -0.5460566 0.2475318 -0.8003438 0.6980394 0.0440401 -0.7147037 -0.4745268 0.2867737 -0.8322170 0.7064162 0.0352509 -0.7069184
-0.2947404 0.1911439 -0.4769625 0.3475013 0.0468918 -0.3237763 -0.2966641 0.2017731 -0.4998743 0.4048690 0.0476767 -0.3661279 -0.4975621 0.3226771 -0.8051779 0.7281014 0.0982500 -0.6783917 -0.4821440 0.3279255 -0.8124051 0.7388888 0.0870104 -0.6681860
-0.2985068 0.1995541 -0.4777635 0.3518803 0.0538632 -0.3220300 -0.3109009 0.2376248 -0.5076207 0.4120127 0.0571497 -0.3641019 -0.4994671 0.3338977 -0.7994029 0.7330453 0.1122092 -0.6708604 -0.4850704 0.3707444 -0.7919945 0.7453161 0.1033818 -0.6586472
-0.3192565 0.2286381 -0.4427069 0.3652254 0.0715076 -0.3140933 -0.3212438 0.2548805 -0.5105258 0.4306551 0.0800771 -0.3607380 -0.5394960 0.3863644 -0.7481087 0.7499676 0.1468365 -0.6449711 -0.4905782 0.3892334 -0.7796348 0.7589204 0.1411157 -0.6357092
-0.3200433 0.2357220 -0.4496052 0.3726545 0.0804097 -0.3108881 -0.3258506 0.2767521 -0.5133105 0.4391047 0.0927620 -0.3589387 -0.5333038 0.3927951 -0.7491990 0.7575459 0.1634599 -0.6319850 -0.4877816 0.4142838 -0.7683997 0.7640883 0.1614157 -0.6245912
-0.3405072 0.2638416 -0.4776358 0.3743868 0.0907944 -0.3198772 -0.3421440 0.2909269 -0.5042848 0.4420130 0.1068966 -0.3678667 -0.5294037 0.4102079 -0.7426044 0.7476820 0.1813241 -0.6388218 -0.5066693 0.4308236 -0.7467779 0.7556845 0.1827551 -0.6289209
-0.3456556 0.2704896 -0.4364067 0.3748560 0.1015261 -0.3237368 -0.3533397 0.3142314 -0.4959339 0.4409322 0.1185243 -0.3727792 -0.5584591 0.4370170 -0.7050813 0.7414101 0.2008037 -0.6403038 -0.5156509 0.4585777 -0.7237477 0.7480592 0.2010812 -0.6324348
-0.3562381 0.2948684 -0.4684854 0.3765836 0.1079881 -0.3234936 -0.3571329 0.3229939 -0.4922847 0.4420890 0.1277770 -0.3728977 -0.5411657 0.4479382 -0.7116819 0.7412190 0.2125500 -0.6367235 -0.5186126 0.4690375 -0.7148740 0.7463904 0.2157293 -0.6295730
-0.3614857 0.3116376 -0.4551320 0.3742342 0.1155621 -0.3268545 -0.3634018 0.3315772 -0.4867992 0.4381850 0.1367454 -0.3771509 -0.5481241 0.4725390 -0.6901209 0.7335955 0.2265316 -0.6407192 -0.5250847 0.4791009 -0.7033835 0.7375680 0.2301746 -0.6348332
-0.3600748 0.3197968 -0.4672301 0.3773662 0.1207379 -0.3235180 -0.3600905 0.3384519 -0.4872275 0.4401102 0.1428169 -0.3728956 -0.5366320 0.4766043 -0.6963293 0.7377433 0.2360401 -0.6324712 -0.5188788 0.4876983 -0.7020792 0.7406023 0.2403273 -0.6274959
-0.3619485 0.3218516 -0.4658824 0.3761358 0.1225103 -0.3245115 -0.3614969 0.3410106 -0.4851108 0.4355651 0.1452487 -0.3732458 -0.5385795 0.4789153 -0.6932332 0.7351302 0.2394376 -0.6342343 -0.5205298 0.4910310 -0.6985250 0.7361063 0.2454708 -0.6307864
