0.2034086 0.2652382 -0.1711902 0.1313728 0.2714095 -0.2042301 0.2339091 0.3299582 -0.1617590 0.0859270 0.3061287 -0.2419485 0.5416389 0.7062794 -0.4558472 0.3607294 0.7452485 -0.5607843 0.5369750 0.7574708 -0.3713432 0.2150613 0.7661906 -0.6055581
0.1945953 0.1986739 -0.2096426 0.1368007 0.2530743 -0.2137068 0.2603150 0.2640649 -0.1790216 0.0919017 0.2874778 -0.2523580 0.5587561 0.5704672 -0.6019625 0.3817265 0.7061745 -0.5963241 0.6322071 0.6413142 -0.4347761 0.2336010 0.7307274 -0.6414578
0.2685627 0.2389721 -0.2033465 0.1419771 0.2254353 -0.1944228 0.3092525 0.2933352 -0.1789151 0.0970028 0.2598388 -0.2329863 0.6502455 0.5786006 -0.4923435 0.4304731 0.6835178 -0.5894881 0.6689872 0.6345543 -0.3870361 0.2677956 0.7173371 -0.6432052
0.3509566 0.2291512 0.0252100 0.0771579 0.0363900 -0.0361666 0.3853947 0.2779345 0.0856023 0.0294544 0.0037677 -0.0729584 0.8358092 0.5457274 0.0600381 0.8327126 0.3927322 -0.3903219 0.7982345 0.5756615 0.1773007 0.3739303 0.0478322 -0.9262226
0.3509126 0.1917185 -0.0249559 0.0770931 0.0284106 -0.0433730 0.3986444 0.2440475 0.0422462 0.0327401 -0.0057248 -0.0828846 0.8758636 0.4785217 -0.0622890 0.8297870 0.3057959 -0.4668429 0.8494084 0.5200024 0.0900158 0.3666286 -0.0641075 -0.9281561
0.3872762 0.2121639 0.0036295 0.3570223 0.0755344 0.1497348 0.4379409 0.2628549 0.0699348 0.4287017 0.0728077 0.1576480 0.8769864 0.4804449 0.0082190 0.9051140 0.1914929 0.3796039 0.8494890 0.5098688 0.1356550 0.9268516 0.1574100 0.3408345
0.3856923 0.2183307 -0.0191524 0.3765862 0.0693324 0.1493073 0.4476581 0.2649802 0.0401523 0.4706669 0.0527913 0.1592279 0.8694316 0.4921633 -0.0431736 0.9162795 0.1686940 0.3632826 0.8579913 0.5078668 0.0769568 0.9419599 0.1056527 0.3186675
0.4605837 0.2599220 0.0268697 0.3893346 0.0613796 0.1568886 0.5079500 0.3164066 0.0756869 0.4746668 0.0484092 0.1614274 0.8697712 0.4908395 0.0507410 0.9177650 0.1446880 0.3698280 0.8420869 0.5245434 0.1254748 0.9423654 0.0961078 0.3204851
0.4692394 0.2674329 0.0321542 0.3907136 0.0566053 0.1665322 0.5212118 0.3305181 0.0809053 0.4806060 0.0407655 0.1786319 0.8672684 0.4942810 0.0594288 0.9118617 0.1321076 0.3886589 0.8373492 0.5309916 0.1299778 0.9343995 0.0792568 0.3472981
0.4374181 0.2807671 -0.0175245 0.3974051 0.0462323 0.1738934 0.4255266 0.3246808 -0.0044903 0.4921838 0.0279639 0.1886054 0.8410769 0.5398650 -0.0336965 0.9109738 0.1059786 0.3986167 0.7949802 0.6065774 -0.0083888 0.9324760 0.0529795 0.3573258
0.4762650 0.2878768 0.0161121 0.4122274 0.0380139 0.1850595 0.5274166 0.3499781 0.0663590 0.4998376 0.0093772 0.2172714 0.8554511 0.5170744 0.0289401 0.9090766 0.0838312 0.4081079 0.8286974 0.5498993 0.1042658 0.9169674 0.0172027 0.3985911
0.4748304 0.2948724 -0.0478934 0.4246449 0.0663144 0.0903851 0.5323092 0.3569737 -0.0050284 0.5070144 0.0277265 0.1258744 0.8464182 0.5256306 -0.0853733 0.9668757 0.1509915 0.2057983 0.8305088 0.5569503 -0.0078453 0.9691731 0.0530000 0.2406127
0.4743944 0.2986885 -0.0487419 0.4236116 0.0479833 0.1254206 0.5318377 0.3607899 -0.0058293 0.5140729 0.0168477 0.1449294 0.8430556 0.5308052 -0.0866202 0.9532500 0.1079765 0.2822330 0.8275140 0.5613718 -0.0090701 0.9620032 0.0315277 0.2712116
0.4408078 0.3399623 -0.0675592 0.4339286 0.0490205 0.1204439 0.4721010 0.3954669 -0.0337090 0.5241951 0.0165225 0.1385852 0.7860920 0.6062544 -0.1204782 0.9579120 0.1082144 0.2658840 0.7654364 0.6411865 -0.0546538 0.9663352 0.0304586 0.2554769
0.4406143 0.3405662 -0.0772337 0.4356393 0.0690858 0.0779957 0.4718344 0.3962671 -0.0442468 0.5193943 0.0301126 0.1096103 0.7837044 0.6057525 -0.1373728 0.9725696 0.1542348 0.1741264 0.7637970 0.6414701 -0.0716260 0.9768789 0.0566359 0.2061554
0.4401209 0.3438189 -0.0767969 0.4489584 0.0702937 0.0817985 0.5031319 0.3764093 -0.0635414 0.5316620 0.0297337 0.1141764 0.7807004 0.6098768 -0.1362248 0.9723368 0.1522394 0.1771562 0.7966542 0.5960029 -0.1006109 0.9762503 0.0545977 0.2096533
0.4394717 0.3457910 -0.0746299 0.4490029 0.0699773 0.0855319 0.5035756 0.3752061 -0.0593440 0.5317437 0.0297428 0.1182205 0.7789843 0.6129308 -0.1322851 0.9710216 0.1513342 0.1849729 0.7983316 0.5948241 -0.0940796 0.9747137 0.0545201 0.2167043
0.4383129 0.3495085 -0.0751602 0.4494574 0.0692479 0.0875115 0.5038294 0.3747302 -0.0584349 0.5323402 0.0292328 0.1201094 0.7749278 0.6179235 -0.1328817 0.9705319 0.1495299 0.1889673 0.7989431 0.5942252 -0.0926626 0.9740824 0.0534905 0.2197776
0.4367514 0.3476922 -0.0761889 0.4474306 0.0687988 0.0891642 0.5029489 0.3708191 -0.0591209 0.5303969 0.0292789 0.1221525 0.7751739 0.6171059 -0.1352249 0.9697519 0.1491131 0.1932526 0.8013052 0.5907942 -0.0941922 0.9730835 0.0537160 0.2241050
0.4369708 0.3460630 -0.0603467 0.4292795 0.0587867 0.1360841 0.5028407 0.3679344 -0.0405714 0.5192459 0.0257262 0.1546998 0.7793801 0.6172371 -0.1076343 0.9452294 0.1294423 0.2996433 0.8053232 0.5892644 -0.0649770 0.9572916 0.0474293 0.2852075
0.4324242 0.3393633 -0.0611082 0.4309337 0.0681982 0.1104509 0.4985422 0.3597242 -0.0405607 0.5133929 0.0310395 0.1472383 0.7818540 0.6135933 -0.1104880 0.9575022 0.1515313 0.2454136 0.8091778 0.5838640 -0.0658336 0.9596299 0.0580188 0.2752166
0.4306424 0.3294751 -0.0563353 0.4210666 0.0685397 0.1196244 0.4964287 0.3491066 -0.0340817 0.5034065 0.0325930 0.1578570 0.7899629 0.6043834 -0.1033405 0.9503539 0.1546952 0.2699942 0.8166996 0.5743327 -0.0560695 0.9523711 0.0616612 0.2986422
0.4714107 0.3401761 -0.0046027 0.4146490 0.0704586 0.1273471 0.5366889 0.3594043 0.0194285 0.4964011 0.0350505 0.1673065 0.8108882 0.5851475 -0.0079173 0.9435655 0.1603339 0.2897881 0.8305212 0.5561749 0.0300654 0.9455104 0.0667618 0.3186738
0.3947775 0.2892170 -0.0568491 0.3694021 0.0594385 0.1644173 0.4592842 0.3084452 -0.0308180 0.4641200 0.0440362 0.1824484 0.8012958 0.5870353 -0.1153890 0.9038785 0.1454382 0.4023076 0.8288787 0.5566567 -0.0556178 0.9270653 0.0879609 0.3644350
0.3923277 0.2853386 -0.0312721 0.3681544 0.0543089 0.1896370 0.4365961 0.3177378 0.0449168 0.4625944 0.0404945 0.2102339 0.8070518 0.5869660 -0.0643295 0.8814453 0.1300278 0.4540341 0.8057652 0.5864048 0.0828968 0.9075161 0.0794419 0.4124361
0.3735138 0.2728091 -0.0332496 0.3632977 0.0559286 0.1815652 0.3984250 0.2678784 0.0343049 0.4590165 0.0397574 0.1979535 0.8054602 0.5882965 -0.0717008 0.8861469 0.1364196 0.4428695 0.8277593 0.5565384 0.0712710 0.9153597 0.0792832 0.3947541
0.3570370 0.2668766 -0.0291160 0.3615142 0.0541636 0.1710651 0.3948447 0.3131464 0.0481086 0.4333975 0.0553856 0.1773736 0.7992661 0.5974323 -0.0651793 0.8957336 0.1342027 0.4238526 0.7799578 0.6185749 0.0950315 0.9190852 0.1174536 0.3761476
0.3354945 0.2825201 0.0029051 0.3506327 0.0658146 0.1544198 0.3760308 0.3264111 0.0559440 0.4223042 0.0659415 0.1628777 0.7648962 0.6441195 0.0066234 0.9019677 0.1693015 0.3972296 0.7504527 0.6514256 0.1116486 0.9232634 0.1441647 0.3560916
0.3011349 0.2850085 -0.0133956 0.3145907 0.0819418 0.1124058 0.3303466 0.3295618 0.0352864 0.3832256 0.0771464 0.1341889 0.7259076 0.6870338 -0.0322912 0.9145819 0.2382223 0.3267875 0.7059317 0.7042546 0.0754050 0.9272248 0.1866579 0.3246737
0.2547864 0.2044616 -0.0907123 0.3128759 0.0841183 0.1020162 0.2821894 0.2637981 -0.0181727 0.3825629 0.0812032 0.1205530 0.7514896 0.6030570 -0.2675550 0.9211220 0.2476484 0.3003408 0.7297040 0.6821465 -0.0469922 0.9348020 0.1984220 0.2945742
0.2185447 0.2776638 -0.0322192 0.3066731 0.1035777 0.0823488 0.2621188 0.3222562 0.0041288 0.3768520 0.1040595 0.0991736 0.6159316 0.7825489 -0.0908045 0.9181745 0.3101099 0.2465511 0.6309755 0.7757391 0.0099388 0.9343340 0.2579959 0.2458823
0.1837583 0.2712749 -0.0524854 0.2964363 0.1159727 0.0590893 0.1421024 0.3250711 -0.0284201 0.3667912 0.1145435 0.0751062 0.5537705 0.8175089 -0.1581691 0.9156263 0.3582140 0.1825138 0.3992648 0.9133517 -0.0798520 0.9368114 0.2925524 0.1918266
0.1632484 0.2706542 -0.0514768 0.3392984 0.0924957 0.0693593 0.1983337 0.3181737 -0.0100119 0.4015292 0.0682148 0.0846153 0.5097690 0.8451607 -0.1607446 0.9465594 0.2580403 0.1934956 0.5288034 0.8483245 -0.0266941 0.9652627 0.1639860 0.2034123
0.1515745 0.2090629 -0.0592566 0.3578977 0.0447297 0.0793083 0.1939355 0.2485519 -0.0161919 0.4213870 0.0229650 0.0931072 0.5721077 0.7890938 -0.2236600 0.9691287 0.1211207 0.2147540 0.6143502 0.7873645 -0.0512929 0.9750689 0.0531399 0.2154454
0.0933476 0.2025076 -0.1287491 0.1449347 0.2286808 -0.1459226 0.1481240 0.2473092 -0.1145823 0.0823195 0.2449394 -0.1139333 0.3625337 0.7864776 -0.5000223 0.4712373 0.7435275 -0.4744494 0.4774924 0.7972257 -0.3693673 0.2914946 0.8673336 -0.4034393
0.0808439 0.2343868 -0.1130502 0.1526844 0.2277883 -0.1524642 0.1278027 0.2866782 -0.0966566 0.0908083 0.2440468 -0.1190688 0.2966809 0.8601523 -0.4148716 0.4866280 0.7259952 -0.4859260 0.3891428 0.8728983 -0.2943069 0.3171505 0.8523401 -0.4158509
0.0871053 0.2412716 -0.1147228 0.1350251 0.2290437 -0.1534948 0.1357893 0.2925450 -0.1002634 0.0737866 0.2453021 -0.1189448 0.3099841 0.8586197 -0.4082672 0.4398107 0.7460531 -0.4999714 0.4020427 0.8661622 -0.2968582 0.2612581 0.8685481 -0.4211512
0.0453102 0.2069127 -0.1375498 0.1970691 0.1668051 -0.1368675 0.0963510 0.2562195 -0.1244418 0.2126552 0.1682290 -0.2035739 0.1794046 0.8192663 -0.5446253 0.6743847 0.5708190 -0.4683705 0.3204273 0.8520899 -0.4138467 0.6271799 0.4961545 -0.6003966
0.0457447 0.2063848 -0.1391329 0.2051596 0.2116275 -0.1331654 0.0830246 0.2677793 -0.1238256 0.2216370 0.2279755 -0.1976324 0.1807579 0.8155195 -0.5497768 0.6343163 0.6543139 -0.4117233 0.2708951 0.8737176 -0.4040216 0.5920235 0.6089546 -0.5279039
0.0466586 0.2066578 -0.1406303 0.1924876 0.2264662 -0.1293709 0.0826837 0.2708168 -0.1257077 0.2023785 0.2480560 -0.1936421 0.1834888 0.8126984 -0.5530400 0.5938169 0.6986396 -0.3991043 0.2668871 0.8741451 -0.4057605 0.5409062 0.6629904 -0.5175560
0.0471514 0.2100828 -0.1411601 0.1869471 0.2341209 -0.1295512 0.0811041 0.2790497 -0.1258561 0.1941722 0.2578491 -0.1934212 0.1831426 0.8159912 -0.5482856 0.5727321 0.7172540 -0.3968939 0.2561073 0.8811718 -0.3974234 0.5160053 0.6852244 -0.5140098
0.0476913 0.2176130 -0.1390756 0.1894481 0.2366446 -0.1314104 0.0791573 0.2894389 -0.1234796 0.1975713 0.2602751 -0.1952092 0.1815945 0.8286074 -0.5295595 0.5734012 0.7162505 -0.3977390 0.2439506 0.8920055 -0.3805447 0.5190551 0.6837890 -0.5128493
0.0471918 0.2183454 -0.1401899 0.1898803 0.2420954 -0.1287569 0.0784773 0.2902762 -0.1250812 0.1951495 0.2693381 -0.1914047 0.1789381 0.8279039 -0.5315603 0.5693029 0.7258554 -0.3860416 0.2409681 0.8913061 -0.3840675 0.5085364 0.7018629 -0.4987777
0.0462779 0.2206520 -0.1411343 0.1877256 0.2380642 -0.1324597 0.0770887 0.2928276 -0.1263911 0.1918660 0.2643584 -0.1955955 0.1739869 0.8295666 -0.5306108 0.5674057 0.7195556 -0.4003630 0.2349377 0.8924296 -0.3851932 0.5039421 0.6943456 -0.5137377
0.0740454 0.2410691 -0.1348763 0.1805415 0.2081264 -0.1415681 0.0926451 0.3099527 -0.1240564 0.1801276 0.2302439 -0.2064154 0.2589117 0.8429369 -0.4716165 0.5828368 0.6718884 -0.4570200 0.2673946 0.8945932 -0.3580547 0.5033432 0.6433866 -0.5768010
0.0790374 0.2309257 -0.1394005 0.1777378 0.1940743 -0.1441206 0.1011934 0.2975803 -0.1228403 0.1753524 0.2174412 -0.2084852 0.2811915 0.8215652 -0.4959456 0.5923727 0.6468198 -0.4803319 0.2998618 0.8818060 -0.3640070 0.5030744 0.6238243 -0.5981300
0.1058083 0.2230899 -0.1540474 0.1917322 0.1847265 -0.1548133 0.1368871 0.2842416 -0.1316312 0.1910791 0.2024588 -0.2209920 0.3635720 0.7665682 -0.5293285 0.6225455 0.5997984 -0.5026718 0.4004359 0.8314921 -0.3850609 0.5375832 0.5695990 -0.6217405
0.1212542 0.2583787 -0.1722414 0.1959417 0.1864329 -0.1760736 0.1442628 0.3228497 -0.1493936 0.2014405 0.1938752 -0.2439626 0.3637328 0.7750730 -0.5166820 0.6071451 0.5776811 -0.5455817 0.3758040 0.8410221 -0.3891698 0.5428824 0.5224938 -0.6574793
0.1569214 0.2592590 -0.1735325 0.2402082 0.1733075 -0.3321372 0.1632390 0.3276393 -0.1513482 0.2422211 0.1821191 -0.4000550 0.4493510 0.7423992 -0.4969176 0.5397589 0.3894299 -0.7463275 0.4121083 0.8271484 -0.3820892 0.4826286 0.3628746 -0.7971146
0.1988992 0.2704255 -0.1870357 0.1967750 0.3281064 -0.2068286 0.2388943 0.3295798 -0.1974768 0.1362894 0.3443643 -0.1709812 0.5175855 0.7037150 -0.4867139 0.4524433 0.7544125 -0.4755595 0.5280281 0.7284702 -0.4364830 0.3341108 0.8442022 -0.4191570
0.1822384 0.1886981 -0.2402912 0.1622624 0.2271170 -0.2792843 0.2396723 0.2592064 -0.2047565 0.1390123 0.2588116 -0.3354030 0.5122661 0.5304242 -0.6754507 0.4109412 0.5751901 -0.7073074 0.5872698 0.6351344 -0.5017155 0.3117753 0.5804600 -0.7522382
0.1909076 0.1933080 -0.2443738 0.3078953 0.0853339 -0.1576043 0.2674510 0.2484411 -0.2191866 0.3480060 0.0904593 -0.2129159 0.5224325 0.5290013 -0.6687465 0.8642455 0.2395276 -0.4423869 0.6281313 0.5834848 -0.5147782 0.8327880 0.2164716 -0.5095137
0.2457870 0.2086221 -0.2552596 0.3440911 0.0762362 -0.1400999 0.3167399 0.2673454 -0.2228531 0.4066307 0.0852045 -0.1749760 0.5977196 0.5073398 -0.6207557 0.9072681 0.2010128 -0.3694028 0.6730602 0.5680989 -0.4735543 0.9020106 0.1890054 -0.3881414
0.2539654 0.2089285 -0.2596472 0.3577973 0.0677848 -0.1438998 0.3347526 0.2624672 -0.2478062 0.4208621 0.0753660 -0.1781558 0.6061137 0.4986286 -0.6196738 0.9137691 0.1731138 -0.3675019 0.6799811 0.5331482 -0.5033673 0.9086177 0.1627109 -0.3846284
0.3371948 0.2449665 -0.2687421 0.4058832 0.0581243 -0.1549456 0.3800684 0.2981072 -0.2453768 0.4738513 0.0626773 -0.1990132 0.6799454 0.4939691 -0.5419122 0.9259895 0.1326058 -0.3534957 0.7015131 0.5502327 -0.4529055 0.9152046 0.1210559 -0.3843775
0.4397268 0.2494066 -0.0217808 0.4120468 0.0610967 0.1105874 0.4678667 0.3014118 0.0195902 0.5095389 0.0615294 0.1158876 0.8690224 0.4928967 -0.0430450 0.9560664 0.1417617 0.2565945 0.8401344 0.5412363 0.0351776 0.9684082 0.1169403 0.2202511
0.4407262 0.2668140 -0.0311197 0.3825444 0.0774490 0.1042069 0.4746316 0.3165956 0.0086336 0.4795900 0.0705876 0.1124651 0.8538933 0.5169438 -0.0602934 0.9469453 0.1917162 0.2579524 0.8318138 0.5548485 0.0151308 0.9637443 0.1418470 0.2260006
0.4610313 0.2889102 -0.0202002 0.4178095 0.0948352 0.0932637 0.5141928 0.3027807 0.0265932 0.5057027 0.0676731 0.1259791 0.8467819 0.5306448 -0.0371019 0.9528788 0.2162862 0.2127021 0.8608495 0.5069083 0.0445217 0.9622651 0.1287702 0.2397166
0.4333190 0.3019647 -0.0366701 0.4573869 0.0832089 0.1100858 0.4882014 0.3150985 0.0083134 0.5435480 0.0523608 0.1441133 0.8184682 0.5703615 -0.0692639 0.9573764 0.1741681 0.2304254 0.8401089 0.5422291 0.0143059 0.9624394 0.0927132 0.2551759
0.4848990 0.3064295 -0.0453756 0.4584312 0.0868056 0.0813870 0.5428128 0.3195633 -0.0043686 0.5454793 0.0547646 0.1118691 0.8427165 0.5325505 -0.0788593 0.9679254 0.1832802 0.1718393 0.8617319 0.5073165 -0.0069353 0.9749075 0.0978781 0.1999380
0.4817306 0.3040675 -0.0613307 0.4488390 0.0891774 0.0680945 0.5410932 0.3172013 -0.0224502 0.5367073 0.0554558 0.0940801 0.8407757 0.5306961 -0.1070419 0.9701460 0.1927531 0.1471834 0.8621398 0.5054062 -0.0357705 0.9799198 0.1012511 0.1717714
0.4227926 0.3044668 -0.1152300 0.4615219 0.0737307 0.0621804 0.4856680 0.3176006 -0.0823318 0.5548630 0.0452069 0.0595239 0.7923363 0.5705873 -0.2159473 0.9788533 0.1563773 0.1318799 0.8286329 0.5418811 -0.1404721 0.9910485 0.0807447 0.1063165
0.4681491 0.3005567 -0.1266204 0.4847843 0.0619508 0.0491804 0.5322202 0.3136905 -0.0961163 0.5795177 0.0394565 0.0419150 0.8205183 0.5267815 -0.2219257 0.9869490 0.1261226 0.1001240 0.8512545 0.5017293 -0.1537323 0.9951028 0.0677516 0.0719732
0.4683150 0.2984669 -0.1287187 0.4768278 0.0646187 0.0516915 0.5324996 0.3116007 -0.0984534 0.5712933 0.0416194 0.0427136 0.8215169 0.5235698 -0.2257979 0.9852732 0.1335222 0.1068106 0.8523061 0.4987406 -0.1575821 0.9945955 0.0724575 0.0743625
0.4684870 0.3021160 -0.1295423 0.4924822 0.0675292 0.0531907 0.5325291 0.3152498 -0.0989754 0.5861130 0.0418708 0.0427862 0.8185938 0.5278915 -0.2263510 0.9851059 0.1350778 0.1063968 0.8497213 0.5030232 -0.1579285 0.9948243 0.0710684 0.0726221
0.4821215 0.3066355 -0.0473225 0.4517263 0.0766980 0.1396158 0.5717717 0.3338002 -0.0197855 0.5462811 0.0527136 0.1437991 0.8409163 0.5348336 -0.0825398 0.9430801 0.1601243 0.2914793 0.8632181 0.5039466 -0.0298707 0.9628735 0.0929128 0.2534598
0.4825296 0.3092591 -0.0464521 0.4512632 0.0785416 0.1416036 0.5716990 0.3367499 -0.0177040 0.5460293 0.0558355 0.1477014 0.8391708 0.5378347 -0.0807852 0.9412377 0.1638208 0.2953546 0.8613269 0.5073505 -0.0266730 0.9606386 0.0982323 0.2598536
0.4847605 0.3062419 -0.0374229 0.4428393 0.0808879 0.1496268 0.5725522 0.3351020 -0.0059094 0.5376585 0.0596095 0.1591097 0.8436331 0.5329556 -0.0651273 0.9335091 0.1705124 0.3154145 0.8630134 0.5051025 -0.0089073 0.9535203 0.1057156 0.2821759
0.4807183 0.2950700 -0.0336007 0.4373434 0.0816712 0.1556585 0.5675018 0.3246788 -0.0000544 0.5321565 0.0622948 0.1686373 0.8507484 0.5221984 -0.0594646 0.9278566 0.1732715 0.3302411 0.8679847 0.4965909 -0.0000832 0.9473992 0.1109035 0.3002253
