-0.2175786 -0.2669770 -0.0270326 0.2248261 0.2381601 -0.2300487 -0.1927529 -0.3628863 -0.0402010 0.1904346 0.3088068 -0.2503143 -0.6298088 -0.7727988 -0.0782492 0.5617328 0.5950482 -0.5747816 -0.4668683 -0.8789499 -0.0973711 0.4320431 0.7005968 -0.5678934
-0.2183364 -0.2626723 -0.0278589 0.2105435 0.2373871 -0.2264624 -0.1930134 -0.3583977 -0.0414260 0.1853458 0.3073082 -0.2486187 -0.6371055 -0.7664777 -0.0812921 0.5400923 0.6089524 -0.5809280 -0.4717205 -0.8759163 -0.1012443 0.4245396 0.7038979 -0.5694680
-0.2167041 -0.2671593 -0.0302945 0.2053729 0.2365171 -0.2255639 -0.1916091 -0.3630786 -0.0428975 0.1627560 0.3090473 -0.2445080 -0.6275284 -0.7736357 -0.0877264 0.5320515 0.6127356 -0.5843597 -0.4642015 -0.8796116 -0.1039256 0.3817326 0.7248485 -0.5734761
-0.2171762 -0.2648880 -0.0302701 0.2030097 0.2361050 -0.2246013 -0.1915503 -0.3605941 -0.0434341 0.1591417 0.3157659 -0.2455168 -0.6315627 -0.7703115 -0.0880275 0.5287638 0.6149647 -0.5850019 -0.4664942 -0.8781767 -0.1057776 0.3696847 0.7335212 -0.5703332
-0.2145700 -0.2696449 -0.0311907 0.2033739 0.2337745 -0.2242502 -0.1892003 -0.3654230 -0.0443438 0.1624806 0.3118028 -0.2472199 -0.6201303 -0.7793025 -0.0901446 0.5317086 0.6111890 -0.5862883 -0.4571375 -0.8829190 -0.1071416 0.3780270 0.7254395 -0.5751810
-0.2108273 -0.2751801 -0.0318963 0.2030007 0.2387551 -0.2308629 -0.1841420 -0.3704413 -0.0461624 0.1738461 0.3108160 -0.2509266 -0.6056116 -0.7904681 -0.0916236 0.5215254 0.6133815 -0.5931057 -0.4423806 -0.8899441 -0.1109001 0.3990475 0.7134492 -0.5759785
-0.2107389 -0.2679035 -0.0303889 0.2168115 0.2390379 -0.2341816 -0.1825423 -0.3627395 -0.0445951 0.1966290 0.3140922 -0.2578261 -0.6158202 -0.7828663 -0.0888022 0.5437522 0.5994949 -0.5873155 -0.4468357 -0.8879310 -0.1091621 0.4355669 0.6957680 -0.5711290
-0.2103074 -0.2641698 -0.0298872 0.2397698 0.2604241 -0.2518837 -0.1821342 -0.3589167 -0.0447250 0.2304977 0.3153085 -0.2653441 -0.6204105 -0.7793057 -0.0881678 0.5518797 0.5994199 -0.5797625 -0.4497560 -0.8862968 -0.1104423 0.4881540 0.6677686 -0.5619527
-0.1938569 -0.3073707 -0.0333137 0.2592823 0.2660491 -0.2564434 -0.1719332 -0.3759440 -0.0499027 0.2624054 0.3163287 -0.2681219 -0.5312303 -0.8422948 -0.0912904 0.5743809 0.5893711 -0.5680918 -0.4129084 -0.9028532 -0.1198446 0.5347315 0.6446167 -0.5463805
-0.1937359 -0.3071636 -0.0328695 0.2928840 0.2628820 -0.2531349 -0.1717860 -0.3759203 -0.0486332 0.3141976 0.3277668 -0.2777182 -0.5313051 -0.8423713 -0.0901421 0.6259044 0.5617890 -0.5409591 -0.4127854 -0.9033005 -0.1168609 0.5903315 0.6158261 -0.5217921
-0.1934122 -0.3070421 -0.0330037 0.3131039 0.2508983 -0.2450022 -0.1718721 -0.3758916 -0.0489166 0.3387482 0.3214928 -0.2786018 -0.5307989 -0.8426438 -0.0905752 0.6660126 0.5336933 -0.5211514 -0.4129496 -0.9031386 -0.1175298 0.6229190 0.5911882 -0.5123167
-0.1932250 -0.3064884 -0.0325625 0.3330100 0.2479431 -0.2403411 -0.1735004 -0.3769300 -0.0428717 0.3788718 0.3207088 -0.2778917 -0.5311681 -0.8425247 -0.0895131 0.6941697 0.5168452 -0.5009985 -0.4159155 -0.9035774 -0.1027722 0.6659987 0.5637571 -0.4884912
-0.1934047 -0.3063753 -0.0324042 0.3480470 0.2425506 -0.2364258 -0.1740889 -0.3769810 -0.0423567 0.4013517 0.3113179 -0.2801992 -0.5316824 -0.8422460 -0.0890813 0.7166489 0.4994257 -0.4868144 -0.4170878 -0.9031831 -0.1014795 0.6918688 0.5366644 -0.4830205
-0.1934345 -0.3052591 -0.0318394 0.3559364 0.2384760 -0.2338298 -0.1738964 -0.3758151 -0.0417081 0.4094645 0.3052648 -0.2797973 -0.5331916 -0.8414299 -0.0877636 0.7292341 0.4885840 -0.4790650 -0.4178264 -0.9029830 -0.1002134 0.7031216 0.5241926 -0.4804604
-0.1936068 -0.3052247 -0.0314133 0.3619167 0.2280148 -0.2275844 -0.1741242 -0.3758346 -0.0410027 0.4182289 0.2983934 -0.2760292 -0.5336285 -0.8412753 -0.0865828 0.7469442 0.4705898 -0.4697016 -0.4183308 -0.9029371 -0.0985083 0.7171025 0.5116305 -0.4732845
-0.1934602 -0.3047593 -0.0311849 0.3639449 0.2253266 -0.2235347 -0.1696038 -0.4038969 -0.0444343 0.4202289 0.2960256 -0.2737120 -0.5339447 -0.8411273 -0.0860696 0.7536598 0.4666080 -0.4628974 -0.3851922 -0.9173020 -0.1009161 0.7215980 0.5083217 -0.4700058
-0.1938019 -0.3048614 -0.0306644 0.3640919 0.2233897 -0.2219580 -0.1702655 -0.4037225 -0.0437716 0.4196621 0.2943833 -0.2735772 -0.5345573 -0.8408892 -0.0845806 0.7563429 0.4640565 -0.4610824 -0.3866693 -0.9168455 -0.0994044 0.7222444 0.5066378 -0.4708303
-0.1944560 -0.3056176 -0.0301905 0.3638591 0.2222855 -0.2209907 -0.1759141 -0.3763955 -0.0403928 0.4219949 0.2963439 -0.2720907 -0.5349657 -0.8407813 -0.0830567 0.7576434 0.4628526 -0.4601565 -0.4214179 -0.9016893 -0.0967645 0.7237868 0.5082759 -0.4666779
-0.1940968 -0.3057281 -0.0310317 0.3651396 0.2256199 -0.2211516 -0.1806954 -0.3778793 -0.0395082 0.4214106 0.2966094 -0.2712735 -0.5340190 -0.8411506 -0.0853776 0.7562253 0.4672719 -0.4580178 -0.4294919 -0.8981750 -0.0939063 0.7236147 0.5093155 -0.4658106
-0.1945608 -0.3055571 -0.0301576 0.3626294 0.2297154 -0.2221830 -0.1787012 -0.3769941 -0.0402732 0.4101753 0.3047574 -0.2677962 -0.5352504 -0.8406091 -0.0829656 0.7502301 0.4752494 -0.4596659 -0.4263492 -0.8994410 -0.0960846 0.7109755 0.5282498 -0.4641832
-0.2055708 -0.2709435 -0.0312396 0.3541500 0.2372340 -0.2229659 -0.1810018 -0.3674013 -0.0402826 0.3755012 0.3229608 -0.2624534 -0.6019040 -0.7933127 -0.0914684 0.7361912 0.4931514 -0.4634914 -0.4398122 -0.8927398 -0.0978818 0.6699116 0.5761771 -0.4682290
-0.2057680 -0.2713400 -0.0304080 0.3351946 0.2472011 -0.2216344 -0.1807486 -0.3676001 -0.0403067 0.3501283 0.3313937 -0.2563587 -0.6018499 -0.7936412 -0.0889401 0.7104745 0.5239645 -0.4697735 -0.4391237 -0.8930740 -0.0979241 0.6412441 0.6069325 -0.4695093
-0.2077523 -0.2647096 -0.0288366 0.2992843 0.2760552 -0.2370796 -0.1811944 -0.3604127 -0.0400530 0.2981822 0.3319038 -0.2548515 -0.6151372 -0.7837831 -0.0853827 0.6352181 0.5859152 -0.5031912 -0.4469742 -0.8890736 -0.0988036 0.5803121 0.6459399 -0.4959834
-0.2079093 -0.2629533 -0.0281990 0.2688537 0.2709869 -0.2372732 -0.1813957 -0.3585612 -0.0403015 0.2546300 0.3186367 -0.2502946 -0.6180392 -0.7816654 -0.0838255 0.5981698 0.6029159 -0.5279066 -0.4491661 -0.8878576 -0.0997933 0.5320830 0.6658334 -0.5230235
-0.2091428 -0.2637516 -0.0269154 0.2494790 0.2519103 -0.2247095 -0.1826995 -0.3592909 -0.0397067 0.2229295 0.3153210 -0.2510314 -0.6193459 -0.7810618 -0.0797061 0.5943465 0.6001388 -0.5353370 -0.4510815 -0.8870821 -0.0980350 0.4840103 0.6846048 -0.5450233
-0.2085795 -0.2678531 -0.0262710 0.2388851 0.2402270 -0.2203381 -0.1826197 -0.3634688 -0.0394891 0.2051182 0.3092998 -0.2492202 -0.6125667 -0.7866444 -0.0771540 0.5911043 0.5944247 -0.5452109 -0.4468531 -0.8893737 -0.0966262 0.4588297 0.6918740 -0.5574816
-0.2096253 -0.2667388 -0.0249211 0.2341169 0.2394700 -0.2194236 -0.1822220 -0.3616064 -0.0404373 0.1929770 0.3112938 -0.2480615 -0.6162427 -0.7841414 -0.0732614 0.5847383 0.5981083 -0.5480398 -0.4477872 -0.8886013 -0.0993694 0.4362485 0.7037185 -0.5607740
-0.2091092 -0.2706251 -0.0244769 0.2285746 0.2408638 -0.2228434 -0.1817033 -0.3654517 -0.0402584 0.1895677 0.3106351 -0.2481590 -0.6098690 -0.7892805 -0.0713872 0.5715779 0.6023084 -0.5572462 -0.4430578 -0.8911024 -0.0981645 0.4303768 0.7052371 -0.5633972
-0.2096922 -0.2705631 -0.0242674 0.2276466 0.2383403 -0.2204313 -0.1820956 -0.3654341 -0.0394627 0.1879533 0.3107603 -0.2481489 -0.6110487 -0.7884280 -0.0707158 0.5741279 0.6010975 -0.5559307 -0.4439269 -0.8908836 -0.0962051 0.4273031 0.7064992 -0.5641551
-0.2094430 -0.2718074 -0.0244750 0.2279211 0.2384631 -0.2198793 -0.1814623 -0.3665317 -0.0399020 0.1899035 0.3125642 -0.2486295 -0.6088237 -0.7901088 -0.0711456 0.5749288 0.6015209 -0.5546436 -0.4415857 -0.8919493 -0.0971009 0.4294126 0.7067748 -0.5622047
-0.2112728 -0.2618722 -0.0230061 0.2337011 0.2542231 -0.2302541 -0.1843564 -0.3569354 -0.0382659 0.2154554 0.3314013 -0.2540810 -0.6264438 -0.7764759 -0.0682152 0.5630738 0.6125190 -0.5547687 -0.4568340 -0.8844837 -0.0948226 0.4585143 0.7052608 -0.5407142
-0.2099698 -0.2651816 -0.0227894 0.2452985 0.2551334 -0.2290219 -0.1830673 -0.3602283 -0.0381967 0.2345024 0.3322791 -0.2548633 -0.6193612 -0.7822230 -0.0672234 0.5818784 0.6052081 -0.5432684 -0.4510400 -0.8875283 -0.0941087 0.4885933 0.6923141 -0.5310158
-0.2092036 -0.2670698 -0.0228635 0.2799266 0.2862461 -0.2474849 -0.1826506 -0.3623142 -0.0376510 0.2769626 0.3413595 -0.2577503 -0.6152644 -0.7854479 -0.0672413 0.5947215 0.6081478 -0.5257971 -0.4482302 -0.8891302 -0.0923967 0.5435136 0.6698866 -0.5058112
-0.2101632 -0.2614669 -0.0212025 0.3043910 0.2642892 -0.2342465 -0.1837115 -0.3565025 -0.0374425 0.3232919 0.3532602 -0.2647878 -0.6252446 -0.7778755 -0.0630785 0.6528718 0.5668596 -0.5024227 -0.4560889 -0.8850661 -0.0929562 0.5908160 0.6455831 -0.4838997
-0.2108485 -0.2606214 -0.0205264 0.3198148 0.2542955 -0.2320648 -0.1844935 -0.3557427 -0.0364183 0.3423602 0.3377369 -0.2656742 -0.6277868 -0.7759823 -0.0611160 0.6806083 0.5411746 -0.4938648 -0.4584952 -0.8840763 -0.0905051 0.6231331 0.6147182 -0.4835562
-0.2119266 -0.2579360 -0.0199879 0.3445210 0.2335481 -0.2407504 -0.1857279 -0.3530721 -0.0360475 0.3840263 0.3341907 -0.2723793 -0.6336952 -0.7712706 -0.0597671 0.7165090 0.4857158 -0.5006946 -0.4636621 -0.8814301 -0.0899911 0.6651363 0.5788207 -0.4717629
-0.2120183 -0.2573258 -0.0192938 0.3800471 0.2650883 -0.2563659 -0.1859111 -0.3524574 -0.0355463 0.4026716 0.3230224 -0.2733188 -0.6348293 -0.7704897 -0.0577700 0.7176693 0.5005846 -0.4841134 -0.4647013 -0.8809984 -0.0888511 0.6893697 0.5530110 -0.4679190
-0.2116251 -0.2609099 -0.0197994 0.3816336 0.2635703 -0.2562082 -0.1877012 -0.3570046 -0.0335538 0.4121993 0.3103111 -0.2723623 -0.6288482 -0.7752989 -0.0588342 0.7202478 0.4974298 -0.4835356 -0.4637640 -0.8820714 -0.0829032 0.7065187 0.5318801 -0.4668350
-0.2115540 -0.2632469 -0.0204942 0.3854024 0.2597808 -0.2546648 -0.1873453 -0.3592470 -0.0344071 0.4171650 0.3031233 -0.2712891 -0.6252702 -0.7780540 -0.0605728 0.7272064 0.4901740 -0.4805208 -0.4607371 -0.8834938 -0.0846171 0.7159501 0.5202286 -0.4655939
-0.2113098 -0.2640343 -0.0204301 0.3886430 0.2526720 -0.2531676 -0.1856208 -0.3595492 -0.0350155 0.4198005 0.2975656 -0.2701954 -0.6237066 -0.7793291 -0.0603019 0.7358072 0.4783771 -0.4793153 -0.4570267 -0.8852648 -0.0862135 0.7223104 0.5119926 -0.4648992
-0.2124902 -0.2602112 -0.0195296 0.3892563 0.2527585 -0.2532238 -0.1864111 -0.3555984 -0.0342706 0.4214911 0.2978777 -0.2703497 -0.6314406 -0.7732495 -0.0580346 0.7362440 0.4780704 -0.4789505 -0.4626088 -0.8824738 -0.0850479 0.7234101 0.5112510 -0.4640045
-0.2118610 -0.2626726 -0.0193598 0.3882969 0.2521950 -0.2527312 -0.1856692 -0.3580098 -0.0342339 0.4210406 0.2978202 -0.2703785 -0.6267727 -0.7770944 -0.0572743 0.7361163 0.4781003 -0.4791167 -0.4587348 -0.8845384 -0.0845820 0.7230612 0.5114525 -0.4643263
-0.2108789 -0.2645720 -0.0199363 0.3636749 0.2110797 -0.2153543 -0.1848955 -0.3599632 -0.0348300 0.4198297 0.2988467 -0.2707306 -0.6222114 -0.7806361 -0.0588233 0.7697939 0.4467942 -0.4558423 -0.4552185 -0.8862408 -0.0857524 0.7212106 0.5133782 -0.4650785
-0.2111922 -0.2647285 -0.0198711 0.3782275 0.2583676 -0.2520408 -0.1851772 -0.3601031 -0.0348247 0.4170480 0.3019504 -0.2722179 -0.6225603 -0.7803765 -0.0585767 0.7234457 0.4941865 -0.4820851 -0.4556297 -0.8860358 -0.0856863 0.7160684 0.5184466 -0.4673961
-0.2110250 -0.2647569 -0.0203069 0.3499730 0.2118427 -0.2124548 -0.1853912 -0.3602143 -0.0353903 0.4089930 0.3095191 -0.2732611 -0.6221702 -0.7805893 -0.0598713 0.7592061 0.4595562 -0.4608841 -0.4558815 -0.8857757 -0.0870255 0.7037507 0.5325869 -0.4701980
-0.2104558 -0.2666122 -0.0211876 0.3519428 0.2696050 -0.2535553 -0.1844729 -0.3620044 -0.0360966 0.3931356 0.3226607 -0.2744869 -0.6183925 -0.7833995 -0.0622564 0.6891032 0.5278860 -0.4964607 -0.4522531 -0.8874885 -0.0884942 0.6802422 0.5582995 -0.4749444
-0.2102585 -0.2681099 -0.0215851 0.3279101 0.2404917 -0.2262731 -0.1837625 -0.3633458 -0.0365902 0.3594226 0.3246067 -0.2735126 -0.6158622 -0.7853130 -0.0632244 0.7046361 0.5167853 -0.4862314 -0.4495031 -0.8887835 -0.0895037 0.6462060 0.5836106 -0.4917484
-0.2104452 -0.2684642 -0.0214645 0.3205290 0.2434406 -0.2283857 -0.1838740 -0.3636544 -0.0366520 0.3266875 0.3293431 -0.2723587 -0.6157135 -0.7854636 -0.0628001 0.6926214 0.5260435 -0.4935117 -0.4494132 -0.8888210 -0.0895825 0.6073026 0.6122392 -0.5063068
-0.2104493 -0.2693616 -0.0208316 0.2757009 0.2796182 -0.2502859 -0.1836635 -0.3644464 -0.0363080 0.2821291 0.3304417 -0.2631932 -0.6145232 -0.7865501 -0.0608294 0.5920632 0.6004756 -0.5374850 -0.4482643 -0.8894978 -0.0886163 0.5553774 0.6504818 -0.5181016
-0.2104913 -0.2696072 -0.0208388 0.2554066 0.2413719 -0.2245829 -0.1837731 -0.3647247 -0.0362541 0.2330594 0.3156645 -0.2548986 -0.6142521 -0.7867632 -0.0608114 0.6124130 0.5787606 -0.5385039 -0.4482124 -0.8895433 -0.0884218 0.4980924 0.6746353 -0.5447671
-0.2101582 -0.2713304 -0.0216372 0.2444367 0.2419576 -0.2224617 -0.1827035 -0.3662359 -0.0370896 0.2104301 0.3150842 -0.2496398 -0.6111346 -0.7890219 -0.0629203 0.5967517 0.5906995 -0.5431035 -0.4445816 -0.8911800 -0.0902520 0.4637693 0.6944176 -0.5501839
-0.2102982 -0.2715588 -0.0213278 0.2328969 0.2393060 -0.2182015 -0.1829407 -0.3664538 -0.0370144 0.1953966 0.3162493 -0.2443049 -0.6111039 -0.7891204 -0.0619763 0.5838497 0.5999166 -0.5470097 -0.4448418 -0.8910752 -0.0900048 0.4392562 0.7109358 -0.5492032
-0.2104960 -0.2711528 -0.0209191 0.2238431 0.2428828 -0.2190501 -0.1832880 -0.3661051 -0.0365443 0.1827569 0.3137890 -0.2388299 -0.6120776 -0.7884548 -0.0608282 0.5647838 0.6128233 -0.5526905 -0.4459010 -0.8906561 -0.0889044 0.4204883 0.7219679 -0.5495015
-0.2106739 -0.2702239 -0.0210760 0.2241212 0.2408794 -0.2161186 -0.1830365 -0.3650833 -0.0365337 0.1823541 0.3137229 -0.2385910 -0.6136891 -0.7871572 -0.0613941 0.5693410 0.6119124 -0.5490119 -0.4464001 -0.8903864 -0.0891006 0.4198980 0.7223947 -0.5493920
-0.2109436 -0.2703735 -0.0211129 0.2237191 0.2419448 -0.2146831 -0.1835175 -0.3652825 -0.0366670 0.1866410 0.3181867 -0.2384659 -0.6139640 -0.7869384 -0.0614503 0.5688412 0.6151830 -0.5458658 -0.4471326 -0.8899951 -0.0893377 0.4249049 0.7243806 -0.5428890
-0.2109123 -0.2710487 -0.0212049 0.2261927 0.2430674 -0.2137882 -0.1830768 -0.3658752 -0.0365599 0.1987020 0.3267834 -0.2410358 -0.6129488 -0.7877158 -0.0616251 0.5727769 0.6155079 -0.5413656 -0.4457097 -0.8907416 -0.0890069 0.4395372 0.7228587 -0.5331814
-0.2109649 -0.2710504 -0.0214996 0.2369694 0.2629003 -0.2236851 -0.1833138 -0.3659472 -0.0367813 0.2191316 0.3469756 -0.2484573 -0.6130092 -0.7876020 -0.0624724 0.5659705 0.6279030 -0.5342427 -0.4460808 -0.8905059 -0.0895047 0.4567803 0.7232712 -0.5179098
-0.2107850 -0.2714766 -0.0215094 0.2552272 0.2747926 -0.2328791 -0.1832996 -0.3664730 -0.0364812 0.2588785 0.3371071 -0.2504830 -0.6120841 -0.7883222 -0.0624596 0.5781469 0.6224670 -0.5275235 -0.4455743 -0.8908419 -0.0886804 0.5247287 0.6832926 -0.5077116
-0.2108212 -0.2716982 -0.0215648 0.2928767 0.2891666 -0.2366569 -0.1836058 -0.3668419 -0.0361077 0.3114770 0.3577046 -0.2542399 -0.6118332 -0.7885070 -0.0625843 0.6168894 0.6090748 -0.4984730 -0.4458503 -0.8908028 -0.0876804 0.5787892 0.6646896 -0.4724307
-0.2106441 -0.2718218 -0.0215252 0.3184304 0.2471365 -0.2076520 -0.1845830 -0.3674871 -0.0347176 0.3336791 0.3366039 -0.2486456 -0.6113430 -0.7888961 -0.0624716 0.7022788 0.5450445 -0.4579639 -0.4472548 -0.8904417 -0.0841227 0.6234341 0.6288986 -0.4645605
-0.2105763 -0.2722469 -0.0219274 0.3323315 0.2614582 -0.2145196 -0.1841165 -0.3678260 -0.0349653 0.3566118 0.3303502 -0.2436557 -0.6105802 -0.7893981 -0.0635799 0.7008917 0.5514188 -0.4524247 -0.4460009 -0.8910158 -0.0846994 0.6558298 0.6075331 -0.4480969
-0.2106269 -0.2721309 -0.0228849 0.3413845 0.2216615 -0.1862827 -0.1840529 -0.3676884 -0.0358487 0.3847047 0.3314375 -0.2356349 -0.6107241 -0.7890582 -0.0663561 0.7626378 0.4951819 -0.4161472 -0.4459279 -0.8908448 -0.0868551 0.6872222 0.5920676 -0.4209295
