-0.1633197 -0.2804197 -0.0326186 0.3402362 0.3188724 -0.1633994 -0.1311192 -0.3736223 -0.0559618 0.3483090 0.3965128 -0.1886390 -0.5007534 -0.8597928 -0.1000117 0.6885910 0.6453537 -0.3306979 -0.3278825 -0.9342964 -0.1399406 0.6214591 0.7074652 -0.3365731
-0.1636066 -0.2803694 -0.0325923 0.3184497 0.3233710 -0.1698595 -0.1292850 -0.3766151 -0.0568839 0.3035101 0.3938374 -0.1981571 -0.5014826 -0.8593806 -0.0999011 0.6571476 0.6673031 -0.3505192 -0.3214203 -0.9363168 -0.1414211 0.5670436 0.7358009 -0.3702142
-0.1639251 -0.2803829 -0.0324315 0.2911150 0.3177276 -0.1721911 -0.1302201 -0.3755410 -0.0560487 0.2725881 0.3593755 -0.1916116 -0.5022196 -0.8590128 -0.0993608 0.6273265 0.6846742 -0.3710563 -0.3244069 -0.9355553 -0.1396297 0.5562211 0.7333125 -0.3909870
-0.1647707 -0.2799656 -0.0322916 0.2699692 0.3074713 -0.1729497 -0.1310427 -0.3738382 -0.0557970 0.2574065 0.3463386 -0.1905263 -0.5047271 -0.8575932 -0.0989159 0.6077343 0.6921562 -0.3893312 -0.3275652 -0.9344773 -0.1394749 0.5456899 0.7342219 -0.4039069
-0.1654407 -0.2800513 -0.0320557 0.2455530 0.2807151 -0.1686576 -0.1321671 -0.3730956 -0.0555588 0.2392581 0.3366483 -0.1935408 -0.5061765 -0.8568351 -0.0980766 0.5999051 0.6858089 -0.4120436 -0.3306709 -0.9334532 -0.1390034 0.5245645 0.7380889 -0.4243310
-0.1662088 -0.2811143 -0.0318423 0.2434643 0.2747470 -0.1653959 -0.1328091 -0.3731094 -0.0553745 0.2249955 0.3295028 -0.1907790 -0.5065445 -0.8567352 -0.0970439 0.6046744 0.6823689 -0.4107816 -0.3321107 -0.9330207 -0.1384730 0.5087433 0.7450474 -0.4313753
-0.1671370 -0.2805879 -0.0314972 0.2423671 0.2747817 -0.1642154 -0.1328382 -0.3749999 -0.0559214 0.2255121 0.3243586 -0.1872519 -0.5093926 -0.8551631 -0.0959959 0.6036330 0.6843639 -0.4089905 -0.3306539 -0.9334304 -0.1391967 0.5158321 0.7419316 -0.4283163
-0.1672435 -0.2798271 -0.0312445 0.2498916 0.2823975 -0.1598543 -0.1334684 -0.3736557 -0.0559205 0.2344991 0.3351682 -0.1888283 -0.5106825 -0.8544595 -0.0954059 0.6101317 0.6894976 -0.3902978 -0.3330890 -0.9325103 -0.1395575 0.5204879 0.7439302 -0.4191183
-0.1670580 -0.2797532 -0.0312869 0.2666176 0.2948281 -0.1576764 -0.1333510 -0.3733983 -0.0561433 0.2548354 0.3443324 -0.1859392 -0.5103558 -0.8546352 -0.0955801 0.6234722 0.6894411 -0.3687185 -0.3330023 -0.9324449 -0.1402001 0.5456983 0.7373450 -0.3981656
-0.1676833 -0.2796742 -0.0311723 0.3013197 0.3122139 -0.1527135 -0.1337327 -0.3731057 -0.0561342 0.3037317 0.3883677 -0.1902824 -0.5118888 -0.8537648 -0.0951602 0.6550544 0.6787379 -0.3319919 -0.3340777 -0.9320558 -0.1402289 0.5747283 0.7348785 -0.3600569
-0.1676450 -0.2795298 -0.0311915 0.3123777 0.3301923 -0.1713658 -0.1341339 -0.3727825 -0.0561427 0.3315969 0.3973332 -0.1880724 -0.5119924 -0.8536916 -0.0952597 0.6430561 0.6797289 -0.3527712 -0.3352187 -0.9316341 -0.1403082 0.6022057 0.7215879 -0.3415540
-0.1680136 -0.2797453 -0.0317272 0.3510001 0.3004534 -0.1567840 -0.1339789 -0.3728875 -0.0568374 0.3956431 0.3886156 -0.1718819 -0.5124543 -0.8532444 -0.0967704 0.7193977 0.6157989 -0.3213390 -0.3347111 -0.9315613 -0.1419933 0.6814357 0.6693320 -0.2960407
-0.1681618 -0.2796076 -0.0318304 0.3685358 0.2946493 -0.1523179 -0.1339883 -0.3729132 -0.0570023 0.4186430 0.3457626 -0.1706564 -0.5129557 -0.8529063 -0.0970944 0.7432853 0.5942665 -0.3072039 -0.3346923 -0.9315079 -0.1423873 0.7355519 0.6075017 -0.2998417
-0.1680162 -0.2797006 -0.0319477 0.4043091 0.2729795 -0.1425054 -0.1336371 -0.3766463 -0.0578728 0.4234906 0.3379282 -0.1720507 -0.5124863 -0.8531482 -0.0974474 0.7955336 0.5371246 -0.2803989 -0.3309323 -0.9327084 -0.1433134 0.7449851 0.5944677 -0.3026637
-0.1680032 -0.2798347 -0.0318674 0.4094572 0.2671359 -0.1416956 -0.1335860 -0.3760682 -0.0576275 0.4518647 0.3207590 -0.1697133 -0.5122903 -0.8532972 -0.0971729 0.8044137 0.5248114 -0.2783732 -0.3312908 -0.9326423 -0.1429152 0.7796908 0.5534684 -0.2928396
-0.1676593 -0.2799870 -0.0315943 0.4228623 0.2566356 -0.1350822 -0.1331334 -0.3760499 -0.0575042 0.4896575 0.2923617 -0.1549629 -0.5113547 -0.8539501 -0.0963615 0.8246808 0.5004997 -0.2634419 -0.3303195 -0.9330236 -0.1426746 0.8285565 0.4947095 -0.2622150
-0.1674664 -0.2800143 -0.0316408 0.4475029 0.2468656 -0.1301735 -0.1320802 -0.3784055 -0.0581601 0.5022364 0.2894769 -0.1556095 -0.5108766 -0.8542179 -0.0965240 0.8485139 0.4680839 -0.2468231 -0.3261304 -0.9343531 -0.1436080 0.8367672 0.4822923 -0.2592582
-0.1670907 -0.2801031 -0.0313958 0.4549930 0.2460548 -0.1288697 -0.1316753 -0.3793500 -0.0580624 0.5161321 0.2839708 -0.1508973 -0.5099475 -0.8548523 -0.0958175 0.8535253 0.4615763 -0.2417477 -0.3245401 -0.9349836 -0.1431063 0.8487433 0.4669702 -0.2481401
-0.1666624 -0.2811562 -0.0314909 0.4558934 0.2453732 -0.1276303 -0.1319689 -0.3786195 -0.0579135 0.5158121 0.2825135 -0.1497331 -0.5075682 -0.8562574 -0.0959051 0.8549627 0.4601622 -0.2393523 -0.3257524 -0.9345852 -0.1429539 0.8499493 0.4655225 -0.2467285
-0.1658276 -0.2806587 -0.0319514 0.4557739 0.2448058 -0.1262945 -0.1318610 -0.3776113 -0.0575566 0.5150389 0.2828747 -0.1485756 -0.5062666 -0.8568423 -0.0975466 0.8558323 0.4596856 -0.2371502 -0.3263144 -0.9344685 -0.1424343 0.8497582 0.4667125 -0.2451336
-0.1657571 -0.2814637 -0.0321273 0.4532783 0.2445165 -0.1260619 -0.1319332 -0.3781878 -0.0575930 0.5001839 0.2951971 -0.1523141 -0.5050159 -0.8575417 -0.0978830 0.8548752 0.4611540 -0.2377506 -0.3260351 -0.9345827 -0.1423245 0.8330328 0.4916369 -0.2536720
-0.1657493 -0.2817672 -0.0320377 0.4489476 0.2492734 -0.1274094 -0.1318153 -0.3784519 -0.0575276 0.4877917 0.3058070 -0.1548426 -0.5046113 -0.8578193 -0.0975365 0.8485459 0.4711461 -0.2408136 -0.3255834 -0.9347754 -0.1420931 0.8181904 0.5129410 -0.2597231
-0.1658319 -0.2818684 -0.0324212 0.4335109 0.2580042 -0.1344663 -0.1322435 -0.3779507 -0.0576072 0.4594336 0.3187506 -0.1675582 -0.5046076 -0.8576937 -0.0986541 0.8303359 0.4941747 -0.2575533 -0.3268975 -0.9342697 -0.1424013 0.7870465 0.5460453 -0.2870407
-0.1650505 -0.2814567 -0.0337194 0.4220871 0.2695923 -0.1391107 -0.1333491 -0.3767466 -0.0580547 0.4552976 0.3284129 -0.1690111 -0.5031735 -0.8580496 -0.1027971 0.8120224 0.5186489 -0.2676248 -0.3301992 -0.9329003 -0.1437551 0.7765969 0.5601709 -0.2882807
-0.1648601 -0.2812349 -0.0343745 0.3934259 0.2816438 -0.1499657 -0.1335514 -0.3756901 -0.0586346 0.3919013 0.3458761 -0.1864133 -0.5029274 -0.8579438 -0.1048640 0.7766713 0.5559996 -0.2960508 -0.3313849 -0.9322104 -0.1454917 0.7061951 0.6232591 -0.3359115
-0.1645569 -0.2817755 -0.0350641 0.3588383 0.2957731 -0.1628419 -0.1321647 -0.3791036 -0.0597187 0.3950507 0.3554341 -0.1870431 -0.5014139 -0.8585854 -0.1068422 0.7282936 0.6002974 -0.3305018 -0.3256104 -0.9339868 -0.1471274 0.7012302 0.6309092 -0.3320086
-0.1633488 -0.2821421 -0.0366413 0.3343515 0.2941299 -0.1672195 -0.1326201 -0.3777073 -0.0597322 0.3276845 0.3142798 -0.1708170 -0.4979092 -0.8600071 -0.1116877 0.7029006 0.6183435 -0.3515423 -0.3276630 -0.9331973 -0.1475796 0.6754912 0.6478586 -0.3521234
-0.1634228 -0.2814990 -0.0374053 0.2989468 0.2881764 -0.1624642 -0.1316539 -0.3807903 -0.0618571 0.2993542 0.3147482 -0.1758993 -0.4987881 -0.8591720 -0.1141660 0.6704640 0.6463085 -0.3643671 -0.3229758 -0.9341621 -0.1517491 0.6387773 0.6716258 -0.3753429
-0.1630478 -0.2802280 -0.0376735 0.2907198 0.2881502 -0.1640763 -0.1322644 -0.3783694 -0.0616318 0.2797996 0.3329398 -0.1841376 -0.4995462 -0.8585632 -0.1154242 0.6592479 0.6534210 -0.3720661 -0.3261507 -0.9330211 -0.1519780 0.5924510 0.7049706 -0.3898951
-0.1632253 -0.2791098 -0.0379641 0.2804163 0.2844635 -0.1623808 -0.1326101 -0.3775684 -0.0617344 0.2673558 0.3315944 -0.1852810 -0.5013756 -0.8573353 -0.1166135 0.6503391 0.6597253 -0.3765921 -0.3275027 -0.9324682 -0.1524635 0.5755739 0.7138693 -0.3988801
-0.1637792 -0.2782163 -0.0380637 0.2723940 0.2776315 -0.1571908 -0.1327059 -0.3761573 -0.0620832 0.2594890 0.3325112 -0.1868362 -0.5038126 -0.8558403 -0.1170904 0.6493182 0.6618031 -0.3747031 -0.3287383 -0.9318149 -0.1537923 0.5625058 0.7207992 -0.4050132
-0.1637570 -0.2775630 -0.0379319 0.2672275 0.2793837 -0.1592864 -0.1318645 -0.3793696 -0.0631930 0.2548079 0.3342034 -0.1882382 -0.5046534 -0.8553715 -0.1168954 0.6390918 0.6681643 -0.3809437 -0.3243305 -0.9330873 -0.1554277 0.5533388 0.7257534 -0.4087765
-0.1636773 -0.2774020 -0.0378615 0.2636735 0.2795488 -0.1613770 -0.1309798 -0.3802379 -0.0635992 0.2525328 0.3323253 -0.1880144 -0.5046971 -0.8553662 -0.1167455 0.6326294 0.6707188 -0.3871903 -0.3216892 -0.9338722 -0.1562009 0.5516469 0.7259501 -0.4107093
-0.1635516 -0.2776942 -0.0377457 0.2653711 0.2800660 -0.1619128 -0.1310546 -0.3782213 -0.0631013 0.2529860 0.3350805 -0.1907117 -0.5040407 -0.8558102 -0.1163265 0.6342232 0.6693433 -0.3869632 -0.3234109 -0.9333580 -0.1557186 0.5486078 0.7266322 -0.4135640
-0.1639295 -0.2785104 -0.0374271 0.2737464 0.2975730 -0.1707884 -0.1305353 -0.3790186 -0.0632636 0.2645492 0.3409170 -0.1919693 -0.5038818 -0.8560773 -0.1150423 0.6236741 0.6779582 -0.3891058 -0.3216514 -0.9339376 -0.1558874 0.5601351 0.7218301 -0.4064603
-0.1636709 -0.2785704 -0.0369167 0.2858359 0.3117567 -0.1734331 -0.1310595 -0.3764651 -0.0623268 0.2769681 0.3468385 -0.1903268 -0.5032991 -0.8566230 -0.1135214 0.6252753 0.6819778 -0.3793904 -0.3248316 -0.9330708 -0.1544774 0.5735023 0.7181790 -0.3940990
-0.1796969 -0.2461616 -0.0324617 0.3185460 0.3373546 -0.1764428 -0.1455981 -0.3377120 -0.0534411 0.3288258 0.4088876 -0.1916718 -0.5862929 -0.8031459 -0.1059119 0.6417140 0.6796040 -0.3554456 -0.3917892 -0.9087472 -0.1438044 0.5886422 0.7319634 -0.3431181
-0.1790653 -0.2461927 -0.0318785 0.3469651 0.3388852 -0.1678077 -0.1445944 -0.3375900 -0.0529296 0.3786076 0.4060659 -0.1785616 -0.5850074 -0.8043132 -0.1041473 0.6760648 0.6603210 -0.3269749 -0.3896926 -0.9098302 -0.1426491 0.6491945 0.6962770 -0.3061777
-0.1599324 -0.2798144 -0.0372858 0.3845473 0.3392752 -0.1553733 -0.1263414 -0.3838717 -0.0620145 0.4007315 0.4098497 -0.1699357 -0.4929411 -0.8624396 -0.1149216 0.7176524 0.6331644 -0.2899617 -0.3090099 -0.9388860 -0.1516770 0.6702726 0.6855240 -0.2842384
-0.1594742 -0.2798297 -0.0373328 0.4067047 0.3344530 -0.1460095 -0.1261264 -0.3842700 -0.0617728 0.4461586 0.3968551 -0.1479849 -0.4918427 -0.8630374 -0.1151400 0.7442936 0.6120687 -0.2672060 -0.3082797 -0.9392374 -0.1509859 0.7252445 0.6451002 -0.2405540
-0.1587041 -0.2807811 -0.0370604 0.4225547 0.3178102 -0.1378944 -0.1262553 -0.3834063 -0.0610227 0.4718657 0.3727560 -0.1359463 -0.4888448 -0.8648697 -0.1141544 0.7733202 0.5816266 -0.2523615 -0.3092631 -0.9391557 -0.1494754 0.7653810 0.6046219 -0.2205092
-0.1584725 -0.2807088 -0.0369276 0.4340761 0.2995889 -0.1221387 -0.1264511 -0.3854814 -0.0609785 0.4905578 0.3463894 -0.1307249 -0.4884184 -0.8651556 -0.1138124 0.8017940 0.5533790 -0.2256059 -0.3082301 -0.9396281 -0.1486377 0.7981863 0.5636100 -0.2127024
-0.1577395 -0.2817949 -0.0364374 0.4447792 0.2632400 -0.1016005 -0.1259726 -0.3873692 -0.0605021 0.5063939 0.3278993 -0.1463993 -0.4853689 -0.8670908 -0.1121190 0.8444129 0.4997609 -0.1928885 -0.3059026 -0.9406585 -0.1469187 0.8157194 0.5281932 -0.2358258
-0.1574020 -0.2823769 -0.0364935 0.4469591 0.2608933 -0.1006687 -0.1266701 -0.3850567 -0.0600402 0.5119518 0.3203130 -0.1478896 -0.4838128 -0.8679532 -0.1121716 0.8477491 0.4948373 -0.1909387 -0.3091180 -0.9396693 -0.1465186 0.8234117 0.5151842 -0.2378623
-0.1571665 -0.2828366 -0.0363100 0.4468896 0.2579106 -0.0995192 -0.1375290 -0.3519956 -0.0532310 0.5195167 0.3094818 -0.1448041 -0.4826961 -0.8686590 -0.1115168 0.8504361 0.4908068 -0.1893863 -0.3603637 -0.9223250 -0.1394799 0.8354942 0.4977130 -0.2328760
-0.1571214 -0.2831724 -0.0359194 0.4527807 0.2546407 -0.0983250 -0.1371466 -0.3522017 -0.0529823 0.5271453 0.3049829 -0.1421548 -0.4822217 -0.8690853 -0.1102405 0.8564094 0.4816387 -0.1859763 -0.3593449 -0.9228217 -0.1388215 0.8429150 0.4876733 -0.2273082
-0.1566582 -0.2841035 -0.0360324 0.4607016 0.2491697 -0.0943557 -0.1363956 -0.3530686 -0.0530093 0.5187275 0.2900104 -0.1148504 -0.4799172 -0.8703418 -0.1103842 0.8656586 0.4681900 -0.1772944 -0.3568767 -0.9237976 -0.1386980 0.8569914 0.4791271 -0.1897447
-0.1570421 -0.2846141 -0.0360035 0.4600915 0.2489361 -0.0943397 -0.1363490 -0.3535015 -0.0527693 0.5178612 0.2901766 -0.1147530 -0.4801733 -0.8702385 -0.1100845 0.8655536 0.4683145 -0.1774779 -0.3564282 -0.9240836 -0.1379435 0.8565238 0.4799416 -0.1897972
-0.1568773 -0.2861463 -0.0359587 0.4604842 0.2510804 -0.0974097 -0.1360923 -0.3550530 -0.0525230 0.5193489 0.2920178 -0.1151184 -0.4778422 -0.8715907 -0.1095289 0.8632087 0.4706671 -0.1826011 -0.3545436 -0.9249735 -0.1368314 0.8558308 0.4812137 -0.1897027
-0.1571936 -0.2857436 -0.0356391 0.4591957 0.2671756 -0.1078893 -0.1366124 -0.3547125 -0.0521929 0.5054478 0.3219291 -0.1256955 -0.4791477 -0.8709859 -0.1086328 0.8470521 0.4928436 -0.1990172 -0.3560610 -0.9245082 -0.1360334 0.8254861 0.5257675 -0.2052831
-0.1580110 -0.2838656 -0.0357120 0.4530301 0.2796282 -0.1172570 -0.1373827 -0.3526890 -0.0527964 0.4914469 0.3401393 -0.1350508 -0.4834550 -0.8685231 -0.1092655 0.8310347 0.5129477 -0.2150953 -0.3594841 -0.9228682 -0.1381504 0.8020446 0.5551096 -0.2204037
-0.1591793 -0.2833382 -0.0348857 0.4367450 0.2858430 -0.1282905 -0.1382853 -0.3519805 -0.0523701 0.4470754 0.3548293 -0.1525435 -0.4869996 -0.8668564 -0.1067308 0.8125424 0.5317966 -0.2386780 -0.3622123 -0.9219467 -0.1371736 0.7567233 0.6005868 -0.2581963
-0.1608166 -0.2819392 -0.0347266 0.3897026 0.3024462 -0.1450492 -0.1396997 -0.3504674 -0.0523901 0.3714910 0.3733230 -0.1549926 -0.4926501 -0.8637006 -0.1063824 0.7579108 0.5882107 -0.2820981 -0.3667579 -0.9200930 -0.1375413 0.6766715 0.6800085 -0.2823193
-0.1622608 -0.2811391 -0.0346366 0.3728488 0.2963578 -0.1428482 -0.1401249 -0.3493656 -0.0522194 0.3273651 0.3481894 -0.1692819 -0.4970513 -0.8612098 -0.1061018 0.7498334 0.5960030 -0.2872809 -0.3687265 -0.9193253 -0.1374108 0.6456765 0.6867493 -0.3338821
-0.1626437 -0.2817337 -0.0343173 0.3435199 0.3131311 -0.1608368 -0.1409508 -0.3501144 -0.0518524 0.3445468 0.3135897 -0.1559332 -0.4972058 -0.8612668 -0.1049087 0.6984111 0.6366274 -0.3269977 -0.3699815 -0.9190149 -0.1361074 0.7013100 0.6382982 -0.3173952
-0.1628924 -0.2809052 -0.0345653 0.3212917 0.3013820 -0.1603057 -0.1414378 -0.3494006 -0.0519352 0.3036773 0.3445624 -0.1778014 -0.4988247 -0.8602150 -0.1058492 0.6853742 0.6429032 -0.3419615 -0.3717125 -0.9182593 -0.1364907 0.6166034 0.6996187 -0.3610179
-0.1636785 -0.2805988 -0.0346945 0.3045368 0.2922174 -0.1606919 -0.1424865 -0.3491721 -0.0520713 0.2985700 0.3445104 -0.1798423 -0.5010122 -0.8588997 -0.1061981 0.6743293 0.6470507 -0.3558166 -0.3742718 -0.9171765 -0.1367766 0.6092318 0.7029731 -0.3669680
-0.1637915 -0.2795991 -0.0346121 0.2944723 0.2878519 -0.1623031 -0.1424617 -0.3480856 -0.0521534 0.2846511 0.3422679 -0.1836389 -0.5026045 -0.8579675 -0.1062096 0.6652894 0.6503323 -0.3666850 -0.3751866 -0.9167168 -0.1373511 0.5911061 0.7107531 -0.3813444
-0.1636330 -0.2789977 -0.0345145 0.2820599 0.2834210 -0.1648167 -0.1424918 -0.3474772 -0.0522999 0.2647589 0.3359919 -0.1872473 -0.5030535 -0.8577170 -0.1061072 0.6521729 0.6553200 -0.3810857 -0.3757866 -0.9163844 -0.1379279 0.5669870 0.7195341 -0.4009942
-0.1638668 -0.2789336 -0.0341424 0.2796581 0.2824831 -0.1647105 -0.1426794 -0.3473906 -0.0519500 0.2632250 0.3354242 -0.1872466 -0.5037361 -0.8574580 -0.1049557 0.6499550 0.6565205 -0.3828046 -0.3763377 -0.9162936 -0.1370256 0.5652484 0.7202886 -0.4020927
-0.1635592 -0.2791642 -0.0338016 0.2790839 0.2880865 -0.1681929 -0.1325887 -0.3776543 -0.0570125 0.2637880 0.3353875 -0.1870391 -0.5027791 -0.8581473 -0.1039057 0.6416646 0.6623632 -0.3867060 -0.3279519 -0.9341101 -0.1410176 0.5662037 0.7198872 -0.4014671
-0.1632636 -0.2789528 -0.0336338 0.2797549 0.2872318 -0.1685570 -0.1324707 -0.3775252 -0.0566924 0.2670245 0.3362119 -0.1874531 -0.5024069 -0.8584143 -0.1035004 0.6431973 0.6603879 -0.3875372 -0.3278256 -0.9342629 -0.1402970 0.5699731 0.7176562 -0.4001253
-0.1623882 -0.2795385 -0.0334370 0.2976367 0.3131946 -0.1768577 -0.1323056 -0.3762461 -0.0562759 0.2849732 0.3449729 -0.1876793 -0.4996449 -0.8600992 -0.1028808 0.6375305 0.6708552 -0.3788248 -0.3284799 -0.9341198 -0.1397181 0.5873058 0.7109602 -0.3867912
-0.1628042 -0.2781314 -0.0330933 0.3241561 0.3247732 -0.1735039 -0.1323016 -0.3762883 -0.0561297 0.3258590 0.3813552 -0.2353228 -0.5025265 -0.8585061 -0.1021488 0.6607752 0.6620330 -0.3536785 -0.3284554 -0.9341835 -0.1393491 0.5881197 0.6882808 -0.4247173
-0.1624027 -0.2784424 -0.0329886 0.3623975 0.3316817 -0.1698968 -0.1319850 -0.3767108 -0.0561206 0.3951094 0.3971672 -0.1795285 -0.5012022 -0.8593203 -0.1018083 0.6971637 0.6380741 -0.3268396 -0.3274340 -0.9345603 -0.1392263 0.6716248 0.6751229 -0.3051708
-0.1627487 -0.2791708 -0.0320107 0.3893470 0.3274906 -0.1632662 -0.1329697 -0.3733544 -0.0545431 0.4106001 0.3987026 -0.1726059 -0.5011851 -0.8597070 -0.0985769 0.7286786 0.6129119 -0.3055593 -0.3323728 -0.9332420 -0.1363368 0.6868672 0.6669646 -0.2887415
-0.1623063 -0.2794804 -0.0318939 0.4121564 0.2931782 -0.1485912 -0.1402504 -0.3474906 -0.0503012 0.4417942 0.3585920 -0.1657178 -0.4997711 -0.8605720 -0.0982073 0.7818318 0.5561385 -0.2818670 -0.3709471 -0.9190747 -0.1330413 0.7454568 0.6050665 -0.2796223
-0.1619156 -0.2788037 -0.0318109 0.4210007 0.2916913 -0.1450463 -0.1399584 -0.3468700 -0.0501235 0.4813620 0.3344679 -0.1558714 -0.4997774 -0.8605704 -0.0981892 0.7908800 0.5479631 -0.2724799 -0.3708637 -0.9191407 -0.1328179 0.7936376 0.5514484 -0.2569904
-0.1612174 -0.2788306 -0.0314690 0.4328407 0.2830067 -0.1349084 -0.1398419 -0.3471639 -0.0494697 0.4991847 0.3313294 -0.1505781 -0.4981738 -0.8616072 -0.0972417 0.8098703 0.5295220 -0.2524214 -0.3704167 -0.9195765 -0.1310366 0.8080445 0.5363324 -0.2437450
