-0.2273933 -0.2299097 0.0218872 0.3062921 0.3411779 -0.2919772 -0.2265890 -0.3173924 0.0231549 0.3124584 0.4215270 -0.2981405 -0.7015999 -0.7093639 0.0675309 0.5634828 0.6276619 -0.5371478 -0.5800133 -0.8124479 0.0592708 0.5177504 0.6984795 -0.4940253
-0.2234339 -0.2379055 0.0225428 0.3322838 0.3535718 -0.2917750 -0.2239776 -0.3253998 0.0222491 0.3290081 0.4289892 -0.2967826 -0.6829619 -0.7271967 0.0689058 0.5868886 0.6244882 -0.5153409 -0.5660875 -0.8224249 0.0562330 0.5334704 0.6955848 -0.4812183
-0.2219991 -0.2427162 0.0211973 0.3398782 0.3404546 -0.2837664 -0.2233087 -0.3301963 0.0223591 0.3423024 0.4288424 -0.2950629 -0.6735164 -0.7363694 0.0643098 0.6085285 0.6095604 -0.5080641 -0.5593280 -0.8270525 0.0560035 0.5494351 0.6883417 -0.4736103
-0.2217953 -0.2429044 0.0215834 0.3430466 0.3405012 -0.2836423 -0.2230988 -0.3303735 0.0234799 0.3497143 0.4287330 -0.2951187 -0.6728440 -0.7368812 0.0654761 0.6121198 0.6075779 -0.5061209 -0.5586712 -0.8273025 0.0587970 0.5577027 0.6837167 -0.4706369
-0.2215865 -0.2429749 0.0223040 0.3446072 0.3386368 -0.2843490 -0.2228686 -0.3304318 0.0247566 0.3534727 0.4262304 -0.2969873 -0.6722933 -0.7371854 0.0676705 0.6147006 0.6040509 -0.5072137 -0.5580992 -0.8274551 0.0619946 0.5625460 0.6783387 -0.4726505
-0.2215830 -0.2436680 0.0226466 0.3462138 0.3377786 -0.2838301 -0.2246032 -0.3232204 0.0240021 0.3559126 0.4266716 -0.2954656 -0.6711988 -0.7380965 0.0685989 0.6173361 0.6022953 -0.5060993 -0.5695856 -0.8196751 0.0608685 0.5655662 0.6780066 -0.4695124
-0.2218713 -0.2448452 0.0239862 0.3468518 0.3352111 -0.2833085 -0.2244980 -0.3217911 0.0251562 0.3560830 0.4241547 -0.2952191 -0.6697243 -0.7390719 0.0724030 0.6200347 0.5992256 -0.5064442 -0.5709964 -0.8184554 0.0639833 0.5673906 0.6758576 -0.4704088
-0.2224912 -0.2454820 0.0264730 0.3465159 0.3341465 -0.2829236 -0.2274548 -0.3286640 0.0336513 0.3569672 0.4246158 -0.2946007 -0.6694240 -0.7385981 0.0796512 0.6205889 0.5984360 -0.5066989 -0.5670653 -0.8193891 0.0838956 0.5683256 0.6760286 -0.4690323
-0.2229201 -0.2454170 0.0269394 0.3455451 0.3340624 -0.2830546 -0.2285998 -0.3209751 0.0342210 0.3577537 0.4239791 -0.2934591 -0.6701564 -0.7377882 0.0809870 0.6195002 0.5989138 -0.5074660 -0.5779398 -0.8114805 0.0865165 0.5700473 0.6755712 -0.4675999
-0.2249957 -0.2508429 0.0310382 0.3451973 0.3335349 -0.2822261 -0.2350440 -0.3350829 0.0524895 0.3585378 0.4233319 -0.2915405 -0.6648982 -0.7412808 0.0917228 0.6199344 0.5989900 -0.5068455 -0.5695942 -0.8120237 0.1272005 0.5721028 0.6754918 -0.4651981
-0.2264866 -0.2499696 0.0342630 0.3389393 0.3340543 -0.2791187 -0.2330278 -0.3345962 0.0446250 0.3554917 0.4213187 -0.2900079 -0.6680034 -0.7372646 0.1010560 0.6143478 0.6054935 -0.5059193 -0.5681105 -0.8157294 0.1087935 0.5707160 0.6763966 -0.4655866
-0.2273365 -0.2493884 0.0347059 0.3276379 0.3361502 -0.2790263 -0.2358599 -0.3228990 0.0423989 0.3419302 0.4188358 -0.2861710 -0.6701429 -0.7351475 0.1023061 0.5999856 0.6155738 -0.5109659 -0.5865577 -0.8030144 0.1054415 0.5589412 0.6846560 -0.4677936
-0.2290352 -0.2482793 0.0363663 0.3012991 0.3358523 -0.2828644 -0.2368798 -0.3226678 0.0440650 0.2989290 0.4247528 -0.2776949 -0.6741515 -0.7307953 0.1070419 0.5657861 0.6306707 -0.5311691 -0.5882272 -0.8012585 0.1094236 0.5075437 0.7211766 -0.4714909
-0.2292533 -0.2470319 0.0379739 0.2752119 0.3341584 -0.2827933 -0.2387805 -0.3278545 0.0566798 0.2502512 0.3993961 -0.2840215 -0.6759610 -0.7283818 0.1119672 0.5322387 0.6462367 -0.5469005 -0.5830555 -0.8005570 0.1384010 0.4547684 0.7258016 -0.5161373
-0.2284203 -0.2451737 0.0386346 0.2358374 0.3435945 -0.2688559 -0.2384261 -0.3293871 0.0602279 0.2186685 0.3877077 -0.2872495 -0.6771805 -0.7268479 0.1145370 0.4755328 0.6928098 -0.5421099 -0.5800275 -0.8013117 0.1465186 0.4127691 0.7318556 -0.5422260
-0.2296148 -0.2420501 0.0423707 0.2416706 0.3301007 -0.2833575 -0.2355554 -0.3263905 0.0565102 0.2194287 0.3626316 -0.2964887 -0.6827412 -0.7197167 0.1259858 0.4856166 0.6633095 -0.5693830 -0.5795277 -0.8030058 0.1390299 0.4242149 0.7010647 -0.5731928
-0.2298832 -0.2419525 0.0423901 0.2620557 0.3429508 -0.2615892 -0.2367685 -0.3271482 0.0611598 0.2467429 0.3713832 -0.2793514 -0.6833045 -0.7191793 0.1260004 0.5192354 0.6795205 -0.5183111 -0.5796855 -0.8009638 0.1497388 0.4689500 0.7058366 -0.5309243
-0.2297484 -0.2419904 0.0420554 0.3025420 0.3518541 -0.2586604 -0.2330109 -0.3284637 0.0545780 0.2929465 0.4094561 -0.2695359 -0.6831207 -0.7195206 0.1250451 0.5694791 0.6623000 -0.4868801 -0.5733531 -0.8082270 0.1342960 0.5129778 0.7169974 -0.4719836
-0.2304888 -0.2409381 0.0442027 0.3411663 0.3468682 -0.2678459 -0.2332351 -0.3278179 0.0543380 0.3491268 0.4343870 -0.2623931 -0.6852684 -0.7163352 0.1314196 0.6142870 0.6245536 -0.4822700 -0.5745060 -0.8074826 0.1338457 0.5667824 0.7051963 -0.4259764
-0.2316795 -0.2413124 0.0473557 0.3712162 0.3413493 -0.2672314 -0.2335172 -0.3274160 0.0541893 0.3913629 0.4333878 -0.2546627 -0.6857256 -0.7142371 0.1401636 0.6504228 0.5980918 -0.4682269 -0.5754588 -0.8068547 0.1335393 0.6143285 0.6802956 -0.3997479
-0.2326783 -0.2412321 0.0500905 0.3880009 0.3406586 -0.2692561 -0.2337084 -0.3272707 0.0546362 0.4042208 0.4260153 -0.2587673 -0.6866051 -0.7118464 0.1478110 0.6663065 0.5850065 -0.4623884 -0.5758551 -0.8063917 0.1346229 0.6298720 0.6638330 -0.4032209
-0.2333481 -0.2407155 0.0512474 0.3957384 0.3454257 -0.2747377 -0.2331479 -0.3256512 0.0524382 0.4176251 0.4272545 -0.2684441 -0.6880414 -0.7097647 0.1511062 0.6675780 0.5827046 -0.4634598 -0.5772042 -0.8062145 0.1298212 0.6375997 0.6523013 -0.4098410
-0.2337234 -0.2411732 0.0523457 0.3969657 0.3430027 -0.2777141 -0.2332842 -0.3254963 0.0530497 0.4186960 0.4248167 -0.2747190 -0.6876264 -0.7095440 0.1540037 0.6687458 0.5778374 -0.4678493 -0.5774935 -0.8057638 0.1313241 0.6375822 0.6469028 -0.4183369
-0.2340635 -0.2410104 0.0528358 0.3889030 0.3409814 -0.2876446 -0.2343125 -0.3251242 0.0547109 0.4057590 0.4253881 -0.2882742 -0.6882334 -0.7086600 0.1553570 0.6571283 0.5761553 -0.4860323 -0.5792980 -0.8038144 0.1352634 0.6197160 0.6496955 -0.4402814
-0.2351911 -0.2408544 0.0546397 0.3638417 0.3365650 -0.3028379 -0.2357921 -0.3275333 0.0567415 0.3559620 0.4183330 -0.3144572 -0.6896204 -0.7062262 0.1602130 0.6264130 0.5794518 -0.5213850 -0.5785625 -0.8036675 0.1392263 0.5624074 0.6609513 -0.4968312
-0.2356218 -0.2410517 0.0554447 0.3338461 0.3343186 -0.3079239 -0.2358827 -0.3270895 0.0568500 0.3137586 0.4049078 -0.3190774 -0.6897384 -0.7056334 0.1623039 0.5919784 0.5928163 -0.5460131 -0.5791955 -0.8031481 0.1395916 0.5199033 0.6709391 -0.5287166
-0.2325450 -0.2446604 0.0507918 0.3087889 0.3324672 -0.3063011 -0.2353094 -0.3253166 0.0560877 0.2806159 0.4010831 -0.3180407 -0.6812630 -0.7167562 0.1487994 0.5640459 0.6072975 -0.5595016 -0.5804411 -0.8024630 0.1383523 0.4807133 0.6870815 -0.5448245
-0.2330793 -0.2444885 0.0513986 0.2992843 0.3311557 -0.3018474 -0.2354669 -0.3249471 0.0561785 0.2714410 0.3994619 -0.3137136 -0.6821649 -0.7155568 0.1504310 0.5554248 0.6145731 -0.5601814 -0.5811053 -0.8019321 0.1386419 0.4713297 0.6936250 -0.5447318
-0.2335366 -0.2453523 0.0520559 0.3006237 0.3339913 -0.2973615 -0.2352264 -0.3250748 0.0552994 0.2776430 0.4012693 -0.3015708 -0.6814502 -0.7159280 0.1518969 0.5579089 0.6198338 -0.5518548 -0.5807384 -0.8025606 0.1365259 0.4840134 0.6995303 -0.5257266
-0.2317211 -0.2449389 0.0467643 0.3116978 0.3402311 -0.2865173 -0.2322459 -0.3279940 0.0487423 0.3086064 0.3928278 -0.2871658 -0.6807187 -0.7195481 0.1373778 0.5738774 0.6264110 -0.5275168 -0.5736758 -0.8101852 0.1203993 0.5355814 0.6817464 -0.4983717
-0.2322102 -0.2443322 0.0455149 0.3205285 0.3441863 -0.2792313 -0.2327213 -0.3261110 0.0472001 0.3367413 0.4318650 -0.2614279 -0.6827012 -0.7183402 0.1338145 0.5860108 0.6292634 -0.5105085 -0.5768927 -0.8083965 0.1170042 0.5549156 0.7116699 -0.4308069
-0.2321018 -0.2431252 0.0442997 0.3389594 0.3374890 -0.2892526 -0.2336244 -0.3260947 0.0470998 0.3440510 0.4364094 -0.2573309 -0.6845988 -0.7171131 0.1306649 0.6063884 0.6037580 -0.5174644 -0.5784190 -0.8073618 0.1166121 0.5618004 0.7126123 -0.4201953
-0.2328000 -0.2425339 0.0429009 0.3421590 0.3518471 -0.2677070 -0.2345949 -0.3255698 0.0459882 0.3472857 0.4393238 -0.2550754 -0.6869109 -0.7156322 0.1265855 0.6120372 0.6293668 -0.4788611 -0.5808062 -0.8060402 0.1138567 0.5643556 0.7139219 -0.4145096
-0.2319337 -0.2408338 0.0410725 0.3356755 0.3556317 -0.2611289 -0.2329727 -0.3040614 0.0274279 0.3464101 0.4395579 -0.2551416 -0.6884971 -0.7149170 0.1219241 0.6054941 0.6414913 -0.4710264 -0.6066466 -0.7917569 0.0714207 0.5632064 0.7146496 -0.4148186
-0.2313641 -0.2393396 0.0418921 0.3271489 0.3548226 -0.2668063 -0.2354162 -0.3261508 0.0522870 0.3253820 0.4339205 -0.2661082 -0.6895870 -0.7133580 0.1248604 0.5932386 0.6434209 -0.4838156 -0.5803835 -0.8040761 0.1289059 0.5385953 0.7182558 -0.4404812
-0.2316833 -0.2388447 0.0431040 0.3042063 0.3532396 -0.2723591 -0.2352165 -0.3258723 0.0517439 0.2830397 0.4245378 -0.2776562 -0.6904948 -0.7118384 0.1284644 0.5634424 0.6542606 -0.5044559 -0.5804772 -0.8042015 0.1276957 0.4872492 0.7308364 -0.4779815
-0.2335392 -0.2385427 0.0535988 0.2947945 0.3492993 -0.2738885 -0.2352099 -0.3259502 0.0578800 0.2737643 0.4218852 -0.2782979 -0.6907268 -0.7055252 0.1585263 0.5532414 0.6555308 -0.5140071 -0.5791919 -0.8026350 0.1425264 0.4762857 0.7339812 -0.4841730
-0.2336639 -0.2382973 0.0542263 0.2923911 0.3479430 -0.2735762 -0.2507053 -0.3118660 0.0984806 0.2697579 0.4237685 -0.2730668 -0.6910686 -0.7047721 0.1603762 0.5511901 0.6559118 -0.5157220 -0.6083862 -0.7568048 0.2389828 0.4717990 0.7411593 -0.4775861
-0.2341612 -0.2380078 0.0554562 0.2919838 0.3497542 -0.2636171 -0.2500659 -0.3135404 0.0967237 0.2708966 0.4253492 -0.2693530 -0.6918448 -0.7032100 0.1638490 0.5547010 0.6644511 -0.5008108 -0.6061495 -0.7600092 0.2344544 0.4738316 0.7439882 -0.4711317
-0.2344310 -0.2376584 0.0554361 0.2984610 0.3499886 -0.2635547 -0.2280998 -0.3193052 0.0615189 0.2892503 0.4273223 -0.2597991 -0.6927690 -0.7023063 0.1638197 0.5630016 0.6602007 -0.4971562 -0.5742656 -0.8038850 0.1548804 0.5006717 0.7396644 -0.4496937
-0.2348369 -0.2377562 0.0573766 0.3039962 0.3532545 -0.2620661 -0.2274444 -0.3134028 0.0590288 0.3111501 0.4426625 -0.2497407 -0.6925913 -0.7012009 0.1692177 0.5685588 0.6606859 -0.4901377 -0.5806450 -0.8000890 0.1506952 0.5221235 0.7428072 -0.4190759
-0.2353050 -0.2350587 0.0593666 0.3058045 0.3537747 -0.2614056 -0.2271116 -0.3028713 0.0569183 0.3118942 0.4431652 -0.2499198 -0.6964690 -0.6957402 0.1757168 0.5708192 0.6603610 -0.4879435 -0.5932610 -0.7911606 0.1486820 0.5226380 0.7426076 -0.4187881
-0.2352291 -0.2356941 0.0595230 0.3062916 0.3541066 -0.2612312 -0.2373997 -0.3174716 0.0676185 0.3091009 0.4428182 -0.2519713 -0.6953860 -0.6967608 0.1759624 0.5712888 0.6604722 -0.4872429 -0.5903363 -0.7894493 0.1681454 0.5186952 0.7430830 -0.4228273
-0.2391550 -0.2389297 0.0689655 0.3032307 0.3526552 -0.2639178 -0.2384304 -0.3222084 0.0704942 0.2838047 0.4266324 -0.2741882 -0.6931629 -0.6925097 0.1998886 0.5670417 0.6594658 -0.4935266 -0.5858458 -0.7916961 0.1732109 0.4883472 0.7341130 -0.4717999
-0.2400572 -0.2369691 0.0708636 0.2951443 0.3507197 -0.2671740 -0.2284622 -0.2999406 0.0615832 0.2776834 0.4244554 -0.2749554 -0.6964664 -0.6875071 0.2055932 0.5562858 0.6610339 -0.5035675 -0.5980116 -0.7851100 0.1611971 0.4812956 0.7356888 -0.4765673
-0.2395793 -0.2371652 0.0706676 0.2893015 0.3466578 -0.2690243 -0.2265388 -0.2993588 0.0585078 0.2651729 0.4182602 -0.2796690 -0.6955601 -0.6885514 0.2051661 0.5504357 0.6595638 -0.5118555 -0.5962400 -0.7878990 0.1539901 0.4662406 0.7354066 -0.4917285
-0.2372405 -0.2437077 0.0646758 0.2881955 0.3456555 -0.2691682 -0.2373694 -0.3170427 0.0673227 0.2642501 0.4229685 -0.2742803 -0.6852557 -0.7039358 0.1868125 0.5495813 0.6591561 -0.5132968 -0.5908576 -0.7891797 0.1675791 0.4642686 0.7431256 -0.4818910
-0.2375752 -0.2439938 0.0672979 0.2905752 0.3444325 -0.2682942 -0.2381937 -0.3201290 0.0691245 0.2697371 0.4220077 -0.2725243 -0.6843850 -0.7028750 0.1938657 0.5540553 0.6567479 -0.5115710 -0.5881827 -0.7905095 0.1706923 0.4730643 0.7401160 -0.4779524
-0.2369323 -0.2429820 0.0650855 0.2988145 0.3458925 -0.2660661 -0.2435381 -0.3298770 0.0733397 0.3042927 0.4271343 -0.2615720 -0.6856428 -0.7031497 0.1883466 0.5649860 0.6539991 -0.5030666 -0.5846645 -0.7919392 0.1760673 0.5192242 0.7288327 -0.4463285
-0.2370534 -0.2428109 0.0642151 0.3105004 0.3465888 -0.2639996 -0.2406273 -0.3299562 0.0716593 0.3230589 0.4353364 -0.2558148 -0.6863907 -0.7030617 0.1859354 0.5803694 0.6478238 -0.4934528 -0.5803597 -0.7958088 0.1728323 0.5389362 0.7262408 -0.4267577
-0.2373492 -0.2408594 0.0638709 0.3237670 0.3466910 -0.2628172 -0.2366355 -0.3027208 0.0449278 0.3341579 0.4381147 -0.2540809 -0.6897024 -0.6999024 0.1855996 0.5970222 0.6392939 -0.4846317 -0.6116946 -0.7825228 0.1161368 0.5507210 0.7220507 -0.4187472
-0.2356051 -0.2386798 0.0631917 0.3297287 0.3463457 -0.2627887 -0.2354913 -0.3006855 0.0447125 0.3413895 0.4385560 -0.2534838 -0.6903602 -0.6993697 0.1851618 0.6042857 0.6347392 -0.4816065 -0.6124053 -0.7819459 0.1162769 0.5588803 0.7179492 -0.4149720
-0.2373920 -0.2395755 0.0668776 0.3326017 0.3457720 -0.2629259 -0.2370098 -0.3016959 0.0487898 0.3439924 0.4385655 -0.2535996 -0.6904199 -0.6967701 0.1945038 0.6079422 0.6320153 -0.4805861 -0.6128265 -0.7800826 0.1261539 0.5617498 0.7161905 -0.4141357
-0.2360509 -0.2326860 0.0648893 0.3366435 0.3446170 -0.2633916 -0.2356584 -0.2949895 0.0474418 0.3457890 0.4381369 -0.2534354 -0.6988974 -0.6889346 0.1921237 0.6131290 0.6276512 -0.4797154 -0.6192872 -0.7752034 0.1246723 0.5640971 0.7147474 -0.4134376
-0.2357831 -0.2362597 0.0665986 0.3380671 0.3458089 -0.2624598 -0.2350705 -0.2985607 0.0491506 0.3471559 0.4383685 -0.2526808 -0.6927379 -0.6941383 0.1956686 0.6144052 0.6284751 -0.4769960 -0.6135031 -0.7792041 0.1282766 0.5657489 0.7143952 -0.4117859
-0.2353706 -0.2370470 0.0653944 0.3384991 0.3463975 -0.2611865 -0.2344308 -0.2992940 0.0477645 0.3479224 0.4386253 -0.2520267 -0.6914683 -0.6963932 0.1921148 0.6151569 0.6295106 -0.4746560 -0.6118258 -0.7811080 0.1246575 0.5666762 0.7144079 -0.4104868
-0.2348954 -0.2371163 0.0648324 0.3356409 0.3346740 -0.2813747 -0.2338744 -0.2993460 0.0471451 0.3484994 0.4390222 -0.2516255 -0.6908592 -0.6973911 0.1906809 0.6089158 0.6071617 -0.5104667 -0.6109737 -0.7820117 0.1231619 0.5672038 0.7145351 -0.4095357
-0.2354611 -0.2368515 0.0646646 0.3367195 0.3358396 -0.2803336 -0.2342913 -0.2990521 0.0468856 0.3493033 0.4395615 -0.2480198 -0.6921673 -0.6962546 0.1900895 0.6099479 0.6083539 -0.5078081 -0.6120734 -0.7812575 0.1224860 0.5690905 0.7161405 -0.4040777
-0.2355277 -0.2359916 0.0636996 0.3373638 0.3497941 -0.2530074 -0.2342868 -0.2981877 0.0459075 0.3503343 0.4399866 -0.2436193 -0.6938611 -0.6952275 0.1876580 0.6157514 0.6384391 -0.4617853 -0.6133379 -0.7806236 0.1201809 0.5715811 0.7178516 -0.3974723
-0.2353471 -0.2361536 0.0634584 0.3372815 0.3497361 -0.2523574 -0.2340633 -0.2983452 0.0456495 0.3474206 0.4405542 -0.2386377 -0.6934470 -0.6958232 0.1869793 0.6160370 0.6387851 -0.4609251 -0.6128248 -0.7811279 0.1195196 0.5698199 0.7225725 -0.3914003
-0.2352314 -0.2360768 0.0634384 0.3325496 0.3497428 -0.2526159 -0.2497653 -0.3206777 0.0806051 0.3419046 0.4370397 -0.2365534 -0.6933867 -0.6958788 0.1869962 0.6104922 0.6420552 -0.4637504 -0.6027387 -0.7738662 0.1945179 0.5668105 0.7245256 -0.3921589
-0.2353247 -0.2365160 0.0631768 0.3121515 0.3555811 -0.2407734 -0.2454133 -0.3229556 0.0726610 0.3256236 0.4344336 -0.2341334 -0.6930047 -0.6965131 0.1860485 0.5879734 0.6697781 -0.4535246 -0.5955518 -0.7837259 0.1763286 0.5507335 0.7347659 -0.3959944
-0.2340452 -0.2398056 0.0604777 0.2859785 0.3502107 -0.2488402 -0.2438874 -0.3261251 0.0712300 0.2932518 0.4313077 -0.2339922 -0.6873540 -0.7042713 0.1776134 0.5541213 0.6785798 -0.4821608 -0.5899329 -0.7888555 0.1722965 0.5129985 0.7545059 -0.4093329
-0.2309296 -0.2421297 0.0600441 0.2612327 0.3497447 -0.2402170 -0.2400804 -0.3284670 0.0712578 0.2396855 0.4077688 -0.2531092 -0.6793206 -0.7122677 0.1766303 0.5242846 0.7019249 -0.4821069 -0.5812440 -0.7952314 0.1725179 0.4467914 0.7601110 -0.4718142
-0.2300225 -0.2425753 0.0629544 0.2180769 0.3542275 -0.2633817 -0.2364431 -0.3274623 0.0692940 0.2055370 0.3953019 -0.2657356 -0.6761964 -0.7130979 0.1850669 0.4429343 0.7194687 -0.5349524 -0.5769676 -0.7990724 0.1690909 0.3961991 0.7619954 -0.5122396
-0.2308055 -0.2420764 0.0663876 0.2100263 0.3373712 -0.2780477 -0.2283700 -0.3067319 0.0658260 0.1705643 0.3808152 -0.2832340 -0.6768535 -0.7099061 0.1946862 0.4330293 0.6955872 -0.5732749 -0.5885308 -0.7904769 0.1696399 0.3382096 0.7551134 -0.5616209
-0.2292562 -0.2413187 0.0666762 0.2077197 0.3468500 -0.2811039 -0.2296133 -0.3060173 0.0673690 0.1757077 0.4035050 -0.2755019 -0.6753387 -0.7108723 0.1964135 0.4218393 0.7043866 -0.5708687 -0.5910738 -0.7877541 0.1734222 0.3384062 0.7771348 -0.5306060
-0.2297369 -0.2428131 0.0682065 0.2484012 0.3481484 -0.2786973 -0.2292134 -0.3075129 0.0685998 0.2236640 0.4006532 -0.2853478 -0.6734016 -0.7117302 0.1999260 0.4866098 0.6820115 -0.5459589 -0.5882900 -0.7892502 0.1760654 0.4139286 0.7414777 -0.5280851
-0.2301880 -0.2427870 0.0678942 0.2725249 0.3592464 -0.2697499 -0.2312782 -0.3110391 0.0695463 0.2732565 0.4365614 -0.2710495 -0.6742827 -0.7111886 0.1988806 0.5186551 0.6836989 -0.5133738 -0.5873115 -0.7898577 0.1766070 0.4695137 0.7501068 -0.4657217
-0.2359727 -0.2425570 0.0728848 0.3218283 0.3875095 -0.2760009 -0.2399012 -0.3300021 0.0739885 0.3153829 0.4482388 -0.2705848 -0.6816797 -0.7007006 0.2105501 0.5603046 0.6746557 -0.4805189 -0.5785738 -0.7958717 0.1784394 0.5159819 0.7333405 -0.4426899
-0.2376129 -0.2366781 0.0767840 0.3426107 0.3659863 -0.2679661 -0.2404500 -0.3241495 0.0747207 0.3496828 0.4522395 -0.2654792 -0.6906297 -0.6879125 0.2231751 0.6027117 0.6438336 -0.4713989 -0.5858152 -0.7897344 0.1820441 0.5547881 0.7174990 -0.4211951
-0.2373590 -0.2363755 0.0752260 0.3485487 0.3658876 -0.2711462 -0.2469835 -0.3224171 0.0881915 0.3596806 0.4486744 -0.2694257 -0.6913549 -0.6884903 0.2191107 0.6077775 0.6380120 -0.4728078 -0.5942679 -0.7757691 0.2121980 0.5663952 0.7065352 -0.4242693
-0.2374827 -0.2364604 0.0748144 0.3502829 0.3670839 -0.2730359 -0.2465735 -0.3231250 0.0832089 0.3633161 0.4511599 -0.2703220 -0.6916062 -0.6886292 0.2178775 0.6079273 0.6370860 -0.4738627 -0.5943135 -0.7788249 0.2005575 0.5683633 0.7057840 -0.4228855
-0.2409246 -0.2350260 0.0786589 0.3471479 0.3692857 -0.2780840 -0.2473427 -0.3222201 0.0831511 0.3517115 0.4495561 -0.2829769 -0.6970329 -0.6799675 0.2275726 0.6004848 0.6387780 -0.4810204 -0.5965378 -0.7771263 0.2005428 0.5520635 0.7056451 -0.4441743
-0.2428457 -0.2349936 0.0818107 0.3196597 0.3651224 -0.2899572 -0.2473795 -0.3224228 0.0820130 0.3052859 0.4422230 -0.3069062 -0.6984527 -0.6758691 0.2352972 0.5654622 0.6458836 -0.5129200 -0.5966945 -0.7777035 0.1978204 0.4933265 0.7146101 -0.4959449
-0.2432194 -0.2358348 0.0840238 0.2836880 0.3569179 -0.2966469 -0.2499215 -0.3227052 0.0925783 0.2648419 0.4226440 -0.3151454 -0.6968101 -0.6756536 0.2407235 0.5215446 0.6561737 -0.5453689 -0.5971364 -0.7710383 0.2211970 0.4488938 0.7163603 -0.5341556
-0.2433359 -0.2362754 0.0831469 0.2659318 0.3460276 -0.2988926 -0.2500016 -0.3228079 0.0946592 0.2452935 0.4129057 -0.3155222 -0.6968062 -0.6765881 0.2380960 0.5027510 0.6541742 -0.5650642 -0.5964840 -0.7701941 0.2258493 0.4268625 0.7185433 -0.5490755
-0.2423799 -0.2398698 0.0805468 0.2626072 0.3421059 -0.2984743 -0.2495992 -0.3258504 0.0953906 0.2276725 0.4169812 -0.3080397 -0.6917427 -0.6845790 0.2298775 0.5006941 0.6522684 -0.5690793 -0.5923101 -0.7732575 0.2263662 0.4020973 0.7364395 -0.5440355
-0.2431287 -0.2407590 0.0787593 0.2632979 0.3400516 -0.2963429 -0.2500214 -0.3260627 0.0972312 0.2356667 0.4068814 -0.3057670 -0.6924538 -0.6857047 0.2243141 0.5041285 0.6510863 -0.5673986 -0.5921396 -0.7722323 0.2302780 0.4201743 0.7254358 -0.5451573
-0.2421401 -0.2441499 0.0742711 0.2742000 0.3455787 -0.2867400 -0.2453309 -0.3280351 0.0867741 0.2680733 0.4237342 -0.2829338 -0.6883059 -0.6940189 0.2111227 0.5211476 0.6568109 -0.5449813 -0.5859109 -0.7834289 0.2072380 0.4656230 0.7359941 -0.4914345
-0.2418122 -0.2430059 0.0712736 0.2977277 0.3526977 -0.2772410 -0.2442324 -0.3289228 0.0809776 0.3045236 0.4429541 -0.2695731 -0.6905963 -0.6940054 0.2035517 0.5529617 0.6550561 -0.5149124 -0.5848355 -0.7876339 0.1939078 0.5064064 0.7366088 -0.4482856
