-0.0278166 0.1391090 -0.3097713 0.1374290 -0.1524096 -0.1794207 0.0524884 0.1714159 -0.3349952 0.1305514 -0.1574306 -0.2455146 -0.0816430 0.4082915 -0.9091933 0.5041537 -0.5591095 -0.6581988 0.1381463 0.4511566 -0.8816878 0.4085611 -0.4926796 -0.7683389
-0.0274777 0.1386090 -0.3096273 0.1380142 -0.1347584 -0.1699631 0.0527785 0.1709413 -0.3349591 0.1552399 -0.1289234 -0.2340706 -0.0807343 0.4072571 -0.9097382 0.5368325 -0.5241685 -0.6611038 0.1389851 0.4501510 -0.8820699 0.5023191 -0.4171651 -0.7573961
-0.0270988 0.1363268 -0.3094446 0.1585802 -0.1347858 -0.1849988 0.0530522 0.1686603 -0.3351042 0.1294001 -0.1644373 -0.2370546 -0.0798838 0.4018742 -0.9122038 0.5694919 -0.4840417 -0.6643663 0.1400211 0.4451462 -0.8844427 0.4092423 -0.5200513 -0.7497115
-0.0269512 0.1347389 -0.3095103 0.1604208 -0.1357950 -0.1847276 0.0531608 0.1670923 -0.3352630 0.1404760 -0.1602609 -0.2434130 -0.0795865 0.3978815 -0.9139783 0.5732994 -0.4852936 -0.6601651 0.1405077 0.4416366 -0.8861234 0.4342074 -0.4953622 -0.7523831
-0.0262514 0.1346877 -0.3099506 0.1691674 -0.1362740 -0.1880887 0.0538684 0.1669394 -0.3358126 0.1418120 -0.1640458 -0.2421339 -0.0774450 0.3973464 -0.9143949 0.5887313 -0.4742567 -0.6545808 0.1421825 0.4406273 -0.8863587 0.4362919 -0.5046955 -0.7449375
-0.0261568 0.1349943 -0.3102401 0.1722791 -0.1374954 -0.1882662 0.0539645 0.1672597 -0.3360850 0.1448983 -0.1640662 -0.2429010 -0.0770796 0.3978058 -0.9142261 0.5943160 -0.4743216 -0.6494671 0.1422874 0.4410114 -0.8861508 0.4431449 -0.5017665 -0.7428681
-0.0261918 0.1349409 -0.3104148 0.1737701 -0.1377262 -0.1886498 0.0539953 0.1671019 -0.3361930 0.1469898 -0.1645401 -0.2434650 -0.0771509 0.3974830 -0.9143604 0.5968935 -0.4730840 -0.6480044 0.1423573 0.4405599 -0.8863641 0.4473696 -0.5007848 -0.7409960
-0.0262093 0.1351666 -0.3105911 0.1732329 -0.1373402 -0.1878834 0.0539913 0.1672488 -0.3364349 0.1463828 -0.1639458 -0.2427681 -0.0771450 0.3978522 -0.9142003 0.5970988 -0.4733839 -0.6475961 0.1422421 0.4406236 -0.8863510 0.4469991 -0.5006299 -0.7413241
-0.0261765 0.1350742 -0.3105022 0.1725226 -0.1375287 -0.1871885 0.0540534 0.1670820 -0.3363501 0.1475159 -0.1618759 -0.2439612 -0.0770759 0.3977214 -0.9142631 0.5962622 -0.4753184 -0.6469496 0.1424584 0.4403463 -0.8864540 0.4499573 -0.4937586 -0.7441377
-0.0254607 0.1357977 -0.3100786 0.1743031 -0.1388674 -0.1873245 0.0548330 0.1676151 -0.3359685 0.1493277 -0.1635754 -0.2439561 -0.0750021 0.4000319 -0.9134272 0.5987140 -0.4769959 -0.6434411 0.1445095 0.4417409 -0.8854276 0.4531949 -0.4964353 -0.7403826
-0.0256395 0.1362810 -0.3100256 0.1739947 -0.1385140 -0.1874222 0.0547704 0.1678581 -0.3358561 0.1490996 -0.1631512 -0.2441216 -0.0754934 0.4012680 -0.9128443 0.5982507 -0.4762566 -0.6444189 0.1443448 0.4423826 -0.8851340 0.4527652 -0.4954349 -0.7413150
-0.0258926 0.1370151 -0.3098440 0.1711970 -0.1376828 -0.1857391 0.0544699 0.1686430 -0.3357638 0.1481084 -0.1602971 -0.2440242 -0.0762051 0.4032528 -0.9119101 0.5950801 -0.4785850 -0.6456284 0.1434687 0.4441901 -0.8843709 0.4524022 -0.4896330 -0.7453803
-0.0264986 0.1374493 -0.3097445 0.1643908 -0.1284048 -0.1884521 0.0538701 0.1689715 -0.3357651 0.1468572 -0.1442694 -0.2507600 -0.0779587 0.4043743 -0.9112650 0.5847788 -0.4567678 -0.6703707 0.1418659 0.4449831 -0.8842308 0.4526482 -0.4446722 -0.7729012
-0.0263924 0.1386550 -0.3097546 0.1647313 -0.1297636 -0.1858985 0.0539517 0.1702146 -0.3358041 0.1401587 -0.1505442 -0.2442570 -0.0775342 0.4073340 -0.9099821 0.5878266 -0.4630481 -0.6633598 0.1418563 0.4475487 -0.8829366 0.4389194 -0.4714427 -0.7649127
-0.0262228 0.1387793 -0.3095380 0.1675861 -0.1344754 -0.1838328 0.0542281 0.1700977 -0.3355513 0.1419550 -0.1551592 -0.2417700 -0.0770721 0.4078903 -0.9097721 0.5926424 -0.4755517 -0.6500966 0.1426718 0.4475193 -0.8828201 0.4430077 -0.4842148 -0.7545066
-0.0258318 0.1403995 -0.3092429 0.1660611 -0.1341263 -0.1805919 0.0546418 0.1717064 -0.3352014 0.1402039 -0.1600412 -0.2362819 -0.0758413 0.4122085 -0.9079275 0.5939108 -0.4796974 -0.6458796 0.1435812 0.4511895 -0.8808022 0.4409462 -0.5033352 -0.7431152
-0.0252652 0.1409251 -0.3094783 0.1645297 -0.1357514 -0.1817238 0.0552266 0.1721952 -0.3354271 0.1392785 -0.1614485 -0.2377920 -0.0740933 0.4132807 -0.9075843 0.5871495 -0.4844495 -0.6485092 0.1449260 0.4518758 -0.8802299 0.4360783 -0.5054923 -0.7445222
-0.0240285 0.1413383 -0.3101844 0.1583857 -0.1488721 -0.1934881 0.0565748 0.1722511 -0.3362146 0.1315908 -0.1777821 -0.2472269 -0.0703177 0.4136161 -0.9077318 0.5442628 -0.5115712 -0.6648856 0.1481081 0.4509386 -0.8801809 0.3966822 -0.5359265 -0.7452691
-0.0145918 0.1355428 -0.3001594 0.0979693 -0.0989982 -0.2093651 0.0425469 0.1685708 -0.3094345 0.0691355 -0.1305755 -0.2604846 -0.0442623 0.4111504 -0.9104923 0.3896013 -0.3936931 -0.8325963 0.1198738 0.4749395 -0.8718157 0.2308601 -0.4360229 -0.8698204
-0.0226418 0.1360148 -0.3125598 0.0657549 -0.1090772 -0.2336614 0.0572689 0.1691996 -0.3379250 0.0369527 -0.1406544 -0.2847987 -0.0662771 0.3981429 -0.9149260 0.2470886 -0.4098816 -0.8780344 0.1498273 0.4426617 -0.8840828 0.1155564 -0.4398470 -0.8906073
-0.0224023 0.1370616 -0.3117984 0.0011471 -0.0780854 -0.2574795 0.0575477 0.1690486 -0.3385389 -0.0276264 -0.1096623 -0.3086329 -0.0656324 0.4015519 -0.9134815 0.0042633 -0.2902133 -0.9569525 0.1503531 0.4416682 -0.8844903 -0.0840476 -0.3336250 -0.9389517
-0.0139245 0.1345592 -0.3009837 0.0014373 -0.0761104 -0.2573650 0.0417251 0.1694245 -0.3123545 -0.0273424 -0.1076877 -0.3085150 -0.0421972 0.4077715 -0.9121084 0.0053552 -0.2835846 -0.9589323 0.1166203 0.4735356 -0.8730199 -0.0833835 -0.3284050 -0.9408493
-0.0200209 0.1367624 -0.3087008 0.0015248 -0.0759405 -0.2572795 0.0602115 0.1670970 -0.3365005 -0.0272688 -0.1075174 -0.3084205 -0.0591927 0.4043448 -0.9126891 0.0056841 -0.2830883 -0.9590770 0.1582434 0.4391524 -0.8843665 -0.0831975 -0.3280368 -0.9409942
-0.0216232 0.1368026 -0.3076764 0.0021236 -0.0759213 -0.2573442 0.0587526 0.1666796 -0.3355534 -0.0265886 -0.1074979 -0.3085309 -0.0640854 0.4054460 -0.9118698 0.0079144 -0.2829524 -0.9591013 0.1549180 0.4394988 -0.8847832 -0.0811118 -0.3279355 -0.9412115
-0.0175102 0.1342155 -0.2942206 -0.1855710 0.0953910 -0.1662903 0.0422937 0.1565650 -0.3133426 -0.2152705 0.0638139 -0.2169117 -0.0540670 0.4144227 -0.9084771 -0.6955128 0.3575218 -0.6232497 0.1198718 0.4437479 -0.8880983 -0.6895436 0.2044055 -0.6948007
-0.0112134 0.1329039 -0.2946754 -0.2248771 0.2338645 -0.1694442 0.0481209 0.1579145 -0.3118735 -0.2536874 0.2022869 -0.2205782 -0.0346676 0.4108891 -0.9110260 -0.6143778 0.6389319 -0.4629318 0.1363698 0.4475139 -0.8838182 -0.6465980 0.5155885 -0.5622094
-0.0086902 0.1320814 -0.2949364 0.1671391 0.2355594 -0.1625919 0.0507511 0.1567154 -0.3123116 0.2182388 0.2624329 -0.1977847 -0.0268815 0.4085694 -0.9123313 0.5042647 0.7106913 -0.4905456 0.1437334 0.4438374 -0.8845050 0.5532253 0.6652553 -0.5013752
-0.0078966 0.1299633 -0.2949293 0.1861323 0.2359994 -0.1645381 0.0544067 0.1493335 -0.3085511 0.2417464 0.2648625 -0.1966502 -0.0244939 0.4031229 -0.9148180 0.5432032 0.6887339 -0.4801832 0.1567557 0.4302570 -0.8889919 0.5910958 0.6476170 -0.4808306
-0.0128024 0.1357481 -0.3050264 0.1785603 0.2528988 -0.1831559 0.0427278 0.1622993 -0.3306026 0.2319764 0.2875120 -0.2208672 -0.0383174 0.4062920 -0.9129395 0.4964077 0.7030729 -0.5091836 0.1152432 0.4377447 -0.8916830 0.5389577 0.6679853 -0.5131474
0.0083714 0.1299671 -0.2895120 0.0886148 0.3355475 -0.2665310 0.0689225 0.1560710 -0.2992576 0.1091897 0.3997222 -0.3242838 0.0263703 0.4094011 -0.9119733 0.2025073 0.7668110 -0.6090909 0.2000793 0.4530682 -0.8687333 0.2075159 0.7596753 -0.6163040
0.0582588 0.2114853 -0.2418678 0.1750935 0.2785604 -0.2696399 0.1188753 0.2375893 -0.2511928 0.2245944 0.3238602 -0.3277269 0.1784194 0.6476801 -0.7407273 0.4116041 0.6548305 -0.6338605 0.3251337 0.6498261 -0.6870328 0.4381690 0.6318300 -0.6393737
0.0621453 0.2044637 -0.2608867 0.2146749 0.2527249 -0.2327056 0.1229037 0.2305690 -0.2692636 0.1462417 0.3384449 -0.3380962 0.1842774 0.6062894 -0.7735987 0.5299289 0.6238560 -0.5744381 0.3275740 0.6145333 -0.7176657 0.2923427 0.6765642 -0.6758673
0.0692672 0.1918840 -0.2615260 0.2119660 0.2576786 -0.2998396 0.1300474 0.2179886 -0.2697326 0.1834746 0.3043821 -0.3443948 0.2088359 0.5785171 -0.7884830 0.4725177 0.5744209 -0.6684068 0.3511116 0.5885418 -0.7282439 0.3707359 0.6150462 -0.6958973
0.0743731 0.1771307 -0.2688758 0.2038658 0.2382161 -0.2951281 0.1351674 0.2032357 -0.2769875 0.1812643 0.2427721 -0.3576708 0.2250625 0.5360198 -0.8136521 0.4734556 0.5532303 -0.6854021 0.3661244 0.5504993 -0.7502689 0.3866999 0.5179175 -0.7630365
0.0890707 0.1441307 -0.2531480 0.2129170 0.1927362 -0.3039367 0.1498840 0.1702362 -0.2611180 0.1867653 0.2363972 -0.3469844 0.2924029 0.4731548 -0.8310386 0.5091749 0.4609142 -0.7268418 0.4333498 0.4921927 -0.7549532 0.4064314 0.5144383 -0.7550939
0.0877976 0.1285905 -0.2663326 0.2497058 0.1695789 -0.3608487 0.1485526 0.1546949 -0.2747225 0.2297427 0.1676417 -0.3586361 0.2845879 0.4168146 -0.8632933 0.5307825 0.3604622 -0.7670312 0.4262302 0.4438539 -0.7882395 0.5019311 0.3662558 -0.7835316
0.0146811 0.1441445 -0.2885122 0.2406927 0.1162338 -0.3685788 0.0677602 0.1844623 -0.2890216 0.2441003 0.1140237 -0.3389416 0.0454734 0.4464744 -0.8936402 0.5286521 0.2552933 -0.8095383 0.1938767 0.5277870 -0.8269539 0.5637740 0.2633491 -0.7828194
-0.0194970 0.1398358 -0.3084004 0.2405863 0.0568286 -0.3228973 0.0616928 0.1738337 -0.3280264 0.2263891 0.0535414 -0.3262610 -0.0574822 0.4122726 -0.9092453 0.5916125 0.1397441 -0.7940190 0.1639321 0.4619163 -0.8716419 0.5649762 0.1336178 -0.8142163
-0.0228565 0.1413909 -0.3078513 0.2212720 0.0032539 -0.2969228 0.0582559 0.1749780 -0.3284632 0.2267376 0.0094456 -0.2894959 -0.0673166 0.4164212 -0.9066763 0.5975196 0.0087868 -0.8018061 0.1546499 0.4645085 -0.8719606 0.6164011 0.0256785 -0.7870136
-0.0253763 0.1447108 -0.3063351 0.2483473 -0.0609926 -0.2529179 0.0557901 0.1776480 -0.3277742 0.2084755 -0.0326645 -0.2446512 -0.0746922 0.4259400 -0.9016630 0.6904827 -0.1695785 -0.7031904 0.1479956 0.4712508 -0.8694941 0.6452673 -0.1011022 -0.7572374
-0.0247262 0.1477504 -0.3055823 0.2035257 -0.0885646 -0.2286481 0.0565211 0.1798526 -0.3279959 0.1898592 -0.1256576 -0.2809840 -0.0726544 0.4341431 -0.8979093 0.6386856 -0.2779254 -0.7175223 0.1494018 0.4754032 -0.8669896 0.5249854 -0.3474595 -0.7769571
-0.0249572 0.1475401 -0.3054112 0.1984911 -0.0905377 -0.2308899 0.0562916 0.1793738 -0.3282384 0.1466983 -0.1270231 -0.2950937 -0.0733822 0.4338159 -0.8980083 0.6248599 -0.2850173 -0.7268530 0.1488154 0.4742019 -0.8677480 0.4153649 -0.3596563 -0.8355354
-0.0252040 0.1468846 -0.3051641 0.1624193 -0.1035997 -0.2157614 0.0559918 0.1787740 -0.3281296 0.1402007 -0.1404657 -0.2652493 -0.0742145 0.4325087 -0.8985702 0.5615176 -0.3581657 -0.7459325 0.1481886 0.4731453 -0.8684317 0.4232139 -0.4240136 -0.8006888
-0.0244055 0.1465996 -0.3054378 0.1266236 -0.1012812 -0.2076503 0.0567236 0.1784401 -0.3286996 0.1162479 -0.1040634 -0.2734517 -0.0718496 0.4315874 -0.8992052 0.4806217 -0.3844304 -0.7881726 0.1499481 0.4717043 -0.8689135 0.3692389 -0.3305374 -0.8685664
-0.0234220 0.1478781 -0.3058917 0.1265045 -0.1016084 -0.2110323 0.0576704 0.1796522 -0.3293660 0.1065346 -0.1103205 -0.2740433 -0.0687736 0.4342107 -0.8981822 0.4752240 -0.3816997 -0.7927594 0.1519311 0.4732892 -0.8677063 0.3392409 -0.3512965 -0.8726433
-0.0230650 0.1459769 -0.3050198 0.0603491 -0.1093242 -0.1726981 0.0578784 0.1781463 -0.3284971 0.0104085 -0.1452109 -0.2074956 -0.0680511 0.4306903 -0.8999305 0.2831748 -0.5129800 -0.8103478 0.1530573 0.4711014 -0.8686984 0.0410636 -0.5728831 -0.8186078
-0.0224479 0.1466059 -0.3051530 0.0603482 -0.1084587 -0.1694958 0.0585314 0.1786186 -0.3287438 0.0099073 -0.1441612 -0.2035399 -0.0661620 0.4321002 -0.8993954 0.2872618 -0.5162708 -0.8068117 0.1545645 0.4716801 -0.8681173 0.0396897 -0.5775275 -0.8154059
-0.0228026 0.1467435 -0.3042767 0.1236120 -0.1018215 -0.2138888 0.0582327 0.1784363 -0.3280950 0.0950274 -0.1352820 -0.2625290 -0.0673474 0.4334058 -0.8986789 0.4626193 -0.3810682 -0.8004814 0.1540585 0.4720654 -0.8679978 0.3062965 -0.4360468 -0.8461948
-0.0205933 0.1454961 -0.3046210 0.1214093 -0.1011159 -0.2123669 0.0601521 0.1778179 -0.3285676 0.0918913 -0.1343870 -0.2605789 -0.0608887 0.4301924 -0.9006815 0.4586732 -0.3820067 -0.8023028 0.1589601 0.4699080 -0.8682846 0.2990726 -0.4373803 -0.8480885
-0.0215434 0.1453934 -0.3042019 0.1530897 -0.1038277 -0.2266840 0.0592537 0.1776250 -0.3281108 0.1337878 -0.1382879 -0.2790550 -0.0637663 0.4303498 -0.9004071 0.5232427 -0.3548710 -0.7747797 0.1568469 0.4701800 -0.8685216 0.3946999 -0.4079762 -0.8232663
-0.0221985 0.1442779 -0.3036671 0.1505783 -0.1046994 -0.2256543 0.0584678 0.1767811 -0.3276682 0.1300711 -0.1396331 -0.2772486 -0.0658844 0.4282118 -0.9012735 0.5178345 -0.3600585 -0.7760189 0.1551374 0.4690681 -0.8694294 0.3864550 -0.4148650 -0.8237351
-0.0234360 0.1442665 -0.3032772 0.1489734 -0.1051600 -0.2246451 0.0572669 0.1766901 -0.3272808 0.1277829 -0.1403732 -0.2757726 -0.0696135 0.4285244 -0.9008445 0.5148749 -0.3634489 -0.7764076 0.1521788 0.4695294 -0.8697033 0.3816819 -0.4192886 -0.8237208
-0.0235544 0.1444327 -0.3032340 0.1158991 -0.1053623 -0.2054629 0.0571240 0.1769026 -0.3272515 0.0834059 -0.1407737 -0.2501104 -0.0699568 0.4289663 -0.9006076 0.4485991 -0.4078151 -0.7952645 0.1517779 0.4700283 -0.8695038 0.2790618 -0.4710047 -0.8368268
-0.0244258 0.1447973 -0.3030667 0.1708086 -0.1021965 -0.2314289 0.0562799 0.1771810 -0.3271355 0.1560254 -0.1366800 -0.2852398 -0.0725301 0.4299623 -0.8999288 0.5595651 -0.3347934 -0.7581558 0.1495737 0.4708895 -0.8694198 0.4423924 -0.3875406 -0.8087653
-0.0227134 0.1459094 -0.3040562 0.1722805 -0.1028850 -0.2312249 0.0579997 0.1782811 -0.3281413 0.1579755 -0.1377097 -0.2849462 -0.0671959 0.4316626 -0.8995288 0.5627231 -0.3360554 -0.7552545 0.1534702 0.4717408 -0.8682785 0.4466176 -0.3893235 -0.8055805
-0.0231849 0.1461918 -0.3039991 0.1284603 -0.1086653 -0.2061568 0.0575686 0.1783314 -0.3282504 0.0991153 -0.1454167 -0.2518913 -0.0685699 0.4323668 -0.8990868 0.4827465 -0.4083580 -0.7747255 0.1523082 0.4718083 -0.8684464 0.3225604 -0.4732432 -0.8197534
-0.0213663 0.1466377 -0.3042745 0.1620624 -0.1141736 -0.2187304 0.0594472 0.1786087 -0.3285629 0.1442763 -0.1524066 -0.2689847 -0.0631315 0.4332745 -0.8990482 0.5489925 -0.3867676 -0.7409575 0.1569908 0.4716777 -0.8676832 0.4228882 -0.4467189 -0.7884211
-0.0204825 0.1466064 -0.3045184 0.1634224 -0.1125578 -0.2190937 0.0602901 0.1787516 -0.3287260 0.1457919 -0.1501725 -0.2698671 -0.0604933 0.4329886 -0.8993672 0.5528536 -0.3807799 -0.7411879 0.1590731 0.4716290 -0.8673303 0.4268924 -0.4397192 -0.7901961
-0.0196228 0.1465686 -0.3045437 0.1619577 -0.1158561 -0.2153225 0.0611156 0.1788177 -0.3287422 0.1435794 -0.1545419 -0.2650161 -0.0579617 0.4329338 -0.8995603 0.5522176 -0.3950277 -0.7341722 0.1611755 0.4715826 -0.8669673 0.4238871 -0.4562516 -0.7824028
-0.0191441 0.1468453 -0.3046424 0.1296158 -0.1231830 -0.1919444 0.0616419 0.1788811 -0.3289547 0.1216829 -0.1132953 -0.2574297 -0.0565176 0.4335191 -0.8993703 0.4940947 -0.4695729 -0.7316910 0.1624353 0.4713778 -0.8668435 0.3970705 -0.3697003 -0.8400337
-0.0195687 0.1467423 -0.3042939 0.1296489 -0.1255110 -0.1972173 0.0612155 0.1787627 -0.3286274 0.1168586 -0.1225065 -0.2626110 -0.0578280 0.4336423 -0.8992276 0.4850070 -0.4695273 -0.7377753 0.1614856 0.4715736 -0.8669145 0.3740012 -0.3920768 -0.8404754
-0.0191623 0.1435242 -0.3025907 0.1256514 -0.1269940 -0.1945588 0.0616533 0.1755198 -0.3268604 0.1047901 -0.1514216 -0.2530159 -0.0571239 0.4278541 -0.9020409 0.4757037 -0.4807865 -0.7365801 0.1639310 0.4666924 -0.8690943 0.3348653 -0.4838800 -0.8085329
-0.0198177 0.1440694 -0.3029082 0.0976782 -0.0909911 -0.2064064 0.0609573 0.1759289 -0.3274947 0.0770583 -0.1108095 -0.2666665 -0.0589796 0.4287664 -0.9014881 0.3973679 -0.3701639 -0.8396889 0.1618097 0.4669991 -0.8693270 0.2578258 -0.3707521 -0.8922268
-0.0208914 0.1448624 -0.3029323 0.0911220 -0.0774734 -0.2158215 0.0598448 0.1767386 -0.3276297 0.0704917 -0.0972922 -0.2760795 -0.0620961 0.4305787 -0.9004144 0.3692925 -0.3139786 -0.8746659 0.1587226 0.4687529 -0.8689521 0.2341224 -0.3231340 -0.9169357
-0.0221256 0.1450430 -0.3029921 0.0228020 -0.0718413 -0.2681826 0.0584388 0.1771611 -0.3279433 0.0021372 -0.0916603 -0.3284299 -0.0657235 0.4308459 -0.9000290 0.0818529 -0.2578901 -0.9627008 0.1548909 0.4695618 -0.8692068 0.0062677 -0.2688084 -0.9631733
-0.0235615 0.1444771 -0.3027297 0.1197166 0.1703090 -0.2432767 0.0569788 0.1764178 -0.3279876 0.0990272 0.1504898 -0.3035158 -0.0700682 0.4296527 -0.9002716 0.3738940 0.5319021 -0.7597917 0.1512350 0.4682538 -0.8705552 0.2805680 0.4263742 -0.8599341
-0.0239151 0.1438163 -0.3027336 0.1199777 0.1699632 -0.2435672 0.0566618 0.1757300 -0.3279121 0.0992901 0.1501436 -0.3038089 -0.0711738 0.4280121 -0.9009661 0.3745516 0.5305987 -0.7603789 0.1505676 0.4669677 -0.8713613 0.2811708 0.4251782 -0.8603293
-0.0251371 0.1434419 -0.3025569 0.1780099 0.2404192 0.0065764 0.0555930 0.1750250 -0.3276690 0.1971261 0.3156658 0.0496156 -0.0748619 0.4271902 -0.9010573 0.5949145 0.8034884 0.0219784 0.1480028 0.4659614 -0.8723389 0.5250348 0.8407587 0.1321484
-0.0159452 0.1371603 -0.2919049 0.1789781 0.2374434 0.0061387 0.0410067 0.1703714 -0.3020835 0.1982620 0.3126423 0.0491890 -0.0493786 0.4247535 -0.9039614 0.6017976 0.7983818 0.0206407 0.1174199 0.4878471 -0.8649958 0.5308785 0.8371500 0.1317116
0.0375311 0.1343410 -0.2893293 0.1338172 0.2335171 -0.0362079 0.1007921 0.1615693 -0.2888149 0.1457612 0.3085098 0.0097670 0.1168477 0.4182511 -0.9007845 0.4927605 0.8598897 -0.1333300 0.2913533 0.4670380 -0.8348585 0.4270136 0.9037924 0.0286128
0.0394442 0.1240867 -0.2889538 0.1979925 0.2199028 0.0044144 0.1010504 0.1496497 -0.2878890 0.2449974 0.2459179 0.0750762 0.1244554 0.3915213 -0.9117138 0.6690395 0.7430771 0.0149169 0.2973533 0.4403628 -0.8471491 0.6898304 0.6924222 0.2113894
-0.0055450 0.1191177 -0.2913485 0.2311045 0.2594751 -0.1689886 0.0549722 0.1456288 -0.3005799 0.2886811 0.2899180 -0.1768921 -0.0176139 0.3783827 -0.9254816 0.5981189 0.6715446 -0.4373575 0.1624026 0.4302261 -0.8879926 0.6476513 0.6504263 -0.3968545
-0.0044227 0.1187477 -0.2912821 0.2372854 0.2484528 -0.1497615 0.0562923 0.1454281 -0.2985579 0.3004840 0.2631521 -0.1400623 -0.0140588 0.3774701 -0.9259150 0.6331288 0.6629260 -0.3995961 0.1671234 0.4317541 -0.8863736 0.7099118 0.6217128 -0.3309056
-0.0035546 0.1182863 -0.2912484 0.2145666 0.2300318 -0.0527377 0.0569835 0.1453109 -0.2987362 0.2696689 0.2523832 -0.0250250 -0.0113070 0.3762619 -0.9264444 0.6727095 0.7211959 -0.1653434 0.1690632 0.4311200 -0.8863144 0.7284497 0.6817561 -0.0675993
0.0025895 0.1211830 -0.2895678 0.2125023 0.2274557 -0.0514307 0.0636923 0.1467314 -0.2976337 0.2675709 0.2498070 -0.0227854 0.0082492 0.3860397 -0.9224453 0.6735474 0.7209438 -0.1630149 0.1884978 0.4342522 -0.8808482 0.7295423 0.6811083 -0.0621254
0.0207170 0.1272998 -0.2947123 0.2162606 0.2276761 -0.0636456 0.0744616 0.1459093 -0.2986323 0.2720521 0.2505265 -0.0377930 0.0643989 0.3957118 -0.9161141 0.6749719 0.7106007 -0.1986444 0.2186124 0.4283762 -0.8767568 0.7317985 0.6738963 -0.1016601
0.0823356 0.1514397 -0.2977414 0.1690940 0.2161900 -0.0134276 0.1498360 0.1698399 -0.3086597 0.1514935 0.2147133 0.0529460 0.2393203 0.4401814 -0.8654283 0.6153505 0.7867376 -0.0488643 0.3913791 0.4436304 -0.8062348 0.5651509 0.8009942 0.1975165
0.0768738 0.1913971 -0.2654951 0.1657259 0.2177044 -0.0104052 0.2659789 0.2771745 -0.3012155 0.1457522 0.2164929 0.0582201 0.2286554 0.5692963 -0.7896951 0.6052723 0.7951108 -0.0380023 0.5448588 0.5677931 -0.6170412 0.5450730 0.8096236 0.2177270
0.0791812 0.1834840 -0.2734701 0.1653680 0.2183873 -0.0106441 0.2705300 0.2656945 -0.3137955 0.1446012 0.2176067 0.0574797 0.2337756 0.5417201 -0.8073960 0.6032241 0.7966261 -0.0388270 0.5496493 0.5398247 -0.6375539 0.5405281 0.8134270 0.2148624
0.0905049 0.1547370 -0.2743314 0.1655337 0.2156135 -0.0106786 0.2907659 0.2221113 -0.3163574 0.1438023 0.2144731 0.0563058 0.2761755 0.4721799 -0.8371220 0.6084949 0.7925863 -0.0392540 0.6011356 0.4591976 -0.6540440 0.5441120 0.8115128 0.2130471
0.0988874 0.1306033 -0.2579142 0.1632276 0.2144005 -0.0123925 0.3040309 0.1845242 -0.2916074 0.1355838 0.2477625 0.0440251 0.3236461 0.4274485 -0.8441214 0.6051098 0.7948154 -0.0459409 0.6610636 0.4012165 -0.6340507 0.4743262 0.8667718 0.1540174
0.0939904 0.1143502 -0.2743591 0.1407380 0.2097635 -0.0075996 0.3005938 0.1604112 -0.3200447 0.1059427 0.2440638 0.0510324 0.3015007 0.3668103 -0.8800838 0.5569006 0.8300346 -0.0300716 0.6430391 0.3431564 -0.6846491 0.3910540 0.9008849 0.1883699
-0.0163856 0.1315247 -0.3135904 0.1407228 0.1696293 -0.0041120 0.0648558 0.1649360 -0.3344257 0.1044392 0.2010191 0.0471923 -0.0481292 0.3863261 -0.9211057 0.6383715 0.7695024 -0.0186537 0.1713565 0.4357798 -0.8835909 0.4513474 0.8687295 0.2039475
-0.0227112 0.1343251 -0.3102129 0.1367857 0.1459496 0.0307395 0.0581785 0.1679498 -0.3320551 0.1011584 0.1764770 0.0825485 -0.0670327 0.3964634 -0.9156000 0.6758948 0.7211761 0.1518919 0.1544700 0.4459242 -0.8816409 0.4608051 0.8039023 0.3760316
-0.0043692 0.1375842 -0.2893335 0.1355394 0.2075084 -0.0058270 0.0522719 0.1720153 -0.2970377 0.0989841 0.2643528 0.0251577 -0.0136363 0.4294008 -0.9030111 0.5467050 0.8369953 -0.0235033 0.1505495 0.4954251 -0.8555050 0.3492785 0.9328044 0.0887723
-0.0257964 0.1353301 -0.3039582 0.1353646 0.2113596 -0.0057433 0.0547501 0.1695192 -0.3262036 0.0968624 0.2727902 0.0170634 -0.0772990 0.4055177 -0.9108130 0.5391796 0.8418801 -0.0228766 0.1473060 0.4560939 -0.8776556 0.3340320 0.9407231 0.0588435
-0.0286026 0.1397154 -0.3037936 0.1262666 0.2008447 -0.0006822 0.0519749 0.1732869 -0.3268568 0.0873746 0.2642745 0.0225083 -0.0852275 0.4163121 -0.9052185 0.5322338 0.8465925 -0.0028756 0.1391250 0.4638497 -0.8749215 0.3128875 0.9463640 0.0806020
-0.0297819 0.1407659 -0.3040323 0.1168916 0.1862343 0.0099504 0.0505994 0.1742096 -0.3279585 0.0757721 0.2462687 0.0358940 -0.0885418 0.4184985 -0.9038912 0.5310740 0.8461186 0.0452076 0.1350081 0.4648217 -0.8750506 0.2912631 0.9466409 0.1379742
-0.0295108 0.1415899 -0.3042392 0.1087631 0.1739373 0.0130024 0.0508819 0.1747751 -0.3284888 0.0665072 0.2320368 0.0381838 -0.0876035 0.4203127 -0.9031406 0.5291203 0.8461858 0.0632553 0.1354853 0.4653804 -0.8746798 0.2721449 0.9494862 0.1562466
-0.0301429 0.1444629 -0.3038983 0.0893445 0.1423162 0.0096737 0.0502965 0.1773509 -0.3284024 0.0417564 0.1897221 0.0322241 -0.0892238 0.4276141 -0.8995473 0.5308173 0.8455352 0.0574736 0.1335524 0.4709204 -0.8720079 0.2120503 0.9634603 0.1636426
-0.0307880 0.1455778 -0.3044339 0.1444272 -0.1454355 -0.1564604 0.0495875 0.1783389 -0.3293101 0.1528924 -0.1296816 -0.2207564 -0.0908597 0.4296204 -0.8984269 0.5601045 -0.5640148 -0.6067704 0.1312644 0.4720855 -0.8717252 0.5127074 -0.4348726 -0.7402817
-0.0309442 0.1456864 -0.3048328 0.1456740 -0.1469877 -0.1585329 0.0494277 0.1783554 -0.3298377 0.1586653 -0.1319000 -0.2222292 -0.0912078 0.4294095 -0.8984924 0.5588028 -0.5638423 -0.6081293 0.1306867 0.4715713 -0.8720903 0.5232233 -0.4349605 -0.7328347
-0.0318215 0.1459404 -0.3048686 0.1510224 -0.1522000 -0.1637356 0.0485206 0.1785520 -0.3300407 0.1451698 -0.1574515 -0.2300055 -0.0937322 0.4298765 -0.8980092 0.5597957 -0.5641607 -0.6069196 0.1282367 0.4719011 -0.8722756 0.4619220 -0.5010018 -0.7318642
-0.0320673 0.1461727 -0.3052917 0.2057198 -0.1691706 -0.1616786 0.0482016 0.1788856 -0.3305873 0.2001438 -0.2248923 -0.1958338 -0.0943165 0.4299238 -0.8979253 0.6602566 -0.5429522 -0.5189067 0.1271941 0.4720423 -0.8723519 0.5572788 -0.6261885 -0.5452782
-0.0323011 0.1449575 -0.3055933 0.1834749 -0.1623536 -0.1626259 0.0479026 0.1777359 -0.3310264 0.1681306 -0.2159418 -0.1972025 -0.0950677 0.4266348 -0.8994136 0.6239456 -0.5521179 -0.5530440 0.1264704 0.4692507 -0.8739617 0.4984244 -0.6401612 -0.5846083
-0.0323217 0.1449046 -0.3056540 0.1831032 -0.1548334 -0.1750690 0.0478672 0.1774868 -0.3313902 0.1521432 -0.1782335 -0.2293712 -0.0951188 0.4264365 -0.8995023 0.6167177 -0.5215011 -0.5896574 0.1263113 0.4683497 -0.8744679 0.4639765 -0.5435416 -0.6994915
-0.0320629 0.1446595 -0.3060495 0.1794316 -0.1507495 -0.1803755 0.0481424 0.1772193 -0.3317696 0.1500956 -0.1772356 -0.2341597 -0.0942941 0.4254311 -0.9000650 0.6067407 -0.5097532 -0.6099323 0.1269567 0.4673459 -0.8749113 0.4551028 -0.5373937 -0.7099926
-0.0311860 0.1445846 -0.3062344 0.1832036 -0.1468076 -0.1867965 0.0489652 0.1772448 -0.3320067 0.1536023 -0.1779566 -0.2378734 -0.0917010 0.4251444 -0.9004683 0.6106482 -0.4893342 -0.6226241 0.1290159 0.4670133 -0.8747876 0.4592906 -0.5321130 -0.7112720
