-0.0480702 0.1482365 -0.3443917 -0.0459402 0.0439685 -0.2895413 -0.0025060 0.1352536 -0.3937020 -0.0724819 -0.0019165 -0.3349141 -0.1271670 0.3921513 -0.9110686 -0.1549719 0.1483205 -0.9767214 -0.0060198 0.3248989 -0.9457296 -0.2115193 -0.0055927 -0.9773578
-0.0498802 0.1468439 -0.3446180 -0.0455075 0.0429555 -0.2894705 -0.0049468 0.1338146 -0.3944918 -0.0720438 -0.0029293 -0.3348464 -0.1319910 0.3885729 -0.9119153 -0.1536598 0.1450427 -0.9774207 -0.0118743 0.3212074 -0.9469344 -0.2103337 -0.0085522 -0.9775923
-0.0436657 0.1509081 -0.3425866 -0.0456313 0.0434090 -0.2891880 0.0041929 0.1404330 -0.3902937 -0.0721128 -0.0024756 -0.3345959 -0.1158581 0.4004044 -0.9089847 -0.1541771 0.1466687 -0.9770966 0.0101080 0.3385470 -0.9408952 -0.2106789 -0.0072325 -0.9775286
-0.0436026 0.1492792 -0.3445654 -0.0441774 0.0448427 -0.2893594 0.0037457 0.1378226 -0.3925558 -0.0705584 -0.0010418 -0.3348256 -0.1153401 0.3948815 -0.9114633 -0.1491839 0.1514306 -0.9771453 0.0090028 0.3312534 -0.9434989 -0.2062021 -0.0030446 -0.9785047
-0.0381966 0.1437588 -0.3641015 -0.0435860 0.0453743 -0.2889118 0.0510176 0.1528845 -0.3935814 -0.0698219 -0.0005101 -0.3344609 -0.0971150 0.3655070 -0.9257285 -0.1474078 0.1534557 -0.9770989 0.1199560 0.3594719 -0.9254137 -0.2043537 -0.0014930 -0.9788960
-0.0565628 0.1448416 -0.3358339 -0.0441309 0.0460746 -0.2873274 0.0331203 0.1551353 -0.3634456 -0.0703747 0.0001903 -0.3328730 -0.1528375 0.3913739 -0.9074509 -0.1499393 0.1565431 -0.9762236 0.0835199 0.3912065 -0.9165053 -0.2068438 0.0005593 -0.9783738
-0.0545045 0.1440371 -0.3336435 0.2122354 0.2970855 -0.1175720 0.0351712 0.1539677 -0.3614141 0.2513396 0.3622148 -0.1081628 -0.1483229 0.3919679 -0.9079436 0.5533143 0.7745251 -0.3065195 0.0891732 0.3903697 -0.9163294 0.5536728 0.7979183 -0.2382705
-0.0515568 0.1445671 -0.3315561 0.2186979 0.2952891 -0.1177638 0.0381568 0.1548693 -0.3590672 0.2600425 0.3605691 -0.1085267 -0.1411127 0.3956850 -0.9074803 0.5667713 0.7652629 -0.3051933 0.0971161 0.3941707 -0.9138917 0.5682578 0.7879335 -0.2371579
-0.0491656 0.1488946 -0.3265435 0.2232113 0.3007921 -0.1205240 0.0405548 0.1582153 -0.3543785 0.0953964 0.3961750 -0.2141723 -0.1357268 0.4110390 -0.9014572 0.5672772 0.7644438 -0.3063041 0.1039317 0.4054659 -0.9081826 0.2072245 0.8605896 -0.4652350
-0.0448155 0.1479768 -0.3184896 0.2273318 0.3142001 -0.1350158 0.0060405 0.1327771 -0.3616034 0.1109416 0.3982478 -0.2293822 -0.1265848 0.4179716 -0.8995977 0.5535946 0.7651348 -0.3287883 0.0156791 0.3446453 -0.9386021 0.2346555 0.8423446 -0.4851725
-0.0305138 0.1487443 -0.3240895 0.2482534 0.3142487 -0.1513990 0.0213855 0.1338191 -0.3660404 0.1439671 0.3987399 -0.2563952 -0.0852587 0.4156068 -0.9055396 0.5798420 0.7339862 -0.3536205 0.0547895 0.3428439 -0.9377933 0.2905857 0.8048234 -0.5175126
-0.0161201 0.1555947 -0.3462250 0.2286093 0.3550911 -0.2365013 0.0341501 0.1472009 -0.3918169 0.1525471 0.4033498 -0.2825268 -0.0424300 0.4095431 -0.9113036 0.4723042 0.7336143 -0.4886091 0.0813202 0.3505233 -0.9330168 0.2958967 0.7823808 -0.5480195
-0.0361161 0.1562424 -0.3301556 0.2432014 0.3332586 -0.2151935 0.0132186 0.1461184 -0.3764135 0.1682712 0.3911152 -0.3064332 -0.0983980 0.4256815 -0.8995071 0.5226617 0.7162026 -0.4624701 0.0327198 0.3616831 -0.9317268 0.3207712 0.7455732 -0.5841460
-0.0363438 0.1556290 -0.3292674 0.2638793 0.3216027 -0.2059633 0.0265369 0.1602937 -0.3591473 0.1996646 0.3652003 -0.3246970 -0.0992991 0.4252122 -0.8996301 0.5684607 0.6928109 -0.4436953 0.0673202 0.4066416 -0.9111041 0.3782331 0.6918144 -0.6150874
-0.0363506 0.1562835 -0.3282289 0.2688130 0.3160179 -0.2173266 0.0229644 0.1603748 -0.3647477 0.2098459 0.3451158 -0.3413095 -0.0994955 0.4277645 -0.8983976 0.5739485 0.6747367 -0.4640189 0.0575390 0.4018316 -0.9139041 0.3968321 0.6526361 -0.6454382
-0.0331615 0.1596482 -0.3238984 0.2767036 0.2898677 -0.2620469 0.0236844 0.1630662 -0.3642162 0.2261857 0.3055261 -0.3677616 -0.0914482 0.4402561 -0.8932031 0.5779015 0.6053949 -0.5472905 0.0592471 0.4079142 -0.9110959 0.4276382 0.5776431 -0.6953086
-0.0287674 0.1620940 -0.3261091 0.2849365 0.2763289 -0.2817404 0.0221250 0.1527430 -0.3708162 0.2403912 0.2724868 -0.3935087 -0.0787486 0.4437199 -0.8926989 0.5853875 0.5677036 -0.5788212 0.0550848 0.3802866 -0.9232268 0.4488114 0.5087339 -0.7346823
-0.0256382 0.1660489 -0.3288461 0.3098191 0.2533875 -0.2954186 0.0653980 0.1804502 -0.3492652 0.2582245 0.2387558 -0.3938605 -0.0694272 0.4496532 -0.8905009 0.6228035 0.5093638 -0.5938554 0.1640984 0.4527907 -0.8763859 0.4890385 0.4521677 -0.7459127
-0.0245725 0.1714278 -0.3247188 0.3153195 0.2421348 -0.2982836 0.0666506 0.1867674 -0.3435591 0.2995764 0.2176204 -0.3880786 -0.0667707 0.4658198 -0.8823568 0.6344203 0.4871733 -0.6001442 0.1680198 0.4708231 -0.8660802 0.5585092 0.4057162 -0.7235066
-0.0232266 0.1743897 -0.3219372 0.2981477 0.1526576 -0.3486846 0.0680481 0.1897783 -0.3404863 0.2770181 0.1567995 -0.3818319 -0.0633099 0.4753425 -0.8775200 0.6166380 0.3157310 -0.7211599 0.1719696 0.4796033 -0.8604691 0.5572545 0.3154206 -0.7680997
-0.0227991 0.1771455 -0.3206331 0.2989158 0.1302535 -0.3414745 0.0685280 0.1927378 -0.3387474 0.2809159 0.1120889 -0.3584053 -0.0621191 0.4826550 -0.8736048 0.6331009 0.2758757 -0.7232398 0.1731734 0.4870569 -0.8560295 0.5990072 0.2390113 -0.7642408
-0.0272741 0.1765751 -0.3152142 0.3225868 0.0906519 -0.3079513 0.0641918 0.1919220 -0.3328383 0.2781831 0.0816549 -0.3403943 -0.0752743 0.4873330 -0.8699657 0.7088296 0.1991922 -0.6766706 0.1647918 0.4926977 -0.8544546 0.6221582 0.1826218 -0.7612939
-0.0267409 0.1772733 -0.3119994 0.2874381 0.0425794 -0.2776089 0.0659386 0.1921165 -0.3221033 0.2746281 0.0443367 -0.3032865 -0.0743135 0.4926455 -0.8670513 0.7152495 0.1059529 -0.6907909 0.1731590 0.5045102 -0.8458637 0.6673105 0.1077323 -0.7369467
-0.0217357 0.1796685 -0.3145836 0.2861419 0.0397426 -0.2691965 0.0709497 0.1940953 -0.3252341 0.2723237 0.0321653 -0.2974126 -0.0598899 0.4950540 -0.8667957 0.7246458 0.1006470 -0.6817321 0.1841240 0.5037036 -0.8440267 0.6731761 0.0795118 -0.7351951
-0.0173317 0.1773599 -0.3147207 0.2938486 0.0184143 -0.2558410 0.0743932 0.1926913 -0.3309605 0.2553712 -0.0138814 -0.2859477 -0.0479212 0.4903900 -0.8701846 0.7533572 0.0472098 -0.6559148 0.1906898 0.4939194 -0.8483402 0.6656678 -0.0361843 -0.7453705
-0.0156816 0.1801358 -0.3171887 0.2946466 0.0195146 -0.2419336 0.0760142 0.1947581 -0.3342321 0.2532270 -0.0149650 -0.2844098 -0.0429506 0.4933774 -0.8687543 0.7718413 0.0511194 -0.6337569 0.1928152 0.4940173 -0.8478026 0.6644643 -0.0392679 -0.7462876
-0.0153152 0.1810233 -0.3174388 0.2930524 0.0106602 -0.2318573 0.0765004 0.1935299 -0.3354908 0.2534896 -0.0180903 -0.2698495 -0.0418738 0.4949404 -0.8679174 0.7839125 0.0285160 -0.6202162 0.1937744 0.4902081 -0.8497926 0.6838520 -0.0488031 -0.7279867
-0.0169439 0.1780153 -0.3220701 0.2930387 0.0107064 -0.2316358 0.0747573 0.1901751 -0.3409198 0.2539130 -0.0171350 -0.2699495 -0.0459953 0.4832350 -0.8742817 0.7841837 0.0286509 -0.6198670 0.1880835 0.4784654 -0.8577269 0.6844087 -0.0461864 -0.7276342
-0.0183526 0.1783173 -0.3211457 0.2911846 0.0134412 -0.2318903 0.0733953 0.1907310 -0.3396028 0.2525817 -0.0118257 -0.2712183 -0.0498999 0.4848364 -0.8731802 0.7817430 0.0360855 -0.6225558 0.1851770 0.4812157 -0.8568203 0.6811704 -0.0318919 -0.7314299
-0.0108915 0.1903440 -0.3245555 0.2903011 0.0267684 -0.2486170 0.0808958 0.2030231 -0.3426331 0.2599003 0.0064864 -0.2782641 -0.0289350 0.5056803 -0.8622356 0.7576753 0.0698647 -0.6488814 0.1990552 0.4995661 -0.8430959 0.6824818 0.0170329 -0.7307041
-0.0145202 0.1867929 -0.3246565 0.2856047 0.0431619 -0.2524552 0.0781154 0.1991136 -0.3380441 0.2657875 0.0310505 -0.2879671 -0.0387372 0.4983283 -0.8661226 0.7444931 0.1125114 -0.6580814 0.1952751 0.4977497 -0.8450520 0.6761220 0.0789875 -0.7325436
-0.0192438 0.1845449 -0.3237414 0.2787481 0.0494001 -0.2470212 0.0721404 0.1972664 -0.3437316 0.2619771 0.0324718 -0.2897363 -0.0515721 0.4945690 -0.8676070 0.7419174 0.1314836 -0.6574729 0.1790852 0.4897049 -0.8532981 0.6683751 0.0828444 -0.7391965
-0.0220981 0.1816589 -0.3222774 0.2711116 0.0337817 -0.2739053 0.0705136 0.1950388 -0.3347928 0.2610030 0.0411189 -0.2969827 -0.0596266 0.4901632 -0.8695888 0.7007859 0.0873211 -0.7080072 0.1790477 0.4952416 -0.8501045 0.6565993 0.1034420 -0.7471125
-0.0280882 0.1773345 -0.3196264 0.2661601 0.0359590 -0.2747520 0.0639528 0.1866103 -0.3384659 0.2587375 0.0484322 -0.2943714 -0.0766176 0.4837240 -0.8718606 0.6927333 0.0935903 -0.7150954 0.1632467 0.4763436 -0.8639718 0.6551990 0.1226445 -0.7454345
-0.0240236 0.1766829 -0.3226565 0.2814013 0.0626913 -0.2928741 0.0680196 0.1860635 -0.3414321 0.2624855 0.0525521 -0.2974184 -0.0651669 0.4792728 -0.8752433 0.6847332 0.1525467 -0.7126500 0.1723137 0.4713532 -0.8649475 0.6559718 0.1313318 -0.7432718
-0.0093698 0.1787519 -0.3338437 0.2957623 0.0692611 -0.3071681 0.0833770 0.1925283 -0.3448369 0.2712411 0.0574317 -0.3209460 -0.0247352 0.4718863 -0.8813124 0.6846338 0.1603263 -0.7110359 0.2065589 0.4769713 -0.8543020 0.6395409 0.1354142 -0.7567367
-0.0101070 0.1786824 -0.3333838 0.2959433 0.0687444 -0.3055485 0.0820304 0.1897180 -0.3507485 0.2715157 0.0565796 -0.3210550 -0.0267111 0.4722253 -0.8810731 0.6868151 0.1595396 -0.7091066 0.2014898 0.4660006 -0.8615366 0.6399716 0.1333600 -0.7567374
-0.0151272 0.1793554 -0.3304489 0.2911772 0.0636266 -0.2994164 0.0777993 0.1918190 -0.3414967 0.2688629 0.0540551 -0.3151707 -0.0402011 0.4766424 -0.8781776 0.6892222 0.1506055 -0.7087247 0.1948229 0.4803479 -0.8551666 0.6435482 0.1293859 -0.7543904
-0.0305951 0.1704913 -0.3462418 0.2904926 0.0497049 -0.2886684 0.0622737 0.1821920 -0.3585441 0.2737970 0.0422587 -0.3109908 -0.0790261 0.4403729 -0.8943302 0.7041631 0.1204862 -0.6997410 0.1530175 0.4476775 -0.8810054 0.6573879 0.1014634 -0.7466902
-0.0347967 0.1672206 -0.3356978 0.2947163 0.0198915 -0.2605932 0.0580862 0.1792675 -0.3475475 0.2680543 0.0231271 -0.2995948 -0.0923844 0.4439661 -0.8912683 0.7481888 0.0504980 -0.6615614 0.1469242 0.4534422 -0.8790924 0.6656884 0.0574341 -0.7440163
-0.0292667 0.1722729 -0.3292431 0.2896184 0.0276125 -0.2523670 0.0625055 0.1822700 -0.3490089 0.2616161 -0.0005697 -0.2955337 -0.0785175 0.4621791 -0.8833037 0.7519884 0.0716952 -0.6552657 0.1567857 0.4571970 -0.8754365 0.6628325 -0.0014434 -0.7487664
-0.0244295 0.1711958 -0.3297818 0.2879617 0.0338923 -0.2176936 0.0680498 0.1830577 -0.3446021 0.2569629 -0.0122089 -0.2862251 -0.0656051 0.4597442 -0.8856248 0.7942113 0.0934764 -0.6004087 0.1718015 0.4621557 -0.8699979 0.6677091 -0.0317245 -0.7437460
-0.0254220 0.1723926 -0.3290157 0.2782790 0.0260136 -0.2066458 0.0658306 0.1848767 -0.3497496 0.2390981 -0.0256008 -0.2582061 -0.0682813 0.4630317 -0.8837077 0.8005969 0.0748400 -0.5945113 0.1641473 0.4609865 -0.8720935 0.6776453 -0.0725571 -0.7318007
-0.0233033 0.1716472 -0.3283614 0.2670055 0.0129136 -0.2095769 0.0677814 0.1843123 -0.3497162 0.2349326 -0.0286899 -0.2483674 -0.0627697 0.4623486 -0.8844737 0.7860546 0.0380171 -0.6169869 0.1689963 0.4595377 -0.8719320 0.6847781 -0.0836250 -0.7239377
-0.0243744 0.1744955 -0.3271478 0.2455991 0.0158740 -0.2008698 0.0665731 0.1873042 -0.3490003 0.2105428 -0.0226810 -0.2261427 -0.0655974 0.4696097 -0.8804338 0.7731060 0.0499688 -0.6323055 0.1657523 0.4663466 -0.8689344 0.6795834 -0.0732092 -0.7299362
-0.0236313 0.1740047 -0.3271885 0.2285626 0.0195606 -0.1931144 0.0684972 0.1868127 -0.3433490 0.1841612 -0.0428285 -0.2483332 -0.0636391 0.4685944 -0.8811182 0.7622284 0.0652321 -0.6440129 0.1726080 0.4707545 -0.8652148 0.5900330 -0.1372179 -0.7956333
-0.0208743 0.1700118 -0.3273282 0.2100639 0.0214667 -0.1922128 0.0696615 0.1792192 -0.3524608 0.1854689 0.0035425 -0.1947665 -0.0565030 0.4601920 -0.8860196 0.7356709 0.0751790 -0.6731541 0.1735038 0.4463761 -0.8778638 0.6895505 0.0131707 -0.7241178
-0.0220345 0.1725429 -0.3273779 0.1752442 0.0415996 -0.1884223 0.0684808 0.1819320 -0.3525195 0.1349329 -0.0010641 -0.2261602 -0.0594372 0.4654272 -0.8830882 0.6723077 0.1595928 -0.7228641 0.1701109 0.4519316 -0.8756826 0.5123589 -0.0040405 -0.8587619
-0.0298993 0.1725093 -0.3219334 0.1205412 0.0432785 -0.2115425 0.0606401 0.1825555 -0.3467303 0.0950397 -0.0081820 -0.2511767 -0.0815891 0.4707424 -0.8784901 0.4874446 0.1750095 -0.8554353 0.1529321 0.4603978 -0.8744402 0.3537276 -0.0304526 -0.9348526
-0.0339178 0.1727393 -0.3218692 0.1270004 0.0994665 -0.1539272 0.0565504 0.1832333 -0.3467397 0.0992989 0.0514260 -0.1962837 -0.0924534 0.4708540 -0.8773533 0.5695815 0.4460952 -0.6903449 0.1427201 0.4624379 -0.8750898 0.4395640 0.2276465 -0.8688847
-0.0267100 0.1677730 -0.3256429 0.1331917 0.0946797 -0.1569609 0.0657476 0.1798190 -0.3404641 0.1056033 0.0463948 -0.1991132 -0.0727212 0.4567818 -0.8866014 0.5878210 0.4178541 -0.6927225 0.1683218 0.4603584 -0.8716295 0.4589253 0.2016201 -0.8652959
-0.0323454 0.1624949 -0.3236417 0.1348578 0.0933822 -0.1578456 0.0582498 0.1720649 -0.3484241 0.1072787 0.0450161 -0.1999116 -0.0889621 0.4469229 -0.8901380 0.5924049 0.4102102 -0.6933859 0.1482424 0.4378954 -0.8867197 0.4638070 0.1946219 -0.8642947
-0.0347707 0.1615378 -0.3207196 0.1310647 0.0926863 -0.1551147 0.0573749 0.1732202 -0.3376255 0.1039966 0.0439785 -0.1971176 -0.0963755 0.4477419 -0.8889538 0.5871426 0.4152151 -0.6948812 0.1494991 0.4513512 -0.8797341 0.4577984 0.1935955 -0.8677220
-0.0298515 0.1659515 -0.3231655 0.1353833 0.0970500 -0.1578762 0.0606039 0.1793177 -0.3466671 0.1086666 0.0480581 -0.1997738 -0.0818952 0.4552739 -0.8865770 0.5898944 0.4228680 -0.6879006 0.1534370 0.4539970 -0.8776923 0.4675072 0.2067561 -0.8594701
-0.0369782 0.1673608 -0.3193677 0.1190487 0.2543630 -0.1565583 0.0534575 0.1803753 -0.3431387 0.0936685 0.2045587 -0.1983284 -0.1020217 0.4617439 -0.8811266 0.3702531 0.7910939 -0.4869117 0.1366056 0.4609320 -0.8768584 0.3123112 0.6820436 -0.6612702
-0.0658998 0.1528765 -0.3478298 0.1318300 0.2607055 -0.1558729 -0.0137801 0.1559025 -0.3941305 0.1063917 0.2109013 -0.1976086 -0.1708951 0.3964477 -0.9020111 0.3981291 0.7873358 -0.4707393 -0.0324950 0.3676349 -0.9294023 0.3454574 0.6848032 -0.6416415
-0.0685061 0.1412547 -0.3454775 0.1795831 0.2669691 -0.1160643 -0.0179250 0.1446921 -0.3934267 0.1494781 0.3155630 -0.1535976 -0.1805290 0.3722379 -0.9104110 0.5250305 0.7805130 -0.3393265 -0.0427220 0.3448554 -0.9376831 0.3918523 0.8272386 -0.4026512
-0.0451505 0.1517535 -0.3324750 0.1956436 0.2758276 -0.1151899 -0.0083875 0.1503493 -0.3917699 0.1701004 0.3276185 -0.1518193 -0.1226087 0.4120949 -0.9028538 0.5476412 0.7720904 -0.3224370 -0.0199838 0.3582195 -0.9334235 0.4261613 0.8207997 -0.3803608
-0.0382969 0.1584634 -0.3282914 0.2275138 0.3196400 0.0190661 -0.0012193 0.1494838 -0.3867207 0.2123086 0.3858074 0.0272585 -0.1044819 0.4323206 -0.8956464 0.5792029 0.8137371 0.0485383 -0.0029408 0.3605424 -0.9327382 0.4811974 0.8744325 0.0617815
-0.0406465 0.1614026 -0.3256609 0.2227428 0.3213962 0.0205989 -0.0054438 0.1510853 -0.3850215 0.2073029 0.3875316 0.0286093 -0.1111382 0.4413170 -0.8904424 0.5688322 0.8207696 0.0526047 -0.0131607 0.3652580 -0.9308133 0.4706888 0.8799048 0.0649585
-0.0389154 0.1637654 -0.3238486 0.2057389 0.3293943 -0.1360581 -0.0070151 0.1503963 -0.3844539 0.0856147 0.4084944 -0.1905729 -0.1066229 0.4486952 -0.8873016 0.4999602 0.8004517 -0.3306310 -0.0169905 0.3642581 -0.9311430 0.1865977 0.8903156 -0.4153546
-0.0387009 0.1640503 -0.3223997 0.2093181 0.3320425 -0.1366352 -0.0073364 0.1498998 -0.3831075 0.0954600 0.4174153 -0.1925461 -0.1063790 0.4509331 -0.8861957 0.5036351 0.7989193 -0.3287546 -0.0178304 0.3643165 -0.9311045 0.2033264 0.8890798 -0.4101164
-0.0500749 0.1627784 -0.3206939 0.2136038 0.3395416 -0.1506166 -0.0209210 0.1474167 -0.3822042 0.0842045 0.4573878 -0.2248562 -0.1379055 0.4482895 -0.8831866 0.4985080 0.7924212 -0.3515087 -0.0510041 0.3593932 -0.9317913 0.1630040 0.8854162 -0.4352790
-0.0511618 0.1611263 -0.3222370 0.2177564 0.3520769 -0.1665444 -0.0223970 0.1458457 -0.3839504 0.1031828 0.4599508 -0.2418666 -0.1405970 0.4427884 -0.8855342 0.4880015 0.7890193 -0.3732332 -0.0544504 0.3545729 -0.9334416 0.1947536 0.8681394 -0.4565139
-0.0505975 0.1595505 -0.3211893 0.2336047 0.3485535 -0.1737117 -0.0237130 0.1429659 -0.3834120 0.1260566 0.4618003 -0.2716508 -0.1397001 0.4405205 -0.8868064 0.5143974 0.7675148 -0.3825131 -0.0578528 0.3487946 -0.9354119 0.2290259 0.8390215 -0.4935484
-0.0357400 0.1520078 -0.3313448 0.2298037 0.4186139 -0.2516910 -0.0074928 0.1377070 -0.3935307 0.1517069 0.4505691 -0.2976325 -0.0975713 0.4149858 -0.9045809 0.4257116 0.7754827 -0.4662578 -0.0179684 0.3302357 -0.9437274 0.2704688 0.8032918 -0.5306306
-0.0346052 0.1522061 -0.3322378 0.2193212 0.3993923 -0.2926895 -0.0047677 0.1387615 -0.3938697 0.1705657 0.4383055 -0.3388031 -0.0942721 0.4146424 -0.9050881 0.4049833 0.7374899 -0.5404601 -0.0114162 0.3322632 -0.9431176 0.2942574 0.7561579 -0.5844979
-0.0329030 0.1520337 -0.3329683 0.2342114 0.4060609 -0.2940226 -0.0022334 0.1427649 -0.3949602 0.2169719 0.3890449 -0.3377335 -0.0895291 0.4136842 -0.9060077 0.4232653 0.7338307 -0.5313558 -0.0053180 0.3399354 -0.9404337 0.3881331 0.6959484 -0.6041593
-0.0307843 0.1529832 -0.3313191 0.2483665 0.3675170 -0.3348130 -0.0017919 0.1440021 -0.3941542 0.2120056 0.3741682 -0.3659165 -0.0840575 0.4177251 -0.9046768 0.4469060 0.6613030 -0.6024561 -0.0042701 0.3431565 -0.9392685 0.3754557 0.6626410 -0.6480276
-0.0246975 0.1566253 -0.3265575 0.2860299 0.3414984 -0.3637768 -0.0027697 0.1468679 -0.3920819 0.2434108 0.3305160 -0.3752694 -0.0680340 0.4314545 -0.8995657 0.4973359 0.5937820 -0.6325187 -0.0066150 0.3507748 -0.9364365 0.4376613 0.5942795 -0.6747478
-0.0056818 0.1736818 -0.2925179 0.2766580 0.2996289 -0.3115319 0.0628471 0.1865876 -0.2951166 0.2426591 0.2834244 -0.4088170 -0.0166992 0.5104660 -0.8597358 0.5390893 0.5838498 -0.6070438 0.1771511 0.5259464 -0.8318641 0.4384214 0.5120737 -0.7386252
-0.0098956 0.1744144 -0.2938037 0.2973813 0.2363613 -0.3287982 0.0586375 0.1873202 -0.2962877 0.2550245 0.2383313 -0.4075798 -0.0289500 0.5102566 -0.8595348 0.5919158 0.4704599 -0.6544488 0.1649872 0.5270594 -0.8336592 0.4752427 0.4441346 -0.7595320
-0.0119601 0.1766894 -0.2921362 0.2883089 0.2117428 -0.3260703 0.0545858 0.1936220 -0.3045624 0.2657514 0.1913262 -0.4022936 -0.0350096 0.5172070 -0.8551440 0.5956504 0.4374638 -0.6736661 0.1495489 0.5304666 -0.8344102 0.5123223 0.3688435 -0.7755517
-0.0118266 0.1776160 -0.2936135 0.3061915 0.1848480 -0.3757170 0.0554959 0.1933768 -0.3030391 0.2780202 0.1471993 -0.3840100 -0.0344438 0.5172877 -0.8551182 0.5902666 0.3563442 -0.7242956 0.1525702 0.5316341 -0.8331192 0.5600575 0.2965255 -0.7735685
0.0217381 0.1910473 -0.2735303 0.2900488 0.1061595 -0.3632149 0.0865069 0.1969043 -0.2988331 0.2810701 0.1120177 -0.3692736 0.0650158 0.5713979 -0.8180937 0.6083440 0.2226574 -0.7618013 0.2349586 0.5348056 -0.8116510 0.5887509 0.2346409 -0.7735089
-0.0088713 0.1784915 -0.2966521 0.3064577 0.0809719 -0.3455353 0.0592800 0.1905776 -0.3055349 0.2837212 0.0629344 -0.3460853 -0.0256155 0.5153885 -0.8565737 0.6535669 0.1726847 -0.7369059 0.1624350 0.5222078 -0.8372060 0.6278101 0.1392594 -0.7658076
-0.0089395 0.1775699 -0.3002506 0.2968499 0.0427303 -0.3275222 0.0839968 0.1910065 -0.3100349 0.2731939 0.0278885 -0.3307985 -0.0256186 0.5088789 -0.8604568 0.6684443 0.0962197 -0.7375120 0.2247634 0.5111063 -0.8296094 0.6354372 0.0648674 -0.7694230
0.0241182 0.1897802 -0.2732638 0.2759737 -0.0013642 -0.2864069 0.0892627 0.1942623 -0.2978760 0.2729195 0.0109034 -0.3070321 0.0723025 0.5689307 -0.8192010 0.6938651 -0.0034298 -0.7200968 0.2434516 0.5298235 -0.8124152 0.6641328 0.0265328 -0.7471437
-0.0327935 0.1556546 -0.3247805 0.2863393 0.0156331 -0.2564253 0.0582740 0.1648663 -0.3479202 0.2566764 -0.0183012 -0.2917908 -0.0906792 0.4304088 -0.8980677 0.7443325 0.0406379 -0.6665716 0.1496542 0.4233955 -0.8934986 0.6597524 -0.0470407 -0.7500093
-0.0403005 0.1441446 -0.3286964 0.2889618 0.0213938 -0.1982596 0.0193255 0.1832033 -0.2927619 0.2537862 -0.0286843 -0.2742456 -0.1115836 0.3991056 -0.9100900 0.8230443 0.0609355 -0.5646990 0.0558703 0.5296432 -0.8463785 0.6772068 -0.0765415 -0.7318008
-0.0448202 0.1546746 -0.3203351 0.2790653 0.0189362 -0.1887212 0.0464128 0.1646920 -0.3424716 0.2467188 -0.0329639 -0.2606517 -0.1250090 0.4314068 -0.8934545 0.8270581 0.0561207 -0.5593079 0.1212336 0.4301881 -0.8945617 0.6845484 -0.0914621 -0.7232069
-0.0464985 0.1535547 -0.3168776 0.2724981 -0.0120454 -0.2343422 0.0447241 0.1637102 -0.3389935 0.2394695 -0.0637960 -0.3060699 -0.1309155 0.4323297 -0.8921615 0.7577682 -0.0334961 -0.6516635 0.1179740 0.4318375 -0.8942027 0.6080681 -0.1619928 -0.7771818
-0.0468150 0.1576372 -0.3175554 0.2719271 -0.0080715 -0.2332186 0.0444310 0.1678406 -0.3395549 0.2390860 -0.0604775 -0.3045563 -0.1309121 0.4408115 -0.8880018 0.7588733 -0.0225253 -0.6508486 0.1165041 0.4401007 -0.8903584 0.6100916 -0.1543246 -0.7771564
-0.0476859 0.1575783 -0.3173993 0.2717549 -0.0080634 -0.2333185 0.0435566 0.1677512 -0.3394321 0.2378921 -0.0608917 -0.3038640 -0.1333657 0.4407079 -0.8876881 0.7585319 -0.0225068 -0.6512471 0.1142860 0.4401544 -0.8906194 0.6089123 -0.1558594 -0.7777748
