-0.0252534 0.1439207 -0.3159272 0.1344094 -0.1312306 -0.1950050 0.0590695 0.1666305 -0.3332698 0.1585513 -0.1227993 -0.2556404 -0.0725502 0.4134682 -0.9076236 0.4964039 -0.4846638 -0.7201973 0.1565758 0.4416883 -0.8833999 0.4879767 -0.3779420 -0.7867901
-0.0265825 0.1492274 -0.3143392 0.1540721 -0.1272764 -0.2025271 0.0577890 0.1715986 -0.3319330 0.1333783 -0.1572630 -0.2573363 -0.0761727 0.4276145 -0.9007461 0.5415056 -0.4473286 -0.7118067 0.1528376 0.4538357 -0.8778803 0.4044676 -0.4768976 -0.7803683
-0.0271142 0.1524290 -0.3140421 0.1454450 -0.1179572 -0.2055896 0.0570821 0.1750888 -0.3321420 0.1171215 -0.1366546 -0.2619861 -0.0774400 0.4353476 -0.8969256 0.5230102 -0.4241659 -0.7392859 0.1503031 0.4610270 -0.8745645 0.3684804 -0.4299343 -0.8242443
-0.0280987 0.1554013 -0.3140819 0.1174802 -0.0801060 -0.2184930 0.0562038 0.1776494 -0.3322335 0.0890661 -0.0767530 -0.2777763 -0.0799282 0.4420476 -0.8934234 0.4506559 -0.3072878 -0.8381429 0.1475490 0.4663738 -0.8721954 0.2952781 -0.2544568 -0.9209032
-0.0292719 0.1555872 -0.3139849 0.0712531 -0.0106173 -0.2652516 0.0549439 0.1780831 -0.3322345 0.0396127 -0.0205729 -0.3211790 -0.0832439 0.4424615 -0.8929156 0.2592340 -0.0386281 -0.9650418 0.1442340 0.4674883 -0.8721532 0.1221612 -0.0634446 -0.9904804
-0.0314903 0.1555414 -0.3144301 0.1136007 0.0439226 -0.1922717 0.0525802 0.1785013 -0.3327724 0.0720794 0.0460511 -0.2422670 -0.0894079 0.4416170 -0.8927377 0.4991198 0.1929797 -0.8447711 0.1379089 0.4681787 -0.8728057 0.2805487 0.1792409 -0.9429555
-0.0322998 0.1571772 -0.3149269 -0.0380366 0.0246258 -0.2468710 0.0517343 0.1801000 -0.3334833 -0.0797271 0.0244908 -0.2971436 -0.0913845 0.4446942 -0.8910084 -0.1515432 0.0981126 -0.9835693 0.1352452 0.4708218 -0.8718002 -0.2583286 0.0793540 -0.9627924
-0.0323956 0.1574966 -0.3150605 0.1816869 0.1583019 -0.2027600 0.0515333 0.1804472 -0.3340551 0.2351380 0.1859885 -0.2293983 -0.0915854 0.4452579 -0.8907062 0.5769110 0.5026565 -0.6438246 0.1344964 0.4709479 -0.8718479 0.6228844 0.4926866 -0.6076799
-0.0260723 0.1606472 -0.3169463 0.2672540 0.1031594 -0.0814565 0.0577806 0.1837238 -0.3361251 0.3206958 0.1308460 -0.1081135 -0.0731772 0.4508894 -0.8895751 0.8973425 0.3463719 -0.2735014 0.1491524 0.4742572 -0.8676599 0.8838419 0.3606133 -0.2979622
-0.0190802 0.1591368 -0.3248739 0.4502529 0.2019717 -0.0873331 0.0645898 0.1827743 -0.3441682 0.5035474 0.2296585 -0.1142836 -0.0526701 0.4392901 -0.8967999 0.8984465 0.4030197 -0.1742668 0.1635159 0.4627123 -0.8712978 0.8910407 0.4063869 -0.2022280
-0.0183352 0.1225053 -0.3378302 0.1238758 0.2174197 -0.2034106 0.0378689 0.1465070 -0.3622837 0.0636973 0.2575270 -0.2087995 -0.0509561 0.3404594 -0.9388775 0.3841365 0.6742145 -0.6307725 0.0964527 0.3731554 -0.9227415 0.1886761 0.7628137 -0.6184792
-0.0213797 0.1198677 -0.3336803 0.1571121 0.2184161 -0.1819473 0.0350983 0.1436308 -0.3577410 0.0478004 0.2655914 -0.2113786 -0.0601903 0.3374643 -0.9394120 0.4837205 0.6724647 -0.5601837 0.0906717 0.3710507 -0.9241753 0.1394454 0.7747947 -0.6166427
-0.0190903 0.1173309 -0.3359865 0.1836920 0.2376046 -0.1589611 0.0377818 0.1403953 -0.3597957 0.0456621 0.2849196 -0.2279855 -0.0535649 0.3292152 -0.9427344 0.5405810 0.6992384 -0.4678010 0.0973605 0.3617868 -0.9271630 0.1241655 0.7747599 -0.6199435
-0.0155313 0.1170896 -0.3352115 0.1897399 0.2351596 -0.1649821 0.0414100 0.1405689 -0.3584479 0.0462134 0.3021147 -0.2544182 -0.0436995 0.3294472 -0.9431622 0.5511404 0.6830716 -0.4792258 0.1069347 0.3629966 -0.9256341 0.1162118 0.7597213 -0.6397800
-0.0183733 0.1148536 -0.3318649 0.1941800 0.2149209 -0.1753666 0.0386597 0.1384823 -0.3547282 0.0713300 0.3260630 -0.2990144 -0.0522475 0.3266061 -0.9437154 0.5734782 0.6347329 -0.5179159 0.1010028 0.3618008 -0.9267678 0.1591750 0.7276187 -0.6672589
-0.0088903 0.1192716 -0.3343614 0.2226193 0.2435370 -0.2038989 0.0482747 0.1430550 -0.3567368 0.0770931 0.3301803 -0.3134909 -0.0250353 0.3358734 -0.9415744 0.5739510 0.6278804 -0.5256866 0.1246214 0.3692971 -0.9209176 0.1669484 0.7150196 -0.6788779
-0.0031125 0.1214954 -0.3344912 0.2195098 0.2286084 -0.2001956 0.0541392 0.1453652 -0.3565565 0.1007698 0.3186632 -0.3632284 -0.0087457 0.3413881 -0.9398817 0.5855685 0.6098400 -0.5340455 0.1392334 0.3738456 -0.9169807 0.2041551 0.6455970 -0.7358840
0.0004152 0.1250349 -0.3345875 0.2373078 0.2352869 -0.2227065 0.0577166 0.1489240 -0.3564991 0.1611830 0.2611849 -0.3564377 0.0011625 0.3500543 -0.9367287 0.5909231 0.5858910 -0.5545644 0.1477481 0.3812289 -0.9125980 0.3426748 0.5552787 -0.7577860
-0.0079336 0.1210092 -0.3299011 0.2477458 0.2207403 -0.2271910 0.0499556 0.1451371 -0.3499192 0.1641074 0.2473547 -0.3716506 -0.0225718 0.3442810 -0.9385953 0.6160620 0.5489082 -0.5649490 0.1307382 0.3798363 -0.9157685 0.3450194 0.5200387 -0.7813586
-0.0067707 0.1229360 -0.3298517 0.2575443 0.2121552 -0.2311127 0.0506093 0.1512549 -0.3453390 0.1765548 0.2234140 -0.3971871 -0.0192304 0.3491694 -0.9368623 0.6345073 0.5226830 -0.5693882 0.1330449 0.3976286 -0.9078494 0.3612627 0.4571451 -0.8127162
-0.0086782 0.1252067 -0.3252826 0.2624541 0.1658644 -0.2422167 0.0481284 0.1555433 -0.3389630 0.1937907 0.1659009 -0.3821088 -0.0248903 0.3591127 -0.9329622 0.6665007 0.4212116 -0.6151077 0.1279876 0.4136352 -0.9014018 0.4217976 0.3610938 -0.8316839
-0.0122042 0.1279770 -0.3217583 0.2003813 0.1509022 -0.3792961 0.0442298 0.1592814 -0.3347879 0.1920404 0.1271495 -0.3831912 -0.0352224 0.3693524 -0.9286216 0.4406490 0.3318418 -0.8340920 0.1184592 0.4265976 -0.8966504 0.4295421 0.2843989 -0.8570944
-0.0047217 0.1405367 -0.3067949 0.1923852 0.0814906 -0.3819277 0.0509550 0.1634728 -0.3364619 0.2047364 0.0751485 -0.3542198 -0.0139908 0.4164238 -0.9090629 0.4419186 0.1871881 -0.8773075 0.1349706 0.4330100 -0.8912269 0.4921834 0.1806559 -0.8515392
-0.0166754 0.1268668 -0.3172554 0.2312270 -0.0119017 -0.3445032 0.0392220 0.1595162 -0.3292522 0.1973915 0.0173139 -0.3352563 -0.0487460 0.3708601 -0.9274086 0.5570682 -0.0286734 -0.8299716 0.1065946 0.4335211 -0.8948168 0.5068658 0.0444590 -0.8608778
-0.0185006 0.1294288 -0.3161498 0.2431232 -0.0118795 -0.2771553 0.0385100 0.1596842 -0.3291479 0.2113552 -0.0126455 -0.2911403 -0.0540766 0.3783161 -0.9240956 0.6591026 -0.0322051 -0.7513631 0.1046867 0.4340906 -0.8947659 0.5871123 -0.0351273 -0.8087430
-0.0185476 0.1292228 -0.3158780 0.2415671 -0.0268202 -0.2127917 0.0384720 0.1594900 -0.3287941 0.2056322 -0.0548654 -0.2528659 -0.0542660 0.3780749 -0.9241832 0.7477952 -0.0830246 -0.6587179 0.1046988 0.4340403 -0.8947889 0.6221689 -0.1660028 -0.7650810
-0.0173699 0.1367671 -0.3150160 0.2046630 -0.0807644 -0.2236235 0.0394150 0.1673943 -0.3281208 0.1832719 -0.1038147 -0.2814633 -0.0505140 0.3977368 -0.9161080 0.6523844 -0.2574448 -0.7128231 0.1063958 0.4518601 -0.8857214 0.5213246 -0.2953053 -0.8006344
-0.0184909 0.1405186 -0.3124448 0.1958105 -0.0831311 -0.2201693 0.0385651 0.1703125 -0.3262807 0.1604428 -0.1241393 -0.2576119 -0.0538956 0.4095706 -0.9106850 0.6395927 -0.2715382 -0.7191580 0.1042099 0.4602155 -0.8816700 0.4893087 -0.3785925 -0.7856492
-0.0201104 0.1404615 -0.3121324 0.1721929 -0.1404583 -0.1629806 0.0639239 0.1649616 -0.3286350 0.1394128 -0.1703359 -0.2402280 -0.0586530 0.4096629 -0.9103495 0.6248494 -0.5096916 -0.5914201 0.1712729 0.4419855 -0.8805194 0.4278807 -0.5227888 -0.7372991
-0.0176232 0.1485419 -0.3129976 0.1537635 -0.1257940 -0.1519813 0.0663610 0.1735300 -0.3290618 0.1510453 -0.1239700 -0.2177430 -0.0508013 0.4281925 -0.9022585 0.6147313 -0.5029118 -0.6076061 0.1756109 0.4592121 -0.8707956 0.5162766 -0.4237323 -0.7442509
-0.0176487 0.1479649 -0.3141533 0.1538847 -0.1246685 -0.1502663 0.0662039 0.1735861 -0.3299382 0.1479861 -0.1278311 -0.2157741 -0.0507580 0.4255497 -0.9035104 0.6190015 -0.5014793 -0.6044466 0.1748429 0.4584366 -0.8713586 0.5081891 -0.4389759 -0.7409750
-0.0182507 0.1522542 -0.3145458 0.1551233 -0.1195850 -0.1504937 0.0655226 0.1780649 -0.3304827 0.1454733 -0.1270644 -0.2152059 -0.0521549 0.4350946 -0.8988730 0.6280133 -0.4841372 -0.6092704 0.1719410 0.4672684 -0.8672350 0.5030655 -0.4394052 -0.7442097
-0.0191551 0.1557247 -0.3139590 0.1531065 -0.1164507 -0.1484160 0.0647379 0.1812180 -0.3298199 0.1431742 -0.1243923 -0.2130361 -0.0545758 0.4436847 -0.8945196 0.6301710 -0.4792996 -0.6108654 0.1695359 0.4745746 -0.8637341 0.5019588 -0.4361110 -0.7468899
-0.0172581 0.1541337 -0.3151280 0.1608806 -0.1028297 -0.1811807 0.0666307 0.1797471 -0.3308566 0.1320741 -0.1436236 -0.2260705 -0.0491367 0.4388430 -0.8972193 0.6112100 -0.3906658 -0.6883332 0.1742525 0.4700740 -0.8652551 0.4422685 -0.4809434 -0.7570284
-0.0136059 0.1530076 -0.3157023 0.1487800 -0.1275918 -0.1540968 0.0702925 0.1786548 -0.3313722 0.1403237 -0.1375993 -0.2186512 -0.0387532 0.4358070 -0.8992054 0.5967405 -0.5117572 -0.6180658 0.1835457 0.4664980 -0.8652691 0.4773007 -0.4680341 -0.7437259
-0.0146949 0.1535815 -0.3154908 0.1618717 -0.1323524 -0.1576437 0.0691998 0.1792956 -0.3311426 0.1371833 -0.1799181 -0.1944668 -0.0418427 0.4373116 -0.8983361 0.6181591 -0.5054300 -0.6020131 0.1807387 0.4682913 -0.8648912 0.4598210 -0.6030627 -0.6518282
-0.0166975 0.1529612 -0.3150348 0.1632279 -0.1301095 -0.1589383 0.0672253 0.1786841 -0.3305299 0.1389590 -0.1772229 -0.1966145 -0.0476249 0.4362797 -0.8985499 0.6221504 -0.4959181 -0.6058004 0.1761194 0.4681232 -0.8659345 0.4648137 -0.5928057 -0.6576698
-0.0165092 0.1526043 -0.3153534 0.1809097 -0.0889290 -0.2081854 0.0674374 0.1783095 -0.3307946 0.1400141 -0.1378873 -0.2246711 -0.0470715 0.4351103 -0.8991459 0.6242800 -0.3068747 -0.7184027 0.1766327 0.4670299 -0.8664202 0.4690807 -0.4619556 -0.7527020
-0.0138742 0.1521294 -0.3172375 0.1883901 -0.1348725 -0.1716032 0.0700235 0.1779369 -0.3327856 0.1722797 -0.1827076 -0.2125982 -0.0394041 0.4320612 -0.9009831 0.6534036 -0.4677858 -0.5951807 0.1824426 0.4636052 -0.8670553 0.5235997 -0.5552926 -0.6461374
-0.0118845 0.1540298 -0.3170607 0.1821005 -0.1361694 -0.1724154 0.0720100 0.1798456 -0.3326217 0.1646305 -0.1834333 -0.2135176 -0.0336961 0.4367221 -0.8989652 0.6381452 -0.4771862 -0.6042053 0.1870755 0.4672227 -0.8641213 0.5048478 -0.5625076 -0.6547624
-0.0128443 0.1588861 -0.3156977 0.1705924 -0.1303361 -0.1803081 0.0710582 0.1846435 -0.3313243 0.1522379 -0.1757004 -0.2231306 -0.0363182 0.4492634 -0.8926608 0.6084818 -0.4648927 -0.6431366 0.1841366 0.4784759 -0.8585770 0.4724464 -0.5452583 -0.6924506
-0.0123631 0.1614616 -0.3160343 0.1552999 -0.1167331 -0.1870071 0.0715542 0.1869149 -0.3321387 0.1324634 -0.1581118 -0.2316737 -0.0348153 0.4546855 -0.8899714 0.5759108 -0.4328903 -0.6934931 0.1845226 0.4820128 -0.8565133 0.4270378 -0.5097237 -0.7468738
-0.0123613 0.1531830 -0.3169515 0.0885129 -0.0523560 -0.1928589 0.0716029 0.1782275 -0.3334757 0.0994568 -0.0465304 -0.2575859 -0.0350930 0.4348771 -0.8998058 0.4049749 -0.2395455 -0.8823907 0.1860611 0.4631269 -0.8665418 0.3551865 -0.1661722 -0.9199072
-0.0147322 0.1503970 -0.3177549 0.1081581 0.0139598 -0.2222588 0.0691503 0.1756031 -0.3344741 0.1170932 0.0223531 -0.2870159 -0.0418696 0.4274359 -0.9030756 0.4368749 0.0563868 -0.8977532 0.1800573 0.4572453 -0.8709226 0.3767635 0.0719242 -0.9235130
-0.0112779 0.1586667 -0.3206004 -0.0319465 -0.0235763 -0.2598281 0.0726605 0.1829650 -0.3383675 -0.0231485 -0.0151827 -0.3246061 -0.0315121 0.4433364 -0.8958012 -0.1215414 -0.0896968 -0.9885252 0.1856096 0.4673801 -0.8643523 -0.0710546 -0.0466036 -0.9963831
-0.0158390 0.1577616 -0.3192505 -0.0336778 -0.0217093 -0.2588179 0.0682030 0.1816995 -0.3370338 -0.0248264 -0.0133153 -0.3235917 -0.0444346 0.4425843 -0.8956253 -0.1285896 -0.0828911 -0.9882276 0.1753654 0.4671909 -0.8665908 -0.0764322 -0.0409935 -0.9962317
-0.0153201 0.1588373 -0.3189173 0.1472709 0.1320938 -0.1910916 0.0688303 0.1822158 -0.3369479 0.1560960 0.1404881 -0.2558719 -0.0429601 0.4454062 -0.8942973 0.5354297 0.4802507 -0.6947476 0.1768522 0.4681843 -0.8657521 0.4715626 0.4244115 -0.7729836
-0.0122496 0.1617256 -0.3148956 0.1466119 0.1333328 -0.1906650 0.0716004 0.1850465 -0.3343583 0.1554270 0.1417273 -0.2554488 -0.0345829 0.4565816 -0.8890092 0.5331313 0.4848439 -0.6933235 0.1841581 0.4759445 -0.8599783 0.4697023 0.4283018 -0.7719698
-0.0152744 0.1387688 -0.3175802 0.1598683 0.2171063 -0.1816316 0.0685278 0.1623835 -0.3369078 0.1686952 0.2255011 -0.2464155 -0.0440298 0.4000127 -0.9154514 0.4917674 0.6678358 -0.5587130 0.1802294 0.4270717 -0.8860740 0.4508097 0.6026137 -0.6585039
-0.0132464 0.1310490 -0.3200472 0.1565556 0.2094777 -0.1822568 0.0706490 0.1544405 -0.3392479 0.0672759 0.2716226 -0.1946450 -0.0382744 0.3786539 -0.9247466 0.4911390 0.6571638 -0.5717676 0.1862204 0.4070822 -0.8942069 0.1973659 0.7968538 -0.5710260
-0.0124246 0.1240921 -0.3220401 0.1097441 0.2134162 -0.1688020 0.0431709 0.1543072 -0.3405249 -0.0242169 0.3424459 -0.2256256 -0.0359772 0.3593281 -0.9325175 0.3740407 0.7273866 -0.5753280 0.1147126 0.4100209 -0.9048336 -0.0589496 0.8335927 -0.5492250
-0.0177675 0.1194930 -0.3201032 0.1152863 0.2115166 -0.1730529 0.0375318 0.1499654 -0.3390495 0.0506508 0.3016740 -0.2328361 -0.0519304 0.3492510 -0.9355891 0.3886798 0.7131134 -0.5834358 0.1007214 0.4024516 -0.9098835 0.1317561 0.7847335 -0.6056680
-0.0140545 0.1207624 -0.3214367 0.2185067 0.2558753 -0.1514505 0.0424557 0.1492765 -0.3398534 0.0474651 0.3093312 -0.2445975 -0.0408964 0.3514002 -0.9353317 0.5921729 0.6934454 -0.4104446 0.1136358 0.3995490 -0.9096414 0.1194996 0.7787824 -0.6158067
-0.0065082 0.1209222 -0.3277204 0.2254198 0.2541453 -0.1582004 0.0775797 0.1480859 -0.3398101 0.0750152 0.3300389 -0.2992730 -0.0186280 0.3461068 -0.9380102 0.6015340 0.6781880 -0.4221586 0.2048543 0.3910304 -0.8972904 0.1660387 0.7305084 -0.6624112
-0.0050575 0.1222427 -0.3265460 0.2416928 0.2425996 -0.1663375 0.0548027 0.1481263 -0.3361848 0.0945700 0.3431560 -0.3210211 -0.0145034 0.3505533 -0.9364305 0.6348518 0.6372337 -0.4369169 0.1475427 0.3987932 -0.9050940 0.1972976 0.7159126 -0.6697334
-0.0033163 0.1258281 -0.3218498 0.2463044 0.2382827 -0.1704396 0.0567269 0.1504889 -0.3333721 0.1579115 0.2732343 -0.3415950 -0.0095962 0.3640987 -0.9313109 0.6435199 0.6225617 -0.4453079 0.1532589 0.4065756 -0.9006709 0.3395513 0.5875257 -0.7345192
0.0037187 0.1309774 -0.3233069 0.2597226 0.2304801 -0.1838614 0.0639292 0.1548528 -0.3355730 0.1712134 0.2657547 -0.3556721 0.0106599 0.3754549 -0.9267794 0.6610154 0.5865908 -0.4679423 0.1704472 0.4128665 -0.8947005 0.3597983 0.5584731 -0.7474309
0.0046083 0.1323825 -0.3244832 0.2776649 0.1873183 -0.1850529 0.0639920 0.1590077 -0.3350261 0.1815673 0.2506377 -0.3973066 0.0131485 0.3777185 -0.9258271 0.7256132 0.4895132 -0.4835931 0.1700442 0.4225270 -0.8902561 0.3605206 0.4976670 -0.7888932
0.0078275 0.1349992 -0.3248902 0.2777881 0.1633650 -0.2123426 0.0630513 0.1702857 -0.3320757 0.2089632 0.2044362 -0.3913617 0.0222429 0.3836200 -0.9232231 0.7197846 0.4232996 -0.5502068 0.1665909 0.4499202 -0.8773935 0.4277726 0.4185053 -0.8011641
-0.0012232 0.1385588 -0.3199810 0.2272224 0.1724944 -0.3830555 0.0547839 0.1723020 -0.3284039 0.2116843 0.1507565 -0.3791206 -0.0035080 0.3973644 -0.9176542 0.4757441 0.3611580 -0.8020177 0.1461355 0.4596136 -0.8760135 0.4605424 0.3279872 -0.8248182
-0.0027600 0.1445908 -0.3196349 0.2092101 0.1154516 -0.3916594 0.0783891 0.1797997 -0.3310725 0.2143877 0.1067722 -0.3740208 -0.0078672 0.4121411 -0.9110861 0.4559968 0.2516396 -0.8536653 0.2037064 0.4672380 -0.8603443 0.4827109 0.2404060 -0.8421372
-0.0157110 0.1611776 -0.3217816 0.2121083 0.0518280 -0.3503341 0.0420761 0.1851682 -0.3425560 0.1970006 0.0459227 -0.4142356 -0.0436132 0.4474249 -0.8932575 0.5138189 0.1255500 -0.8486621 0.1074284 0.4727706 -0.8746125 0.4273450 0.0996181 -0.8985836
-0.0100608 0.1548623 -0.3224649 0.2537570 -0.0744847 -0.3021659 0.0492120 0.1788448 -0.3385363 0.2284982 0.0155042 -0.2988329 -0.0281134 0.4327398 -0.9010804 0.6319390 -0.1854915 -0.7524932 0.1274846 0.4633003 -0.8769837 0.6068995 0.0411797 -0.7937111
-0.0182371 0.1597869 -0.3290013 0.2678396 -0.1249596 -0.2348438 0.0299258 0.1851441 -0.3645953 0.2192236 -0.0366052 -0.2738108 -0.0498001 0.4363315 -0.8984068 0.7095132 -0.3310208 -0.6221064 0.0729889 0.4515661 -0.8892472 0.6216233 -0.1037964 -0.7764089
-0.0056948 0.1471325 -0.3254314 0.2282741 -0.0694472 -0.2556546 0.0519503 0.1773422 -0.3359926 0.2100081 -0.0572894 -0.2628164 -0.0159432 0.4119145 -0.9110830 0.6527681 -0.1985897 -0.7310650 0.1354785 0.4624813 -0.8762172 0.6153914 -0.1678765 -0.7701369
0.0053797 0.1504486 -0.3049736 0.2098884 -0.0883971 -0.2412877 0.0769755 0.1755005 -0.3192013 0.1760242 -0.1286244 -0.2810589 0.0158177 0.4423569 -0.8966996 0.6325874 -0.2664219 -0.7272225 0.2067508 0.4713821 -0.8573523 0.4948662 -0.3616087 -0.7901560
-0.0076631 0.1427847 -0.3327192 0.2044660 -0.1468682 -0.1895513 0.0745719 0.1733602 -0.3488328 0.1704385 -0.1772311 -0.2662146 -0.0211604 0.3942760 -0.9187484 0.6488326 -0.4660573 -0.6015038 0.1880235 0.4371056 -0.8795373 0.4703110 -0.4890546 -0.7345973
0.0630421 0.1655267 -0.3161951 0.1691822 -0.1334063 -0.1909141 0.1161344 0.2012055 -0.3321780 0.1519478 -0.1436965 -0.2537181 0.1739448 0.4567184 -0.8724400 0.5877074 -0.4634285 -0.6631998 0.2865000 0.4963680 -0.8194733 0.4621278 -0.4370326 -0.7716479
-0.0209865 0.1397625 -0.3272363 0.1707486 -0.1505273 -0.1949790 0.0616350 0.1699992 -0.3420147 0.1472474 -0.1647399 -0.2549263 -0.0588761 0.3920941 -0.9180391 0.5696991 -0.5022312 -0.6505434 0.1593148 0.4394158 -0.8840433 0.4364760 -0.4883278 -0.7556617
-0.0205435 0.1405567 -0.3248237 0.1695244 -0.1559318 -0.1869472 0.0622880 0.1701329 -0.3398077 0.1448118 -0.1706376 -0.2462929 -0.0579465 0.3964637 -0.9162198 0.5714585 -0.5256385 -0.6301899 0.1617492 0.4418004 -0.8824112 0.4351473 -0.5127517 -0.7400895
-0.0227072 0.1420175 -0.3221460 0.1655325 -0.1574220 -0.1834037 0.0601277 0.1712564 -0.3378139 0.1415429 -0.1723970 -0.2429853 -0.0643641 0.4025523 -0.9131314 0.5650542 -0.5373683 -0.6260584 0.1567921 0.4465768 -0.8809004 0.4291211 -0.5226624 -0.7366675
-0.0231601 0.1420811 -0.3211637 0.1610638 -0.1546137 -0.1802918 0.0597016 0.1711731 -0.3370063 0.1377254 -0.1695281 -0.2401527 -0.0658050 0.4036956 -0.9125237 0.5612556 -0.5387791 -0.6282590 0.1560125 0.4473104 -0.8806665 0.4242601 -0.5222276 -0.7397849
