-0.2391491 -0.2316881 -0.0465038 0.3177212 0.2210378 -0.2573624 -0.2258994 -0.3188040 -0.0548634 0.3463006 0.2179953 -0.1886588 -0.7113178 -0.6891261 -0.1383194 0.6835641 0.4755537 -0.5537046 -0.5725370 -0.8080015 -0.1390500 0.7685363 0.4837915 -0.4186858
-0.2361360 -0.2302527 -0.0472733 0.3462550 0.2103974 -0.2000643 -0.2227575 -0.3173911 -0.0557324 0.3582089 0.2167966 -0.1829280 -0.7087265 -0.6910686 -0.1418836 0.7662734 0.4656163 -0.4427488 -0.5686289 -0.8101983 -0.1422670 0.7839620 0.4744726 -0.4003490
-0.2354411 -0.2301774 -0.0472325 0.3515970 0.2358228 -0.2509456 -0.2219247 -0.3175323 -0.0556388 0.3820940 0.2168136 -0.1748640 -0.7078093 -0.6919850 -0.1419956 0.7144178 0.4791735 -0.5099019 -0.5670410 -0.8113286 -0.1421630 0.8080764 0.4585309 -0.3698134
-0.2293487 -0.2468225 -0.0480821 0.3943117 0.1223685 -0.2106923 -0.2159003 -0.3347199 -0.0562232 0.4022414 0.1354759 -0.2757704 -0.6738732 -0.7252147 -0.1412749 0.8506972 0.2640007 -0.4545525 -0.5367211 -0.8321028 -0.1397690 0.7946872 0.2676526 -0.5448250
-0.2305755 -0.2455960 -0.0478043 0.4040706 0.2240004 -0.1519890 -0.2166945 -0.3336770 -0.0570632 0.4083268 0.2306108 -0.2421031 -0.6776720 -0.7218177 -0.1404991 0.8307989 0.4605613 -0.3125005 -0.5391261 -0.8301731 -0.1419707 0.7737043 0.4369651 -0.4587408
-0.2307775 -0.2427965 -0.0497928 0.4047558 0.2424143 -0.1501420 -0.2161175 -0.3303191 -0.0593771 0.4145661 0.2552744 -0.2154154 -0.6814515 -0.7169420 -0.1470308 0.8175057 0.4896163 -0.3032494 -0.5414063 -0.8274981 -0.1487484 0.7786960 0.4794920 -0.4046233
-0.2296837 -0.2395738 -0.0527970 0.4075403 0.2473474 -0.1429718 -0.2137006 -0.3274849 -0.0621830 0.4199312 0.2548621 -0.2086397 -0.6834562 -0.7128855 -0.1571048 0.8188382 0.4969754 -0.2872619 -0.5397082 -0.8270743 -0.1570454 0.7868415 0.4775450 -0.3909364
-0.2326906 -0.2325761 -0.0556445 0.4086992 0.2693346 -0.1422156 -0.2164476 -0.3201822 -0.0640893 0.4241788 0.2893615 -0.2290667 -0.6973762 -0.6970331 -0.1667672 0.8018313 0.5284105 -0.2790143 -0.5525046 -0.8172977 -0.1635945 0.7544259 0.5146458 -0.4074080
-0.2318364 -0.2320442 -0.0586539 0.4200090 0.2806479 -0.1395715 -0.2127815 -0.3189752 -0.0702866 0.4395339 0.3026671 -0.2251185 -0.6957542 -0.6963777 -0.1760236 0.8014345 0.5355144 -0.2663214 -0.5458424 -0.8182582 -0.1803042 0.7588602 0.5225582 -0.3886697
-0.2305160 -0.2311054 -0.0621328 0.4806370 0.3066796 -0.1153078 -0.2099569 -0.3165066 -0.0755240 0.5089501 0.3156791 -0.1756388 -0.6937470 -0.6955209 -0.1869912 0.8262806 0.5272241 -0.1982298 -0.5421746 -0.8173195 -0.1950267 0.8154614 0.5057943 -0.2814158
-0.2244482 -0.2404562 -0.0676855 0.4936231 0.3011887 -0.1185794 -0.2035928 -0.3225904 -0.0860801 0.5143523 0.3039775 -0.1824945 -0.6683513 -0.7160195 -0.2015506 0.8362417 0.5102405 -0.2008841 -0.5206239 -0.8249223 -0.2201225 0.8233433 0.4865883 -0.2921260
-0.2215802 -0.2439765 -0.0739273 0.5332464 0.3237339 -0.1008443 -0.2008683 -0.3254179 -0.0911953 0.5806599 0.3459660 -0.1746227 -0.6560120 -0.7223187 -0.2188697 0.8438490 0.5123007 -0.1595836 -0.5109293 -0.8277341 -0.2319647 0.8317651 0.4955783 -0.2501379
-0.2203327 -0.2485324 -0.0794807 0.5628415 0.3399019 -0.0755064 -0.1981364 -0.3281643 -0.0961467 0.6261801 0.3643164 -0.1353236 -0.6451639 -0.7277364 -0.2327301 0.8504262 0.5135752 -0.1140864 -0.5013397 -0.8303460 -0.2432775 0.8496561 0.4943365 -0.1836189
-0.2185820 -0.2517389 -0.0822160 0.5862916 0.3564063 -0.0590640 -0.1953102 -0.3303928 -0.1001641 0.6333796 0.3786211 -0.1016361 -0.6365596 -0.7331197 -0.2394313 0.8513520 0.5175364 -0.0857667 -0.4923883 -0.8329392 -0.2525194 0.8503053 0.5082948 -0.1364454
-0.2195619 -0.2501826 -0.0845362 0.5861387 0.3603136 -0.0522106 -0.1959098 -0.3276258 -0.1014143 0.6257835 0.3751592 -0.1039780 -0.6393180 -0.7284792 -0.2461515 0.8494671 0.5221879 -0.0756667 -0.4960073 -0.8294877 -0.2567623 0.8491021 0.5090393 -0.1410839
-0.2178720 -0.2524640 -0.0862666 0.5888292 0.3591969 -0.0539238 -0.1945303 -0.3266836 -0.1037416 0.6305923 0.3760889 -0.1033434 -0.6325150 -0.7329407 -0.2504449 0.8510995 0.5191866 -0.0779420 -0.4935878 -0.8289045 -0.2632269 0.8504689 0.5072245 -0.1393774
-0.2173024 -0.2525676 -0.0870644 0.5886885 0.3585030 -0.0554870 -0.1932895 -0.3272164 -0.1049477 0.6303774 0.3755913 -0.1048996 -0.6310138 -0.7334184 -0.2528221 0.8513343 0.5184506 -0.0802427 -0.4902520 -0.8299388 -0.2661852 0.8504272 0.5067014 -0.1415176
-0.2204607 -0.2470007 -0.0860393 0.5763905 0.3578138 -0.0663110 -0.1963798 -0.3222737 -0.1038834 0.6203031 0.3758375 -0.1139646 -0.6444815 -0.7220667 -0.2515219 0.8455748 0.5249190 -0.0972794 -0.5016989 -0.8233248 -0.2653948 0.8448944 0.5119159 -0.1552274
-0.2207193 -0.2461576 -0.0853290 0.5703295 0.3483428 -0.0752291 -0.1970785 -0.3220059 -0.1032653 0.6303488 0.3755060 -0.1372399 -0.6464078 -0.7209077 -0.2498983 0.8480534 0.5179694 -0.1118622 -0.5035261 -0.8227096 -0.2638378 0.8444686 0.5030596 -0.1838582
-0.2201719 -0.2459133 -0.0851309 0.5510684 0.3338453 -0.0925715 -0.1971098 -0.3221902 -0.1028470 0.5963725 0.3551588 -0.1368993 -0.6459008 -0.7214161 -0.2497418 0.8465976 0.5128812 -0.1422161 -0.5035325 -0.8230599 -0.2627306 0.8429436 0.5019997 -0.1935005
-0.2188167 -0.2466550 -0.0842387 0.5249864 0.3008211 -0.1101653 -0.1967115 -0.3250105 -0.1027216 0.5513825 0.3001413 -0.1720323 -0.6429793 -0.7247803 -0.2475301 0.8536190 0.4891300 -0.1791269 -0.4998429 -0.8258500 -0.2610150 0.8470760 0.4611002 -0.2642893
-0.2188641 -0.2465923 -0.0839049 0.5260367 0.3350891 -0.0958965 -0.1972526 -0.3253301 -0.1019424 0.5570814 0.3616433 -0.1493381 -0.6433027 -0.7248036 -0.2466198 0.8336195 0.5310216 -0.1519689 -0.5007951 -0.8259650 -0.2588168 0.8183287 0.5312386 -0.2193713
-0.2186420 -0.2481834 -0.0835291 0.5057736 0.3108449 -0.1152598 -0.1971985 -0.3274706 -0.1011701 0.5300218 0.3299423 -0.1750294 -0.6409160 -0.7275121 -0.2448528 0.8363421 0.5140101 -0.1905924 -0.4987023 -0.8281519 -0.2558525 0.8174324 0.5088575 -0.2699412
-0.2173742 -0.2467740 -0.0816268 0.4861972 0.2939601 -0.1267385 -0.1971270 -0.3275418 -0.0998832 0.5265755 0.3210891 -0.2030265 -0.6415265 -0.7282926 -0.2409015 0.8352192 0.5049825 -0.2177192 -0.4989047 -0.8289692 -0.2527925 0.8109806 0.4945105 -0.3126817
-0.2205289 -0.2362081 -0.0815601 0.4579961 0.2795448 -0.1359183 -0.2005170 -0.3173018 -0.0992190 0.4904859 0.3049772 -0.2164434 -0.6616814 -0.7087257 -0.2447154 0.8274313 0.5050351 -0.2455547 -0.5164741 -0.8172782 -0.2555597 0.7952179 0.4944552 -0.3509166
-0.2200067 -0.2368404 -0.0813395 0.4239525 0.2585231 -0.1383362 -0.1992684 -0.3186863 -0.0981500 0.4218785 0.2569288 -0.2055577 -0.6600160 -0.7105171 -0.2440170 0.8224620 0.5015312 -0.2683704 -0.5129683 -0.8203808 -0.2526635 0.7885265 0.4802216 -0.3842046
-0.2179488 -0.2419043 -0.0818734 0.4512109 0.2743002 -0.1388240 -0.1968812 -0.3245106 -0.0982108 0.4747660 0.2915389 -0.1994337 -0.6491559 -0.7205067 -0.2438581 0.8264102 0.5023915 -0.2542615 -0.5021651 -0.8276966 -0.2504965 0.8023045 0.4926701 -0.3370219
-0.2173852 -0.2431437 -0.0818259 0.4291362 0.2607049 -0.1497468 -0.1957296 -0.3261918 -0.0977400 0.4452790 0.2741042 -0.2136641 -0.6464800 -0.7230828 -0.2433412 0.8190025 0.4975529 -0.2857903 -0.4983378 -0.8305013 -0.2488512 0.7883096 0.4852665 -0.3782650
-0.2163152 -0.2428273 -0.0822203 0.3885186 0.2392061 -0.1633249 -0.1945016 -0.3261628 -0.0982999 0.4047299 0.2590717 -0.2250948 -0.6448771 -0.7239147 -0.2451145 0.8017235 0.4936112 -0.3370273 -0.4958358 -0.8314748 -0.2505923 0.7627023 0.4882134 -0.4241848
-0.2155763 -0.2436311 -0.0823469 0.3746429 0.2348141 -0.1702033 -0.1934993 -0.3272396 -0.0983861 0.3804605 0.2415552 -0.1619930 -0.6424095 -0.7260120 -0.2453907 0.7907588 0.4956221 -0.3592482 -0.4927500 -0.8333223 -0.2505422 0.7944542 0.5044008 -0.3382638
-0.2161719 -0.2411854 -0.0821218 0.3452530 0.2330529 -0.1733939 -0.1939880 -0.3243502 -0.0977965 0.3547551 0.2349604 -0.1778827 -0.6469641 -0.7218252 -0.2457760 0.7651936 0.5165213 -0.3842975 -0.4969177 -0.8308521 -0.2505144 0.7692103 0.5094611 -0.3857004
-0.2154318 -0.2276257 -0.0799375 0.3088248 0.2329209 -0.1560837 -0.1929448 -0.3109821 -0.0963461 0.3308018 0.2372656 -0.1721601 -0.6660613 -0.7037618 -0.2471469 0.7403784 0.5584060 -0.3741959 -0.5098367 -0.8217379 -0.2545846 0.7484205 0.5368001 -0.3895027
-0.2184754 -0.2293686 -0.0757857 0.2973469 0.2303404 -0.1748377 -0.1960315 -0.3156091 -0.0902387 0.3092972 0.2279760 -0.1850452 -0.6707731 -0.7042181 -0.2326807 0.7168835 0.5553353 -0.4215220 -0.5127211 -0.8254767 -0.2360197 0.7252439 0.5345609 -0.4338963
-0.2187368 -0.2286171 -0.0752570 0.2693948 0.2375852 -0.1769269 -0.1984141 -0.3131066 -0.0888919 0.2908417 0.2242060 -0.1763660 -0.6725583 -0.7029377 -0.2313955 0.6728074 0.5933636 -0.4418709 -0.5205126 -0.8213929 -0.2331959 0.7139242 0.5503546 -0.4329227
-0.2195083 -0.2282603 -0.0739163 0.2535385 0.2141852 -0.1753145 -0.2002666 -0.3120930 -0.0871625 0.2728933 0.2195681 -0.1878251 -0.6750099 -0.7019233 -0.2273000 0.6754612 0.5706186 -0.4670617 -0.5257335 -0.8192969 -0.2288163 0.6866264 0.5524548 -0.4725864
-0.2218628 -0.2309718 -0.0717875 0.2421273 0.2045630 -0.1705307 -0.2030769 -0.3154440 -0.0847347 0.2526815 0.2069750 -0.1907275 -0.6759696 -0.7037229 -0.2187216 0.6726994 0.5683351 -0.4737834 -0.5280069 -0.8201651 -0.2203132 0.6680499 0.5472092 -0.5042533
-0.2220847 -0.2320511 -0.0697600 0.2321528 0.1976357 -0.1723403 -0.2033684 -0.3176114 -0.0820641 0.2380700 0.1981107 -0.1878341 -0.6756703 -0.7059921 -0.2122376 0.6628718 0.5643143 -0.4920878 -0.5269068 -0.8228986 -0.2126197 0.6572437 0.5469274 -0.5185568
-0.2236438 -0.2319038 -0.0682358 0.2167352 0.1805698 -0.1723903 -0.2059922 -0.3187354 -0.0789938 0.2196573 0.1867863 -0.1942320 -0.6791066 -0.7041886 -0.2072018 0.6555764 0.5461840 -0.5214428 -0.5314002 -0.8222451 -0.2037811 0.6318242 0.5372737 -0.5586906
-0.2241693 -0.2359011 -0.0660333 0.2039912 0.1493009 -0.1689957 -0.2076598 -0.3227736 -0.0762332 0.2060190 0.1558828 -0.1904472 -0.6750936 -0.7104243 -0.1988617 0.6708541 0.4909974 -0.5557665 -0.5306900 -0.8248718 -0.1948197 0.6418897 0.4856812 -0.5933729
-0.2263143 -0.2421843 -0.0638514 0.2042418 0.1326409 -0.1753556 -0.2094632 -0.3277990 -0.0733859 0.1977936 0.1291645 -0.1906172 -0.6704368 -0.7174505 -0.1891542 0.6805871 0.4419940 -0.5843308 -0.5291220 -0.8280486 -0.1853792 0.6516082 0.4255173 -0.6279663
-0.2263242 -0.2430586 -0.0627355 0.2018570 0.1244214 -0.1765709 -0.2098186 -0.3282353 -0.0722946 0.1996272 0.1130156 -0.1978093 -0.6696220 -0.7191339 -0.1856147 0.6827750 0.4208514 -0.5972457 -0.5295532 -0.8284208 -0.1824617 0.6590401 0.3731043 -0.6530385
-0.2264460 -0.2440028 -0.0611706 0.2027480 0.1066185 -0.1757692 -0.2114225 -0.3285743 -0.0708137 0.1982281 0.1087043 -0.1996332 -0.6690427 -0.7209149 -0.1807308 0.7021891 0.3692582 -0.6087519 -0.5324387 -0.8274695 -0.1783347 0.6572482 0.3604217 -0.6619071
-0.2270238 -0.2448921 -0.0597468 0.1961223 0.1016930 -0.1907815 -0.2118863 -0.3296316 -0.0695746 0.1969901 0.1057442 -0.2026071 -0.6692192 -0.7218913 -0.1761212 0.6718921 0.3483883 -0.6535951 -0.5323954 -0.8282478 -0.1748164 0.6528847 0.3504682 -0.6715010
-0.2274291 -0.2446334 -0.0591668 0.1937766 0.1074483 -0.1939978 -0.2114983 -0.3295149 -0.0691054 0.1968506 0.1069710 -0.2017007 -0.6704472 -0.7211644 -0.1744201 0.6579873 0.3648511 -0.6587385 -0.5319349 -0.8287562 -0.1738055 0.6529980 0.3548469 -0.6690869
-0.2284002 -0.2443461 -0.0577023 0.1923555 0.1121796 -0.1952707 -0.2114414 -0.3295281 -0.0679564 0.1959064 0.1130106 -0.2023079 -0.6729270 -0.7199078 -0.1700062 0.6494807 0.3787700 -0.6593239 -0.5320829 -0.8292428 -0.1710092 0.6456064 0.3724246 -0.6667025
-0.2286438 -0.2443173 -0.0566359 0.1903215 0.1255846 -0.1949438 -0.2108160 -0.3305524 -0.0668332 0.1919029 0.1376077 -0.2091994 -0.6737168 -0.7199000 -0.1668822 0.6344161 0.4186226 -0.6498241 -0.5300717 -0.8311348 -0.1680442 0.6082906 0.4361865 -0.6631168
-0.2292188 -0.2451359 -0.0548297 0.2057352 0.1435309 -0.1739183 -0.2108692 -0.3304347 -0.0654542 0.2016045 0.1537788 -0.2006169 -0.6740588 -0.7208658 -0.1612365 0.6739960 0.4702125 -0.5697628 -0.5306046 -0.8314640 -0.1647007 0.6235341 0.4756158 -0.6204795
-0.2295412 -0.2456708 -0.0534016 0.2213162 0.1587055 -0.1791209 -0.2113724 -0.3310531 -0.0633400 0.2091016 0.1619330 -0.2086446 -0.6742613 -0.7216408 -0.1568636 0.6789589 0.4868803 -0.5495111 -0.5312836 -0.8321007 -0.1592049 0.6207272 0.4807052 -0.6193708
-0.2298418 -0.2447926 -0.0521168 0.2343386 0.1630979 -0.1813437 -0.2125626 -0.3298500 -0.0613749 0.2334103 0.1694234 -0.2116945 -0.6763950 -0.7203933 -0.1533731 0.6928335 0.4822069 -0.5361514 -0.5351816 -0.8304830 -0.1545272 0.6524037 0.4735542 -0.5917059
-0.2303576 -0.2444668 -0.0505389 0.2630830 0.1644867 -0.1801199 -0.2126036 -0.3299188 -0.0589815 0.2573668 0.1703592 -0.2124957 -0.6781596 -0.7196964 -0.1487837 0.7333035 0.4584814 -0.5020566 -0.5356673 -0.8312499 -0.1486072 0.6868262 0.4546318 -0.5670800
-0.2308954 -0.2456506 -0.0491597 0.2943813 0.1655731 -0.1811276 -0.2134997 -0.3308558 -0.0568554 0.3061996 0.1657811 -0.2255769 -0.6777174 -0.7210262 -0.1442922 0.7681144 0.4320217 -0.4726073 -0.5366411 -0.8316210 -0.1429087 0.7380414 0.3995869 -0.5437142
-0.2305917 -0.2453632 -0.0477675 0.3112917 0.1637423 -0.1697897 -0.2138669 -0.3312006 -0.0557649 0.3113764 0.1655659 -0.2258480 -0.6780426 -0.7214775 -0.1404579 0.7970250 0.4192424 -0.4347263 -0.5371190 -0.8317985 -0.1400515 0.7435365 0.3953552 -0.5393030
-0.2309110 -0.2458700 -0.0468137 0.3229745 0.1703714 -0.1689923 -0.2145173 -0.3315613 -0.0549282 0.3228730 0.1700418 -0.2122519 -0.6780849 -0.7220129 -0.1374713 0.8026910 0.4234254 -0.4199978 -0.5380318 -0.8315903 -0.1377658 0.7648269 0.4027979 -0.5027858
-0.2312962 -0.2462110 -0.0463227 0.2867264 0.1827545 -0.2725869 -0.2149156 -0.3322290 -0.0542493 0.3342724 0.1796174 -0.2011335 -0.6783389 -0.7220804 -0.1358539 0.6579430 0.4193615 -0.6254974 -0.5381174 -0.8318529 -0.1358323 0.7783145 0.4182183 -0.4683161
-0.2317375 -0.2459899 -0.0457249 0.3188071 0.2049173 -0.2700618 -0.2155954 -0.3320811 -0.0536492 0.3450815 0.1946810 -0.1907077 -0.6795147 -0.7213065 -0.1340774 0.6850724 0.4403389 -0.5803253 -0.5396001 -0.8311449 -0.1342753 0.7847803 0.4427412 -0.4337052
-0.2318090 -0.2456245 -0.0453839 0.3313519 0.2149287 -0.2687143 -0.2162728 -0.3315059 -0.0528892 0.3475918 0.2021965 -0.1908160 -0.6802438 -0.7207855 -0.1331791 0.6936424 0.4499254 -0.5625188 -0.5415842 -0.8301478 -0.1324435 0.7809293 0.4542718 -0.4287034
-0.2302127 -0.2439704 -0.0461943 0.3499529 0.2373069 -0.2675113 -0.2148246 -0.3295535 -0.0535861 0.3594336 0.2164021 -0.1897784 -0.6798857 -0.7205162 -0.1364254 0.6994249 0.4742877 -0.5346551 -0.5410897 -0.8300633 -0.1349700 0.7805695 0.4699530 -0.4121352
-0.2304697 -0.2429016 -0.0457086 0.3400456 0.2265330 -0.2521509 -0.2151564 -0.3291964 -0.0532300 0.3801081 0.2262251 -0.1769887 -0.6819743 -0.7187609 -0.1352547 0.7082312 0.4718125 -0.5251681 -0.5421502 -0.8295075 -0.1341288 0.7978267 0.4748346 -0.3714898
-0.2301247 -0.2426441 -0.0458727 0.3955487 0.2241336 -0.1493371 -0.2147040 -0.3288243 -0.0533418 0.3982580 0.2401917 -0.1814087 -0.6817565 -0.7188457 -0.1359003 0.8265817 0.4683741 -0.3120711 -0.5417457 -0.8296965 -0.1345932 0.7977766 0.4811436 -0.3633915
-0.2276480 -0.2386935 -0.0471574 0.4216397 0.2608441 -0.1432800 -0.2135282 -0.3237538 -0.0551271 0.4273969 0.2662917 -0.2334219 -0.6832178 -0.7163679 -0.1415291 0.8169888 0.5054237 -0.2776259 -0.5450948 -0.8264788 -0.1407284 0.7700343 0.4797736 -0.4205526
-0.2264938 -0.2382722 -0.0488521 0.4221756 0.2621003 -0.1440554 -0.2125750 -0.3223585 -0.0569048 0.4420382 0.2792726 -0.2306552 -0.6814823 -0.7169215 -0.1469878 0.8159895 0.5065927 -0.2784332 -0.5446322 -0.8259054 -0.1457942 0.7734933 0.4886805 -0.4036082
-0.2272629 -0.2261208 -0.0508256 0.4260486 0.2737292 -0.1413338 -0.2136923 -0.3152486 -0.0586850 0.4465514 0.2930548 -0.2273331 -0.7001416 -0.6966233 -0.1565812 0.8103529 0.5206382 -0.2688198 -0.5545493 -0.8180966 -0.1522925 0.7692652 0.5048396 -0.3916222
-0.2271995 -0.2289340 -0.0522166 0.4521631 0.2966502 -0.1286857 -0.2119790 -0.3177925 -0.0601520 0.4839820 0.3210121 -0.2098306 -0.6953593 -0.7006679 -0.1598125 0.8134051 0.5336499 -0.2314952 -0.5481586 -0.8217829 -0.1555476 0.7837662 0.5198508 -0.3398023
-0.2244115 -0.2303880 -0.0544314 0.5014444 0.3247826 -0.1019300 -0.2101470 -0.3145362 -0.0630648 0.5429063 0.3499373 -0.1783447 -0.6879713 -0.7062934 -0.1668687 0.8273715 0.5358836 -0.1681820 -0.5479718 -0.8201735 -0.1644455 0.8102085 0.5222303 -0.2661535
-0.2238318 -0.2323363 -0.0560272 0.5116481 0.3281998 -0.0936662 -0.2082719 -0.3163603 -0.0655236 0.5563218 0.3513863 -0.1688883 -0.6835718 -0.7095442 -0.1711044 0.8318962 0.5336248 -0.1522932 -0.5418269 -0.8230227 -0.1704620 0.8189270 0.5172540 -0.2486100
-0.2222921 -0.2301093 -0.0575587 0.5340454 0.3373072 -0.0883632 -0.2063185 -0.3138645 -0.0679580 0.5689413 0.3542060 -0.1428783 -0.6838071 -0.7078542 -0.1770601 0.8373244 0.5288606 -0.1385438 -0.5405222 -0.8222760 -0.1780394 0.8302658 0.5168989 -0.2085048
-0.2215280 -0.2300958 -0.0585660 0.5383020 0.3512649 -0.0802024 -0.2053956 -0.3122805 -0.0691994 0.5858244 0.3701332 -0.1548886 -0.6821943 -0.7085786 -0.1803536 0.8310252 0.5422793 -0.1238156 -0.5403371 -0.8215205 -0.1820439 0.8250399 0.5212734 -0.2181357
-0.2214280 -0.2335271 -0.0584095 0.5409574 0.3474009 -0.0876779 -0.2055209 -0.3143062 -0.0690056 0.5971821 0.3717665 -0.1542988 -0.6769981 -0.7139901 -0.1785824 0.8337138 0.5354080 -0.1351276 -0.5382619 -0.8231719 -0.1807267 0.8292237 0.5162205 -0.2142533
-0.2207813 -0.2330783 -0.0582171 0.5515149 0.3537718 -0.0817245 -0.2051915 -0.3137761 -0.0684721 0.5702979 0.3609173 -0.0997334 -0.6766606 -0.7143490 -0.1784263 0.8352433 0.5357706 -0.1237679 -0.5384000 -0.8233144 -0.1796634 0.8359231 0.5290201 -0.1461859
-0.2205627 -0.2320988 -0.0577205 0.5520052 0.3546786 -0.0827167 -0.2047282 -0.3130988 -0.0670030 0.5719884 0.3637344 -0.0967155 -0.6779347 -0.7133927 -0.1774133 0.8346978 0.5363163 -0.1250775 -0.5386952 -0.8238475 -0.1763029 0.8353736 0.5312243 -0.1412503
-0.2198280 -0.2326973 -0.0557620 0.5505911 0.3543298 -0.0835423 -0.2041855 -0.3123697 -0.0651216 0.5706426 0.3651401 -0.0984885 -0.6765322 -0.7161383 -0.1716103 0.8341528 0.5368143 -0.1265678 -0.5389987 -0.8245782 -0.1719048 0.8335567 0.5333723 -0.1438654
-0.2185730 -0.2296649 -0.0532743 0.5436345 0.3439853 -0.0922356 -0.2011955 -0.3121730 -0.0608611 0.5973226 0.3722082 -0.1594263 -0.6798670 -0.7143679 -0.1657087 0.8364877 0.5292885 -0.1419224 -0.5346038 -0.8294858 -0.1617162 0.8277407 0.5157881 -0.2209252
-0.2185114 -0.2290690 -0.0512454 0.5410590 0.3423550 -0.0946861 -0.2015551 -0.3096336 -0.0574309 0.5917785 0.3693068 -0.1646521 -0.6813661 -0.7142871 -0.1597942 0.8359504 0.5289474 -0.1462925 -0.5390720 -0.8281350 -0.1536027 0.8256663 0.5152674 -0.2297273
-0.2193166 -0.2283983 -0.0490889 0.5369729 0.3370888 -0.0983366 -0.2025431 -0.3095124 -0.0555728 0.5846247 0.3630051 -0.1708096 -0.6844450 -0.7127872 -0.1531970 0.8369398 0.5253953 -0.1532699 -0.5414933 -0.8274729 -0.1485723 0.8245324 0.5119686 -0.2409034
-0.2199435 -0.2274426 -0.0475929 0.5264786 0.3398522 -0.0955410 -0.2048677 -0.3079018 -0.0532420 0.5646253 0.3638551 -0.1740508 -0.6874230 -0.7108609 -0.1487492 0.8305615 0.5361437 -0.1507234 -0.5482982 -0.8240537 -0.1424943 0.8137079 0.5243686 -0.2508328
-0.2201687 -0.2275247 -0.0465146 0.5133341 0.3307271 -0.1045353 -0.2065578 -0.3091064 -0.0508402 0.5504797 0.3527975 -0.1840877 -0.6880093 -0.7109960 -0.1453542 0.8285836 0.5338338 -0.1687328 -0.5504831 -0.8237783 -0.1354908 0.8104213 0.5193918 -0.2710157
-0.2210441 -0.2278184 -0.0442355 0.4804321 0.3007996 -0.1218452 -0.2076143 -0.3102820 -0.0493919 0.5192160 0.3266288 -0.1994637 -0.6896910 -0.7108279 -0.1380215 0.8286495 0.5188192 -0.2101587 -0.5513042 -0.8239306 -0.1311564 0.8049547 0.5063815 -0.3092340
