-0.2251945 -0.2279290 0.0218534 0.1882647 0.0009906 -0.2424339 -0.2184689 -0.3290492 0.0049335 0.1542434 -0.0126229 -0.2858004 -0.7011977 -0.7097123 0.0680459 0.6133384 0.0032272 -0.7898136 -0.5530834 -0.8330322 0.0124899 0.4745788 -0.0388384 -0.8793558
-0.2251975 -0.2313372 0.0238457 0.1975402 0.0129398 -0.2490220 -0.2215459 -0.3321902 0.0045445 0.1660679 0.0088978 -0.2893205 -0.6956393 -0.7146049 0.0736598 0.6209576 0.0406756 -0.7827880 -0.5548130 -0.8318973 0.0113807 0.4976375 0.0266631 -0.8669752
-0.2245321 -0.2310910 0.0254019 0.1794353 0.0495399 -0.2888635 -0.2221940 -0.3317308 0.0048280 0.1648707 0.0482654 -0.3154945 -0.6947001 -0.7149930 0.0785931 0.5221499 0.1441592 -0.8405817 -0.5564617 -0.8307853 0.0120913 0.4589513 0.1343566 -0.8782437
-0.2236915 -0.2317141 0.0251863 0.1880014 0.0685229 -0.3016341 -0.2220469 -0.3323602 0.0045751 0.1980883 0.0737006 -0.2914150 -0.6924283 -0.7172620 0.0779633 0.5193823 0.1893049 -0.8333101 -0.5554835 -0.8314488 0.0114453 0.5502592 0.2047290 -0.8095065
-0.2234409 -0.2324721 0.0249622 0.2566014 0.0926096 -0.2482478 -0.2218058 -0.3332573 0.0050249 0.2102960 0.0899995 -0.2939924 -0.6908964 -0.7188217 0.0771851 0.6956861 0.2510789 -0.6730381 -0.5540238 -0.8324062 0.0125511 0.5645537 0.2416097 -0.7892426
-0.2379284 -0.2452655 0.0564567 0.2730424 0.1041765 -0.2505975 -0.2264648 -0.3395473 0.0172418 0.2590990 0.1190601 -0.2881790 -0.6869764 -0.7081607 0.1630087 0.7092512 0.2706075 -0.6509488 -0.5543752 -0.8311960 0.0422070 0.6391085 0.2936805 -0.7108390
-0.2370254 -0.2453088 0.0563200 0.3188628 0.1151872 -0.2524314 -0.2253989 -0.3398839 0.0178668 0.2739170 0.1237960 -0.2797452 -0.6855790 -0.7095382 0.1629017 0.7543732 0.2725127 -0.5972084 -0.5521483 -0.8325964 0.0437674 0.6670725 0.3014815 -0.6812659
-0.2279346 -0.2392004 0.0256744 0.3230607 0.1134021 -0.2504642 -0.2216529 -0.3397540 0.0054827 0.2907125 0.1360554 -0.3052903 -0.6877798 -0.7217736 0.0774710 0.7615447 0.2673206 -0.5904146 -0.5463462 -0.8374504 0.0135141 0.6562727 0.3071400 -0.6891815
-0.2334381 -0.2425001 0.0409004 0.3095545 0.1211336 -0.2446704 -0.2240019 -0.3401202 0.0102495 0.3076397 0.1306347 -0.3199974 -0.6884538 -0.7151793 0.1206231 0.7499842 0.2934808 -0.5927839 -0.5498513 -0.8348836 0.0251591 0.6648567 0.2823217 -0.6915635
-0.2283619 -0.2393418 0.0295107 0.3312679 0.1008546 -0.2456999 -0.2192137 -0.3385342 0.0042990 0.3383071 0.1079211 -0.2816000 -0.6875857 -0.7206460 0.0888551 0.7802025 0.2375329 -0.5786728 -0.5435037 -0.8393391 0.0106585 0.7464725 0.2381272 -0.6213487
-0.2281346 -0.2397147 0.0307282 0.3373952 0.0900129 -0.2043988 -0.2187675 -0.3384498 0.0038453 0.3563610 0.0873544 -0.2899347 -0.6864404 -0.7212842 0.0924590 0.8338586 0.2224633 -0.5051633 -0.5428251 -0.8397916 0.0095412 0.7620432 0.1867989 -0.6199970
-0.2314212 -0.2427278 0.0407893 0.3272053 0.1080073 -0.2358738 -0.2200417 -0.3391866 0.0072453 0.3738129 0.0553092 -0.3308579 -0.6850010 -0.7184682 0.1207354 0.7835924 0.2586563 -0.5648715 -0.5441538 -0.8387942 0.0179174 0.7442661 0.1101213 -0.6587422
-0.2266773 -0.2376907 0.0269607 0.3707168 0.0569440 -0.2523903 -0.2184053 -0.3369426 0.0016677 0.3774449 0.0483430 -0.3299223 -0.6878289 -0.7212479 0.0818095 0.8200286 0.1259606 -0.5582893 -0.5439198 -0.8391269 0.0041533 0.7494381 0.0959878 -0.6550794
-0.2293351 -0.2395679 0.0325158 0.4034618 0.0768450 -0.2236648 -0.2187433 -0.3375586 0.0034529 0.3997215 0.0393777 -0.3118809 -0.6882111 -0.7189188 0.0975767 0.8627115 0.1643156 -0.4782565 -0.5437972 -0.8391728 0.0085840 0.7860411 0.0774351 -0.6133051
-0.2298842 -0.2395020 0.0344907 0.4047052 0.0763060 -0.2231295 -0.2184859 -0.3371200 0.0044933 0.4047166 0.0400030 -0.3120894 -0.6887653 -0.7175817 0.1033388 0.8640219 0.1629088 -0.4763684 -0.5438303 -0.8391207 0.0111843 0.7894816 0.0780339 -0.6087935
-0.2259116 -0.2373874 0.0222232 0.3912082 0.0769580 -0.2262252 -0.2165837 -0.3371678 -0.0004898 0.4133964 0.0445686 -0.3195469 -0.6878007 -0.7227395 0.0676598 0.8533933 0.1678785 -0.4934944 -0.5404622 -0.8413674 -0.0012221 0.7883258 0.0849900 -0.6093596
-0.2250104 -0.2355277 0.0200020 0.3888298 0.0769388 -0.2256770 -0.2161158 -0.3356885 -0.0011564 0.4237143 0.0684729 -0.3039617 -0.6894799 -0.7217070 0.0612904 0.8524873 0.1686839 -0.4947840 -0.5413154 -0.8408146 -0.0028965 0.8056293 0.1301909 -0.5779375
-0.2241096 -0.2340862 0.0174805 0.4205588 0.1117878 -0.2480928 -0.2155813 -0.3346471 -0.0018680 0.4486067 0.1093758 -0.3368384 -0.6905428 -0.7212833 0.0538623 0.8395805 0.2231670 -0.4952788 -0.5415532 -0.8406534 -0.0046926 0.7848928 0.1913665 -0.5893404
-0.2274599 -0.2355292 0.0252143 0.4609406 0.1194697 -0.1484561 -0.2163750 -0.3347423 0.0008531 0.4766701 0.1428148 -0.2710968 -0.6926268 -0.7171981 0.0767788 0.9241417 0.2395253 -0.2976402 -0.5428557 -0.8398233 0.0021404 0.8411919 0.2520289 -0.4784115
-0.2267718 -0.2383530 0.0258410 0.4736185 0.1289812 -0.1559734 -0.2172438 -0.3375675 0.0008360 0.4946519 0.1779220 -0.2912996 -0.6871704 -0.7222640 0.0783042 0.9195551 0.2504237 -0.3028306 -0.5411724 -0.8409091 0.0020825 0.8230581 0.2960469 -0.4846974
-0.2243814 -0.2387083 0.0202143 0.4823095 0.1682816 -0.1609532 -0.2165078 -0.3392389 0.0004375 0.5161056 0.2049698 -0.2830587 -0.6836028 -0.7272513 0.0615852 0.9005350 0.3142038 -0.3005207 -0.5379863 -0.8429528 0.0010871 0.8280244 0.3288474 -0.4541310
-0.2231328 -0.2382451 0.0182251 0.5054365 0.2129283 -0.2287917 -0.2159858 -0.3392379 0.0006441 0.5281239 0.2232760 -0.2750769 -0.6825162 -0.7287414 0.0557466 0.8505246 0.3583057 -0.3849999 -0.5370644 -0.8435397 0.0016016 0.8304468 0.3510897 -0.4325439
-0.2289101 -0.2448556 0.0428338 0.5205623 0.2174536 -0.2257037 -0.2184572 -0.3418514 0.0105406 0.5534102 0.2443800 -0.2730878 -0.6774125 -0.7245997 0.1267578 0.8567104 0.3578722 -0.3714496 -0.5382988 -0.8423537 0.0259729 0.8337655 0.3681819 -0.4114330
-0.2208009 -0.2498320 0.0193277 0.5365015 0.2249018 -0.2218463 -0.2148979 -0.3508627 0.0014670 0.5867260 0.2637272 -0.2793030 -0.6611202 -0.7480448 0.0578709 0.8617117 0.3612301 -0.3563224 -0.5222991 -0.8527549 0.0035655 0.8366366 0.3760594 -0.3982695
-0.2201106 -0.2479151 0.0156757 0.5619984 0.2280033 -0.2142439 -0.2151117 -0.3491412 -0.0013468 0.6035968 0.2629276 -0.2777512 -0.6631875 -0.7469616 0.0472306 0.8737306 0.3544733 -0.3330819 -0.5245465 -0.8513755 -0.0032841 0.8447031 0.3679538 -0.3886987
-0.2198283 -0.2442788 0.0114156 0.5763288 0.2271239 -0.2185130 -0.2235485 -0.3157198 -0.0141177 0.6328838 0.2603636 -0.2847697 -0.6685236 -0.7428802 0.0347161 0.8773763 0.3457629 -0.3326542 -0.5774843 -0.8155868 -0.0364697 0.8538269 0.3512579 -0.3841843
-0.2194248 -0.2437398 0.0097383 0.5934152 0.2182798 -0.2268689 -0.2142088 -0.3455077 -0.0035958 0.6492059 0.2443228 -0.2873992 -0.6687694 -0.7428772 0.0296808 0.8833780 0.3249387 -0.3377248 -0.5269086 -0.8498760 -0.0088448 0.8646398 0.3253994 -0.3827704
-0.2189628 -0.2441237 0.0076088 0.5981734 0.2058666 -0.2322424 -0.2145596 -0.3460014 -0.0051876 0.6527679 0.2125904 -0.2822907 -0.6675231 -0.7442277 0.0231959 0.8876413 0.3054895 -0.3446290 -0.5269656 -0.8497911 -0.0127409 0.8794020 0.2863995 -0.3802991
-0.2187714 -0.2445267 0.0057293 0.5982345 0.1925161 -0.2302058 -0.2144457 -0.3463970 -0.0071737 0.6630670 0.1919581 -0.2891587 -0.6666667 -0.7451514 0.0174591 0.8938419 0.2876447 -0.3439581 -0.5262899 -0.8501229 -0.0176057 0.8859668 0.2564877 -0.3863637
-0.2184272 -0.2454348 0.0043070 0.5660002 0.1369009 -0.1618336 -0.2142449 -0.3472530 -0.0090466 0.6146845 0.1489771 -0.2493497 -0.6647538 -0.7469475 0.0131078 0.9364806 0.2265106 -0.2677631 -0.5249471 -0.8508462 -0.0221662 0.9041370 0.2191298 -0.3667675
-0.2184036 -0.2443388 0.0025994 0.5579453 0.1338131 -0.1612051 -0.2137774 -0.3460634 -0.0113120 0.6158698 0.1424560 -0.2662528 -0.6664088 -0.7455443 0.0079316 0.9361762 0.2245250 -0.2704861 -0.5253474 -0.8504336 -0.0277987 0.8978802 0.2076874 -0.3881715
-0.2178674 -0.2434706 0.0021312 0.5384540 0.1190421 -0.1683015 -0.2110627 -0.3447236 -0.0141265 0.5983710 0.1292133 -0.2825758 -0.6668236 -0.7451870 0.0065228 0.9338972 0.2064672 -0.2919029 -0.5218487 -0.8523227 -0.0349275 0.8874812 0.1916443 -0.4191057
-0.2174358 -0.2426615 0.0027973 0.5116236 0.1047755 -0.1652519 -0.2110975 -0.3439608 -0.0133619 0.5509069 0.1182586 -0.2835810 -0.6673113 -0.7447294 0.0085850 0.9340229 0.1912787 -0.3016848 -0.5227849 -0.8518221 -0.0330908 0.8733540 0.1874756 -0.4495616
-0.2169515 -0.2417751 0.0039608 0.4829280 0.0962425 -0.1697633 -0.2101895 -0.3432118 -0.0111286 0.5210319 0.1144472 -0.2851240 -0.6678156 -0.7442269 0.0121921 0.9271632 0.1847739 -0.3259250 -0.5220625 -0.8524592 -0.0276410 0.8613944 0.1892095 -0.4713803
-0.2157764 -0.2379054 0.0037227 0.4412954 0.0882613 -0.1565861 -0.2133821 -0.3129549 -0.0077856 0.4644606 0.1092606 -0.2566056 -0.6717729 -0.7406665 0.0115898 0.9261211 0.1852289 -0.3286182 -0.5632246 -0.8260482 -0.0205501 0.8573120 0.2016757 -0.4736486
-0.2159543 -0.2371634 0.0048036 0.4121028 0.0986099 -0.2026418 -0.2067932 -0.3387421 -0.0078923 0.4301237 0.1092758 -0.2483944 -0.6731965 -0.7393120 0.0149744 0.8773780 0.2099432 -0.4314299 -0.5209509 -0.8533550 -0.0198822 0.8457448 0.2148671 -0.4884136
-0.2157015 -0.2319400 0.0065058 0.3838374 0.0907344 -0.1661160 -0.2072623 -0.3335662 -0.0063083 0.3702715 0.1111912 -0.2280303 -0.6808645 -0.7321215 0.0205356 0.8968790 0.2120111 -0.3881487 -0.5277014 -0.8492781 -0.0160614 0.8249420 0.2477271 -0.5080374
-0.2162771 -0.2315471 0.0071654 0.3304731 0.1059842 -0.2079517 -0.2080322 -0.3332116 -0.0055011 0.3187610 0.1259876 -0.2608653 -0.6824246 -0.7306063 0.0226090 0.8168199 0.2619578 -0.5139877 -0.5295351 -0.8481725 -0.0140027 0.7400407 0.2924948 -0.6056290
