-0.2880210 -0.1815297 0.0175678 0.1362438 0.0399076 -0.2810997 -0.2803440 -0.2534968 0.0080912 0.1527745 0.0492799 -0.2669388 -0.8448662 -0.5324900 0.0515325 0.4326353 0.1267247 -0.8926184 -0.7415603 -0.6705447 0.0214026 0.4904666 0.1582080 -0.8569789
-0.2904892 -0.1802427 0.0170356 0.1387375 0.0423962 -0.2813108 -0.2815398 -0.2531510 0.0063048 0.0928921 0.0366551 -0.3451417 -0.8486671 -0.5265807 0.0497695 0.4383293 0.1339471 -0.8887776 -0.7434994 -0.6685293 0.0166498 0.2585374 0.1020185 -0.9605991
-0.2915188 -0.1800027 0.0156536 0.1723639 0.0589280 -0.2493673 -0.2833594 -0.2523572 0.0065946 0.1594811 0.0537501 -0.2649266 -0.8499806 -0.5248332 0.0456411 0.5581487 0.1908205 -0.8075008 -0.7466651 -0.6649731 0.0173770 0.5081249 0.1712538 -0.8440860
-0.2920609 -0.1798813 0.0147127 0.1886304 0.0662450 -0.2601371 -0.2849166 -0.2530798 0.0086033 0.1713635 0.0702495 -0.2660526 -0.8506789 -0.5239361 0.0428533 0.5749399 0.2019129 -0.7928904 -0.7474526 -0.6639317 0.0225700 0.5286268 0.2167076 -0.8207262
-0.2937727 -0.1795158 0.0152947 0.1863557 0.0660843 -0.2620545 -0.2857380 -0.2529851 0.0084379 0.1798892 0.0921393 -0.2804378 -0.8524566 -0.5209108 0.0443816 0.5676719 0.2013042 -0.7982639 -0.7485315 -0.6627307 0.0221042 0.5203912 0.2665444 -0.8112626
-0.2944897 -0.1791469 0.0150115 0.2041749 0.0829818 -0.2742977 -0.2861220 -0.2529276 0.0077654 0.1897031 0.1052742 -0.2873207 -0.8535282 -0.5192269 0.0435083 0.5802563 0.2358307 -0.7795425 -0.7490760 -0.6621720 0.0203301 0.5269061 0.2924022 -0.7980419
-0.2960975 -0.1782093 0.0215523 0.2198263 0.0921035 -0.2808511 -0.2869585 -0.2526337 0.0086180 0.2017106 0.1152264 -0.2965130 -0.8551277 -0.5146673 0.0622430 0.5967814 0.2500413 -0.7624509 -0.7503798 -0.6606226 0.0225356 0.5355026 0.3059038 -0.7871847
-0.2960118 -0.1778344 0.0213262 0.2532043 0.1114344 -0.2918158 -0.2876187 -0.2519156 0.0098552 0.2251478 0.1213193 -0.3101445 -0.8555724 -0.5140005 0.0616397 0.6297007 0.2771293 -0.7257247 -0.7520039 -0.6586549 0.0257674 0.5600769 0.3017936 -0.7715144
-0.2966158 -0.1774832 0.0233400 0.2565932 0.1121231 -0.2976876 -0.2882326 -0.2513866 0.0107587 0.2523647 0.1148763 -0.3154189 -0.8561633 -0.5122946 0.0673695 0.6278393 0.2743458 -0.7283902 -0.7533362 -0.6570341 0.0281195 0.6009133 0.2735355 -0.7510536
-0.2966767 -0.1778534 0.0244294 0.3423632 0.0178524 -0.2613900 -0.2886743 -0.2520655 0.0133632 0.2961269 0.0782416 -0.2841495 -0.8555565 -0.5128937 0.0704496 0.7941432 0.0414102 -0.6063182 -0.7527969 -0.6573297 0.0348482 0.7087828 0.1872720 -0.6801149
-0.2972725 -0.1777132 0.0268003 0.3332710 0.0306557 -0.2642192 -0.2888081 -0.2518841 0.0141305 0.3104233 0.0606280 -0.2775446 -0.8557619 -0.5115851 0.0771505 0.7815834 0.0718935 -0.6196440 -0.7531282 -0.6568410 0.0368483 0.7377047 0.1440793 -0.6595702
-0.2974227 -0.1782279 0.0269006 0.3734906 0.0289662 -0.2483867 -0.2886116 -0.2523536 0.0146216 0.3186501 0.0370314 -0.2603158 -0.8552100 -0.5124771 0.0773501 0.8309436 0.0644441 -0.5526118 -0.7522644 -0.6577582 0.0381112 0.7713135 0.0896370 -0.6301116
-0.2972460 -0.1781793 0.0284035 0.3736111 0.0217313 -0.2459993 -0.2877940 -0.2523682 0.0163200 0.3069264 0.0359271 -0.3011351 -0.8548408 -0.5124205 0.0816847 0.8342252 0.0485233 -0.5492847 -0.7511837 -0.6587173 0.0425974 0.7113304 0.0832645 -0.6979084
-0.2969200 -0.1781926 0.0293401 0.3701764 0.0143589 -0.2312986 -0.2871601 -0.2523535 0.0171707 0.3042444 0.0365656 -0.3035079 -0.8543800 -0.5127448 0.0844254 0.8476033 0.0328780 -0.5296109 -0.7504075 -0.6594507 0.0448704 0.7054143 0.0847802 -0.7037066
-0.2966046 -0.1782693 0.0300343 0.3679471 0.0153056 -0.2333140 -0.2867853 -0.2522289 0.0178755 0.3103653 0.0510061 -0.2508616 -0.8538919 -0.5132176 0.0864653 0.8440069 0.0351084 -0.5351820 -0.7500770 -0.6596959 0.0467527 0.7714427 0.1267806 -0.6235406
-0.2964194 -0.1783622 0.0303690 0.3574351 0.0162845 -0.2343587 -0.2866208 -0.2523606 0.0183249 0.3221063 0.0576459 -0.2282951 -0.8535585 -0.5136054 0.0874496 0.8356648 0.0380724 -0.5479186 -0.7496765 -0.6600665 0.0479300 0.8073013 0.1444791 -0.5721804
-0.2961738 -0.1786012 0.0287835 0.3325468 0.0740773 -0.2555190 -0.2865955 -0.2526249 0.0184951 0.3166116 0.0921668 -0.2581746 -0.8533965 -0.5146221 0.0829370 0.7808656 0.1739437 -0.5999937 -0.7492894 -0.6604750 0.0483546 0.7560008 0.2200746 -0.6164657
-0.2962700 -0.1788364 0.0261476 0.3389326 0.0735882 -0.2664875 -0.2865362 -0.2526956 0.0174417 0.3178478 0.1203140 -0.2917509 -0.8536868 -0.5153080 0.0753429 0.7749058 0.1682457 -0.6092737 -0.7492269 -0.6607413 0.0456062 0.7096279 0.2686135 -0.6513640
-0.2963463 -0.1791694 0.0247406 0.3543647 0.1011832 -0.2654198 -0.2868508 -0.2530345 0.0171201 0.3247857 0.1349011 -0.3047593 -0.8535778 -0.5160685 0.0712614 0.7802664 0.2227927 -0.5844209 -0.7491776 -0.6608583 0.0447130 0.6979198 0.2898839 -0.6548857
-0.2962089 -0.1794899 0.0232401 0.3585454 0.1047240 -0.2652219 -0.2869381 -0.2535376 0.0152868 0.3340423 0.1392720 -0.3046326 -0.8533181 -0.5170743 0.0669502 0.7826626 0.2286003 -0.5789483 -0.7487787 -0.6616185 0.0398916 0.7061369 0.2944091 -0.6439673
-0.2955962 -0.1797681 0.0199844 0.3687845 0.1036711 -0.2597860 -0.2868712 -0.2539028 0.0146730 0.3539535 0.1400715 -0.3040881 -0.8529821 -0.5187446 0.0576676 0.7967534 0.2239799 -0.5612637 -0.7482767 -0.6622817 0.0382733 0.7264920 0.2874977 -0.6241429
-0.2954107 -0.1799297 0.0186368 0.3892784 0.0740554 -0.2448177 -0.2866667 -0.2546329 0.0125426 0.3756167 0.1237964 -0.2974841 -0.8528146 -0.5194350 0.0538021 0.8357433 0.1589899 -0.5256000 -0.7472452 -0.6637437 0.0326944 0.7589994 0.2501524 -0.6011187
-0.2936638 -0.1804166 0.0164361 0.4269554 0.0256286 -0.2081182 -0.2860860 -0.2541322 0.0094395 0.3914012 0.0954630 -0.2859330 -0.8510789 -0.5228725 0.0476342 0.8975894 0.0538791 -0.4375274 -0.7473980 -0.6639187 0.0246606 0.7922618 0.1932332 -0.5787764
-0.2931920 -0.1808534 0.0160170 0.4201888 0.0257474 -0.2001862 -0.2855956 -0.2545732 0.0078035 0.3906882 0.0762001 -0.2780528 -0.8501854 -0.5244308 0.0464453 0.9014021 0.0552341 -0.4294455 -0.7463313 -0.6652622 0.0203925 0.8046331 0.1569362 -0.5726575
-0.2926393 -0.1810455 0.0149902 0.4206957 0.0169848 -0.1943518 -0.2845705 -0.2554636 0.0072324 0.3899212 0.0695212 -0.2802542 -0.8496052 -0.5256205 0.0435204 0.9071987 0.0366265 -0.4191051 -0.7440056 -0.6679058 0.0189090 0.8036382 0.1432851 -0.5776115
-0.2919151 -0.1812729 0.0162787 0.4239691 0.0102750 -0.1931014 -0.2838642 -0.2556779 0.0080210 0.3881135 0.0691167 -0.2820364 -0.8485786 -0.5269489 0.0473210 0.9098310 0.0220501 -0.4143927 -0.7428700 -0.6691066 0.0209909 0.8006959 0.1425910 -0.5818538
-0.2909345 -0.1815285 0.0166696 0.4239484 0.0150909 -0.1884493 -0.2831089 -0.2558399 0.0076263 0.3830733 0.0768063 -0.2557632 -0.8473979 -0.5287338 0.0485532 0.9133063 0.0325102 -0.4059738 -0.7417868 -0.6703380 0.0199821 0.8203416 0.1644788 -0.5477102
-0.2906586 -0.1816991 0.0171089 0.4177943 0.0494136 -0.2045101 -0.2826670 -0.2555670 0.0078482 0.3804096 0.1064507 -0.2783082 -0.8468949 -0.5294185 0.0498503 0.8931427 0.1056343 -0.4371929 -0.7416126 -0.6705123 0.0205906 0.7872437 0.2202959 -0.5759488
-0.2899955 -0.1814616 0.0184832 0.4187714 0.0603581 -0.2032738 -0.2824032 -0.2555435 0.0091314 0.3837220 0.1245393 -0.2693906 -0.8464818 -0.5296770 0.0539514 0.8921490 0.1285868 -0.4330538 -0.7412760 -0.6707722 0.0239688 0.7910131 0.2567282 -0.5553277
-0.2893065 -0.1811262 0.0202262 0.4172002 0.1226662 -0.2208184 -0.2821661 -0.2553872 0.0108573 0.3872865 0.1577448 -0.2860206 -0.8461061 -0.5297219 0.0591536 0.8554219 0.2515132 -0.4527631 -0.7411113 -0.6707763 0.0285168 0.7644246 0.3113561 -0.5645463
-0.2888654 -0.1808386 0.0236504 0.4219470 0.1321680 -0.2338912 -0.2819178 -0.2553914 0.0141058 0.3925348 0.1718154 -0.2889168 -0.8455717 -0.5293540 0.0692300 0.8435352 0.2642235 -0.4675835 -0.7406042 -0.6709190 0.0370562 0.7595563 0.3324633 -0.5590549
-0.2887829 -0.1804061 0.0255249 0.4389883 0.1535233 -0.2296051 -0.2817239 -0.2552404 0.0158863 0.4208601 0.1992209 -0.2930254 -0.8457352 -0.5283408 0.0747527 0.8464044 0.2960051 -0.4426970 -0.7404347 -0.6708302 0.0417528 0.7649776 0.3621144 -0.5326185
-0.2889139 -0.1804343 0.0254178 0.4453746 0.1855843 -0.2338802 -0.2817876 -0.2554729 0.0172814 0.4426486 0.2099618 -0.2950665 -0.8458273 -0.5282413 0.0744135 0.8306279 0.3461165 -0.4361887 -0.7400888 -0.6709757 0.0453881 0.7739771 0.3671211 -0.5159279
-0.2890801 -0.1800790 0.0261151 0.4809389 0.1986604 -0.2438213 -0.2815280 -0.2556031 0.0181169 0.4891201 0.2166724 -0.2832496 -0.8462997 -0.5271922 0.0764537 0.8369320 0.3457098 -0.4242989 -0.7395349 -0.6714338 0.0475905 0.8080318 0.3579452 -0.4679315
-0.2892363 -0.1803365 0.0269594 0.4834522 0.1708379 -0.2025251 -0.2814510 -0.2557367 0.0182589 0.5316096 0.2109396 -0.2771719 -0.8459310 -0.5274312 0.0788482 0.8769365 0.3098838 -0.3673613 -0.7392558 -0.6717149 0.0479585 0.8364511 0.3318989 -0.4361109
-0.2899540 -0.1807257 0.0266344 0.4911572 0.1650496 -0.1965178 -0.2819247 -0.2561166 0.0180445 0.5629065 0.1929137 -0.2646728 -0.8460826 -0.5273557 0.0777190 0.8863055 0.2978362 -0.3546213 -0.7393442 -0.6716627 0.0473216 0.8643432 0.2962191 -0.4064052
-0.2899842 -0.1808210 0.0264456 0.5049144 0.1520818 -0.1864905 -0.2819354 -0.2559350 0.0179057 0.5861664 0.1722594 -0.2530680 -0.8460197 -0.5275394 0.0771542 0.9027185 0.2719016 -0.3334197 -0.7396062 -0.6713988 0.0469724 0.8863951 0.2604890 -0.3826869
-0.2901750 -0.1809937 0.0264918 0.5145720 0.1406205 -0.1771885 -0.2820477 -0.2560203 0.0181233 0.5968924 0.1593920 -0.2435318 -0.8459443 -0.5276492 0.0772312 0.9154488 0.2501708 -0.3152271 -0.7396086 -0.6713572 0.0475245 0.8988344 0.2400215 -0.3667239
-0.2901791 -0.1810612 0.0265718 0.5189869 0.1342934 -0.1715745 -0.2820493 -0.2560735 0.0181674 0.6023482 0.1528897 -0.2375065 -0.8458446 -0.5277763 0.0774543 0.9220408 0.2385879 -0.3048221 -0.7395371 -0.6714281 0.0476351 0.9053948 0.2298098 -0.3569981
-0.2904661 -0.1809696 0.0270865 0.5215346 0.1308770 -0.1684623 -0.2821000 -0.2560444 0.0183184 0.6071220 0.1479941 -0.2337905 -0.8461022 -0.5271487 0.0789006 0.9255645 0.2322667 -0.2989691 -0.7396212 -0.6713075 0.0480279 0.9099535 0.2218133 -0.3504048
-0.2912288 -0.1810811 0.0281567 0.5226834 0.1291374 -0.1664213 -0.2823642 -0.2555912 0.0187684 0.6070530 0.1458332 -0.2314150 -0.8463758 -0.5262622 0.0818297 0.9275101 0.2291563 -0.2953173 -0.7404820 -0.6702715 0.0492189 0.9117196 0.2190237 -0.3475572
-0.2918033 -0.1809508 0.0297300 0.5224723 0.1279710 -0.1662593 -0.2834960 -0.2540302 0.0202097 0.6065887 0.1448220 -0.2316553 -0.8466919 -0.5250442 0.0862640 0.9279752 0.2272923 -0.2952970 -0.7437030 -0.6664046 0.0530166 0.9117899 0.2176882 -0.3482112
-0.2922995 -0.1807693 0.0309660 0.5222233 0.1280495 -0.1670803 -0.2846955 -0.2535896 0.0222288 0.6057621 0.1450195 -0.2327237 -0.8470654 -0.5238581 0.0897376 0.9274837 0.2274197 -0.2967394 -0.7454568 -0.6640079 0.0582047 0.9110094 0.2180958 -0.3499945
-0.2930461 -0.1806658 0.0316243 0.5218889 0.1278904 -0.1672805 -0.2850827 -0.2536428 0.0224265 0.6042727 0.1454163 -0.2330453 -0.8476615 -0.5225917 0.0914759 0.9273622 0.2272529 -0.2972465 -0.7458153 -0.6635641 0.0586708 0.9103533 0.2190737 -0.3510891
-0.2933764 -0.1806369 0.0332407 0.5197848 0.1290364 -0.1698051 -0.2852722 -0.2543022 0.0236502 0.5973977 0.1482424 -0.2376056 -0.8475960 -0.5218794 0.0960361 0.9251529 0.2296689 -0.3022322 -0.7450387 -0.6641552 0.0617667 0.9054430 0.2246828 -0.3601258
-0.2936743 -0.1806414 0.0334927 0.5155661 0.1316689 -0.1739641 -0.2858548 -0.2548240 0.0246258 0.5848242 0.1541912 -0.2460664 -0.8477729 -0.5214719 0.0966859 0.9209348 0.2351949 -0.3107449 -0.7449223 -0.6640576 0.0641735 0.8956654 0.2361458 -0.3768537
-0.2938436 -0.1807111 0.0338342 0.5079966 0.1355579 -0.1818106 -0.2859389 -0.2549046 0.0249171 0.5717726 0.1580101 -0.2568014 -0.8477402 -0.5213525 0.0976117 0.9131380 0.2436690 -0.3268095 -0.7448793 -0.6640343 0.0649098 0.8845438 0.2444448 -0.3972769
-0.2941092 -0.1807706 0.0336397 0.4959182 0.1360784 -0.1896951 -0.2861929 -0.2548762 0.0249929 0.5323962 0.1599940 -0.2689795 -0.8479260 -0.5211675 0.0969842 0.9047608 0.2482636 -0.3460826 -0.7452008 -0.6636570 0.0650775 0.8620812 0.2590699 -0.4355443
-0.2945981 -0.1807099 0.0320207 0.4727781 0.1319738 -0.2058579 -0.2861385 -0.2547744 0.0246339 0.5009468 0.1612837 -0.2819020 -0.8487729 -0.5206471 0.0922555 0.8882262 0.2479442 -0.3867531 -0.7453139 -0.6636189 0.0641648 0.8390835 0.2701494 -0.4721844
-0.2946121 -0.1808509 0.0320368 0.4442414 0.1310528 -0.2146234 -0.2862330 -0.2546417 0.0243451 0.4424613 0.1500836 -0.2807492 -0.8486010 -0.5209232 0.0922788 0.8702448 0.2567254 -0.4204356 -0.7456301 -0.6633354 0.0634183 0.8117296 0.2753401 -0.5150562
-0.2946910 -0.1810470 0.0319497 0.4064878 0.1228329 -0.2313512 -0.2860846 -0.2548273 0.0237805 0.3929570 0.1521174 -0.2993462 -0.8484346 -0.5212461 0.0919853 0.8405910 0.2540107 -0.4784196 -0.7452879 -0.6638584 0.0619514 0.7602507 0.2943003 -0.5791426
-0.2942438 -0.1812641 0.0319728 0.3933435 0.0868948 -0.2265275 -0.2855665 -0.2550153 0.0230580 0.3454670 0.1407125 -0.2894856 -0.8477912 -0.5222678 0.0921217 0.8511128 0.1880221 -0.4901579 -0.7445299 -0.6648768 0.0601169 0.7316501 0.2980092 -0.6130894
-0.2930417 -0.1812756 0.0312907 0.3679507 0.0790810 -0.2461197 -0.2851091 -0.2551933 0.0219181 0.3064553 0.1276039 -0.2753327 -0.8469505 -0.5239237 0.0904365 0.8182414 0.1758586 -0.5473159 -0.7438975 -0.6658424 0.0571880 0.7105653 0.2958698 -0.6384027
-0.2915841 -0.1816937 0.0291933 0.2309012 0.0863434 -0.2871412 -0.2846653 -0.2551734 0.0206719 0.2426314 0.1151941 -0.2934792 -0.8456647 -0.5269559 0.0846678 0.6101314 0.2281531 -0.7587396 -0.7435401 -0.6665078 0.0539945 0.6098851 0.2895551 -0.7376977
-0.2908148 -0.1820160 0.0276072 0.1940139 0.0834394 -0.2672836 -0.2843928 -0.2548417 0.0189265 0.2092392 0.1072588 -0.2833201 -0.8449306 -0.5288277 0.0802097 0.5695364 0.2449400 -0.7846227 -0.7438271 -0.6665364 0.0495021 0.5683083 0.2913225 -0.7695173
-0.2897946 -0.1819434 0.0258254 0.1696020 0.0785523 -0.2561095 -0.2836632 -0.2545951 0.0167017 0.1787058 0.1006103 -0.2878101 -0.8445153 -0.5302167 0.0752600 0.5349200 0.2477516 -0.8077622 -0.7434954 -0.6673067 0.0437760 0.5056731 0.2846908 -0.8143991
-0.2898612 -0.1821566 0.0215828 0.1690356 0.0799778 -0.2587048 -0.2827281 -0.2549817 0.0121122 0.1694952 0.0938265 -0.2742662 -0.8450141 -0.5310296 0.0629189 0.5295366 0.2505460 -0.8104429 -0.7422307 -0.6693896 0.0317975 0.5047676 0.2794214 -0.8167823
-0.2897391 -0.1817431 0.0199201 0.1600186 0.0727625 -0.2533335 -0.2818469 -0.2544091 0.0093469 0.1206848 0.0823669 -0.2929961 -0.8457018 -0.5304789 0.0581436 0.5189554 0.2359755 -0.8215843 -0.7420903 -0.6698480 0.0246099 0.3686072 0.2515727 -0.8948966
-0.2897813 -0.1816190 0.0170195 0.1416772 0.0674838 -0.2478825 -0.2816054 -0.2540352 0.0065549 0.1201345 0.0822734 -0.2913166 -0.8462858 -0.5304053 0.0497042 0.4829124 0.2300213 -0.8449177 -0.7424088 -0.6697243 0.0172811 0.3688743 0.2526214 -0.8944910
-0.2898983 -0.1816118 0.0127287 0.1402884 0.0684661 -0.2537628 -0.2812384 -0.2540328 0.0022780 0.1244510 0.0804655 -0.2777416 -0.8468530 -0.5305256 0.0371832 0.4708726 0.2298038 -0.8517448 -0.7420748 -0.6702902 0.0060106 0.3953253 0.2556030 -0.8822613
-0.2897114 -0.1816899 0.0112775 0.1407483 0.0693497 -0.2546436 -0.2810695 -0.2539993 0.0005818 0.1156118 0.0818885 -0.2827001 -0.8467219 -0.5310139 0.0329601 0.4705673 0.2318585 -0.8513566 -0.7419309 -0.6704746 0.0015357 0.3656128 0.2589655 -0.8940158
-0.2905479 -0.1814434 0.0100359 0.1402524 0.0757639 -0.2559465 -0.2815480 -0.2538751 -0.0005749 0.1128313 0.0837642 -0.2827169 -0.8478299 -0.5294589 0.0292852 0.4651379 0.2512659 -0.8488299 -0.7426608 -0.6696660 -0.0015163 0.3573829 0.2653155 -0.8954804
-0.2914120 -0.1811923 0.0091498 0.1410847 0.0787282 -0.2568647 -0.2824205 -0.2535717 -0.0017816 0.1137277 0.0868984 -0.2838828 -0.8489256 -0.5278397 0.0266547 0.4649341 0.2594430 -0.8464784 -0.7440804 -0.6680736 -0.0046940 0.3577212 0.2733321 -0.8929306
-0.2922291 -0.1810065 0.0074662 0.1403200 0.0845600 -0.2585614 -0.2829214 -0.2537173 -0.0032354 0.1152212 0.0933280 -0.2832827 -0.8499308 -0.5264467 0.0217151 0.4584200 0.2762541 -0.8447099 -0.7444592 -0.6676137 -0.0085134 0.3603564 0.2918850 -0.8859720
-0.2933523 -0.1806923 0.0075713 0.1438386 0.0894558 -0.2596231 -0.2835979 -0.2536020 -0.0036653 0.1230232 0.1040421 -0.2852722 -0.8512354 -0.5243240 0.0219701 0.4640050 0.2885730 -0.8375112 -0.7453941 -0.6665544 -0.0096336 0.3754973 0.3175622 -0.8707216
-0.2941864 -0.1803191 0.0059674 0.1553240 0.1099816 -0.2648178 -0.2846554 -0.2535686 -0.0047055 0.1230995 0.1188177 -0.3011367 -0.8524592 -0.5225078 0.0172916 0.4762883 0.3372496 -0.8120420 -0.7466467 -0.6651063 -0.0123425 0.3554250 0.3430625 -0.8694718
-0.2948427 -0.1800425 0.0061106 0.1598512 0.1126816 -0.2690262 -0.2858936 -0.2528280 -0.0039956 0.1330951 0.1243168 -0.3080082 -0.8533275 -0.5210752 0.0176851 0.4806069 0.3387873 -0.8088512 -0.7490568 -0.6624231 -0.0104687 0.3719568 0.3474245 -0.8607813
-0.2954844 -0.1797850 0.0067743 0.1795473 0.1178846 -0.2809848 -0.2878965 -0.2519849 -0.0017626 0.1567990 0.1271858 -0.3104349 -0.8541312 -0.5196888 0.0195820 0.5076609 0.3333127 -0.7944703 -0.7524710 -0.6586093 -0.0046070 0.4234225 0.3434545 -0.8383033
-0.2963299 -0.1794521 0.0084975 0.1871284 0.1214846 -0.2923825 -0.2888316 -0.2517330 -0.0002540 0.1540178 0.1318556 -0.3509755 -0.8551220 -0.5178466 0.0245214 0.5088035 0.3303175 -0.7949902 -0.7538616 -0.6570329 -0.0006630 0.3799826 0.3253056 -0.8659039
-0.2970801 -0.1789709 0.0093649 0.2207557 0.0777344 -0.3046381 -0.2896270 -0.2515242 0.0010183 0.2112226 0.1063092 -0.3171264 -0.8562599 -0.5158394 0.0269920 0.5746429 0.2023482 -0.7929948 -0.7550227 -0.6556933 0.0026546 0.5339529 0.2687407 -0.8016687
-0.2978471 -0.1784885 0.0125908 0.2688201 0.0487760 -0.3004312 -0.2896669 -0.2516276 0.0014790 0.2376097 0.0760963 -0.3106323 -0.8572087 -0.5136927 0.0362367 0.6619854 0.1201137 -0.7398297 -0.7549310 -0.6557929 0.0038546 0.5963744 0.1909933 -0.7796532
-0.2980764 -0.1784534 0.0136215 0.2805638 0.0322402 -0.2881548 -0.2902250 -0.2514405 0.0021396 0.2513966 0.0448444 -0.3201221 -0.8573321 -0.5132705 0.0391783 0.6953759 0.0799071 -0.7141899 -0.7557905 -0.6547898 0.0055717 0.6139126 0.1095103 -0.7817409
-0.2982770 -0.1788992 0.0136636 0.2831514 0.0252383 -0.2825717 -0.2902429 -0.2516166 0.0015700 0.2567381 0.0304581 -0.3354844 -0.8569170 -0.5139576 0.0392541 0.7064263 0.0629664 -0.7049802 -0.7555891 -0.6550331 0.0040872 0.6061622 0.0719121 -0.7920833
-0.2982867 -0.1789883 0.0141457 0.2871691 0.0218136 -0.2782881 -0.2900884 -0.2517953 0.0017803 0.2573927 0.0252969 -0.3372250 -0.8567642 -0.5141052 0.0406303 0.7170579 0.0544682 -0.6948821 -0.7551842 -0.6554962 0.0046346 0.6056522 0.0595242 -0.7935000
-0.2984772 -0.1788400 0.0155476 0.2845725 0.0259567 -0.2714807 -0.2901555 -0.2516650 0.0022409 0.2566234 0.0246573 -0.3359276 -0.8569500 -0.5134629 0.0446382 0.7219839 0.0658543 -0.6887688 -0.7554225 -0.6552121 0.0058341 0.6060283 0.0582294 -0.7933089
-0.2979163 -0.1794119 0.0161149 0.2863980 0.0303189 -0.2721431 -0.2908249 -0.2523121 0.0042462 0.2561020 0.0310103 -0.3320768 -0.8557335 -0.5153421 0.0462885 0.7227920 0.0765168 -0.6868165 -0.7553039 -0.6552819 0.0110278 0.6090336 0.0737453 -0.7897086
-0.2979722 -0.1794248 0.0163063 0.2633813 0.0426846 -0.2764924 -0.2907822 -0.2522219 0.0046191 0.2603161 0.0601011 -0.2911586 -0.8557382 -0.5152854 0.0468298 0.6854618 0.1110887 -0.7195842 -0.7553638 -0.6551958 0.0119990 0.6587644 0.1520939 -0.7368154
-0.2978783 -0.1795260 0.0164917 0.2566856 0.0208528 -0.2701585 -0.2905874 -0.2522615 0.0047367 0.2630102 0.0723908 -0.2971674 -0.8555164 -0.5156047 0.0473646 0.6877230 0.0558696 -0.7238202 -0.7550925 -0.6555027 0.0123083 0.6520003 0.1794562 -0.7366757
-0.2982552 -0.1797421 0.0144017 0.2899435 0.0927012 -0.2928832 -0.2904586 -0.2523521 0.0052609 0.2888678 0.1104389 -0.2845592 -0.8557602 -0.5157198 0.0413216 0.6863817 0.2194511 -0.6933407 -0.7548188 -0.6557909 0.0136716 0.6873612 0.2627895 -0.6771088
-0.2983402 -0.1797632 0.0131190 0.2834778 0.1482349 -0.3504626 -0.2901988 -0.2518593 0.0043603 0.2971869 0.1331896 -0.3083401 -0.8559231 -0.5157315 0.0376379 0.5974149 0.3123974 -0.7385820 -0.7551847 -0.6554138 0.0113469 0.6626556 0.2969808 -0.6875246
-0.2980063 -0.1799217 0.0121722 0.3529031 0.1277947 -0.2918431 -0.2897662 -0.2514716 0.0032640 0.3051026 0.1445044 -0.3182662 -0.8555500 -0.5165394 0.0349452 0.7422642 0.2687917 -0.6138361 -0.7552219 -0.6554140 0.0085069 0.6575999 0.3114561 -0.6859719
-0.2976472 -0.1801303 0.0115117 0.3565851 0.1260381 -0.2954700 -0.2894011 -0.2513774 0.0016438 0.3273056 0.1598139 -0.3324314 -0.8550635 -0.5174677 0.0330702 0.7429806 0.2626130 -0.6156413 -0.7549547 -0.6557629 0.0042883 0.6637270 0.3240788 -0.6741213
-0.2975639 -0.1802907 0.0110416 0.3645954 0.1230151 -0.2901861 -0.2878131 -0.2521680 -0.0015966 0.3457279 0.1543786 -0.3237730 -0.8548326 -0.5179335 0.0317200 0.7565091 0.2552476 -0.6021152 -0.7521406 -0.6589894 -0.0041725 0.6939734 0.3098812 -0.6499035
-0.2962259 -0.1807944 0.0089069 0.4054495 0.0744117 -0.2568266 -0.2865000 -0.2531583 -0.0034982 0.3751937 0.1296471 -0.3099994 -0.8532988 -0.5207906 0.0256568 0.8348058 0.1532109 -0.5287965 -0.7493337 -0.6621294 -0.0091494 0.7449273 0.2574076 -0.6154874
-0.2957023 -0.1813395 0.0081965 0.4197933 0.0414242 -0.2277946 -0.2857451 -0.2538521 -0.0041816 0.3821613 0.1120735 -0.3104654 -0.8522316 -0.5226311 0.0236228 0.8756480 0.0864068 -0.4751573 -0.7475509 -0.6641144 -0.0109396 0.7567974 0.2219401 -0.6148173
-0.2925457 -0.1826073 0.0049494 0.4207578 0.0350201 -0.2226935 -0.2838869 -0.2549769 -0.0056532 0.4045370 0.0687910 -0.3178509 -0.8482154 -0.5294569 0.0143505 0.8814588 0.0733647 -0.4665276 -0.7438915 -0.6681363 -0.0148135 0.7793816 0.1325328 -0.6123719
-0.2920512 -0.1836839 0.0051276 0.4315573 0.0146639 -0.2009492 -0.2825476 -0.2568765 -0.0061140 0.4029774 0.0652617 -0.3156760 -0.8464008 -0.5323390 0.0148605 0.9061106 0.0307887 -0.4219190 -0.7398257 -0.6726081 -0.0160091 0.7808977 0.1264653 -0.6117233
-0.2912903 -0.1842950 0.0054417 0.4357403 -0.0029656 -0.1879859 -0.2810031 -0.2585254 -0.0075307 0.4010742 0.0638823 -0.3150834 -0.8449614 -0.5345942 0.0157851 0.9181784 -0.0062489 -0.3961180 -0.7357847 -0.6769284 -0.0197186 0.7802660 0.1242793 -0.6129760
-0.2904200 -0.1846958 0.0055049 0.4340675 -0.0096840 -0.1799155 -0.2807003 -0.2585858 -0.0069846 0.3943723 0.0666804 -0.3149423 -0.8437074 -0.5365651 0.0159925 0.9235939 -0.0206053 -0.3828181 -0.7353618 -0.6774276 -0.0182979 0.7746735 0.1309816 -0.6186476
-0.2892691 -0.1851669 0.0071267 0.4319092 -0.0015582 -0.1728859 -0.2803041 -0.2584362 -0.0062141 0.3864647 0.0909579 -0.3010741 -0.8420443 -0.5390093 0.0207453 0.9283809 -0.0033494 -0.3716150 -0.7351058 -0.6777565 -0.0162968 0.7756115 0.1825471 -0.6042378
-0.2888306 -0.1854844 0.0087197 0.4236261 0.0338244 -0.1872027 -0.2800655 -0.2584095 -0.0051096 0.3812148 0.1191948 -0.2570335 -0.8411621 -0.5401866 0.0253945 0.9122418 0.0728379 -0.4031246 -0.7348845 -0.6780597 -0.0134074 0.8026049 0.2509512 -0.5411552
-0.2886240 -0.1855921 0.0100334 0.4279709 0.0610253 -0.1944955 -0.2799260 -0.2586210 -0.0036803 0.3718002 0.1430362 -0.2798428 -0.8407554 -0.5406257 0.0292270 0.9028205 0.1287352 -0.4102955 -0.7344713 -0.6785710 -0.0096564 0.7637114 0.2938094 -0.5748225
-0.2884410 -0.1859931 0.0123093 0.4217307 0.1332961 -0.2169028 -0.2798374 -0.2593321 -0.0012820 0.3836796 0.1574890 -0.2619828 -0.8398865 -0.5415773 0.0358424 0.8561027 0.2705878 -0.4403073 -0.7334645 -0.6797194 -0.0033601 0.7821278 0.3210402 -0.5340499
-0.2881177 -0.1864403 0.0150478 0.4229687 0.1388079 -0.2262339 -0.2796732 -0.2595938 0.0013543 0.3875551 0.1719180 -0.2643733 -0.8387493 -0.5427528 0.0438062 0.8470360 0.2779764 -0.4530554 -0.7329231 -0.6803023 0.0035491 0.7756564 0.3440784 -0.5291192
-0.2884139 -0.1867627 0.0162624 0.4191689 0.1861697 -0.2348468 -0.2796883 -0.2602125 0.0033261 0.4100059 0.2126882 -0.3061676 -0.8384431 -0.5429348 0.0472761 0.8134760 0.3612972 -0.4557643 -0.7321102 -0.6811306 0.0087064 0.7398855 0.3838114 -0.5525018
-0.2887253 -0.1869268 0.0156599 0.4258595 0.1945078 -0.2298060 -0.2796499 -0.2603735 0.0039099 0.4354923 0.2214839 -0.3036765 -0.8385629 -0.5429030 0.0454821 0.8165477 0.3729513 -0.4406326 -0.7318428 -0.6813967 0.0102322 0.7570310 0.3850129 -0.5278912
-0.2891204 -0.1867900 0.0146108 0.4451261 0.1968937 -0.2188036 -0.2798798 -0.2604943 0.0042538 0.4848591 0.2344205 -0.2934253 -0.8391957 -0.5421734 0.0424090 0.8341205 0.3689585 -0.4100154 -0.7319575 -0.6812595 0.0111247 0.7905711 0.3822266 -0.4784351
-0.2893008 -0.1863911 0.0145411 0.4785802 0.1951549 -0.2070312 -0.2799442 -0.2602919 0.0042365 0.5296357 0.2371131 -0.2854762 -0.8398841 -0.5411216 0.0422151 0.8595744 0.3505162 -0.3718471 -0.7323000 -0.6808920 0.0110821 0.8189700 0.3666453 -0.4414287
-0.2893785 -0.1864488 0.0140414 0.5022030 0.1877007 -0.1956894 -0.2800925 -0.2602746 0.0031208 0.5739341 0.2218953 -0.2648390 -0.8399249 -0.5411702 0.0407553 0.8799296 0.3288778 -0.3428751 -0.7325230 -0.6806933 0.0081619 0.8567349 0.3312322 -0.3953360
-0.2895838 -0.1865493 0.0126965 0.5193396 0.1777825 -0.1856786 -0.2801090 -0.2604221 0.0025613 0.6006364 0.2077336 -0.2544194 -0.8400950 -0.5411874 0.0368330 0.8962170 0.3067967 -0.3204229 -0.7323585 -0.6808863 0.0066966 0.8773825 0.3034478 -0.3716443
-0.2891427 -0.1868174 0.0122484 0.5311520 0.1655612 -0.1735591 -0.2796151 -0.2606344 0.0024200 0.6164665 0.1851380 -0.2312205 -0.8394031 -0.5423450 0.0355581 0.9113797 0.2840790 -0.2978022 -0.7314838 -0.6818294 0.0063308 0.9013497 0.2706945 -0.3380727
-0.2890683 -0.1869726 0.0121744 0.5370481 0.1568166 -0.1630664 -0.2797086 -0.2607154 0.0023847 0.6242200 0.1777014 -0.2235630 -0.8391405 -0.5427653 0.0353413 0.9215684 0.2690955 -0.2798201 -0.7314922 -0.6818213 0.0062363 0.9093498 0.2588714 -0.3256816
-0.2893190 -0.1871008 0.0122562 0.5408951 0.1512332 -0.1554961 -0.2801166 -0.2603428 0.0024776 0.6298168 0.1707364 -0.2150544 -0.8391791 -0.5426921 0.0355496 0.9281490 0.2595086 -0.2668235 -0.7324722 -0.6807662 0.0064787 0.9166673 0.2484984 -0.3130011
-0.2904136 -0.1865092 0.0142533 0.5427791 0.1494084 -0.1533585 -0.2806153 -0.2596707 0.0032720 0.6308140 0.1692417 -0.2137888 -0.8407060 -0.5399176 0.0412614 0.9302419 0.2560636 -0.2628335 -0.7339402 -0.6791602 0.0085579 0.9179182 0.2462692 -0.3110911
-0.2914731 -0.1863800 0.0151745 0.5438833 0.1482248 -0.1522565 -0.2821934 -0.2596317 0.0045146 0.6323629 0.1677084 -0.2122623 -0.8416758 -0.5382024 0.0438189 0.9314358 0.2538446 -0.2607493 -0.7358620 -0.6770292 0.0117724 0.9194039 0.2438342 -0.3086120
-0.2915023 -0.1863455 0.0160609 0.5441185 0.1478744 -0.1518615 -0.2827224 -0.2595148 0.0061378 0.6324469 0.1670415 -0.2115843 -0.8416482 -0.5380315 0.0463724 0.9317949 0.2532328 -0.2600606 -0.7366022 -0.6761372 0.0159913 0.9199193 0.2429686 -0.3077577
-0.2920778 -0.1860382 0.0179158 0.5435352 0.1478686 -0.1528385 -0.2836188 -0.2591355 0.0079878 0.6317178 0.1671331 -0.2128963 -0.8423118 -0.5365085 0.0516667 0.9312582 0.2533485 -0.2618637 -0.7380935 -0.6743781 0.0207876 0.9191838 0.2431877 -0.3097756
-0.2923923 -0.1858149 0.0192895 0.5430214 0.1480996 -0.1536977 -0.2859388 -0.2582828 0.0102196 0.6305730 0.1678746 -0.2143388 -0.8426868 -0.5355263 0.0555931 0.9306875 0.2538287 -0.2634233 -0.7418217 -0.6700728 0.0265131 0.9180822 0.2444169 -0.3120664
