-0.1641821 0.2340998 -0.3864318 0.2475292 0.3103444 -0.2857610 -0.0946754 0.2808712 -0.4371135 0.1999503 0.2960887 -0.3508714 -0.3415365 0.4869814 -0.8038669 0.5060648 0.6344883 -0.5842285 -0.1792657 0.5318231 -0.8276642 0.3992947 0.5912800 -0.7006794
-0.2079402 0.2387616 -0.3771668 0.2533048 0.3556357 -0.3038319 -0.1466399 0.2916389 -0.4322453 0.2019420 0.3977421 -0.3860087 -0.4222617 0.4848503 -0.7659081 0.4761959 0.6685709 -0.5711833 -0.2707246 0.5384197 -0.7980053 0.3423326 0.6742534 -0.6543629
-0.1907735 0.2617440 -0.3997217 0.2724860 0.3610667 -0.2939042 -0.1343355 0.3233480 -0.4507829 0.2507335 0.4255953 -0.3772396 -0.3708139 0.5087619 -0.7769546 0.5051258 0.6693340 -0.5448302 -0.2353487 0.5664886 -0.7897478 0.4034088 0.6847464 -0.6069462
-0.2130778 0.2994661 -0.3981966 0.2772765 0.4240538 -0.3247036 -0.1652187 0.3700264 -0.4463446 0.2715205 0.4602450 -0.3699705 -0.3932137 0.5526346 -0.7348319 0.4607624 0.7046686 -0.5395741 -0.2740582 0.6137849 -0.7403784 0.4177599 0.7081304 -0.5692345
-0.2104209 0.3352143 -0.4373222 0.3207125 0.4201544 -0.2853471 -0.1813947 0.4066167 -0.4793225 0.2931875 0.5039115 -0.3589388 -0.3567500 0.5683262 -0.7414410 0.5339211 0.6994717 -0.4750448 -0.2772728 0.6215382 -0.7326733 0.4282402 0.7360313 -0.5242789
-0.2750913 0.3200380 -0.3999499 0.3206666 0.4768850 -0.3081879 -0.2449305 0.4284974 -0.4748065 0.3053607 0.5276133 -0.3494539 -0.4731298 0.5504336 -0.6878742 0.4917493 0.7313136 -0.4726130 -0.3576324 0.6256655 -0.6932833 0.4345747 0.7508739 -0.4973260
-0.3056683 0.3317536 -0.3891328 0.3306184 0.4958716 -0.3047577 -0.2859309 0.4370620 -0.4654464 0.3315697 0.5583863 -0.3453866 -0.5130816 0.5568673 -0.6531816 0.4939147 0.7407884 -0.4552811 -0.4087147 0.6247442 -0.6653172 0.4507814 0.7591469 -0.4695659
-0.3295065 0.3304237 -0.3915738 0.3609230 0.4995049 -0.3006182 -0.3252228 0.4275913 -0.4687747 0.3500510 0.5597707 -0.3441115 -0.5409132 0.5424190 -0.6428021 0.5263809 0.7284928 -0.4384305 -0.4561397 0.5997162 -0.6574778 0.4701778 0.7518670 -0.4622001
-0.3411070 0.3280989 -0.4111030 0.4053661 0.4888327 -0.2887337 -0.3341829 0.4189014 -0.4801506 0.4041775 0.5445605 -0.3348951 -0.5441137 0.5233639 -0.6557671 0.5810864 0.7007346 -0.4138956 -0.4644561 0.5822000 -0.6673257 0.5343812 0.7199879 -0.4427799
-0.3611172 0.3104998 -0.4047836 0.4243598 0.4863387 -0.2869187 -0.3584224 0.4030316 -0.4929763 0.4202571 0.5434975 -0.3311218 -0.5777575 0.4967739 -0.6476202 0.6007792 0.6885247 -0.4061996 -0.4905173 0.5515670 -0.6746604 0.5510427 0.7126359 -0.4341682
-0.4014608 0.2865626 -0.3926070 0.4339788 0.4192400 -0.2705803 -0.4067255 0.3652430 -0.4806713 0.4396671 0.4858017 -0.3421690 -0.6368150 0.4545583 -0.6227708 0.6562541 0.6339665 -0.4091663 -0.5587474 0.5017600 -0.6603319 0.5948022 0.6572153 -0.4629023
-0.4017311 0.2544031 -0.4081193 0.4496199 0.4018957 -0.2755104 -0.4060684 0.3279643 -0.4940711 0.4593498 0.4615818 -0.3488712 -0.6410937 0.4059836 -0.6512881 0.6781480 0.6061671 -0.4155439 -0.5649883 0.4563172 -0.6874320 0.6217822 0.6248034 -0.4722368
-0.4112073 0.2058952 -0.3773768 0.4701172 0.3544264 -0.2739623 -0.4205141 0.2844529 -0.4979143 0.4718512 0.3916147 -0.3380231 -0.6912292 0.3461047 -0.6343609 0.7239570 0.5457990 -0.4218883 -0.5913566 0.4000177 -0.7002022 0.6738908 0.5592982 -0.4827595
-0.4063428 0.1948806 -0.3407401 0.4798576 0.3307621 -0.2608319 -0.4268232 0.2638268 -0.4983320 0.4897564 0.3755226 -0.3473558 -0.7192227 0.3449367 -0.6031065 0.7515224 0.5180185 -0.4084984 -0.6035483 0.3730637 -0.7046651 0.6915597 0.5302560 -0.4904831
-0.4118558 0.1692873 -0.3407876 0.4855224 0.3314068 -0.2770612 -0.4330808 0.2373701 -0.4940794 0.4963181 0.3671622 -0.3675762 -0.7344976 0.3019045 -0.6077556 0.7471120 0.5099620 -0.4263361 -0.6199419 0.3397880 -0.7072596 0.6907633 0.5110073 -0.5115834
-0.4231254 0.1701094 -0.3288555 0.4873171 0.3095800 -0.2986950 -0.4449038 0.2112648 -0.4889846 0.4986094 0.3458705 -0.3889373 -0.7525656 0.3025544 -0.5848982 0.7496863 0.4762564 -0.4595110 -0.6410437 0.3044028 -0.7045579 0.6917728 0.4798622 -0.5396134
-0.4255432 0.1464651 -0.3341359 0.4800982 0.3098161 -0.2981646 -0.4423714 0.1857746 -0.4862286 0.4842564 0.3264464 -0.3945726 -0.7591898 0.2613008 -0.5961147 0.7449138 0.4807064 -0.4626281 -0.6475958 0.2719589 -0.7117992 0.6870723 0.4631685 -0.5598273
-0.4392989 0.1217638 -0.2972592 0.4588998 0.3004924 -0.3097249 -0.4569193 0.1689908 -0.4688233 0.4585634 0.3189525 -0.4058889 -0.8072115 0.2237410 -0.5462138 0.7284911 0.4770236 -0.4916799 -0.6758035 0.2499447 -0.6934099 0.6641266 0.4619314 -0.5878394
-0.4405408 0.1193526 -0.2933531 0.4528911 0.2960889 -0.3121272 -0.4520300 0.1620604 -0.4674946 0.4531220 0.3152759 -0.4081490 -0.8119588 0.2199782 -0.5406778 0.7250181 0.4739987 -0.4996738 -0.6744869 0.2418150 -0.6975621 0.6600314 0.4592405 -0.5945223
-0.4141637 0.1465859 -0.3190715 0.4487340 0.2969598 -0.3129964 -0.4429932 0.1632997 -0.4705642 0.4486235 0.3153941 -0.4091660 -0.7627627 0.2699663 -0.5876319 0.7208505 0.4770391 -0.5028004 -0.6645676 0.2449782 -0.7059289 0.6556740 0.4609560 -0.5980060
-0.4155867 0.1512049 -0.3231868 0.4254740 0.3186722 -0.3047056 -0.4293995 0.1753674 -0.4753411 0.4239435 0.3366262 -0.4009543 -0.7587225 0.2760496 -0.5900312 0.6944022 0.5200945 -0.4973000 -0.6465461 0.2640504 -0.7157203 0.6293194 0.4997020 -0.5951932
-0.4128783 0.1680049 -0.3520806 0.4266228 0.3428832 -0.2916717 -0.4094591 0.2093343 -0.4831480 0.4247414 0.3596745 -0.3881242 -0.7268636 0.2957691 -0.6198306 0.6878792 0.5528589 -0.4702863 -0.6138674 0.3138373 -0.7243431 0.6259671 0.5300742 -0.5720022
-0.4015590 0.1947335 -0.3559072 0.4280893 0.3444152 -0.2866824 -0.3936455 0.2358056 -0.4809011 0.4223434 0.3728243 -0.3802155 -0.7034718 0.3411442 -0.6234966 0.6907640 0.5557477 -0.4625901 -0.5922147 0.3547546 -0.7234852 0.6214052 0.5485465 -0.5594214
-0.3802519 0.2187897 -0.3735513 0.4233083 0.3800652 -0.3132883 -0.3646211 0.2614674 -0.4899094 0.4132823 0.4036426 -0.4038302 -0.6599358 0.3797145 -0.6483068 0.6517922 0.5852083 -0.4823880 -0.5488612 0.3935848 -0.7374567 0.5863438 0.5726675 -0.5729336
-0.3571746 0.2482570 -0.3950189 0.4291297 0.3888101 -0.2895949 -0.3266580 0.2987019 -0.4732033 0.4221799 0.4218996 -0.3814942 -0.6078785 0.4225107 -0.6722860 0.6628003 0.6005258 -0.4472857 -0.5041345 0.4609896 -0.7302993 0.5959969 0.5956011 -0.5385602
-0.3339329 0.2484881 -0.4117487 0.4397728 0.3952000 -0.2808478 -0.2985124 0.3093983 -0.5098589 0.4300095 0.4405730 -0.3670735 -0.5703511 0.4244130 -0.7032590 0.6718525 0.6037574 -0.4290585 -0.4475930 0.4639155 -0.7644886 0.5999288 0.6146665 -0.5121235
-0.3375616 0.2973763 -0.3975286 0.4281300 0.4510510 -0.2982727 -0.3097699 0.3561701 -0.4815732 0.4142237 0.4856514 -0.3603050 -0.5622829 0.4953455 -0.6621712 0.6207332 0.6539658 -0.4324570 -0.4593712 0.5281800 -0.7141457 0.5651235 0.6625721 -0.4915625
-0.3377213 0.3202292 -0.3990259 0.4352795 0.4777228 -0.2938834 -0.3086431 0.4038688 -0.4810493 0.4369678 0.5303177 -0.3435777 -0.5508916 0.5223584 -0.6508918 0.6130972 0.6728792 -0.4139389 -0.4410182 0.5770856 -0.6873683 0.5687760 0.6902842 -0.4472155
-0.3469181 0.3433571 -0.3910891 0.4404346 0.5058099 -0.2564423 -0.3250991 0.4258308 -0.4670476 0.4527335 0.5702502 -0.3291419 -0.5546630 0.5489696 -0.6252850 0.6133801 0.7044262 -0.3571394 -0.4574077 0.5991352 -0.6571264 0.5665869 0.7136566 -0.4119144
-0.3611556 0.3638127 -0.3832635 0.4647737 0.5558915 -0.2668908 -0.3457908 0.4464157 -0.4335608 0.4721570 0.6237864 -0.3209932 -0.5642478 0.5683991 -0.5987878 0.6018988 0.7198997 -0.3456332 -0.4857143 0.6270568 -0.6090003 0.5583540 0.7376648 -0.3795937
-0.3796045 0.3620239 -0.3768721 0.4741771 0.5537744 -0.2484704 -0.3720302 0.4520411 -0.4397121 0.4881921 0.6302886 -0.2913174 -0.5877094 0.5604908 -0.5834790 0.6156340 0.7189768 -0.3225942 -0.5081098 0.6173867 -0.6005481 0.5751557 0.7425645 -0.3432110
-0.3999752 0.3762396 -0.3771430 0.4947680 0.5682039 -0.2153091 -0.3994174 0.4389098 -0.4133481 0.5183454 0.6506495 -0.2521563 -0.6004164 0.5647860 -0.5661421 0.6314140 0.7251316 -0.2747735 -0.5522841 0.6068912 -0.5715464 0.5963079 0.7485113 -0.2900822
-0.4301771 0.3774782 -0.3768202 0.5043718 0.5547125 -0.1815025 -0.4268813 0.4411886 -0.4110072 0.5319257 0.6540603 -0.2363974 -0.6277881 0.5508808 -0.5499204 0.6538493 0.7191092 -0.2352933 -0.5778161 0.5971820 -0.5563292 0.6075190 0.7470105 -0.2699924
-0.4499465 0.3758913 -0.3827057 0.5567012 0.5710366 -0.1620385 -0.4597250 0.4395304 -0.4157675 0.5811320 0.6363654 -0.1885262 -0.6426431 0.5368727 -0.5466055 0.6840839 0.7016995 -0.1991156 -0.6050078 0.5784313 -0.5471589 0.6587556 0.7213667 -0.2137082
-0.4877566 0.3389873 -0.3673087 0.5729828 0.5419378 -0.1387628 -0.4948319 0.4098842 -0.4180499 0.6127831 0.6192292 -0.1629376 -0.6984115 0.4853909 -0.5259439 0.7155239 0.6767559 -0.1732829 -0.6455144 0.5346991 -0.5453514 0.6914083 0.6986816 -0.1838439
-0.5205113 0.2780392 -0.3332145 0.5861171 0.4929409 -0.1018692 -0.5416100 0.3536481 -0.3917587 0.6337860 0.5691823 -0.1406534 -0.7680620 0.4102722 -0.4916884 0.7586354 0.6380337 -0.1318535 -0.7161978 0.4676464 -0.5180420 0.7340697 0.6592438 -0.1629089
-0.5534497 0.2703219 -0.3519927 0.6044286 0.4796510 -0.0916247 -0.5398018 0.3761202 -0.4091267 0.6557508 0.5252269 -0.1145960 -0.7801419 0.3810454 -0.4961684 0.7778585 0.6172781 -0.1179148 -0.6967435 0.4854732 -0.5280760 0.7733445 0.6194141 -0.1351461
-0.5831352 0.2493273 -0.3626633 0.6483350 0.4388589 -0.0859123 -0.6143826 0.2935306 -0.4107094 0.7085761 0.5045984 -0.1263922 -0.7981900 0.3412768 -0.4964100 0.8231763 0.5572092 -0.1090809 -0.7726351 0.3691381 -0.5164998 0.8060986 0.5740471 -0.1437878
-0.5947467 0.2276457 -0.3599683 0.6329567 0.3980929 -0.0511190 -0.6252996 0.2885541 -0.4277841 0.7086633 0.4477231 -0.0884632 -0.8130272 0.3111949 -0.4920818 0.8445240 0.5311564 -0.0682056 -0.7712919 0.3559245 -0.5276614 0.8407413 0.5311680 -0.1049507
-0.6003658 0.2067029 -0.3167093 0.6276826 0.3522499 -0.0932851 -0.6588178 0.2212480 -0.3635579 0.6967799 0.4018146 -0.1418474 -0.8461146 0.2913130 -0.4463484 0.8648297 0.4853347 -0.1285295 -0.8399805 0.2820871 -0.4635295 0.8531146 0.4919686 -0.1736733
-0.6244361 0.1835341 -0.2774892 0.6033235 0.3376561 -0.0741633 -0.6771156 0.2062975 -0.3284917 0.6674313 0.3869380 -0.1293978 -0.8825518 0.2593994 -0.3921915 0.8676549 0.4855918 -0.1066561 -0.8677041 0.2643643 -0.4209526 0.8532100 0.4946417 -0.1654156
-0.5972179 0.1144233 -0.2065016 0.6082772 0.3272701 -0.0695161 -0.6478632 0.1388068 -0.2521014 0.6871387 0.3530785 -0.1215182 -0.9299743 0.1781774 -0.3215597 0.8762042 0.4714223 -0.1001357 -0.9138902 0.1958040 -0.3556198 0.8786461 0.4514824 -0.1553857
-0.5972783 0.0830738 -0.1873117 0.6390792 0.3032490 -0.1042535 -0.7325302 0.0846882 -0.3424992 0.6874979 0.3422486 -0.1413142 -0.9458847 0.1315605 -0.2966377 0.8937944 0.4241137 -0.1458054 -0.9009467 0.1041589 -0.4212434 0.8804261 0.4382917 -0.1809703
-0.5794028 0.0396003 -0.1712650 0.5974072 0.2703602 -0.0763688 -0.7267432 0.0491329 -0.3251861 0.6818549 0.2883129 -0.1225833 -0.9569294 0.0654030 -0.2828578 0.9049317 0.4095322 -0.1156807 -0.9110551 0.0615937 -0.4076577 0.9086739 0.3842201 -0.1633606
-0.5751897 0.0480666 -0.1796337 0.6126571 0.2677627 -0.0836738 -0.7016162 0.0336135 -0.3109448 0.6960697 0.2847043 -0.1320970 -0.9515111 0.0795145 -0.2971601 0.9092161 0.3973743 -0.1241764 -0.9133632 0.0437580 -0.4047876 0.9116147 0.3728658 -0.1730022
-0.5776917 0.0095181 -0.1366813 0.6727722 0.2628227 -0.1272502 -0.7070423 0.0127096 -0.3120672 0.7520162 0.2881980 -0.1749725 -0.9730082 0.0160314 -0.2302129 0.9173202 0.3583569 -0.1735048 -0.9147287 0.0164429 -0.4037338 0.9124893 0.3496967 -0.2123100
-0.5703344 0.0254964 -0.1817992 0.6436171 0.2612641 -0.0950189 -0.6496032 0.0176367 -0.3044617 0.7556315 0.2856283 -0.1556311 -0.9519037 0.0425542 -0.3034279 0.9180204 0.3726529 -0.1355298 -0.9052067 0.0245763 -0.4242602 0.9185127 0.3471973 -0.1891784
-0.5842472 0.0347589 -0.2325420 0.6374931 0.2698008 -0.1088013 -0.6892988 -0.0031380 -0.3368404 0.7242336 0.2841720 -0.1519190 -0.9276936 0.0551917 -0.3692405 0.9097509 0.3850262 -0.1552677 -0.8984540 -0.0040902 -0.4390485 0.9136477 0.3584936 -0.1916515
-0.5727639 0.0361780 -0.1756774 0.6482167 0.2732982 -0.1458352 -0.6745644 0.0175421 -0.2889290 0.7317572 0.2887157 -0.1945484 -0.9543018 0.0602774 -0.2927023 0.9022658 0.3804092 -0.2029910 -0.9189664 0.0238978 -0.3936111 0.9030087 0.3562832 -0.2400782
-0.5897139 0.0494749 -0.2061684 0.6437279 0.2788999 -0.1470721 -0.6874347 0.0138913 -0.2993412 0.7228419 0.2988477 -0.2012280 -0.9410274 0.0789489 -0.3289902 0.8980590 0.3890907 -0.2051789 -0.9166900 0.0185240 -0.3991696 0.8949909 0.3700200 -0.2491516
-0.5773775 0.0475999 -0.1874981 0.6298629 0.2854128 -0.1465467 -0.6955714 0.0293982 -0.3170007 0.6961810 0.3149929 -0.2102051 -0.9481961 0.0781708 -0.3079181 0.8910604 0.4037705 -0.2073181 -0.9092838 0.0384307 -0.4143983 0.8784489 0.3974615 -0.2652391
-0.5781833 0.0741355 -0.1907087 0.6383219 0.3028775 -0.1665117 -0.6417435 0.0513999 -0.2616536 0.7132373 0.3297709 -0.2347615 -0.9427102 0.1208757 -0.3109447 0.8793649 0.4172501 -0.2293899 -0.9234539 0.0739633 -0.3765135 0.8696921 0.4021090 -0.2862584
-0.5950929 0.0626573 -0.2137439 0.6141281 0.3032714 -0.1575439 -0.7079477 0.0492273 -0.3276074 0.7137704 0.3338367 -0.2365393 -0.9365471 0.0986090 -0.3363864 0.8738136 0.4315104 -0.2241618 -0.9057366 0.0629806 -0.4191355 0.8675753 0.4057726 -0.2875093
-0.5846089 0.0781927 -0.1873706 0.6092541 0.3074395 -0.1644768 -0.7084417 0.0522251 -0.3260303 0.6933056 0.3374051 -0.2395282 -0.9446524 0.1263493 -0.3027666 0.8679201 0.4379666 -0.2343074 -0.9063887 0.0668174 -0.4171271 0.8586932 0.4178928 -0.2966674
-0.6032047 0.0683256 -0.2178054 0.6088093 0.3086997 -0.1665660 -0.7071107 0.0528273 -0.3234234 0.6889004 0.3374886 -0.2399448 -0.9352702 0.1059390 -0.3377078 0.8664725 0.4393491 -0.2370608 -0.9072989 0.0677831 -0.4149869 0.8570801 0.4198789 -0.2985219
-0.6050720 0.0698399 -0.2164496 0.6065587 0.3095486 -0.1700881 -0.7081098 0.0577649 -0.3209324 0.6900371 0.3399581 -0.2481525 -0.9360563 0.1080435 -0.3348510 0.8641667 0.4410152 -0.2423252 -0.9083155 0.0740969 -0.4116704 0.8537197 0.4205990 -0.3070164
-0.5882104 0.0709176 -0.1864235 0.6007789 0.3117850 -0.1747557 -0.6163950 0.0670512 -0.2268736 0.6809449 0.3437662 -0.2566060 -0.9470348 0.1141793 -0.3001469 0.8594098 0.4460061 -0.2499868 -0.9335994 0.1015566 -0.3436255 0.8461014 0.4271433 -0.3188433
-0.5896698 0.0718482 -0.1929249 0.5994815 0.3128908 -0.1738036 -0.6989647 0.0753314 -0.3324291 0.6642417 0.3400178 -0.2420726 -0.9441152 0.1150355 -0.3088904 0.8586072 0.4481378 -0.2489302 -0.8988195 0.0968709 -0.4274805 0.8467153 0.4334240 -0.3085723
-0.5887992 0.0744627 -0.1929024 0.5915932 0.3232796 -0.1804878 -0.7018153 0.0774713 -0.3320667 0.6589468 0.3501042 -0.2463237 -0.9435103 0.1193214 -0.3091129 0.8476730 0.4632159 -0.2586146 -0.8994566 0.0992883 -0.4255815 0.8385833 0.4455466 -0.3134744
-0.5819186 0.0932976 -0.2025464 0.5286352 0.3140730 -0.1356977 -0.6990390 0.0882098 -0.3293349 0.5862758 0.3500679 -0.2062127 -0.9337824 0.1497111 -0.3250184 0.8395151 0.4987731 -0.2154989 -0.8987943 0.1134164 -0.4234447 0.8219255 0.4907754 -0.2890985
-0.5830784 0.1148615 -0.2277876 0.5511315 0.3480778 -0.1735721 -0.6949230 0.1589839 -0.3756317 0.6100761 0.3823127 -0.2438856 -0.9161506 0.1804739 -0.3579068 0.8170236 0.5160071 -0.2573115 -0.8624150 0.1973026 -0.4661674 0.8025678 0.5029403 -0.3208366
-0.5580869 0.1252322 -0.2728907 0.5566876 0.3848185 -0.1896582 -0.6513187 0.1746435 -0.4166263 0.5982181 0.4147807 -0.2408149 -0.8806386 0.1976114 -0.4306106 0.7920765 0.5475346 -0.2698530 -0.8216978 0.2203287 -0.5256120 0.7802036 0.5409622 -0.3140738
-0.5259160 0.1540718 -0.2555022 0.5203314 0.3761819 -0.1597964 -0.6222451 0.2206056 -0.4193816 0.5651180 0.4217450 -0.2340180 -0.8697793 0.2548096 -0.4225590 0.7864043 0.5685436 -0.2415088 -0.7955715 0.2820553 -0.5362004 0.7606291 0.5676540 -0.3149800
-0.5225078 0.1945772 -0.2917589 0.5110728 0.4117385 -0.2129509 -0.5931238 0.2659626 -0.4360002 0.5453971 0.4658762 -0.2869890 -0.8303216 0.3092043 -0.4636365 0.7407070 0.5967399 -0.3086335 -0.7577866 0.3397990 -0.5570423 0.7059535 0.6030229 -0.3714741
-0.4948017 0.2662475 -0.3666950 0.4910012 0.4233977 -0.2224361 -0.5184774 0.2969357 -0.4101270 0.5303037 0.4910798 -0.3104866 -0.7374579 0.3968183 -0.5465263 0.7163318 0.6177036 -0.3245166 -0.7154348 0.4097346 -0.5659246 0.6741482 0.6242848 -0.3947059
-0.4634963 0.2370678 -0.2992923 0.4651283 0.4376539 -0.2506744 -0.4815926 0.3146104 -0.4042582 0.4707406 0.4915203 -0.3197083 -0.7718447 0.3947809 -0.4984013 0.6779382 0.6378934 -0.3653654 -0.6849656 0.4474681 -0.5749735 0.6260412 0.6536762 -0.4251823
-0.4241978 0.3017714 -0.3645483 0.4398606 0.4470095 -0.2532577 -0.4262299 0.3388453 -0.4029271 0.4394076 0.5045779 -0.3290697 -0.6674653 0.4748303 -0.5736082 0.6503553 0.6609253 -0.3744538 -0.6292368 0.5002322 -0.5948352 0.5893101 0.6767131 -0.4413309
-0.3990051 0.3111568 -0.3582339 0.4020395 0.4437775 -0.2597943 -0.3904505 0.3558906 -0.4011680 0.3892235 0.5010563 -0.3381881 -0.6435942 0.5018950 -0.5778303 0.6159275 0.6798705 -0.3980068 -0.5885959 0.5364975 -0.6047523 0.5413597 0.6969047 -0.4703760
-0.3574583 0.3158405 -0.3487782 0.3520599 0.4449415 -0.2853950 -0.3356742 0.3836805 -0.4108114 0.3388679 0.4994391 -0.3595462 -0.6049256 0.5344960 -0.5902364 0.5543258 0.7005698 -0.4493604 -0.5127015 0.5860253 -0.6274644 0.4823557 0.7109179 -0.5117898
-0.3274868 0.3037159 -0.3538358 0.3358765 0.4201702 -0.2967018 -0.3082930 0.3708300 -0.4182617 0.2954312 0.4685980 -0.3735586 -0.5747234 0.5330066 -0.6209646 0.5467460 0.6839608 -0.4829766 -0.4829460 0.5809113 -0.6552139 0.4421703 0.7013480 -0.5591032
-0.2963643 0.2833639 -0.3466976 0.3004689 0.3929005 -0.3121054 -0.2593178 0.3594464 -0.4186770 0.2880433 0.4514212 -0.3826663 -0.5519299 0.5277187 -0.6456674 0.5137442 0.6717846 -0.5336406 -0.4253181 0.5895433 -0.6866900 0.4376448 0.6858766 -0.5814123
-0.2771645 0.2751390 -0.3451220 0.2726194 0.3630967 -0.3118427 -0.2274832 0.3365149 -0.4030515 0.2324545 0.4013985 -0.3869729 -0.5317997 0.5279133 -0.6621907 0.4949307 0.6591890 -0.5661392 -0.3975415 0.5880815 -0.7043585 0.3848121 0.6644870 -0.6406065
-0.2294559 0.2647757 -0.3562187 0.2892476 0.3500986 -0.2751917 -0.1744242 0.3245870 -0.4108574 0.2262660 0.3727323 -0.3741220 -0.4592353 0.5299247 -0.7129395 0.5447198 0.6593163 -0.5182493 -0.3160480 0.5881354 -0.7444531 0.3938231 0.6487523 -0.6511711
-0.1914036 0.2595917 -0.3630017 0.2492282 0.3228105 -0.2955113 -0.1434836 0.3099454 -0.4107475 0.2044087 0.3300749 -0.3736061 -0.3941707 0.5345950 -0.7475544 0.4948588 0.6409612 -0.5867568 -0.2685964 0.5802073 -0.7689054 0.3793721 0.6126023 -0.6933940
-0.1563480 0.2527191 -0.3716269 0.2517595 0.3097051 -0.2677245 -0.1043797 0.2953831 -0.4287484 0.1661245 0.3013624 -0.3950719 -0.3285766 0.5311075 -0.7810008 0.5238440 0.6444132 -0.5570629 -0.1965683 0.5562667 -0.8074208 0.3170762 0.5752003 -0.7540605
-0.1626093 0.2731708 -0.3557772 0.1871657 0.3046322 -0.3326696 -0.0970260 0.3217847 -0.4280416 0.1479222 0.3220330 -0.4035320 -0.3408158 0.5725436 -0.7456798 0.3832493 0.6237792 -0.6811898 -0.1782834 0.5912732 -0.7865183 0.2754339 0.5996315 -0.7513842
-0.1655050 0.2081931 -0.3395662 0.1898172 0.2840037 -0.3292798 -0.1173390 0.2489525 -0.3750432 0.1420587 0.2822343 -0.4221257 -0.3837127 0.4826824 -0.7872625 0.4000686 0.5985810 -0.6940072 -0.2522380 0.5351612 -0.8062124 0.2694167 0.5352619 -0.8005682
-0.1638518 0.2039943 -0.3391370 0.1811320 0.2501171 -0.3129747 -0.0817455 0.2248924 -0.3882631 0.1323648 0.2445195 -0.3929046 -0.3825277 0.4762441 -0.7917475 0.4119611 0.5688587 -0.7118201 -0.1792357 0.4931007 -0.8513086 0.2749947 0.5080018 -0.8162795
-0.1852169 0.1803850 -0.3214447 0.1700888 0.2368631 -0.3193049 -0.1034652 0.2028709 -0.3704626 0.1155055 0.2329851 -0.4117059 -0.4489915 0.4372783 -0.7792268 0.3933386 0.5477574 -0.7384081 -0.2379270 0.4665188 -0.8519102 0.2371996 0.4784529 -0.8454698
-0.1680861 0.1795445 -0.3304300 0.1781826 0.2226220 -0.3174608 -0.1126816 0.2075590 -0.3676532 0.1249360 0.2319653 -0.4157469 -0.4080612 0.4358786 -0.8021820 0.4175622 0.5217037 -0.7439537 -0.2578677 0.4749911 -0.8413607 0.2538310 0.4712811 -0.8446680
-0.1768421 0.1755485 -0.3266153 0.1663719 0.2177535 -0.3273750 -0.1184843 0.2019506 -0.3642696 0.1238253 0.2301945 -0.4157724 -0.4304677 0.4273189 -0.7950447 0.3896922 0.5100431 -0.7668090 -0.2736170 0.4663664 -0.8412111 0.2521335 0.4687231 -0.8465975
-0.1831736 0.1771402 -0.3255839 0.1842635 0.2313104 -0.3069126 -0.1189646 0.2016603 -0.3651335 0.1196380 0.2328914 -0.4216636 -0.4430431 0.4284501 -0.7874918 0.4323328 0.5427177 -0.7201013 -0.2742679 0.4649193 -0.8418000 0.2410412 0.4692190 -0.8495485
-0.1758439 0.1920780 -0.3396408 0.1883787 0.2471524 -0.3131376 -0.0947983 0.2207024 -0.3865877 0.1401193 0.2542434 -0.4055319 -0.4108648 0.4487964 -0.7935817 0.4270034 0.5602275 -0.7097980 -0.2082868 0.4849181 -0.8493945 0.2809535 0.5097841 -0.8131330
-0.1838717 0.2006237 -0.3453362 0.1916420 0.2760386 -0.3203843 -0.1477657 0.2501755 -0.3838213 0.1540202 0.2843848 -0.3970873 -0.4181974 0.4562980 -0.7854317 0.4127590 0.5945325 -0.6900443 -0.3069530 0.5196885 -0.7973103 0.3007454 0.5553001 -0.7753670
-0.1942566 0.2110205 -0.3499378 0.2652867 0.3104379 -0.2735582 -0.1213457 0.2494304 -0.4028578 0.2327396 0.3173609 -0.3411728 -0.4293325 0.4663829 -0.7734084 0.5397373 0.6315994 -0.5565661 -0.2480918 0.5099613 -0.8236443 0.4468459 0.6093137 -0.6550310
-0.1901583 0.2478795 -0.3721816 0.2758896 0.3273755 -0.2718743 -0.1274480 0.2899188 -0.4229888 0.2505758 0.3252650 -0.3189812 -0.3913322 0.5101184 -0.7659232 0.5439954 0.6455147 -0.5360782 -0.2411923 0.5486642 -0.8004960 0.4819348 0.6255854 -0.6134996
-0.1935416 0.2610904 -0.3825461 0.2757311 0.3562570 -0.2969798 -0.1463744 0.3072190 -0.4283216 0.2334816 0.3856467 -0.3944850 -0.3855684 0.5201375 -0.7620984 0.5110132 0.6602520 -0.5503934 -0.2675683 0.5615878 -0.7829600 0.3897560 0.6437687 -0.6585226
-0.2043176 0.2737886 -0.3928937 0.3062347 0.3612800 -0.2719846 -0.2019251 0.3021463 -0.4113348 0.2714834 0.4316130 -0.4010838 -0.3924316 0.5258642 -0.7546286 0.5607165 0.6615047 -0.4980045 -0.3678898 0.5504841 -0.7494160 0.4184792 0.6653115 -0.6182521
-0.2353088 0.2737916 -0.3943649 0.3133232 0.4163251 -0.3210320 -0.1856099 0.3379082 -0.4492387 0.2986418 0.4571797 -0.3846680 -0.4401136 0.5120904 -0.7376065 0.5119554 0.6802556 -0.5245512 -0.3135372 0.5708036 -0.7588660 0.4470958 0.6844424 -0.5758854
-0.2390812 0.3100242 -0.4044501 0.3470055 0.4010474 -0.2654824 -0.1832614 0.4137578 -0.5086141 0.3258980 0.4707110 -0.3609962 -0.4247323 0.5507640 -0.7185134 0.5850998 0.6762220 -0.4476404 -0.2691912 0.6077655 -0.7470992 0.4815076 0.6954659 -0.5333645
-0.2524371 0.3086179 -0.4069810 0.3669996 0.4449269 -0.3045533 -0.2277302 0.4156748 -0.5159944 0.3692562 0.5064408 -0.3572280 -0.4430747 0.5416825 -0.7143283 0.5626860 0.6821647 -0.4669430 -0.3250316 0.5932784 -0.7364612 0.5118476 0.7020072 -0.4951746
-0.2871381 0.3101926 -0.4089469 0.3986866 0.4199199 -0.2613180 -0.2670501 0.4122573 -0.5082601 0.3750638 0.5097141 -0.3573959 -0.4882162 0.5274154 -0.6953258 0.6275838 0.6610078 -0.4113480 -0.3778169 0.5832531 -0.7190759 0.5160604 0.7013294 -0.4917507
-0.3077647 0.2978945 -0.4175743 0.4222916 0.4498748 -0.2889865 -0.2956098 0.3960011 -0.5180622 0.4345101 0.5028776 -0.3367543 -0.5144952 0.4979950 -0.6980656 0.6197913 0.6602748 -0.4241414 -0.4128893 0.5531095 -0.7235968 0.5832017 0.6749649 -0.4519934
-0.3228448 0.2856433 -0.4218027 0.4500106 0.4156644 -0.2614539 -0.3179047 0.3766168 -0.5337580 0.4436561 0.4862079 -0.3290964 -0.5353024 0.4736194 -0.6993826 0.6756242 0.6240584 -0.3925342 -0.4375843 0.5183994 -0.7346986 0.6028842 0.6607078 -0.4472090
-0.3349465 0.2674767 -0.4326664 0.4632213 0.4007284 -0.2545786 -0.3332032 0.3419679 -0.5457984 0.4807097 0.4488268 -0.3101000 -0.5499556 0.4391755 -0.7104039 0.6983582 0.6041431 -0.3838058 -0.4594870 0.4715734 -0.7526554 0.6611235 0.6172748 -0.4264827
-0.3469419 0.2174443 -0.4253319 0.4780619 0.3583591 -0.2296159 -0.3339116 0.2927829 -0.5430534 0.4846121 0.4192390 -0.3060561 -0.5876508 0.3683075 -0.7204278 0.7468916 0.5598761 -0.3587364 -0.4759852 0.4173569 -0.7741132 0.6824300 0.5903717 -0.4309878
-0.4036320 0.2340193 -0.3766914 0.4533168 0.3915530 -0.2991451 -0.4051377 0.2973520 -0.4989117 0.4532965 0.4166951 -0.3795039 -0.6731125 0.3902598 -0.6281854 0.6770467 0.5847999 -0.4467850 -0.5721122 0.4199034 -0.7045344 0.6267223 0.5761177 -0.5246976
-0.4017519 0.1949074 -0.3618444 0.4687013 0.3346812 -0.2744819 -0.3998735 0.2400497 -0.4918978 0.4673401 0.3718502 -0.3650867 -0.6990164 0.3391234 -0.6295804 0.7346517 0.5245859 -0.4302284 -0.5899109 0.3541319 -0.7256692 0.6676508 0.5312321 -0.5215697
-0.3981482 0.1635359 -0.3631762 0.4722809 0.3183487 -0.2786413 -0.3946237 0.2023653 -0.4871704 0.4756569 0.3552363 -0.3693086 -0.7069742 0.2903835 -0.6448759 0.7448483 0.5020773 -0.4394535 -0.5990058 0.3071736 -0.7394839 0.6803218 0.5080868 -0.5282141
-0.4032248 0.1505284 -0.3528840 0.4650187 0.3046056 -0.2872158 -0.3943641 0.1792395 -0.4900116 0.4662633 0.3187426 -0.3841242 -0.7244748 0.2704547 -0.6340273 0.7431792 0.4868117 -0.4590197 -0.6029713 0.2740520 -0.7492136 0.6826251 0.4666498 -0.5623708
-0.4012920 0.1305823 -0.3421497 0.4568512 0.2780030 -0.2949886 -0.3908234 0.1484529 -0.4818986 0.4462086 0.2978481 -0.3903076 -0.7386464 0.2403590 -0.6297849 0.7480153 0.4551821 -0.4829931 -0.6126034 0.2326952 -0.7553608 0.6725658 0.4489435 -0.5883069
-0.3934529 0.1248700 -0.3443617 0.4270658 0.2800203 -0.3587446 -0.3797238 0.1404782 -0.4882650 0.4695977 0.2950630 -0.4153608 -0.7319086 0.2322855 -0.6405882 0.6842964 0.4486823 -0.5748239 -0.5986573 0.2214723 -0.7697788 0.6777291 0.4258385 -0.5994538
-0.3900866 0.1221686 -0.3448413 0.4268965 0.2797120 -0.3551236 -0.3733040 0.1373993 -0.4904492 0.4693137 0.2941636 -0.4119795 -0.7294101 0.2284390 -0.6448074 0.6865878 0.4498674 -0.5711537 -0.5911515 0.2175808 -0.7766586 0.6798687 0.4261385 -0.5968119
-0.3873100 0.1224784 -0.3554274 0.4236708 0.2856599 -0.3614671 -0.3661433 0.1409840 -0.4995771 0.4618598 0.3033745 -0.4203610 -0.7175624 0.2269135 -0.6584941 0.6768932 0.4563950 -0.5775112 -0.5763966 0.2219424 -0.7864532 0.6652154 0.4369495 -0.6054449
-0.3804243 0.1309618 -0.3613925 0.4302049 0.3130150 -0.3652331 -0.3589660 0.1547368 -0.4539517 0.4678145 0.3298419 -0.4247571 -0.7034310 0.2421575 -0.6682399 0.6666440 0.4850470 -0.5659639 -0.5992160 0.2582996 -0.7577740 0.6563178 0.4627499 -0.5959106
-0.3682943 0.1587551 -0.3767547 0.4496551 0.3321895 -0.2670753 -0.3470754 0.1823971 -0.4694035 0.4882152 0.3493577 -0.3258900 -0.6693075 0.2885083 -0.6846827 0.7257518 0.5361601 -0.4310645 -0.5674760 0.2982234 -0.7674853 0.7147179 0.5114388 -0.4770835
-0.3574673 0.1866702 -0.3920876 0.4569511 0.3526349 -0.2498194 -0.3337652 0.2176475 -0.4819302 0.4968999 0.3698031 -0.3077003 -0.6355426 0.3318817 -0.6970941 0.7265418 0.5606814 -0.3972070 -0.5337502 0.3480572 -0.7706925 0.7184541 0.5346883 -0.4448955
-0.3340501 0.2187766 -0.4139980 0.4710195 0.3939046 -0.2401733 -0.3059578 0.2604823 -0.4980490 0.4690297 0.4255832 -0.3328322 -0.5807617 0.3803534 -0.7197549 0.7144015 0.5974403 -0.3642741 -0.4781092 0.4070463 -0.7782833 0.6555611 0.5948362 -0.4651984
-0.3270613 0.2475792 -0.4149518 0.4761139 0.3903453 -0.2344122 -0.2980262 0.2897402 -0.4984544 0.4761271 0.4334445 -0.3223653 -0.5605351 0.4243144 -0.7111665 0.7227107 0.5925194 -0.3558229 -0.4591949 0.4464278 -0.7680119 0.6612299 0.6019537 -0.4476905
-0.3146974 0.2443095 -0.4310432 0.5079796 0.4338963 -0.2633324 -0.2831638 0.3149437 -0.5267509 0.5014533 0.4599904 -0.3305442 -0.5361496 0.4162299 -0.7343679 0.7074038 0.6042366 -0.3667123 -0.4189447 0.4659635 -0.7793352 0.6628516 0.6080435 -0.4369335
-0.3554760 0.2850453 -0.4120097 0.4954846 0.4232915 -0.2276425 -0.3382774 0.3438608 -0.5034219 0.5030698 0.4746648 -0.3106874 -0.5786673 0.4640155 -0.6706965 0.7177908 0.6132073 -0.3297776 -0.4851854 0.4931936 -0.7220493 0.6634793 0.6260170 -0.4097535
-0.3584083 0.2936032 -0.4183076 0.5163189 0.4755795 -0.2504655 -0.3521987 0.3710877 -0.5063590 0.5202588 0.5255889 -0.3026621 -0.5741772 0.4703582 -0.6701371 0.6927528 0.6380922 -0.3360534 -0.4892832 0.5155242 -0.7034464 0.6510781 0.6577485 -0.3787667
-0.3886109 0.3113255 -0.4124388 0.5185586 0.4773900 -0.2420924 -0.3806663 0.3894604 -0.4879334 0.5273336 0.5327812 -0.2878719 -0.6010381 0.4815060 -0.6378912 0.6958087 0.6405681 -0.3248427 -0.5205992 0.5326260 -0.6672976 0.6567055 0.6634896 -0.3584962
-0.4165013 0.3203066 -0.4023627 0.5442791 0.4887962 -0.2178653 -0.4153889 0.3996570 -0.4711573 0.5489237 0.5486745 -0.2582867 -0.6293561 0.4840007 -0.6079920 0.7130606 0.6403724 -0.2854256 -0.5579522 0.5368210 -0.6328606 0.6710815 0.6707768 -0.3157660
-0.4342160 0.3264557 -0.4098398 0.5770309 0.4933889 -0.1499781 -0.4387084 0.3925506 -0.4686387 0.6083719 0.5527341 -0.1771221 -0.6380801 0.4797264 -0.6022594 0.7456333 0.6375520 -0.1938001 -0.5830388 0.5216955 -0.6228158 0.7235330 0.6573633 -0.2106502
-0.4463979 0.3179220 -0.4140115 0.5953344 0.4718856 -0.1061480 -0.4765333 0.3658543 -0.4602119 0.6359667 0.5430687 -0.1597687 -0.6499287 0.4628755 -0.6027760 0.7761346 0.6151949 -0.1383846 -0.6296785 0.4834302 -0.6081120 0.7469548 0.6378444 -0.1876513
-0.4888876 0.2903422 -0.4198028 0.5950261 0.4192254 -0.0521181 -0.4998929 0.3485309 -0.4685651 0.6520390 0.4854107 -0.0964164 -0.6917070 0.4107932 -0.5939616 0.8153933 0.5744850 -0.0714200 -0.6502984 0.4533952 -0.6095448 0.7965481 0.5929906 -0.1177849
-0.5024433 0.2646010 -0.4123002 0.6068614 0.4114440 -0.0445487 -0.5254265 0.3041663 -0.4662761 0.6762619 0.4682304 -0.0839453 -0.7159852 0.3770583 -0.5875306 0.8261769 0.5601370 -0.0606483 -0.6863756 0.3973388 -0.6091062 0.8179158 0.5663088 -0.1015290
-0.5988693 0.2180169 -0.3210345 0.6195990 0.4030342 -0.1439053 -0.6054165 0.2907968 -0.3789579 0.6679325 0.4558528 -0.1986017 -0.8392111 0.3055128 -0.4498740 0.8228122 0.5352195 -0.1911027 -0.7850638 0.3770859 -0.4914073 0.8021350 0.5474438 -0.2385052
-0.5929141 0.1803563 -0.3379211 0.5990731 0.3377399 -0.0792775 -0.6224199 0.2280658 -0.3923524 0.6607535 0.3833611 -0.1401676 -0.8399647 0.2555057 -0.4787234 0.8653713 0.4878710 -0.1145178 -0.8080235 0.2960743 -0.5093507 0.8507578 0.4935993 -0.1804738
-0.5614293 0.1232027 -0.2864746 0.5955109 0.2961457 -0.0442193 -0.6106232 0.1688768 -0.3855973 0.6606623 0.3368070 -0.1050085 -0.8741978 0.1918381 -0.4460677 0.8934207 0.4442953 -0.0663404 -0.8233152 0.2276999 -0.5199084 0.8821068 0.4496999 -0.1402058
-0.5879406 0.1084700 -0.2134099 0.6294696 0.3012943 -0.1375767 -0.6494524 0.1210287 -0.2998254 0.6984085 0.3316505 -0.1966788 -0.9261679 0.1708700 -0.3361792 0.8849654 0.4235868 -0.1934178 -0.8951949 0.1668240 -0.4132746 0.8754427 0.4157180 -0.2465334
-0.5807329 0.0563161 -0.1817382 0.6276353 0.2835543 -0.1296437 -0.6572474 0.0852219 -0.3063514 0.6957747 0.3070253 -0.1929399 -0.9502976 0.0921543 -0.2973920 0.8955838 0.4046086 -0.1849909 -0.9001800 0.1167217 -0.4195854 0.8867922 0.3913158 -0.2459095
-0.5797555 0.0407324 -0.1662806 0.6354370 0.2626625 -0.1447233 -0.7136016 0.0296613 -0.3002076 0.7086554 0.2763218 -0.2083312 -0.9590602 0.0673816 -0.2750696 0.9043439 0.3738171 -0.2059680 -0.9210779 0.0382852 -0.3874916 0.8985827 0.3503790 -0.2641662
-0.5711201 0.0337174 -0.1643690 0.6424520 0.2568695 -0.1451449 -0.6891119 0.0203465 -0.3055850 0.7128696 0.2737448 -0.2053264 -0.9594495 0.0566433 -0.2761307 0.9087520 0.3633434 -0.2053083 -0.9138167 0.0269811 -0.4052297 0.9015160 0.3461858 -0.2596618
-0.5591887 0.0228950 -0.1407228 0.6385008 0.2473787 -0.1543560 -0.6565936 -0.0011173 -0.2551951 0.7110254 0.2549777 -0.2197471 -0.9690001 0.0396740 -0.2438540 0.9096364 0.3524266 -0.2199024 -0.9320739 -0.0015861 -0.3622647 0.9038348 0.3241202 -0.2793362
