-0.1974545 0.3912474 -0.3948061 0.2673304 0.5310144 -0.2483890 -0.1494325 0.4708982 -0.4257258 0.2549229 0.5985104 -0.3014689 -0.3347482 0.6632887 -0.6693218 0.4149078 0.8241563 -0.3855100 -0.2291334 0.7220551 -0.6527897 0.3555427 0.8347467 -0.4204608
-0.2010703 0.3847346 -0.3887446 0.3065034 0.5354063 -0.2425941 -0.1652914 0.4688009 -0.4242287 0.2919136 0.6289729 -0.3143175 -0.3450498 0.6602298 -0.6671111 0.4623571 0.8076547 -0.3659506 -0.2529315 0.7173667 -0.6491615 0.3834284 0.8261554 -0.4128558
-0.2093578 0.3704388 -0.3822570 0.3092107 0.5352170 -0.2389512 -0.1759783 0.4537507 -0.4216446 0.2946759 0.6305245 -0.3119740 -0.3660146 0.6476282 -0.6682896 0.4665950 0.8076356 -0.3605743 -0.2732892 0.7046615 -0.6548017 0.3863550 0.8266923 -0.4090349
-0.2159120 0.3699254 -0.3840127 0.3499152 0.5448308 -0.2328779 -0.1866431 0.4492585 -0.4335714 0.3402509 0.6568864 -0.3176385 -0.3753269 0.6430534 -0.6675418 0.5085067 0.7917636 -0.3384248 -0.2864144 0.6894126 -0.6653398 0.4226264 0.8159200 -0.3945395
-0.2082648 0.3717885 -0.3950341 0.3677541 0.5447987 -0.2548817 -0.1768277 0.4482224 -0.4477234 0.3558071 0.6122946 -0.3080665 -0.3584104 0.6398243 -0.6798285 0.5216431 0.7727731 -0.3615385 -0.2688395 0.6814538 -0.6806952 0.4607261 0.7928455 -0.3989079
-0.1986500 0.3733222 -0.4061478 0.3604106 0.4849212 -0.2206365 -0.1592622 0.4375997 -0.4687870 0.3487926 0.5524172 -0.2738941 -0.3388002 0.6367060 -0.6926904 0.5603273 0.7539028 -0.3430216 -0.2410246 0.6622555 -0.7094539 0.4923626 0.7798031 -0.3866344
-0.1889904 0.3704059 -0.4165721 0.3623081 0.4807371 -0.2221959 -0.1480834 0.4350041 -0.4778945 0.3505506 0.5482331 -0.2754230 -0.3210845 0.6292996 -0.7077335 0.5646290 0.7491913 -0.3462751 -0.2233609 0.6561361 -0.7208296 0.4960993 0.7758596 -0.3897786
-0.1794499 0.3636593 -0.4178829 0.3644372 0.4715513 -0.2306283 -0.1380690 0.4281334 -0.4790183 0.3523514 0.5390474 -0.2837824 -0.3081729 0.6245194 -0.7176385 0.5702939 0.7379126 -0.3609015 -0.2101092 0.6515201 -0.7289552 0.5006810 0.7659705 -0.4032464
-0.1763087 0.3620966 -0.4171799 0.3555391 0.4609776 -0.2433037 -0.1323056 0.4266273 -0.4763947 0.3626557 0.4840587 -0.3134945 -0.3040539 0.6244550 -0.7194492 0.5634930 0.7306021 -0.3856114 -0.2025981 0.6532895 -0.7294977 0.5323333 0.7105378 -0.4601709
-0.1724791 0.3645584 -0.4162210 0.3417208 0.4625560 -0.2649404 -0.1289621 0.4302034 -0.4745641 0.3545710 0.4909916 -0.3303212 -0.2976026 0.6290243 -0.7181651 0.5396846 0.7305215 -0.4184242 -0.1973741 0.6584184 -0.7263117 0.5139760 0.7117275 -0.4788243
-0.1740687 0.3664632 -0.4132324 0.3229100 0.4917198 -0.2931227 -0.1296125 0.4352463 -0.4670792 0.3395074 0.5372268 -0.3469934 -0.3005851 0.6328156 -0.7135776 0.4913032 0.7481451 -0.4459822 -0.1989565 0.6681078 -0.7169716 0.4688853 0.7419507 -0.4792240
-0.1782053 0.3721913 -0.4082951 0.3189838 0.5005716 -0.2944821 -0.1379312 0.4477117 -0.4560620 0.3372315 0.5462178 -0.3476977 -0.3069821 0.6411487 -0.7033423 0.4814104 0.7554627 -0.4444324 -0.2109663 0.6847767 -0.6975486 0.4619294 0.7481926 -0.4762658
-0.1906485 0.3736038 -0.3998236 0.3049827 0.5203124 -0.2808378 -0.1518177 0.4500733 -0.4472753 0.3196104 0.5808348 -0.3178721 -0.3290049 0.6447336 -0.6899815 0.4584214 0.7820849 -0.4221291 -0.2326944 0.6898376 -0.6855490 0.4347083 0.7900046 -0.4323440
-0.2288810 0.3552099 -0.3786040 0.3238955 0.5422447 -0.2753668 -0.1907822 0.4313523 -0.4271633 0.3408845 0.6008697 -0.3143927 -0.4034114 0.6260709 -0.6673038 0.4700736 0.7869664 -0.3996433 -0.2998108 0.6778623 -0.6712795 0.4491199 0.7916539 -0.4142166
-0.2318860 0.3555052 -0.3807174 0.3494809 0.5892168 -0.2663106 -0.2102475 0.4389947 -0.4272843 0.3684977 0.6475771 -0.3047940 -0.4066919 0.6235007 -0.6677190 0.4754799 0.8016483 -0.3623242 -0.3246153 0.6777934 -0.6597129 0.4577536 0.8044306 -0.3786200
-0.2412372 0.3312577 -0.3836252 0.3585843 0.5667308 -0.2464993 -0.2255938 0.4135909 -0.4344550 0.3776242 0.6250910 -0.2849712 -0.4297574 0.5901263 -0.6834175 0.5018585 0.7931711 -0.3449893 -0.3520175 0.6453689 -0.6779253 0.4817061 0.7973804 -0.3635158
-0.2545271 0.3408331 -0.3847939 0.3761125 0.5778647 -0.2338628 -0.2366380 0.4661638 -0.4767908 0.3950948 0.6362251 -0.2723633 -0.4437358 0.5941994 -0.6708395 0.5165913 0.7936983 -0.3212110 -0.3344442 0.6588365 -0.6738558 0.4957841 0.7983660 -0.3417746
-0.2658225 0.3443436 -0.3911004 0.4058775 0.5846113 -0.2191690 -0.2605918 0.4446205 -0.4755544 0.4247876 0.6429718 -0.2577051 -0.4544183 0.5886485 -0.6685783 0.5450392 0.7850549 -0.2943146 -0.3716119 0.6340426 -0.6781553 0.5227708 0.7912823 -0.3171484
-0.2797609 0.3435265 -0.4199178 0.4809129 0.5396104 -0.2078414 -0.2835142 0.4147525 -0.4899920 0.5000416 0.5979707 -0.2462693 -0.4583119 0.5627745 -0.6879208 0.6394266 0.7174715 -0.2763480 -0.4039942 0.5910026 -0.6982153 0.6116932 0.7314884 -0.3012575
-0.2828003 0.3185439 -0.4303055 0.4875527 0.5229693 -0.2074152 -0.2929281 0.3621572 -0.4969253 0.5068851 0.5813293 -0.2457408 -0.4670661 0.5260992 -0.7106820 0.6549050 0.7024783 -0.2786104 -0.4300799 0.5317227 -0.7295905 0.6261827 0.7181477 -0.3035770
-0.3031641 0.2854432 -0.4222780 0.5106045 0.4683794 -0.2025149 -0.3005297 0.3454349 -0.4939459 0.5297622 0.5267393 -0.2409280 -0.5111973 0.4813162 -0.7120478 0.7073276 0.6488341 -0.2805388 -0.4462092 0.5128818 -0.7333823 0.6748982 0.6710471 -0.3069336
-0.3052702 0.2698154 -0.4094743 0.4986543 0.4289129 -0.1511598 -0.2954257 0.3254282 -0.4961415 0.5174035 0.4872727 -0.1897739 -0.5284851 0.4671056 -0.7088835 0.7388714 0.6355335 -0.2239781 -0.4457073 0.4909720 -0.7485262 0.7033451 0.6623860 -0.2579738
-0.2940364 0.2433330 -0.3994496 0.4525749 0.3957028 -0.1872277 -0.2733153 0.3074814 -0.5005958 0.4715324 0.4540626 -0.2257399 -0.5322169 0.4404418 -0.7230188 0.7187723 0.6284490 -0.2973521 -0.4218139 0.4745432 -0.7725812 0.6809715 0.6557422 -0.3260061
-0.2886499 0.1725490 -0.3732805 0.4520507 0.3489417 -0.1729703 -0.2655410 0.2246475 -0.4530226 0.4711242 0.4073016 -0.2114253 -0.5745141 0.3434328 -0.7429586 0.7576080 0.5848039 -0.2898871 -0.4649265 0.3933275 -0.7931815 0.7163341 0.6192933 -0.3214675
-0.2904940 0.1648624 -0.3584217 0.4398557 0.3205121 -0.1949637 -0.2649191 0.2163577 -0.4378024 0.4587287 0.3788723 -0.2335177 -0.5929283 0.3365012 -0.7315757 0.7608504 0.5544131 -0.3372429 -0.4768376 0.3894301 -0.7880165 0.7177221 0.5927796 -0.3653593
-0.2875468 0.1637052 -0.3542609 0.4389517 0.3220530 -0.1937915 -0.2576939 0.2171823 -0.4307863 0.4609887 0.3459156 -0.2585485 -0.5931848 0.3377100 -0.7308103 0.7595822 0.5572953 -0.3353457 -0.4711496 0.3970810 -0.7876197 0.7297858 0.5476149 -0.4093050
-0.2771324 0.1992386 -0.3732822 0.4306621 0.3368559 -0.1934073 -0.2449427 0.2617141 -0.4588762 0.4530883 0.3549458 -0.2598780 -0.5479044 0.3939045 -0.7379973 0.7425781 0.5808308 -0.3334866 -0.4206560 0.4494587 -0.7880580 0.7174616 0.5620538 -0.4115147
-0.2824264 0.2020685 -0.3701878 0.4321824 0.3860091 -0.1999650 -0.2562383 0.2776324 -0.4500422 0.4523192 0.4019256 -0.2686428 -0.5564197 0.3981034 -0.7293221 0.7050269 0.6297035 -0.3262065 -0.4360748 0.4724840 -0.7658966 0.6832135 0.6070956 -0.4057762
-0.2895291 0.2086662 -0.3691978 0.4345575 0.4021431 -0.1912414 -0.2727277 0.2967666 -0.4446424 0.4892039 0.4357373 -0.2249111 -0.5638417 0.4063657 -0.7189920 0.6984212 0.6463247 -0.3073633 -0.4544467 0.4945027 -0.7409084 0.7062725 0.6290817 -0.3247081
-0.3015856 0.2240674 -0.3680087 0.4374016 0.4202466 -0.1774250 -0.2886698 0.3077620 -0.4390906 0.4760553 0.4373881 -0.2362513 -0.5734453 0.4260495 -0.6997444 0.6921059 0.6649613 -0.2807417 -0.4740271 0.5053787 -0.7210345 0.6916431 0.6354649 -0.3432408
-0.3188079 0.2214885 -0.3638169 0.4695760 0.4352814 -0.1332924 -0.3105913 0.3017755 -0.4340245 0.4760029 0.4823565 -0.1879828 -0.5992266 0.4163065 -0.6838248 0.7179874 0.6655505 -0.2038056 -0.5065774 0.4921987 -0.7078981 0.6768455 0.6858799 -0.2672994
-0.3407596 0.2334301 -0.3694735 0.4689899 0.4244791 -0.1189081 -0.3476436 0.3055553 -0.4355597 0.4951720 0.4746973 -0.1640854 -0.6148878 0.4212158 -0.6667010 0.7286519 0.6594971 -0.1847431 -0.5469906 0.4807679 -0.6853200 0.7020667 0.6730372 -0.2326442
-0.3690240 0.2164287 -0.3611765 0.5169277 0.4395852 -0.1096305 -0.3944509 0.2776748 -0.4339928 0.5397420 0.4920837 -0.1540344 -0.6591096 0.3865609 -0.6450932 0.7520444 0.6395239 -0.1594942 -0.6078955 0.4279297 -0.6688342 0.7230741 0.6592280 -0.2063547
-0.3962638 0.1896907 -0.3494835 0.5417127 0.4427152 -0.0957740 -0.4237569 0.2421826 -0.4240797 0.5647190 0.4952324 -0.1400559 -0.7058758 0.3379014 -0.6225448 0.7671553 0.6269583 -0.1356318 -0.6553819 0.3745593 -0.6558810 0.7391089 0.6481642 -0.1833063
-0.4199117 0.1531591 -0.3287436 0.5329440 0.3518030 -0.0424680 -0.4546677 0.1957135 -0.4157901 0.5800494 0.3915886 -0.0804996 -0.7568054 0.2760381 -0.5924935 0.8327269 0.5496934 -0.0663564 -0.7033214 0.3027475 -0.6431819 0.8233832 0.5558620 -0.1142697
-0.4481782 0.0988520 -0.3023156 0.5317011 0.3522213 -0.0484653 -0.4783473 0.1407083 -0.4069512 0.5906696 0.3750010 -0.0838494 -0.8155030 0.1798707 -0.5500921 0.8312755 0.5506721 -0.0757720 -0.7432339 0.2186261 -0.6323021 0.8382323 0.5321723 -0.1189926
-0.4403600 0.0881361 -0.2654089 0.5311595 0.3521476 -0.0519267 -0.4835610 0.0959839 -0.3830909 0.5918561 0.3724693 -0.0858567 -0.8441550 0.1689539 -0.5087798 0.8307131 0.5507453 -0.0812114 -0.7745132 0.1537361 -0.6135915 0.8400419 0.5286586 -0.1218593
-0.4447198 0.0582677 -0.2571212 0.5651471 0.2581890 -0.0015620 -0.4909887 0.0571226 -0.3702668 0.6135122 0.2704285 -0.0540908 -0.8602041 0.1127049 -0.4973394 0.9095714 0.4155402 -0.0025139 -0.7949940 0.0924912 -0.5995248 0.9120858 0.4020360 -0.0804148
-0.4388123 0.0404397 -0.2270592 0.5607584 0.2330432 0.0364396 -0.4959892 0.0453434 -0.3571279 0.5863453 0.2594057 -0.0135063 -0.8851854 0.0815762 -0.4580308 0.9217728 0.3830757 0.0598993 -0.8092980 0.0739861 -0.5827202 0.9142975 0.4044954 -0.0210606
-0.4339507 0.0262123 -0.2227702 0.5620233 0.2178814 0.0360438 -0.4874794 0.0245510 -0.3460597 0.6335745 0.2449397 -0.0252337 -0.8883431 0.0536594 -0.4560343 0.9307246 0.3608170 0.0596895 -0.8147362 0.0410327 -0.5783781 0.9320812 0.3603423 -0.0371225
-0.4257343 0.0137842 -0.2178107 0.5640951 0.2049890 0.0313581 -0.4775497 0.0114215 -0.3403745 0.6391242 0.2236624 -0.0288800 -0.8898844 0.0288122 -0.4552753 0.9385862 0.3410770 0.0521761 -0.8141694 0.0194724 -0.5803008 0.9430153 0.3300095 -0.0426119
-0.4227911 0.0151686 -0.2144438 0.5638333 0.2033636 0.0276843 -0.4719738 0.0113174 -0.3402295 0.6026306 0.2246826 -0.0336402 -0.8913842 0.0319805 -0.4521189 0.9396815 0.3389246 0.0461385 -0.8110480 0.0194480 -0.5846563 0.9357149 0.3488685 -0.0522337
-0.4187087 0.0296342 -0.2397755 0.5622870 0.2064196 0.0230471 -0.4592390 0.0160639 -0.3462474 0.5901376 0.2328104 -0.0406870 -0.8661524 0.0613021 -0.4960061 0.9380484 0.3443643 0.0384489 -0.7981688 0.0279195 -0.6017866 0.9283226 0.3662250 -0.0640032
-0.4166605 0.0643236 -0.2868189 0.5588164 0.2250485 0.0073248 -0.4429013 0.0601447 -0.3625622 0.5788143 0.2454435 -0.0470047 -0.8171250 0.1261469 -0.5624888 0.9275344 0.3735399 0.0121578 -0.7695590 0.1045039 -0.6299666 0.9180847 0.3893095 -0.0745564
-0.4077005 0.0728119 -0.2995947 0.5632991 0.2159405 0.0007887 -0.4235424 0.0973731 -0.3924097 0.5825849 0.2361594 -0.0529770 -0.7976082 0.1424462 -0.5861146 0.9337402 0.3579490 0.0013073 -0.7233386 0.1662967 -0.6701691 0.9234789 0.3743458 -0.0839759
-0.3927802 0.1026092 -0.3062321 0.5634403 0.2152448 -0.0006351 -0.4023743 0.1358275 -0.3923436 0.5822996 0.2353628 -0.0540656 -0.7724131 0.2017838 -0.6022137 0.9341554 0.3568649 -0.0010530 -0.6959372 0.2349241 -0.6785883 0.9237133 0.3733606 -0.0857652
-0.3747507 0.1485156 -0.3107333 0.5267334 0.2773089 -0.0573161 -0.3778000 0.1884629 -0.4001869 0.5829449 0.2968989 -0.0928341 -0.7362928 0.2917966 -0.6105143 0.8807888 0.4637082 -0.0958424 -0.6494509 0.3239741 -0.6879348 0.8822460 0.4493355 -0.1404979
