-0.0816647 0.3740461 -0.3561543 0.2485301 0.5091263 -0.1652469 -0.0073906 0.4248498 -0.3637639 0.2226201 0.5200734 -0.2244550 -0.1561763 0.7153287 -0.6811122 0.4211265 0.8626988 -0.2800058 -0.0132127 0.7595374 -0.6503294 0.3657795 0.8545151 -0.3687944
-0.0989912 0.3956979 -0.3663657 0.2706608 0.5258687 -0.1257914 -0.0328609 0.4566186 -0.3747956 0.2452428 0.5489593 -0.2075572 -0.1805519 0.7217210 -0.6682214 0.4476217 0.8696874 -0.2080352 -0.0555409 0.7717689 -0.6334730 0.3855617 0.8630535 -0.3263138
-0.0624131 0.4532591 -0.3658081 0.2526504 0.7004633 -0.2829217 -0.0006146 0.5068504 -0.3681594 0.2432871 0.7463883 -0.3287470 -0.1065444 0.7737515 -0.6244653 0.3171724 0.8793479 -0.3551744 -0.0009811 0.8090842 -0.5876920 0.2858527 0.8769766 -0.3862646
-0.1449676 0.4374854 -0.3663690 0.2492738 0.6635589 -0.2780809 -0.0846568 0.5020349 -0.3851204 0.2336797 0.6958589 -0.3329474 -0.2462264 0.7430656 -0.6222749 0.3273756 0.8714632 -0.3652084 -0.1326129 0.7864254 -0.6032818 0.2899154 0.8633194 -0.4130722
-0.1367243 0.4710383 -0.3757729 0.3298733 0.7343150 -0.2261567 -0.0923386 0.5194850 -0.3918427 0.3366370 0.7856906 -0.2663008 -0.2212797 0.7623457 -0.6081647 0.3945046 0.8781877 -0.2704671 -0.1404998 0.7904337 -0.5962167 0.3760075 0.8775789 -0.2974453
-0.1533642 0.4711168 -0.3792370 0.3486472 0.7402256 -0.1895183 -0.1364752 0.5304163 -0.4048074 0.3587464 0.7949786 -0.2241146 -0.2458023 0.7550760 -0.6078169 0.4151132 0.8813421 -0.2256481 -0.2003879 0.7788156 -0.5943828 0.3983816 0.8828098 -0.2488754
-0.2175422 0.4245705 -0.3828396 0.3953875 0.7408621 -0.1504809 -0.1809281 0.5004080 -0.4154533 0.4213327 0.7962122 -0.1741449 -0.3556478 0.6941070 -0.6258835 0.4634483 0.8683918 -0.1763843 -0.2680065 0.7412479 -0.6154056 0.4592195 0.8678086 -0.1898043
-0.2109896 0.4647836 -0.3994230 0.3915197 0.7405706 -0.1558399 -0.1838754 0.5009976 -0.4117206 0.4153174 0.7955439 -0.1824554 -0.3255334 0.7171091 -0.6162650 0.4594939 0.8691457 -0.1828963 -0.2727982 0.7432817 -0.6108301 0.4535080 0.8686983 -0.1992331
-0.2231997 0.4177711 -0.3955288 0.3901477 0.7395269 -0.1583848 -0.1908487 0.4953790 -0.4284844 0.4129642 0.7941010 -0.1866312 -0.3617001 0.6770074 -0.6409633 0.4584579 0.8690093 -0.1861161 -0.2797471 0.7261292 -0.6280748 0.4516665 0.8685227 -0.2041219
-0.2200235 0.4112642 -0.4012489 0.3893677 0.7388363 -0.1582326 -0.1838160 0.4855213 -0.4377256 0.4116589 0.7930409 -0.1875885 -0.3576086 0.6684358 -0.6521577 0.4580721 0.8692048 -0.1861529 -0.2706917 0.7149899 -0.6446048 0.4508867 0.8686113 -0.2054642
-0.2162724 0.4068265 -0.4004394 0.3872969 0.7385819 -0.1555975 -0.1846361 0.4370950 -0.4061190 0.4091081 0.7922580 -0.1862565 -0.3542911 0.6664513 -0.6559881 0.4565249 0.8706008 -0.1834100 -0.2956259 0.6998448 -0.6502481 0.4491265 0.8697557 -0.2044759
-0.2107975 0.3984630 -0.3952501 0.3864670 0.7380477 -0.1554120 -0.1786805 0.4352793 -0.4041668 0.4078879 0.7914558 -0.1868056 -0.3516071 0.6646304 -0.6592714 0.4560185 0.8708723 -0.1833811 -0.2880649 0.7017480 -0.6515891 0.4483445 0.8699570 -0.2053340
-0.1979972 0.4045525 -0.3886892 0.3852684 0.7378993 -0.1559847 -0.1541896 0.4550575 -0.4009259 0.4064282 0.7909310 -0.1881832 -0.3328060 0.6799971 -0.6533331 0.4549101 0.8712831 -0.1841808 -0.2463982 0.7271913 -0.6406878 0.4471461 0.8701703 -0.2070364
-0.1915565 0.4144174 -0.3824539 0.3845352 0.7362039 -0.1579088 -0.1448316 0.4868361 -0.4094345 0.4054096 0.7887887 -0.1910140 -0.3216342 0.6958303 -0.6421617 0.4548249 0.8707756 -0.1867732 -0.2219991 0.7462265 -0.6275846 0.4468749 0.8694660 -0.2105509
-0.2012542 0.4262827 -0.3757881 0.3840151 0.7352075 -0.1599740 -0.1745550 0.4859610 -0.3892491 0.4046881 0.7874408 -0.1937554 -0.3338339 0.7071038 -0.6233451 0.4545944 0.8703336 -0.1893761 -0.2699418 0.7515178 -0.6019571 0.4465286 0.8688539 -0.2137877
-0.2436354 0.4664265 -0.3506035 0.3698492 0.7349502 -0.1970940 -0.2104006 0.5376310 -0.3951126 0.3872118 0.7868743 -0.2331398 -0.3853010 0.7376374 -0.5544674 0.4371525 0.8686928 -0.2329602 -0.3007475 0.7684918 -0.5647754 0.4267051 0.8671307 -0.2569186
-0.2527654 0.4562288 -0.3492460 0.3702752 0.7297364 -0.1947794 -0.2317913 0.5425619 -0.3961262 0.3877590 0.7815429 -0.2309358 -0.4026848 0.7268257 -0.5563896 0.4401935 0.8675310 -0.2315592 -0.3261703 0.7634779 -0.5574176 0.4296521 0.8659801 -0.2558858
-0.2740106 0.4573469 -0.3508746 0.3692946 0.7308339 -0.1949002 -0.2600802 0.5474769 -0.3962385 0.3867425 0.7825226 -0.2312421 -0.4293165 0.7165658 -0.5497461 0.4387411 0.8682685 -0.2315515 -0.3591577 0.7560382 -0.5471856 0.4282928 0.8665941 -0.2560859
-0.2981833 0.4546202 -0.3561511 0.3684559 0.7313791 -0.1950506 -0.2898542 0.5446434 -0.4023121 0.3858532 0.7830081 -0.2315015 -0.4587781 0.6994683 -0.5479660 0.4376714 0.8687709 -0.2316914 -0.3935292 0.7394514 -0.5462110 0.4272574 0.8670291 -0.2563428
-0.3131769 0.4475204 -0.3615752 0.3678776 0.7316002 -0.1951110 -0.3168294 0.5369763 -0.4146399 0.3852416 0.7831971 -0.2316234 -0.4780960 0.6831848 -0.5519808 0.4370088 0.8690818 -0.2317761 -0.4231354 0.7171482 -0.5537643 0.4266113 0.8673017 -0.2564965
-0.3298256 0.4356120 -0.3752875 0.3689184 0.7307392 -0.1924565 -0.3316174 0.5220322 -0.4283028 0.3864577 0.7822940 -0.2289448 -0.4975796 0.6571704 -0.5661640 0.4387162 0.8689921 -0.2288685 -0.4408142 0.6939298 -0.5693367 0.4284071 0.8672109 -0.2537964
-0.3292901 0.4203525 -0.3895983 0.3724683 0.7303708 -0.1858214 -0.3251915 0.5098894 -0.4533743 0.3907120 0.7818709 -0.2220409 -0.4981730 0.6359385 -0.5894115 0.4430682 0.8688098 -0.2210431 -0.4302419 0.6746051 -0.5998332 0.4332481 0.8669917 -0.2462141
-0.3293718 0.4040857 -0.3972731 0.3730479 0.7302700 -0.1856874 -0.3226575 0.4948101 -0.4648319 0.3913698 0.7817374 -0.2219140 -0.5025229 0.6165139 -0.6061199 0.4436839 0.8685454 -0.2208470 -0.4292520 0.6582776 -0.6183957 0.4339110 0.8667109 -0.2460356
-0.3259108 0.4130683 -0.4138835 0.3731435 0.7307667 -0.1849609 -0.3056614 0.4505659 -0.4482523 0.3915246 0.7822255 -0.2211701 -0.4868448 0.6170405 -0.6182582 0.4436321 0.8688119 -0.2199009 -0.4334125 0.6388797 -0.6355991 0.4339347 0.8669564 -0.2451273
-0.3282267 0.3968922 -0.4051118 0.3741351 0.7314510 -0.1836714 -0.3052990 0.4501780 -0.4489765 0.3926252 0.7828947 -0.2198469 -0.5009071 0.6056976 -0.6182415 0.4444134 0.8688483 -0.2181726 -0.4328642 0.6382791 -0.6365755 0.4348003 0.8669918 -0.2434624
-0.3315869 0.3982230 -0.4023997 0.3742030 0.7318797 -0.1835521 -0.3299344 0.4534038 -0.4415410 0.3926876 0.7833100 -0.2197496 -0.5053968 0.6069620 -0.6133280 0.4442953 0.8689688 -0.2179334 -0.4622771 0.6352722 -0.6186510 0.4346943 0.8671026 -0.2432568
-0.3477205 0.4134813 -0.3945709 0.3756884 0.7308057 -0.1887077 -0.3524392 0.4964522 -0.4467660 0.3939263 0.7822271 -0.2250431 -0.5197607 0.6180577 -0.5897911 0.4455999 0.8668007 -0.2238241 -0.4667033 0.6574067 -0.5916118 0.4356298 0.8650385 -0.2488675
-0.3621468 0.4348632 -0.3961060 0.3840399 0.7272093 -0.2296040 -0.3676106 0.5016236 -0.4425221 0.4004807 0.7786157 -0.2668081 -0.5242692 0.6295385 -0.5734309 0.4497812 0.8516955 -0.2689084 -0.4816224 0.6571986 -0.5797671 0.4375300 0.8506471 -0.2914911
-0.3891482 0.4616618 -0.3873937 0.3776394 0.7342353 -0.2253755 -0.4011906 0.5179245 -0.4203036 0.3938388 0.7856088 -0.2627310 -0.5424535 0.6435338 -0.5400078 0.4412365 0.8578855 -0.2633302 -0.5154262 0.6653990 -0.5399815 0.4293767 0.8564979 -0.2864384
-0.4240786 0.4722518 -0.3719827 0.3668261 0.7420501 -0.2284124 -0.4507951 0.5298131 -0.4005659 0.3821955 0.7934150 -0.2661287 -0.5764388 0.6419193 -0.5056262 0.4271859 0.8641515 -0.2659968 -0.5615793 0.6600162 -0.4990062 0.4154286 0.8624049 -0.2892694
-0.4559273 0.4724437 -0.3556300 0.3596257 0.7441097 -0.2350318 -0.4873415 0.5256219 -0.3809453 0.3739569 0.7954644 -0.2731688 -0.6105981 0.6327176 -0.4762756 0.4185459 0.8660230 -0.2735389 -0.6003767 0.6475359 -0.4693027 0.4062761 0.8642123 -0.2967774
-0.4862746 0.5112114 -0.3432762 0.3517147 0.7278545 -0.1637487 -0.5265550 0.5557870 -0.3723635 0.3690906 0.7792077 -0.2006006 -0.6197530 0.6515348 -0.4375027 0.4264260 0.8824657 -0.1985322 -0.6184868 0.6528225 -0.4373749 0.4169429 0.8802314 -0.2266084
-0.5112523 0.4927726 -0.3336506 0.3424894 0.7195329 -0.1584879 -0.5598204 0.5296364 -0.3608135 0.3600291 0.7708861 -0.1952626 -0.6516462 0.6280919 -0.4252738 0.4215290 0.8855865 -0.1950637 -0.6578842 0.6224129 -0.4240173 0.4124356 0.8830978 -0.2236854
-0.5334572 0.4646776 -0.3297187 0.3461158 0.7189006 -0.1606804 -0.5721499 0.5084617 -0.3687264 0.3636988 0.7702538 -0.1974348 -0.6834612 0.5953413 -0.4224330 0.4252562 0.8832793 -0.1974204 -0.6734215 0.5984604 -0.4339916 0.4159483 0.8809097 -0.2257986
-0.5427089 0.4456162 -0.3293377 0.3487223 0.7227476 -0.1625518 -0.5804546 0.4775196 -0.3704775 0.3663122 0.7741008 -0.1993032 -0.6997193 0.5745368 -0.4246180 0.4259067 0.8827169 -0.1985302 -0.6926853 0.5698478 -0.4421092 0.4166033 0.8803774 -0.2266657
-0.5461960 0.4106535 -0.3227798 0.3521455 0.7149539 -0.1664716 -0.5868351 0.4625459 -0.3763262 0.3698989 0.7663071 -0.2031445 -0.7227236 0.5433745 -0.4271004 0.4325190 0.8781347 -0.2044669 -0.7014294 0.5528696 -0.4498133 0.4228260 0.8759544 -0.2322115
-0.5502612 0.3823448 -0.3065186 0.3581937 0.7103387 -0.1647380 -0.5817274 0.4468145 -0.3820161 0.3764284 0.7616918 -0.2011743 -0.7467884 0.5189002 -0.4159925 0.4408985 0.8743517 -0.2027750 -0.7033894 0.5402609 -0.4619107 0.4311287 0.8723762 -0.2304077
-0.5496143 0.3832424 -0.3157571 0.3616383 0.7093609 -0.1608052 -0.5782124 0.4419412 -0.3889926 0.3802569 0.7607140 -0.1970471 -0.7420088 0.5173979 -0.4262890 0.4452022 0.8732731 -0.1979625 -0.7006927 0.5355558 -0.4713913 0.4355807 0.8713908 -0.2257156
-0.5439586 0.3840711 -0.3333208 0.3643030 0.7103190 -0.1541457 -0.5700980 0.4379856 -0.4004373 0.3834539 0.7616721 -0.1901095 -0.7304885 0.5157737 -0.4476204 0.4480762 0.8736604 -0.1895923 -0.6927766 0.5322352 -0.4866069 0.4388933 0.8717941 -0.2175954
-0.5081804 0.3948225 -0.3668252 0.3773770 0.7138287 -0.1511211 -0.5452011 0.4351106 -0.4259858 0.3980096 0.7651818 -0.1862560 -0.6860460 0.5330123 -0.4952159 0.4593959 0.8689718 -0.1839656 -0.6670509 0.5323557 -0.5211915 0.4510603 0.8671730 -0.2110821
-0.4911183 0.4001121 -0.3691033 0.3773099 0.7128292 -0.1492993 -0.5044231 0.4577369 -0.4337952 0.3980746 0.7641822 -0.1843566 -0.6698648 0.5457362 -0.5034414 0.4600046 0.8690593 -0.1820211 -0.6246305 0.5668187 -0.5371715 0.4517671 0.8672556 -0.2092228
-0.4743462 0.4042285 -0.3631886 0.3757965 0.7122211 -0.1468920 -0.4817095 0.4768782 -0.4335570 0.3965520 0.7635741 -0.1819550 -0.6576032 0.5603965 -0.5035015 0.4590882 0.8700781 -0.1794492 -0.5986725 0.5926681 -0.5388281 0.4509166 0.8682550 -0.2068998
-0.4455481 0.4097194 -0.3561913 0.3758738 0.7118107 -0.1438958 -0.4484802 0.4932498 -0.4302969 0.3968323 0.7631637 -0.1788383 -0.6343935 0.5833788 -0.5071628 0.4596623 0.8704850 -0.1759726 -0.5652180 0.6216410 -0.5423017 0.4516819 0.8686472 -0.2035571
-0.3843149 0.4429892 -0.3905862 0.3780298 0.7086196 -0.1233427 -0.3880840 0.5070295 -0.4454919 0.4008781 0.7599726 -0.1570801 -0.5454184 0.6286888 -0.5543186 0.4652303 0.8720775 -0.1517943 -0.4984657 0.6512425 -0.5722020 0.4589531 0.8700695 -0.1798362
-0.3605030 0.4465892 -0.3888473 0.3721325 0.7073553 -0.1225217 -0.3483167 0.5081746 -0.4312618 0.3952828 0.7587083 -0.1560529 -0.5200128 0.6441891 -0.5608984 0.4602142 0.8747823 -0.1515219 -0.4631672 0.6757350 -0.5734618 0.4545465 0.8724594 -0.1794495
-0.3376761 0.4300041 -0.3843352 0.3618615 0.7508540 -0.1233977 -0.3389489 0.4829132 -0.4211017 0.3844261 0.8022069 -0.1573262 -0.5052665 0.6434172 -0.5750826 0.4294649 0.8911296 -0.1464511 -0.4676077 0.6662183 -0.5809442 0.4255484 0.8880194 -0.1741554
-0.2966134 0.4603004 -0.3808969 0.3823935 0.6896604 -0.1271164 -0.2741041 0.5129465 -0.4036997 0.4052897 0.7410132 -0.1608223 -0.4446731 0.6900672 -0.5710281 0.4787350 0.8634156 -0.1591426 -0.3871695 0.7245320 -0.5702220 0.4713869 0.8618623 -0.1870502
-0.2906345 0.3890321 -0.3453881 0.3817867 0.7480301 -0.1569809 -0.2445939 0.4588998 -0.3793715 0.4030644 0.7993831 -0.1917315 -0.4877164 0.6528383 -0.5795989 0.4468619 0.8755311 -0.1837381 -0.3799866 0.7129195 -0.5893691 0.4402420 0.8731161 -0.2094164
-0.2755093 0.3843611 -0.3464865 0.3824680 0.7456063 -0.1604007 -0.2201123 0.4496003 -0.3753156 0.4035305 0.7969591 -0.1952825 -0.4699501 0.6556241 -0.5910195 0.4482782 0.8739007 -0.1880005 -0.3518076 0.7186005 -0.5998706 0.4413093 0.8715710 -0.2135650
-0.2453639 0.3776611 -0.3464436 0.3871521 0.7421561 -0.1554997 -0.1774954 0.4327942 -0.3690344 0.4087384 0.7935089 -0.1900600 -0.4318244 0.6646589 -0.6097182 0.4547302 0.8717008 -0.1826424 -0.2979008 0.7263838 -0.6193720 0.4478814 0.8694996 -0.2082612
-0.2193737 0.3631014 -0.3442260 0.3910920 0.7408635 -0.1548801 -0.1487947 0.4173565 -0.3594300 0.4129353 0.7922163 -0.1892789 -0.4015524 0.6646386 -0.6300882 0.4590548 0.8696087 -0.1817947 -0.2607962 0.7315110 -0.6299818 0.4521810 0.8675092 -0.2072682
-0.2200270 0.3538030 -0.3377118 0.3877859 0.7379989 -0.1761256 -0.1767448 0.3546373 -0.3298860 0.4079709 0.7893517 -0.2115228 -0.4102542 0.6596880 -0.6296850 0.4551049 0.8661145 -0.2067007 -0.3428023 0.6878306 -0.6398247 0.4466619 0.8642120 -0.2315831
-0.1822818 0.3402422 -0.3401947 0.3977754 0.7358858 -0.1541017 -0.1169831 0.3495918 -0.3397990 0.4199118 0.7872385 -0.1883128 -0.3542800 0.6612896 -0.6611972 0.4676474 0.8651491 -0.1811708 -0.2333311 0.6972857 -0.6777531 0.4604883 0.8633101 -0.2065096
-0.1404768 0.3272118 -0.3233051 0.3990075 0.7342976 -0.1522520 -0.0790606 0.3497847 -0.3365104 0.4212561 0.7856504 -0.1863902 -0.2920727 0.6803232 -0.6722007 0.4697195 0.8644297 -0.1792341 -0.1607670 0.7112749 -0.6842821 0.4625434 0.8626521 -0.2046583
-0.1351380 0.3244099 -0.3212590 0.3994004 0.7327479 -0.1523994 -0.0697128 0.3368413 -0.3258240 0.4216156 0.7841008 -0.1865591 -0.2838186 0.6813298 -0.6747123 0.4708072 0.8637522 -0.1796461 -0.1471366 0.7109407 -0.6876875 0.4635159 0.8620250 -0.2050995
-0.1269094 0.3216182 -0.3177478 0.4000327 0.7312693 -0.1526322 -0.0615513 0.3349525 -0.3202818 0.4222320 0.7826222 -0.1868026 -0.2702599 0.6849021 -0.6766599 0.4720738 0.8629620 -0.1801194 -0.1316588 0.7164662 -0.6850855 0.4646727 0.8612877 -0.2055791
-0.1094129 0.3113617 -0.3123307 0.3688593 0.6668206 -0.1961485 -0.0226323 0.3359655 -0.3078639 0.3874058 0.7134546 -0.2383247 -0.2407921 0.6852343 -0.6873668 0.4687615 0.8474228 -0.2492736 -0.0496049 0.7363607 -0.6747683 0.4578679 0.8432189 -0.2816716
-0.1056911 0.3068982 -0.3089977 0.3105641 0.4329048 0.0879921 -0.0193595 0.3333833 -0.3077107 0.3377751 0.4097516 0.1443779 -0.2358396 0.6848143 -0.6894992 0.5751194 0.8016766 0.1629485 -0.0426328 0.7341658 -0.6776304 0.6137984 0.7445928 0.2623607
-0.0247584 0.2863539 -0.2966918 0.3121419 0.4327948 0.0848694 0.0473949 0.3406370 -0.2985366 0.3398948 0.4096415 0.1409896 -0.0599358 0.6932115 -0.7182378 0.5776971 0.8009958 0.1570723 0.1040695 0.7479685 -0.6555247 0.6172638 0.7439269 0.2560432
-0.0233675 0.2950510 -0.2936459 0.3122508 0.4327278 0.0827533 0.0638005 0.3472825 -0.3035382 0.3403450 0.4095746 0.1387044 -0.0560467 0.7076784 -0.7043082 0.5782403 0.8013450 0.1532464 0.1370198 0.7458340 -0.6518874 0.6184769 0.7442814 0.2520545
-0.0224572 0.2967629 -0.2950992 0.3134683 0.4336861 0.0811180 0.0607907 0.3485131 -0.3037592 0.3419464 0.4105329 0.1368736 -0.0535826 0.7080730 -0.7041034 0.5791814 0.8013024 0.1498780 0.1303710 0.7474168 -0.6514381 0.6199821 0.7443361 0.2481652
-0.1184744 0.2957626 -0.3327974 0.3130421 0.4365394 0.0796235 -0.0684175 0.3396297 -0.3277194 0.3416460 0.4133861 0.1353148 -0.2571488 0.6419530 -0.7223371 0.5764532 0.8038678 0.1466232 -0.1434643 0.7121680 -0.6871934 0.6176925 0.7473978 0.2446477
-0.1374240 0.2976262 -0.3546164 0.3129329 0.4401995 0.0780711 -0.1079416 0.3238995 -0.4084341 0.3417651 0.4170462 0.1336445 -0.2845641 0.6162951 -0.7343049 0.5734433 0.8066570 0.1430638 -0.2027701 0.6084504 -0.7672499 0.6152272 0.7507443 0.2405797
-0.1432607 0.3024885 -0.3604400 0.2900924 0.4135671 0.1033452 -0.1100908 0.3272810 -0.4127939 0.3189853 0.3904138 0.1588880 -0.2912550 0.6149716 -0.7327895 0.5626009 0.8020658 0.2004261 -0.2045635 0.6081319 -0.7670263 0.6034509 0.7385782 0.3005815
-0.1020995 0.3448361 -0.3301964 0.2932016 0.4140802 0.1055223 -0.0229605 0.3879286 -0.3362181 0.3221751 0.3909269 0.1610221 -0.2091229 0.7063023 -0.6763170 0.5657727 0.7990246 0.2036197 -0.0446819 0.7549215 -0.6542912 0.6061014 0.7354427 0.3029275
-0.1123629 0.3463569 -0.3352923 0.3007258 0.4191716 0.1098576 -0.0398145 0.3982773 -0.3493338 0.3298470 0.3960183 0.1652811 -0.2270030 0.6997331 -0.6773797 0.5701442 0.7947048 0.2082784 -0.0749427 0.7496752 -0.6575491 0.6094215 0.7316787 0.3053714
-0.1174731 0.3537976 -0.3516757 0.3093951 0.4213690 0.1121830 -0.0480346 0.4088095 -0.3692315 0.3386478 0.3982158 0.1675371 -0.2292193 0.6903470 -0.6862067 0.5786754 0.7881053 0.2098208 -0.0868681 0.7393116 -0.6677367 0.6169207 0.7254369 0.3052052
-0.1254190 0.3591549 -0.3647778 0.3233350 0.4247121 0.1251438 -0.0654476 0.4222085 -0.3889426 0.3525865 0.4015587 0.1804987 -0.2379627 0.6814396 -0.6921083 0.5897498 0.7746573 0.2282571 -0.1132760 0.7307535 -0.6731774 0.6251038 0.7119271 0.3200078
-0.1231885 0.3721569 -0.3818968 0.3343237 0.4249959 0.1312649 -0.0677237 0.4362802 -0.4130118 0.3636430 0.4018426 0.1865838 -0.2250901 0.6800051 -0.6978019 0.6008273 0.7637781 0.2359018 -0.1120195 0.7216364 -0.6831490 0.6344386 0.7010843 0.3255280
-0.1287687 0.3718798 -0.3900888 0.3359394 0.4249247 0.1360875 -0.0734255 0.4354273 -0.4225724 0.3652452 0.4017713 0.1914136 -0.2323856 0.6711219 -0.7039832 0.6014896 0.7608152 0.2436606 -0.1201349 0.7124230 -0.6913907 0.6344052 0.6978484 0.3324719
-0.1374091 0.3596394 -0.3945680 0.3420555 0.4148653 0.1419211 -0.0798690 0.4133804 -0.4388104 0.3712436 0.3917120 0.1973093 -0.2492563 0.6523759 -0.7157353 0.6150875 0.7460150 0.2552039 -0.1313363 0.6797613 -0.7215783 0.6460651 0.6816858 0.3433720
-0.1636770 0.3101928 -0.3953190 0.3409954 0.4138914 0.1458042 -0.1044259 0.3676592 -0.4319701 0.3697433 0.3907381 0.2014232 -0.3097152 0.5869572 -0.7480359 0.6135920 0.7447623 0.2623623 -0.1810494 0.6374331 -0.7489327 0.6436818 0.6802313 0.3506553
-0.1681283 0.3069660 -0.3954830 0.3437842 0.4441893 0.1093612 -0.0968487 0.3503869 -0.4299836 0.3723168 0.4210358 0.1650911 -0.3183574 0.5812519 -0.7488623 0.6007758 0.7762373 0.1911128 -0.1720043 0.6222906 -0.7636550 0.6355844 0.7187528 0.2818280
-0.1846312 0.2943536 -0.3695968 0.3318399 0.4326950 0.1781523 -0.1131925 0.3373857 -0.4042550 0.3604566 0.4095414 0.2338391 -0.3639621 0.5802570 -0.7285832 0.5784651 0.7542764 0.3105561 -0.2101700 0.6264407 -0.7506002 0.6072616 0.6899548 0.3939489
-0.1657734 0.3076206 -0.3670100 0.3183450 0.4514859 0.1085385 -0.0934073 0.3520283 -0.3977938 0.3469491 0.4283323 0.1642318 -0.3271229 0.6070318 -0.7242258 0.5654488 0.8019356 0.1927875 -0.1731877 0.6527007 -0.7375553 0.6032170 0.7447126 0.2855388
-0.1530406 0.3360191 -0.3624159 0.2767507 0.5723700 -0.2588928 -0.0795138 0.3798368 -0.3912299 0.2561589 0.5914659 -0.3181272 -0.2958029 0.6494708 -0.7004915 0.4031578 0.8338026 -0.3771433 -0.1442943 0.6892929 -0.7099679 0.3563768 0.8228672 -0.4425892
-0.1437513 0.3583657 -0.3794321 0.2978802 0.5769306 -0.2666259 -0.0781756 0.4158053 -0.4030345 0.2859385 0.5902152 -0.3296998 -0.2655426 0.6619859 -0.7009007 0.4243881 0.8219494 -0.3798603 -0.1337867 0.7115924 -0.6897371 0.3895401 0.8040625 -0.4491569
-0.1555719 0.3930701 -0.3657390 0.3134658 0.6640299 -0.2473012 -0.0952024 0.4546619 -0.3925443 0.3058617 0.6951284 -0.3045066 -0.2783081 0.7031770 -0.6542834 0.4045631 0.8570058 -0.3191703 -0.1565389 0.7475889 -0.6454505 0.3738149 0.8495648 -0.3721587
-0.1430732 0.4419127 -0.3810161 0.3564704 0.7257579 -0.1936798 -0.0970904 0.4841473 -0.4046359 0.3643494 0.7772468 -0.2334821 -0.2381479 0.7355717 -0.6342081 0.4287339 0.8728832 -0.2329425 -0.1520838 0.7583753 -0.6338275 0.4095683 0.8737099 -0.2624592
-0.1944939 0.4215367 -0.3805156 0.3742027 0.7346743 -0.1552756 -0.1454739 0.4899866 -0.4131997 0.3855084 0.7905660 -0.1876136 -0.3240156 0.7022558 -0.6339169 0.4460219 0.8756774 -0.1850770 -0.2213357 0.7455051 -0.6286753 0.4286576 0.8790525 -0.2086129
-0.2134106 0.4213708 -0.3855294 0.4047468 0.7420051 -0.1072639 -0.1833618 0.4427817 -0.4020444 0.4245988 0.8016375 -0.1259014 -0.3500273 0.6911152 -0.6323295 0.4750571 0.8709022 -0.1258972 -0.2931194 0.7078242 -0.6427021 0.4636181 0.8753056 -0.1374714
-0.2122006 0.4449764 -0.4032374 0.4194487 0.7350574 -0.0886497 -0.1907463 0.5193730 -0.4447892 0.4410332 0.7949546 -0.1042679 -0.3331806 0.6986667 -0.6331315 0.4929217 0.8638143 -0.1041781 -0.2686915 0.7316057 -0.6265445 0.4819718 0.8687458 -0.1139465
-0.2448463 0.4047754 -0.4180902 0.4465900 0.7235517 -0.0754690 -0.2220559 0.4291267 -0.4216081 0.4760208 0.7806397 -0.0885963 -0.3878190 0.6411353 -0.6622250 0.5231726 0.8476284 -0.0884106 -0.3462817 0.6691950 -0.6574702 0.5181971 0.8498058 -0.0964461
-0.2445822 0.4010710 -0.4204009 0.4606022 0.7147950 -0.0748892 -0.2214785 0.4446290 -0.4418384 0.4921657 0.7708937 -0.0873080 -0.3879740 0.6362078 -0.6668702 0.5395767 0.8373533 -0.0877297 -0.3331469 0.6688087 -0.6646112 0.5356825 0.8390554 -0.0950277
-0.2454200 0.3745586 -0.4196889 0.4817614 0.6959019 -0.0870760 -0.2074754 0.4415216 -0.4669408 0.5175746 0.7481423 -0.1039856 -0.3998830 0.6102992 -0.6838337 0.5662080 0.8178846 -0.1023394 -0.3072375 0.6538219 -0.6914637 0.5652543 0.8170622 -0.1135649
-0.2429662 0.3630752 -0.4187671 0.4964675 0.6843731 -0.0854422 -0.2153579 0.3983834 -0.4415638 0.5345345 0.7350010 -0.1023339 -0.4014889 0.5999628 -0.6919908 0.5842222 0.8053416 -0.1005449 -0.3404823 0.6298468 -0.6981152 0.5844697 0.8036635 -0.1118938
-0.2418590 0.3594688 -0.4180449 0.4961095 0.6840453 -0.0872508 -0.2141783 0.3960220 -0.4412344 0.5339353 0.7346609 -0.1047130 -0.4017197 0.5970656 -0.6943586 0.5839998 0.8052300 -0.1027081 -0.3397543 0.6282158 -0.6999371 0.5840406 0.8036027 -0.1145395
-0.2424491 0.3581282 -0.4157159 0.4726645 0.6882860 -0.1163843 -0.2142320 0.3962933 -0.4406800 0.5036171 0.7394758 -0.1432015 -0.4041621 0.5969989 -0.6929974 0.5606754 0.8164459 -0.1380553 -0.3399469 0.6288449 -0.6992783 0.5558263 0.8161362 -0.1580470
-0.2496828 0.3649667 -0.4124483 0.4578087 0.7041019 -0.1040654 -0.2392677 0.4116171 -0.4315237 0.4871758 0.7579489 -0.1272111 -0.4129072 0.6035552 -0.6820768 0.5409705 0.8320033 -0.1229690 -0.3723632 0.6405839 -0.6715638 0.5353873 0.8329564 -0.1398001
-0.2788271 0.3950020 -0.4049501 0.4216849 0.7287947 -0.0818379 -0.2602739 0.4765353 -0.4572882 0.4406294 0.7895604 -0.0975327 -0.4421063 0.6263125 -0.6420862 0.4984660 0.8614948 -0.0967391 -0.3666408 0.6712824 -0.6441696 0.4845088 0.8681876 -0.1072454
-0.3070591 0.4201381 -0.4036092 0.4100388 0.7363100 -0.0649520 -0.2937713 0.4935070 -0.4534858 0.4251010 0.7995064 -0.0737311 -0.4662582 0.6379645 -0.6128659 0.4850906 0.8710813 -0.0768405 -0.4014482 0.6743938 -0.6197035 0.4679194 0.8800369 -0.0811577
-0.3227997 0.4213444 -0.4049000 0.4171073 0.7354832 -0.0696327 -0.3259830 0.4965931 -0.4477006 0.4333782 0.8006786 -0.0761017 -0.4835307 0.6311437 -0.6065111 0.4916467 0.8669181 -0.0820764 -0.4382405 0.6676029 -0.6018734 0.4743548 0.8763841 -0.0832973
-0.3655314 0.4390541 -0.4123648 0.4285505 0.7492295 -0.0767608 -0.3726362 0.5047167 -0.4479859 0.4463899 0.8187504 -0.0750957 -0.5187968 0.6231471 -0.5852671 0.4945533 0.8646214 -0.0885830 -0.4833777 0.6547103 -0.5811200 0.4771412 0.8751532 -0.0802690
-0.3824841 0.4500529 -0.4093506 0.4250160 0.7596849 -0.0572244 -0.4029611 0.5109605 -0.4413720 0.4437868 0.8286303 -0.0557009 -0.5322507 0.6262769 -0.5696371 0.4871954 0.8708259 -0.0655962 -0.5124776 0.6498290 -0.5613279 0.4712936 0.8799905 -0.0591534
-0.4128295 0.4435596 -0.4073862 0.4225626 0.7644550 -0.0584850 -0.4360442 0.4964886 -0.4340175 0.4417796 0.8333048 -0.0572002 -0.5653943 0.6074809 -0.5579393 0.4826936 0.8732375 -0.0668075 -0.5515542 0.6280105 -0.5489906 0.4675406 0.8818964 -0.0605357
-0.4440628 0.4022174 -0.3909896 0.4238410 0.7635451 -0.0557178 -0.4637590 0.4755333 -0.4367816 0.4432305 0.8323996 -0.0545025 -0.6206916 0.5622018 -0.5465081 0.4843512 0.8725536 -0.0636724 -0.5833643 0.5981752 -0.5494293 0.4692141 0.8811975 -0.0576976
-0.4585889 0.3616964 -0.3799361 0.4247690 0.7621452 -0.0627946 -0.4873932 0.4339562 -0.4399303 0.4442039 0.8310108 -0.0617191 -0.6581700 0.5191092 -0.5452870 0.4855733 0.8712438 -0.0717835 -0.6192853 0.5513879 -0.5589786 0.4704047 0.8800270 -0.0653595
-0.4694188 0.3414368 -0.3851206 0.4254619 0.7616244 -0.0668596 -0.5139496 0.3933108 -0.4517583 0.4449655 0.8305322 -0.0658818 -0.6738718 0.4901479 -0.5528579 0.4862629 0.8704650 -0.0764142 -0.6511834 0.4983318 -0.5723858 0.4711022 0.8793165 -0.0697516
-0.4841399 0.3143494 -0.3896952 0.4175863 0.7652173 -0.0453446 -0.5281469 0.3636040 -0.4608500 0.4371403 0.8341606 -0.0438294 -0.6951347 0.4513471 -0.5595297 0.4783778 0.8766164 -0.0519458 -0.6688460 0.4604686 -0.5836211 0.4636710 0.8847870 -0.0464894
-0.4811715 0.3068440 -0.3995750 0.4177867 0.7646063 -0.0364026 -0.5175683 0.3549738 -0.4698356 0.4373704 0.8335911 -0.0344394 -0.6906803 0.4404482 -0.5735556 0.4790786 0.8767789 -0.0417431 -0.6601782 0.4527827 -0.5992934 0.4643027 0.8849217 -0.0365601
-0.4784085 0.3015931 -0.4095850 0.5364752 0.6585810 0.0456205 -0.5081426 0.3421618 -0.4763123 0.5659129 0.6354274 0.1008767 -0.6851256 0.4319095 -0.5865638 0.6306605 0.7742036 0.0536298 -0.6548333 0.4409371 -0.6138141 0.6604531 0.7415805 0.1177290
-0.4667745 0.2809529 -0.3988331 0.5347516 0.6603607 0.0490145 -0.4981524 0.3350670 -0.4751864 0.5636936 0.6372072 0.1045329 -0.6913237 0.4161098 -0.5906981 0.6282775 0.7758551 0.0575869 -0.6506224 0.4376213 -0.6206272 0.6576350 0.7433999 0.1219537
-0.4645824 0.2840422 -0.4038593 0.5351278 0.6620411 0.0475863 -0.4944565 0.3335032 -0.4754952 0.5639085 0.6388877 0.1031876 -0.6852732 0.4189708 -0.5957047 0.6276432 0.7764978 0.0558133 -0.6482440 0.4372304 -0.6233853 0.6569443 0.7442938 0.1202119
-0.4624821 0.2908330 -0.4102059 0.5314110 0.6663604 0.0462391 -0.4905960 0.3358549 -0.4765589 0.5600116 0.6432071 0.1019340 -0.6769495 0.4257014 -0.6004312 0.6225788 0.7806799 0.0541718 -0.6438560 0.4407745 -0.6254337 0.6520060 0.7488681 0.1186790
-0.4525271 0.2942238 -0.4167119 0.5285389 0.6941923 0.0398065 -0.4782760 0.3418682 -0.4818376 0.5562858 0.6710388 0.0959308 -0.6636199 0.4314720 -0.6110978 0.6051457 0.7948091 0.0455761 -0.6292074 0.4497529 -0.6338930 0.6343793 0.7652418 0.1093979
-0.4377678 0.3009902 -0.4153757 0.4881290 0.6976985 0.0349942 -0.4583244 0.3604054 -0.4801230 0.5154124 0.6745451 0.0913460 -0.6491523 0.4463291 -0.6159478 0.5727739 0.8186842 0.0410624 -0.6068147 0.4771713 -0.6356756 0.6036560 0.7900339 0.1069853
-0.4255800 0.3140040 -0.4136989 0.4803266 0.6948438 0.0349157 -0.4454337 0.3751456 -0.4792627 0.5073883 0.6716904 0.0913734 -0.6338093 0.4676410 -0.6161150 0.5681491 0.8218886 0.0412996 -0.5905935 0.4973997 -0.6354469 0.5992292 0.7932712 0.1079127
-0.4074955 0.3272546 -0.4105816 0.4543653 0.7086695 0.0460026 -0.4062448 0.4062499 -0.4721033 0.4809864 0.6855159 0.1026695 -0.6131216 0.4923904 -0.6177649 0.5389378 0.8405764 0.0545652 -0.5463146 0.5463215 -0.6348805 0.5700952 0.8125164 0.1216903
-0.3839954 0.3405366 -0.4101804 0.4497380 0.7163531 0.0319264 -0.3845398 0.4137867 -0.4710773 0.4760086 0.6931997 0.0887566 -0.5844567 0.5183106 -0.6243113 0.5313346 0.8463220 0.0377189 -0.5228066 0.5625696 -0.6404598 0.5629444 0.8198022 0.1049667
-0.3603592 0.3454358 -0.4037079 0.4229557 0.7335854 0.0006490 -0.3348503 0.4293139 -0.4601512 0.4446045 0.7951579 0.0068429 -0.5613067 0.5380615 -0.6288280 0.4994861 0.8663216 0.0007664 -0.4697258 0.6022386 -0.6454970 0.4880180 0.8728012 0.0075111
-0.3232158 0.3448823 -0.3906210 0.3534297 0.7359650 -0.0734038 -0.2993607 0.4302648 -0.4493444 0.3520360 0.7983592 -0.0934852 -0.5271090 0.5624432 -0.6370351 0.4311577 0.8978220 -0.0895471 -0.4336034 0.6232090 -0.6508445 0.4011702 0.9097874 -0.1065331
-0.2943738 0.3480571 -0.3838443 0.3088300 0.7220792 -0.0920988 -0.2483604 0.4411171 -0.4337487 0.2923991 0.7796372 -0.1188452 -0.4939713 0.5840541 -0.6441065 0.3905624 0.9131786 -0.1164729 -0.3725571 0.6617049 -0.6506518 0.3476373 0.9269215 -0.1412967
-0.2739106 0.3477327 -0.3788901 0.2008805 0.5919890 -0.1212050 -0.2296539 0.4198414 -0.4104818 0.1484960 0.6062065 -0.1579741 -0.4700967 0.5967932 -0.6502669 0.3154606 0.9296535 -0.1903391 -0.3642533 0.6659092 -0.6510640 0.2306514 0.9415901 -0.2453733
-0.2289882 0.3457086 -0.3713150 0.2046119 0.5921007 -0.1137226 -0.1822633 0.3891500 -0.3880901 0.1536894 0.6063898 -0.1524671 -0.4113912 0.6210864 -0.6670899 0.3213650 0.9299579 -0.1786137 -0.3147754 0.6720764 -0.6702460 0.2386944 0.9417816 -0.2367960
-0.2031932 0.3470031 -0.3609623 0.2052927 0.5922334 -0.1123648 -0.1362892 0.4044152 -0.3805596 0.1546951 0.6065633 -0.1515169 -0.3760308 0.6421665 -0.6679993 0.3223829 0.9300181 -0.1764529 -0.2383524 0.7072704 -0.6655499 0.2401892 0.9417879 -0.2352546
-0.1735840 0.3455955 -0.3504927 0.2057744 0.5932820 -0.1118059 -0.1022349 0.3991353 -0.3628998 0.1554521 0.6078469 -0.1512245 -0.3325799 0.6621469 -0.6715297 0.3226164 0.9301568 -0.1752911 -0.1862028 0.7269546 -0.6609580 0.2408700 0.9418471 -0.2343195
-0.1262135 0.3463535 -0.3470019 0.2071829 0.5930143 -0.1102292 -0.0663855 0.3754775 -0.3523257 0.1572861 0.6078886 -0.1500731 -0.2493049 0.6841393 -0.6854200 0.3248589 0.9298355 -0.1728373 -0.1278718 0.7232449 -0.6786499 0.2436307 0.9415983 -0.2324580
-0.1006156 0.3480162 -0.3398736 0.2081859 0.5938761 -0.1121120 -0.0194780 0.3874809 -0.3438155 0.1582068 0.6089121 -0.1517903 -0.2025509 0.7005972 -0.6842051 0.3256885 0.9290670 -0.1753894 -0.0375739 0.7474674 -0.6632350 0.2444551 0.9408679 -0.2345406
-0.0932168 0.3298678 -0.3326980 0.2067350 0.5929583 -0.1148549 -0.0134183 0.3718898 -0.3374770 0.1563261 0.6081455 -0.1539290 -0.1951398 0.6905442 -0.6964691 0.3238426 0.9288467 -0.1799159 -0.0267102 0.7402748 -0.6717736 0.2418006 0.9406616 -0.2380929
-0.0908958 0.3220820 -0.3291846 0.2065550 0.5931016 -0.1178105 -0.0074303 0.3564280 -0.3324084 0.1557615 0.6083683 -0.1563516 -0.1936316 0.6861179 -0.7012482 0.3232500 0.9281797 -0.1843686 -0.0152436 0.7312341 -0.6819563 0.2406837 0.9400548 -0.2415955
-0.1049139 0.2862693 -0.3229873 0.1744313 0.4365347 -0.0973234 -0.0384263 0.2808597 -0.3205104 0.1186532 0.4230721 -0.1290403 -0.2362076 0.6445188 -0.7271874 0.3633507 0.9093276 -0.2027305 -0.0898051 0.6563904 -0.7490572 0.2590953 0.9238351 -0.2817769
-0.1041004 0.2833218 -0.3224427 -0.2327396 0.2155213 -0.2747157 -0.0373674 0.2837840 -0.3208298 -0.3023699 0.2158432 -0.3296659 -0.2356943 0.6414702 -0.7300440 -0.5546360 0.5136034 -0.6546682 -0.0869101 0.6600316 -0.7461937 -0.6087766 0.4345681 -0.6637331
-0.0861748 0.2774897 -0.3264022 -0.2164281 0.2140165 -0.2861961 -0.0197522 0.2827974 -0.3224157 -0.2831562 0.2143606 -0.3446363 -0.1971983 0.6349945 -0.7469235 -0.5180249 0.5122529 -0.6850162 -0.0460081 0.6587088 -0.7509900 -0.5721763 0.4331604 -0.6964096
-0.0155344 0.2642183 -0.3121320 -0.2420912 0.2527278 -0.1905968 0.0613099 0.2798159 -0.3409062 -0.3223483 0.2690091 -0.2091368 -0.0379590 0.6456285 -0.7627076 -0.6074978 0.6341890 -0.4782789 0.1376889 0.6284066 -0.7656023 -0.6872293 0.5735130 -0.4458685
-0.0391214 0.2628164 -0.3117118 -0.2455860 0.2510083 -0.1842908 0.0296865 0.2782228 -0.3423375 -0.3263306 0.2672339 -0.2009229 -0.0955126 0.6416511 -0.7610264 -0.6192496 0.6329222 -0.4646928 0.0671433 0.6292698 -0.7742812 -0.6984820 0.5719906 -0.4300577
-0.0504949 0.2687467 -0.3116811 -0.2471116 0.2510585 -0.1817489 0.0140534 0.2847998 -0.3419791 -0.3280570 0.2672495 -0.1975911 -0.1217825 0.6481572 -0.7517056 -0.6234010 0.6333580 -0.4585072 0.0315621 0.6396231 -0.7680405 -0.7024824 0.5722727 -0.4231104
-0.1279887 0.2920278 -0.3157738 -0.2661424 0.2545454 -0.1478680 -0.0759338 0.3170487 -0.3468010 -0.3488730 0.2704203 -0.1528181 -0.2852131 0.6507618 -0.7036779 -0.6706369 0.6414143 -0.3726042 -0.1595315 0.6660970 -0.7286045 -0.7468735 0.5789206 -0.3271556
-0.1127164 0.3137473 -0.3245377 -0.2973664 0.2773668 -0.1317907 -0.0612036 0.3403934 -0.3551137 -0.3849088 0.2906273 -0.1371506 -0.2422654 0.6743481 -0.6975401 -0.6956478 0.6488617 -0.3083063 -0.1234689 0.6866913 -0.7163871 -0.7676264 0.5796000 -0.2735204
-0.1522869 0.3402455 -0.3505665 -0.2967618 0.2797621 -0.1313269 -0.1137054 0.3754778 -0.3901729 -0.3843141 0.2929069 -0.1367998 -0.2975993 0.6649084 -0.6850777 -0.6926182 0.6529424 -0.3065066 -0.2055018 0.6786080 -0.7051668 -0.7652593 0.5832462 -0.2724005
-0.1444534 0.3508781 -0.3301373 -0.2962094 0.2820941 -0.1308182 -0.1029806 0.3894280 -0.3631893 -0.3837667 0.2951589 -0.1364090 -0.2872042 0.6976205 -0.6563835 -0.6897354 0.6568673 -0.3046154 -0.1898714 0.7180112 -0.6696333 -0.7629646 0.5868039 -0.2711940
-0.1480590 0.3571157 -0.3357917 -0.2962393 0.2841092 -0.1308111 -0.1087857 0.3967896 -0.3701736 -0.3837989 0.2971371 -0.1364658 -0.2891417 0.6974050 -0.6557617 -0.6876517 0.6594945 -0.3036481 -0.1965598 0.7169410 -0.6688497 -0.7612077 0.5893270 -0.2706595
-0.1497210 0.3849994 -0.3474844 -0.2954213 0.2832689 -0.1315087 -0.1111132 0.4339403 -0.3856324 -0.3830041 0.2960714 -0.1373095 -0.2773628 0.7132232 -0.6437255 -0.6871944 0.6589261 -0.3059090 -0.1879869 0.7341617 -0.6524321 -0.7611458 0.5883840 -0.2728759
-0.1592894 0.3875595 -0.3491598 -0.2975933 0.2847836 -0.1293897 -0.1172880 0.4606748 -0.3815121 -0.3851961 0.2976829 -0.1346509 -0.2920466 0.7105648 -0.6401613 -0.6892776 0.6596081 -0.2996890 -0.1924230 0.7557845 -0.6259099 -0.7626195 0.5893591 -0.2665847
-0.1716765 0.3859836 -0.3553365 -0.2976201 0.2821937 -0.1285599 -0.1271446 0.4581472 -0.3864172 -0.3852400 0.2951030 -0.1335132 -0.3109998 0.6992271 -0.6437085 -0.6924419 0.6565509 -0.2991071 -0.2075204 0.7477697 -0.6306947 -0.7654123 0.5863240 -0.2652701
-0.1762123 0.3840724 -0.3608401 -0.2980445 0.2801815 -0.1273883 -0.1339237 0.4556648 -0.3960946 -0.3856764 0.2930462 -0.1322447 -0.3171173 0.6911893 -0.6493797 -0.6956521 0.6539590 -0.2973313 -0.2165539 0.7368079 -0.6404831 -0.7681165 0.5836335 -0.2633798
-0.1815148 0.3794322 -0.3648066 -0.2985119 0.2795056 -0.1269764 -0.1377021 0.4501485 -0.3999689 -0.3861407 0.2923394 -0.1319607 -0.3260100 0.6814800 -0.6552117 -0.6971309 0.6527446 -0.2965349 -0.2229221 0.7287328 -0.6474984 -0.7692403 0.5823764 -0.2628821
-0.1798546 0.3775061 -0.3680079 -0.2615336 0.2250565 -0.2479919 -0.1338290 0.4458329 -0.4050193 -0.3375471 0.2206605 -0.2935017 -0.3228782 0.6777059 -0.6606545 -0.6155005 0.5296544 -0.5836311 -0.2168945 0.7225544 -0.6564084 -0.6767578 0.4424086 -0.5884500
