-0.1805179 0.4187359 -0.3761480 0.3245733 0.5214524 -0.2404777 -0.1634016 0.5039076 -0.4215688 0.3283197 0.5591044 -0.3022715 -0.3053868 0.7083864 -0.6363393 0.4920659 0.7905424 -0.3645736 -0.2413576 0.7443128 -0.6226917 0.4589484 0.7815557 -0.4225365
-0.1924770 0.4033510 -0.3802633 0.3316527 0.5202884 -0.2417545 -0.1779652 0.4749421 -0.4456424 0.3263326 0.5596143 -0.3023799 -0.3280086 0.6873686 -0.6480237 0.5004753 0.7851331 -0.3648159 -0.2635903 0.7034530 -0.6600561 0.4564674 0.7827771 -0.4229629
-0.2153499 0.3653594 -0.3965598 0.3382945 0.4847037 -0.2424329 -0.1785958 0.4351829 -0.4547337 0.3235679 0.5233399 -0.3019368 -0.3708947 0.6292544 -0.6829905 0.5295203 0.7586894 -0.3794716 -0.2729715 0.6651472 -0.6950293 0.4720995 0.7635755 -0.4405388
-0.1930216 0.3696769 -0.4216725 0.3508711 0.4600137 -0.2312717 -0.1521962 0.4328849 -0.4845090 0.3339602 0.4989842 -0.2899707 -0.3254645 0.6233329 -0.7110056 0.5631375 0.7383079 -0.3711840 -0.2280744 0.6487018 -0.7260634 0.5008539 0.7483474 -0.4348811
-0.1846990 0.3573759 -0.4164871 0.3496016 0.4471647 -0.2349644 -0.1359179 0.4103046 -0.4830405 0.3325593 0.4860093 -0.2937087 -0.3189719 0.6171819 -0.7192659 0.5690896 0.7279050 -0.3824804 -0.2096880 0.6329994 -0.7452132 0.5053501 0.7385293 -0.4463135
-0.1607453 0.3512900 -0.4205576 0.3339046 0.4330451 -0.2572890 -0.1086279 0.3946301 -0.4777091 0.3167591 0.4718889 -0.3160044 -0.2814846 0.6151516 -0.7364475 0.5525179 0.7165674 -0.4257406 -0.1726780 0.6273152 -0.7593800 0.4871060 0.7256616 -0.4859455
-0.1446391 0.3424222 -0.4138690 0.3236471 0.4194683 -0.2638585 -0.0975071 0.3879158 -0.4751996 0.3210060 0.4666693 -0.3187708 -0.2600056 0.6155438 -0.7439778 0.5468117 0.7087045 -0.4457970 -0.1569837 0.6245336 -0.7650581 0.4938905 0.7180038 -0.4904515
-0.1559998 0.3203514 -0.3790385 0.3095471 0.4093938 -0.2706065 -0.0837337 0.3840988 -0.4679584 0.3137265 0.4521371 -0.3232908 -0.2998715 0.6157972 -0.7286089 0.5335032 0.7055886 -0.4663893 -0.1370057 0.6284652 -0.7656768 0.4915381 0.7083959 -0.5065230
-0.1347737 0.3385077 -0.4035567 0.2947334 0.4068200 -0.2689402 -0.0804918 0.3875144 -0.4652356 0.2963940 0.4425010 -0.3224318 -0.2478826 0.6226004 -0.7422418 0.5172361 0.7139400 -0.4719708 -0.1317785 0.6344256 -0.7616683 0.4760659 0.7107418 -0.5178875
-0.1836461 0.3069724 -0.3629301 0.2805395 0.4122947 -0.2656517 -0.1219222 0.3625380 -0.4150156 0.2852430 0.4501576 -0.3272514 -0.3603842 0.6023976 -0.7122081 0.4965028 0.7296849 -0.4701542 -0.2160245 0.6423529 -0.7353340 0.4561122 0.7198156 -0.5232849
-0.1698230 0.3253840 -0.3703361 0.2568941 0.4568880 -0.3057671 -0.1105731 0.3850932 -0.4206811 0.2609219 0.4938758 -0.3679440 -0.3257026 0.6240520 -0.7102654 0.4233423 0.7529175 -0.5038815 -0.1903335 0.6628751 -0.7241338 0.3900983 0.7383822 -0.5501045
-0.1653502 0.3461308 -0.3766564 0.2688405 0.4635104 -0.2756146 -0.1119896 0.4143965 -0.4225137 0.2761725 0.5214275 -0.3185347 -0.3075692 0.6438406 -0.7006215 0.4461626 0.7692332 -0.4574048 -0.1859318 0.6880057 -0.7014823 0.4118665 0.7776247 -0.4750430
-0.1731134 0.3516962 -0.3770756 0.2913755 0.4860947 -0.2561561 -0.1235813 0.4248271 -0.4196068 0.2910812 0.5374187 -0.3073037 -0.3182723 0.6466004 -0.6932609 0.4684979 0.7815839 -0.4118693 -0.2026684 0.6966998 -0.6881387 0.4254997 0.7855935 -0.4492136
-0.2142546 0.3420447 -0.3700378 0.3175920 0.5156597 -0.2579637 -0.1626386 0.4164907 -0.4075090 0.3213521 0.5694496 -0.3063665 -0.3912860 0.6246648 -0.6757877 0.4824671 0.7833600 -0.3918834 -0.2688409 0.6884573 -0.6736105 0.4450363 0.7886233 -0.4242830
-0.2196268 0.3424533 -0.3710978 0.3397192 0.5249097 -0.2364988 -0.1725190 0.4195574 -0.4091285 0.3435870 0.5786997 -0.2848933 -0.3988446 0.6218988 -0.6739175 0.5081934 0.7852239 -0.3537838 -0.2824096 0.6868055 -0.6697336 0.4701339 0.7918412 -0.3898227
-0.2378035 0.3393867 -0.3759439 0.3722290 0.6116456 -0.2671741 -0.2088932 0.4198207 -0.4239557 0.3762242 0.6654358 -0.3155583 -0.4250100 0.6065627 -0.6718990 0.4870644 0.8003428 -0.3495993 -0.3304445 0.6641068 -0.6706479 0.4549273 0.8046397 -0.3815706
-0.2493770 0.3363096 -0.3817860 0.4078651 0.6089951 -0.2592109 -0.2327564 0.4130370 -0.4404993 0.4120281 0.6627853 -0.3075809 -0.4401165 0.5935407 -0.6738004 0.5246230 0.7833298 -0.3334142 -0.3596588 0.6382311 -0.6806663 0.4911862 0.7901184 -0.3666728
-0.2644958 0.3288915 -0.3938018 0.4316708 0.6010126 -0.2506884 -0.2694888 0.3912934 -0.4692452 0.4359952 0.6548028 -0.2990447 -0.4582066 0.5697643 -0.6822135 0.5525164 0.7692653 -0.3208684 -0.4035612 0.5859644 -0.7026977 0.5180567 0.7780475 -0.3553299
-0.2944816 0.2845048 -0.4000108 0.4576113 0.5863032 -0.2528518 -0.2888289 0.3606600 -0.4830380 0.4618868 0.6400936 -0.3012125 -0.5144452 0.4970162 -0.6987997 0.5825339 0.7463572 -0.3218774 -0.4320884 0.5395478 -0.7226256 0.5467023 0.7576328 -0.3565237
-0.3008377 0.2672062 -0.4007190 0.4961776 0.5551779 -0.2698780 -0.2997377 0.3109850 -0.4890648 0.5262315 0.5997977 -0.3135873 -0.5297636 0.4705398 -0.7056506 0.6264945 0.7009906 -0.3407591 -0.4593776 0.4766152 -0.7495400 0.6138031 0.6996116 -0.3657722
-0.3049484 0.2409782 -0.4040238 0.5004526 0.5529002 -0.2726137 -0.2949507 0.2790582 -0.4919983 0.5299657 0.5984949 -0.3156810 -0.5439447 0.4298393 -0.7206680 0.6302762 0.6963293 -0.3433330 -0.4623690 0.4374556 -0.7712636 0.6166085 0.6963414 -0.3672909
-0.3013740 0.2343187 -0.3990655 0.5078971 0.5516511 -0.2753254 -0.2810445 0.2648387 -0.4894689 0.5385150 0.5962946 -0.3186177 -0.5457160 0.4242949 -0.7226119 0.6358246 0.6905992 -0.3446735 -0.4507802 0.4247869 -0.7850817 0.6230364 0.6898846 -0.3686256
-0.2925540 0.2049688 -0.3635774 0.4222083 0.3961703 -0.1107502 -0.2648073 0.2358487 -0.4523872 0.4137597 0.4481740 -0.1557939 -0.5739791 0.4021404 -0.7133240 0.7162492 0.6720774 -0.1878805 -0.4606900 0.4103102 -0.7870262 0.6572345 0.7118998 -0.2474701
-0.2901541 0.2052036 -0.3482761 0.3988138 0.3968854 -0.1060649 -0.2472521 0.2285405 -0.4332788 0.3834987 0.4486629 -0.1495300 -0.5831208 0.4123963 -0.6999282 0.6965500 0.6931819 -0.1852480 -0.4505971 0.4164966 -0.7896156 0.6298479 0.7368718 -0.2455840
-0.2794780 0.2046569 -0.3405110 0.3912466 0.3935283 -0.1084622 -0.2367140 0.2292686 -0.4252234 0.3733835 0.4446266 -0.1517588 -0.5753693 0.4213331 -0.7010197 0.6919545 0.6959900 -0.1918251 -0.4400127 0.4261731 -0.7904210 0.6221859 0.7409016 -0.2528825
-0.2765177 0.2072025 -0.3336048 0.3631474 0.4013127 -0.1156502 -0.2271659 0.2358473 -0.4133206 0.3355969 0.4522517 -0.1537395 -0.5757200 0.4314032 -0.6945774 0.6561564 0.7251158 -0.2089636 -0.4307965 0.4472599 -0.7838194 0.5748742 0.7747027 -0.2633542
-0.2684169 0.2161508 -0.3347354 0.3243124 0.3367442 -0.1602027 -0.2188993 0.2519878 -0.4113804 0.2832329 0.3639779 -0.2089413 -0.5586970 0.4499077 -0.6967358 0.6562284 0.6813836 -0.3241614 -0.4132025 0.4756616 -0.7765370 0.5593980 0.7188731 -0.4126686
-0.2590586 0.2538237 -0.3473520 0.3261731 0.3775559 -0.2008397 -0.2285898 0.2944230 -0.4140110 0.2891181 0.4047709 -0.2527135 -0.5158614 0.5054372 -0.6916793 0.6064479 0.7019830 -0.3734178 -0.4103322 0.5285068 -0.7431743 0.5181919 0.7254788 -0.4529433
-0.2612376 0.2609200 -0.3486995 0.3661154 0.3701501 -0.1488895 -0.2390817 0.3255462 -0.4106099 0.3405023 0.4064949 -0.2124556 -0.5143951 0.5137698 -0.6866136 0.6761164 0.6835673 -0.2749588 -0.4150943 0.5652144 -0.7129021 0.5960738 0.7115985 -0.3719188
-0.2878450 0.2710403 -0.3381888 0.3926206 0.4119311 -0.1335709 -0.2659468 0.3418388 -0.4023661 0.3778670 0.4707830 -0.1973789 -0.5532523 0.5209527 -0.6500155 0.6716820 0.7047178 -0.2285086 -0.4498665 0.5782428 -0.6806287 0.5949529 0.7412494 -0.3107738
-0.2960726 0.2730997 -0.3367049 0.4108241 0.3717769 -0.0888219 -0.2817210 0.3496276 -0.3978868 0.4065849 0.4333919 -0.1593919 -0.5639604 0.5202015 -0.6413571 0.7321174 0.6625326 -0.1582868 -0.4695872 0.5827773 -0.6632183 0.6608336 0.7044038 -0.2590641
-0.3163321 0.2761743 -0.3372911 0.4208674 0.3733100 -0.0785526 -0.3167354 0.3424856 -0.3841675 0.4198563 0.4353990 -0.1454986 -0.5873091 0.5127512 -0.6262221 0.7409222 0.6571990 -0.1382891 -0.5241189 0.5667291 -0.6357024 0.6748903 0.6998740 -0.2338790
-0.3453247 0.2712148 -0.3411693 0.4767594 0.3831121 -0.0615049 -0.3601581 0.3303526 -0.3864204 0.4943261 0.4482449 -0.1228023 -0.6210202 0.4877435 -0.6135472 0.7755957 0.6232496 -0.1000565 -0.5780743 0.5302348 -0.6202267 0.7285573 0.6606410 -0.1809909
-0.3745765 0.2406266 -0.3438515 0.4813537 0.3756190 -0.0534366 -0.3913167 0.3036464 -0.3943225 0.5160271 0.4293532 -0.0875066 -0.6658755 0.4277561 -0.6112565 0.7853706 0.6128552 -0.0871864 -0.6180927 0.4796157 -0.6228404 0.7622623 0.6342298 -0.1292626
-0.3817766 0.2200172 -0.3444150 0.5334754 0.4092183 -0.1005584 -0.4084742 0.2319315 -0.3860874 0.5653291 0.4647222 -0.1345441 -0.6826341 0.3934009 -0.6158298 0.7847198 0.6019429 -0.1479172 -0.6717936 0.3814442 -0.6349754 0.7597618 0.6245534 -0.1808177
-0.4017753 0.1909064 -0.3454951 0.5882702 0.3824658 -0.0777596 -0.4462124 0.1765347 -0.3968118 0.6274664 0.4351883 -0.1083275 -0.7133330 0.3389452 -0.6134102 0.8332836 0.5417621 -0.1101464 -0.7166006 0.2835082 -0.6372650 0.8135630 0.5642583 -0.1404558
-0.4364675 0.0877307 -0.2769907 0.6392365 0.3006256 -0.0545233 -0.4767681 0.1073423 -0.3736554 0.6734686 0.3551624 -0.0877540 -0.8324253 0.1673189 -0.5282731 0.9022396 0.4243129 -0.0769561 -0.7750037 0.1744888 -0.6073902 0.8787190 0.4634038 -0.1144985
-0.4424615 0.0397605 -0.2501065 0.6447569 0.2280431 -0.0157768 -0.4852590 0.0749941 -0.3669269 0.6786962 0.2825799 -0.0493065 -0.8678947 0.0779908 -0.4905876 0.9425182 0.3333579 -0.0230628 -0.7916484 0.1223449 -0.5986022 0.9211091 0.3835102 -0.0669176
-0.4397232 0.0258382 -0.2372926 0.6101702 0.1355127 0.0406849 -0.4878318 0.0173664 -0.3572326 0.6569417 0.1511203 -0.0124116 -0.8788632 0.0516421 -0.4742706 0.9741528 0.2163496 0.0649545 -0.8064750 0.0287098 -0.5905707 0.9743824 0.2241431 -0.0184090
-0.4329408 0.0155296 -0.2294092 0.6020843 0.1247827 0.0452071 -0.4797982 0.0014793 -0.3546508 0.6596073 0.1265241 0.0011791 -0.8831711 0.0316794 -0.4679799 0.9765556 0.2023923 0.0733241 -0.8041597 0.0024794 -0.5944081 0.9820941 0.1883827 0.0017556
-0.4116869 0.0038873 -0.2377663 0.6499878 0.1372872 0.0699257 -0.4556558 -0.0095518 -0.3598481 0.7133801 0.1099249 0.0760288 -0.8659247 0.0081764 -0.5001075 0.9730383 0.2055203 0.1046794 -0.7846762 -0.0164490 -0.6196876 0.9828979 0.1514550 0.1047528
-0.4093858 0.0002846 -0.2255820 0.5810585 0.1085529 0.0549380 -0.4532907 -0.0145540 -0.3449724 0.6347244 0.1172641 0.0070345 -0.8758362 0.0006089 -0.4826081 0.9787750 0.1828540 0.0925414 -0.7955037 -0.0255416 -0.6054102 0.9833005 0.1816629 0.0108977
-0.4018790 -0.0007073 -0.2244507 0.5812781 0.1073754 0.0545729 -0.4497832 -0.0168846 -0.3440647 0.6344265 0.1150028 0.0059129 -0.8730615 -0.0015366 -0.4876077 0.9791991 0.1808805 0.0919314 -0.7939089 -0.0298029 -0.6073059 0.9839232 0.1783562 0.0091702
-0.4015370 -0.0015096 -0.2222609 0.5732964 0.1005941 0.0547293 -0.4483546 -0.0170396 -0.3442912 0.6307162 0.1064045 0.0109112 -0.8749055 -0.0032893 -0.4842824 0.9806270 0.1720668 0.0936148 -0.7927740 -0.0301292 -0.6087706 0.9859227 0.1663294 0.0170562
-0.4005053 0.0044289 -0.2222623 0.5853226 0.1079024 0.0430687 -0.4474804 -0.0109842 -0.3469166 0.6424445 0.1162857 -0.0007229 -0.8743393 0.0096687 -0.4852187 0.9808646 0.1808193 0.0721732 -0.7901644 -0.0193960 -0.6125880 0.9840098 0.1781108 -0.0011072
-0.4006398 0.0124016 -0.2220805 0.5905764 0.1147138 0.0377350 -0.4471580 0.0068831 -0.3511371 0.6475072 0.1263489 -0.0055599 -0.8742973 0.0270634 -0.4846358 0.9797276 0.1903027 0.0625999 -0.7864328 0.0121056 -0.6175573 0.9814540 0.1915124 -0.0084274
-0.4036110 0.0309993 -0.2305230 0.6245180 0.1884937 -0.0348228 -0.4459786 0.0273250 -0.3525918 0.6931002 0.1708839 -0.0502254 -0.8664220 0.0665455 -0.4948581 0.9559836 0.2885375 -0.0533052 -0.7835474 0.0480078 -0.6194745 0.9685312 0.2387915 -0.0701845
