-0.1856465 -0.2910286 0.0201542 0.3531264 0.2090389 -0.2852919 -0.1665807 -0.3651663 -0.0021466 0.4098224 0.2600728 -0.3615657 -0.5368815 -0.8416419 0.0582852 0.7065538 0.4182560 -0.5708271 -0.4150274 -0.9097932 -0.0053481 0.6771177 0.4296981 -0.5973869
-0.1856477 -0.2905997 0.0203664 0.3536812 0.2096363 -0.2856858 -0.1653369 -0.3642206 -0.0025445 0.4101897 0.2608046 -0.3620116 -0.5374257 -0.8412477 0.0589580 0.7064388 0.4187251 -0.5706255 -0.4133429 -0.9105532 -0.0063614 0.6767968 0.4303173 -0.5973049
-0.1853653 -0.2912125 0.0201649 0.3555173 0.2087051 -0.2859819 -0.1650686 -0.3648760 -0.0026156 0.4168587 0.2498940 -0.3645776 -0.5360612 -0.8421625 0.0583152 0.7085786 0.4159684 -0.5699882 -0.4121707 -0.9110832 -0.0065310 0.6861140 0.4113043 -0.6000637
-0.1853191 -0.2912613 0.0200882 0.3619487 0.2053983 -0.2855854 -0.1649970 -0.3649515 -0.0025776 0.4222645 0.2476195 -0.3644235 -0.5359091 -0.8422748 0.0580915 0.7171107 0.4069453 -0.5658160 -0.4119519 -0.9111828 -0.0064356 0.6919327 0.4057553 -0.5971531
-0.1853490 -0.2905632 0.0201900 0.3638166 0.2070997 -0.2840901 -0.1650912 -0.3642929 -0.0023993 0.4216912 0.2549043 -0.3615556 -0.5368740 -0.8416330 0.0584816 0.7191119 0.4093487 -0.5615262 -0.4127664 -0.9108172 -0.0059988 0.6899798 0.4170796 -0.5915847
-0.1850986 -0.2904314 0.0200830 0.3660874 0.2085639 -0.2838817 -0.1650276 -0.3642329 -0.0024326 0.4197885 0.2623564 -0.3604176 -0.5365397 -0.8418648 0.0582138 0.7205835 0.4105241 -0.5587749 -0.4126907 -0.9108509 -0.0060834 0.6855537 0.4284524 -0.5885955
-0.1851287 -0.2891511 0.0201715 0.3967713 0.2686139 -0.3285584 -0.1652537 -0.3629912 -0.0023859 0.4418955 0.3249449 -0.3958097 -0.5382742 -0.8407265 0.0586500 0.6829409 0.4623505 -0.5655297 -0.4143310 -0.9101066 -0.0059821 0.6532984 0.4803987 -0.5851652
-0.1853925 -0.2895184 0.0200543 0.3680862 0.2031478 -0.2866726 -0.1656031 -0.3634019 -0.0024225 0.4037240 0.2378197 -0.3400047 -0.5383464 -0.8407092 0.0582342 0.7233557 0.3992221 -0.5633634 -0.4146676 -0.9099527 -0.0060660 0.6973680 0.4107952 -0.5873033
-0.1848918 -0.2891226 0.0198601 0.3668126 0.2033592 -0.2889734 -0.1655092 -0.3632072 -0.0022939 0.4013431 0.2375685 -0.3433204 -0.5378506 -0.8410583 0.0577731 0.7201934 0.3992719 -0.5673653 -0.4146577 -0.9099593 -0.0057469 0.6930182 0.4102208 -0.5928276
-0.1850460 -0.2908657 0.0194923 0.3536378 0.2285317 -0.2767758 -0.1654641 -0.3649185 -0.0025749 0.3839473 0.2719818 -0.3268694 -0.5359155 -0.8423822 0.0564520 0.7018346 0.4535473 -0.5492933 -0.4129505 -0.9107308 -0.0064262 0.6701629 0.4747321 -0.5705359
-0.1847594 -0.2943191 0.0192434 0.3527702 0.2273817 -0.2773388 -0.1650856 -0.3682563 -0.0031211 0.3490576 0.2723703 -0.2990214 -0.5308606 -0.8456535 0.0552913 0.7012534 0.4520001 -0.5513071 -0.4090544 -0.9124772 -0.0077337 0.6533400 0.5098024 -0.5596859
-0.1851705 -0.2939278 0.0195883 0.3499600 0.2267817 -0.2732107 -0.1652511 -0.3677406 -0.0029636 0.3489515 0.2745966 -0.2987219 -0.5321841 -0.8447548 0.0562972 0.7019642 0.4548881 -0.5480174 -0.4098747 -0.9121122 -0.0073506 0.6520405 0.5131032 -0.5581830
-0.1849488 -0.2940333 0.0198164 0.3482856 0.2266529 -0.2719161 -0.1652281 -0.3679370 -0.0026066 0.3461288 0.2739084 -0.2970380 -0.5315712 -0.8450966 0.0569552 0.7013387 0.4564083 -0.5475542 -0.4096476 -0.9122210 -0.0064624 0.6505738 0.5148304 -0.5583041
-0.1851580 -0.2959981 0.0197350 0.3446912 0.2251026 -0.2707264 -0.1654867 -0.3699183 -0.0026712 0.3434809 0.2699258 -0.2913546 -0.5294817 -0.8464421 0.0564346 0.6995638 0.4568542 -0.5494494 -0.4083510 -0.9128012 -0.0065913 0.6541288 0.5140497 -0.5548589
-0.1857309 -0.3014493 0.0196009 0.3378901 0.2110284 -0.2591443 -0.1660251 -0.3753911 -0.0026978 0.3403288 0.2664283 -0.2887404 -0.5237536 -0.8500747 0.0552737 0.7109799 0.4440406 -0.5452849 -0.4044702 -0.9145276 -0.0065723 0.6547463 0.5125719 -0.5554974
-0.1856899 -0.3011419 0.0195532 0.3399911 0.2165411 -0.2641743 -0.1660426 -0.3751361 -0.0026175 0.3350341 0.2701178 -0.2861057 -0.5240596 -0.8498919 0.0551836 0.7054546 0.4493057 -0.5481407 -0.4047363 -0.9144112 -0.0063803 0.6483032 0.5226877 -0.5536249
-0.1857997 -0.3001537 0.0197116 0.3387339 0.2203344 -0.2647741 -0.1661961 -0.3741472 -0.0024949 0.3322090 0.2728926 -0.2846709 -0.5255160 -0.8489550 0.0557524 0.7011558 0.4560770 -0.5480642 -0.4059442 -0.9138775 -0.0060940 0.6442823 0.5292447 -0.5520873
-0.1858000 -0.2993599 0.0190048 0.3379784 0.2220888 -0.2608699 -0.1660285 -0.3733770 -0.0029672 0.3311877 0.2753441 -0.2830601 -0.5265777 -0.8484190 0.0538617 0.7022862 0.4614789 -0.5420622 -0.4062976 -0.9137119 -0.0072612 0.6426013 0.5342484 -0.5492196
-0.1854751 -0.2994432 0.0188299 0.3389203 0.2247319 -0.2630401 -0.1657135 -0.3734814 -0.0030746 0.3317119 0.2788679 -0.2816273 -0.5258202 -0.8489190 0.0533827 0.6997924 0.4640196 -0.5431173 -0.4055582 -0.9140382 -0.0075247 0.6418192 0.5395729 -0.5449121
-0.1855260 -0.2994410 0.0187971 0.3389570 0.2249917 -0.2630527 -0.1654623 -0.3733764 -0.0031752 0.3315984 0.2786748 -0.2821498 -0.5259300 -0.8488570 0.0532863 0.6996470 0.4644092 -0.5429716 -0.4051389 -0.9142221 -0.0077747 0.6414655 0.5390867 -0.5458090
-0.1855013 -0.2991140 0.0187785 0.3388650 0.2255392 -0.2637399 -0.1651287 -0.3728734 -0.0034939 0.3312874 0.2776455 -0.2825808 -0.5262951 -0.8486312 0.0532775 0.6986444 0.4649985 -0.5437577 -0.4049093 -0.9143167 -0.0085675 0.6415069 0.5376344 -0.5471911
-0.1855143 -0.2996880 0.0187904 0.3388971 0.2250403 -0.2639054 -0.1651757 -0.3733848 -0.0037129 0.3320307 0.2768139 -0.2837279 -0.5255941 -0.8490681 0.0532365 0.6988825 0.4640841 -0.5442326 -0.4045399 -0.9144751 -0.0090934 0.6421262 0.5353405 -0.5487117
-0.1848714 -0.2980533 0.0185057 0.3396259 0.2270742 -0.2646226 -0.1648700 -0.3719655 -0.0035857 0.3345835 0.2792162 -0.2862703 -0.5263688 -0.8486222 0.0526897 0.6977302 0.4665030 -0.5436428 -0.4052031 -0.9141842 -0.0088126 0.6417015 0.5355119 -0.5490411
-0.1842829 -0.2980339 0.0185326 0.3403742 0.2281850 -0.2655091 -0.1640483 -0.3718222 -0.0037561 0.3385849 0.2814667 -0.2905187 -0.5251784 -0.8493516 0.0528152 0.6970871 0.4673233 -0.5437632 -0.4036418 -0.9148704 -0.0092419 0.6418578 0.5335784 -0.5507383
-0.1855254 -0.2999196 0.0178276 0.3388085 0.2264926 -0.2667044 -0.1649671 -0.3736414 -0.0043824 0.3418239 0.2842200 -0.2962744 -0.5253985 -0.8493571 0.0504867 0.6956286 0.4650259 -0.5475872 -0.4038737 -0.9147519 -0.0107289 0.6398425 0.5320167 -0.5545807
-0.1854746 -0.2991580 0.0177175 0.3380633 0.2279259 -0.2660948 -0.1649647 -0.3728717 -0.0045619 0.3460605 0.2882049 -0.2997246 -0.5262664 -0.8488324 0.0502717 0.6943589 0.4681443 -0.5465406 -0.4045642 -0.9144412 -0.0111878 0.6396968 0.5327501 -0.5540445
-0.1853408 -0.2995762 0.0181586 0.3374211 0.2280778 -0.2691473 -0.1649176 -0.3732134 -0.0044511 0.3605874 0.3138958 -0.3301664 -0.5254289 -0.8492788 0.0514785 0.6911918 0.4672070 -0.5513361 -0.4041590 -0.9146237 -0.0109083 0.6206299 0.5402660 -0.5682703
-0.1855996 -0.2991308 0.0181529 0.3378031 0.2287084 -0.2718923 -0.1653636 -0.3729530 -0.0040194 0.3632402 0.3124412 -0.3348734 -0.5265243 -0.8485990 0.0514975 0.6890442 0.4665150 -0.5546006 -0.4053137 -0.9141246 -0.0098518 0.6213974 0.5344952 -0.5728701
-0.1856603 -0.2992931 0.0180280 0.3474148 0.2163876 -0.2813555 -0.1651487 -0.3732999 -0.0043407 0.3792422 0.2960349 -0.3466831 -0.5264527 -0.8486662 0.0511197 0.6994876 0.4356764 -0.5664832 -0.4045554 -0.9144517 -0.0106331 0.6395302 0.4992146 -0.5846246
-0.1855273 -0.2976377 0.0178469 0.3486545 0.2190319 -0.2836847 -0.1650660 -0.3715362 -0.0043894 0.3844151 0.2942281 -0.3521730 -0.5282975 -0.8475371 0.0508198 0.6972923 0.4380534 -0.5673558 -0.4059892 -0.9138141 -0.0107960 0.6421463 0.4914935 -0.5882875
-0.1852056 -0.2977215 0.0177728 0.3492806 0.2205982 -0.2831716 -0.1644168 -0.3713453 -0.0045302 0.3872912 0.2944417 -0.3519160 -0.5275356 -0.8480233 0.0506236 0.6973813 0.4404512 -0.5653866 -0.4048266 -0.9143254 -0.0111543 0.6450060 0.4903717 -0.5860911
-0.1847623 -0.2978774 0.0178337 0.3480254 0.2244372 -0.2842768 -0.1639739 -0.3713553 -0.0049490 0.3890005 0.2988215 -0.3506979 -0.5264201 -0.8487049 0.0508113 0.6928612 0.4468175 -0.5659483 -0.4039002 -0.9147218 -0.0121904 0.6451124 0.4955610 -0.5815921
-0.1839942 -0.2984873 0.0183367 0.3472902 0.2229954 -0.2849939 -0.1631768 -0.3720140 -0.0042561 0.3937366 0.2902028 -0.3553442 -0.5240219 -0.8501022 0.0522235 0.6924249 0.4446067 -0.5682188 -0.4016659 -0.9157264 -0.0104765 0.6512576 0.4800081 -0.5877548
-0.1843735 -0.2980252 0.0188444 0.3468147 0.2223664 -0.2856331 -0.1635302 -0.3714599 -0.0040160 0.3953570 0.2799837 -0.3627480 -0.5253516 -0.8491894 0.0536949 0.6918144 0.4435691 -0.5697713 -0.4029002 -0.9151904 -0.0098944 0.6532515 0.4626192 -0.5993713
-0.1843627 -0.2992572 0.0190437 0.3458178 0.2208681 -0.2867245 -0.1638642 -0.3727327 -0.0039911 0.3943718 0.2780639 -0.3641421 -0.5237510 -0.8501518 0.0541008 0.6908298 0.4412215 -0.5727808 -0.4024348 -0.9153962 -0.0098018 0.6523685 0.4599724 -0.6023626
-0.1839720 -0.2993369 0.0192810 0.3450822 0.2211464 -0.2879659 -0.1635324 -0.3727002 -0.0041626 0.3968227 0.2783290 -0.3633026 -0.5228249 -0.8506772 0.0547942 0.6889092 0.4414884 -0.5748844 -0.4017793 -0.9156794 -0.0102269 0.6551012 0.4594840 -0.5997640
-0.1841341 -0.3013320 0.0189232 0.3444145 0.2185045 -0.2896422 -0.1634987 -0.3746553 -0.0044766 0.3964236 0.2762913 -0.3643318 -0.5206757 -0.8520761 0.0535092 0.6884735 0.4367835 -0.5789856 -0.3999467 -0.9164730 -0.0109506 0.6550655 0.4565544 -0.6020359
-0.1842400 -0.3010162 0.0183764 0.3456327 0.2191286 -0.2902367 -0.1635261 -0.3743308 -0.0049778 0.3683598 0.2316072 -0.3168649 -0.5213329 -0.8517677 0.0519985 0.6889042 0.4367602 -0.5784907 -0.4002884 -0.9163082 -0.0121848 0.6843407 0.4302810 -0.5886732
-0.1843242 -0.3021823 0.0185521 0.3461948 0.2152105 -0.2894592 -0.1633390 -0.3754587 -0.0046783 0.3762227 0.2335763 -0.3169930 -0.5200309 -0.8525422 0.0523408 0.6924547 0.4304615 -0.5789728 -0.3988975 -0.9169244 -0.0114251 0.6908276 0.4288975 -0.5820689
-0.1846747 -0.3013808 0.0185225 0.3438297 0.2138943 -0.2908648 -0.1634133 -0.3746109 -0.0046037 0.4022064 0.2709284 -0.3613042 -0.5217586 -0.8514866 0.0523314 0.6896318 0.4290156 -0.5833982 -0.3998097 -0.9165290 -0.0112634 0.6650876 0.4480066 -0.5974518
-0.1845674 -0.3009813 0.0185486 0.3431717 0.2111165 -0.2896057 -0.1632250 -0.3742167 -0.0044870 0.4007522 0.2674767 -0.3612338 -0.5220376 -0.8513074 0.0524635 0.6916080 0.4254717 -0.5836541 -0.3997773 -0.9165464 -0.0109899 0.6654884 0.4441714 -0.5998642
-0.1844607 -0.3012656 0.0183098 0.3380985 0.2113517 -0.2952762 -0.1630149 -0.3745231 -0.0045539 0.4007443 0.2569824 -0.3702126 -0.5214792 -0.8516924 0.0517626 0.6814395 0.4259806 -0.5951309 -0.3990693 -0.9168530 -0.0111481 0.6645072 0.4261237 -0.6138801
-0.1842445 -0.3007902 0.0184712 0.3334694 0.2065636 -0.2861660 -0.1628876 -0.3740939 -0.0043220 0.3959416 0.2523752 -0.3611342 -0.5216191 -0.8515743 0.0522942 0.6867833 0.4254196 -0.5893614 -0.3991944 -0.9168051 -0.0105921 0.6684228 0.4260561 -0.6096615
-0.1844778 -0.3003393 0.0184357 0.3348816 0.2059842 -0.2865175 -0.1630966 -0.3736230 -0.0044011 0.3934388 0.2580123 -0.3605849 -0.5226700 -0.8509335 0.0522329 0.6883702 0.4234134 -0.5889546 -0.4000471 -0.9164310 -0.0107951 0.6637202 0.4352595 -0.6082966
-0.1843819 -0.3004221 0.0184127 0.3388172 0.2060689 -0.2878137 -0.1626929 -0.3736780 -0.0042254 0.3970819 0.2609066 -0.3600644 -0.5223699 -0.8511219 0.0521647 0.6914663 0.4205504 -0.5873771 -0.3991673 -0.9168195 -0.0103670 0.6660792 0.4376539 -0.6039847
-0.1845833 -0.3006562 0.0182898 0.3426010 0.2072369 -0.2901856 -0.1630646 -0.3739758 -0.0043075 0.4014671 0.2646206 -0.3599298 -0.5224993 -0.8510664 0.0517727 0.6928231 0.4190837 -0.5868263 -0.3996650 -0.9166005 -0.0105576 0.6684165 0.4405761 -0.5992596
-0.1844584 -0.3005892 0.0183905 0.3443537 0.2071610 -0.2895263 -0.1629879 -0.3738695 -0.0043824 0.4047178 0.2663391 -0.3564347 -0.5223188 -0.8511587 0.0520753 0.6952447 0.4182549 -0.5845491 -0.3996017 -0.9166259 -0.0107445 0.6728695 0.4428059 -0.5925957
-0.1856502 -0.3058605 0.0180864 0.3442241 0.2028851 -0.2920028 -0.1641029 -0.3790299 -0.0049739 0.4029535 0.2626420 -0.3598480 -0.5182128 -0.8537604 0.0504852 0.6955538 0.4099582 -0.5900332 -0.3972863 -0.9176157 -0.0120415 0.6708043 0.4372251 -0.5990457
-0.1856574 -0.3040490 0.0183742 0.3466323 0.2051991 -0.2916785 -0.1641149 -0.3772223 -0.0046730 0.4000981 0.2637291 -0.3647416 -0.5204511 -0.8523366 0.0515080 0.6969867 0.4126016 -0.5864891 -0.3989154 -0.9169174 -0.0113586 0.6643729 0.4379287 -0.6056626
-0.1857163 -0.3029787 0.0183708 0.3474658 0.2065617 -0.2913786 -0.1639448 -0.3760967 -0.0046312 0.3997170 0.2666296 -0.3640682 -0.5219054 -0.8514396 0.0516262 0.6973041 0.4145338 -0.5847467 -0.3995707 -0.9166329 -0.0112874 0.6630615 0.4422925 -0.6039262
-0.1857302 -0.3030276 0.0182218 0.3496082 0.2033266 -0.2918625 -0.1639508 -0.3761322 -0.0048098 0.3975607 0.2692745 -0.3623829 -0.5218839 -0.8514785 0.0512015 0.7009692 0.4076726 -0.5851882 -0.3995493 -0.9166368 -0.0117216 0.6608735 0.4476207 -0.6023968
-0.1856208 -0.3018370 0.0182818 0.3604957 0.2641437 -0.3218171 -0.1638108 -0.3749452 -0.0047033 0.4339087 0.2576025 -0.3520916 -0.5231457 -0.8506843 0.0515246 0.6545868 0.4796312 -0.5843544 -0.4003252 -0.9163011 -0.0114941 0.7051891 0.4186560 -0.5722198
-0.1856505 -0.3016469 0.0183411 0.3458983 0.2087955 -0.2893962 -0.1635965 -0.3747289 -0.0044892 0.3833223 0.2859794 -0.3546866 -0.5234405 -0.8504915 0.0517126 0.6959973 0.4201267 -0.5823070 -0.4000815 -0.9164138 -0.0109786 0.6437867 0.4803001 -0.5956933
-0.1859508 -0.3013662 0.0184538 0.3349114 0.2263066 -0.2805439 -0.1644348 -0.3746727 -0.0041728 0.3684282 0.3053709 -0.3457094 -0.5243988 -0.8498809 0.0520414 0.6806844 0.4599526 -0.5701862 -0.4018552 -0.9156464 -0.0101978 0.6240910 0.5172764 -0.5856070
-0.1861013 -0.3023286 0.0186182 0.3344536 0.2280511 -0.2774067 -0.1647996 -0.3757093 -0.0039664 0.3464449 0.2734403 -0.3024473 -0.5234861 -0.8504232 0.0523712 0.6815358 0.4647132 -0.5652880 -0.4016729 -0.9157322 -0.0096676 0.6475119 0.5110649 -0.5652796
-0.1860231 -0.3023430 0.0184508 0.3333445 0.2275108 -0.2748710 -0.1646695 -0.3756816 -0.0042178 0.3392179 0.2772445 -0.3004805 -0.5233212 -0.8505532 0.0519059 0.6826677 0.4659273 -0.5629179 -0.4014294 -0.9158323 -0.0102820 0.6385331 0.5218764 -0.5656152
-0.1859217 -0.3020990 0.0182297 0.3327328 0.2303202 -0.2729401 -0.1646463 -0.3754413 -0.0044961 0.3351172 0.2791690 -0.2956290 -0.5234366 -0.8505175 0.0513233 0.6816709 0.4718578 -0.5591735 -0.4015945 -0.9157519 -0.0109666 0.6360032 0.5298218 -0.5610604
-0.1857139 -0.3027332 0.0179474 0.3306542 0.2329469 -0.2708430 -0.1645108 -0.3761568 -0.0045781 0.3275091 0.2785741 -0.2897771 -0.5222391 -0.8513044 0.0504693 0.6792717 0.4785489 -0.5563999 -0.4006758 -0.9161520 -0.0111502 0.6316540 0.5372750 -0.5588817
-0.1856412 -0.3017254 0.0179886 0.3295588 0.2373942 -0.2697049 -0.1643021 -0.3751030 -0.0045541 0.3198714 0.2785360 -0.2851303 -0.5233496 -0.8506077 0.0507126 0.6759477 0.4869118 -0.5531832 -0.4011927 -0.9159262 -0.0111203 0.6258776 0.5449986 -0.5579013
-0.1855147 -0.3021453 0.0178089 0.3282232 0.2388690 -0.2695199 -0.1641813 -0.3755700 -0.0045805 0.3143024 0.2794825 -0.2807500 -0.5225773 -0.8511148 0.0501659 0.6735993 0.4902212 -0.5531249 -0.4005264 -0.9162171 -0.0111742 0.6215382 0.5526814 -0.5551878
-0.1850533 -0.3034734 0.0176953 0.3252003 0.2414433 -0.2687354 -0.1638646 -0.3768755 -0.0048982 0.3106132 0.2799584 -0.2780578 -0.5199809 -0.8527295 0.0497220 0.6690333 0.4967204 -0.5528683 -0.3987095 -0.9169998 -0.0119181 0.6185436 0.5574987 -0.5537139
-0.1850459 -0.3033775 0.0173624 0.3246058 0.2434072 -0.2689085 -0.1640391 -0.3768201 -0.0052631 0.3099527 0.2801154 -0.2775768 -0.5201093 -0.8527044 0.0488007 0.6668809 0.5000638 -0.5524546 -0.3991113 -0.9168131 -0.0128052 0.6179506 0.5584642 -0.5534029
-0.1847132 -0.3032374 0.0171791 0.3218541 0.2383110 -0.2632994 -0.1633271 -0.3765256 -0.0055863 0.3102298 0.2804246 -0.2776015 -0.5196143 -0.8530331 0.0483264 0.6715375 0.4972277 -0.5493651 -0.3979112 -0.9173230 -0.0136099 0.6180624 0.5586823 -0.5530579
-0.1843717 -0.3022951 0.0170724 0.3236770 0.2427246 -0.2663992 -0.1627155 -0.3753458 -0.0061902 0.3104231 0.2812608 -0.2775519 -0.5200967 -0.8527485 0.0481598 0.6681916 0.5010753 -0.5499487 -0.3976970 -0.9173920 -0.0151296 0.6177587 0.5597241 -0.5523432
-0.1844866 -0.3012837 0.0170746 0.3238886 0.2449395 -0.2674363 -0.1622312 -0.3741445 -0.0062143 0.3102486 0.2833744 -0.2776022 -0.5216010 -0.8518227 0.0482751 0.6661198 0.5037505 -0.5500181 -0.3977717 -0.9173579 -0.0152367 0.6160552 0.5626916 -0.5512297
-0.1836567 -0.3013638 0.0165919 0.3248384 0.2464290 -0.2673137 -0.1614266 -0.3742167 -0.0067404 0.3121953 0.2850515 -0.2784430 -0.5198231 -0.8529821 0.0469618 0.6662685 0.5054447 -0.5482809 -0.3960366 -0.9180858 -0.0165366 0.6167282 0.5631068 -0.5500520
-0.1836819 -0.3035869 0.0166462 0.3267870 0.2427035 -0.2682756 -0.1615335 -0.3764445 -0.0067446 0.3159909 0.2829862 -0.2810706 -0.5170935 -0.8546451 0.0468618 0.6703178 0.4978425 -0.5502970 -0.3942785 -0.9188435 -0.0164624 0.6209857 0.5561248 -0.5523603
-0.1837047 -0.3036124 0.0170262 0.3271082 0.2419276 -0.2694456 -0.1616556 -0.3763857 -0.0067146 0.3179394 0.2845929 -0.2838584 -0.5170827 -0.8545927 0.0479246 0.6703239 0.4957682 -0.5521592 -0.3945828 -0.9187142 -0.0163896 0.6203720 0.5553054 -0.5538723
-0.1837439 -0.3035769 0.0171365 0.3276943 0.2405684 -0.2707281 -0.1616775 -0.3763421 -0.0066110 0.3199088 0.2863566 -0.2901036 -0.5172000 -0.8545042 0.0482356 0.6709324 0.4925479 -0.5542980 -0.3946681 -0.9186820 -0.0161381 0.6173801 0.5526289 -0.5598600
-0.1834460 -0.3046754 0.0169010 0.3287994 0.2388317 -0.2718933 -0.1613481 -0.3775547 -0.0064604 0.3254568 0.2812738 -0.2936419 -0.5152385 -0.8557312 0.0474691 0.6724553 0.4884548 -0.5560718 -0.3929218 -0.9194373 -0.0157327 0.6248825 0.5400504 -0.5637974
-0.1833267 -0.3076058 0.0164879 0.3304075 0.2334446 -0.2737944 -0.1614040 -0.3805779 -0.0067439 0.3304944 0.2828779 -0.2992652 -0.5114121 -0.8581038 0.0459949 0.6763763 0.4778838 -0.5604839 -0.3903886 -0.9205057 -0.0163116 0.6259116 0.5357323 -0.5667677
-0.1835940 -0.3103305 0.0167000 0.3300067 0.2304306 -0.2776676 -0.1617265 -0.3832034 -0.0068905 0.3364261 0.2876996 -0.3109282 -0.5086298 -0.8597413 0.0462659 0.6748872 0.4712469 -0.5678500 -0.3887749 -0.9211839 -0.0165641 0.6219139 0.5318387 -0.5747788
-0.1835747 -0.3108400 0.0171446 0.3428934 0.2093118 -0.2880794 -0.1616251 -0.3837552 -0.0062331 0.3699426 0.2923531 -0.3512183 -0.5079443 -0.8600826 0.0474386 0.6936317 0.4234123 -0.5827496 -0.3881032 -0.9214944 -0.0149673 0.6292103 0.4972436 -0.5973635
-0.1836447 -0.3108602 0.0173142 0.3431846 0.2098192 -0.2891636 -0.1612874 -0.3839486 -0.0051109 0.3740830 0.2904537 -0.3536381 -0.5080521 -0.8599934 0.0478998 0.6927507 0.4235399 -0.5837041 -0.3872625 -0.9218878 -0.0122718 0.6328934 0.4914049 -0.5983035
-0.1836984 -0.3126344 0.0179650 0.3351619 0.2171054 -0.2875860 -0.1608687 -0.3855464 -0.0045564 0.3509389 0.2646457 -0.3172817 -0.5059810 -0.8611241 0.0494829 0.6810687 0.4411710 -0.5843917 -0.3850500 -0.9228313 -0.0109059 0.6473795 0.4881939 -0.5852918
-0.1837117 -0.3124919 0.0182469 0.3386508 0.2065639 -0.2950633 -0.1608413 -0.3854233 -0.0041644 0.3782253 0.2810269 -0.3621607 -0.5061598 -0.8609732 0.0502736 0.6849957 0.4178209 -0.5968304 -0.3851026 -0.9228199 -0.0099708 0.6364230 0.4728715 -0.6093917
-0.1837741 -0.3142486 0.0182653 0.3387437 0.2148031 -0.2908253 -0.1608515 -0.3871173 -0.0043066 0.3823804 0.2831286 -0.3618269 -0.5041843 -0.8621410 0.0501108 0.6837143 0.4335548 -0.5869967 -0.3836856 -0.9234067 -0.0102726 0.6397084 0.4736637 -0.6053230
-0.1837840 -0.3151281 0.0186584 0.3359589 0.2117639 -0.2894834 -0.1604654 -0.3877730 -0.0042282 0.3827948 0.2767177 -0.3616035 -0.5031300 -0.8626999 0.0510795 0.6836218 0.4309052 -0.5890518 -0.3823479 -0.9239635 -0.0100746 0.6435011 0.4651791 -0.6078772
-0.1834968 -0.3151902 0.0188822 0.3361480 0.2113193 -0.2900701 -0.1603777 -0.3878642 -0.0041209 0.3863185 0.2724279 -0.3633032 -0.5024530 -0.8630572 0.0517036 0.6836119 0.4297523 -0.5899049 -0.3820937 -0.9240714 -0.0098178 0.6479737 0.4569445 -0.6093701
-0.1833649 -0.3154442 0.0191388 0.3358321 0.2102918 -0.2917643 -0.1603942 -0.3881813 -0.0038181 0.3878866 0.2716708 -0.3634428 -0.5018632 -0.8633594 0.0523821 0.6824894 0.4273621 -0.5929333 -0.3818632 -0.9241741 -0.0090900 0.6497785 0.4550966 -0.6088309
-0.1833943 -0.3158516 0.0192217 0.3348463 0.2085447 -0.2921948 -0.1606054 -0.3886554 -0.0037116 0.3879927 0.2695256 -0.3634142 -0.5014346 -0.8635979 0.0525557 0.6820958 0.4248141 -0.5952128 -0.3818953 -0.9241634 -0.0088257 0.6509612 0.4522011 -0.6097243
-0.1834139 -0.3157826 0.0193906 0.3358015 0.2082109 -0.2939981 -0.1606180 -0.3885877 -0.0035376 0.3899356 0.2684938 -0.3650714 -0.5015443 -0.8635056 0.0530236 0.6818402 0.4227693 -0.5969590 -0.3819790 -0.9241327 -0.0084130 0.6522379 0.4491045 -0.6106479
-0.1833455 -0.3156197 0.0196784 0.3321930 0.2063449 -0.2952034 -0.1605977 -0.3883820 -0.0034276 0.3854544 0.2670182 -0.3665997 -0.5015760 -0.8634370 0.0538340 0.6779796 0.4211336 -0.6024867 -0.3821114 -0.9240803 -0.0081553 0.6475992 0.4486154 -0.6159216
-0.1834915 -0.3154848 0.0199969 0.3414650 0.2013525 -0.2939545 -0.1606996 -0.3882419 -0.0030897 0.3974801 0.2578609 -0.3666544 -0.5020111 -0.8631290 0.0547090 0.6919135 0.4080023 -0.5956424 -0.3824385 -0.9239517 -0.0073531 0.6634645 0.4304154 -0.6120110
-0.1835660 -0.3155673 0.0200251 0.3423123 0.2013664 -0.2935850 -0.1609971 -0.3882689 -0.0034472 0.3968812 0.2573725 -0.3677554 -0.5020635 -0.8630947 0.0547699 0.6931071 0.4077226 -0.5944450 -0.3830176 -0.9237047 -0.0082010 0.6623899 0.4295516 -0.6137793
-0.1836263 -0.3157816 0.0201426 0.3430324 0.2011912 -0.2935043 -0.1609796 -0.3884755 -0.0032734 0.3963811 0.2590970 -0.3670987 -0.5019242 -0.8631574 0.0550578 0.6940309 0.4070546 -0.5938245 -0.3828093 -0.9237946 -0.0077842 0.6615448 0.4324229 -0.6126736
-0.1836779 -0.3159893 0.0203459 0.3477625 0.1924767 -0.2968564 -0.1604687 -0.3883726 -0.0034732 0.3948998 0.2575960 -0.3686367 -0.5017683 -0.8632145 0.0555807 0.7010004 0.3879839 -0.5983869 -0.3818566 -0.9241846 -0.0082649 0.6598229 0.4304073 -0.6159410
-0.1843138 -0.3161911 0.0204489 0.3590000 0.2605357 -0.3274120 -0.1610091 -0.3886339 -0.0030889 0.3960166 0.3199814 -0.3909416 -0.5028196 -0.8625893 0.0557860 0.6511595 0.4725634 -0.5938646 -0.3827374 -0.9238280 -0.0073426 0.6169317 0.4984808 -0.6090256
-0.1850113 -0.3173342 0.0204063 0.3338254 0.2151041 -0.2850876 -0.1618227 -0.3898064 -0.0031562 0.3658468 0.2928036 -0.3525552 -0.5028917 -0.8625678 0.0554679 0.6828650 0.4400117 -0.5831682 -0.3833998 -0.9235522 -0.0074780 0.6238788 0.4993182 -0.6012126
-0.1852973 -0.3179362 0.0200274 0.3323707 0.2160499 -0.2845366 -0.1618273 -0.3906010 -0.0026468 0.3608420 0.2965292 -0.3503159 -0.5027915 -0.8626978 0.0543430 0.6811377 0.4427578 -0.5831097 -0.3827467 -0.9238321 -0.0062601 0.6180598 0.5079031 -0.6000304
-0.1855676 -0.3172569 0.0197179 0.3322007 0.2175061 -0.2832974 -0.1622598 -0.3900638 -0.0026635 0.3383524 0.2711372 -0.3152754 -0.5041629 -0.8619454 0.0535710 0.6810543 0.4459156 -0.5807963 -0.3840695 -0.9232827 -0.0063046 0.6311443 0.5057647 -0.5880978
-0.1859170 -0.3165068 0.0194005 0.3316583 0.2202201 -0.2810778 -0.1627795 -0.3895132 -0.0024991 0.3319737 0.2732264 -0.3034911 -0.5057809 -0.8610460 0.0527783 0.6805501 0.4518832 -0.5767610 -0.3855819 -0.9226546 -0.0059197 0.6307982 0.5191697 -0.5766771
-0.1863788 -0.3161686 0.0194841 0.3283892 0.2195486 -0.2739099 -0.1634153 -0.3891032 -0.0028313 0.3269013 0.2749754 -0.2957673 -0.5071100 -0.8602494 0.0530134 0.6831550 0.4567316 -0.5698206 -0.3872075 -0.9219682 -0.0067086 0.6291752 0.5292352 -0.5692527
-0.1870450 -0.3151246 0.0193562 0.3282331 0.2264160 -0.2764342 -0.1638585 -0.3885835 -0.0026860 0.3207123 0.2710825 -0.2908157 -0.5097067 -0.8587298 0.0527466 0.6764932 0.4666467 -0.5697348 -0.3885413 -0.9214093 -0.0063690 0.6278637 0.5307026 -0.5693346
-0.1876056 -0.3146022 0.0190835 0.3258748 0.2293353 -0.2753975 -0.1642408 -0.3884835 -0.0030413 0.3158937 0.2700887 -0.2860099 -0.5114802 -0.8577185 0.0520285 0.6727541 0.4734526 -0.5685460 -0.3893933 -0.9210434 -0.0072105 0.6261296 0.5353401 -0.5668974
-0.1878134 -0.3147680 0.0192069 0.3238451 0.2323828 -0.2734984 -0.1642385 -0.3891333 -0.0030347 0.3105718 0.2691255 -0.2815113 -0.5116911 -0.8575745 0.0523285 0.6699273 0.4807224 -0.5657768 -0.3888369 -0.9212786 -0.0071846 0.6234772 0.5402733 -0.5651380
-0.1878522 -0.3146574 0.0192115 0.3222758 0.2341073 -0.2732106 -0.1637692 -0.3890924 -0.0035945 0.3082650 0.2681716 -0.2804884 -0.5119010 -0.8574478 0.0523516 0.6672049 0.4846704 -0.5656256 -0.3879238 -0.9216521 -0.0085144 0.6220066 0.5411075 -0.5659598
-0.1881282 -0.3148641 0.0189194 0.3111141 0.2222646 -0.2639178 -0.1637802 -0.3895604 -0.0041055 0.3072529 0.2674015 -0.2797958 -0.5122297 -0.8573022 0.0515131 0.6696494 0.4784077 -0.5680631 -0.3875457 -0.9217993 -0.0097147 0.6217687 0.5411239 -0.5662054
-0.1892953 -0.3165717 0.0190540 0.3059959 0.2133790 -0.2602957 -0.1651778 -0.3912539 -0.0040594 0.3033310 0.2657329 -0.2827400 -0.5125205 -0.8571239 0.0515891 0.6726925 0.4690862 -0.5722264 -0.3889177 -0.9212229 -0.0095581 0.6158887 0.5395488 -0.5740803
