-0.2088161 -0.2726301 -0.0230330 0.3292450 0.0216043 -0.2436132 -0.2021749 -0.3814591 -0.0430611 0.3574804 0.0826812 -0.2894881 -0.6067009 -0.7921083 -0.0669209 0.8027587 0.0526751 -0.5939729 -0.4659843 -0.8792088 -0.0992497 0.7648818 0.1769085 -0.6194023
-0.2087968 -0.2727366 -0.0232435 0.3287473 0.0231574 -0.2387280 -0.2021596 -0.3815618 -0.0432136 0.3587805 0.0883802 -0.2945268 -0.6064921 -0.7922178 -0.0675153 0.8078472 0.0569059 -0.5866384 -0.4658435 -0.8792462 -0.0995787 0.7592825 0.1870379 -0.6233032
-0.2087733 -0.2727742 -0.0234042 0.3255860 0.0562885 -0.2379994 -0.2020781 -0.3815793 -0.0433790 0.3704270 0.1269213 -0.3171909 -0.6063771 -0.7922663 -0.0679769 0.7995570 0.1382302 -0.5844665 -0.4656620 -0.8792989 -0.0999612 0.7350911 0.2518681 -0.6294470
-0.2082216 -0.2728557 -0.0229352 0.3528055 0.1144218 -0.2873882 -0.2012873 -0.3645479 -0.0412581 0.3668533 0.1358994 -0.3119098 -0.6053044 -0.7931968 -0.0666732 0.7519173 0.2438615 -0.6124965 -0.4810120 -0.8711525 -0.0985936 0.7332115 0.2716155 -0.6233987
-0.2081614 -0.2728955 -0.0231570 0.3476899 0.1199610 -0.2820423 -0.2012664 -0.3645662 -0.0413643 0.3516352 0.1520034 -0.2922155 -0.6051117 -0.7932896 -0.0673159 0.7501496 0.2588189 -0.6085132 -0.4809433 -0.8711622 -0.0988435 0.7298192 0.3154832 -0.6064935
-0.2080375 -0.2730157 -0.0232713 0.3361128 0.1285906 -0.2692247 -0.2012480 -0.3644792 -0.0414674 0.3398716 0.1580169 -0.2776164 -0.6047022 -0.7935741 -0.0676426 0.7478610 0.2861179 -0.5990330 -0.4809849 -0.8711092 -0.0991074 0.7286726 0.3387826 -0.5951996
-0.2079737 -0.2729653 -0.0232162 0.3264525 0.1323930 -0.2557526 -0.2010292 -0.3644299 -0.0414203 0.3297611 0.1598543 -0.2663127 -0.6046612 -0.7936175 -0.0674987 0.7499039 0.3041239 -0.5874970 -0.4806374 -0.8713097 -0.0990312 0.7279331 0.3528713 -0.5878736
-0.2079510 -0.2725566 -0.0224440 0.3204940 0.1357907 -0.2483261 -0.2011928 -0.3644741 -0.0408051 0.3198803 0.1631201 -0.2564233 -0.6052803 -0.7933272 -0.0653275 0.7495601 0.3175824 -0.5807763 -0.4809635 -0.8712972 -0.0975469 0.7249731 0.3696934 -0.5811547
-0.2075042 -0.2725450 -0.0227337 0.3155013 0.1354374 -0.2378791 -0.2010730 -0.3644836 -0.0408962 0.3139180 0.1640883 -0.2494536 -0.6044381 -0.7938951 -0.0662210 0.7553353 0.3242479 -0.5695015 -0.4807234 -0.8714041 -0.0977743 0.7245828 0.3787472 -0.5757867
-0.2068786 -0.2725702 -0.0228797 0.3119579 0.1383361 -0.2307811 -0.2010997 -0.3645191 -0.0409482 0.3087441 0.1664832 -0.2415074 -0.6032273 -0.7947742 -0.0667138 0.7572451 0.3357963 -0.5601969 -0.4807312 -0.8713872 -0.0978870 0.7249724 0.3909248 -0.5670915
-0.2072663 -0.2725150 -0.0227899 0.3098049 0.1404669 -0.2266784 -0.2010888 -0.3645905 -0.0409890 0.3055907 0.1693761 -0.2365338 -0.6040334 -0.7941867 -0.0664164 0.7578949 0.3436330 -0.5545374 -0.4806352 -0.8714308 -0.0979703 0.7242743 0.4014349 -0.5606039
-0.2073598 -0.2728379 -0.0229251 0.3088118 0.1424228 -0.2234839 -0.2010342 -0.3646894 -0.0409671 0.3041587 0.1710874 -0.2331989 -0.6037394 -0.7943825 -0.0667477 0.7588773 0.3499913 -0.5491916 -0.4804381 -0.8715469 -0.0979045 0.7246699 0.4076224 -0.5556055
-0.2080018 -0.2728315 -0.0225887 0.3082909 0.1430268 -0.2225987 -0.2017379 -0.3809651 -0.0428560 0.3037295 0.1714787 -0.2323377 -0.6049735 -0.7935305 -0.0656993 0.7588444 0.3520542 -0.5479170 -0.4656837 -0.8794044 -0.0989271 0.7247338 0.4091681 -0.5543846
-0.2078802 -0.2727600 -0.0227992 0.3081224 0.1429318 -0.2226321 -0.2018373 -0.3808890 -0.0428365 0.3035748 0.1715415 -0.2326371 -0.6048245 -0.7935913 -0.0663340 0.7586967 0.3519442 -0.5481921 -0.4659373 -0.8792746 -0.0988873 0.7242270 0.4092401 -0.5549936
-0.2079656 -0.2726323 -0.0226534 0.3081101 0.1426218 -0.2234410 -0.2020270 -0.3807148 -0.0426446 0.3038287 0.1712884 -0.2339458 -0.6051773 -0.7933567 -0.0659212 0.7580583 0.3508993 -0.5497429 -0.4664652 -0.8790422 -0.0984632 0.7234381 0.4078500 -0.5570419
-0.2079762 -0.2726177 -0.0225615 0.3134465 0.1495708 -0.2388482 -0.2021289 -0.3806450 -0.0425550 0.3063943 0.1710483 -0.2396545 -0.6052279 -0.7933401 -0.0656559 0.7436321 0.3548472 -0.5666523 -0.4667248 -0.8789270 -0.0982615 0.7210390 0.4025286 -0.5639801
-0.2079671 -0.2724997 -0.0225195 0.3122738 0.1422927 -0.2398365 -0.2019869 -0.3804484 -0.0425871 0.3123563 0.1727326 -0.2538869 -0.6053808 -0.7932319 -0.0655531 0.7458729 0.3398691 -0.5728548 -0.4666512 -0.8789518 -0.0983893 0.7131095 0.3943485 -0.5796240
-0.2070969 -0.2724873 -0.0224900 0.3207525 0.1386852 -0.2554747 -0.2016933 -0.3804432 -0.0424517 0.3275125 0.1714294 -0.2841566 -0.6037932 -0.7944397 -0.0655698 0.7409773 0.3203796 -0.5901775 -0.4661396 -0.8792542 -0.0981115 0.7024262 0.3676698 -0.6094394
-0.2071119 -0.2724681 -0.0223452 0.3219866 0.1224500 -0.2584441 -0.2018082 -0.3803695 -0.0424193 0.3359401 0.1527863 -0.2916953 -0.6038645 -0.7944199 -0.0651508 0.7476691 0.2843351 -0.6001204 -0.4664208 -0.8791131 -0.0980399 0.7141432 0.3247939 -0.6200874
-0.2074109 -0.2723826 -0.0225896 0.3222315 0.1135663 -0.2661878 -0.2016301 -0.3802363 -0.0425611 0.3423758 0.1335097 -0.3016252 -0.6045093 -0.7938726 -0.0658386 0.7439904 0.2622096 -0.6145929 -0.4662098 -0.8791836 -0.0984100 0.7201549 0.2808249 -0.6344401
-0.2073190 -0.2724007 -0.0227568 0.3130876 0.0932440 -0.2183687 -0.2016956 -0.3802428 -0.0425448 0.3456894 0.1147289 -0.2951172 -0.6042944 -0.7939952 -0.0663318 0.7967787 0.2372972 -0.5557280 -0.4663238 -0.8791283 -0.0983643 0.7374178 0.2447374 -0.6295383
-0.2070026 -0.2722276 -0.0236243 0.3172539 0.0900168 -0.2227555 -0.2009311 -0.3650783 -0.0409684 0.3501598 0.1099208 -0.2970727 -0.6038474 -0.7941153 -0.0689145 0.7971982 0.2261948 -0.5597419 -0.4798596 -0.8718728 -0.0978398 0.7415933 0.2327980 -0.6291617
-0.2070253 -0.2721067 -0.0238748 0.3239466 0.0163217 -0.2337815 -0.2006268 -0.3650317 -0.0413796 0.3765831 0.1036130 -0.3213699 -0.6040281 -0.7939129 -0.0696583 0.8102170 0.0408220 -0.5847067 -0.4793002 -0.8720658 -0.0988564 0.7445363 0.2048516 -0.6353751
-0.2069540 -0.2720361 -0.0238219 0.3257627 0.0182290 -0.2330281 -0.2006019 -0.3649425 -0.0416324 0.3684407 0.0908473 -0.3044319 -0.6040011 -0.7939452 -0.0695248 0.8124902 0.0454652 -0.5811992 -0.4793147 -0.8719874 -0.0994757 0.7573320 0.1867371 -0.6257616
-0.2070645 -0.2725614 -0.0239886 0.3254976 0.0183989 -0.2334948 -0.2004797 -0.3648797 -0.0418786 0.3681410 0.0876891 -0.2995745 -0.6034510 -0.7943296 -0.0699103 0.8116995 0.0458817 -0.5822704 -0.4791243 -0.8720223 -0.1000853 0.7627313 0.1816783 -0.6206721
-0.2072243 -0.2722552 -0.0241893 0.3254598 0.0183835 -0.2339246 -0.2003641 -0.3647398 -0.0421264 0.3684433 0.0871059 -0.2989234 -0.6041501 -0.7937438 -0.0705225 0.8111622 0.0458182 -0.5830237 -0.4790227 -0.8720057 -0.1007142 0.7637986 0.1805742 -0.6196810
-0.2074503 -0.2721496 -0.0245062 0.3256570 0.0193488 -0.2342383 -0.2006278 -0.3649375 -0.0421118 0.3668283 0.0852245 -0.2935706 -0.6046763 -0.7932617 -0.0714308 0.8108690 0.0481775 -0.5832413 -0.4793126 -0.8718587 -0.1006078 0.7682207 0.1784792 -0.6148025
-0.2074060 -0.2722358 -0.0247057 0.3251943 0.0193715 -0.2346746 -0.2006885 -0.3647955 -0.0422514 0.3851958 0.0968493 -0.3157039 -0.6044486 -0.7933838 -0.0720005 0.8099572 0.0482483 -0.5845010 -0.4795498 -0.8716874 -0.1009606 0.7592006 0.1908848 -0.6222359
-0.2075941 -0.2721053 -0.0248066 0.3262400 0.0194623 -0.2353520 -0.2007836 -0.3647533 -0.0423415 0.3714926 0.0932160 -0.2985706 -0.6049659 -0.7929630 -0.0722910 0.8100452 0.0483244 -0.5843728 -0.4797565 -0.8715492 -0.1011717 0.7649642 0.1919471 -0.6148057
-0.2075243 -0.2720784 -0.0250511 0.3272915 0.0188057 -0.2356612 -0.2008114 -0.3646207 -0.0426028 0.3221415 0.0737836 -0.2473148 -0.6048433 -0.7929903 -0.0730132 0.8106403 0.0465783 -0.5836889 -0.4799097 -0.8713900 -0.1018143 0.7804275 0.1787499 -0.5991505
-0.2076708 -0.2721057 -0.0249178 0.3288483 0.0191262 -0.2352663 -0.2009018 -0.3646358 -0.0427323 0.3671182 0.1183995 -0.3136373 -0.6050929 -0.7928375 -0.0726033 0.8123867 0.0472494 -0.5812016 -0.4800458 -0.8712808 -0.1021068 0.7384389 0.2381544 -0.6308649
-0.2075565 -0.2720998 -0.0250163 0.3212318 0.0689186 -0.2300392 -0.2010452 -0.3645621 -0.0427569 0.3670842 0.1338430 -0.3125939 -0.6048774 -0.7929743 -0.0729044 0.8009357 0.1718366 -0.5735627 -0.4803802 -0.8710898 -0.1021639 0.7336115 0.2674830 -0.6247135
-0.2073534 -0.2719292 -0.0249455 0.3439919 0.1331080 -0.2825517 -0.2011428 -0.3643415 -0.0426642 0.3550278 0.1599999 -0.3004147 -0.6047493 -0.7930858 -0.0727540 0.7403522 0.2864800 -0.6081183 -0.4807912 -0.8708846 -0.1019800 0.7218552 0.3253175 -0.6108139
-0.2071724 -0.2718156 -0.0248809 0.3366605 0.1299773 -0.2642457 -0.2012238 -0.3643405 -0.0429425 0.3455948 0.1660596 -0.2854239 -0.6045816 -0.7932270 -0.0726087 0.7526825 0.2905943 -0.5907825 -0.4809083 -0.8707437 -0.1026290 0.7230106 0.3474093 -0.5971285
-0.2072083 -0.2717723 -0.0253019 0.3317939 0.1327303 -0.2580212 -0.2012162 -0.3642617 -0.0433910 0.3346734 0.1654573 -0.2688536 -0.6046544 -0.7930584 -0.0738335 0.7527572 0.3011318 -0.5853855 -0.4809199 -0.8706094 -0.1037074 0.7274397 0.3596349 -0.5843751
-0.2076027 -0.2717491 -0.0247034 0.3233789 0.1352481 -0.2508533 -0.2018675 -0.3790251 -0.0452821 0.3229292 0.1657633 -0.2613327 -0.6054933 -0.7925823 -0.0720499 0.7502337 0.3137734 -0.5819756 -0.4674901 -0.8777563 -0.1048655 0.7219914 0.3706066 -0.5842766
-0.2077878 -0.2714619 -0.0244334 0.3198264 0.1404145 -0.2525743 -0.2018356 -0.3616083 -0.0423839 0.3152232 0.1653851 -0.2555315 -0.6062712 -0.7920561 -0.0712905 0.7419809 0.3257544 -0.5859594 -0.4848476 -0.8686522 -0.1018143 0.7193686 0.3774241 -0.5831466
-0.2078712 -0.2711213 -0.0247299 0.3146728 0.1402753 -0.2480123 -0.2019432 -0.3617027 -0.0428476 0.3095929 0.1649771 -0.2519195 -0.6068650 -0.7915191 -0.0721970 0.7412664 0.3304428 -0.5842360 -0.4848946 -0.8685000 -0.1028831 0.7168334 0.3819890 -0.5832961
-0.2077159 -0.2708299 -0.0245981 0.3112988 0.1371454 -0.2416308 -0.2025910 -0.3779276 -0.0453199 0.3077891 0.1641915 -0.2506436 -0.6070042 -0.7914409 -0.0718826 0.7460647 0.3286854 -0.5790970 -0.4698398 -0.8764723 -0.1051039 0.7165347 0.3822387 -0.5834995
-0.2079766 -0.2702944 -0.0247143 0.3101107 0.1363567 -0.2407313 -0.2027592 -0.3773577 -0.0452862 0.3065214 0.1636002 -0.2504190 -0.6082223 -0.7904693 -0.0722762 0.7461975 0.3281054 -0.5792548 -0.4706924 -0.8760117 -0.1051291 0.7156910 0.3819870 -0.5846985
-0.2080808 -0.2701652 -0.0247435 0.3092749 0.1356437 -0.2404623 -0.2028243 -0.3771770 -0.0452721 0.3054526 0.1631057 -0.2506473 -0.6085922 -0.7901760 -0.0723694 0.7460050 0.3271875 -0.5800215 -0.4709848 -0.8758547 -0.1051277 0.7145626 0.3815625 -0.5863534
-0.2081053 -0.2701139 -0.0246639 0.3131903 0.1432127 -0.2530603 -0.2029167 -0.3770542 -0.0452785 0.3054130 0.1626129 -0.2511305 -0.6087198 -0.7900984 -0.0721432 0.7328469 0.3351094 -0.5921461 -0.4712686 -0.8756984 -0.1051581 0.7143570 0.3803496 -0.5873910
-0.2079692 -0.2700970 -0.0246365 0.3111433 0.1382468 -0.2462369 -0.2029412 -0.3769582 -0.0454021 0.3065802 0.1620775 -0.2522448 -0.6084964 -0.7902760 -0.0720838 0.7404923 0.3290145 -0.5860210 -0.4713907 -0.8755964 -0.1054598 0.7149366 0.3779601 -0.5882277
-0.2079680 -0.2699649 -0.0248634 0.3103827 0.1363039 -0.2436947 -0.2029243 -0.3767698 -0.0456168 0.3082466 0.1636507 -0.2553980 -0.6086507 -0.7900945 -0.0727667 0.7434380 0.3264791 -0.5837049 -0.4715159 -0.8754643 -0.1059955 0.7127672 0.3784140 -0.5905639
-0.2079539 -0.2698888 -0.0249844 0.3133750 0.1371948 -0.2481707 -0.2027764 -0.3766393 -0.0457008 0.3120346 0.1653197 -0.2602770 -0.6087163 -0.7900101 -0.0731337 0.7414901 0.3246225 -0.5872075 -0.4713640 -0.8755172 -0.1062338 0.7113032 0.3768570 -0.5933183
-0.2078713 -0.2696088 -0.0245567 0.3206630 0.1405495 -0.2553786 -0.2026004 -0.3762337 -0.0456232 0.3201383 0.1682972 -0.2684676 -0.6090136 -0.7898900 -0.0719454 0.7399534 0.3243282 -0.5893048 -0.4714440 -0.8754826 -0.1061637 0.7107391 0.3736365 -0.5960249
-0.2078766 -0.2697394 -0.0247401 0.3239927 0.1375835 -0.2648583 -0.2026139 -0.3763254 -0.0457634 0.3299394 0.1686981 -0.2812988 -0.6088158 -0.7899958 -0.0724572 0.7354920 0.3123266 -0.6012517 -0.4713639 -0.8754892 -0.1064646 0.7091814 0.3626046 -0.6046318
-0.2078216 -0.2698066 -0.0245341 0.3251087 0.1301191 -0.2704588 -0.2026444 -0.3763404 -0.0456271 0.3365931 0.1571926 -0.2951092 -0.6086462 -0.7901816 -0.0718528 0.7347683 0.2940782 -0.6112557 -0.4714207 -0.8754975 -0.1061445 0.7094526 0.3313220 -0.6220151
-0.2076557 -0.2700052 -0.0243609 0.3250109 0.1220853 -0.2722378 -0.2027074 -0.3591715 -0.0426118 0.3393769 0.1451259 -0.2978901 -0.6080828 -0.7906620 -0.0713367 0.7366656 0.2767169 -0.6170507 -0.4888986 -0.8662655 -0.1027729 0.7155064 0.3059680 -0.6280400
-0.2077681 -0.2699492 -0.0243270 0.3104721 0.1054987 -0.2301266 -0.2026624 -0.3595387 -0.0427514 0.3406897 0.1350378 -0.3035301 -0.6083733 -0.7904479 -0.0712327 0.7750157 0.2633511 -0.5744535 -0.4884243 -0.8665022 -0.1030326 0.7159572 0.2837811 -0.6378665
-0.2082497 -0.2697302 -0.0240150 0.3119286 0.1016371 -0.2295635 -0.2031805 -0.3573385 -0.0418490 0.3439428 0.1300944 -0.3056417 -0.6096082 -0.7895796 -0.0702988 0.7790211 0.2538320 -0.5733196 -0.4917385 -0.8648324 -0.1012831 0.7193031 0.2720723 -0.6392024
-0.2084325 -0.2698788 -0.0239299 0.3225857 0.1089538 -0.2777158 -0.2034503 -0.3584274 -0.0417648 0.3714994 0.1446071 -0.3303724 -0.6097455 -0.7894997 -0.0700043 0.7341767 0.2479693 -0.6320568 -0.4911243 -0.8652354 -0.1008194 0.7175214 0.2792971 -0.6380879
-0.2084427 -0.2701622 -0.0238490 0.3405812 0.1060173 -0.2945112 -0.2031358 -0.3593988 -0.0418018 0.3949747 0.1399526 -0.3426931 -0.6093755 -0.7898103 -0.0697219 0.7362785 0.2291913 -0.6366830 -0.4895492 -0.8661368 -0.1007406 0.7296474 0.2585382 -0.6330661
-0.2084517 -0.2703844 -0.0239491 0.3472465 0.1026461 -0.3020369 -0.2031553 -0.3767495 -0.0443959 0.3494598 0.0905915 -0.2834855 -0.6090669 -0.7900258 -0.0699761 0.7364216 0.2176863 -0.6405434 -0.4720928 -0.8754913 -0.1031672 0.7613287 0.1973614 -0.6175979
-0.2085651 -0.2705098 -0.0240915 0.3245706 0.0765740 -0.2307917 -0.2033633 -0.3768653 -0.0443178 0.3507124 0.0896714 -0.2842376 -0.6090813 -0.7899811 -0.0703555 0.8003132 0.1888130 -0.5690768 -0.4723657 -0.8753708 -0.1029401 0.7620022 0.1948314 -0.6175706
-0.2084162 -0.2703363 -0.0244318 0.3249806 0.0752210 -0.2304837 -0.2033920 -0.3766799 -0.0445118 0.3515863 0.0880286 -0.2844926 -0.6090087 -0.7899441 -0.0713918 0.8015217 0.1855228 -0.5684578 -0.4725738 -0.8752017 -0.1034215 0.7630605 0.1910517 -0.6174447
-0.2081538 -0.2702523 -0.0248488 0.3127605 0.0655803 -0.2145001 -0.2032386 -0.3765518 -0.0449219 0.3541479 0.0870576 -0.2863678 -0.6085907 -0.7901513 -0.0726519 0.8126249 0.1703930 -0.5573213 -0.4723733 -0.8751927 -0.1044088 0.7637639 0.1877506 -0.6175876
-0.2083244 -0.2701877 -0.0251370 0.3176573 0.0264011 -0.2115944 -0.2031339 -0.3764453 -0.0453017 0.3546057 0.0868379 -0.2865496 -0.6089578 -0.7897919 -0.0734785 0.8302805 0.0690062 -0.5530573 -0.4722427 -0.8751544 -0.1053166 0.7640578 0.1871069 -0.6174194
-0.2084182 -0.2701701 -0.0252930 0.3250612 0.0148409 -0.2269773 -0.2034234 -0.3765896 -0.0445773 0.3199647 0.0671232 -0.2522174 -0.6091346 -0.7896141 -0.0739227 0.8193276 0.0374069 -0.5721040 -0.4727098 -0.8751086 -0.1035876 0.7748975 0.1625604 -0.6108257
-0.2083867 -0.2702286 -0.0255450 0.3188634 0.0545885 -0.2279894 -0.2033164 -0.3766260 -0.0448670 0.3660311 0.1246586 -0.3039344 -0.6089612 -0.7896795 -0.0746494 0.8056810 0.1379303 -0.5760672 -0.4724486 -0.8751701 -0.1042579 0.7442260 0.2534598 -0.6179691
-0.2088685 -0.2702197 -0.0253220 0.3297582 0.0913811 -0.2419964 -0.2036162 -0.3765808 -0.0448265 0.3611623 0.1418651 -0.2999008 -0.6098878 -0.7890310 -0.0739392 0.7868058 0.2180360 -0.5774054 -0.4730374 -0.8748659 -0.1041401 0.7364460 0.2892770 -0.6115277
-0.2088138 -0.2701529 -0.0254359 0.3391055 0.1383148 -0.2685983 -0.2031920 -0.3560859 -0.0420672 0.3423720 0.1626726 -0.2830291 -0.6098664 -0.7890147 -0.0742886 0.7466521 0.3045455 -0.5914074 -0.4930251 -0.8640067 -0.1020719 0.7237379 0.3438726 -0.5982935
-0.2090267 -0.2702051 -0.0253938 0.3305538 0.1399527 -0.2651304 -0.2035303 -0.3573607 -0.0422059 0.3245029 0.1658243 -0.2714622 -0.6101889 -0.7887803 -0.0741294 0.7407227 0.3136135 -0.5941182 -0.4923139 -0.8644099 -0.1020908 0.7141139 0.3649194 -0.5973903
-0.2093182 -0.2700079 -0.0254243 0.3200230 0.1379477 -0.2536462 -0.2037879 -0.3565553 -0.0419012 0.3112784 0.1708752 -0.2566026 -0.6109958 -0.7881476 -0.0742129 0.7424734 0.3200474 -0.5884750 -0.4936534 -0.8637152 -0.1015009 0.7105081 0.3900311 -0.5857081
-0.2091359 -0.2694164 -0.0249171 0.3109744 0.1569193 -0.2505150 -0.2038370 -0.3579047 -0.0418232 0.3022850 0.1749642 -0.2439326 -0.6115611 -0.7878350 -0.0728632 0.7247924 0.3657340 -0.5838789 -0.4923621 -0.8645079 -0.1010226 0.7095583 0.4106962 -0.5725868
-0.2098185 -0.2693700 -0.0247273 0.3086622 0.1556618 -0.2451455 -0.2042314 -0.3586841 -0.0423373 0.3006245 0.1725194 -0.2362272 -0.6128984 -0.7868534 -0.0722306 0.7283350 0.3673076 -0.5784577 -0.4922209 -0.8644692 -0.1020377 0.7167051 0.4112956 -0.5631782
-0.2097027 -0.2691691 -0.0249360 0.3072241 0.1554248 -0.2415723 -0.2044058 -0.3585910 -0.0425024 0.2992665 0.1726686 -0.2318494 -0.6129430 -0.7867582 -0.0728858 0.7304501 0.3695350 -0.5743576 -0.4926146 -0.8641985 -0.1024300 0.7192389 0.4149812 -0.5572127
-0.2098830 -0.2691876 -0.0251072 0.3054386 0.1539253 -0.2381359 -0.2047406 -0.3587797 -0.0428052 0.2985593 0.1721520 -0.2303219 -0.6132234 -0.7864959 -0.0733567 0.7328767 0.3693320 -0.5713892 -0.4929948 -0.8639055 -0.1030705 0.7202629 0.4153100 -0.5556428
-0.2102806 -0.2690324 -0.0253313 0.3043099 0.1543121 -0.2373697 -0.2049880 -0.3568091 -0.0431563 0.2977143 0.1724899 -0.2297303 -0.6141366 -0.7857245 -0.0739815 0.7321381 0.3712591 -0.5710871 -0.4954303 -0.8623628 -0.1043034 0.7196069 0.4169263 -0.5552823
-0.2108778 -0.2686575 -0.0251479 0.3032456 0.1549347 -0.2380653 -0.2052579 -0.3571850 -0.0435164 0.2964143 0.1729577 -0.2308877 -0.6157739 -0.7844935 -0.0734331 0.7298383 0.3728901 -0.5729651 -0.4954891 -0.8622387 -0.1050478 0.7166272 0.4181519 -0.5582065
-0.2113881 -0.2683614 -0.0250391 0.3029579 0.1550445 -0.2371580 -0.2055529 -0.3578936 -0.0436160 0.2962514 0.1777579 -0.2339171 -0.6171298 -0.7834585 -0.0730996 0.7303558 0.3737736 -0.5717287 -0.4952834 -0.8623512 -0.1050935 0.7100453 0.4260440 -0.5606444
-0.2116922 -0.2682261 -0.0254796 0.3043785 0.1511770 -0.2358206 -0.2052983 -0.3561546 -0.0439635 0.3024654 0.1816236 -0.2428440 -0.6178115 -0.7828023 -0.0743606 0.7358235 0.3654646 -0.5700872 -0.4965705 -0.8614581 -0.1063378 0.7061907 0.4240514 -0.5669877
-0.2116021 -0.2681131 -0.0257834 0.3101609 0.1500263 -0.2432401 -0.2055110 -0.3543726 -0.0437322 0.3118719 0.1848103 -0.2639358 -0.6177672 -0.7827500 -0.0752739 0.7354134 0.3557228 -0.5767395 -0.4988377 -0.8601703 -0.1061513 0.6954897 0.4121360 -0.5885899
-0.2119162 -0.2681660 -0.0256647 0.3186979 0.1457417 -0.2489384 -0.2054228 -0.3551063 -0.0439279 0.3255382 0.1795890 -0.2732562 -0.6182752 -0.7823868 -0.0748779 0.7414000 0.3390447 -0.5791155 -0.4978886 -0.8606807 -0.1064693 0.7055340 0.3892204 -0.5922240
-0.2118609 -0.2682346 -0.0259671 0.3243398 0.1054117 -0.2483535 -0.2056550 -0.3560740 -0.0440337 0.3334483 0.1661254 -0.2821072 -0.6180378 -0.7824903 -0.0757509 0.7687863 0.2498586 -0.5886751 -0.4972947 -0.8610229 -0.1064779 0.7135626 0.3555001 -0.6036953
-0.2120465 -0.2683552 -0.0258815 0.3236367 0.1098623 -0.2579449 -0.2055499 -0.3555944 -0.0440560 0.3389582 0.1491687 -0.2880155 -0.6182139 -0.7823797 -0.0754565 0.7558264 0.2565742 -0.6024086 -0.4975974 -0.8608266 -0.1066512 0.7225022 0.3179587 -0.6139160
-0.2121155 -0.2683137 -0.0257304 0.3230226 0.1097575 -0.2639518 -0.2054780 -0.3564740 -0.0442250 0.3409215 0.1381941 -0.2939609 -0.6184170 -0.7822614 -0.0750163 0.7488682 0.2544524 -0.6119235 -0.4965341 -0.8614133 -0.1068690 0.7239928 0.2934737 -0.6242656
-0.2120774 -0.2684914 -0.0261196 0.3225117 0.1078192 -0.2721440 -0.2056428 -0.3538381 -0.0440271 0.3821730 0.1398209 -0.3392884 -0.6180449 -0.7824490 -0.0761188 0.7404752 0.2475490 -0.6248327 -0.4995972 -0.8596289 -0.1069614 0.7213087 0.2638963 -0.6403690
-0.2121295 -0.2683187 -0.0263473 0.3304512 0.0350240 -0.2406624 -0.2058000 -0.3548969 -0.0442916 0.3342580 0.0973795 -0.2701790 -0.6183507 -0.7821406 -0.0768016 0.8053965 0.0853627 -0.5865575 -0.4987464 -0.8600758 -0.1073386 0.7584875 0.2209704 -0.6130815
-0.2123388 -0.2683485 -0.0263753 0.3142451 0.0678512 -0.2423056 -0.2057464 -0.3554752 -0.0445408 0.3210974 0.0862994 -0.2570887 -0.6186815 -0.7818744 -0.0768484 0.7805897 0.1685435 -0.6018910 -0.4980161 -0.8604396 -0.1078125 0.7639857 0.2053318 -0.6116901
-0.2122828 -0.2683091 -0.0263514 0.3220463 0.0193346 -0.2438275 -0.2057683 -0.3565291 -0.0446285 0.3098824 0.0729986 -0.2367939 -0.6186397 -0.7819128 -0.0767940 0.7963555 0.0478107 -0.6029362 -0.4969534 -0.8610576 -0.1077829 0.7810107 0.1839818 -0.5968023
