-0.2678766 -0.2217273 -0.0762257 0.3366145 0.1851861 -0.3515443 -0.2614970 -0.3036284 -0.0816745 0.3521078 0.2325894 -0.3972935 -0.7524766 -0.6228411 -0.2141213 0.6463960 0.3556103 -0.6750656 -0.6394322 -0.7424552 -0.1997167 0.6075161 0.4013026 -0.6854782
-0.2678604 -0.2218787 -0.0763331 0.3361405 0.1848175 -0.3517579 -0.2615025 -0.3035845 -0.0818561 0.3503212 0.2319813 -0.3969441 -0.7522089 -0.6230825 -0.2143596 0.6458491 0.3551022 -0.6758560 -0.6394344 -0.7423346 -0.2001573 0.6060731 0.4013392 -0.6867330
-0.2679380 -0.2217496 -0.0765094 0.3360049 0.1846320 -0.3516310 -0.2617068 -0.3036369 -0.0817160 0.3489757 0.2321210 -0.3982711 -0.7523934 -0.6226924 -0.2148451 0.6458856 0.3549089 -0.6759227 -0.6397125 -0.7422059 -0.1997455 0.6035835 0.4014733 -0.6888441
-0.2679161 -0.2217979 -0.0764713 0.3347876 0.1847212 -0.3517178 -0.2615862 -0.3033761 -0.0818118 0.3255932 0.2535764 -0.4194568 -0.7523204 -0.6228186 -0.2147348 0.6444064 0.3555552 -0.6769940 -0.6398112 -0.7420247 -0.2001026 0.5533205 0.4309334 -0.7128344
-0.2678958 -0.2222339 -0.0764600 0.3267533 0.1882683 -0.3520371 -0.2611656 -0.3045588 -0.0817424 0.2874023 0.2536283 -0.4099658 -0.7517272 -0.6235980 -0.2145502 0.6333775 0.3649386 -0.6823875 -0.6378523 -0.7438330 -0.1996419 0.5120772 0.4519005 -0.7304539
-0.2677161 -0.2222247 -0.0764935 0.3179530 0.1911972 -0.3506078 -0.2607984 -0.3042164 -0.0820464 0.2660952 0.2473298 -0.3934151 -0.7515047 -0.6238060 -0.2147247 0.6228672 0.3745537 -0.6868377 -0.6376221 -0.7437742 -0.2005940 0.4969151 0.4618720 -0.7346766
-0.2676897 -0.2220627 -0.0763137 0.3035206 0.1957192 -0.3466204 -0.2610650 -0.3034420 -0.0815164 0.2537144 0.2412967 -0.3744872 -0.7517672 -0.6236304 -0.2143158 0.6063426 0.3909878 -0.6924429 -0.6390730 -0.7428098 -0.1995477 0.4948834 0.4706620 -0.7304572
-0.2676102 -0.2219061 -0.0752805 0.2942132 0.2068325 -0.3773092 -0.2613198 -0.3030982 -0.0805806 0.2498931 0.2381498 -0.3678033 -0.7523415 -0.6238520 -0.2116385 0.5644360 0.3967997 -0.7238522 -0.6401326 -0.7424735 -0.1973914 0.4954053 0.4721245 -0.7291585
-0.2676517 -0.2217247 -0.0749393 0.2913319 0.2004017 -0.3506146 -0.2611705 -0.3030159 -0.0802601 0.2464425 0.2371539 -0.3637216 -0.7527840 -0.6236120 -0.2107706 0.5850490 0.4024441 -0.7040997 -0.6401116 -0.7426719 -0.1967122 0.4936069 0.4750025 -0.7285087
-0.2672992 -0.2213135 -0.0747077 0.2899794 0.2044745 -0.3618070 -0.2609446 -0.3022808 -0.0800628 0.2442755 0.2379459 -0.3632592 -0.7530010 -0.6234559 -0.2104571 0.5722263 0.4034966 -0.7139661 -0.6407029 -0.7421968 -0.1965799 0.4902738 0.4775701 -0.7290805
-0.2671145 -0.2214601 -0.0749390 0.2907033 0.2038654 -0.3582739 -0.2607131 -0.3023031 -0.0804889 0.2427394 0.2407067 -0.3644457 -0.7524782 -0.6238670 -0.2111078 0.5763232 0.4041659 -0.7102827 -0.6402095 -0.7423385 -0.1976494 0.4857870 0.4817191 -0.7293543
-0.2670840 -0.2214131 -0.0749385 0.2938775 0.2076223 -0.3668371 -0.2606964 -0.3022760 -0.0806762 0.2448497 0.2467626 -0.3719306 -0.7525033 -0.6238266 -0.2111375 0.5719145 0.4040534 -0.7139010 -0.6401588 -0.7422605 -0.1981063 0.4809529 0.4847104 -0.7305752
-0.2667168 -0.2217214 -0.0743154 0.2976268 0.2060838 -0.3611072 -0.2606929 -0.3022733 -0.0803910 0.2513176 0.2572367 -0.3947962 -0.7519237 -0.6250735 -0.2095088 0.5820726 0.4030407 -0.7062221 -0.6402454 -0.7423645 -0.1974352 0.4705998 0.4816835 -0.7392678
-0.2667708 -0.2219049 -0.0741694 0.3032502 0.2042058 -0.3576576 -0.2606582 -0.3023495 -0.0803509 0.2726665 0.2617198 -0.4083733 -0.7518116 -0.6253707 -0.2090236 0.5929242 0.3992695 -0.6993031 -0.6401188 -0.7425032 -0.1973241 0.4900294 0.4703564 -0.7339183
-0.2667951 -0.2220975 -0.0740137 0.3073791 0.2019718 -0.3552683 -0.2606396 -0.3024657 -0.0803928 0.2909784 0.2642628 -0.4137250 -0.7516550 -0.6257261 -0.2085226 0.6011000 0.3949692 -0.6947504 -0.6399433 -0.7426379 -0.1973868 0.5098833 0.4630694 -0.7249729
-0.2667213 -0.2221483 -0.0737961 0.3128471 0.1997068 -0.3543366 -0.2605586 -0.3024277 -0.0803465 0.3078132 0.2543867 -0.4053790 -0.7515932 -0.6259909 -0.2079497 0.6096745 0.3891874 -0.6905289 -0.6398845 -0.7427072 -0.1973165 0.5409449 0.4470543 -0.7124051
-0.2668160 -0.2216909 -0.0733362 0.3167694 0.1988592 -0.3553232 -0.2606137 -0.3021189 -0.0802669 0.3163432 0.2522233 -0.4022397 -0.7525180 -0.6252488 -0.2068347 0.6140252 0.3854683 -0.6887577 -0.6403496 -0.7423313 -0.1972226 0.5544878 0.4420983 -0.7050478
-0.2668172 -0.2216806 -0.0732599 0.3191314 0.1975452 -0.3539495 -0.2606678 -0.3020286 -0.0802735 0.3240145 0.2488774 -0.3959373 -0.7525666 -0.6252574 -0.2066318 0.6185957 0.3829163 -0.6860863 -0.6405313 -0.7421662 -0.1972538 0.5695065 0.4374411 -0.6959221
-0.2668061 -0.2217643 -0.0732270 0.3230484 0.1958834 -0.3528678 -0.2605504 -0.3024134 -0.0803445 0.3281046 0.2468985 -0.3947377 -0.7524563 -0.6254279 -0.2065175 0.6249018 0.3789150 -0.6825841 -0.6398898 -0.7427019 -0.1973193 0.5760395 0.4334693 -0.6930244
-0.2667659 -0.2217660 -0.0730740 0.3262148 0.1954032 -0.3523170 -0.2604897 -0.3024311 -0.0804244 0.3360554 0.2501424 -0.3967182 -0.7524719 -0.6255398 -0.2061214 0.6292872 0.3769442 -0.6796401 -0.6397563 -0.7427634 -0.1975203 0.5824527 0.4335479 -0.6875937
-0.2667160 -0.2217957 -0.0729821 0.3284401 0.1944264 -0.3520525 -0.2600609 -0.3027000 -0.0804843 0.3390388 0.2485284 -0.3956007 -0.7524116 -0.6256905 -0.2058840 0.6325338 0.3744404 -0.6780083 -0.6388011 -0.7435379 -0.1976979 0.5873380 0.4305411 -0.6853236
-0.2667187 -0.2215957 -0.0729700 0.3299251 0.1936272 -0.3516471 -0.2600209 -0.3027307 -0.0804583 0.3414216 0.2457568 -0.3936809 -0.7526858 -0.6253477 -0.2059230 0.6349438 0.3726373 -0.6767480 -0.6387153 -0.7436277 -0.1976378 0.5925906 0.4265495 -0.6832949
-0.2666752 -0.2218397 -0.0726563 0.3324961 0.1931350 -0.3512928 -0.2599855 -0.3032474 -0.0798688 0.3441358 0.2433805 -0.3924727 -0.7524453 -0.6259383 -0.2050055 0.6383995 0.3708233 -0.6744896 -0.6382430 -0.7444473 -0.1960714 0.5975279 0.4225851 -0.6814560
-0.2662021 -0.2220457 -0.0716535 0.3334551 0.1925160 -0.3512913 -0.2599286 -0.3035193 -0.0792321 0.3467892 0.2417828 -0.3926109 -0.7520251 -0.6272826 -0.2024221 0.6397705 0.3693633 -0.6739914 -0.6380377 -0.7450384 -0.1944883 0.6010790 0.4190746 -0.6805002
-0.2660384 -0.2220150 -0.0715622 0.3346299 0.1915941 -0.3511063 -0.2590954 -0.3041413 -0.0797057 0.3493782 0.2398109 -0.3924810 -0.7519042 -0.6274810 -0.2022564 0.6416695 0.3673912 -0.6732637 -0.6359527 -0.7465184 -0.1956386 0.6048846 0.4151888 -0.6795093
-0.2658417 -0.2218486 -0.0714935 0.3354174 0.1911034 -0.3509624 -0.2588306 -0.3040355 -0.0798399 0.3523265 0.2379715 -0.3936373 -0.7519141 -0.6274827 -0.2022142 0.6428972 0.3662895 -0.6726925 -0.6356477 -0.7466638 -0.1960743 0.6080792 0.4107143 -0.6793773
-0.2653396 -0.2212119 -0.0718838 0.3364301 0.1902594 -0.3509292 -0.2571976 -0.3027426 -0.0812251 0.3553098 0.2376089 -0.3950658 -0.7519778 -0.6269191 -0.2037202 0.6444417 0.3644473 -0.6722151 -0.6343288 -0.7466568 -0.2003262 0.6104474 0.4082289 -0.6787511
-0.2651427 -0.2212097 -0.0718863 0.3370420 0.1893729 -0.3507964 -0.2566602 -0.3026045 -0.0812380 0.3569733 0.2368338 -0.3958343 -0.7517371 -0.6271774 -0.2038132 0.6456346 0.3627610 -0.6719824 -0.6336930 -0.7471294 -0.2005762 0.6120197 0.4060443 -0.6786457
-0.2654269 -0.2213811 -0.0721643 0.3383137 0.1906803 -0.3548388 -0.2567748 -0.3026146 -0.0813902 0.3579379 0.2365720 -0.3962065 -0.7517375 -0.6269916 -0.2043825 0.6431241 0.3624776 -0.6745379 -0.6338028 -0.7469500 -0.2008972 0.6128989 0.4050835 -0.6784264
-0.2651018 -0.2215209 -0.0722409 0.3383466 0.1890679 -0.3530122 -0.2565649 -0.3024717 -0.0812923 0.3579050 0.2352584 -0.3963257 -0.7511164 -0.6276383 -0.2046810 0.6453863 0.3606414 -0.6733605 -0.6336904 -0.7470758 -0.2007840 0.6133362 0.4031588 -0.6791772
-0.2650770 -0.2216372 -0.0727633 0.3379564 0.1877871 -0.3519198 -0.2566202 -0.3027819 -0.0816598 0.3576754 0.2345182 -0.3966829 -0.7507024 -0.6276801 -0.2060669 0.6464280 0.3591908 -0.6731365 -0.6332940 -0.7472131 -0.2015223 0.6131488 0.4020253 -0.6800178
-0.2651811 -0.2215347 -0.0732369 0.3375362 0.1869615 -0.3522586 -0.2566519 -0.3028631 -0.0814421 0.3574611 0.2336747 -0.3981315 -0.7507596 -0.6271914 -0.2073425 0.6460436 0.3578439 -0.6742221 -0.6333146 -0.7473454 -0.2009666 0.6122391 0.4002247 -0.6818970
-0.2649301 -0.2225611 -0.0744213 0.3358337 0.1865971 -0.3529387 -0.2567174 -0.3030182 -0.0813431 0.3564614 0.2333837 -0.3999515 -0.7485576 -0.6288443 -0.2102767 0.6437324 0.3576729 -0.6765195 -0.6332613 -0.7474744 -0.2006543 0.6099877 0.3993734 -0.6844092
-0.2649318 -0.2224304 -0.0744311 0.3345795 0.1861127 -0.3535656 -0.2571074 -0.3029814 -0.0814671 0.3511495 0.2330086 -0.4020399 -0.7487293 -0.6286150 -0.2103513 0.6420110 0.3571241 -0.6784425 -0.6338411 -0.7469332 -0.2008389 0.6028950 0.4000568 -0.6902697
-0.2648020 -0.2224345 -0.0743696 0.3333385 0.1859893 -0.3538962 -0.2573564 -0.3030036 -0.0810647 0.3453745 0.2339132 -0.4045499 -0.7485900 -0.6288176 -0.2102414 0.6403857 0.3573092 -0.6798796 -0.6343082 -0.7468150 -0.1998009 0.5943616 0.4025458 -0.6961977
-0.2648936 -0.2224162 -0.0740252 0.3293482 0.1844584 -0.3551950 -0.2574746 -0.3029318 -0.0808548 0.3323910 0.2308600 -0.4103530 -0.7488808 -0.6287931 -0.2092767 0.6354112 0.3558754 -0.6852775 -0.6346315 -0.7466760 -0.1992935 0.5767256 0.4005610 -0.7119961
-0.2649892 -0.2232676 -0.0739404 0.3249330 0.1845431 -0.3549982 -0.2574646 -0.3032868 -0.0805291 0.3117823 0.2277327 -0.4038857 -0.7479042 -0.6301494 -0.2086890 0.6304195 0.3580418 -0.6887505 -0.6343035 -0.7471935 -0.1983958 0.5580064 0.4075802 -0.7228466
-0.2652184 -0.2231921 -0.0737635 0.3125696 0.1887343 -0.3550963 -0.2577785 -0.3044615 -0.0788144 0.2522466 0.2469662 -0.4095309 -0.7483672 -0.6297815 -0.2081386 0.6136917 0.3705564 -0.6971876 -0.6339191 -0.7487199 -0.1938173 0.4665348 0.4567686 -0.7574350
-0.2648325 -0.2225350 -0.0743924 0.2923020 0.1965065 -0.3510625 -0.2572092 -0.3036498 -0.0803400 0.2285986 0.2471195 -0.3862324 -0.7484840 -0.6289403 -0.2102517 0.5877865 0.3951526 -0.7059472 -0.6335620 -0.7479551 -0.1978949 0.4461781 0.4823272 -0.7538472
-0.2648675 -0.2217487 -0.0739144 0.2809085 0.2042163 -0.3628465 -0.2573441 -0.3029261 -0.0803757 0.2220873 0.2390824 -0.3697212 -0.7497867 -0.6277259 -0.2092368 0.5592820 0.4065897 -0.7224185 -0.6345951 -0.7469974 -0.1982017 0.4503628 0.4848266 -0.7497443
-0.2647525 -0.2210533 -0.0741347 0.2709397 0.1998615 -0.3485222 -0.2574397 -0.3020600 -0.0808949 0.2206090 0.2336819 -0.3596855 -0.7504727 -0.6266021 -0.2101438 0.5591193 0.4124402 -0.7192209 -0.6355869 -0.7457488 -0.1997196 0.4573749 0.4844783 -0.7457137
-0.2645106 -0.2207055 -0.0740190 0.2710110 0.1999235 -0.3481545 -0.2571138 -0.3013983 -0.0807136 0.2202591 0.2327848 -0.3583784 -0.7506888 -0.6263686 -0.2100682 0.5594961 0.4127376 -0.7187571 -0.6359391 -0.7454712 -0.1996350 0.4581401 0.4841936 -0.7454289
-0.2654967 -0.2189918 -0.0755643 0.2702816 0.2017326 -0.3444162 -0.2576289 -0.3006067 -0.0807297 0.2198978 0.2332954 -0.3580702 -0.7534866 -0.6215044 -0.2144534 0.5606939 0.4184903 -0.7144846 -0.6376204 -0.7439888 -0.1998024 0.4575290 0.4854045 -0.7450165
-0.2653881 -0.2188973 -0.0758690 0.2689369 0.2110023 -0.3772007 -0.2578882 -0.2997099 -0.0816609 0.2192961 0.2354421 -0.3597136 -0.7533387 -0.6213687 -0.2153642 0.5283139 0.4145041 -0.7409931 -0.6387582 -0.7423457 -0.2022644 0.4543910 0.4878461 -0.7453422
-0.2654617 -0.2190667 -0.0764218 0.2762046 0.2053359 -0.3573901 -0.2580285 -0.3001033 -0.0818536 0.2224969 0.2443363 -0.3678063 -0.7529490 -0.6213554 -0.2167609 0.5566792 0.4138462 -0.7203053 -0.6384406 -0.7425463 -0.2025305 0.4499833 0.4941520 -0.7438608
-0.2654003 -0.2193026 -0.0769979 0.2842112 0.2061426 -0.3557631 -0.2579630 -0.3002458 -0.0823652 0.2373563 0.2569549 -0.3881550 -0.7522933 -0.6216264 -0.2182553 0.5686065 0.4124188 -0.7117566 -0.6380135 -0.7425903 -0.2037117 0.4542522 0.4917601 -0.7428506
-0.2656982 -0.2195858 -0.0765049 0.2902798 0.2054657 -0.3552439 -0.2585280 -0.3004872 -0.0817755 0.2495600 0.2634620 -0.4036553 -0.7525127 -0.6219127 -0.2166779 0.5774763 0.4087490 -0.7067145 -0.6387469 -0.7424156 -0.2020434 0.4597656 0.4853774 -0.7436561
-0.2657742 -0.2196521 -0.0761603 0.2980842 0.2047151 -0.3548698 -0.2588860 -0.3008769 -0.0812706 0.2811250 0.2691790 -0.4157240 -0.7526768 -0.6220584 -0.2156872 0.5883425 0.4040556 -0.7004228 -0.6389739 -0.7426145 -0.2005893 0.4936463 0.4726696 -0.7299978
-0.2659137 -0.2197216 -0.0758812 0.3035519 0.2032598 -0.3547208 -0.2589553 -0.3008859 -0.0810264 0.2939836 0.2690143 -0.4165568 -0.7528839 -0.6220999 -0.2148431 0.5961343 0.3991745 -0.6966230 -0.6391417 -0.7426329 -0.1999856 0.5099744 0.4666600 -0.7226026
-0.2661022 -0.2198949 -0.0755864 0.3095294 0.2015382 -0.3548158 -0.2591891 -0.3011342 -0.0807575 0.3156033 0.2569106 -0.4050673 -0.7530199 -0.6222618 -0.2138956 0.6043464 0.3934969 -0.6927667 -0.6392767 -0.7427321 -0.1991841 0.5496547 0.4474355 -0.7054652
-0.2662865 -0.2202744 -0.0750742 0.3143091 0.2013516 -0.3540092 -0.2591419 -0.3015680 -0.0805769 0.3202605 0.2564411 -0.4036277 -0.7529748 -0.6228671 -0.2122864 0.6109656 0.3913946 -0.6881362 -0.6387565 -0.7433323 -0.1986132 0.5564540 0.4455675 -0.7013049
-0.2663710 -0.2210031 -0.0747825 0.3176968 0.2008205 -0.3534089 -0.2590699 -0.3017674 -0.0805644 0.3249533 0.2574725 -0.4028606 -0.7522435 -0.6241224 -0.2111891 0.6158049 0.3892587 -0.6850270 -0.6384221 -0.7436408 -0.1985337 0.5621193 0.4453880 -0.6968870
-0.2665962 -0.2211786 -0.0745359 0.3219312 0.2004367 -0.3527822 -0.2595430 -0.3014735 -0.0804978 0.3308561 0.2513866 -0.3954366 -0.7523971 -0.6242180 -0.2103578 0.6215515 0.3869824 -0.6811155 -0.6394765 -0.7427873 -0.1983350 0.5767939 0.4382517 -0.6893796
-0.2667442 -0.2214883 -0.0743362 0.3242319 0.1996985 -0.3520751 -0.2595912 -0.3016714 -0.0803969 0.3350179 0.2513710 -0.3948439 -0.7522569 -0.6246288 -0.2096388 0.6251867 0.3850603 -0.6788742 -0.6393468 -0.7429859 -0.1980093 0.5820231 0.4367042 -0.6859581
