-0.2272732 -0.2363807 -0.0284213 0.1664429 0.0879178 -0.2916632 -0.2181040 -0.3353599 -0.0446515 0.0803092 0.1200433 -0.3600983 -0.6904948 -0.7181649 -0.0863487 0.4794809 0.2532695 -0.8402099 -0.5418346 -0.8331329 -0.1109274 0.2069915 0.3094036 -0.9281293
-0.2271610 -0.2352127 -0.0294492 0.1646387 0.0861212 -0.2923908 -0.2177307 -0.3341852 -0.0455707 0.0773532 0.1185570 -0.3627125 -0.6918879 -0.7164117 -0.0896964 0.4752411 0.2485948 -0.8440062 -0.5423590 -0.8324428 -0.1135148 0.1986686 0.3044935 -0.9315656
-0.2269765 -0.2355227 -0.0305129 0.1646000 0.0844745 -0.2939861 -0.2175480 -0.3345063 -0.0465678 0.0766587 0.1180999 -0.3655235 -0.6909226 -0.7169372 -0.0928821 0.4738640 0.2431921 -0.8463513 -0.5415225 -0.8326564 -0.1159169 0.1957060 0.3015033 -0.9331639
-0.2269889 -0.2359676 -0.0310158 0.1643342 0.0851710 -0.2987803 -0.2175465 -0.3348959 -0.0474007 0.0766386 0.1193000 -0.3702227 -0.6901728 -0.7174733 -0.0943053 0.4675658 0.2423296 -0.8500933 -0.5409519 -0.8327535 -0.1178668 0.1933134 0.3009224 -0.9338499
-0.2271449 -0.2357388 -0.0319866 0.1644437 0.0860665 -0.3031920 -0.2178991 -0.3347162 -0.0481853 0.0815738 0.1244802 -0.3767840 -0.6905705 -0.7166977 -0.0972462 0.4625805 0.2421053 -0.8528800 -0.5416476 -0.8320284 -0.1197776 0.2013610 0.3072735 -0.9300735
-0.2270400 -0.2362810 -0.0321915 0.1574144 0.1204468 -0.3360496 -0.2181770 -0.3351567 -0.0492084 0.1015692 0.1379399 -0.3882296 -0.6895462 -0.7176122 -0.0977692 0.4034728 0.3087202 -0.8613371 -0.5414760 -0.8317985 -0.1221265 0.2393571 0.3250679 -0.9148984
-0.2271037 -0.2369525 -0.0318085 0.1614280 0.1211365 -0.3382015 -0.2185796 -0.3358922 -0.0486291 0.1136763 0.1469888 -0.4010986 -0.6887171 -0.7185845 -0.0964626 0.4098778 0.3075746 -0.8587188 -0.5414544 -0.8320554 -0.1204616 0.2571572 0.3325163 -0.9073605
-0.2274924 -0.2372289 -0.0310812 0.1840424 0.1261656 -0.3474322 -0.2192059 -0.3362707 -0.0474124 0.1411726 0.1574213 -0.4133014 -0.6890660 -0.7185575 -0.0941439 0.4457154 0.3055489 -0.8414141 -0.5423212 -0.8319426 -0.1172995 0.3040866 0.3390864 -0.8902538
-0.2271534 -0.2378467 -0.0308328 0.1941694 0.1468294 -0.3731349 -0.2187678 -0.3368735 -0.0472025 0.1696671 0.1634593 -0.4199722 -0.6876482 -0.7200194 -0.0933384 0.4358240 0.3295668 -0.8375220 -0.5409161 -0.8329395 -0.1167110 0.3523414 0.3394498 -0.8721407
-0.2269117 -0.2368331 -0.0300022 0.2402335 0.1478284 -0.3871484 -0.2181535 -0.3357997 -0.0465412 0.2219947 0.1673317 -0.4132729 -0.6889442 -0.7190675 -0.0910920 0.5015224 0.3086132 -0.8082284 -0.5411414 -0.8329692 -0.1154480 0.4457078 0.3359586 -0.8297448
-0.2267186 -0.2365464 -0.0298910 0.2697333 0.1575033 -0.4186391 -0.2179405 -0.3355505 -0.0461923 0.2328772 0.1981536 -0.5008813 -0.6890888 -0.7189594 -0.0908509 0.5164102 0.3015435 -0.8014936 -0.5411004 -0.8331012 -0.1146859 0.3968339 0.3376633 -0.8535258
-0.2262598 -0.2359640 -0.0290390 0.2971099 0.1464718 -0.4156894 -0.2176606 -0.3348668 -0.0460363 0.2610455 0.1902231 -0.5142465 -0.6893944 -0.7189623 -0.0884794 0.5589692 0.2755655 -0.7820595 -0.5413986 -0.8329318 -0.1145084 0.4298659 0.3132421 -0.8468144
-0.2260156 -0.2362986 -0.0287553 0.3367172 0.0630361 -0.3428383 -0.2171796 -0.3352523 -0.0453302 0.3377558 0.1147779 -0.4318471 -0.6885508 -0.7198775 -0.0876023 0.6947570 0.1300640 -0.7073868 -0.5402279 -0.8339302 -0.1127575 0.6029962 0.2049132 -0.7709774
-0.2258760 -0.2365824 -0.0288225 0.3289870 0.0588587 -0.2920953 -0.2168069 -0.3354771 -0.0456217 0.3530041 0.0801784 -0.3983358 -0.6878861 -0.7204915 -0.0877765 0.7411865 0.1326049 -0.6580718 -0.5392748 -0.8344493 -0.1134771 0.6558380 0.1489616 -0.7400587
-0.2260487 -0.2365645 -0.0295709 0.3634415 0.0479109 -0.3761296 -0.2167352 -0.3355540 -0.0456642 0.3672135 0.0548329 -0.4129890 -0.6880507 -0.7200588 -0.0900084 0.6919763 0.0912202 -0.7161339 -0.5390559 -0.8345775 -0.1135744 0.6612304 0.0987360 -0.7436569
-0.2255823 -0.2379349 -0.0296589 0.3449576 -0.0011437 -0.2351872 -0.2162928 -0.3369114 -0.0458447 0.3749908 0.0280713 -0.4113999 -0.6852205 -0.7227423 -0.0900907 0.8262368 -0.0027394 -0.5633163 -0.5367322 -0.8360480 -0.1137640 0.6727919 0.0503643 -0.7381155
-0.2252774 -0.2390680 -0.0299230 0.3635636 -0.0354719 -0.2390911 -0.2160729 -0.3380601 -0.0460637 0.3695692 0.0085530 -0.4019864 -0.6829762 -0.7247854 -0.0907178 0.8327554 -0.0812497 -0.5476467 -0.5350338 -0.8370954 -0.1140616 0.6767174 0.0156614 -0.7360763
-0.2251351 -0.2392634 -0.0296572 0.3260321 0.0309065 -0.2746757 -0.2158005 -0.3382503 -0.0457542 0.3527774 -0.0136498 -0.3892051 -0.6825023 -0.7253326 -0.0899066 0.7627679 0.0723073 -0.6426172 -0.5343879 -0.8376111 -0.1133013 0.6713558 -0.0259764 -0.7406798
-0.2249306 -0.2392497 -0.0292346 0.3304389 0.0054636 -0.2347664 -0.2155441 -0.3382966 -0.0449259 0.3271180 -0.0310553 -0.3694931 -0.6822697 -0.7257029 -0.0886757 0.8151287 0.0134776 -0.5791231 -0.5340058 -0.8381226 -0.1113029 0.6615593 -0.0628058 -0.7472582
-0.2249374 -0.2389587 -0.0287610 0.3285292 0.0056477 -0.2342398 -0.2155748 -0.3380682 -0.0440671 0.2971442 -0.0365140 -0.3560969 -0.6828042 -0.7253663 -0.0873048 0.8141503 0.0139959 -0.5804855 -0.5344391 -0.8381167 -0.1092483 0.6387127 -0.0784870 -0.7654318
-0.2246290 -0.2392086 -0.0282126 0.2697931 -0.0073097 -0.3079588 -0.2147793 -0.3383075 -0.0432784 0.2759111 -0.0307906 -0.3477868 -0.6820264 -0.7262936 -0.0856600 0.6588549 -0.0178508 -0.7520582 -0.5328754 -0.8393535 -0.1073754 0.6200160 -0.0691914 -0.7815323
-0.2244913 -0.2389224 -0.0277662 0.2558777 0.0037724 -0.3115648 -0.2146987 -0.3380397 -0.0427501 0.2290079 -0.0106813 -0.3709548 -0.6823121 -0.7261737 -0.0843918 0.6346367 0.0093564 -0.7727540 -0.5331043 -0.8393641 -0.1061499 0.5251505 -0.0244939 -0.8506568
-0.2244564 -0.2390336 -0.0273026 0.2392055 0.0262652 -0.2970793 -0.2145745 -0.3381419 -0.0422887 0.2171604 0.0054278 -0.3740072 -0.6821684 -0.7264715 -0.0829781 0.6256755 0.0687003 -0.7770524 -0.5328343 -0.8396786 -0.1050120 0.5020872 0.0125494 -0.8647259
-0.2244360 -0.2389698 -0.0272902 0.2605606 0.0424314 -0.2996205 -0.2145028 -0.3380577 -0.0423777 0.2024285 0.0511460 -0.3973919 -0.6822335 -0.7264129 -0.0829558 0.6524939 0.1062564 -0.7503074 -0.5327881 -0.8396770 -0.1052589 0.4509408 0.1139356 -0.8852520
-0.2247288 -0.2398679 -0.0276701 0.2583210 0.0504041 -0.3210180 -0.2141703 -0.3388656 -0.0429232 0.2074101 0.0684563 -0.3930761 -0.6812928 -0.7271887 -0.0838853 0.6222834 0.1214212 -0.7733177 -0.5312237 -0.8405156 -0.1064658 0.4612372 0.1522326 -0.8741198
-0.2244373 -0.2402247 -0.0285016 0.2465667 0.0755881 -0.3437542 -0.2139776 -0.3392289 -0.0437820 0.2092837 0.1109842 -0.4087891 -0.6801369 -0.7279792 -0.0863714 0.5737591 0.1758930 -0.7999138 -0.5303571 -0.8408005 -0.1085166 0.4429589 0.2349033 -0.8652213
-0.2242649 -0.2398127 -0.0287896 0.2440200 0.1379408 -0.3712335 -0.2140704 -0.3385508 -0.0458722 0.2302989 0.1492589 -0.4124426 -0.6804229 -0.7275953 -0.0873482 0.5245769 0.2965353 -0.7980513 -0.5309665 -0.8397197 -0.1137783 0.4648712 0.3012875 -0.8325386
-0.2242761 -0.2402229 -0.0295596 0.2556972 0.1532478 -0.3708409 -0.2143059 -0.3387061 -0.0481805 0.2436887 0.1672321 -0.4176112 -0.6796851 -0.7280131 -0.0895827 0.5374009 0.3220822 -0.7793994 -0.5308600 -0.8390135 -0.1193486 0.4763127 0.3268710 -0.8162607
-0.2244308 -0.2406531 -0.0307221 0.3027735 0.1395081 -0.3613902 -0.2143112 -0.3390217 -0.0498623 0.2637694 0.1814509 -0.4197704 -0.6790747 -0.7281596 -0.0929577 0.6158092 0.2837447 -0.7350293 -0.5302536 -0.8388151 -0.1233704 0.4996332 0.3437052 -0.7951311
-0.2241821 -0.2409272 -0.0319555 0.3174182 0.1460809 -0.3617586 -0.2140623 -0.3393259 -0.0509399 0.2873050 0.1942361 -0.4264127 -0.6780189 -0.7286630 -0.0966467 0.6311072 0.2904455 -0.7192670 -0.5293003 -0.8390329 -0.1259563 0.5227188 0.3533905 -0.7758094
-0.2241575 -0.2413113 -0.0322768 0.3360673 0.1511595 -0.3586450 -0.2139976 -0.3396938 -0.0513234 0.3126336 0.1980718 -0.4310024 -0.6773412 -0.7291752 -0.0975315 0.6535546 0.2939619 -0.6974617 -0.5287182 -0.8392723 -0.1268034 0.5503164 0.3486578 -0.7586762
-0.2243275 -0.2412189 -0.0329638 0.3579669 0.1512939 -0.3572496 -0.2140023 -0.3396247 -0.0518011 0.3641518 0.2042345 -0.4400942 -0.6776185 -0.7286415 -0.0995725 0.6781216 0.2866066 -0.6767628 -0.5287228 -0.8390905 -0.1279819 0.6002855 0.3366701 -0.7254727
-0.2242422 -0.2409588 -0.0334629 0.3902310 0.1455455 -0.3539056 -0.2137466 -0.3393902 -0.0520712 0.3916250 0.1882930 -0.4244607 -0.6777645 -0.7282897 -0.1011405 0.7139943 0.2663004 -0.6475308 -0.5284792 -0.8391274 -0.1287437 0.6447070 0.3099746 -0.6987622
-0.2237229 -0.2409877 -0.0337570 0.4078234 0.1396124 -0.3487483 -0.2131556 -0.3395018 -0.0518808 0.4269755 0.1730422 -0.4216329 -0.6768101 -0.7290399 -0.1021221 0.7355194 0.2517943 -0.6289760 -0.5273345 -0.8399075 -0.1283501 0.6836852 0.2770801 -0.6751305
-0.2233651 -0.2410599 -0.0336948 0.4207811 0.1283404 -0.3339047 -0.2127857 -0.3395800 -0.0517784 0.4556135 0.1429581 -0.4115144 -0.6761281 -0.7296903 -0.1019945 0.7618892 0.2323801 -0.6045860 -0.5266049 -0.8403969 -0.1281419 0.7227730 0.2267849 -0.6528153
-0.2232532 -0.2401758 -0.0343550 0.4448515 0.0771760 -0.3074187 -0.2126088 -0.3387305 -0.0522118 0.4677559 0.1229751 -0.4097745 -0.6771261 -0.7284524 -0.1041986 0.8144196 0.1412913 -0.5628121 -0.5271468 -0.8398557 -0.1294551 0.7378976 0.1939966 -0.6464305
-0.2228507 -0.2405992 -0.0344159 0.4389665 0.0707742 -0.2953362 -0.2120515 -0.3392940 -0.0513837 0.4724049 0.0842012 -0.4027158 -0.6758178 -0.7296418 -0.1043698 0.8223692 0.1325899 -0.5532891 -0.5256688 -0.8410987 -0.1273785 0.7541016 0.1344107 -0.6428566
-0.2224876 -0.2414076 -0.0342200 0.4383221 0.0344129 -0.2786593 -0.2117706 -0.3401111 -0.0511888 0.4621105 0.0571805 -0.3942172 -0.6740520 -0.7313725 -0.1036736 0.8420532 0.0661101 -0.5353278 -0.5243025 -0.8420484 -0.1267334 0.7574331 0.0937230 -0.6461510
-0.2223474 -0.2417902 -0.0345247 0.4303098 0.0246992 -0.2659589 -0.2115531 -0.3405170 -0.0513090 0.4448230 0.0338832 -0.3791170 -0.6731843 -0.7320497 -0.1045277 0.8496274 0.0487675 -0.5251239 -0.5234489 -0.8425460 -0.1269546 0.7598039 0.0578760 -0.6475712
-0.2221020 -0.2419138 -0.0342061 0.4214864 0.0230331 -0.2450916 -0.2114238 -0.3406435 -0.0510476 0.4135957 0.0179202 -0.3747634 -0.6726608 -0.7326630 -0.1035971 0.8635073 0.0471884 -0.5021239 -0.5231214 -0.8428469 -0.1263059 0.7406567 0.0320910 -0.6711168
-0.2218658 -0.2417101 -0.0334728 0.4182894 0.0250306 -0.2343716 -0.2114914 -0.3404572 -0.0504020 0.3931611 0.0139704 -0.3739170 -0.6727264 -0.7328971 -0.1014941 0.8712045 0.0521332 -0.4881443 -0.5235512 -0.8428086 -0.1247711 0.7243783 0.0257397 -0.6889220
-0.2220567 -0.2417698 -0.0331379 0.3457499 0.0564899 -0.2694109 -0.2118024 -0.3405625 -0.0498738 0.3590875 0.0157607 -0.3779887 -0.6730229 -0.7327706 -0.1004364 0.7823350 0.1278208 -0.6096013 -0.5240797 -0.8426810 -0.1234068 0.6884332 0.0302160 -0.7246701
-0.2221649 -0.2406679 -0.0323520 0.3194261 0.0540877 -0.3084691 -0.2120872 -0.3394766 -0.0490979 0.3304554 0.0274674 -0.3800454 -0.6750116 -0.7312299 -0.0982964 0.7140591 0.1209100 -0.6895654 -0.5259036 -0.8417858 -0.1217459 0.6551836 0.0544588 -0.7535043
-0.2222550 -0.2396635 -0.0322144 0.3044370 0.0569236 -0.3492650 -0.2123504 -0.3384238 -0.0493443 0.3004457 0.0536943 -0.3939489 -0.6766965 -0.7296997 -0.0980827 0.6521698 0.1219426 -0.7482009 -0.5274941 -0.8406696 -0.1225748 0.6028885 0.1077455 -0.7905165
-0.2222653 -0.2390006 -0.0316772 0.3016777 0.0968012 -0.2994962 -0.2125540 -0.3377818 -0.0487979 0.2922774 0.0876299 -0.3752012 -0.6778190 -0.7288548 -0.0966025 0.6919543 0.2220317 -0.6869506 -0.5286547 -0.8401155 -0.1213680 0.6043629 0.1811986 -0.7758302
-0.2224820 -0.2388818 -0.0311225 0.3182782 0.0848755 -0.3063299 -0.2127338 -0.3376602 -0.0482375 0.2884583 0.1263100 -0.3773393 -0.6784648 -0.7284764 -0.0949089 0.7075594 0.1886854 -0.6809974 -0.5292002 -0.8399691 -0.1199964 0.5869241 0.2570020 -0.7677696
-0.2226217 -0.2376513 -0.0321816 0.2958306 0.1522985 -0.3215120 -0.2124031 -0.3363597 -0.0494255 0.2864211 0.1683666 -0.4064816 -0.6803385 -0.7262694 -0.0983480 0.6393733 0.3291600 -0.6948780 -0.5298568 -0.8390768 -0.1232959 0.5455772 0.3207060 -0.7742694
-0.2222471 -0.2375100 -0.0337949 0.3037605 0.1725191 -0.3729027 -0.2116547 -0.3362589 -0.0505766 0.2901772 0.1829707 -0.4102891 -0.6795980 -0.7262696 -0.1033396 0.5944789 0.3376310 -0.7297946 -0.5284341 -0.8395310 -0.1262737 0.5425833 0.3421249 -0.7671727
-0.2229533 -0.2361335 -0.0343092 0.3543095 0.1643990 -0.3212033 -0.2117758 -0.3347478 -0.0514977 0.3111714 0.2071673 -0.4065346 -0.6827238 -0.7230840 -0.1050610 0.7006299 0.3250911 -0.6351641 -0.5301737 -0.8380303 -0.1289228 0.5634277 0.3751109 -0.7360986
-0.2231867 -0.2358492 -0.0349681 0.3604395 0.1691446 -0.3300036 -0.2113429 -0.3341876 -0.0532559 0.3396302 0.2309989 -0.4131132 -0.6833885 -0.7221606 -0.1070708 0.6969927 0.3270800 -0.6381378 -0.5297108 -0.8376093 -0.1334808 0.5830000 0.3965264 -0.7091388
-0.2235070 -0.2352785 -0.0353439 0.3866111 0.1755882 -0.3204212 -0.2111301 -0.3333270 -0.0547985 0.3685378 0.2407402 -0.4165603 -0.6846883 -0.7207490 -0.1082721 0.7267831 0.3300851 -0.6023539 -0.5300066 -0.8367614 -0.1375623 0.6080966 0.3972273 -0.6873347
-0.2236089 -0.2357624 -0.0357931 0.4066718 0.1771994 -0.3145683 -0.2111929 -0.3337788 -0.0553844 0.4026485 0.2428771 -0.4174996 -0.6840207 -0.7211985 -0.1094912 0.7478127 0.3258450 -0.5784472 -0.5295098 -0.8368613 -0.1388616 0.6403188 0.3862395 -0.6639359
-0.2236423 -0.2359495 -0.0361871 0.4266102 0.1775791 -0.3077067 -0.2111838 -0.3339282 -0.0559387 0.4522455 0.2345394 -0.4219192 -0.6837023 -0.7213269 -0.1106283 0.7684313 0.3198642 -0.5542565 -0.5292248 -0.8368214 -0.1401820 0.6836915 0.3545698 -0.6378450
-0.2235439 -0.2360625 -0.0365781 0.4436213 0.1732415 -0.2984491 -0.2112646 -0.3339160 -0.0570491 0.4754256 0.2196184 -0.4121004 -0.6832808 -0.7215451 -0.1118041 0.7893113 0.3082392 -0.5310143 -0.5291759 -0.8363931 -0.1428966 0.7134242 0.3295596 -0.6183983
-0.2235708 -0.2362766 -0.0368442 0.4569066 0.1650319 -0.2893178 -0.2114726 -0.3341217 -0.0574628 0.5168360 0.1929152 -0.4048104 -0.6829399 -0.7217521 -0.1125476 0.8080783 0.2918730 -0.5116832 -0.5292441 -0.8361934 -0.1438100 0.7553248 0.2819340 -0.5916061
-0.2238282 -0.2383241 -0.0368728 0.4720047 0.1463977 -0.2740885 -0.2117958 -0.3363398 -0.0567043 0.5330305 0.1767324 -0.3999699 -0.6802786 -0.7243356 -0.1120670 0.8352492 0.2590622 -0.4850211 -0.5275195 -0.8377209 -0.1412333 0.7731320 0.2563408 -0.5801347
-0.2237253 -0.2391558 -0.0365304 0.4790214 0.1342642 -0.2607473 -0.2122824 -0.3372941 -0.0561025 0.5615933 0.1442475 -0.3865400 -0.6789445 -0.7257717 -0.1108596 0.8528462 0.2390430 -0.4642325 -0.5274547 -0.8380692 -0.1393970 0.8058964 0.2069977 -0.5546918
-0.2239406 -0.2393997 -0.0352399 0.4895454 0.1186971 -0.2434091 -0.2128997 -0.3379416 -0.0529243 0.5677796 0.1220547 -0.3754202 -0.6792211 -0.7261091 -0.1068841 0.8750373 0.2121650 -0.4350814 -0.5284127 -0.8387642 -0.1313571 0.8210504 0.1764999 -0.5428848
-0.2230300 -0.2397063 -0.0345938 0.4924012 0.1099945 -0.2351840 -0.2128424 -0.3383720 -0.0520982 0.5780977 0.1008893 -0.3654233 -0.6774109 -0.7280620 -0.1050721 0.8845652 0.1975976 -0.4224920 -0.5279779 -0.8393674 -0.1292350 0.8362349 0.1459393 -0.5285952
-0.2227600 -0.2396872 -0.0339954 0.4960728 0.0999389 -0.2278835 -0.2127533 -0.3383335 -0.0517130 0.5816732 0.0901199 -0.3578991 -0.6771238 -0.7285774 -0.1033358 0.8938511 0.1800754 -0.4106130 -0.5279258 -0.8395405 -0.1283205 0.8443740 0.1308207 -0.5195369
-0.2228552 -0.2395383 -0.0335021 0.4960256 0.0953726 -0.2247973 -0.2128378 -0.3382050 -0.0510989 0.5798091 0.0822883 -0.3531042 -0.6776080 -0.7283343 -0.1018656 0.8971744 0.1725029 -0.4065966 -0.5283211 -0.8395166 -0.1268412 0.8478766 0.1203333 -0.5163575
-0.2228650 -0.2393381 -0.0333577 0.4943106 0.0874634 -0.2204019 -0.2130785 -0.3380522 -0.0508187 0.5788441 0.0787275 -0.3517660 -0.6779549 -0.7280660 -0.1014742 0.9016277 0.1595342 -0.4020154 -0.5289664 -0.8392133 -0.1261572 0.8488602 0.1154519 -0.5158559
-0.2225579 -0.2392822 -0.0328844 0.4922784 0.0822077 -0.2175741 -0.2130513 -0.3379964 -0.0504979 0.5754312 0.0765826 -0.3511390 -0.6776321 -0.7285532 -0.1001247 0.9041622 0.1509900 -0.3996159 -0.5290324 -0.8392863 -0.1253924 0.8481647 0.1128800 -0.5175661
