-0.1875879 -0.2070768 -0.0745230 0.1741485 0.1769770 -0.3687666 -0.1516169 -0.2966752 -0.0981593 0.1394163 0.2259797 -0.4260847 -0.6486943 -0.7160886 -0.2577066 0.3917285 0.3980910 -0.8295013 -0.4365194 -0.8541560 -0.2826099 0.2776954 0.4501160 -0.8486936
-0.1862015 -0.2066686 -0.0738175 0.1780755 0.1851280 -0.3713316 -0.1501714 -0.2960791 -0.0980676 0.1525420 0.2307784 -0.4258030 -0.6469702 -0.7180846 -0.2564839 0.3943909 0.4100105 -0.8224033 -0.4338122 -0.8553073 -0.2832957 0.3004123 0.4544890 -0.8385655
-0.1863322 -0.2063793 -0.0732017 0.1819542 0.1972464 -0.3805627 -0.1502764 -0.2957150 -0.0976879 0.1672115 0.2348990 -0.4264232 -0.6480559 -0.7177787 -0.2545926 0.3907428 0.4235824 -0.8172503 -0.4345839 -0.8551776 -0.2825034 0.3248363 0.4563306 -0.8283983
-0.1867415 -0.2051122 -0.0732330 0.2047654 0.2130290 -0.3843268 -0.1501981 -0.2942807 -0.0976076 0.1913362 0.2364689 -0.4210667 -0.6509143 -0.7149481 -0.2552642 0.4223831 0.4394291 -0.7927765 -0.4359748 -0.8541982 -0.2833221 0.3683466 0.4552328 -0.8106071
-0.1841771 -0.2019018 -0.0760502 0.2184865 0.2172294 -0.3823157 -0.1472365 -0.2910651 -0.0998393 0.2178574 0.2381930 -0.4166091 -0.6492633 -0.7117467 -0.2680929 0.4449741 0.4424139 -0.7786322 -0.4316220 -0.8532539 -0.2926777 0.4133679 0.4519532 -0.7904842
-0.1842019 -0.2021375 -0.0754661 0.2431018 0.2104038 -0.3935581 -0.1470766 -0.2912043 -0.0993279 0.2351587 0.2339401 -0.4164458 -0.6492868 -0.7125072 -0.2660078 0.4783687 0.4140266 -0.7744323 -0.4312790 -0.8539110 -0.2912634 0.4416918 0.4394028 -0.7821979
-0.1850141 -0.2017185 -0.0752870 0.2527300 0.2005131 -0.3818657 -0.1480180 -0.2909348 -0.0987894 0.2553446 0.2257864 -0.4163415 -0.6517300 -0.7105730 -0.2652057 0.5055617 0.4011069 -0.7638852 -0.4340129 -0.8530685 -0.2896668 0.4745555 0.4196218 -0.7737665
-0.1869012 -0.2017376 -0.0747479 0.2767740 0.1975819 -0.4033416 -0.1499222 -0.2911188 -0.0976424 0.2758299 0.2333441 -0.4675141 -0.6558246 -0.7078845 -0.2622855 0.5246235 0.3745153 -0.7645316 -0.4387501 -0.8519648 -0.2857522 0.4668376 0.3949310 -0.7912599
-0.1886611 -0.2028828 -0.0741889 0.2889995 0.1749729 -0.4021436 -0.1520113 -0.2924173 -0.0970139 0.2901780 0.2078302 -0.4678468 -0.6577974 -0.7073837 -0.2586715 0.5502450 0.3331423 -0.7656675 -0.4424714 -0.8511622 -0.2823860 0.4931199 0.3531805 -0.7950449
-0.1892326 -0.2030697 -0.0726031 0.3029663 0.1276441 -0.3809992 -0.1531893 -0.2927825 -0.0956909 0.3049323 0.1535329 -0.4092592 -0.6595532 -0.7077814 -0.2530516 0.6020415 0.2536488 -0.7571052 -0.4453002 -0.8510785 -0.2781603 0.5721458 0.2880744 -0.7678947
-0.1901239 -0.2026582 -0.0710579 0.3132731 0.0925661 -0.3850182 -0.1538970 -0.2922526 -0.0943192 0.3155110 0.1245640 -0.4099459 -0.6628645 -0.7065652 -0.2477423 0.6204370 0.1833271 -0.7625281 -0.4480268 -0.8508091 -0.2745831 0.5929663 0.2341035 -0.7704456
-0.1912004 -0.2017237 -0.0702105 0.3180333 0.0832232 -0.3830948 -0.1549800 -0.2913915 -0.0931975 0.3438413 0.1275467 -0.5349000 -0.6669709 -0.7036798 -0.2449176 0.6300062 0.1648605 -0.7588895 -0.4519048 -0.8496658 -0.2717538 0.5301719 0.1966654 -0.8247669
-0.1953976 -0.2016347 -0.0710039 0.3136128 0.0655597 -0.3600118 -0.1584575 -0.2911821 -0.0933041 0.3196844 -0.0074434 -0.3656341 -0.6746747 -0.6962101 -0.2451644 0.6507393 0.1360348 -0.7470160 -0.4601165 -0.8455118 -0.2709292 0.6581411 -0.0153239 -0.7527386
-0.1958275 -0.2020753 -0.0692736 0.3071386 0.0281332 -0.3527478 -0.1585002 -0.2913865 -0.0918741 0.3217391 0.0281780 -0.4195074 -0.6757428 -0.6973021 -0.2390426 0.6554826 0.0600407 -0.7528198 -0.4604972 -0.8465772 -0.2669257 0.6077081 0.0532232 -0.7923750
-0.2001072 -0.2018420 -0.0698230 0.3050987 0.0027444 -0.3439063 -0.1627777 -0.2911740 -0.0923381 0.3154646 -0.0164406 -0.4040893 -0.6837194 -0.6896467 -0.2385689 0.6636278 0.0059694 -0.7480391 -0.4702806 -0.8412300 -0.2667738 0.6150490 -0.0320536 -0.7878371
-0.1995938 -0.2022357 -0.0678080 0.2951787 -0.0239186 -0.3252060 -0.1624752 -0.2915987 -0.0905491 0.3094708 -0.0374651 -0.3943475 -0.6832565 -0.6923003 -0.2321228 0.6711007 -0.0543798 -0.7393691 -0.4697559 -0.8430838 -0.2617997 0.6156435 -0.0745310 -0.7844923
-0.1984047 -0.2033849 -0.0651697 0.2834352 -0.0339436 -0.2381464 -0.1609280 -0.2924243 -0.0885827 0.2882938 -0.0792166 -0.3709612 -0.6806148 -0.6976992 -0.2235606 0.7624258 -0.0913065 -0.6406013 -0.4660046 -0.8467829 -0.2565120 0.6050923 -0.1662656 -0.7786007
-0.1987258 -0.2035367 -0.0644386 0.2822012 -0.0387366 -0.2340247 -0.1615183 -0.2926987 -0.0878136 0.2792046 -0.0889560 -0.3609466 -0.6813375 -0.6978319 -0.2209297 0.7654911 -0.1050760 -0.6348089 -0.4672924 -0.8468137 -0.2540557 0.6005431 -0.1913360 -0.7763624
-0.1987362 -0.2038313 -0.0631093 0.2750193 -0.0507369 -0.2276944 -0.1617402 -0.2930497 -0.0866049 0.2520907 -0.1090834 -0.3454886 -0.6815551 -0.6990285 -0.2164298 0.7626063 -0.1406894 -0.6313780 -0.4678043 -0.8475933 -0.2504891 0.5711496 -0.2471448 -0.7827564
-0.1986325 -0.2041265 -0.0625496 0.2435072 -0.0615688 -0.2342425 -0.1618670 -0.2934169 -0.0861323 0.2385170 -0.1143729 -0.3437532 -0.6811640 -0.7000041 -0.2144993 0.7090089 -0.1792670 -0.6820335 -0.4678292 -0.8480357 -0.2489403 0.5498970 -0.2636849 -0.7925172
-0.1994371 -0.2027302 -0.0609306 0.2393703 -0.0624262 -0.2342285 -0.1626763 -0.2920143 -0.0845447 0.2084077 -0.1216448 -0.3452423 -0.6857307 -0.6970533 -0.2094996 0.7026392 -0.1832436 -0.6875463 -0.4718057 -0.8469210 -0.2452025 0.4947755 -0.2887939 -0.8196312
-0.1990272 -0.2032364 -0.0602160 0.2277996 -0.0626784 -0.2380194 -0.1624405 -0.2925795 -0.0838766 0.1926156 -0.1161239 -0.3473860 -0.6845010 -0.6989773 -0.2070968 0.6792442 -0.1868922 -0.7097173 -0.4708420 -0.8480567 -0.2431207 0.4654363 -0.2806018 -0.8394234
-0.1989164 -0.2034983 -0.0603592 0.2196915 -0.0526343 -0.2291287 -0.1624668 -0.2929514 -0.0838151 0.1693086 -0.1069719 -0.3513879 -0.6837976 -0.6995485 -0.2074914 0.6827636 -0.1635783 -0.7120927 -0.4704916 -0.8483652 -0.2427223 0.4186117 -0.2644857 -0.8687989
-0.1965758 -0.2043119 -0.0605224 0.2107453 -0.0433492 -0.2311622 -0.1606879 -0.2940416 -0.0837872 0.1486185 -0.0805337 -0.3490357 -0.6780557 -0.7047403 -0.2087620 0.6673411 -0.1372687 -0.7319926 -0.4652223 -0.8513067 -0.2425800 0.3832219 -0.2076612 -0.9000099
-0.1960879 -0.2047811 -0.0600410 0.2077896 -0.0336697 -0.2378799 -0.1602937 -0.2944685 -0.0836107 0.1281353 -0.0573721 -0.3633751 -0.6766050 -0.7066011 -0.2071726 0.6541611 -0.1059985 -0.7488909 -0.4638959 -0.8522029 -0.2419726 0.3289288 -0.1472768 -0.9327998
-0.1935659 -0.2064896 -0.0590662 0.1901091 -0.0095653 -0.2617401 -0.1583097 -0.2961731 -0.0834476 0.1208236 -0.0344264 -0.3722873 -0.6694836 -0.7141826 -0.2042913 0.5874148 -0.0295557 -0.8087461 -0.4574891 -0.8558916 -0.2411498 0.3075066 -0.0876181 -0.9475034
-0.1927883 -0.2074468 -0.0592312 0.2029168 0.0007984 -0.2641707 -0.1577858 -0.2970384 -0.0843054 0.1780007 0.0147860 -0.2988772 -0.6663348 -0.7169988 -0.2047211 0.6091592 0.0023968 -0.7930443 -0.4550420 -0.8566355 -0.2431302 0.5112294 0.0424663 -0.8583945
-0.1928995 -0.2079680 -0.0601946 0.1985110 0.0013844 -0.2811129 -0.1580659 -0.2975866 -0.0854074 0.1792045 0.0247530 -0.2992482 -0.6652328 -0.7171980 -0.2075870 0.5768306 0.0040228 -0.8168539 -0.4547139 -0.8560780 -0.2456945 0.5124806 0.0707875 -0.8557761
-0.1913407 -0.2077581 -0.0604813 0.1920483 0.0192228 -0.3026132 -0.1570458 -0.2974559 -0.0861468 0.1330547 0.0766696 -0.3900794 -0.6624289 -0.7192666 -0.2093886 0.5350659 0.0535567 -0.8431110 -0.4522892 -0.8566681 -0.2481013 0.3173878 0.1828872 -0.9304930
-0.1909242 -0.2075846 -0.0619764 0.1887204 0.0597262 -0.3219535 -0.1569807 -0.2974736 -0.0874386 0.1364014 0.1062961 -0.4031438 -0.6611779 -0.7188735 -0.2146268 0.4993431 0.1580320 -0.8518699 -0.4517005 -0.8559586 -0.2515981 0.3109448 0.2423159 -0.9190192
-0.1908742 -0.2063463 -0.0628861 0.1874292 0.1143070 -0.3390393 -0.1572581 -0.2964724 -0.0879415 0.1442227 0.1405744 -0.4145432 -0.6626682 -0.7163833 -0.2183250 0.4640368 0.2830011 -0.8393928 -0.4532863 -0.8545622 -0.2534856 0.3129311 0.3050151 -0.8994664
-0.1902073 -0.2050332 -0.0632274 0.1829129 0.1492690 -0.3722130 -0.1574012 -0.2954802 -0.0882018 0.1579970 0.1758369 -0.4266929 -0.6633632 -0.7150695 -0.2205106 0.4149820 0.3386528 -0.8444550 -0.4546372 -0.8534643 -0.2547620 0.3238973 0.3604695 -0.8747299
-0.1899331 -0.2044409 -0.0642253 0.1914310 0.1608456 -0.3695839 -0.1575037 -0.2950433 -0.0891293 0.1703313 0.2152896 -0.4384813 -0.6632931 -0.7139580 -0.2242905 0.4290091 0.3604652 -0.8282609 -0.4550496 -0.8524202 -0.2575066 0.3292522 0.4161569 -0.8475886
-0.1870170 -0.1999718 -0.0727188 0.2209281 0.2215855 -0.3993613 -0.1530549 -0.2902621 -0.0966967 0.2115118 0.2309809 -0.4225473 -0.6601656 -0.7058957 -0.2566955 0.4354595 0.4367552 -0.7871594 -0.4474064 -0.8484869 -0.2826614 0.4021431 0.4391592 -0.8033804
-0.1851472 -0.2002221 -0.0726173 0.2413966 0.2453332 -0.3915523 -0.1514642 -0.2906590 -0.0964398 0.2332169 0.2494447 -0.4202987 -0.6560652 -0.7094829 -0.2573177 0.4630494 0.4706006 -0.7510795 -0.4433315 -0.8507509 -0.2822766 0.4306563 0.4606224 -0.7761199
-0.1819580 -0.2020491 -0.0699666 0.2524100 0.2511277 -0.3858395 -0.1504141 -0.2929283 -0.0950019 0.2547346 0.2716346 -0.4221523 -0.6480841 -0.7196427 -0.2492016 0.4807608 0.4783185 -0.7349017 -0.4388837 -0.8547171 -0.2772000 0.4525174 0.4825391 -0.7499227
-0.1847538 -0.2033823 -0.0681364 0.2746876 0.2675155 -0.3659597 -0.1528524 -0.2943268 -0.0924726 0.2708107 0.2774943 -0.4165944 -0.6526288 -0.7184326 -0.2406868 0.5182376 0.5047064 -0.6904356 -0.4439496 -0.8548528 -0.2685805 0.4758449 0.4875887 -0.7320033
-0.1851035 -0.2056436 -0.0666674 0.2789904 0.2576599 -0.3660559 -0.1542401 -0.2969260 -0.0910772 0.2853042 0.2834165 -0.4160990 -0.6503988 -0.7225708 -0.2342495 0.5289251 0.4884856 -0.6939885 -0.4447894 -0.8562597 -0.2626436 0.4930323 0.4897702 -0.7190579
-0.1850958 -0.2067993 -0.0669624 0.3068945 0.2526021 -0.3583020 -0.1547053 -0.2983641 -0.0909037 0.3158064 0.2866759 -0.4103019 -0.6483211 -0.7243403 -0.2345441 0.5734869 0.4720320 -0.6695510 -0.4443458 -0.8569636 -0.2610942 0.5336087 0.4843878 -0.6932750
-0.1846778 -0.2071955 -0.0665952 0.3253281 0.2451719 -0.3547178 -0.1556753 -0.2991698 -0.0906879 0.3287452 0.2855719 -0.4093427 -0.6470141 -0.7259043 -0.2333146 0.6022815 0.4538879 -0.6566907 -0.4457671 -0.8566553 -0.2596796 0.5500626 0.4778242 -0.6849198
-0.1845285 -0.2085252 -0.0665618 0.3468088 0.2298970 -0.3487650 -0.1560722 -0.3009536 -0.0895423 0.3540241 0.2765024 -0.4061207 -0.6445429 -0.7283616 -0.2324948 0.6387802 0.4234427 -0.6423832 -0.4451049 -0.8582944 -0.2553670 0.5846086 0.4565951 -0.6706368
-0.1845698 -0.2083213 -0.0657604 0.3658275 0.2201318 -0.3477690 -0.1556752 -0.3006294 -0.0886779 0.3739567 0.2662178 -0.4079895 -0.6453796 -0.7284309 -0.2299425 0.6643386 0.3997569 -0.6315447 -0.4448288 -0.8590233 -0.2533898 0.6089087 0.4334789 -0.6643239
-0.1856475 -0.2097014 -0.0652728 0.3823314 0.1950355 -0.3305794 -0.1573664 -0.3022287 -0.0880704 0.3912760 0.2493490 -0.4067497 -0.6455588 -0.7292022 -0.2269756 0.7057270 0.3600066 -0.6102005 -0.4471381 -0.8587471 -0.2502415 0.6341353 0.4041163 -0.6592134
-0.1849320 -0.2091069 -0.0656054 0.3829286 0.1806685 -0.3161633 -0.1560931 -0.3014543 -0.0884340 0.4084876 0.2281152 -0.3999991 -0.6449081 -0.7292129 -0.2287839 0.7246580 0.3418990 -0.5983108 -0.4449637 -0.8593350 -0.2520926 0.6636174 0.3705895 -0.6498272
-0.1856820 -0.2096943 -0.0650874 0.3998413 0.1694081 -0.3275683 -0.1544132 -0.3009626 -0.0890303 0.4243760 0.1901857 -0.3761694 -0.6457348 -0.7292408 -0.2263502 0.7350804 0.3114450 -0.6022115 -0.4414538 -0.8604260 -0.2545300 0.7094952 0.3179629 -0.6289007
-0.1864771 -0.2102964 -0.0636846 0.3888647 0.1172674 -0.2712981 -0.1545145 -0.3012483 -0.0879145 0.4298147 0.1727564 -0.3781587 -0.6470611 -0.7297119 -0.2209806 0.7961420 0.2400874 -0.5554421 -0.4417329 -0.8612220 -0.2513338 0.7187684 0.2888962 -0.6323852
-0.1864386 -0.2111849 -0.0627421 0.3853020 0.0936608 -0.2512919 -0.1528771 -0.3017606 -0.0862064 0.4369842 0.1300472 -0.3711828 -0.6459908 -0.7317344 -0.2173950 0.8207625 0.1995143 -0.5352970 -0.4379329 -0.8644257 -0.2469474 0.7432778 0.2212006 -0.6313544
-0.1864952 -0.2117762 -0.0619105 0.3894852 0.0570316 -0.2376116 -0.1528039 -0.3024038 -0.0849858 0.4358601 0.0997520 -0.3606915 -0.6455380 -0.7330463 -0.2142984 0.8470861 0.1240372 -0.5167783 -0.4374410 -0.8657098 -0.2432939 0.7587088 0.1736400 -0.6278616
-0.1864910 -0.2128625 -0.0599230 0.3758392 0.0223632 -0.2197644 -0.1528141 -0.3035326 -0.0828514 0.4142694 0.0542638 -0.3058928 -0.6446839 -0.7358478 -0.2071488 0.8621171 0.0512977 -0.5041057 -0.4368819 -0.8677726 -0.2368647 0.8000310 0.1047935 -0.5907358
-0.1876694 -0.2133344 -0.0572570 0.3723804 0.0208509 -0.2223069 -0.1537740 -0.3044728 -0.0778923 0.4155569 0.0288443 -0.3322896 -0.6474834 -0.7360311 -0.1975439 0.8576409 0.0480224 -0.5120019 -0.4395026 -0.8702159 -0.2226246 0.7798666 0.0541315 -0.6236008
-0.1888314 -0.2145840 -0.0557129 0.3578904 0.0118439 -0.2275953 -0.1556075 -0.3058801 -0.0767397 0.4042295 0.0007493 -0.3253044 -0.6484208 -0.7368519 -0.1913106 0.8434962 0.0279144 -0.5364093 -0.4424931 -0.8698158 -0.2182207 0.7790589 0.0014441 -0.6269490
-0.1896458 -0.2153194 -0.0542640 0.3576898 -0.0034770 -0.2373079 -0.1571600 -0.3068010 -0.0756340 0.3852882 -0.0287595 -0.3150719 -0.6494393 -0.7373583 -0.1858263 0.8332594 -0.0080999 -0.5528229 -0.4453239 -0.8693423 -0.2143143 0.7728295 -0.0576873 -0.6319863
-0.1900829 -0.2162486 -0.0530324 0.3469904 -0.0050328 -0.2358203 -0.1582809 -0.3079497 -0.0744908 0.3713311 -0.0545278 -0.3125732 -0.6492826 -0.7386593 -0.1811475 0.8270145 -0.0119951 -0.5620525 -0.4469095 -0.8695026 -0.2103264 0.7602573 -0.1116393 -0.6399574
-0.1901636 -0.2167721 -0.0524600 0.3324966 -0.0344692 -0.2136682 -0.1585273 -0.3085641 -0.0737734 0.3466903 -0.0739233 -0.3055818 -0.6488133 -0.7395979 -0.1789866 0.8380888 -0.0868829 -0.5385708 -0.4469812 -0.8700227 -0.2080102 0.7407657 -0.1579504 -0.6529302
-0.1905498 -0.2175895 -0.0518898 0.3275514 -0.0373312 -0.2178548 -0.1594186 -0.3095051 -0.0734124 0.3209863 -0.0877636 -0.3053688 -0.6484627 -0.7404817 -0.1765871 0.8289273 -0.0944733 -0.5513205 -0.4480507 -0.8698732 -0.2063278 0.7107022 -0.1943192 -0.6761231
-0.1892617 -0.2173528 -0.0515518 0.3138670 -0.0397614 -0.2140863 -0.1596748 -0.3098210 -0.0728858 0.2872254 -0.0946439 -0.3048160 -0.6464308 -0.7423773 -0.1760772 0.8216346 -0.1040867 -0.5604306 -0.4484162 -0.8700728 -0.2046857 0.6689279 -0.2204189 -0.7098950
-0.1889703 -0.2170183 -0.0512485 0.3002225 -0.0413494 -0.2150126 -0.1601809 -0.3098292 -0.0721812 0.2708694 -0.0935693 -0.3070582 -0.6465176 -0.7424774 -0.1753347 0.8079560 -0.1112791 -0.5786398 -0.4497226 -0.8698738 -0.2026554 0.6449085 -0.2227778 -0.7310698
-0.1877381 -0.2165321 -0.0528136 0.2721793 -0.0362767 -0.2227522 -0.1595206 -0.3096687 -0.0730674 0.2384855 -0.0809786 -0.3134796 -0.6442358 -0.7430442 -0.1812334 0.7697897 -0.1025993 -0.6299977 -0.4481899 -0.8700469 -0.2052906 0.5930670 -0.2013781 -0.7795629
-0.1878454 -0.2169730 -0.0532304 0.2618249 -0.0234142 -0.2227196 -0.1591125 -0.3099749 -0.0733780 0.2282717 -0.0697721 -0.3173202 -0.6435605 -0.7433518 -0.1823678 0.7599365 -0.0679588 -0.6464349 -0.4468580 -0.8705458 -0.2060778 0.5748836 -0.1757154 -0.7991451
-0.1882398 -0.2175892 -0.0538598 0.2575472 -0.0187108 -0.2279710 -0.1591415 -0.3105172 -0.0738236 0.1932052 -0.0464905 -0.3636927 -0.6430894 -0.7433566 -0.1840027 0.7476879 -0.0543195 -0.6618249 -0.4462161 -0.8706577 -0.2069935 0.4661817 -0.1121763 -0.8775483
-0.1883651 -0.2169881 -0.0546666 0.2533838 -0.0015554 -0.2451614 -0.1598336 -0.3100738 -0.0747129 0.1910581 -0.0298729 -0.3704733 -0.6439927 -0.7418509 -0.1868973 0.7186642 -0.0044115 -0.6953433 -0.4480198 -0.8691491 -0.2094232 0.4571789 -0.0714822 -0.8864975
-0.1890394 -0.2139991 -0.0551968 0.2629846 0.0052880 -0.2554120 -0.1612691 -0.3073825 -0.0749247 0.1871820 0.0097928 -0.3880293 -0.6500146 -0.7358389 -0.1897949 0.7172850 0.0144229 -0.6966307 -0.4541342 -0.8655901 -0.2109881 0.4343686 0.0227249 -0.9004485
-0.1894677 -0.2130973 -0.0567019 0.2523326 -0.0030549 -0.2975408 -0.1620278 -0.3066699 -0.0759910 0.1916456 0.0365581 -0.3968767 -0.6516978 -0.7329747 -0.1950333 0.6467695 -0.0078302 -0.7626453 -0.4563276 -0.8636907 -0.2140174 0.4333527 0.0826659 -0.8974251
-0.1894268 -0.2131106 -0.0576239 0.2613947 0.0502612 -0.3174155 -0.1620095 -0.3068240 -0.0762503 0.2098877 0.0781288 -0.3978794 -0.6511892 -0.7326063 -0.1980926 0.6310018 0.1213296 -0.7662349 -0.4560444 -0.8636861 -0.2146386 0.4596957 0.1711176 -0.8714348
-0.1891740 -0.2145939 -0.0606439 0.2684299 0.0781821 -0.3168463 -0.1620437 -0.3086397 -0.0779683 0.2226696 0.1002031 -0.3991740 -0.6469047 -0.7338311 -0.2073794 0.6352439 0.1850192 -0.7498220 -0.4536429 -0.8640399 -0.2182731 0.4758568 0.2141394 -0.8530561
-0.1897136 -0.2158233 -0.0632389 0.2874122 0.0969204 -0.3318836 -0.1626806 -0.3100942 -0.0794577 0.2478355 0.1432207 -0.4084976 -0.6447844 -0.7335240 -0.2149316 0.6392527 0.2155671 -0.7381645 -0.4530510 -0.8635848 -0.2212826 0.4968600 0.2871285 -0.8189550
-0.1896909 -0.2142278 -0.0656747 0.3132126 0.1147623 -0.3356201 -0.1617105 -0.3083684 -0.0810198 0.2624025 0.1700229 -0.4155829 -0.6461296 -0.7297080 -0.2237026 0.6619104 0.2425265 -0.7092641 -0.4523383 -0.8625713 -0.2266293 0.5045530 0.3269236 -0.7990915
-0.1891388 -0.2135997 -0.0684070 0.3237750 0.1867490 -0.3935244 -0.1613506 -0.3079018 -0.0830973 0.2881662 0.1994815 -0.4278606 -0.6446662 -0.7280396 -0.2331604 0.5965561 0.3440855 -0.7250697 -0.4514426 -0.8614780 -0.2324978 0.5210209 0.3606739 -0.7735965
-0.1878754 -0.2132625 -0.0705526 0.3284544 0.1966838 -0.3915307 -0.1598491 -0.3074943 -0.0852444 0.3095422 0.2142265 -0.4279548 -0.6415616 -0.7282541 -0.2409246 0.5998098 0.3591758 -0.7149972 -0.4478936 -0.8615920 -0.2388527 0.5430944 0.3758622 -0.7508503
-0.1876087 -0.2143758 -0.0723103 0.3650227 0.1831612 -0.3246081 -0.1597802 -0.3086141 -0.0873323 0.3360860 0.2337698 -0.4289395 -0.6383212 -0.7293941 -0.2460291 0.6996933 0.3510923 -0.6222246 -0.4459043 -0.8612603 -0.2437214 0.5668020 0.3942479 -0.7233976
-0.1876734 -0.2150669 -0.0734550 0.3699930 0.2061712 -0.3627246 -0.1606681 -0.3095083 -0.0887011 0.3684688 0.2528377 -0.4269162 -0.6367458 -0.7296874 -0.2492211 0.6634893 0.3697161 -0.6504551 -0.4465113 -0.8601519 -0.2465084 0.5962047 0.4091067 -0.6907761
-0.1882124 -0.2122941 -0.0741342 0.3997976 0.2138596 -0.3504654 -0.1612365 -0.3067201 -0.0895276 0.3929750 0.2671940 -0.4267903 -0.6418416 -0.7239650 -0.2528122 0.6976516 0.3731875 -0.6115663 -0.4505120 -0.8570088 -0.2501496 0.6152474 0.4183228 -0.6681891
-0.1879014 -0.2121200 -0.0748243 0.4227267 0.2223362 -0.3373580 -0.1612998 -0.3066345 -0.0903272 0.4209838 0.2757499 -0.4106169 -0.6411093 -0.7237420 -0.2552965 0.7229091 0.3802193 -0.5769192 -0.4504925 -0.8563962 -0.2522738 0.6481496 0.4245465 -0.6321886
-0.1882365 -0.2117784 -0.0754851 0.4443137 0.2313166 -0.3247397 -0.1614495 -0.3061893 -0.0912957 0.4436350 0.2879028 -0.4046862 -0.6419519 -0.7222378 -0.2574303 0.7442765 0.3874819 -0.5439764 -0.4509961 -0.8553149 -0.2550271 0.6661825 0.4323279 -0.6076952
-0.1878402 -0.2129186 -0.0766005 0.4602412 0.2358095 -0.3170309 -0.1612135 -0.3073361 -0.0926401 0.4782250 0.3088363 -0.3963184 -0.6387279 -0.7240039 -0.2604706 0.7587504 0.3887539 -0.5226549 -0.4488078 -0.8556034 -0.2579040 0.6894349 0.4452350 -0.5713539
-0.1880734 -0.2126059 -0.0770268 0.4818762 0.2664580 -0.3204322 -0.1614843 -0.3070361 -0.0930546 0.4945464 0.3150083 -0.3923489 -0.6394466 -0.7228567 -0.2618897 0.7563729 0.4182435 -0.5029637 -0.4495964 -0.8548343 -0.2590779 0.7009774 0.4464975 -0.5561211
-0.1869323 -0.2126835 -0.0767652 0.4863491 0.2662177 -0.3164198 -0.1606007 -0.3071400 -0.0930610 0.5154694 0.3122401 -0.3788689 -0.6371715 -0.7249461 -0.2616593 0.7618491 0.4170209 -0.4956607 -0.4475173 -0.8558523 -0.2593165 0.7241166 0.4386259 -0.5322241
-0.1866777 -0.2126691 -0.0765833 0.5051572 0.2679060 -0.3124582 -0.1617485 -0.3074151 -0.0933960 0.5495356 0.3206831 -0.3788175 -0.6367817 -0.7254414 -0.2612354 0.7752521 0.4111486 -0.4795217 -0.4496669 -0.8546254 -0.2596443 0.7421213 0.4330671 -0.5115748
-0.1859531 -0.2140621 -0.0774582 0.5198298 0.2704374 -0.3073181 -0.1608135 -0.3087097 -0.0945097 0.5625370 0.3216717 -0.3739059 -0.6326221 -0.7282502 -0.2635166 0.7856361 0.4087210 -0.4644600 -0.4458539 -0.8558949 -0.2620272 0.7519056 0.4299570 -0.4997750
-0.1862074 -0.2144337 -0.0776059 0.5355178 0.2735885 -0.3050463 -0.1606604 -0.3089370 -0.0948513 0.5789998 0.3234874 -0.3674546 -0.6324750 -0.7283487 -0.2635974 0.7941809 0.4057358 -0.4523883 -0.4451628 -0.8560124 -0.2628170 0.7636236 0.4266368 -0.4846236
-0.1867343 -0.2144971 -0.0775858 0.5473357 0.2702945 -0.2967833 -0.1606573 -0.3089100 -0.0945363 0.5909469 0.3182841 -0.3569673 -0.6334592 -0.7276388 -0.2631943 0.8063753 0.3982178 -0.4372430 -0.4452864 -0.8561918 -0.2620221 0.7773272 0.4186685 -0.4695521
-0.1870985 -0.2148233 -0.0774909 0.5533257 0.2692737 -0.2940970 -0.1608631 -0.3091816 -0.0945062 0.6002356 0.3154958 -0.3491524 -0.6337418 -0.7276515 -0.2624779 0.8112873 0.3948096 -0.4312056 -0.4454663 -0.8561940 -0.2617091 0.7869766 0.4136506 -0.4577783
-0.1873799 -0.2149835 -0.0772719 0.5554102 0.2665494 -0.2902257 -0.1612081 -0.3094024 -0.0940519 0.6024063 0.3118457 -0.3457362 -0.6341846 -0.7276086 -0.2615256 0.8155812 0.3914092 -0.4261762 -0.4461446 -0.8562736 -0.2602893 0.7912202 0.4095884 -0.4541013
-0.1874728 -0.2151964 -0.0774658 0.5561633 0.2646048 -0.2877042 -0.1611307 -0.3096423 -0.0938244 0.6034970 0.3128766 -0.3459072 -0.6339314 -0.7276776 -0.2619473 0.8181464 0.3892480 -0.4232285 -0.4457925 -0.8566724 -0.2595793 0.7912361 0.4102080 -0.4535139
