-0.2752684 0.4185064 -0.0880636 0.2387350 0.4683760 -0.0698452 -0.2382059 0.4832543 -0.0838283 0.1743128 0.5140151 -0.0588685 -0.5412261 0.8228572 -0.1731485 0.4501640 0.8831801 -0.1317016 -0.4368699 0.8862891 -0.1537412 0.3192832 0.9415049 -0.1078276
-0.3152681 0.4221640 -0.1132369 0.2390103 0.4896187 -0.0764264 -0.2916501 0.4877308 -0.1166346 0.1943712 0.5534028 -0.0758466 -0.5849956 0.7833462 -0.2101166 0.4344254 0.8899314 -0.1389127 -0.5027369 0.8407343 -0.2010509 0.3286471 0.9357055 -0.1282432
-0.3230652 0.4307622 -0.1236014 0.2449081 0.5213842 -0.0918744 -0.3018315 0.4969256 -0.1299131 0.2003739 0.5655724 -0.0840040 -0.5847830 0.7797262 -0.2237319 0.4198520 0.8938217 -0.1575026 -0.5066436 0.8341216 -0.2180674 0.3307209 0.9334880 -0.1386501
-0.3055741 0.5009699 -0.1309373 0.2351527 0.5553065 -0.1113751 -0.2791916 0.5907302 -0.1400291 0.2600831 0.5356125 -0.1222534 -0.5082389 0.8332262 -0.2177783 0.3834579 0.9055249 -0.1816167 -0.4178137 0.8840352 -0.2095554 0.4278806 0.8811731 -0.2011275
-0.3567375 0.4234647 -0.1448558 0.2522948 0.5518196 -0.1289427 -0.3528572 0.4905957 -0.1634727 0.1973089 0.6365724 -0.1402542 -0.6233021 0.7398897 -0.2530962 0.4067242 0.8895877 -0.2078683 -0.5636411 0.7836596 -0.2611253 0.2897136 0.9346953 -0.2059388
-0.3410580 0.5005663 -0.1565721 0.2619355 0.5604480 -0.1364897 -0.3217673 0.5726592 -0.1650784 0.2064944 0.6547322 -0.1342494 -0.5451509 0.8001107 -0.2502665 0.4134635 0.8846638 -0.2154482 -0.4750795 0.8455138 -0.2437332 0.2951918 0.9359650 -0.1919147
-0.3432133 0.5140898 -0.1636558 0.2616503 0.5837852 -0.1477192 -0.3259087 0.5901634 -0.1741822 0.2121133 0.6722348 -0.1439674 -0.5367513 0.8039851 -0.2559413 0.3985095 0.8891410 -0.2249855 -0.4680506 0.8475574 -0.2501501 0.2948242 0.9343642 -0.2001056
-0.3510820 0.5339090 -0.1727054 0.2620740 0.6012232 -0.1520472 -0.3392917 0.6076067 -0.1813972 0.2150723 0.6858034 -0.1638862 -0.5303955 0.8066006 -0.2609139 0.3892649 0.8930114 -0.2258394 -0.4717804 0.8448687 -0.2522303 0.2917483 0.9303008 -0.2223137
-0.3550154 0.5278232 -0.1782822 0.2608091 0.6059662 -0.1555952 -0.3416012 0.6013603 -0.1859167 0.2209563 0.7068666 -0.1775946 -0.5373979 0.7989824 -0.2698713 0.3847821 0.8940061 -0.2295558 -0.4769875 0.8396966 -0.2596008 0.2901244 0.9281438 -0.2331888
-0.3581946 0.5275676 -0.1853221 0.2492504 0.6819941 -0.1747817 -0.3490543 0.6013981 -0.1958790 0.2093531 0.7441468 -0.1886070 -0.5394012 0.7944582 -0.2790744 0.3337340 0.9131563 -0.2340240 -0.4831752 0.8324799 -0.2711437 0.2631020 0.9351975 -0.2370295
-0.3618169 0.5210878 -0.1907772 0.2522533 0.6802680 -0.1736400 -0.3547463 0.5948213 -0.2033823 0.2293535 0.7503722 -0.1880113 -0.5461801 0.7866071 -0.2879873 0.3381317 0.9118619 -0.2327548 -0.4914621 0.8240596 -0.2817638 0.2842573 0.9300001 -0.2330184
-0.3623534 0.5187268 -0.1960644 0.2554636 0.6847512 -0.1714559 -0.3624273 0.5917158 -0.2138878 0.2368160 0.7557187 -0.1876102 -0.5470031 0.7830619 -0.2959758 0.3403027 0.9121564 -0.2283962 -0.4991386 0.8149172 -0.2945685 0.2909740 0.9285456 -0.2305152
-0.3605775 0.4614760 -0.2082441 0.2599409 0.6381166 -0.1809203 -0.3605842 0.5343383 -0.2265787 0.2399395 0.7087729 -0.1968174 -0.5801132 0.7424432 -0.3350324 0.3648876 0.8957452 -0.2539637 -0.5277227 0.7820155 -0.3316028 0.3101052 0.9160400 -0.2543728
-0.3619351 0.4866623 -0.2051738 0.2596160 0.6662272 -0.1776794 -0.3622225 0.5594165 -0.2239297 0.2410353 0.7371066 -0.1942888 -0.5652935 0.7601005 -0.3204537 0.3523708 0.9042547 -0.2411601 -0.5152069 0.7956856 -0.3185062 0.3014892 0.9219796 -0.2430182
-0.3616335 0.4872213 -0.2069038 0.2604452 0.6691793 -0.1766997 -0.3598840 0.5599275 -0.2257541 0.2425110 0.7402487 -0.1931947 -0.5641080 0.7600109 -0.3227469 0.3521925 0.9049118 -0.2389459 -0.5120342 0.7966512 -0.3211974 0.3021715 0.9223583 -0.2407229
-0.3626199 0.4866185 -0.2075381 0.2611280 0.6714979 -0.1766422 -0.3622578 0.5591315 -0.2271812 0.2433345 0.7424929 -0.1935897 -0.5653782 0.7587105 -0.3235828 0.3520090 0.9052010 -0.2381194 -0.5146466 0.7943378 -0.3227481 0.3022883 0.9223804 -0.2404917
-0.3635814 0.5100004 -0.2034984 0.2613125 0.6959216 -0.1713794 -0.3612771 0.5826414 -0.2225145 0.2442920 0.7671728 -0.1880293 -0.5520841 0.7744156 -0.3090044 0.3425413 0.9122482 -0.2246526 -0.5012399 0.8083632 -0.3087191 0.2954692 0.9278891 -0.2274198
-0.3667523 0.5098726 -0.1981088 0.2600375 0.6903377 -0.1724111 -0.3628316 0.5826498 -0.2163114 0.2402269 0.7610643 -0.1881762 -0.5568855 0.7742028 -0.3008131 0.3432525 0.9112535 -0.2275846 -0.5041671 0.8096121 -0.3005723 0.2929731 0.9281699 -0.2294937
-0.3678124 0.5179477 -0.1944771 0.2574534 0.6893647 -0.1711053 -0.3597072 0.5910268 -0.2098548 0.2275836 0.7567638 -0.1855236 -0.5536324 0.7796165 -0.2927275 0.3407714 0.9124594 -0.2264790 -0.4975147 0.8174551 -0.2902522 0.2803688 0.9322857 -0.2285535
-0.3663266 0.5237359 -0.1910506 0.2503361 0.6729243 -0.1665758 -0.3540006 0.5967630 -0.2036144 0.2320120 0.6892985 -0.1670542 -0.5491501 0.7851179 -0.2863986 0.3396460 0.9129967 -0.2260034 -0.4895467 0.8252623 -0.2815779 0.3109094 0.9236997 -0.2238622
-0.3620965 0.5337399 -0.1843045 0.2696266 0.5965453 -0.1465334 -0.3470973 0.6067736 -0.1934645 0.2277629 0.6895925 -0.1631686 -0.5398055 0.7956875 -0.2747570 0.4019191 0.8892408 -0.2184302 -0.4785481 0.8365677 -0.2667324 0.3059943 0.9264519 -0.2192133
-0.3531739 0.5279606 -0.1751247 0.2690976 0.5843500 -0.1419992 -0.3281801 0.5987651 -0.1773478 0.2185605 0.6655198 -0.1478939 -0.5360092 0.8012816 -0.2657854 0.4084547 0.8869662 -0.2155361 -0.4652000 0.8487582 -0.2513930 0.3052813 0.9295859 -0.2065755
-0.3418556 0.4898098 -0.1582582 0.2596534 0.5558049 -0.1320026 -0.3162730 0.5881718 -0.1578661 0.2089599 0.6369129 -0.1366058 -0.5532364 0.7926757 -0.2561146 0.4137864 0.8857365 -0.2103608 -0.4608923 0.8571198 -0.2300521 0.3054554 0.9310324 -0.1996889
-0.3363594 0.4875987 -0.1485850 0.2457495 0.5472589 -0.1216196 -0.2912643 0.5785320 -0.1433649 0.2031594 0.6020495 -0.1163811 -0.5507671 0.7984118 -0.2432985 0.4014805 0.8940558 -0.1986897 -0.4390537 0.8720830 -0.2161091 0.3145011 0.9320032 -0.1801639
-0.3256490 0.4823822 -0.1426581 0.2498236 0.5341805 -0.1208367 -0.2820154 0.5411821 -0.1258619 0.1933639 0.5787906 -0.1039174 -0.5434347 0.8049871 -0.2380642 0.4150133 0.8873943 -0.2007370 -0.4526015 0.8685335 -0.2019935 0.3123705 0.9350097 -0.1678737
-0.3335572 0.4229985 -0.1308021 0.2332437 0.5296479 -0.1033656 -0.3076553 0.4931727 -0.1238855 0.2020502 0.5374281 -0.0875291 -0.6017151 0.7630613 -0.2359583 0.3967476 0.9009312 -0.1758248 -0.5176576 0.8298071 -0.2084484 0.3478898 0.9253431 -0.1507075
-0.3007078 0.4159300 -0.1080697 0.2216752 0.5127856 -0.0946162 -0.2765567 0.4867314 -0.1012204 0.1839018 0.5211188 -0.0766426 -0.5733210 0.7930003 -0.2060426 0.3912341 0.9050143 -0.1669879 -0.4861333 0.8555798 -0.1779258 0.3296289 0.9340625 -0.1373755
-0.2700640 0.4069018 -0.0889417 0.2388956 0.4528273 -0.0711226 -0.2422103 0.4760865 -0.0799653 0.2092952 0.4828747 -0.0669560 -0.5440438 0.8197033 -0.1791729 0.4621729 0.8760501 -0.1375955 -0.4484464 0.8814623 -0.1480538 0.3945067 0.9101847 -0.1262072
-0.2609078 0.4102292 -0.0850962 0.2260430 0.4419834 -0.0650392 -0.2342849 0.4799759 -0.0767712 0.1725203 0.4600549 -0.0505582 -0.5286235 0.8311624 -0.1724129 0.4514771 0.8827761 -0.1299032 -0.4341885 0.8895155 -0.1422762 0.3492787 0.9314114 -0.1023585
-0.1854872 0.3856290 -0.0470598 0.2151961 0.4236029 -0.0503026 -0.1591934 0.4555534 -0.0392071 0.1670355 0.4514709 -0.0418456 -0.4308651 0.8957710 -0.1093145 0.4504030 0.8865961 -0.1052827 -0.3288048 0.9409196 -0.0809800 0.3456892 0.9343442 -0.0866017
-0.2581309 0.3023261 -0.0619471 0.2108738 0.4131315 -0.0463701 -0.2317700 0.3722502 -0.0543190 0.1485524 0.4543894 -0.0388714 -0.6415887 0.7514366 -0.1539705 0.4523736 0.8862635 -0.0994748 -0.5245356 0.8424665 -0.1229333 0.3097205 0.9473675 -0.0810438
-0.2552298 0.2990287 -0.0751042 0.2065299 0.3937031 -0.0336874 -0.2295009 0.3689525 -0.0655622 0.1435538 0.4345091 -0.0303298 -0.6376740 0.7471024 -0.1876427 0.4632165 0.8830186 -0.0755558 -0.5222745 0.8396242 -0.1491997 0.3130174 0.9474420 -0.0661338
-0.2558708 0.2981638 -0.0746834 0.2000802 0.3858514 -0.0204494 -0.2301179 0.3680873 -0.0652061 0.1374982 0.4272553 -0.0170547 -0.6397787 0.7455280 -0.1867382 0.4598249 0.8867651 -0.0469970 -0.5242229 0.8385256 -0.1485435 0.3061238 0.9512342 -0.0379703
-0.2568762 0.2966581 -0.0750422 0.2045377 0.3836814 -0.0202661 -0.2311288 0.3665814 -0.0655501 0.1419540 0.4250851 -0.0169073 -0.6429490 0.7425211 -0.1878269 0.4699126 0.8814842 -0.0465602 -0.5273406 0.8363876 -0.1495584 0.3165225 0.9478356 -0.0376991
-0.2597317 0.2998113 -0.0766404 0.2133875 0.3889779 -0.0279178 -0.2339497 0.3697342 -0.0672400 0.1508163 0.4303815 -0.0243349 -0.6428901 0.7420955 -0.1897011 0.4800167 0.8750085 -0.0628013 -0.5284964 0.8352359 -0.1518963 0.3302376 0.9423926 -0.0532854
-0.2747302 0.3045527 -0.0624305 0.2105145 0.3897035 -0.0429471 -0.2482753 0.3744754 -0.0551392 0.1484358 0.4311069 -0.0343329 -0.6621897 0.7340717 -0.1504780 0.4730607 0.8757280 -0.0965092 -0.5484651 0.8272538 -0.1218079 0.3246368 0.9428535 -0.0750880
-0.2819298 0.3166301 -0.0770123 0.2116009 0.4061796 -0.0450640 -0.2555591 0.3865520 -0.0694253 0.1609795 0.4406016 -0.0261924 -0.6542898 0.7348208 -0.1787266 0.4597982 0.8826080 -0.0979217 -0.5454085 0.8249706 -0.1481660 0.3426413 0.9378107 -0.0557499
-0.2915187 0.3267461 -0.0889541 0.1822305 0.4304062 -0.0290419 -0.2651597 0.3966671 -0.0813267 0.1366616 0.4900190 -0.0324666 -0.6524121 0.7312501 -0.1990771 0.3891356 0.9190906 -0.0620161 -0.5478361 0.8195383 -0.1680259 0.2680934 0.9612853 -0.0636907
-0.2724582 0.4077727 -0.0799232 0.2282373 0.4433795 -0.0610274 -0.2460869 0.4776927 -0.0723390 0.1660584 0.4902346 -0.0391732 -0.5483269 0.8206497 -0.1608468 0.4542975 0.8825294 -0.1214726 -0.4538664 0.8810250 -0.1334173 0.3199116 0.9444370 -0.0754671
-0.2790528 0.4160570 -0.0919724 0.2345013 0.4577115 -0.0638293 -0.2527545 0.4859755 -0.0841388 0.1796077 0.5111666 -0.0515245 -0.5478655 0.8168463 -0.1805697 0.4525021 0.8832166 -0.1231674 -0.4560719 0.8768973 -0.1518207 0.3300112 0.9392178 -0.0946712
-0.2944427 0.4347140 -0.1103613 0.2315515 0.4873733 -0.0754170 -0.2681684 0.5046316 -0.1024510 0.1835594 0.5540150 -0.0665183 -0.5488023 0.8102494 -0.2056989 0.4250000 0.8945468 -0.1384237 -0.4619040 0.8691977 -0.1764656 0.3124890 0.9431476 -0.1132399
-0.3157040 0.4397772 -0.1286917 0.2487738 0.4958458 -0.0845881 -0.2808392 0.5051014 -0.1161061 0.1984203 0.5618728 -0.0786961 -0.5673556 0.7903292 -0.2312735 0.4433164 0.8836001 -0.1507364 -0.4764240 0.8568691 -0.1969659 0.3301211 0.9348140 -0.1309304
-0.3183316 0.5005304 -0.1400745 0.2588813 0.5119361 -0.1017606 -0.2553290 0.5375904 -0.1228104 0.2143952 0.5850195 -0.1001808 -0.5222858 0.8212188 -0.2298198 0.4443352 0.8786698 -0.1746585 -0.4201680 0.8846559 -0.2020962 0.3397329 0.9270279 -0.1587475
-0.3261492 0.5001345 -0.1494195 0.2578656 0.5432926 -0.1159813 -0.3288350 0.5089188 -0.1499920 0.2068907 0.6288069 -0.1184077 -0.5298974 0.8125729 -0.2427632 0.4210293 0.8870592 -0.1893682 -0.5268085 0.8153108 -0.2402939 0.3076557 0.9350640 -0.1760775
-0.3349218 0.5044402 -0.1646738 0.2552209 0.5813705 -0.1290167 -0.3281627 0.5789045 -0.1717576 0.2007794 0.6748456 -0.1237483 -0.5337442 0.8038951 -0.2624304 0.3939201 0.8973149 -0.1991305 -0.4774965 0.8423409 -0.2499177 0.2808605 0.9440084 -0.1731055
-0.3482239 0.5257941 -0.1827459 0.2552481 0.5999789 -0.1414926 -0.3369882 0.6000209 -0.1850016 0.2052348 0.6888782 -0.1369032 -0.5303491 0.8007906 -0.2783241 0.3825702 0.8992584 -0.2120715 -0.4728935 0.8420057 -0.2596116 0.2804820 0.9414481 -0.1870973
-0.3528720 0.4989015 -0.1999527 0.2527381 0.6324067 -0.1596401 -0.3474088 0.5731589 -0.2097898 0.2189254 0.6691050 -0.1595182 -0.5488210 0.7759402 -0.3109859 0.3613127 0.9040844 -0.2282204 -0.4946777 0.8161248 -0.2987211 0.3032813 0.9269233 -0.2209834
-0.3606820 0.5000358 -0.2095370 0.2596724 0.6143690 -0.1536705 -0.3541270 0.5737557 -0.2223050 0.2296481 0.6781257 -0.1655509 -0.5538914 0.7678939 -0.3217814 0.3793796 0.8975888 -0.2245116 -0.4988095 0.8081699 -0.3131302 0.3125115 0.9228123 -0.2252863
-0.3628787 0.4987065 -0.2160309 0.2549497 0.6761547 -0.1670756 -0.3547578 0.5712365 -0.2337415 0.2374913 0.7478786 -0.1808998 -0.5552874 0.7631350 -0.3305766 0.3437432 0.9116449 -0.2252645 -0.4983264 0.8024130 -0.3283355 0.2949238 0.9287378 -0.2246467
-0.3640653 0.4787880 -0.2228188 0.2586487 0.6639637 -0.1682378 -0.3574268 0.5509357 -0.2425790 0.2406454 0.7353749 -0.1829388 -0.5675858 0.7464409 -0.3473793 0.3532704 0.9068622 -0.2297844 -0.5105427 0.7869477 -0.3464959 0.3026680 0.9249062 -0.2300884
-0.3665758 0.4737273 -0.2250049 0.2590634 0.6662538 -0.1726561 -0.3617813 0.5455744 -0.2463249 0.2437983 0.7372294 -0.1918648 -0.5728988 0.7403593 -0.3516463 0.3522739 0.9059706 -0.2347774 -0.5172459 0.7800186 -0.3521756 0.3048058 0.9217118 -0.2398766
-0.3683180 0.4716232 -0.2250598 0.2598341 0.6702651 -0.1750450 -0.3642080 0.5433431 -0.2469376 0.2455097 0.7411658 -0.1952235 -0.5761030 0.7376874 -0.3520263 0.3511881 0.9059210 -0.2365884 -0.5209102 0.7771190 -0.3531836 0.3050543 0.9209239 -0.2425719
-0.3699303 0.4695645 -0.2254881 0.2604517 0.6728709 -0.1761854 -0.3664525 0.5411339 -0.2479536 0.2450390 0.7435236 -0.1964242 -0.5790177 0.7349659 -0.3529357 0.3506732 0.9059562 -0.2372167 -0.5242561 0.7741597 -0.3547286 0.3035941 0.9211978 -0.2433622
-0.3695537 0.4681335 -0.2258663 0.2617457 0.6712911 -0.1756110 -0.3662160 0.5397454 -0.2482097 0.2469255 0.7420095 -0.1960529 -0.5794581 0.7340307 -0.3541571 0.3529437 0.9051838 -0.2367977 -0.5247491 0.7733986 -0.3556585 0.3062764 0.9203587 -0.2431762
-0.3699797 0.4703289 -0.2252699 0.2628790 0.6732366 -0.1753704 -0.3663007 0.5420467 -0.2472072 0.2465980 0.7444101 -0.1929055 -0.5786298 0.7355709 -0.3523109 0.3534688 0.9052382 -0.2358042 -0.5237667 0.7750628 -0.3534771 0.3053581 0.9217900 -0.2388715
-0.3718374 0.4785973 -0.2232083 0.2583626 0.6648943 -0.1708998 -0.3679061 0.5504989 -0.2444800 0.2383269 0.7357053 -0.1858057 -0.5757209 0.7410186 -0.3455964 0.3522260 0.9064511 -0.2329878 -0.5212503 0.7799482 -0.3463798 0.2996494 0.9250052 -0.2336143
-0.3730787 0.4806054 -0.2207419 0.2575213 0.6546449 -0.1675866 -0.3679495 0.5529853 -0.2400460 0.2118612 0.7142506 -0.1678694 -0.5764308 0.7425666 -0.3410606 0.3561048 0.9052542 -0.2317416 -0.5209838 0.7829781 -0.3398839 0.2774186 0.9352650 -0.2198141
