-0.3511155 0.4103738 -0.1415569 0.3570957 0.4843261 -0.1161956 -0.3227628 0.4703487 -0.1691632 0.3311368 0.5296789 -0.1175223 -0.6288726 0.7350085 -0.2535384 0.5826763 0.7902792 -0.1895973 -0.5424624 0.7905077 -0.2843100 0.5209602 0.8333160 -0.1848917
-0.3513943 0.4082010 -0.1436134 0.3541819 0.4879532 -0.1170611 -0.3242175 0.4715745 -0.1694448 0.3291557 0.5303814 -0.1173294 -0.6303802 0.7322879 -0.2576339 0.5766520 0.7944482 -0.1905900 -0.5432288 0.7901265 -0.2839060 0.5182339 0.8350505 -0.1847273
-0.3530522 0.4039109 -0.1471245 0.3527132 0.4933548 -0.1173749 -0.3258815 0.4709289 -0.1741633 0.3235024 0.5373960 -0.1178304 -0.6346786 0.7261068 -0.2644844 0.5709887 0.7986660 -0.1900120 -0.5444185 0.7867351 -0.2909577 0.5068776 0.8420154 -0.1846218
-0.3562584 0.4121649 -0.1573925 0.3609030 0.4923678 -0.1074020 -0.3283947 0.4810473 -0.1839050 0.3262031 0.5676854 -0.1231872 -0.6282403 0.7268280 -0.2775522 0.5822439 0.7943356 -0.1732714 -0.5376512 0.7875756 -0.3010911 0.4896321 0.8520979 -0.1849044
-0.3663789 0.4225660 -0.1576475 0.3605249 0.5363187 -0.1175058 -0.3383766 0.5196085 -0.1935013 0.3268242 0.6150436 -0.1382749 -0.6305190 0.7272142 -0.2713031 0.5488874 0.8165279 -0.1788989 -0.5209281 0.7999333 -0.2978937 0.4602644 0.8661618 -0.1947316
-0.3668508 0.4367082 -0.1646033 0.3629254 0.5760526 -0.1348653 -0.3418986 0.5230019 -0.1983441 0.3317267 0.6272574 -0.1461371 -0.6179865 0.7356664 -0.2772861 0.5228907 0.8299573 -0.1943094 -0.5215323 0.7977875 -0.3025543 0.4578916 0.8658207 -0.2017171
-0.3700572 0.4799354 -0.1822711 0.3619294 0.5858121 -0.1376145 -0.3448417 0.5409643 -0.2081399 0.3343182 0.6556160 -0.1541364 -0.5847442 0.7583678 -0.2880148 0.5154108 0.8342342 -0.1959719 -0.5112946 0.8020842 -0.3086077 0.4446291 0.8719416 -0.2049949
-0.3746831 0.4816585 -0.1802829 0.3585773 0.5963549 -0.1398155 -0.3597240 0.5466579 -0.2043614 0.3318338 0.6778203 -0.1643110 -0.5888418 0.7569615 -0.2833277 0.5052062 0.8402156 -0.1969886 -0.5247115 0.7973827 -0.2980918 0.4296318 0.8775874 -0.2127367
-0.3798321 0.4854516 -0.1808661 0.3578067 0.6138651 -0.1442643 -0.3692510 0.5508858 -0.2060301 0.3334774 0.6909801 -0.1663039 -0.5912916 0.7557113 -0.2815575 0.4935062 0.8466757 -0.1989771 -0.5317121 0.7932618 -0.2966782 0.4247800 0.8801632 -0.2118362
-0.3853172 0.4907152 -0.1791825 0.3567383 0.6199186 -0.1479742 -0.3754925 0.5556697 -0.2058068 0.3343689 0.6905663 -0.1678606 -0.5935850 0.7559517 -0.2760324 0.4884271 0.8487596 -0.2025985 -0.5352613 0.7921023 -0.2933758 0.4257278 0.8792483 -0.2137248
-0.3890639 0.4954885 -0.1780420 0.3557531 0.6219762 -0.1484517 -0.3794136 0.5598068 -0.2061848 0.3336951 0.6939779 -0.1684549 -0.5943000 0.7568649 -0.2719614 0.4861700 0.8499889 -0.2028732 -0.5366521 0.7918047 -0.2916330 0.4233378 0.8804056 -0.2137080
-0.3918343 0.4969659 -0.1773033 0.3552685 0.6173142 -0.1488145 -0.3820997 0.5612056 -0.2055623 0.3324287 0.6933835 -0.1693484 -0.5961944 0.7561571 -0.2697753 0.4882576 0.8483960 -0.2045209 -0.5386455 0.7911308 -0.2897810 0.4221956 0.8806204 -0.2150781
-0.3917027 0.4985235 -0.1754445 0.3531827 0.6086704 -0.1502498 -0.3823300 0.5631864 -0.2028053 0.3298733 0.6663172 -0.1625029 -0.5954487 0.7578328 -0.2667028 0.4908191 0.8458712 -0.2088027 -0.5382874 0.7929174 -0.2855322 0.4334430 0.8755197 -0.2135236
-0.3909616 0.4924681 -0.1705104 0.3548153 0.5782167 -0.1411555 -0.3809332 0.5577761 -0.1960015 0.3252336 0.6468619 -0.1587636 -0.6000965 0.7559012 -0.2617205 0.5120500 0.8344507 -0.2037078 -0.5416314 0.7930762 -0.2786855 0.4387791 0.8726942 -0.2141911
-0.3883217 0.4958339 -0.1722629 0.3637440 0.5171911 -0.1235411 -0.3746752 0.5609808 -0.1964526 0.3281865 0.6120009 -0.1523344 -0.5947358 0.7593965 -0.2638299 0.5646002 0.8027795 -0.1917594 -0.5332546 0.7984130 -0.2796002 0.4616135 0.8608151 -0.2142672
-0.3762410 0.4563159 -0.1671913 0.3717780 0.4931212 -0.1189990 -0.3631791 0.5472110 -0.1946652 0.3319230 0.5958609 -0.1507196 -0.6121711 0.7424588 -0.2720323 0.5911314 0.7840684 -0.1892098 -0.5301837 0.7988409 -0.2841801 0.4751758 0.8530253 -0.2157678
-0.3721357 0.4447563 -0.1738225 0.3722148 0.5092904 -0.1229643 -0.3449921 0.5222994 -0.1991266 0.3371954 0.5798247 -0.1385537 -0.6146954 0.7346504 -0.2871208 0.5791581 0.7924448 -0.1913298 -0.5252125 0.7951433 -0.3031483 0.4923245 0.8465771 -0.2022963
-0.3698499 0.4276015 -0.1732777 0.3647266 0.5044364 -0.1292351 -0.3410797 0.5045491 -0.1979560 0.3315263 0.5527525 -0.1359789 -0.6254669 0.7231327 -0.2930363 0.5736913 0.7934458 -0.2032784 -0.5326174 0.7878852 -0.3091207 0.5032752 0.8391087 -0.2064234
-0.3705206 0.4034565 -0.1622578 0.3663925 0.4601561 -0.1105543 -0.3373138 0.4719050 -0.1942110 0.3309673 0.5344492 -0.1344478 -0.6485505 0.7062006 -0.2840122 0.6121786 0.7688413 -0.1847171 -0.5514249 0.7714483 -0.3174871 0.5148466 0.8313793 -0.2091445
-0.3663089 0.3981148 -0.1667429 0.3643663 0.4544986 -0.1075000 -0.3370405 0.4635299 -0.1945941 0.3312597 0.5288207 -0.1305536 -0.6470629 0.7032460 -0.2945414 0.6151116 0.7672701 -0.1814782 -0.5568650 0.7658533 -0.3215123 0.5196088 0.8294999 -0.2047844
-0.3657776 0.3898461 -0.1651688 0.3619532 0.4509415 -0.1035199 -0.3367699 0.4610353 -0.1946889 0.3286037 0.5274207 -0.1259783 -0.6537437 0.6967606 -0.2952013 0.6161634 0.7676506 -0.1762250 -0.5582894 0.7642937 -0.3227507 0.5182588 0.8318240 -0.1986873
-0.3650371 0.3892079 -0.1648495 0.3612467 0.4508861 -0.1037124 -0.3370221 0.4597745 -0.1937607 0.3270695 0.5279887 -0.1253810 -0.6536153 0.6968942 -0.2951703 0.6154254 0.7681365 -0.1766860 -0.5597480 0.7636232 -0.3218102 0.5161967 0.8332968 -0.1978822
-0.3632575 0.3952292 -0.1698330 0.3616246 0.4512037 -0.0990456 -0.3346815 0.4685815 -0.1990057 0.3238333 0.5370369 -0.1252724 -0.6451805 0.7019654 -0.3016399 0.6164151 0.7691091 -0.1688303 -0.5493351 0.7691140 -0.3266414 0.5063793 0.8397664 -0.1958889
-0.3649369 0.3998837 -0.1720474 0.3664526 0.4595821 -0.0975470 -0.3346024 0.4799658 -0.2052623 0.3212448 0.5659782 -0.1305369 -0.6424326 0.7039527 -0.3028711 0.6150242 0.7713252 -0.1637150 -0.5396402 0.7740794 -0.3310431 0.4839816 0.8526927 -0.1966645
-0.3683852 0.4162660 -0.1750842 0.3681605 0.5010602 -0.1077151 -0.3414017 0.5000548 -0.2107655 0.3217794 0.6083206 -0.1449458 -0.6321106 0.7142690 -0.3004262 0.5834226 0.7940284 -0.1706957 -0.5325101 0.7799734 -0.3287470 0.4575398 0.8649743 -0.2060992
-0.3714662 0.4410957 -0.1767584 0.3616818 0.5513838 -0.1398436 -0.3457318 0.5221640 -0.2107327 0.3248310 0.6175664 -0.1583514 -0.6158717 0.7313139 -0.2930564 0.5365501 0.8179706 -0.2074562 -0.5232395 0.7902565 -0.3189282 0.4539746 0.8630933 -0.2213075
-0.3776855 0.4409818 -0.1860811 0.3569797 0.5586141 -0.1465384 -0.3541994 0.5179068 -0.2177030 0.3260829 0.6304437 -0.1682388 -0.6194584 0.7232734 -0.3051997 0.5257908 0.8227755 -0.2158345 -0.5333220 0.7798181 -0.3277979 0.4470273 0.8642757 -0.2306386
-0.3823629 0.4693967 -0.1923153 0.3536827 0.5705843 -0.1517938 -0.3649806 0.5333750 -0.2176198 0.3272368 0.6445093 -0.1748964 -0.6019262 0.7389373 -0.3027481 0.5138808 0.8290266 -0.2205478 -0.5352001 0.7821302 -0.3191133 0.4400217 0.8666448 -0.2351759
-0.3849567 0.4700573 -0.1915999 0.3499486 0.6077379 -0.1655465 -0.3708980 0.5350802 -0.2162552 0.3263811 0.6720242 -0.1856704 -0.6042628 0.7378444 -0.3007525 0.4856581 0.8434177 -0.2297451 -0.5406409 0.7799618 -0.3152252 0.4239736 0.8729688 -0.2411884
-0.3873305 0.4698244 -0.1892057 0.3499786 0.6080996 -0.1654696 -0.3749801 0.5350053 -0.2143128 0.3252545 0.6760289 -0.1877581 -0.6074634 0.7368413 -0.2967376 0.4854962 0.8435661 -0.2295422 -0.5453596 0.7780953 -0.3116900 0.4205827 0.8741649 -0.2427877
-0.3910062 0.4876645 -0.1853909 0.3486475 0.6258167 -0.1616543 -0.3792433 0.5527150 -0.2110733 0.3238771 0.6945127 -0.1845164 -0.5997251 0.7479796 -0.2843525 0.4747421 0.8521545 -0.2201195 -0.5396486 0.7864921 -0.3003491 0.4108969 0.8811154 -0.2340925
-0.3932368 0.4890873 -0.1844333 0.3490919 0.6161913 -0.1596253 -0.3817268 0.5538926 -0.2108184 0.3230921 0.6942391 -0.1855195 -0.6011803 0.7477165 -0.2819616 0.4808606 0.8487796 -0.2198777 -0.5414936 0.7857172 -0.2990538 0.4100715 0.8811348 -0.2354631
-0.3947082 0.4919495 -0.1827588 0.3473504 0.6146516 -0.1605807 -0.3851170 0.5577033 -0.2074896 0.3217828 0.6848754 -0.1830324 -0.6010795 0.7491630 -0.2783134 0.4797387 0.8489185 -0.2217840 -0.5433352 0.7868254 -0.2927329 0.4133243 0.8797102 -0.2351019
-0.3933231 0.4897936 -0.1797389 0.3485299 0.5789368 -0.1531371 -0.3840814 0.5560869 -0.2031107 0.3188434 0.6576209 -0.1788738 -0.6019812 0.7496292 -0.2750904 0.5030114 0.8355433 -0.2210132 -0.5442599 0.7879992 -0.2878167 0.4237623 0.8740183 -0.2377342
-0.3926697 0.4776627 -0.1727613 0.3541447 0.5447796 -0.1464684 -0.3808434 0.5542998 -0.1999162 0.3157157 0.6301642 -0.1729162 -0.6116101 0.7439926 -0.2690876 0.5316887 0.8178949 -0.2198977 -0.5428136 0.7900399 -0.2849393 0.4350322 0.8683182 -0.2382654
-0.3866416 0.4573788 -0.1675895 0.3598058 0.5031284 -0.1324113 -0.3727432 0.5446090 -0.1953788 0.3140612 0.6011902 -0.1647310 -0.6216992 0.7354409 -0.2694751 0.5688097 0.7953854 -0.2093263 -0.5415689 0.7912776 -0.2838713 0.4499461 0.8613072 -0.2360052
-0.3777439 0.4454864 -0.1726502 0.3589911 0.5004785 -0.1345979 -0.3527428 0.5216986 -0.1967389 0.3161005 0.5679387 -0.1503785 -0.6202059 0.7314302 -0.2834689 0.5694184 0.7938406 -0.2134943 -0.5346410 0.7907219 -0.2981909 0.4738080 0.8512923 -0.2254048
-0.3791540 0.4299764 -0.1640820 0.3540062 0.5021628 -0.1356954 -0.3510621 0.5049699 -0.1929388 0.3159390 0.5566140 -0.1452027 -0.6358563 0.7210874 -0.2751720 0.5626231 0.7980887 -0.2156611 -0.5446493 0.7834269 -0.2993316 0.4813993 0.8481182 -0.2212468
-0.3785796 0.3981953 -0.1532063 0.3458161 0.5006913 -0.1383507 -0.3471706 0.4712547 -0.1878974 0.3137778 0.5379790 -0.1400847 -0.6637110 0.6981005 -0.2685953 0.5541601 0.8023430 -0.2217030 -0.5647374 0.7665832 -0.3056500 0.4915385 0.8427537 -0.2194452
-0.3786855 0.3943423 -0.1530764 0.3428989 0.4987863 -0.1341068 -0.3475343 0.4690783 -0.1866726 0.3124825 0.5369507 -0.1356448 -0.6669925 0.6945693 -0.2696191 0.5530972 0.8045442 -0.2163148 -0.5670215 0.7653272 -0.3045667 0.4914068 0.8444032 -0.2133136
-0.3789521 0.3903319 -0.1529755 0.3434883 0.4971139 -0.1317879 -0.3518939 0.4619666 -0.1847559 0.3123246 0.5344085 -0.1346560 -0.6705644 0.6907013 -0.2706937 0.5554061 0.8038124 -0.2130955 -0.5774364 0.7580589 -0.3031731 0.4930456 0.8436344 -0.2125723
-0.3793978 0.3888834 -0.1540907 0.3421015 0.4980953 -0.1312002 -0.3549091 0.4598168 -0.1853189 0.3136876 0.5329673 -0.1339643 -0.6718248 0.6886215 -0.2728586 0.5532569 0.8055347 -0.2121809 -0.5821038 0.7541679 -0.3039506 0.4957355 0.8422738 -0.2117102
-0.3809969 0.3925877 -0.1573908 0.3430936 0.4978195 -0.1339199 -0.3589223 0.4613396 -0.1865827 0.3142671 0.5340652 -0.1368424 -0.6692859 0.6896471 -0.2764837 0.5540460 0.8039056 -0.2162610 -0.5849702 0.7518896 -0.3040917 0.4952219 0.8415797 -0.2156361
-0.3852842 0.4011970 -0.1655579 0.3495897 0.4880059 -0.1341295 -0.3682488 0.4753795 -0.1956805 0.3158714 0.5464069 -0.1476005 -0.6638763 0.6912954 -0.2852698 0.5683421 0.7933708 -0.2180597 -0.5823371 0.7517503 -0.3094431 0.4873299 0.8430026 -0.2277196
-0.3945998 0.4087590 -0.1726033 0.3560087 0.4976197 -0.1423586 -0.3740134 0.4792788 -0.2004423 0.3162738 0.5680023 -0.1648621 -0.6645460 0.6883916 -0.2906815 0.5667136 0.7921375 -0.2266140 -0.5842737 0.7487166 -0.3131256 0.4715595 0.8468829 -0.2458069
-0.3995579 0.4326184 -0.1880608 0.3542467 0.5413126 -0.1571484 -0.3845689 0.5026206 -0.2169904 0.3165380 0.6053087 -0.1761488 -0.6463239 0.6998026 -0.3042067 0.5321122 0.8131028 -0.2360518 -0.5748128 0.7512640 -0.3243342 0.4487201 0.8580776 -0.2497062
-0.4046103 0.4278301 -0.1929298 0.3517184 0.5440496 -0.1631312 -0.3924495 0.5064491 -0.2259188 0.3188341 0.6157994 -0.1850619 -0.6529625 0.6904348 -0.3113513 0.5264753 0.8143692 -0.2441854 -0.5776649 0.7454663 -0.3325406 0.4442361 0.8580023 -0.2578495
-0.4097218 0.4453447 -0.1974042 0.3541373 0.5675172 -0.1714380 -0.3950830 0.5142760 -0.2288340 0.3210871 0.6431926 -0.1959836 -0.6436788 0.6996429 -0.3101249 0.5128225 0.8218158 -0.2482576 -0.5744966 0.7478170 -0.3327512 0.4309202 0.8632072 -0.2630230
-0.4121592 0.4534659 -0.2017292 0.3482315 0.5945339 -0.1827912 -0.4001489 0.5205016 -0.2315004 0.3205685 0.6662988 -0.2023152 -0.6388712 0.7028990 -0.3126923 0.4885093 0.8340294 -0.2564247 -0.5747976 0.7476793 -0.3325409 0.4181784 0.8691801 -0.2639182
