-0.3180039 0.4753774 -0.2274667 0.2063329 0.5477488 -0.1372834 -0.3097745 0.5422374 -0.2291122 0.1647936 0.6436400 -0.1434075 -0.5166520 0.7723323 -0.3695587 0.3431983 0.9110833 -0.2283467 -0.4656952 0.8151651 -0.3444327 0.2424498 0.9469441 -0.2109858
-0.3152178 0.4780621 -0.2290213 0.1942522 0.5402553 -0.1391368 -0.2889072 0.5373009 -0.2290007 0.1629476 0.6018838 -0.1356962 -0.5111112 0.7751558 -0.3713474 0.3288309 0.9145465 -0.2355314 -0.4433716 0.8245692 -0.3514361 0.2553455 0.9431767 -0.2126416
-0.3134575 0.4214098 -0.2222123 0.1949274 0.5194853 -0.1345186 -0.3037095 0.4872970 -0.2236603 0.1577547 0.5908149 -0.1345820 -0.5496546 0.7389515 -0.3896543 0.3414230 0.9098989 -0.2356147 -0.4928624 0.7907896 -0.3629578 0.2519449 0.9435709 -0.2149365
-0.3167339 0.4336111 -0.2160401 0.1797900 0.5148895 -0.1362538 -0.3040807 0.4671754 -0.2160291 0.1528423 0.5602981 -0.1374988 -0.5472228 0.7491522 -0.3732536 0.3198317 0.9159463 -0.2423843 -0.5086508 0.7814675 -0.3613625 0.2560920 0.9387973 -0.2303835
-0.3094269 0.4263633 -0.2124176 0.1735489 0.5012979 -0.1360552 -0.3031492 0.4353962 -0.2137269 0.1554428 0.5351028 -0.1337460 -0.5447421 0.7506072 -0.3739585 0.3168925 0.9153476 -0.2484308 -0.5300098 0.7612235 -0.3736688 0.2712556 0.9337815 -0.2333936
-0.3029995 0.4223988 -0.2149536 0.1735904 0.4614130 -0.1245442 -0.2991976 0.4322663 -0.2160727 0.1545954 0.5022868 -0.1307569 -0.5386418 0.7508976 -0.3821227 0.3413941 0.9074448 -0.2449366 -0.5264001 0.7605176 -0.3801524 0.2854622 0.9274783 -0.2414442
-0.3017370 0.4156942 -0.2117390 0.1874139 0.4019342 -0.1161810 -0.2988671 0.4243724 -0.2129696 0.1528388 0.4941465 -0.1313696 -0.5430929 0.7482031 -0.3811066 0.4088023 0.8767311 -0.2534232 -0.5326988 0.7563988 -0.3795957 0.2863945 0.9259487 -0.2461649
-0.2993948 0.4138339 -0.2103671 0.1630873 0.4694312 -0.1347310 -0.2975420 0.4226835 -0.2117531 0.1536262 0.4973935 -0.1319750 -0.5419853 0.7491509 -0.3808212 0.3167397 0.9117050 -0.2616676 -0.5326584 0.7566860 -0.3790795 0.2860576 0.9261651 -0.2457423
-0.2987826 0.4179541 -0.2088923 0.1995043 0.4177796 -0.1111813 -0.2970361 0.4275611 -0.2101819 0.1555214 0.5011202 -0.1306458 -0.5387251 0.7535996 -0.3766470 0.4190092 0.8774423 -0.2335086 -0.5290608 0.7615431 -0.3743618 0.2876198 0.9267670 -0.2416151
-0.2997649 0.4200637 -0.2106966 0.1693955 0.4900485 -0.1266273 -0.2939857 0.4843992 -0.2160757 0.1563859 0.5121255 -0.1275013 -0.5377819 0.7535996 -0.3779924 0.3173754 0.9181434 -0.2372459 -0.4847799 0.7987702 -0.3563070 0.2841101 0.9303907 -0.2316347
-0.3081876 0.4264080 -0.2136422 0.1739116 0.5037036 -0.1254503 -0.3043208 0.4908167 -0.2198008 0.1611389 0.5447869 -0.1252506 -0.5427333 0.7509250 -0.3762342 0.3176765 0.9200924 -0.2291543 -0.4924926 0.7943052 -0.3557111 0.2769845 0.9364440 -0.2152954
-0.3130809 0.4306529 -0.2178593 0.1808512 0.4999579 -0.1250477 -0.3038823 0.4947645 -0.2203431 0.1611539 0.5506755 -0.1255850 -0.5442259 0.7486002 -0.3787029 0.3311260 0.9153883 -0.2289537 -0.4893141 0.7966742 -0.3547985 0.2743724 0.9375517 -0.2138146
-0.3178291 0.4268478 -0.2200435 0.1884633 0.5141748 -0.1234955 -0.3089583 0.4950076 -0.2203678 0.1559482 0.5970223 -0.1247330 -0.5519051 0.7412144 -0.3821020 0.3357155 0.9159155 -0.2199863 -0.4953331 0.7936140 -0.3533016 0.2477199 0.9483550 -0.1981352
-0.3184448 0.4300867 -0.2273900 0.1920782 0.5229048 -0.1226423 -0.3071764 0.5170478 -0.2284125 0.1581459 0.5897821 -0.1238338 -0.5476705 0.7396755 -0.3910718 0.3367387 0.9167216 -0.2150082 -0.4774819 0.8037107 -0.3550495 0.2538265 0.9466089 -0.1987551
-0.3257644 0.4172561 -0.2303321 0.1883096 0.5313433 -0.1262111 -0.3183321 0.5046341 -0.2301247 0.1579273 0.6134772 -0.1308121 -0.5642874 0.7227687 -0.3989800 0.3259751 0.9197865 -0.2184788 -0.4977901 0.7891188 -0.3598563 0.2441506 0.9484160 -0.2022313
-0.3279169 0.4230969 -0.2349997 0.2053864 0.5525348 -0.1225630 -0.3185491 0.5102886 -0.2352154 0.1704437 0.6329626 -0.1233115 -0.5609186 0.7237288 -0.4019789 0.3411283 0.9177104 -0.2035661 -0.4931820 0.7900357 -0.3641637 0.2555351 0.9489593 -0.1848729
-0.3346134 0.4282417 -0.2355180 0.2042200 0.5572316 -0.1243735 -0.3240550 0.5152944 -0.2362335 0.1713306 0.6385203 -0.1251166 -0.5649337 0.7230082 -0.3976292 0.3367925 0.9189667 -0.2051124 -0.4962922 0.7891767 -0.3617930 0.2546371 0.9489898 -0.1859524
-0.3371291 0.4271874 -0.2362896 0.2146918 0.5662945 -0.1248991 -0.3269846 0.5142902 -0.2368611 0.1787925 0.6462308 -0.1283072 -0.5682488 0.7200468 -0.3982786 0.3471897 0.9157854 -0.2019810 -0.5000930 0.7865599 -0.3622575 0.2619002 0.9466170 -0.1879480
-0.3333422 0.4221885 -0.2362585 0.2194247 0.5741420 -0.1281248 -0.3229577 0.5092624 -0.2368814 0.1841625 0.6543452 -0.1318827 -0.5673729 0.7185958 -0.4021293 0.3494829 0.9144497 -0.2040674 -0.4984754 0.7860310 -0.3656193 0.2659607 0.9449814 -0.1904602
-0.3342928 0.4236384 -0.2362649 0.2194025 0.5767847 -0.1278347 -0.3236632 0.5106833 -0.2368011 0.1848386 0.6573471 -0.1300931 -0.5674608 0.7191246 -0.4010587 0.3481441 0.9152318 -0.2028459 -0.4984568 0.7864767 -0.3646850 0.2659081 0.9456570 -0.1871514
-0.3378977 0.4249551 -0.2353117 0.1979843 0.5732270 -0.1164647 -0.3264979 0.5119026 -0.2357942 0.1674723 0.6553562 -0.1201806 -0.5710426 0.7181685 -0.3976737 0.3206035 0.9282484 -0.1885958 -0.5012709 0.7859220 -0.3620139 0.2437699 0.9539259 -0.1749330
-0.3383178 0.4194361 -0.2328654 0.2027736 0.5655112 -0.1151833 -0.3260380 0.5062632 -0.2323562 0.1717974 0.6475001 -0.1180649 -0.5763148 0.7144974 -0.3966795 0.3314873 0.9244783 -0.1882978 -0.5051408 0.7843693 -0.3599967 0.2525585 0.9518870 -0.1735667
-0.3332041 0.4224617 -0.2327537 0.2019368 0.5567610 -0.1121915 -0.3153677 0.5082965 -0.2307042 0.1631590 0.6353747 -0.1146633 -0.5683784 0.7206337 -0.3970304 0.3350070 0.9236497 -0.1861222 -0.4918942 0.7928145 -0.3598405 0.2450074 0.9541090 -0.1721839
-0.2903861 0.4762788 -0.2138654 0.2118140 0.5178894 -0.1066943 -0.3026785 0.5396844 -0.2193066 0.1685175 0.5940648 -0.1102173 -0.4860714 0.7972335 -0.3579850 0.3718563 0.9091962 -0.1873104 -0.4610612 0.8220853 -0.3340633 0.2686552 0.9470744 -0.1757115
-0.2962792 0.4468196 -0.2126111 0.1979457 0.5176095 -0.1144540 -0.2788597 0.5092468 -0.2131125 0.1600575 0.5785888 -0.1191216 -0.5137108 0.7747290 -0.3686409 0.3498116 0.9147245 -0.2022643 -0.4508824 0.8233904 -0.3445771 0.2615216 0.9453695 -0.1946355
-0.3043110 0.4291991 -0.1953404 0.1874040 0.5174288 -0.1271052 -0.2832540 0.4904625 -0.1932789 0.1630062 0.5576194 -0.1285142 -0.5422251 0.7647523 -0.3480600 0.3318011 0.9161138 -0.2250413 -0.4733124 0.8195540 -0.3229655 0.2739596 0.9371737 -0.2159898
-0.2971230 0.4272842 -0.1882818 0.1816410 0.4989919 -0.1359434 -0.2821184 0.4903370 -0.1883925 0.1632296 0.5394301 -0.1392843 -0.5368587 0.7720413 -0.3401983 0.3313717 0.9103222 -0.2480046 -0.4731554 0.8223695 -0.3159627 0.2811677 0.9291838 -0.2399212
-0.2883885 0.4002975 -0.1801374 0.1863899 0.4270799 -0.1252476 -0.2736594 0.4634167 -0.1803314 0.1744822 0.4926370 -0.1512933 -0.5490819 0.7621528 -0.3429754 0.3862844 0.8851033 -0.2595699 -0.4821386 0.8164569 -0.3177114 0.3206912 0.9054467 -0.2780710
-0.2804877 0.3249667 -0.1903728 0.1817821 0.4676254 -0.1505074 -0.2663991 0.3882309 -0.1907488 0.1767745 0.4943830 -0.1524721 -0.5972984 0.6920163 -0.4053987 0.3470422 0.8927486 -0.2873353 -0.5243946 0.7642151 -0.3754805 0.3233318 0.9042577 -0.2788810
-0.2815171 0.3210512 -0.1884974 0.1935496 0.4358181 -0.1449617 -0.2674271 0.3843154 -0.1888504 0.1782800 0.4984851 -0.1513408 -0.6031413 0.6878417 -0.4038495 0.3883340 0.8744164 -0.2908481 -0.5297092 0.7612369 -0.3740676 0.3237844 0.9053267 -0.2748585
-0.2839324 0.3244214 -0.1871195 0.1879439 0.4535784 -0.1487590 -0.2690926 0.3874663 -0.1895870 0.1737900 0.4941270 -0.1544763 -0.6041380 0.6902888 -0.3981441 0.3663508 0.8841407 -0.2899695 -0.5292791 0.7621088 -0.3728992 0.3182372 0.9048255 -0.2828707
-0.2965322 0.3323882 -0.1795733 0.1829456 0.4679142 -0.1508277 -0.2837204 0.4009625 -0.1850289 0.1743962 0.4865787 -0.1522128 -0.6174275 0.6920852 -0.3739002 0.3487611 0.8920150 -0.2875326 -0.5405386 0.7639060 -0.3525134 0.3236551 0.9030222 -0.2824858
-0.2904552 0.3714739 -0.1897757 0.2073454 0.4137102 -0.1253349 -0.2859487 0.4066837 -0.1868006 0.1723006 0.4940196 -0.1485192 -0.5714214 0.7308120 -0.3733515 0.4324794 0.8629135 -0.2614226 -0.5384222 0.7657581 -0.3517330 0.3168013 0.9083318 -0.2730756
-0.3008455 0.3775150 -0.1937156 0.1847470 0.4840967 -0.1391777 -0.2944624 0.4310054 -0.1890074 0.1714504 0.5057574 -0.1439729 -0.5783872 0.7257873 -0.3724258 0.3443445 0.9022936 -0.2594092 -0.5304143 0.7763689 -0.3404585 0.3099836 0.9144134 -0.2603041
-0.3136427 0.3888891 -0.2034351 0.1872467 0.4947496 -0.1369348 -0.2936828 0.4742644 -0.2046126 0.1740843 0.5327173 -0.1353856 -0.5814259 0.7209166 -0.3771249 0.3426706 0.9054158 -0.2505974 -0.4942708 0.7981912 -0.3443648 0.3019357 0.9239569 -0.2348159
-0.3208624 0.3933290 -0.2157942 0.1945000 0.5123129 -0.1331801 -0.3075349 0.4798315 -0.2211627 0.1752268 0.5626646 -0.1304995 -0.5817275 0.7131104 -0.3912375 0.3448931 0.9084480 -0.2361588 -0.5030556 0.7848929 -0.3617708 0.2903056 0.9321902 -0.2162041
-0.3239076 0.4367968 -0.2187926 0.1982012 0.5082451 -0.1352289 -0.3041799 0.4984989 -0.2167910 0.1772010 0.5590702 -0.1323955 -0.5525971 0.7451898 -0.3732674 0.3526490 0.9042939 -0.2406057 -0.4883157 0.8002661 -0.3480258 0.2947264 0.9298636 -0.2202045
-0.3197714 0.4266931 -0.2255466 0.2080743 0.5162726 -0.1332531 -0.3133608 0.5070047 -0.2307318 0.1770665 0.5982899 -0.1326183 -0.5523225 0.7370023 -0.3895736 0.3635415 0.9020168 -0.2328160 -0.4902936 0.7932744 -0.3610097 0.2775859 0.9379348 -0.2079048
-0.3245518 0.4282174 -0.2344202 0.1968632 0.5642086 -0.1413973 -0.3149381 0.5152211 -0.2396148 0.1778788 0.5892880 -0.1322569 -0.5536324 0.7304691 -0.3998826 0.3205885 0.9188046 -0.2302631 -0.4847761 0.7930665 -0.3688328 0.2825277 0.9359757 -0.2100658
-0.3290437 0.4320231 -0.2401579 0.2080294 0.5571929 -0.1416824 -0.3212186 0.5413320 -0.2433096 0.1770753 0.6390051 -0.1478183 -0.5541392 0.7275658 -0.4044474 0.3402490 0.9113344 -0.2317330 -0.4759858 0.8021527 -0.3605393 0.2606492 0.9405951 -0.2175839
-0.3331816 0.4390624 -0.2464581 0.2151167 0.5563122 -0.1427552 -0.3252428 0.5606029 -0.2445874 0.1823943 0.6374593 -0.1485382 -0.5518435 0.7272122 -0.4082048 0.3507525 0.9070793 -0.2327655 -0.4695055 0.8092605 -0.3530750 0.2684343 0.9381651 -0.2186074
-0.3341951 0.4436115 -0.2517376 0.2180085 0.5604070 -0.1427374 -0.3266707 0.5675081 -0.2498177 0.1883317 0.6425521 -0.1505161 -0.5480455 0.7274770 -0.4128236 0.3527491 0.9067675 -0.2309564 -0.4661077 0.8097448 -0.3564506 0.2744191 0.9362659 -0.2193177
-0.3420924 0.4478897 -0.2541687 0.2178280 0.5742875 -0.1431673 -0.3313111 0.5817970 -0.2525931 0.1899515 0.6572975 -0.1477785 -0.5533229 0.7244466 -0.4111094 0.3453882 0.9105906 -0.2270061 -0.4629950 0.8130399 -0.3529896 0.2713704 0.9390347 -0.2111207
-0.3452364 0.4500965 -0.2554900 0.2147238 0.5864013 -0.1463345 -0.3340482 0.5893571 -0.2530240 0.1864597 0.6692469 -0.1515093 -0.5549233 0.7234725 -0.4106674 0.3347766 0.9142603 -0.2281506 -0.4619326 0.8149819 -0.3498897 0.2622259 0.9411892 -0.2130737
-0.3416836 0.5223079 -0.2459813 0.2114888 0.5857997 -0.1458053 -0.3374317 0.5895789 -0.2521224 0.1833550 0.6686405 -0.1517556 -0.5093178 0.7785587 -0.3666628 0.3306337 0.9158175 -0.2279466 -0.4656870 0.8136736 -0.3479523 0.2583416 0.9420940 -0.2138189
-0.3425927 0.5225982 -0.2441708 0.2041746 0.6185423 -0.1535077 -0.3385095 0.5917408 -0.2504179 0.1768084 0.7016689 -0.1590791 -0.5106514 0.7789586 -0.3639487 0.3050965 0.9242827 -0.2293853 -0.4660990 0.8147771 -0.3448043 0.2386457 0.9470720 -0.2147158
-0.3382144 0.5275219 -0.2334862 0.2013271 0.6184801 -0.1505688 -0.3436238 0.5915238 -0.2421798 0.1734099 0.7014082 -0.1563491 -0.5057652 0.7888552 -0.3491548 0.3015579 0.9263905 -0.2255294 -0.4735120 0.8151170 -0.3337226 0.2345756 0.9488115 -0.2114972
-0.3384864 0.5259100 -0.2339569 0.2056120 0.5912967 -0.1448466 -0.3440345 0.5900052 -0.2418354 0.1771678 0.6740740 -0.1501954 -0.5069058 0.7875850 -0.3503660 0.3199867 0.9202144 -0.2254197 -0.4748352 0.8143231 -0.3337804 0.2484934 0.9454483 -0.2106623
-0.3335344 0.5184515 -0.2363910 0.2050528 0.5874666 -0.1451963 -0.3408293 0.5824468 -0.2436485 0.1767781 0.6703219 -0.1502732 -0.5051709 0.7852461 -0.3580375 0.3209260 0.9194380 -0.2272452 -0.4750385 0.8117984 -0.3395907 0.2492147 0.9449931 -0.2118492
-0.3266478 0.5131212 -0.2310600 0.2063281 0.5745969 -0.1462563 -0.3319797 0.5774774 -0.2366369 0.1751979 0.6564316 -0.1511722 -0.5020121 0.7885956 -0.3551069 0.3286564 0.9152652 -0.2329691 -0.4696368 0.8169316 -0.3347596 0.2517124 0.9431160 -0.2171939
-0.3213663 0.4969590 -0.2263592 0.2059869 0.5607443 -0.1489500 -0.3169747 0.5616119 -0.2277238 0.1747741 0.6425506 -0.1537981 -0.5071854 0.7843085 -0.3572437 0.3345729 0.9107855 -0.2419312 -0.4634712 0.8211727 -0.3329712 0.2557322 0.9401904 -0.2250399
-0.3081120 0.4228366 -0.2425618 0.2115362 0.5518391 -0.1548134 -0.2994678 0.4953496 -0.2402765 0.1819892 0.6342931 -0.1590929 -0.5342857 0.7332256 -0.4206175 0.3462501 0.9032703 -0.2534042 -0.4778292 0.7903772 -0.3833838 0.2681075 0.9344442 -0.2343765
-0.3095532 0.4141225 -0.2391512 0.2155931 0.5070075 -0.1295247 -0.2959045 0.5014446 -0.2417895 0.1724449 0.5830042 -0.1368113 -0.5433987 0.7269628 -0.4198131 0.3809317 0.8958322 -0.2288574 -0.4693538 0.7953746 -0.3835184 0.2767194 0.9355368 -0.2195387
-0.3043958 0.4442264 -0.2345338 0.2023386 0.5173771 -0.1330475 -0.2844619 0.4923398 -0.2304378 0.1672202 0.5871761 -0.1372917 -0.5182379 0.7563012 -0.3992969 0.3542059 0.9056998 -0.2329078 -0.4636482 0.8024711 -0.3755936 0.2672234 0.9383266 -0.2193966
-0.2945202 0.4286896 -0.2152899 0.1911961 0.5089923 -0.1373263 -0.2716406 0.4890155 -0.2090790 0.1692465 0.5393863 -0.1370879 -0.5232109 0.7615609 -0.3824595 0.3409394 0.9076313 -0.2448792 -0.4548627 0.8188575 -0.3501033 0.2909515 0.9272583 -0.2356677
-0.2870970 0.4328544 -0.2014961 0.1816960 0.4776225 -0.1383586 -0.2760972 0.4965249 -0.1963647 0.1666657 0.5273142 -0.1386739 -0.5153188 0.7769430 -0.3616712 0.3432017 0.9021710 -0.2613427 -0.4593171 0.8260219 -0.3266735 0.2923204 0.9248733 -0.2432246
-0.2795567 0.4246279 -0.1901602 0.1771410 0.4263925 -0.1191424 -0.2684012 0.4866039 -0.1748027 0.1654464 0.5027151 -0.1379761 -0.5150360 0.7823051 -0.3503380 0.3714829 0.8941887 -0.2498539 -0.4607256 0.8352825 -0.3000585 0.3025002 0.9191581 -0.2522738
-0.2634050 0.3302018 -0.1782299 0.1717677 0.4486361 -0.1394426 -0.2702771 0.3880746 -0.1780649 0.1648947 0.4803901 -0.1398138 -0.5745489 0.7202485 -0.3887618 0.3433826 0.8968728 -0.2787610 -0.5348523 0.7679623 -0.3523734 0.3130150 0.9119112 -0.2654046
-0.2611990 0.3196907 -0.1750959 0.1895163 0.3612880 -0.1105799 -0.2643762 0.3882342 -0.1775709 0.1639477 0.4434388 -0.1410111 -0.5824800 0.7129178 -0.3904680 0.4483495 0.8547195 -0.2616052 -0.5264913 0.7731479 -0.3536230 0.3323105 0.8988197 -0.2858197
-0.2580103 0.3124951 -0.1717399 0.1917287 0.3600059 -0.1108327 -0.2582520 0.3901616 -0.1764147 0.1646893 0.4429954 -0.1417291 -0.5862098 0.7100015 -0.3901999 0.4536155 0.8517468 -0.2622218 -0.5164603 0.7802571 -0.3527995 0.3337769 0.8978219 -0.2872434
-0.2452483 0.3452784 -0.1656476 0.1877273 0.3671693 -0.1112092 -0.2439160 0.4276418 -0.1714108 0.1644633 0.4492444 -0.1430294 -0.5392965 0.7592607 -0.3642560 0.4395300 0.8596613 -0.2603764 -0.4678991 0.8203365 -0.3288137 0.3293709 0.8997022 -0.2864452
-0.2549898 0.3187032 -0.1677520 0.1766237 0.3807753 -0.1099664 -0.2608690 0.3804323 -0.1693841 0.1605318 0.4651232 -0.1442229 -0.5778351 0.7222166 -0.3801445 0.4070510 0.8775432 -0.2534311 -0.5308708 0.7741831 -0.3446982 0.3130814 0.9071189 -0.2812745
-0.2662981 0.3317399 -0.1612118 0.1955975 0.4125880 -0.1291816 -0.2755439 0.3842303 -0.1600599 0.1532825 0.4933938 -0.1485313 -0.5853692 0.7292215 -0.3543713 0.4121954 0.8694736 -0.2722327 -0.5519975 0.7697294 -0.3206484 0.2851332 0.9178018 -0.2762951
-0.2765183 0.4185818 -0.1591628 0.1884820 0.4284227 -0.1302100 -0.2744319 0.5052495 -0.1655302 0.1550714 0.5151861 -0.1459771 -0.5253870 0.7953089 -0.3024106 0.3879625 0.8818454 -0.2680183 -0.4586687 0.8444430 -0.2766569 0.2781698 0.9241498 -0.2618563
-0.2914295 0.3929363 -0.1767949 0.1737073 0.5133542 -0.1452476 -0.2723804 0.4783429 -0.1710744 0.1552248 0.5459829 -0.1449470 -0.5602481 0.7553863 -0.3398730 0.3095981 0.9149498 -0.2588743 -0.4725314 0.8298395 -0.2967835 0.2649638 0.9319751 -0.2474199
-0.2956667 0.4322629 -0.1760684 0.1739673 0.5174925 -0.1420785 -0.2710264 0.4914806 -0.1667307 0.1541731 0.5674768 -0.1394401 -0.5351312 0.7823585 -0.3186687 0.3083784 0.9173187 -0.2518515 -0.4628991 0.8394235 -0.2847675 0.2551043 0.9389820 -0.2307262
