-0.6055086 0.1065105 -0.0155783 0.5293029 0.1349259 0.0908512 -0.7593210 0.1210512 -0.1079786 0.7238669 0.1294601 0.0680161 -0.9845631 0.1731872 -0.0253305 0.9558807 0.2436659 0.1640703 -0.9779340 0.1559026 -0.1390663 0.9801969 0.1753035 0.0921014
-0.6170070 0.1209206 -0.0123634 0.5354821 0.1705541 0.0804677 -0.7405367 0.1451716 -0.0900856 0.7220379 0.1773291 0.0577018 -0.9811424 0.1922836 -0.0196598 0.9432169 0.3004199 0.1417386 -0.9744032 0.1910178 -0.1185352 0.9682291 0.2377925 0.0773762
-0.6271666 0.1619587 -0.0219497 0.5346623 0.1943439 0.0820134 -0.7448886 0.1898217 -0.0934347 0.6591808 0.2000233 0.0569095 -0.9676811 0.2498927 -0.0338671 0.9302210 0.3381252 0.1426893 -0.9619506 0.2451361 -0.1206618 0.9536660 0.2893826 0.0823335
-0.6770192 0.2031276 -0.0609278 0.5340477 0.2103239 0.0731630 -0.7595315 0.2316019 -0.1045614 0.6858232 0.2334191 0.0365653 -0.9542791 0.2863145 -0.0858796 0.9229751 0.3634951 0.1264449 -0.9483328 0.2891726 -0.1305529 0.9454685 0.3217891 0.0504086
-0.6737686 0.2111243 -0.0462822 0.6745033 0.2542413 0.0556968 -0.7456366 0.2580695 -0.0932093 0.7677804 0.2608331 0.0448637 -0.9522058 0.2983721 -0.0654084 0.9329529 0.3516590 0.0770382 -0.9384745 0.3248119 -0.1173152 0.9454066 0.3211769 0.0552429
-0.6730203 0.2527032 -0.0576002 0.5981895 0.2696167 0.0623618 -0.7383906 0.3070721 -0.1153239 0.6663653 0.2801060 0.0532387 -0.9331919 0.3503915 -0.0798669 0.9075853 0.4090680 0.0946165 -0.9138851 0.3800544 -0.1427331 0.9193769 0.3864592 0.0734529
-0.6757564 0.2890216 -0.0753887 0.5968606 0.2928192 0.0524405 -0.7340732 0.3374456 -0.1227251 0.6635198 0.3086829 0.0403516 -0.9146355 0.3911904 -0.1020386 0.8949977 0.4390850 0.0786349 -0.8982929 0.4129356 -0.1501800 0.9053098 0.4211685 0.0550560
-0.6636453 0.2993544 -0.0718824 0.5934763 0.3121894 0.0457963 -0.7255584 0.3754096 -0.1283467 0.6577851 0.3361802 0.0343891 -0.9071432 0.4091904 -0.0982568 0.8829639 0.4644700 0.0681350 -0.8773948 0.4539709 -0.1552056 0.8894829 0.4545961 0.0465023
-0.6816013 0.3672437 -0.1108962 0.5723428 0.3486328 0.0231341 -0.7304350 0.4115228 -0.1491173 0.6298185 0.3844940 0.0072655 -0.8714546 0.4695358 -0.1417852 0.8535243 0.5199097 0.0344994 -0.8577801 0.4832683 -0.1751146 0.8534786 0.5210349 0.0098456
-0.6688447 0.3766242 -0.1030551 0.5787717 0.3607407 0.0121457 -0.7002590 0.4353626 -0.1400546 0.6377353 0.3938955 -0.0041460 -0.8636048 0.4862930 -0.1330635 0.8485166 0.5288691 0.0178064 -0.8372575 0.5205369 -0.1674549 0.8507849 0.5254850 -0.0055311
-0.6433137 0.3838347 -0.0937272 0.5859629 0.4236397 -0.0288250 -0.6793493 0.4365685 -0.1352788 0.6465262 0.4745340 -0.0547190 -0.8521150 0.5084164 -0.1241484 0.8097443 0.5854293 -0.0398334 -0.8297047 0.5331910 -0.1652191 0.8042884 0.5903275 -0.0680713
-0.6166947 0.3788472 -0.0758812 0.5948215 0.4461681 -0.0453505 -0.6549434 0.4344544 -0.1208205 0.6466391 0.4848544 -0.0710350 -0.8474187 0.5205853 -0.1042706 0.7984827 0.5989318 -0.0608780 -0.8236496 0.5463651 -0.1519425 0.7970018 0.5975974 -0.0875528
-0.6108747 0.3899208 -0.0782944 0.5942591 0.5302492 -0.0905106 -0.6389056 0.4493636 -0.1168511 0.6281671 0.5922500 -0.1288900 -0.8380452 0.5349235 -0.1074103 0.7413771 0.6615206 -0.1129179 -0.8089473 0.5689596 -0.1479504 0.7196266 0.6784801 -0.1476560
-0.6067502 0.3958568 -0.0812350 0.5709369 0.5362143 -0.0966136 -0.6323542 0.4576492 -0.1177304 0.6036725 0.6221523 -0.1431986 -0.8322997 0.5430101 -0.1114328 0.7234420 0.6794445 -0.1224204 -0.8010421 0.5797325 -0.1491364 0.6870570 0.7080894 -0.1629785
-0.6132774 0.4210986 -0.0933949 0.5324924 0.5655952 -0.1114117 -0.6282115 0.4867884 -0.1289975 0.5811379 0.6457245 -0.1539443 -0.8179535 0.5616367 -0.1245646 0.6785360 0.7207177 -0.1419680 -0.7802497 0.6045997 -0.1602171 0.6586934 0.7318994 -0.1744889
-0.6008430 0.4283890 -0.1035134 0.4906636 0.5418774 -0.1043302 -0.6170657 0.4939383 -0.1388123 0.5243797 0.6283011 -0.1492913 -0.8063412 0.5749051 -0.1389168 0.6644761 0.7338319 -0.1412880 -0.7689246 0.6154957 -0.1729738 0.6303550 0.7552786 -0.1794625
-0.5898580 0.4373875 -0.1179584 0.4908463 0.5778544 -0.1323924 -0.6008262 0.5030402 -0.1550429 0.5090189 0.6688724 -0.1772571 -0.7930932 0.5880892 -0.1586010 0.6377459 0.7507936 -0.1720146 -0.7521619 0.6297456 -0.1940950 0.5925596 0.7786484 -0.2063487
-0.5931692 0.4477959 -0.1319432 0.4327614 0.6155657 -0.1602892 -0.6010231 0.5124610 -0.1714730 0.4702608 0.7055963 -0.1936899 -0.7858235 0.5932347 -0.1747968 0.5625042 0.8001136 -0.2083443 -0.7436218 0.6340475 -0.2121567 0.5406629 0.8112300 -0.2226869
-0.5743762 0.4633051 -0.1455346 0.4214589 0.6270579 -0.1684153 -0.5783674 0.5290331 -0.1838708 0.4045487 0.7040104 -0.2016201 -0.7636388 0.6159687 -0.1934897 0.5444674 0.8100732 -0.2175696 -0.7183755 0.6570986 -0.2283813 0.4835486 0.8414889 -0.2409923
-0.5818152 0.4747998 -0.1589781 0.3881417 0.6347490 -0.1779566 -0.6252208 0.5282597 -0.1935534 0.3886658 0.7061151 -0.2068433 -0.7579615 0.6185468 -0.2071092 0.5073731 0.8297346 -0.2326223 -0.7433512 0.6280701 -0.2301238 0.4670723 0.8485613 -0.2485703
-0.5493635 0.4915895 -0.1842991 0.3563886 0.6206420 -0.1801862 -0.5839184 0.5483851 -0.2232559 0.3345528 0.7017965 -0.2169195 -0.7229552 0.6469254 -0.2425352 0.4828970 0.8409533 -0.2441475 -0.7021770 0.6594473 -0.2684710 0.4144844 0.8694701 -0.2687461
-0.5265838 0.4985004 -0.2052217 0.3368531 0.6045742 -0.1848412 -0.5579638 0.5557381 -0.2461649 0.3111075 0.6816096 -0.2222843 -0.6987601 0.6614943 -0.2723227 0.4702405 0.8439739 -0.2580347 -0.6762499 0.6735524 -0.2983509 0.3980747 0.8721472 -0.2844218
-0.4873169 0.5009601 -0.2285458 0.3151573 0.6076692 -0.1957601 -0.5083435 0.5589619 -0.2747079 0.2794912 0.6564515 -0.2239294 -0.6627421 0.6812966 -0.3108181 0.4426523 0.8534983 -0.2749537 -0.6323169 0.6952801 -0.3417030 0.3737568 0.8778567 -0.2994553
-0.4672414 0.4513309 -0.2143100 0.2795969 0.6056683 -0.2159783 -0.4625545 0.5153095 -0.2554193 0.2542211 0.6330666 -0.2307690 -0.6830380 0.6597792 -0.3132897 0.3987513 0.8637828 -0.3080206 -0.6267126 0.6981901 -0.3460663 0.3529977 0.8790421 -0.3204334
-0.4487718 0.4237954 -0.2318791 0.2598783 0.5767076 -0.2201326 -0.4347561 0.4862871 -0.2731523 0.2327690 0.5986678 -0.2319435 -0.6806087 0.6427294 -0.3516686 0.3880135 0.8610581 -0.3286708 -0.6147764 0.6876449 -0.3862570 0.3408428 0.8766271 -0.3396340
-0.4165762 0.4414588 -0.2530412 0.2169271 0.5930283 -0.2216415 -0.4082344 0.5074248 -0.2902419 0.1969380 0.5963331 -0.2216118 -0.6334697 0.6713075 -0.3847888 0.3241457 0.8861391 -0.3311903 -0.5725550 0.7116711 -0.4070688 0.2957182 0.8954420 -0.3327679
-0.3924776 0.4515636 -0.2560533 0.1841385 0.5817850 -0.2302291 -0.3721931 0.5148001 -0.2933980 0.1638317 0.5868414 -0.2248845 -0.6030901 0.6938830 -0.3934574 0.2823273 0.8920123 -0.3529949 -0.5319057 0.7357071 -0.4192986 0.2522589 0.9035853 -0.3462644
-0.3694878 0.4639565 -0.2706014 0.1518184 0.5891442 -0.2266039 -0.3484536 0.5271093 -0.3076709 0.1325561 0.5858751 -0.2178548 -0.5667671 0.7116751 -0.4150827 0.2338467 0.9074620 -0.3490393 -0.4958088 0.7500150 -0.4377798 0.2074531 0.9169068 -0.3409474
-0.3289915 0.4682340 -0.2818109 0.1274626 0.5934202 -0.2322215 -0.3006137 0.5267896 -0.3214432 0.0962134 0.6471184 -0.2635460 -0.5157545 0.7340427 -0.4417903 0.1961379 0.9131475 -0.3573395 -0.4379307 0.7674212 -0.4682748 0.1364111 0.9174825 -0.3736548
-0.2833994 0.4708060 -0.2944430 0.0764538 0.5705962 -0.2250645 -0.2469124 0.5289208 -0.3275496 0.0305556 0.6148541 -0.2529188 -0.4545779 0.7551815 -0.4722921 0.1236865 0.9231073 -0.3641080 -0.3688911 0.7902163 -0.4893645 0.0459108 0.9238387 -0.3800188
-0.2578963 0.4715346 -0.2963870 0.0590110 0.5813485 -0.2230668 -0.2337745 0.5348710 -0.3311896 0.0156992 0.6378354 -0.2502309 -0.4201912 0.7682727 -0.4829042 0.0943473 0.9294652 -0.3566412 -0.3483264 0.7969632 -0.4934759 0.0229071 0.9306796 -0.3651174
-0.2183110 0.4637252 -0.2881054 0.0389288 0.5701709 -0.2237658 -0.1620436 0.5076756 -0.2946996 -0.0055186 0.6244019 -0.2535641 -0.3712978 0.7886923 -0.4900025 0.0634285 0.9290048 -0.3645915 -0.2660959 0.8336672 -0.4839339 -0.0081885 0.9264868 -0.3762381
-0.1071445 0.5200928 -0.3052387 0.0216414 0.5508521 -0.2325457 -0.0697473 0.5492765 -0.3093525 -0.0307019 0.5885042 -0.2586891 -0.1749318 0.8491414 -0.4983550 0.0361704 0.9206684 -0.3886661 -0.1099687 0.8660303 -0.4877483 -0.0477046 0.9144176 -0.4019511
-0.1046005 0.5256161 -0.3069941 0.0111591 0.5358102 -0.2516215 -0.0699976 0.5521085 -0.3098149 -0.0098155 0.5647743 -0.2654741 -0.1693596 0.8510298 -0.4970570 0.0188480 0.9049990 -0.4249960 -0.1098945 0.8667967 -0.4864017 -0.0157266 0.9048932 -0.4253482
-0.1106278 0.5114523 -0.3065110 0.0036708 0.5355904 -0.2534320 -0.0732396 0.5359838 -0.3066607 -0.0078172 0.5579446 -0.2632881 -0.1824213 0.8433667 -0.5054257 0.0061950 0.9038959 -0.4277077 -0.1177790 0.8619337 -0.4931514 -0.0126699 0.9042923 -0.4267259
-0.1179954 0.5113981 -0.3082296 -0.0238360 0.4963761 -0.2635518 -0.0800815 0.5346994 -0.3083619 -0.0830146 0.5171846 -0.2936500 -0.1938637 0.8402152 -0.5064141 -0.0423743 0.8824315 -0.4685287 -0.1286621 0.8590687 -0.4954261 -0.1382422 0.8612549 -0.4890082
-0.0912630 0.4974961 -0.2922274 -0.0314236 0.4915466 -0.2574579 -0.0275652 0.5513317 -0.3111353 -0.0923754 0.5110310 -0.2847734 -0.1562328 0.8516620 -0.5002631 -0.0565398 0.8844285 -0.4632380 -0.0435012 0.8700677 -0.4910090 -0.1559689 0.8628370 -0.4808181
-0.1127214 0.4925165 -0.3023698 -0.0265211 0.5054107 -0.2757545 -0.0635304 0.5310954 -0.3130424 -0.0840231 0.5296883 -0.3064970 -0.1914369 0.8364501 -0.5135203 -0.0460153 0.8769102 -0.4784465 -0.1025093 0.8569466 -0.5051082 -0.1360227 0.8574983 -0.4961798
-0.1205665 0.4910527 -0.2999948 -0.0303628 0.5081353 -0.2746696 -0.0690099 0.5314945 -0.3128959 -0.0879756 0.5342264 -0.3036678 -0.2050682 0.8352180 -0.5102528 -0.0524929 0.8784923 -0.4748640 -0.1111975 0.8564112 -0.5041774 -0.1417208 0.8605908 -0.4891816
-0.1268961 0.4880672 -0.2999193 -0.0088079 0.5227351 -0.2971519 -0.1182417 0.5633873 -0.3074306 -0.0421053 0.5563830 -0.3101026 -0.2162731 0.8318288 -0.5111622 -0.0146467 0.8692609 -0.4941366 -0.1811828 0.8632832 -0.4710785 -0.0659589 0.8715872 -0.4857831
-0.1247692 0.4816309 -0.2992562 -0.0038401 0.5204827 -0.2942318 -0.1058665 0.5552958 -0.3037902 -0.0383862 0.5541397 -0.3075295 -0.2148991 0.8295478 -0.5154307 -0.0064227 0.8705120 -0.4921053 -0.1649639 0.8652768 -0.4733741 -0.0604586 0.8727760 -0.4843622
-0.1029896 0.4774872 -0.2965498 -0.0025491 0.5106780 -0.2925942 -0.1497229 0.5365786 -0.2852104 -0.0362885 0.5438435 -0.3055971 -0.1802286 0.8355872 -0.5189525 -0.0043310 0.8676649 -0.4971306 -0.2392343 0.8573704 -0.4557225 -0.0580729 0.8703199 -0.4890510
