-0.4169906 0.0678230 -0.2709925 0.5307799 0.4723537 -0.0054047 -0.4240938 0.1169165 -0.4176165 0.5746067 0.5274751 -0.0163322 -0.8308002 0.1351286 -0.5399178 0.7470036 0.6647764 -0.0076064 -0.6991658 0.1927498 -0.6884872 0.7365121 0.6761004 -0.0209341
-0.3866790 0.1113744 -0.2881369 0.5379150 0.4766903 -0.0133205 -0.4006642 0.1550953 -0.4410185 0.5662609 0.5320615 -0.0480938 -0.7812929 0.2250343 -0.5821864 0.7482861 0.6631173 -0.0185300 -0.6507482 0.2519017 -0.7162906 0.7273793 0.6834492 -0.0617779
-0.3630105 0.1907259 -0.3694242 0.5450939 0.5283065 -0.0270983 -0.3624497 0.2376628 -0.4723658 0.5835220 0.6097778 -0.0614789 -0.6577105 0.3455615 -0.6693311 0.7176206 0.6955199 -0.0356752 -0.5653741 0.3707228 -0.7368288 0.6895542 0.7205810 -0.0726503
-0.3411182 0.2171363 -0.3801200 0.5797201 0.6173321 -0.0727204 -0.3308727 0.2696675 -0.4698709 0.6007767 0.6823401 -0.0929508 -0.6146514 0.3912518 -0.6849275 0.6820413 0.7262919 -0.0855557 -0.5212203 0.4248045 -0.7401828 0.6573976 0.7466480 -0.1017111
-0.3038154 0.2739405 -0.4206053 0.5497036 0.6292625 -0.0883045 -0.3042748 0.3041787 -0.4699899 0.5464431 0.6742938 -0.1113082 -0.5178083 0.4668909 -0.7168594 0.6542501 0.7489400 -0.1050988 -0.4775335 0.4773827 -0.7376093 0.6244914 0.7706030 -0.1272063
-0.2816394 0.2971540 -0.4279354 0.5254963 0.6518373 -0.1127830 -0.2710191 0.3317962 -0.4666589 0.4958865 0.6727354 -0.1315372 -0.4755483 0.5017447 -0.7225691 0.6220053 0.7715492 -0.1334960 -0.4278186 0.5237585 -0.7366466 0.5861287 0.7951609 -0.1554746
-0.2679679 0.2981726 -0.3979076 0.4751079 0.6542736 -0.1349402 -0.2522850 0.3422725 -0.4634393 0.4830326 0.7203329 -0.1604738 -0.4744139 0.5278886 -0.7044608 0.5795679 0.7981259 -0.1646089 -0.4011229 0.5441994 -0.7368497 0.5476462 0.8166894 -0.1819398
-0.2493538 0.3106811 -0.3967768 0.4545829 0.6543475 -0.1366052 -0.2401641 0.3487696 -0.4407686 0.4544721 0.7304893 -0.1645687 -0.4434879 0.5525615 -0.7056871 0.5623386 0.8094559 -0.1689865 -0.3929225 0.5706076 -0.7211234 0.5188489 0.8339645 -0.1878802
-0.1959173 0.3621669 -0.4176230 0.4145603 0.6831711 -0.1659157 -0.1878723 0.3973430 -0.4511846 0.4192836 0.7388508 -0.1853460 -0.3340569 0.6175277 -0.7120854 0.5079423 0.8370592 -0.2032891 -0.2982683 0.6308263 -0.7163059 0.4822052 0.8497297 -0.2131607
-0.2009084 0.3454881 -0.3788268 0.3898345 0.6827385 -0.1623143 -0.1733829 0.4022715 -0.4401686 0.3776006 0.7351545 -0.1829186 -0.3648445 0.6273975 -0.6879396 0.4856082 0.8504724 -0.2021914 -0.2792026 0.6477874 -0.7088141 0.4460941 0.8685053 -0.2160985
-0.1577610 0.3812088 -0.3893110 0.3418119 0.6934999 -0.1881330 -0.1258899 0.4300915 -0.4302170 0.3381620 0.7618641 -0.2079219 -0.2781158 0.6720305 -0.6863138 0.4295626 0.8715368 -0.2364309 -0.2026496 0.6923342 -0.6925362 0.3936318 0.8868351 -0.2420280
-0.1651424 0.3691917 -0.3720693 0.3138041 0.6951249 -0.1929231 -0.1364631 0.4210301 -0.4116783 0.3004101 0.7621468 -0.2131045 -0.3005024 0.6718019 -0.6770380 0.3988885 0.8836001 -0.2452320 -0.2257617 0.6965434 -0.6810719 0.3548935 0.9003725 -0.2517539
-0.1665617 0.3682960 -0.3666375 0.2797422 0.6959704 -0.1952413 -0.1363872 0.4213974 -0.4033574 0.2742474 0.7446782 -0.2123546 -0.3052158 0.6748837 -0.6718447 0.3609202 0.8979331 -0.2518981 -0.2276682 0.7034295 -0.6733158 0.3338400 0.9064930 -0.2584982
-0.1297439 0.3920155 -0.3750598 0.2535368 0.6958011 -0.2047688 -0.1083270 0.4480734 -0.4134976 0.2426258 0.7359693 -0.2180622 -0.2325848 0.7027450 -0.6723495 0.3299788 0.9055870 -0.2665072 -0.1749294 0.7235609 -0.6677269 0.3013883 0.9142164 -0.2708755
-0.1255988 0.3926048 -0.3714339 0.2291341 0.6913039 -0.2126229 -0.0910867 0.4483811 -0.3993013 0.1958082 0.7249879 -0.2283937 -0.2263586 0.7075663 -0.6694114 0.3020124 0.9111798 -0.2802497 -0.1499923 0.7383483 -0.6575288 0.2494601 0.9236362 -0.2909741
-0.1084966 0.3907270 -0.3745784 0.1963684 0.6702645 -0.2184284 -0.0406589 0.4541559 -0.4004812 0.1850049 0.7135200 -0.2346934 -0.1965376 0.7077876 -0.6785350 0.2683374 0.9159166 -0.2984825 -0.0669972 0.7483530 -0.6599084 0.2391557 0.9223667 -0.3033880
-0.0975689 0.3943554 -0.3531965 0.1728334 0.6677822 -0.2207939 -0.0474510 0.4522611 -0.3819464 0.1345698 0.6976691 -0.2463802 -0.1812485 0.7325729 -0.6561142 0.2386341 0.9220183 -0.3048540 -0.0799021 0.7615564 -0.6431544 0.1789412 0.9277101 -0.3276187
-0.0955512 0.3954929 -0.3509500 0.1421333 0.6573302 -0.2276871 -0.0172315 0.4469224 -0.3736947 0.1180918 0.6919927 -0.2491241 -0.1778300 0.7360501 -0.6531514 0.2001825 0.9257930 -0.3206778 -0.0295656 0.7668217 -0.6411789 0.1585357 0.9289854 -0.3344437
-0.0913232 0.3984620 -0.3434602 0.1237062 0.6498202 -0.2335788 -0.0170057 0.4546724 -0.3682296 0.0988290 0.6797007 -0.2562975 -0.1710410 0.7462871 -0.6432733 0.1763406 0.9263048 -0.3329616 -0.0290533 0.7767818 -0.6290993 0.1348080 0.9271484 -0.3496036
-0.0822793 0.3984150 -0.3389573 0.1112346 0.6415915 -0.2380984 -0.0076512 0.4534368 -0.3654068 0.0841964 0.6647195 -0.2597016 -0.1553832 0.7524011 -0.6401161 0.1604358 0.9253795 -0.3434139 -0.0131374 0.7785707 -0.6274194 0.1171673 0.9250202 -0.3613993
-0.0766773 0.3984246 -0.3358373 0.0767939 0.6162145 -0.2483321 -0.0302974 0.4418872 -0.3429484 0.0571441 0.6434656 -0.2627900 -0.1455819 0.7564609 -0.6376307 0.1148242 0.9213806 -0.3713129 -0.0540856 0.7888380 -0.6122167 0.0819383 0.9226586 -0.3768119
-0.0548704 0.4111214 -0.3243745 0.0722844 0.6127626 -0.2489694 -0.0079296 0.4612283 -0.3434687 0.0393666 0.6357654 -0.2673543 -0.1042082 0.7807896 -0.6160424 0.1086414 0.9209647 -0.3741939 -0.0137877 0.8019662 -0.5972103 0.0569857 0.9203118 -0.3870128
-0.0575598 0.4113201 -0.3215933 0.0434383 0.5990026 -0.2569717 -0.0108565 0.4616112 -0.3407857 0.0251462 0.6255161 -0.2665906 -0.1095791 0.7830485 -0.6122315 0.0664965 0.9169685 -0.3933788 -0.0189177 0.8043696 -0.5938280 0.0369567 0.9193069 -0.3918022
-0.0515145 0.4104194 -0.3202298 0.0402008 0.5846167 -0.2567265 -0.0046356 0.4606738 -0.3390863 0.0044212 0.6055003 -0.2711489 -0.0984773 0.7845744 -0.6121644 0.0628366 0.9137969 -0.4012815 -0.0081038 0.8053278 -0.5927744 0.0066639 0.9126478 -0.4086925
-0.0350409 0.4149549 -0.3218255 0.0315013 0.5551929 -0.2725991 0.0117964 0.4652785 -0.3406014 0.0037530 0.5987380 -0.2719606 -0.0665802 0.7884445 -0.6114919 0.0508653 0.8964738 -0.4401676 0.0204534 0.8067344 -0.5905601 0.0057070 0.9104622 -0.4135529
-0.0276063 0.4101108 -0.3183596 0.0273463 0.5465390 -0.2708219 0.0192946 0.4604430 -0.3369537 -0.0141386 0.5681420 -0.2695991 -0.0530983 0.7888120 -0.6123366 0.0447880 0.8951274 -0.4435550 0.0337972 0.8065324 -0.5902230 -0.0224771 0.9032145 -0.4286004
-0.0029185 0.5086764 -0.2637908 0.0241231 0.5429244 -0.2708306 0.0442990 0.5589382 -0.2817637 -0.0372078 0.5792032 -0.2697788 -0.0050932 0.8877197 -0.4603561 0.0397281 0.8941367 -0.4460283 0.0705952 0.8907282 -0.4490207 -0.0581342 0.9049593 -0.4215080
-0.0355099 0.4686229 -0.2686739 0.0246824 0.4772627 -0.3229408 0.0107807 0.5224773 -0.2746467 -0.0345126 0.5169009 -0.3248207 -0.0655957 0.8656646 -0.4963083 0.0427932 0.8274550 -0.5598991 0.0182611 0.8850089 -0.4652159 -0.0564428 0.8453520 -0.5312195
0.0097676 0.4640101 -0.2793104 0.0233137 0.4781524 -0.3224891 0.0707938 0.5183798 -0.2896831 -0.0358796 0.5177907 -0.3244249 0.0180321 0.8566160 -0.5156392 0.0403903 0.8283841 -0.5587024 0.1183774 0.8668053 -0.4843917 -0.0586187 0.8459480 -0.5300338
0.0188001 0.4630322 -0.2828933 -0.0169023 0.4958848 -0.2649714 0.0785070 0.5174027 -0.2934364 -0.0761031 0.5355231 -0.2666910 0.0346266 0.8528282 -0.5210423 -0.0300490 0.8815855 -0.4710669 0.1308497 0.8623692 -0.4890785 -0.1261916 0.8879860 -0.4422178
0.0219611 0.4610090 -0.2833689 -0.0141129 0.4932082 -0.2669753 0.0816188 0.5154643 -0.2936190 -0.0733144 0.5328465 -0.2686707 0.0405500 0.8512288 -0.5232258 -0.0251564 0.8791474 -0.4758855 0.1363009 0.8608099 -0.4903350 -0.1219395 0.8862523 -0.4468642
0.0203257 0.4609400 -0.2842430 -0.0156268 0.4930792 -0.2676239 0.0796877 0.5151200 -0.2944221 -0.0748402 0.5327175 -0.2687928 0.0375070 0.8505747 -0.5245149 -0.0278432 0.8785483 -0.4768414 0.1331121 0.8604678 -0.4918092 -0.1244507 0.8858488 -0.4469719
0.0208270 0.4608830 -0.2851534 -0.0145392 0.4928710 -0.2690169 0.0786693 0.5147653 -0.2953715 -0.0737536 0.5325092 -0.2701748 0.0384003 0.8497660 -0.5257596 -0.0258844 0.8774681 -0.4789361 0.1314048 0.8598353 -0.4933721 -0.1225827 0.8850601 -0.4490457
0.0207828 0.4600347 -0.2865493 0.0276244 0.4840359 -0.3260049 0.0783882 0.5138698 -0.2970256 -0.0315914 0.5236744 -0.3270969 0.0383179 0.8481803 -0.5283198 0.0472829 0.8284921 -0.5580010 0.1309326 0.8583220 -0.4961250 -0.0510987 0.8470356 -0.5290743
0.0109347 0.4601495 -0.2837771 0.0157525 0.4850023 -0.3194870 0.0685030 0.5137712 -0.2942795 -0.0434649 0.5246408 -0.3204906 0.0202221 0.8509818 -0.5248057 0.0271133 0.8347885 -0.5499027 0.1149319 0.8619862 -0.4937312 -0.0705232 0.8512462 -0.5200061
0.0060187 0.4578853 -0.2866734 0.0511919 0.5044530 -0.2705913 0.0644016 0.5118517 -0.2980491 -0.0080249 0.5440918 -0.2716359 0.0111405 0.8475336 -0.5306249 0.0890714 0.8777237 -0.4708157 0.1080933 0.8591055 -0.5002535 -0.0131949 0.8946188 -0.4466352
0.0108286 0.4571120 -0.2963260 0.0592630 0.4756425 -0.3076717 0.0692289 0.5122658 -0.3110938 0.0000419 0.5152811 -0.3083582 0.0198739 0.8389456 -0.5438522 0.1040487 0.8350908 -0.5401826 0.1147476 0.8490860 -0.5156413 0.0000697 0.8580877 -0.5135031
-0.0363904 0.4203405 -0.3308909 0.0497108 0.5681133 -0.2827211 0.0096196 0.4635728 -0.3583431 -0.0095047 0.6077520 -0.2838312 -0.0678685 0.7839402 -0.6171156 0.0780981 0.8925330 -0.4441683 0.0164156 0.7910729 -0.6115016 -0.0141686 0.9059701 -0.4231044
-0.0434605 0.4228536 -0.3314731 0.0711095 0.5707318 -0.2741133 0.0021985 0.4685757 -0.3552295 0.0118877 0.6103706 -0.2748176 -0.0806251 0.7844511 -0.6149277 0.1116098 0.8957912 -0.4302341 0.0037389 0.7968836 -0.6041213 0.0177564 0.9116934 -0.4104873
-0.0517865 0.4301663 -0.3343727 0.0855998 0.5855310 -0.2675531 -0.0013263 0.4844007 -0.3637478 0.0263799 0.6251699 -0.2683363 -0.0946230 0.7859885 -0.6109570 0.1318078 0.9016084 -0.4119818 -0.0021894 0.7996436 -0.6004710 0.0387464 0.9182386 -0.3941276
-0.0716094 0.4315961 -0.3336990 0.1096780 0.6172173 -0.2444332 -0.0226002 0.4861232 -0.3618557 0.0504643 0.6568560 -0.2456379 -0.1301435 0.7843856 -0.6064668 0.1630039 0.9173108 -0.3632775 -0.0372672 0.8016052 -0.5966911 0.0717743 0.9342333 -0.3493659
-0.1032304 0.4291841 -0.3480248 0.1219688 0.6269126 -0.2414854 -0.0608117 0.4869843 -0.3833239 0.0627595 0.6665515 -0.2428930 -0.1836455 0.7635123 -0.6191311 0.1786313 0.9181545 -0.3536711 -0.0976538 0.7820189 -0.6155568 0.0881208 0.9359070 -0.3410467
-0.1216798 0.4230313 -0.3560786 0.1676576 0.6573689 -0.2263757 -0.0830955 0.4807448 -0.3963560 0.1084428 0.6970079 -0.2275291 -0.2149158 0.7471749 -0.6289204 0.2344257 0.9191598 -0.3165277 -0.1321947 0.7648053 -0.6305532 0.1463109 0.9404017 -0.3069818
-0.1428905 0.4181224 -0.3652162 0.1890394 0.6695037 -0.2192739 -0.1077599 0.4793256 -0.4179010 0.2024567 0.6934280 -0.2193417 -0.2492596 0.7293767 -0.6370865 0.2591643 0.9178588 -0.3006145 -0.1670733 0.7431570 -0.6479230 0.2681741 0.9185147 -0.2905400
-0.1749720 0.4115576 -0.3772146 0.2161508 0.6795339 -0.2027851 -0.1475004 0.4708611 -0.4317350 0.2116064 0.7442605 -0.2322609 -0.2990710 0.7034549 -0.6447540 0.2915612 0.9166090 -0.2735325 -0.2249721 0.7181720 -0.6584957 0.2619328 0.9212683 -0.2874996
-0.2343552 0.4242500 -0.3920340 0.2058815 0.7356091 -0.2145915 -0.2178567 0.4861700 -0.4518599 0.1695709 0.7963875 -0.2738895 -0.3759435 0.6805654 -0.6288857 0.2594775 0.9271060 -0.2704549 -0.3118609 0.6959502 -0.6468355 0.1973888 0.9270335 -0.3188206
-0.2696323 0.3636836 -0.3770653 0.2796880 0.7113057 -0.1535663 -0.2607910 0.4066817 -0.4300998 0.2662136 0.7643659 -0.1953125 -0.4576317 0.6172597 -0.6399716 0.3587620 0.9124076 -0.1969829 -0.4031839 0.6287313 -0.6649358 0.3197263 0.9180144 -0.2345731
-0.2874024 0.4138645 -0.4127388 0.2818898 0.7630825 -0.1814181 -0.2969611 0.4682890 -0.4577466 0.2628633 0.8345072 -0.2380951 -0.4412513 0.6354096 -0.6336813 0.3382130 0.9155508 -0.2176664 -0.4129991 0.6512736 -0.6366117 0.2898973 0.9203316 -0.2625818
-0.3262973 0.3994789 -0.4212911 0.3458575 0.7255390 -0.1134875 -0.3275226 0.4257511 -0.4468465 0.4050857 0.7453634 -0.0791641 -0.4899450 0.5998293 -0.6325810 0.4260752 0.8938194 -0.1398096 -0.4687479 0.6093318 -0.6395234 0.4754448 0.8748252 -0.0929140
-0.3326645 0.3335267 -0.3981766 0.3557154 0.7303891 -0.1049769 -0.3553573 0.3961939 -0.4554217 0.4147881 0.7502136 -0.0703866 -0.5393336 0.5407314 -0.6455454 0.4342446 0.8916326 -0.1281520 -0.5073132 0.5656120 -0.6501664 0.4822388 0.8722094 -0.0818325
-0.3368128 0.3139162 -0.3854656 0.4016092 0.7517172 -0.0813138 -0.3551736 0.3825231 -0.4581811 0.4606748 0.7715416 -0.0467135 -0.5609108 0.5227800 -0.6419347 0.4690913 0.8780277 -0.0949769 -0.5113710 0.5507482 -0.6596789 0.5119621 0.8574379 -0.0519142
-0.3568005 0.2938382 -0.3938665 0.4283565 0.7104100 -0.0320978 -0.3720516 0.3461158 -0.4561746 0.4874714 0.7302344 0.0024184 -0.5875472 0.4838665 -0.6485842 0.5159792 0.8557281 -0.0386635 -0.5448337 0.5068533 -0.6680239 0.5552093 0.8317061 0.0027545
-0.3761631 0.2557536 -0.3921251 0.4631880 0.7527344 -0.0408614 -0.3861458 0.3268023 -0.4601764 0.5224092 0.7725588 -0.0065281 -0.6263554 0.4258595 -0.6529339 0.5235110 0.8507663 -0.0461830 -0.5646525 0.4778758 -0.6729058 0.5601455 0.8283647 -0.0069996
-0.3882609 0.2463925 -0.3907064 0.4832879 0.7619097 -0.0308828 -0.4067348 0.2841271 -0.4424734 0.5150892 0.8439054 -0.0615642 -0.6434414 0.4083314 -0.6474941 0.5353278 0.8439514 -0.0342083 -0.6118256 0.4273945 -0.6655849 0.5199783 0.8519155 -0.0621485
-0.4045725 0.2208129 -0.3799336 0.5066293 0.6895281 -0.0250344 -0.4224474 0.2717688 -0.4344031 0.5172630 0.7645505 -0.0475113 -0.6773170 0.3696749 -0.6360677 0.5918514 0.8055163 -0.0292455 -0.6361221 0.4092300 -0.6541250 0.5596184 0.8271548 -0.0514017
-0.4260190 0.2185527 -0.4102377 0.5394880 0.6803565 -0.0114643 -0.4383163 0.2225524 -0.4192907 0.5667248 0.7682887 -0.0388822 -0.6756655 0.3466243 -0.6506364 0.6212662 0.7834883 -0.0132021 -0.6783949 0.3444508 -0.6489484 0.5931264 0.8040803 -0.0406936
-0.4286121 0.1521427 -0.3153186 0.5584353 0.6872036 -0.0105870 -0.4591351 0.2006106 -0.4016691 0.6000644 0.7704840 -0.0356559 -0.7744690 0.2749101 -0.5697563 0.6306036 0.7760130 -0.0119552 -0.7149697 0.3123928 -0.6254831 0.6140412 0.7884302 -0.0364864
-0.4545335 0.1224649 -0.3042678 0.5636162 0.6311910 0.0225944 -0.4781773 0.1658490 -0.3885039 0.5889244 0.6920765 -0.0044539 -0.8109210 0.2184863 -0.5428360 0.6658132 0.7456409 0.0266913 -0.7494476 0.2599352 -0.6089023 0.6480618 0.7615720 -0.0049012
-0.4494722 0.0948141 -0.2373928 0.6106803 0.6826629 0.0019012 -0.4968452 0.1163490 -0.3608585 0.6825987 0.7404979 -0.0070290 -0.8692531 0.1833649 -0.4591039 0.6667186 0.7453066 0.0020757 -0.7949665 0.1861617 -0.5773838 0.6777606 0.7352495 -0.0069792
-0.4540045 0.0699743 -0.2230871 0.6398435 0.6414494 0.0207329 -0.5087488 0.0840312 -0.3432866 0.7214799 0.6862430 0.0184423 -0.8890361 0.1370244 -0.4368513 0.7060351 0.7078072 0.0228777 -0.8212762 0.1356521 -0.5541696 0.7244553 0.6890730 0.0185184
-0.4533270 0.0346708 -0.1910934 0.5941523 0.5105575 0.0697613 -0.5319131 0.0325068 -0.3175513 0.6580363 0.5808751 0.0532870 -0.9191963 0.0703008 -0.3874739 0.7554565 0.6491669 0.0887005 -0.8574482 0.0524012 -0.5118953 0.7483161 0.6605687 0.0605978
-0.4502973 0.0205880 -0.1778804 0.5925934 0.4984783 0.0723532 -0.5342486 0.0024033 -0.3138549 0.6625688 0.5627256 0.0558343 -0.9292227 0.0424849 -0.3670698 0.7619409 0.6409302 0.0930299 -0.8622161 0.0038787 -0.5065258 0.7606318 0.6460114 0.0640980
-0.4467349 -0.0068178 -0.1565557 0.5898926 0.4739631 0.0742571 -0.5217662 -0.0398274 -0.2763468 0.6554600 0.5428610 0.0584113 -0.9436297 -0.0144011 -0.3306897 0.7758197 0.6233506 0.0976620 -0.8817018 -0.0673020 -0.4669822 0.7683494 0.6363575 0.0684714
-0.4575180 -0.0395849 -0.1707141 0.5871785 0.4717628 0.0770458 -0.5264997 -0.0662683 -0.2783380 0.6531957 0.5403710 0.0618204 -0.9338405 -0.0807968 -0.3484448 0.7755124 0.6230778 0.1017577 -0.8786407 -0.1105907 -0.4645000 0.7684723 0.6357362 0.0727306
-0.4553638 -0.0498052 -0.1603994 0.5846781 0.4742475 0.0793385 -0.4939590 -0.0857106 -0.2167447 0.6509158 0.5427233 0.0644788 -0.9382172 -0.1026171 -0.3304819 0.7723589 0.6264802 0.1048060 -0.9043773 -0.1569254 -0.3968325 0.7658376 0.6385433 0.0758628
-0.4536164 -0.0792280 -0.1628274 0.5833047 0.4732335 0.0814631 -0.5095992 -0.1418810 -0.2364364 0.6497042 0.5416264 0.0669474 -0.9287355 -0.1622117 -0.3333733 0.7720437 0.6263569 0.1078220 -0.8795038 -0.2448687 -0.4080593 0.7657068 0.6383320 0.0789006
-0.4479120 -0.1085580 -0.1577247 0.5924577 0.3399949 0.1213746 -0.4892198 -0.1617227 -0.2150860 0.6727471 0.3907456 0.1047820 -0.9195082 -0.2228563 -0.3237895 0.8539528 0.4900596 0.1749462 -0.8761919 -0.2896451 -0.3852187 0.8569853 0.4977550 0.1334775
-0.4326163 -0.1492941 -0.1478014 0.5870684 0.3327141 0.1220026 -0.4857701 -0.2189618 -0.1954339 0.6457783 0.3529429 0.0870285 -0.8995466 -0.3104298 -0.3073259 0.8561155 0.4851933 0.1779150 -0.8559094 -0.3858028 -0.3443475 0.8714233 0.4762666 0.1174376
-0.4099939 -0.1578434 -0.1245350 0.5779781 0.3179074 0.1127571 -0.4547324 -0.2293830 -0.1712027 0.6372900 0.3553586 0.1001584 -0.8978527 -0.3456640 -0.2727213 0.8636762 0.4750509 0.1684936 -0.8463035 -0.4269052 -0.3186258 0.8652812 0.4824885 0.1359902
-0.3910186 -0.1720720 -0.1130694 0.5655703 0.3052851 0.1157448 -0.4258463 -0.2555586 -0.1464500 0.6261597 0.3411908 0.1048379 -0.8848273 -0.3893780 -0.2558623 0.8660532 0.4674806 0.1772390 -0.8224361 -0.4935598 -0.2828385 0.8687633 0.4733841 0.1454571
-0.3708622 -0.2020065 -0.1021734 0.5709331 0.3104868 0.1221749 -0.4064719 -0.2857473 -0.1340589 0.6406423 0.3240626 0.1162134 -0.8535501 -0.4649239 -0.2351551 0.8633736 0.4695228 0.1847548 -0.7898353 -0.5552494 -0.2604964 0.8808673 0.4455780 0.1597906
-0.3539216 -0.2063493 -0.0909603 0.5710470 0.3100914 0.1245126 -0.3809236 -0.2954049 -0.1162053 0.6407737 0.3236673 0.1187575 -0.8433537 -0.4917061 -0.2167477 0.8630907 0.4686777 0.1881906 -0.7682183 -0.5957506 -0.2343542 0.8806234 0.4448201 0.1632099
-0.3224305 -0.2085130 -0.0684453 0.5451940 0.2873950 0.1204334 -0.3482107 -0.2981343 -0.0929531 0.6163564 0.2912676 0.1200379 -0.8266801 -0.5346067 -0.1754871 0.8681955 0.4576629 0.1917844 -0.7444632 -0.6374014 -0.1987307 0.8904308 0.4207852 0.1734151
-0.3105053 -0.2800851 -0.0685973 0.5518196 0.2926615 0.1213456 -0.3390852 -0.3425376 -0.0876249 0.7551065 0.1487558 0.1828023 -0.7327504 -0.6609627 -0.1618803 0.8672289 0.4599411 0.1907044 -0.6921708 -0.6992181 -0.1788676 0.9545847 0.1880529 0.2310935
-0.2928735 -0.2925043 -0.0603422 0.6493387 0.1395857 0.1585774 -0.3028839 -0.3627472 -0.0670467 0.7188781 0.1252014 0.1646295 -0.7001519 -0.6992693 -0.1442559 0.9509370 0.2044191 0.2322318 -0.6345718 -0.7599914 -0.1404695 0.9610155 0.1673726 0.2200811
-0.2661082 -0.3042509 -0.0502136 0.5406986 0.2839024 0.1219780 -0.2885933 -0.3706839 -0.0628760 0.6115566 0.2797983 0.1155357 -0.6533266 -0.7469714 -0.1232802 0.8682248 0.4558753 0.1958657 -0.6088872 -0.7820857 -0.1326587 0.8962164 0.4100354 0.1693138
-0.2477516 -0.3090445 -0.0490556 0.5395608 0.2829968 0.1225415 -0.2618425 -0.3788893 -0.0506113 0.6106153 0.2817227 0.1171627 -0.6207465 -0.7743171 -0.1229098 0.8681958 0.4553641 0.1971790 -0.5651247 -0.8177422 -0.1092324 0.8945404 0.4127187 0.1716412
-0.2348694 -0.3132810 -0.0471467 0.5383829 0.2821754 0.1233689 -0.2437004 -0.3839376 -0.0441558 0.6094728 0.2822830 0.1183281 -0.5955489 -0.7943739 -0.1195480 0.8680220 0.4549447 0.1989047 -0.5333907 -0.8403298 -0.0966445 0.8936375 0.4138966 0.1734982
-0.2306276 -0.3174976 -0.0472852 0.5265343 0.2709785 0.1128122 -0.2327199 -0.3886888 -0.0446900 0.5970203 0.2771748 0.1042871 -0.5834847 -0.8032646 -0.1196309 0.8734491 0.4495166 0.1871401 -0.5112134 -0.8538287 -0.0981701 0.8958425 0.4159071 0.1564851
-0.2279072 -0.3239350 -0.0493223 0.5258378 0.2708138 0.1148530 -0.2297122 -0.3951085 -0.0460994 0.5963554 0.2770102 0.1065939 -0.5710036 -0.8115938 -0.1235733 0.8727232 0.4494647 0.1906193 -0.5000796 -0.8601446 -0.1003576 0.8952462 0.4158466 0.1600183
-0.2227382 -0.3204438 -0.0531771 0.5310168 0.2740511 0.1115818 -0.2261823 -0.3916176 -0.0518554 0.6015346 0.2802475 0.1033240 -0.5655289 -0.8136018 -0.1350158 0.8735373 0.4508216 0.1835552 -0.4968798 -0.8603101 -0.1139164 0.8956622 0.4172779 0.1538455
-0.2283586 -0.3163362 -0.0574689 0.5298062 0.2750072 0.1121766 -0.2490161 -0.3842017 -0.0643149 0.6003350 0.2812036 0.1040123 -0.5790629 -0.8021531 -0.1457275 0.8722852 0.4527782 0.1846901 -0.5386019 -0.8309976 -0.1391080 0.8946323 0.4190557 0.1550013
-0.2438075 -0.3064498 -0.0631372 0.5282019 0.2754521 0.1129260 -0.2714269 -0.3705835 -0.0774008 0.5987373 0.2816485 0.1048199 -0.6146497 -0.7725737 -0.1591717 0.8711609 0.4543019 0.1862484 -0.5826765 -0.7955374 -0.1661574 0.8937379 0.4204180 0.1564652
-0.2698105 -0.2963642 -0.0743307 0.5144887 0.2667174 0.1123589 -0.2962217 -0.3602591 -0.0916293 0.6095397 0.2581730 0.1261355 -0.6619158 -0.7270591 -0.1823528 0.8715625 0.4518290 0.1903400 -0.6232038 -0.7579283 -0.1927735 0.9045347 0.3831194 0.1871805
-0.3015820 -0.2821062 -0.0961852 0.5210622 0.2710521 0.1139762 -0.3226859 -0.3488762 -0.1094427 0.7379454 0.0401997 0.1784542 -0.7112562 -0.6653241 -0.2268447 0.8709012 0.4530354 0.1904993 -0.6616939 -0.7153993 -0.2244212 0.9706235 0.0528749 0.2347217
