0.0049553 0.0495565 -0.2084571 0.1942670 0.3784171 -0.2269653 0.0697862 0.0545709 -0.2300599 0.1154476 0.4208497 -0.2752467 0.0231205 0.2312224 -0.9726262 0.4029323 0.7848808 -0.4707522 0.2830772 0.2213585 -0.9332029 0.2237579 0.8156808 -0.5334765
0.0050683 0.0501493 -0.2091119 0.1602997 0.3674129 -0.2426035 0.0698920 0.0550507 -0.2307614 0.1163710 0.3803315 -0.2576213 0.0235625 0.2331431 -0.9721569 0.3421144 0.7841388 -0.5177684 0.2825993 0.2225906 -0.9330547 0.2455703 0.8025890 -0.5436415
0.0059119 0.0509728 -0.2094576 0.1524882 0.3490633 -0.2407154 0.0707135 0.0560380 -0.2311353 0.1056311 0.3630662 -0.2534765 0.0274142 0.2363663 -0.9712772 0.3384103 0.7746607 -0.5342090 0.2849958 0.2258492 -0.9315415 0.2320441 0.7975619 -0.5568218
0.0059431 0.0513681 -0.2098709 0.0983003 0.3265242 -0.2400737 0.0707255 0.0564771 -0.2315937 0.0764162 0.3338113 -0.2471305 0.0274956 0.2376529 -0.9709609 0.2357136 0.7829700 -0.5756709 0.2844368 0.2271338 -0.9314000 0.1809495 0.7904477 -0.5851921
0.0058278 0.0512576 -0.2102457 0.0917959 0.3092571 -0.2307859 0.0706504 0.0564165 -0.2318355 0.0443315 0.3179722 -0.2492011 0.0269205 0.2367751 -0.9711915 0.2314299 0.7796790 -0.5818426 0.2839173 0.2267168 -0.9316601 0.1090795 0.7823839 -0.6131697
0.0059849 0.0513320 -0.2104749 0.1688588 0.3040097 -0.2279971 0.0708339 0.0565511 -0.2319702 0.1002312 0.2871695 -0.2337117 0.0276148 0.2368513 -0.9711534 0.4060727 0.7310844 -0.5482887 0.2844169 0.2270677 -0.9314222 0.2613045 0.7486557 -0.6092903
0.0060918 0.0535369 -0.2106245 0.0895091 0.2849152 -0.2243195 0.0709012 0.0595188 -0.2320384 0.0395776 0.2728373 -0.2305705 0.0280201 0.2462515 -0.9688009 0.2396447 0.7628101 -0.6005757 0.2838062 0.2382444 -0.9288130 0.1101208 0.7591437 -0.6415405
0.0051898 0.0537628 -0.2139423 0.1235038 0.2878285 -0.2122277 0.0696545 0.0598141 -0.2363528 0.0407450 0.2711698 -0.2278585 0.0235201 0.2436508 -0.9695778 0.3264384 0.7607724 -0.5609485 0.2747074 0.2358982 -0.9321416 0.1142825 0.7605834 -0.6391028
0.0045221 0.0501863 -0.2182123 0.0888914 0.2674945 -0.2212661 0.0686323 0.0549513 -0.2419134 0.0353237 0.2631113 -0.2267751 0.0201921 0.2240912 -0.9743590 0.2480585 0.7464646 -0.6174605 0.2666421 0.2134902 -0.9398531 0.1011721 0.7535874 -0.6495154
0.0045377 0.0489576 -0.2194838 0.0516880 0.2586715 -0.2194188 0.0685628 0.0532460 -0.2435041 0.0342887 0.2605208 -0.2271243 0.0201745 0.2176634 -0.9758154 0.1506439 0.7538938 -0.6394925 0.2652175 0.2059684 -0.9419324 0.0987232 0.7500854 -0.6539309
0.0049014 0.0512693 -0.2195202 0.0907871 0.2683339 -0.2217454 0.0688840 0.0562958 -0.2435092 0.0302630 0.2578482 -0.2292345 0.0217374 0.2273775 -0.9735641 0.2523653 0.7459005 -0.6163962 0.2657042 0.2171481 -0.9392806 0.0873799 0.7444988 -0.6618808
0.0053188 0.0499645 -0.2199423 0.0841290 0.2667916 -0.2273143 0.0693142 0.0545096 -0.2439925 0.0267848 0.2563814 -0.2322101 0.0235751 0.2214651 -0.9748833 0.2333973 0.7401539 -0.6306330 0.2671704 0.2101065 -0.9404654 0.0772019 0.7389699 -0.6693007
0.0055489 0.0493915 -0.2198651 0.0814249 0.2670983 -0.2296759 0.0695520 0.0537725 -0.2439248 0.0272726 0.2574685 -0.2332037 0.0246168 0.2191156 -0.9753883 0.2252070 0.7387473 -0.6352434 0.2682464 0.2073883 -0.9407624 0.0782682 0.7388954 -0.6692590
0.0082278 0.0528639 -0.2133863 0.0516215 0.2725738 -0.2400018 0.0729684 0.0584214 -0.2351159 0.0262640 0.2602554 -0.2380126 0.0374008 0.2403003 -0.9699778 0.1407244 0.7430580 -0.6542641 0.2883949 0.2309003 -0.9292542 0.0742643 0.7358995 -0.6730057
0.0076932 0.0526742 -0.2127656 0.0783010 0.2676191 -0.2237731 0.0725099 0.0583116 -0.2342454 0.0239485 0.2663317 -0.2493354 0.0350769 0.2401663 -0.9700978 0.2190072 0.7485288 -0.6258918 0.2876815 0.2313500 -0.9293635 0.0655020 0.7284488 -0.6819618
0.0069614 0.0525460 -0.2124548 0.0521911 0.2730825 -0.2417298 0.0717619 0.0582752 -0.2339574 -0.0062010 0.2662523 -0.2816256 0.0317920 0.2399721 -0.9702591 0.1416631 0.7412316 -0.6561305 0.2852690 0.2316564 -0.9300306 -0.0159980 0.6869073 -0.7265690
0.0072226 0.0535410 -0.2112766 0.1407689 0.3077910 -0.2495176 0.0720912 0.0597548 -0.2324353 0.0263273 0.2809933 -0.2648193 0.0331198 0.2455167 -0.9688264 0.3347750 0.7319851 -0.5933999 0.2876889 0.2384591 -0.9275626 0.0680268 0.7260551 -0.6842634
0.0072791 0.0536084 -0.2110281 0.1428069 0.3042053 -0.2514855 0.0721450 0.0599345 -0.2321624 0.0387471 0.3107891 -0.2649805 0.0334128 0.2460766 -0.9686743 0.3402289 0.7247512 -0.5991493 0.2881277 0.2393622 -0.9271937 0.0944473 0.7575585 -0.6458984
0.0073246 0.0537709 -0.2105185 0.0800598 0.3234015 -0.2637297 0.0722278 0.0601881 -0.2315099 0.0495110 0.3193564 -0.2674504 0.0336919 0.2473357 -0.9683439 0.1884143 0.7610996 -0.6206669 0.2890586 0.2408752 -0.9265119 0.1180274 0.7613017 -0.6375650
0.0074258 0.0533811 -0.2101283 0.1356024 0.3316230 -0.2569757 0.0723866 0.0596321 -0.2309897 0.0697921 0.3412383 -0.2703383 0.0342312 0.2460753 -0.9686460 0.3075538 0.7521395 -0.5828352 0.2903557 0.2391951 -0.9265416 0.1582927 0.7739495 -0.6131440
0.0075826 0.0530126 -0.2101592 0.1336651 0.3382259 -0.2593744 0.0725561 0.0591000 -0.2310273 0.0859033 0.3535423 -0.2726628 0.0349632 0.2444386 -0.9690342 0.2992298 0.7571708 -0.5806496 0.2910853 0.2371013 -0.9268507 0.1889392 0.7775956 -0.5997058
0.0069448 0.0531816 -0.2097803 0.1384076 0.3560483 -0.2592708 0.0719224 0.0593167 -0.2306224 0.0912986 0.3844103 -0.2805734 0.0320735 0.2456110 -0.9688377 0.2997913 0.7712015 -0.5615812 0.2891319 0.2384563 -0.9271145 0.1884035 0.7932680 -0.5789905
0.0063915 0.0531561 -0.2096023 0.1462180 0.3754817 -0.2612964 0.0713665 0.0591891 -0.2304803 0.1026037 0.4136312 -0.2834256 0.0295450 0.2457153 -0.9688917 0.3044610 0.7818430 -0.5440818 0.2872697 0.2382522 -0.9277456 0.2004727 0.8081751 -0.5537722
0.0060101 0.0531621 -0.2094152 0.1607269 0.3934088 -0.2624670 0.0709725 0.0591621 -0.2303422 0.1189994 0.4290839 -0.2889857 0.0278062 0.2459600 -0.9688811 0.3217805 0.7876174 -0.5254676 0.2859687 0.2383810 -0.9281144 0.2241736 0.8083176 -0.5443976
0.0051882 0.0507208 -0.2123069 0.1776528 0.4159904 -0.2648517 0.0698517 0.0558937 -0.2343497 0.1473299 0.4580531 -0.2909287 0.0237619 0.2322985 -0.9723542 0.3389216 0.7936163 -0.5052775 0.2784656 0.2228218 -0.9342416 0.2620225 0.8146360 -0.5174094
0.0060797 0.0582930 -0.2042999 0.1887025 0.4339491 -0.2678353 0.0712308 0.0661955 -0.2239682 0.1635099 0.4722317 -0.2896416 0.0286048 0.2742676 -0.9612279 0.3470437 0.7980779 -0.4925771 0.2917300 0.2711077 -0.9172754 0.2830812 0.8175649 -0.5014505
0.0052882 0.0562021 -0.2052921 0.2141191 0.4373911 -0.2569801 0.0704096 0.0633333 -0.2253507 0.1876169 0.4872298 -0.2872327 0.0248377 0.2639687 -0.9642114 0.3888599 0.7943423 -0.4666994 0.2880431 0.2590941 -0.9219010 0.3148467 0.8176382 -0.4820158
0.0045570 0.0547592 -0.2067714 0.2286676 0.4551358 -0.2581153 0.0695292 0.0614053 -0.2274697 0.2145526 0.5035807 -0.2812450 0.0212995 0.2559463 -0.9664563 0.4004564 0.7970610 -0.4520270 0.2830335 0.2499635 -0.9259645 0.3486356 0.8182896 -0.4570069
0.0038633 0.0539862 -0.2072609 0.2460179 0.4700004 -0.2563213 0.0687082 0.0604239 -0.2284169 0.2432240 0.5291659 -0.2850427 0.0180348 0.2520231 -0.9675532 0.4175643 0.7977279 -0.4350521 0.2792320 0.2455645 -0.9282928 0.3751136 0.8161090 -0.4396087
0.0034780 0.0535612 -0.2072464 0.2583379 0.4752434 -0.2542332 0.0683007 0.0599023 -0.2284986 0.2559485 0.5329062 -0.2799713 0.0162460 0.2501877 -0.9680610 0.4322297 0.7951381 -0.4253620 0.2777624 0.2436082 -0.9292487 0.3912824 0.8146826 -0.4280073
0.0000491 0.0482407 -0.2162905 0.2678875 0.4778003 -0.2515441 0.0638617 0.0527625 -0.2408130 0.2702937 0.5370485 -0.2749934 0.0002215 0.2176879 -0.9760184 0.4444276 0.7926748 -0.4173138 0.2507697 0.2071858 -0.9456154 0.4088321 0.8123113 -0.4159406
-0.0002437 0.0498059 -0.2145832 0.2823029 0.4798697 -0.2483167 0.0636413 0.0549706 -0.2387881 0.2904966 0.5423366 -0.2699676 -0.0011062 0.2260948 -0.9741047 0.4630836 0.7871678 -0.4073333 0.2513843 0.2171348 -0.9432171 0.4323749 0.8072132 -0.4018195
-0.0013080 0.0487922 -0.2159169 0.2924559 0.4835092 -0.2454563 0.0623953 0.0535735 -0.2406721 0.3024255 0.5451128 -0.2672188 -0.0059090 0.2204150 -0.9753883 0.4747007 0.7848096 -0.3984133 0.2453270 0.2106413 -0.9462795 0.4458948 0.8037119 -0.3939862
-0.0015220 0.0492807 -0.2114379 0.3045490 0.4724568 -0.2359888 0.0625231 0.0543454 -0.2352361 0.3075545 0.5443486 -0.2661018 -0.0070103 0.2269846 -0.9738731 0.4995587 0.7749816 -0.3870978 0.2506975 0.2179077 -0.9432216 0.4526212 0.8011060 -0.3916162
-0.0017583 0.0494018 -0.2086825 0.3062763 0.4831613 -0.2440005 0.0624828 0.0545274 -0.2319310 0.3159985 0.5444555 -0.2637569 -0.0081986 0.2303570 -0.9730716 0.4924678 0.7768848 -0.3923333 0.2536740 0.2213759 -0.9416168 0.4629774 0.7976957 -0.3864370
-0.0000421 0.0542559 -0.2021654 0.3089055 0.4835698 -0.2443392 0.0647424 0.0610650 -0.2233867 0.3199903 0.5422995 -0.2627241 -0.0002011 0.2592016 -0.9658232 0.4953030 0.7753619 -0.3917766 0.2692413 0.2539483 -0.9289884 0.4690012 0.7948338 -0.3850676
0.0002999 0.0529536 -0.2029397 0.3107034 0.4848031 -0.2462555 0.0650765 0.0592822 -0.2243330 0.3211485 0.5349631 -0.2610953 0.0014301 0.2524789 -0.9676014 0.4961184 0.7741136 -0.3932106 0.2700419 0.2459978 -0.9308934 0.4748035 0.7909185 -0.3860176
0.0002597 0.0522932 -0.2032941 0.3121470 0.4839365 -0.2466254 0.0650056 0.0584015 -0.2248422 0.3218092 0.5296590 -0.2604168 0.0012373 0.2491194 -0.9684720 0.4982699 0.7724916 -0.3936799 0.2694791 0.2421019 -0.9320771 0.4787064 0.7878928 -0.3873823
0.0010966 0.0511195 -0.2036229 0.3124034 0.4825942 -0.2466687 0.0657969 0.0569843 -0.2253741 0.3216449 0.5229904 -0.2593016 0.0052235 0.2434906 -0.9698892 0.4993895 0.7714465 -0.3943099 0.2723395 0.2358635 -0.9328449 0.4825938 0.7846910 -0.3890543
0.0010029 0.0505772 -0.2038221 0.3116476 0.4793619 -0.2461028 0.0656781 0.0563304 -0.2256759 0.3207798 0.5201246 -0.2596715 0.0047754 0.2408369 -0.9705538 0.5006566 0.7700867 -0.3953599 0.2717399 0.2330643 -0.9337229 0.4831226 0.7833534 -0.3910882
0.0015688 0.0506018 -0.2038600 0.3083697 0.4733782 -0.2467550 0.0662176 0.0564165 -0.2257752 0.3163800 0.5156782 -0.2616342 0.0074685 0.2409011 -0.9705209 0.5001978 0.7678533 -0.4002542 0.2736776 0.2331697 -0.9331305 0.4799851 0.7823435 -0.3969293
0.0017608 0.0509302 -0.2039928 0.3023342 0.4705774 -0.2486628 0.0664198 0.0567323 -0.2258802 0.3099472 0.5140896 -0.2652967 0.0083745 0.2422227 -0.9701845 0.4939190 0.7687754 -0.4062367 0.2742558 0.2342550 -0.9326888 0.4722601 0.7833076 -0.4042271
0.0015382 0.0508667 -0.2039515 0.2902682 0.4513438 -0.2455441 0.0661667 0.0566442 -0.2259347 0.2903071 0.5094982 -0.2736810 0.0073175 0.2419866 -0.9702520 0.4918679 0.7648151 -0.4160815 0.2732551 0.2339290 -0.9330642 0.4486121 0.7873285 -0.4229197
0.0014467 0.0509326 -0.2040976 0.2657126 0.4581744 -0.2583604 0.0660671 0.0567182 -0.2261027 0.2583725 0.4943022 -0.2709331 0.0068772 0.2421192 -0.9702221 0.4508936 0.7774864 -0.4384175 0.2726785 0.2340926 -0.9331919 0.4166779 0.7971624 -0.4369344
0.0017115 0.0514018 -0.2043612 0.2431917 0.4515920 -0.2610210 0.0663339 0.0571631 -0.2263649 0.2322786 0.4857969 -0.2743963 0.0081217 0.2439187 -0.9697617 0.4225687 0.7846841 -0.4535489 0.2733036 0.2355187 -0.9326500 0.3843411 0.8038267 -0.4540315
0.0020682 0.0518466 -0.2048593 0.2011863 0.4317920 -0.2686866 0.0666434 0.0577165 -0.2269734 0.1944415 0.4653033 -0.2764761 0.0097867 0.2453367 -0.9693885 0.3678586 0.7895091 -0.4912794 0.2736960 0.2370343 -0.9321509 0.3380934 0.8090657 -0.4807344
0.0027280 0.0519995 -0.2053408 0.1820262 0.4119737 -0.2637985 0.0672638 0.0579197 -0.2275558 0.1575854 0.4419026 -0.2786761 0.0128777 0.2454658 -0.9693197 0.3487339 0.7892773 -0.5053969 0.2753829 0.2371275 -0.9316302 0.2887848 0.8098136 -0.5106910
0.0008511 0.0494417 -0.2123904 0.1560317 0.3822159 -0.2548638 0.0646522 0.0544017 -0.2368471 0.1232623 0.4182883 -0.2761152 0.0039026 0.2267231 -0.9739514 0.3216018 0.7877970 -0.5253076 0.2570996 0.2163367 -0.9418589 0.2388167 0.8104197 -0.5349640
0.0019449 0.0505988 -0.2110023 0.1832650 0.3413473 -0.2131218 0.0659856 0.0556678 -0.2348015 0.1045122 0.3761035 -0.2666139 0.0089629 0.2331817 -0.9723919 0.4144560 0.7719611 -0.4819776 0.2637635 0.2225204 -0.9385699 0.2210891 0.7956239 -0.5640054
0.0047864 0.0592937 -0.2023235 0.0963123 0.3364164 -0.2513104 0.0696319 0.0670456 -0.2230193 0.0907869 0.3474937 -0.2525976 0.0226963 0.2811629 -0.9593916 0.2235538 0.7808681 -0.5833256 0.2864725 0.2758324 -0.9175239 0.2067617 0.7913959 -0.5752758
0.0061974 0.0580194 -0.2031321 0.0933372 0.3248899 -0.2438089 0.0711368 0.0652219 -0.2237299 0.0924808 0.3216217 -0.2391442 0.0293234 0.2745227 -0.9611334 0.2239468 0.7795181 -0.5849780 0.2919530 0.2676777 -0.9182114 0.2248396 0.7819281 -0.5814083
0.0072318 0.0578837 -0.2031310 0.1270288 0.2830034 -0.2245189 0.0722906 0.0650495 -0.2233605 0.0895211 0.2855175 -0.2265647 0.0342184 0.2738877 -0.9611527 0.3317277 0.7390459 -0.5863173 0.2967437 0.2670199 -0.9168662 0.2385188 0.7607288 -0.6036559
0.0081197 0.0569024 -0.2038299 0.0789000 0.2694067 -0.2126606 0.0732530 0.0637394 -0.2239318 0.0395319 0.2716645 -0.2291206 0.0383403 0.2686874 -0.9624641 0.2240342 0.7649720 -0.6038431 0.3001210 0.2611434 -0.9174593 0.1105551 0.7597391 -0.6407606
0.0088232 0.0572601 -0.2047315 0.0760324 0.2646650 -0.2094969 0.0739509 0.0641315 -0.2248404 0.0376711 0.2661584 -0.2245268 0.0414682 0.2691160 -0.9622146 0.2197454 0.7649231 -0.6054788 0.3015647 0.2615221 -0.9168778 0.1075564 0.7599203 -0.6410560
0.0063399 0.0488245 -0.2132198 0.0439889 0.2445299 -0.2053866 0.0707304 0.0525745 -0.2363051 0.0227034 0.2471827 -0.2133833 0.0289716 0.2231158 -0.9743613 0.1364604 0.7585704 -0.6371417 0.2804487 0.2084600 -0.9369594 0.0693587 0.7551404 -0.6518837
0.0074342 0.0431688 -0.2154894 0.1027086 0.2448365 -0.2022878 0.0718110 0.0441066 -0.2388944 -0.0142019 0.2185393 -0.2001954 0.0338079 0.1963141 -0.9799581 0.3077062 0.7335094 -0.6060370 0.2834755 0.1741118 -0.9430412 -0.0478638 0.7365313 -0.6747079
0.0085602 0.0671677 -0.2107039 0.0784256 0.2440899 -0.1866692 0.0730840 0.0758279 -0.2320288 -0.0101085 0.2179288 -0.1996407 0.0386785 0.3034918 -0.9520487 0.2472926 0.7696672 -0.5886075 0.2868170 0.2975852 -0.9105927 -0.0341823 0.7369379 -0.6750956
0.0097612 0.0653082 -0.2124185 0.0758038 0.2633365 -0.1365842 0.0743296 0.0726814 -0.2340893 -0.0089907 0.2157128 -0.1977983 0.0438814 0.2935917 -0.9549232 0.2475774 0.8600645 -0.4460880 0.2901966 0.2837618 -0.9139284 -0.0307050 0.7367018 -0.6755203
-0.0035313 0.1266431 -0.2033847 0.0776136 0.2586647 -0.1386029 0.0565341 0.1539893 -0.2217525 -0.0082538 0.2147714 -0.1966839 -0.0147371 0.5285231 -0.8487910 0.2556872 0.8521345 -0.4566079 0.2049588 0.5582732 -0.8039421 -0.0283302 0.7371828 -0.6750992
