-0.0067686 0.0615478 -0.2529158 0.1774923 0.3831290 -0.2634979 0.0555869 0.0519608 -0.2824567 0.1631027 0.4599685 -0.2744780 -0.0259947 0.2363723 -0.9713148 0.3566126 0.7697724 -0.5294128 0.1900236 0.1776278 -0.9655772 0.2912958 0.8214880 -0.4902084
-0.0074683 0.0628236 -0.2536973 0.1727509 0.3826420 -0.2674730 0.0549134 0.0535272 -0.2832755 0.1542411 0.4545978 -0.2835277 -0.0285630 0.2402737 -0.9702849 0.3470323 0.7686743 -0.5373159 0.1871166 0.1823930 -0.9652565 0.2766517 0.8153812 -0.5085444
-0.0048532 0.0617906 -0.2548230 0.1652781 0.3769809 -0.2705403 0.0576635 0.0518031 -0.2838860 0.1415479 0.4499775 -0.2878866 -0.0185056 0.2356149 -0.9716703 0.3355436 0.7653374 -0.5492442 0.1959488 0.1760342 -0.9646844 0.2561373 0.8142549 -0.5209440
-0.0050104 0.0619970 -0.2553528 0.1473617 0.3529312 -0.2748850 0.0573608 0.0518111 -0.2846579 0.1239797 0.4389233 -0.2901024 -0.0190641 0.2358924 -0.9715922 0.3128723 0.7493288 -0.5836243 0.1944659 0.1756512 -0.9650542 0.2293625 0.8120081 -0.5366895
0.0259976 0.0612474 -0.2622591 0.1357802 0.3462645 -0.2796820 0.0918188 0.0549313 -0.2841767 0.0925204 0.4241892 -0.2970082 0.0960852 0.2263661 -0.9692915 0.2917762 0.7440831 -0.6010050 0.3023818 0.1809022 -0.9358631 0.1758834 0.8063933 -0.5646193
0.0253954 0.0609791 -0.2633778 0.1064220 0.3282071 -0.2832553 0.0910201 0.0547855 -0.2859106 0.0625597 0.4001043 -0.2983430 0.0935254 0.2245718 -0.9699590 0.2383969 0.7352196 -0.6345227 0.2984169 0.1796188 -0.9373817 0.1243739 0.7954412 -0.5931311
0.0263145 0.0566056 -0.2514356 0.0745402 0.3202678 -0.2894559 0.0931516 0.0501826 -0.2699883 0.0214777 0.3788286 -0.3080425 0.1015734 0.2184966 -0.9705370 0.1701527 0.7310747 -0.6607404 0.3212330 0.1730545 -0.9310540 0.0439454 0.7751195 -0.6302845
0.0247849 0.0535470 -0.2526129 0.0491314 0.3122162 -0.2965906 0.0915263 0.0470276 -0.2714747 -0.0103712 0.3573569 -0.3099453 0.0955426 0.2064164 -0.9737884 0.1133556 0.7203434 -0.6842922 0.3152574 0.1619840 -0.9350797 -0.0219191 0.7552606 -0.6550580
0.0201071 0.0516349 -0.2541582 0.0177174 0.2908782 -0.2997092 0.0863850 0.0450907 -0.2745809 -0.0423988 0.3308213 -0.3067511 0.0772967 0.1984976 -0.9770486 0.0423830 0.6958298 -0.7169550 0.2964898 0.1547598 -0.9424135 -0.0935665 0.7300628 -0.6769443
-0.0003801 0.0434590 -0.2599822 -0.0076826 0.2514554 -0.2913558 0.0631963 0.0354281 -0.2872999 -0.0936611 0.3051547 -0.2954902 -0.0014419 0.1648736 -0.9863137 -0.0199580 0.6532366 -0.7568908 0.2132893 0.1195708 -0.9696445 -0.2153235 0.7015398 -0.6793215
0.0128137 0.0433644 -0.2597393 0.0043305 0.2419347 -0.2920185 0.0776427 0.0351870 -0.2838852 -0.0945259 0.2846287 -0.3006117 0.0486018 0.1644797 -0.9851824 0.0114188 0.6379395 -0.7700018 0.2619460 0.1187116 -0.9577536 -0.2226044 0.6702881 -0.7079274
0.0044660 0.0458606 -0.2517523 0.0097995 0.2346682 -0.2908295 0.0720074 0.0349669 -0.2811901 -0.0824397 0.2780518 -0.3037894 0.0174496 0.1791890 -0.9836599 0.0262139 0.6277447 -0.7779778 0.2462951 0.1196013 -0.9617870 -0.1962867 0.6620335 -0.7233140
0.0928967 0.0374001 -0.2711384 -0.1229798 0.0502508 -0.2279223 0.1809576 0.0211412 -0.3005224 -0.2152734 0.0927563 -0.2431972 0.3213964 0.1293938 -0.9380627 -0.4661613 0.1904782 -0.8639512 0.5149110 0.0601568 -0.8551303 -0.6373297 0.2746106 -0.7199999
0.1022462 0.0498873 -0.2767561 -0.1170888 0.0549564 -0.2295104 0.1910489 0.0364871 -0.3053394 -0.2093076 0.0974619 -0.2452308 0.3417007 0.1667204 -0.9249027 -0.4444470 0.2086041 -0.8711781 0.5277209 0.1007857 -0.8434174 -0.6214256 0.2893604 -0.7280802
0.0207088 0.1339621 -0.2594470 -0.1137885 0.0748673 -0.2244639 0.0909380 0.1480280 -0.2909681 -0.2073351 0.1173727 -0.2238088 0.0707451 0.4576394 -0.8863190 -0.4333833 0.2851452 -0.8549100 0.2683430 0.4368063 -0.8585990 -0.6342731 0.3590629 -0.6846688
0.0219930 0.1237353 -0.2604641 -0.1195160 0.0593112 -0.2296780 0.0927855 0.1386995 -0.2899974 -0.2130561 0.1018166 -0.2309556 0.0760481 0.4278562 -0.9006419 -0.4499513 0.2232936 -0.8646871 0.2773175 0.4145455 -0.8667451 -0.6450326 0.3082522 -0.6992236
0.0229581 0.0985183 -0.2635817 -0.1218218 0.0335247 -0.2344716 0.0944031 0.1132807 -0.2921983 -0.2153480 0.0760301 -0.2365311 0.0813176 0.3489517 -0.9336060 -0.4573780 0.1258679 -0.8803196 0.2884311 0.3461082 -0.8927579 -0.6549730 0.2312427 -0.7194006
0.0381941 0.0932305 -0.2619902 -0.1223359 0.0287031 -0.2356855 0.1146060 0.1070721 -0.2892551 -0.2158492 0.0712084 -0.2382622 0.1360698 0.3321418 -0.9333632 -0.4580308 0.1074656 -0.8824165 0.3483040 0.3254073 -0.8790873 -0.6555034 0.2162498 -0.7235685
0.0287895 0.0402687 -0.2555099 -0.1207613 0.0276461 -0.2365791 0.1016722 0.0367257 -0.2800772 -0.2142464 0.0701514 -0.2400292 0.1106179 0.1547244 -0.9817454 -0.4521998 0.1035229 -0.8858884 0.3386644 0.1223312 -0.9329210 -0.6506168 0.2130336 -0.7289133
0.0180737 0.0263944 -0.2539345 -0.1221255 0.0234955 -0.2358077 0.0874597 0.0191522 -0.2778403 -0.2156076 0.0660007 -0.2393424 0.0706163 0.1031267 -0.9921584 -0.4580969 0.0881324 -0.8845224 0.2996121 0.0656100 -0.9518025 -0.6556860 0.2007153 -0.7278662
0.0842091 0.0417901 -0.2533800 -0.1216608 0.0216466 -0.2357643 0.1754627 0.0401067 -0.2768935 -0.2151249 0.0641519 -0.2397415 0.3115887 0.1546308 -0.9375510 -0.4570526 0.0813215 -0.8857143 0.5313011 0.1214431 -0.8384335 -0.6549980 0.1953254 -0.7299490
0.0110681 0.0197153 -0.2531483 -0.0823577 0.0344632 -0.2488235 0.0775716 0.0100737 -0.2762627 -0.1757986 0.0769683 -0.2533103 0.0435486 0.0775717 -0.9960352 -0.3115418 0.1303670 -0.9412471 0.2701681 0.0350849 -0.9621737 -0.5531779 0.2421928 -0.7970803
0.0327712 0.0686510 -0.2467804 -0.1085947 0.0376753 -0.2256458 0.1064294 0.0758800 -0.2678556 -0.2020230 0.0801804 -0.2303898 0.1269025 0.2658427 -0.9556272 -0.4288286 0.1487757 -0.8910510 0.3570900 0.2545913 -0.8987046 -0.6378278 0.2531459 -0.7273877
0.0304282 0.0910584 -0.2414118 -0.1188245 0.0462175 -0.2183654 0.1035875 0.1003425 -0.2654372 -0.2123707 0.0887227 -0.2190430 0.1171206 0.3504913 -0.9292140 -0.4699198 0.1827782 -0.8635783 0.3429075 0.3321654 -0.8786811 -0.6683982 0.2792386 -0.6893981
-0.0390997 0.1152438 -0.2075655 -0.1570478 0.0344713 -0.2033695 0.0236320 0.1259767 -0.2358948 -0.2505696 0.0769765 -0.2055799 -0.1625020 0.4789643 -0.8626623 -0.6057734 0.1329646 -0.7844482 0.0880256 0.4692432 -0.8786708 -0.7521743 0.2310725 -0.6171218
-0.0376263 0.0424082 -0.2446181 -0.1529877 0.0366302 -0.2054912 0.0249781 0.0276465 -0.2854003 -0.2464980 0.0791354 -0.2081710 -0.1498447 0.1688884 -0.9741783 -0.5911594 0.1415426 -0.7940380 0.0867832 0.0960541 -0.9915857 -0.7420102 0.2382140 -0.6266379
0.0096420 0.0479236 -0.2474108 -0.0549195 0.0473926 -0.2338657 0.0790714 0.0333503 -0.2767868 -0.1465221 0.0898978 -0.2528444 0.0382324 0.1900268 -0.9810342 -0.2242913 0.1935515 -0.9551080 0.2728621 0.1150863 -0.9551447 -0.4792281 0.2940277 -0.8269753
-0.0437054 0.0288529 -0.2805254 -0.0568384 0.0472188 -0.2335467 0.0080993 0.0077889 -0.3220659 -0.1487534 0.0897239 -0.2509529 -0.1531525 0.1011063 -0.9830167 -0.2320334 0.1927631 -0.9534164 0.0251327 0.0241695 -0.9993919 -0.4873748 0.2939709 -0.8222207
-0.0107850 0.0449564 -0.2518573 -0.0770882 0.0491053 -0.2283664 0.0540629 0.0306685 -0.2886001 -0.1702657 0.0916105 -0.2366914 -0.0421182 0.1755661 -0.9835663 -0.3133949 0.1996330 -0.9284020 0.1831291 0.1038844 -0.9775847 -0.5571095 0.2997495 -0.7744542
0.0115936 0.0449582 -0.2520885 0.0403745 0.2795836 -0.2969396 0.0798958 0.0308355 -0.2826237 -0.0338402 0.3229289 -0.3141425 0.0452295 0.1753930 -0.9834590 0.0985125 0.6821746 -0.7245227 0.2705454 0.1044160 -0.9570280 -0.0749027 0.7147773 -0.6953294
-0.0246363 0.0355432 -0.2708002 0.0462547 0.2852544 -0.2976357 0.0319132 0.0183494 -0.3076723 -0.0197334 0.3326400 -0.3150892 -0.0898377 0.1296101 -0.9874869 0.1114987 0.6876165 -0.7174619 0.1029900 0.0592171 -0.9929181 -0.0430290 0.7253276 -0.6870578
-0.0208578 0.0359374 -0.2721911 0.0578721 0.2995079 -0.2956760 0.0361397 0.0191768 -0.3085696 0.0002658 0.3578428 -0.3146699 -0.0757515 0.1305180 -0.9885478 0.1362249 0.7050105 -0.6959906 0.1161040 0.0616082 -0.9913245 0.0005578 0.7509545 -0.6603537
-0.0124866 0.0447629 -0.2583752 0.0838118 0.3086686 -0.2917542 0.0475871 0.0303110 -0.2905511 0.0306248 0.3704033 -0.3100906 -0.0475642 0.1705116 -0.9842070 0.1935956 0.7129894 -0.6739190 0.1607788 0.1024095 -0.9816631 0.0632694 0.7652362 -0.6406329
0.0601264 0.0615836 -0.2418035 0.0942088 0.3169834 -0.2874560 0.1437674 0.0523543 -0.2680981 0.0475969 0.3818797 -0.3047647 0.2342605 0.2399381 -0.9420996 0.2150096 0.7234411 -0.6560517 0.4657410 0.1696041 -0.8685158 0.0969592 0.7779235 -0.6208332
0.0612034 0.0650608 -0.2414012 0.1130162 0.3242620 -0.2826322 0.1449982 0.0560932 -0.2674864 0.0675207 0.3989446 -0.3028702 0.2377780 0.2527642 -0.9378549 0.2541137 0.7290940 -0.6354905 0.4686638 0.1813047 -0.8645709 0.1335941 0.7893378 -0.5992483
-0.0064665 0.0514064 -0.2487579 0.1142161 0.3772522 -0.2868898 0.0555191 0.0378472 -0.2775129 0.0806155 0.4090318 -0.2976745 -0.0254491 0.2023107 -0.9789907 0.2342825 0.7738278 -0.5884746 0.1944414 0.1325500 -0.9719172 0.1573706 0.7984761 -0.5810942
0.0414338 0.0586941 -0.2501362 0.1398018 0.3483746 -0.2745001 0.1223012 0.0473729 -0.2811288 0.1026488 0.4221302 -0.2915058 0.1592078 0.2255300 -0.9611395 0.3006249 0.7491326 -0.5902754 0.3942427 0.1527084 -0.9062300 0.1962057 0.8068708 -0.5571919
0.0422752 0.0609727 -0.2506438 0.1418345 0.3527895 -0.2737027 0.1231436 0.0495619 -0.2816948 0.1165885 0.4252588 -0.2894164 0.1617294 0.2332591 -0.9588711 0.3027428 0.7530220 -0.5842129 0.3954459 0.1591561 -0.9045949 0.2210434 0.8062596 -0.5487124
-0.0148812 0.0630434 -0.2468324 0.1475458 0.3567906 -0.2720162 0.0470686 0.0517724 -0.2766324 0.1260988 0.4325827 -0.2872040 -0.0583142 0.2470446 -0.9672479 0.3124020 0.7554409 -0.5759462 0.1649537 0.1814384 -0.9694691 0.2359917 0.8095708 -0.5374971
-0.0144134 0.0635623 -0.2469761 0.1561278 0.3698333 -0.2728402 0.0476020 0.0519226 -0.2764961 0.1365650 0.4356200 -0.2869468 -0.0564276 0.2488431 -0.9668987 0.3216606 0.7619450 -0.5621159 0.1668327 0.1819752 -0.9690469 0.2532662 0.8078775 -0.5321562
-0.0158563 0.0639353 -0.2468400 0.1611926 0.3723010 -0.2741509 0.0462769 0.0524069 -0.2761547 0.1460332 0.4376569 -0.2896287 -0.0620651 0.2502573 -0.9661880 0.3292046 0.7603526 -0.5599002 0.1624508 0.1839694 -0.9694148 0.2680732 0.8034067 -0.5316714
-0.0147567 0.0638353 -0.2475897 0.1692191 0.3692458 -0.2731368 0.0473147 0.0517948 -0.2768289 0.1560755 0.4386408 -0.2891914 -0.0576182 0.2492476 -0.9667243 0.3457188 0.7543782 -0.5580252 0.1656798 0.1813674 -0.9693586 0.2847652 0.8003156 -0.5276398
-0.0155764 0.0643376 -0.2476955 0.1739077 0.3660395 -0.2735351 0.0466128 0.0522723 -0.2766727 0.1602965 0.4382049 -0.2900444 -0.0607533 0.2509381 -0.9660948 0.3556920 0.7486579 -0.5594592 0.1633248 0.1831548 -0.9694222 0.2917646 0.7976012 -0.5279260
-0.0146051 0.0643354 -0.2482657 0.1771079 0.3663042 -0.2731714 0.0475176 0.0519543 -0.2772523 0.1648934 0.4370710 -0.2902296 -0.0568552 0.2504475 -0.9664593 0.3613931 0.7474528 -0.5574130 0.1661148 0.1816251 -0.9692359 0.2998289 0.7947348 -0.5277303
-0.0165175 0.0650264 -0.2473839 0.1783265 0.3660813 -0.2741517 0.0457301 0.0529937 -0.2762483 0.1660606 0.4363400 -0.2925412 -0.0644410 0.2536920 -0.9651361 0.3632704 0.7457470 -0.5584766 0.1604687 0.1859569 -0.9693657 0.3014062 0.7919733 -0.5309732
-0.0168820 0.0653425 -0.2476319 0.1784200 0.3670981 -0.2761808 0.0454160 0.0534764 -0.2764560 0.1662100 0.4365514 -0.2937236 -0.0657746 0.2545842 -0.9648112 0.3620397 0.7448944 -0.5604102 0.1592318 0.1874920 -0.9692739 0.3012176 0.7911494 -0.5323068
-0.0158797 0.0653614 -0.2476423 0.1788051 0.3661270 -0.2767175 0.0465057 0.0532320 -0.2761660 0.1656908 0.4358341 -0.2955689 -0.0618815 0.2547066 -0.9650364 0.3630287 0.7433490 -0.5618206 0.1631386 0.1867340 -0.9687705 0.3001340 0.7894745 -0.5353966
-0.0144953 0.0649620 -0.2488956 0.1739773 0.3661456 -0.2765519 0.0477759 0.0526493 -0.2775892 0.1577726 0.4328817 -0.2952937 -0.0562616 0.2521410 -0.9660536 0.3545306 0.7461310 -0.5635570 0.1667286 0.1837358 -0.9687325 0.2883034 0.7910199 -0.5396005
-0.0212805 0.0616215 -0.2545579 0.1638818 0.3614983 -0.2788289 0.0396049 0.0481266 -0.2855978 0.1463679 0.4290466 -0.2975457 -0.0809842 0.2345045 -0.9687359 0.3378583 0.7452642 -0.5748331 0.1354847 0.1646368 -0.9770049 0.2699256 0.7912300 -0.5487215
-0.0175247 0.0624357 -0.2524518 0.1507119 0.3526388 -0.2786303 0.0440620 0.0491751 -0.2821810 0.1216943 0.4253270 -0.2968093 -0.0672351 0.2395405 -0.9685555 0.3179385 0.7439190 -0.5877922 0.1520413 0.1696846 -0.9736994 0.2284324 0.7983814 -0.5571407
-0.0135588 0.0613524 -0.2548336 0.1185175 0.3408066 -0.2833380 0.0478086 0.0474263 -0.2847112 0.0854083 0.4059188 -0.3048658 -0.0516595 0.2337542 -0.9709224 0.2583337 0.7428597 -0.6175947 0.1634109 0.1621041 -0.9731491 0.1659092 0.7885148 -0.5922149
-0.0114747 0.0596564 -0.2576876 0.0986399 0.3378199 -0.2896552 0.0496732 0.0455590 -0.2879326 0.0667374 0.3949958 -0.3048432 -0.0433414 0.2253296 -0.9733181 0.2164113 0.7411607 -0.6354895 0.1679759 0.1540631 -0.9736779 0.1325751 0.7846662 -0.6055764
0.0352366 0.0530574 -0.2722633 0.0731877 0.3300199 -0.2945857 0.1007141 0.0448963 -0.2945934 0.0267398 0.3830285 -0.3106492 0.1260186 0.1897523 -0.9737111 0.1632247 0.7360168 -0.6569908 0.3201806 0.1427300 -0.9365429 0.0541410 0.7755317 -0.6289828
-0.0153552 0.0504951 -0.2616788 0.0441795 0.3210455 -0.2983780 0.0450581 0.0311754 -0.2904801 -0.0020118 0.3646831 -0.3078689 -0.0575213 0.1891569 -0.9802607 0.1002911 0.7287996 -0.6773425 0.1524280 0.1054639 -0.9826714 -0.0042153 0.7641117 -0.6450702
0.0132381 0.0583303 -0.2667760 0.0253295 0.3045181 -0.2978795 0.0781696 0.0485283 -0.2900219 -0.0293930 0.3439903 -0.3012630 0.0484206 0.2133522 -0.9757747 0.0593561 0.7135955 -0.6980389 0.2569114 0.1594927 -0.9531834 -0.0641480 0.7507329 -0.6574839
-0.0089124 0.0530969 -0.2664902 -0.0214541 0.2833251 -0.2912123 0.0538109 0.0432267 -0.2951424 -0.0793139 0.3216472 -0.2899866 -0.0327813 0.1952993 -0.9801957 -0.0527304 0.6963638 -0.7157492 0.1775318 0.1426125 -0.9737269 -0.1801474 0.7305640 -0.6586526
-0.0217388 0.0536499 -0.2595551 -0.0210833 0.2482170 -0.2842993 0.0405190 0.0399392 -0.2942960 -0.1110194 0.3103231 -0.2799048 -0.0817458 0.2017431 -0.9760212 -0.0557763 0.6566627 -0.7521191 0.1351784 0.1332439 -0.9818212 -0.2567497 0.7176709 -0.6473238
-0.0625958 0.0347463 -0.2919754 -0.0231979 0.2493724 -0.2848274 -0.0140996 0.0150099 -0.3379231 -0.1315894 0.2884033 -0.2706653 -0.2082191 0.1155803 -0.9712291 -0.0611633 0.6574933 -0.7509737 -0.0416469 0.0443358 -0.9981482 -0.3156865 0.6918874 -0.6493334
-0.0639304 0.0333556 -0.2870714 -0.1156674 0.0403986 -0.2300258 -0.0155165 0.0127772 -0.3327356 -0.1930522 0.0199706 -0.2285917 -0.2159888 0.1126919 -0.9698708 -0.4438161 0.1550095 -0.8826094 -0.0465483 0.0383306 -0.9981804 -0.6437858 0.0665975 -0.7623022
-0.0610653 0.0323358 -0.2778203 -0.1250621 0.0426019 -0.2244789 -0.0112406 0.0105372 -0.3213512 -0.2051620 0.0223607 -0.2213655 -0.2133030 0.1129500 -0.9704350 -0.4801344 0.1635559 -0.8618123 -0.0349391 0.0327527 -0.9988526 -0.6778960 0.0738842 -0.7314357
-0.0651851 0.0459040 -0.2648243 -0.1137071 0.0563903 -0.2286215 -0.0132656 0.0265388 -0.3070379 -0.1865135 0.0380026 -0.2273512 -0.2356955 0.1659791 -0.9575482 -0.4348432 0.2156500 -0.8743034 -0.0430049 0.0860342 -0.9953636 -0.6290227 0.1281650 -0.7667491
-0.0443264 0.0537656 -0.2518463 -0.1173874 0.0578950 -0.2272889 0.0171883 0.0399506 -0.2905218 -0.1886336 0.0392602 -0.2256557 -0.1696327 0.2057553 -0.9637891 -0.4475616 0.2207356 -0.8665820 0.0585115 0.1359978 -0.9889798 -0.6357231 0.1323127 -0.7604929
0.0506101 0.1077277 -0.2499635 -0.1230005 0.0481533 -0.2265596 0.1315264 0.1194653 -0.2733337 -0.2005326 0.0337128 -0.2270798 0.1828038 0.3891132 -0.9028697 -0.4690129 0.1836133 -0.8638941 0.4034430 0.3664468 -0.8384214 -0.6578726 0.1105991 -0.7449641
0.0753538 0.0306498 -0.2598534 -0.1237873 0.0482735 -0.2265848 0.1647144 0.0168392 -0.2864357 -0.2004864 0.0340011 -0.2269963 0.2767417 0.1125634 -0.9543288 -0.4712697 0.1837817 -0.8626292 0.4978567 0.0508972 -0.8657645 -0.6578517 0.1115671 -0.7448382
0.0054948 0.0590693 -0.2503138 -0.1738838 0.0387670 -0.2226648 0.0714465 0.0566492 -0.2726131 -0.1903111 0.1394417 -0.2349282 0.0213599 0.2296204 -0.9730459 -0.6097694 0.1359467 -0.7808328 0.2485467 0.1970700 -0.9483607 -0.5715963 0.4188108 -0.7056028
