-0.0170937 0.0312681 -0.2368345 0.3882894 0.3625791 -0.3137203 0.0444708 0.0232399 -0.2659618 0.4007040 0.3946170 -0.3263368 -0.0713723 0.1305555 -0.9888687 0.6293483 0.5876765 -0.5084850 0.1643090 0.0858658 -0.9826646 0.6162621 0.6069006 -0.5018891
-0.0179940 0.0310075 -0.2380439 0.3766769 0.2920353 -0.2873655 0.0430673 0.0233503 -0.2683080 0.3973515 0.3933973 -0.3265246 -0.0747480 0.1288070 -0.9888486 0.6768057 0.5247234 -0.5163327 0.1579040 0.0856126 -0.9837362 0.6136616 0.6075549 -0.5042781
-0.0177772 0.0311771 -0.2374796 0.3653340 0.3572287 -0.3251124 0.0434577 0.0234256 -0.2673663 0.3841170 0.3903333 -0.3295494 -0.0740175 0.1298093 -0.9887725 0.6032366 0.5898532 -0.5368230 0.1598378 0.0861596 -0.9833760 0.6009839 0.6107098 -0.5156083
-0.0176839 0.0321321 -0.2372142 0.3524717 0.2878717 -0.2942728 0.0435990 0.0245487 -0.2670455 0.3668083 0.3887697 -0.3382891 -0.0736728 0.1338654 -0.9882572 0.6503844 0.5311838 -0.5429952 0.1604718 0.0903547 -0.9828961 0.5798808 0.6145992 -0.5347953
-0.0178237 0.0321280 -0.2374587 0.3472606 0.2871156 -0.2948796 0.0434045 0.0242950 -0.2673375 0.3242692 0.3704547 -0.3388901 -0.0741776 0.1337083 -0.9882407 0.6448698 0.5331793 -0.5475972 0.1596189 0.0893443 -0.9831274 0.5425372 0.6198105 -0.5669995
-0.0181397 0.0325006 -0.2373493 0.3184317 0.2838452 -0.2993588 0.0431407 0.0246036 -0.2671037 0.3048668 0.3711359 -0.3477761 -0.0755034 0.1352783 -0.9879266 0.6110339 0.5446665 -0.5744353 0.1587914 0.0905605 -0.9831501 0.5141204 0.6258750 -0.5864816
-0.0180411 0.0335078 -0.2367819 0.2906590 0.2883632 -0.3112379 0.0433432 0.0257675 -0.2663624 0.2706703 0.3497254 -0.3467313 -0.0752273 0.1397203 -0.9873293 0.5651540 0.5606900 -0.6051674 0.1598830 0.0950504 -0.9825492 0.4816587 0.6223376 -0.6170096
-0.0184413 0.0333847 -0.2368250 0.2788152 0.2725026 -0.3017004 0.0428857 0.0255830 -0.2665074 0.2476183 0.3325435 -0.3393108 -0.0768782 0.1391746 -0.9872792 0.5655833 0.5527781 -0.6120065 0.1581651 0.0943516 -0.9828945 0.4621870 0.6207024 -0.6333338
-0.0192196 0.0333635 -0.2367058 0.2592986 0.2606501 -0.3002285 0.0419747 0.0253926 -0.2666160 0.2159737 0.3168169 -0.3371769 -0.0801429 0.1391207 -0.9870271 0.5462715 0.5491188 -0.6324998 0.1548358 0.0936679 -0.9834898 0.4229854 0.6204874 -0.6603625
-0.0198106 0.0335924 -0.2372988 0.2247354 0.2491148 -0.2941986 0.0410113 0.0259612 -0.2680454 0.1861168 0.2864859 -0.3219782 -0.0823789 0.1396878 -0.9867629 0.5036366 0.5582714 -0.6593051 0.1505528 0.0953039 -0.9839975 0.3964569 0.6102581 -0.6858622
-0.0207017 0.0338571 -0.2371664 0.2169838 0.2441250 -0.2941678 0.0398915 0.0265124 -0.2684295 0.1275742 0.2853740 -0.3343001 -0.0860907 0.1407993 -0.9862880 0.4936377 0.5553839 -0.6692313 0.1462997 0.0972327 -0.9844502 0.2787416 0.6235244 -0.7304248
-0.0180760 0.0345730 -0.2374462 0.1570627 0.2387207 -0.2994034 0.0428705 0.0272216 -0.2680130 0.1109646 0.2645946 -0.3263098 -0.0751194 0.1436771 -0.9867695 0.3794862 0.5767839 -0.7234021 0.1571603 0.0997926 -0.9825182 0.2553770 0.6089452 -0.7509783
-0.0176161 0.0340548 -0.2376196 0.1485222 0.2241861 -0.2928226 0.0432866 0.0261918 -0.2681456 0.0760362 0.2455008 -0.3113772 -0.0731892 0.1414864 -0.9872309 0.3735732 0.5638883 -0.7365277 0.1586306 0.0959839 -0.9826614 0.1883285 0.6080630 -0.7712274
-0.0211056 0.0323665 -0.2386768 0.0904700 0.2050355 -0.2893731 0.0388318 0.0241880 -0.2709785 0.0622502 0.2252000 -0.2990036 -0.0872911 0.1338652 -0.9871476 0.2471812 0.5601955 -0.7906216 0.1413025 0.0880161 -0.9860460 0.1640475 0.5934679 -0.7879621
-0.0203298 0.0325427 -0.2389975 0.1247204 0.1807671 -0.2622987 0.0394910 0.0244932 -0.2715470 0.0505137 0.2063245 -0.2799273 -0.0839871 0.1344417 -0.9873559 0.3645728 0.5284040 -0.7667307 0.1433459 0.0889063 -0.9856711 0.1437505 0.5871530 -0.7966098
-0.0199346 0.0328169 -0.2390270 0.0509266 0.1801781 -0.2622369 0.0400806 0.0247904 -0.2712221 -0.0198070 0.1865992 -0.2644473 -0.0823434 0.1355558 -0.9873420 0.1580490 0.5591770 -0.8138437 0.1455960 0.0900532 -0.9852371 -0.0610840 0.5754632 -0.8155433
-0.0187545 0.0326786 -0.2391889 0.0498741 0.1794193 -0.2587860 0.0415033 0.0244572 -0.2708776 -0.0208435 0.1858403 -0.2614648 -0.0774536 0.1349584 -0.9878194 0.1564312 0.5627530 -0.8116886 0.1508510 0.0888939 -0.9845516 -0.0648408 0.5781178 -0.8133729
-0.0034258 0.0328995 -0.2400522 0.0598698 0.1714546 -0.2409373 0.0590216 0.0244966 -0.2671150 -0.0104425 0.1778757 -0.2489549 -0.0141373 0.1357686 -0.9906397 0.1984317 0.5682670 -0.7985596 0.2148956 0.0891912 -0.9725558 -0.0341091 0.5810098 -0.8131815
-0.0019444 0.0307889 -0.2411693 0.0621563 0.1668628 -0.2386652 0.0606280 0.0217936 -0.2677489 -0.0080648 0.1732839 -0.2474475 -0.0079973 0.1266332 -0.9919174 0.2087383 0.5603726 -0.8015054 0.2201525 0.0791369 -0.9722501 -0.0266873 0.5734150 -0.8188303
-0.0089969 0.0297940 -0.2415100 0.0562475 0.1683089 -0.2389122 0.0526099 0.0203278 -0.2701056 -0.0141966 0.1747299 -0.2456763 -0.0369471 0.1223537 -0.9917986 0.1889983 0.5655383 -0.8027740 0.1906629 0.0736698 -0.9788873 -0.0470382 0.5789412 -0.8140113
-0.0075356 0.0290414 -0.2414228 0.0576935 0.1638033 -0.2386168 0.0543218 0.0194373 -0.2694240 -0.0126936 0.1702243 -0.2459472 -0.0309751 0.1193744 -0.9923660 0.1954892 0.5550326 -0.8085313 0.1971523 0.0705446 -0.9778315 -0.0423997 0.5685923 -0.8215260
-0.0100903 0.0292349 -0.2410541 0.0559571 0.1658219 -0.2382842 0.0515427 0.0196629 -0.2695560 -0.0144959 0.1722429 -0.2449488 -0.0415188 0.1202934 -0.9918698 0.1892698 0.5608770 -0.8059739 0.1873304 0.0714643 -0.9796939 -0.0483527 0.5745336 -0.8170515
-0.0155896 0.0297902 -0.2405627 0.0509934 0.1667609 -0.2426350 0.0453255 0.0204381 -0.2706375 -0.0196111 0.1731818 -0.2474378 -0.0641810 0.1226434 -0.9903734 0.1706607 0.5581027 -0.8120322 0.1647203 0.0742753 -0.9835397 -0.0647963 0.5722025 -0.8175486
-0.0164455 0.0303511 -0.2406550 0.0537732 0.1710953 -0.2537051 0.0440203 0.0217072 -0.2718286 -0.0168403 0.1775162 -0.2583703 -0.0676440 0.1248409 -0.9898682 0.1730739 0.5506855 -0.8165726 0.1593645 0.0785855 -0.9840870 -0.0536437 0.5654678 -0.8230240
-0.0198823 0.0303677 -0.2397977 0.0571608 0.1811646 -0.2725997 0.0403212 0.0215806 -0.2714354 -0.0001796 0.2149474 -0.2975007 -0.0819791 0.1252125 -0.9887372 0.1720350 0.5452449 -0.8204340 0.1464835 0.0784004 -0.9861014 -0.0004892 0.5856440 -0.8105682
-0.0227563 0.0218488 -0.2413199 0.0417304 0.0542200 -0.2229200 0.0365520 0.0101199 -0.2736859 0.0418373 0.2038214 -0.2954946 -0.0935038 0.0897749 -0.9915632 0.1789594 0.2325207 -0.9559852 0.1322903 0.0366263 -0.9905341 0.1157643 0.5639759 -0.8176367
-0.0215449 0.0241699 -0.2401184 0.1213677 0.2013738 -0.3024665 0.0383248 0.0130497 -0.2716547 0.0578506 0.2218349 -0.3169978 -0.0889212 0.0997554 -0.9910307 0.3168022 0.5256395 -0.7895185 0.1395380 0.0475131 -0.9890762 0.1478763 0.5670486 -0.8103015
-0.0103650 0.0277422 -0.2400101 0.1536685 0.2202356 -0.3057570 0.0511792 0.0171488 -0.2683412 0.1044947 0.2465898 -0.3250502 -0.0428606 0.1147176 -0.9924731 0.3776140 0.5411912 -0.7513453 0.1869792 0.0626518 -0.9803640 0.2481064 0.5854889 -0.7717810
-0.0119571 0.0308176 -0.2382046 0.1866737 0.2367757 -0.3051195 0.0495551 0.0214931 -0.2670466 0.1178765 0.2603344 -0.3355121 -0.0497201 0.1281465 -0.9905081 0.4351762 0.5519746 -0.7112986 0.1818837 0.0788869 -0.9801506 0.2674613 0.5906977 -0.7612757
-0.0154204 0.0318946 -0.2378151 0.1598179 0.2823114 -0.3444153 0.0457867 0.0229345 -0.2674105 0.1504678 0.2918078 -0.3498378 -0.0641344 0.1326513 -0.9890856 0.3377800 0.5966737 -0.7279321 0.1681666 0.0842345 -0.9821530 0.3136252 0.6082249 -0.7291788
-0.0148514 0.0329004 -0.2376225 0.2238198 0.2667411 -0.3100896 0.0465856 0.0242558 -0.2668328 0.1686546 0.3177348 -0.3568383 -0.0617913 0.1368862 -0.9886577 0.4800285 0.5720823 -0.6650522 0.1713002 0.0891912 -0.9811734 0.3328564 0.6270810 -0.7042556
-0.0150684 0.0329769 -0.2374836 0.2394027 0.2709354 -0.3107899 0.0464428 0.0243904 -0.2665542 0.2086726 0.3384655 -0.3557279 -0.0627234 0.1372692 -0.9885459 0.5021341 0.5682723 -0.6518650 0.1709550 0.0897805 -0.9811798 0.3911230 0.6343986 -0.6667542
-0.0152203 0.0336314 -0.2377405 0.2621875 0.2826696 -0.3153311 0.0462114 0.0255075 -0.2671110 0.2327736 0.3515720 -0.3569969 -0.0632624 0.1397875 -0.9881585 0.5264023 0.5675249 -0.6331004 0.1697224 0.0936824 -0.9810290 0.4213255 0.6363534 -0.6461727
-0.0148763 0.0339166 -0.2374031 0.2790489 0.3073007 -0.3243247 0.0465680 0.0259219 -0.2667821 0.2597864 0.3763547 -0.3585178 -0.0619136 0.1411577 -0.9880492 0.5297339 0.5833659 -0.6156835 0.1711720 0.0952823 -0.9806230 0.4470666 0.6476690 -0.6169735
-0.0148002 0.0347973 -0.2374464 0.2959667 0.3187194 -0.3254959 0.0466749 0.0271777 -0.2668596 0.2891625 0.3873077 -0.3571441 -0.0615551 0.1447243 -0.9875555 0.5448026 0.5866847 -0.5991587 0.1714285 0.0998187 -0.9801268 0.4811535 0.6444628 -0.5942719
-0.0144417 0.0348117 -0.2372883 0.3131809 0.3258419 -0.3223481 0.0470627 0.0273263 -0.2666746 0.3086342 0.3942025 -0.3529701 -0.0601079 0.1448902 -0.9876203 0.5641631 0.5869705 -0.5806769 0.1729161 0.1004013 -0.9798059 0.5038373 0.6435253 -0.5762145
-0.0140261 0.0345386 -0.2366765 0.3344239 0.3200727 -0.3086542 0.0476910 0.0268709 -0.2655650 0.3336705 0.4014896 -0.3459292 -0.0585409 0.1441545 -0.9878221 0.6010763 0.5752822 -0.5547592 0.1758855 0.0991005 -0.9794097 0.5328018 0.6410948 -0.5523764
-0.0136749 0.0344374 -0.2364250 0.3499346 0.3644119 -0.3268024 0.0480136 0.0268196 -0.2653872 0.3440136 0.4030920 -0.3440149 -0.0571428 0.1439024 -0.9879407 0.5815708 0.6056312 -0.5431263 0.1771552 0.0989559 -0.9791955 0.5444952 0.6380029 -0.5444973
-0.0134243 0.0337772 -0.2368655 0.3524633 0.3646678 -0.3262200 0.0481442 0.0260138 -0.2660433 0.3652157 0.4110276 -0.3431155 -0.0560191 0.1409509 -0.9884304 0.5844974 0.6047363 -0.5409776 0.1772530 0.0957752 -0.9794940 0.5635036 0.6341882 -0.5294044
-0.0129384 0.0337857 -0.2368754 0.3563995 0.3648983 -0.3239090 0.0486243 0.0261242 -0.2660924 0.3696063 0.4101289 -0.3395522 -0.0539949 0.1409957 -0.9885367 0.5898452 0.6039108 -0.5360731 0.1789254 0.0961307 -0.9791550 0.5702401 0.6327596 -0.5238716
-0.0125371 0.0337915 -0.2372291 0.3583510 0.3661987 -0.3243100 0.0489827 0.0262208 -0.2665592 0.3722448 0.4091197 -0.3383189 -0.0522486 0.1408264 -0.9886546 0.5909699 0.6039119 -0.5348318 0.1798930 0.0962981 -0.9789613 0.5741096 0.6309814 -0.5217860
-0.0116437 0.0336432 -0.2377633 0.3657666 0.3205677 -0.3017838 0.0497969 0.0262023 -0.2672924 0.3732335 0.4086959 -0.3382478 -0.0484317 0.1399387 -0.9889750 0.6390242 0.5600580 -0.5272411 0.1823053 0.0959260 -0.9785515 0.5754002 0.6300713 -0.5214641
-0.0119274 0.0335121 -0.2378979 0.3562330 0.3625618 -0.3252981 0.0494994 0.0263775 -0.2675304 0.3727347 0.4084121 -0.3389431 -0.0495854 0.1393188 -0.9890053 0.5903111 0.6007985 -0.5390491 0.1810863 0.0964983 -0.9787215 0.5747221 0.6297334 -0.5226187
-0.0117331 0.0340127 -0.2375352 0.3533935 0.3203628 -0.3007257 0.0496636 0.0269647 -0.2672503 0.3664726 0.4042833 -0.3382099 -0.0488381 0.1415753 -0.9887220 0.6267229 0.5681449 -0.5333196 0.1818116 0.0987140 -0.9783660 0.5708510 0.6297484 -0.5268265
-0.0116225 0.0345037 -0.2372252 0.3515893 0.3216212 -0.3018648 0.0497793 0.0276907 -0.2669847 0.3627508 0.4036496 -0.3389831 -0.0484267 0.1437637 -0.9884265 0.6233054 0.5701772 -0.5351526 0.1823459 0.1014335 -0.9779884 0.5669153 0.6308329 -0.5297706
-0.0115209 0.0344206 -0.2372134 0.3456197 0.3147329 -0.2999000 0.0498356 0.0275978 -0.2670631 0.3510160 0.3983892 -0.3398232 -0.0480088 0.1434345 -0.9884947 0.6223093 0.5666956 -0.5399881 0.1825005 0.1010645 -0.9779977 0.5568135 0.6319611 -0.5390584
-0.0114675 0.0343207 -0.2370658 0.3323092 0.3233845 -0.3085929 0.0498649 0.0275004 -0.2669654 0.3362440 0.3939125 -0.3402860 -0.0478188 0.1431153 -0.9885501 0.5966173 0.5805943 -0.5540380 0.1826746 0.1007447 -0.9779982 0.5425961 0.6356557 -0.5491187
-0.0118120 0.0342970 -0.2369905 0.3190427 0.3195458 -0.3111553 0.0494856 0.0275974 -0.2669882 0.3100894 0.3880420 -0.3409817 -0.0492678 0.1430529 -0.9884880 0.5817964 0.5827137 -0.5674132 0.1813094 0.1011137 -0.9782141 0.5146753 0.6440582 -0.5659491
-0.0120278 0.0341727 -0.2368113 0.3022179 0.3156153 -0.3137545 0.0492420 0.0275242 -0.2668772 0.2882918 0.3794707 -0.3436019 -0.0502064 0.1426440 -0.9884999 0.5617951 0.5866997 -0.5832407 0.1805230 0.1009047 -0.9783812 0.4906979 0.6458924 -0.5848406
-0.0118826 0.0341962 -0.2367627 0.2850658 0.3033284 -0.3119066 0.0493884 0.0276083 -0.2668392 0.2645992 0.3649845 -0.3447829 -0.0496111 0.1427730 -0.9885113 0.5480451 0.5831552 -0.5996470 0.1810612 0.1012138 -0.9782498 0.4662212 0.6430991 -0.6075041
-0.0126955 0.0338814 -0.2362998 0.2610596 0.2762489 -0.3004156 0.0485401 0.0271718 -0.2664205 0.2300298 0.3438879 -0.3456480 -0.0531074 0.1417313 -0.9884796 0.5388515 0.5702037 -0.6200861 0.1783473 0.0998354 -0.9788897 0.4266802 0.6378747 -0.6411395
-0.0140917 0.0321386 -0.2359555 0.2428840 0.2736049 -0.3069468 0.0470239 0.0254951 -0.2663335 0.2084096 0.3206151 -0.3469527 -0.0590721 0.1347244 -0.9891207 0.5085881 0.5729162 -0.6427326 0.1731037 0.0938521 -0.9804218 0.4036303 0.6209406 -0.6719490
-0.0148633 0.0323811 -0.2358451 0.2103963 0.2335572 -0.3020735 0.0462151 0.0263738 -0.2664294 0.1671807 0.2778172 -0.3480887 -0.0623144 0.1357578 -0.9887804 0.4826011 0.5357268 -0.6928875 0.1701017 0.0970727 -0.9806336 0.3514360 0.5840086 -0.7317285
-0.0162395 0.0322458 -0.2355684 0.2015330 0.2212952 -0.3060950 0.0447078 0.0266252 -0.2664858 0.1491238 0.2502203 -0.3452285 -0.0681419 0.1353052 -0.9884580 0.4707465 0.5169076 -0.7149855 0.1646584 0.0980603 -0.9814641 0.3301408 0.5539552 -0.7642910
-0.0100982 0.0351465 -0.2359486 0.1527491 0.2156064 -0.3245603 0.0515969 0.0296033 -0.2653592 0.1002187 0.2389182 -0.3523117 -0.0422935 0.1472009 -0.9882020 0.3649756 0.5151656 -0.7754980 0.1897329 0.1088577 -0.9757825 0.2291653 0.5463228 -0.8056144
-0.0141255 0.0356217 -0.2372733 0.1444067 0.1883281 -0.3087866 0.0467892 0.0300023 -0.2682543 0.0676095 0.2203348 -0.3457536 -0.0587713 0.1482090 -0.9872082 0.3707981 0.4835767 -0.7928823 0.1707933 0.1095166 -0.9792016 0.1627071 0.5302519 -0.8320813
-0.0154301 0.0356468 -0.2374669 0.1484501 0.0572091 -0.2653790 0.0453915 0.0297978 -0.2685883 0.0856754 0.1224528 -0.2976908 -0.0641257 0.1481439 -0.9868846 0.4797799 0.1848957 -0.8576858 0.1656494 0.1087424 -0.9801711 0.2572072 0.3676172 -0.8937013
-0.0160171 0.0359260 -0.2377749 0.0525271 0.1671289 -0.2991917 0.0445956 0.0304350 -0.2693649 0.0169095 0.1798085 -0.3227439 -0.0664594 0.1490665 -0.9865913 0.1515022 0.4820443 -0.8629486 0.1623294 0.1107845 -0.9804978 0.0457213 0.4861809 -0.8726613
-0.0147962 0.0359490 -0.2379365 0.0485303 0.1586114 -0.2944852 0.0460915 0.0300813 -0.2689237 -0.0623549 0.1495928 -0.3184349 -0.0613717 0.1491094 -0.9869143 0.1435870 0.4692845 -0.8712949 0.1679119 0.1095865 -0.9796920 -0.1745144 0.4186697 -0.8912129
-0.0142481 0.0366703 -0.2410077 0.1229127 0.0987613 -0.2794327 0.0462017 0.0310858 -0.2728918 0.0298355 0.1164523 -0.2957159 -0.0583467 0.1501666 -0.9869375 0.3830860 0.3078126 -0.8709171 0.1658857 0.1116125 -0.9798084 0.0934649 0.3648066 -0.9263803
-0.0138129 0.0348095 -0.2456851 0.0854288 0.0897154 -0.2707718 0.0459417 0.0287161 -0.2787641 0.0004646 0.1290668 -0.2925449 -0.0555801 0.1400655 -0.9885811 0.2868995 0.3012955 -0.9093458 0.1617779 0.1011201 -0.9816326 0.0014531 0.4036473 -0.9149135
-0.0124792 0.0349034 -0.2481429 0.0311187 0.1267870 -0.2731852 0.0469051 0.0289224 -0.2819023 -0.0077529 0.1589663 -0.3232070 -0.0497385 0.1391149 -0.9890263 0.1027780 0.4187481 -0.9022675 0.1632973 0.1006915 -0.9814251 -0.0215198 0.4412444 -0.8971289
-0.0116702 0.0312394 -0.2475706 0.0394675 0.0947584 -0.2692831 0.0482071 0.0248109 -0.2803621 -0.0140294 0.1330804 -0.2961441 -0.0467169 0.1250544 -0.9910494 0.1369521 0.3288118 -0.9344126 0.1688180 0.0868862 -0.9818102 -0.0431707 0.4095100 -0.9112836
