-0.0127217 0.1067164 -0.3400506 0.1615591 0.4700728 -0.2750094 0.0464872 0.1296043 -0.3758747 0.1512192 0.5319862 -0.2857746 -0.0356720 0.2992360 -0.9535121 0.2844016 0.8274955 -0.4841145 0.1161309 0.3237679 -0.9389824 0.2429107 0.8545550 -0.4590535
-0.0131559 0.1040701 -0.3420646 0.1358058 0.4649654 -0.2793053 0.0477382 0.1257559 -0.3757474 0.1214559 0.5157001 -0.2868056 -0.0367701 0.2908713 -0.9560554 0.2428796 0.8315592 -0.4995186 0.1196150 0.3150999 -0.9414905 0.2016007 0.8559935 -0.4760591
-0.0138847 0.1037533 -0.3433295 0.1149864 0.4493691 -0.2831735 0.0472491 0.1251304 -0.3767749 0.0926423 0.5036216 -0.2936140 -0.0386832 0.2890606 -0.9565289 0.2115846 0.8268768 -0.5210630 0.1181783 0.3129733 -0.9423808 0.1569473 0.8531959 -0.4974177
-0.0150471 0.1022864 -0.3447584 0.0932920 0.4407443 -0.2890969 0.0456253 0.1246557 -0.3783944 0.0653999 0.4913508 -0.2989833 -0.0418059 0.2841867 -0.9578571 0.1742830 0.8233740 -0.5400748 0.1137780 0.3108601 -0.9436210 0.1129780 0.8488061 -0.5164921
-0.0215960 0.1009105 -0.3475137 0.0711620 0.4235847 -0.2884872 0.0395773 0.1222126 -0.3809345 0.0370819 0.4679433 -0.3022677 -0.0595732 0.2783644 -0.9586263 0.1375350 0.8186639 -0.5575604 0.0984483 0.3040026 -0.9475708 0.0664179 0.8381402 -0.5413961
-0.0215424 0.0984382 -0.3489564 0.0500920 0.4057495 -0.2964137 0.0395555 0.1199886 -0.3823555 0.0122994 0.4437882 -0.3081983 -0.0593105 0.2710195 -0.9607449 0.0991963 0.8034991 -0.5869833 0.0982286 0.2979691 -0.9495081 0.0227578 0.8211468 -0.5702631
-0.0218181 0.0979512 -0.3496645 0.0371992 0.3810934 -0.2961887 0.0384956 0.1203994 -0.3838881 -0.0087231 0.4250993 -0.3111316 -0.0599761 0.2692596 -0.9611983 0.0768435 0.7872357 -0.6118456 0.0952476 0.2978979 -0.9498341 -0.0165565 0.8068443 -0.5905321
-0.0221209 0.0983841 -0.3502974 0.0134252 0.3668423 -0.3056735 0.0372581 0.1212278 -0.3858667 -0.0325564 0.3998095 -0.3177433 -0.0606844 0.2698982 -0.9609747 0.0281044 0.7679471 -0.6398964 0.0917294 0.2984626 -0.9500030 -0.0636201 0.7812888 -0.6209189
-0.0231749 0.0978733 -0.3511739 -0.0018863 0.3491326 -0.3098323 0.0341368 0.1232941 -0.3883494 -0.0418554 0.3637472 -0.3192179 -0.0634417 0.2679306 -0.9613472 -0.0040410 0.7479431 -0.6637505 0.0834888 0.3015418 -0.9497906 -0.0861646 0.7488189 -0.6571498
-0.0261935 0.0970655 -0.3526474 0.0002621 0.3038731 -0.3011675 0.0305588 0.1219897 -0.3909988 -0.0558773 0.3427359 -0.3175999 -0.0714306 0.2647009 -0.9616814 0.0006125 0.7102616 -0.7039376 0.0744021 0.2970103 -0.9519712 -0.1187375 0.7283030 -0.6748898
-0.0267509 0.0962381 -0.3532158 0.0399385 0.2662886 -0.2802314 0.0289628 0.1224767 -0.3922084 -0.0700588 0.3193126 -0.3199471 -0.0728773 0.2621807 -0.9622631 0.1027671 0.6851958 -0.7210725 0.0703140 0.2973411 -0.9521787 -0.1531601 0.6980700 -0.6994571
-0.0259941 0.0969932 -0.3524994 0.0206876 0.3131051 -0.2891036 0.0273123 0.1208780 -0.3960981 -0.0924701 0.3006805 -0.3231204 -0.0709207 0.2646305 -0.9617385 0.0484867 0.7338417 -0.6775880 0.0658077 0.2912502 -0.9543808 -0.2050509 0.6667542 -0.7165144
-0.0377567 0.0906476 -0.3639156 -0.0505620 0.2445761 -0.3133391 0.0219351 0.0859736 -0.4054839 -0.0927630 0.2743066 -0.3306798 -0.1001688 0.2404885 -0.9654696 -0.1261862 0.6103818 -0.7819918 0.0528458 0.2071263 -0.9768859 -0.2110440 0.6240720 -0.7523261
0.0111677 0.1136229 -0.3004705 -0.0440524 0.2388895 -0.3126174 0.0656945 0.0884818 -0.3417944 -0.1079231 0.2639360 -0.3372375 0.0347438 0.3534916 -0.9347922 -0.1112709 0.6034056 -0.7896331 0.1829310 0.2463841 -0.9517516 -0.2443735 0.5976380 -0.7636167
0.0098807 0.1107486 -0.3014066 -0.0502179 0.2353528 -0.3153865 0.0642052 0.0856075 -0.3429956 -0.1221573 0.2570974 -0.3419437 0.0307561 0.3447306 -0.9381977 -0.1265849 0.5932566 -0.7949986 0.1786950 0.2382615 -0.9546201 -0.2745649 0.5778608 -0.7685643
-0.0695688 0.2318261 -0.3609664 -0.0538132 0.2324445 -0.3190074 -0.0151470 0.2066850 -0.4024278 -0.1261106 0.2544859 -0.3454680 -0.1600743 0.5334202 -0.8305655 -0.1350862 0.5835012 -0.8007984 -0.0334627 0.4566063 -0.8890393 -0.2819811 0.5690263 -0.7724608
-0.0597748 0.2567971 -0.3811231 -0.0670177 0.2282097 -0.3226373 -0.1072386 0.1944232 -0.3271212 -0.1237220 0.1836417 -0.3331806 -0.1289819 0.5541160 -0.8223862 -0.1671968 0.5693408 -0.8049201 -0.2712437 0.4917636 -0.8274028 -0.3092657 0.4590458 -0.8328455
-0.0239899 0.1211958 -0.3480334 -0.0690625 0.2167734 -0.3231498 -0.0389563 0.1778388 -0.3913965 -0.1266428 0.1729881 -0.3321043 -0.0649585 0.3281666 -0.9423837 -0.1747516 0.5485103 -0.8176787 -0.0902463 0.4119825 -0.9067116 -0.3203769 0.4376200 -0.8401472
-0.0266353 0.1215370 -0.3472325 -0.0891542 0.2007171 -0.3278607 -0.0422268 0.1773617 -0.3914287 -0.1461126 0.1557301 -0.3345463 -0.0722116 0.3295016 -0.9413895 -0.2259216 0.5086281 -0.8308170 -0.0977911 0.4107436 -0.9064914 -0.3681434 0.3923756 -0.8429187
-0.0275864 0.1180696 -0.3498442 -0.0888477 0.1980041 -0.3283493 -0.0374175 0.1754475 -0.3937071 -0.1457210 0.1528793 -0.3348291 -0.0745056 0.3188830 -0.9448611 -0.2257369 0.5030725 -0.8342427 -0.0864843 0.4055171 -0.9099870 -0.3680984 0.3861805 -0.8457944
-0.0197097 0.1148255 -0.3479884 -0.0875546 0.1940668 -0.3285990 -0.0340369 0.1731751 -0.3892540 -0.1443311 0.1488333 -0.3351766 -0.0537088 0.3128989 -0.9482667 -0.2236150 0.4956476 -0.8392436 -0.0796380 0.4051871 -0.9107586 -0.3662162 0.3776398 -0.8504551
-0.0720309 0.1073645 -0.3921895 -0.0883077 0.1918648 -0.3290872 -0.0253337 0.1550905 -0.4214195 -0.1450358 0.1465658 -0.3356210 -0.1744299 0.2599936 -0.9497250 -0.2258303 0.4906583 -0.8415789 -0.0563264 0.3448251 -0.9369755 -0.3682031 0.3720874 -0.8520431
-0.0193597 0.1191932 -0.3526143 -0.0909205 0.1892380 -0.3285740 -0.0285369 0.1779017 -0.3948272 -0.1476083 0.1438254 -0.3346599 -0.0519418 0.3197946 -0.9460621 -0.2331768 0.4853239 -0.8426680 -0.0657539 0.4099162 -0.9097500 -0.3755666 0.3659417 -0.8514907
0.0072425 0.1047861 -0.2938706 -0.0542090 0.2141686 -0.3160513 0.0695898 0.0999663 -0.3205440 -0.1109683 0.1687445 -0.3213245 0.0232073 0.3357692 -0.9416583 -0.1405798 0.5554018 -0.8196134 0.2029414 0.2915269 -0.9347870 -0.2923883 0.4446220 -0.8466524
0.0084693 0.1137311 -0.2938799 -0.1116788 0.1134734 -0.2811071 0.0712053 0.1132523 -0.3200685 -0.1684232 0.0679778 -0.2859042 0.0268669 0.3607842 -0.9322623 -0.3456876 0.3512425 -0.8701315 0.2052615 0.3264689 -0.9226515 -0.4972400 0.2006926 -0.8440822
-0.0686583 0.2433683 -0.3402188 -0.0679427 0.0992734 -0.2830084 -0.0333828 0.2852955 -0.3804633 -0.1245836 0.0537777 -0.2889033 -0.1619684 0.5741177 -0.8025927 -0.2209414 0.3228251 -0.9203091 -0.0700264 0.5984574 -0.7980884 -0.3903196 0.1684851 -0.9051317
0.0064535 0.0976383 -0.3188897 -0.1005463 0.1022815 -0.2871237 0.0654244 0.0903171 -0.3519156 -0.1570663 0.0567858 -0.2940836 0.0193471 0.2927115 -0.9560050 -0.3132739 0.3186802 -0.8945962 0.1772230 0.2446530 -0.9532769 -0.4644175 0.1679057 -0.8695539
0.0110519 0.0994570 -0.3197580 -0.0986153 0.1066603 -0.2906514 0.0706180 0.0934544 -0.3519714 -0.1550767 0.0611646 -0.2980713 0.0329858 0.2968416 -0.9543568 -0.3034969 0.3282560 -0.8945041 0.1903703 0.2519321 -0.9488358 -0.4540772 0.1790949 -0.8727766
0.0095012 0.0967880 -0.3211351 -0.0054738 0.2463762 -0.2991089 0.0685590 0.0894976 -0.3540116 -0.0772969 0.2558732 -0.3257155 0.0283162 0.2884559 -0.9570744 -0.0141240 0.6357226 -0.7717883 0.1845316 0.2408895 -0.9528485 -0.1834503 0.6072688 -0.7730269
-0.0008471 0.0936523 -0.3373428 -0.0013036 0.2495075 -0.3004296 0.0550053 0.0860894 -0.3753585 -0.0746786 0.2642762 -0.3265063 -0.0024195 0.2674998 -0.9635549 -0.0033381 0.6388947 -0.7692869 0.1413972 0.2213022 -0.9649001 -0.1750373 0.6194302 -0.7652896
-0.0326882 0.0980829 -0.3249225 -0.0541928 0.2927796 -0.3172135 0.0090626 0.1033172 -0.3844391 -0.1492139 0.3199966 -0.3482806 -0.0958670 0.2876549 -0.9529240 -0.1245627 0.6729567 -0.7291182 0.0227599 0.2594714 -0.9654826 -0.3008675 0.6452253 -0.7022557
-0.0277965 0.0837786 -0.3467894 -0.0335059 0.3085378 -0.3303885 0.0119016 0.0975767 -0.4063413 -0.0935495 0.3411699 -0.3050371 -0.0776772 0.2341186 -0.9691000 -0.0739167 0.6806583 -0.7288625 0.0284684 0.2334023 -0.9719634 -0.2002711 0.7303773 -0.6530241
-0.0263938 0.0851082 -0.3461962 -0.0282590 0.3191151 -0.3283217 0.0083308 0.1117674 -0.4044735 -0.0474884 0.3276813 -0.3249334 -0.0738328 0.2380783 -0.9684355 -0.0616034 0.6956574 -0.7157275 0.0198486 0.2662939 -0.9636875 -0.1023658 0.7063477 -0.7004243
-0.0140135 0.0885513 -0.3460318 -0.0040664 0.3345184 -0.3219429 0.0488749 0.1038317 -0.3795627 -0.0437139 0.3626512 -0.3334262 -0.0392033 0.2477256 -0.9680367 -0.0087583 0.7204926 -0.6934073 0.1232558 0.2618495 -0.9572058 -0.0883876 0.7332652 -0.6741734
-0.0294769 0.0869643 -0.3624941 0.0128539 0.3487886 -0.3142066 0.0353870 0.0938364 -0.3950241 -0.0341008 0.3792306 -0.3316091 -0.0788272 0.2325601 -0.9693823 0.0273707 0.7427013 -0.6690633 0.0868274 0.2302420 -0.9692521 -0.0675372 0.7510720 -0.6567569
-0.0332291 0.0869696 -0.3676826 0.0235430 0.3646877 -0.3126780 0.0329431 0.0916265 -0.3978856 -0.0208166 0.4104152 -0.3277312 -0.0876095 0.2292978 -0.9694055 0.0489503 0.7582554 -0.6501174 0.0804224 0.2236832 -0.9713383 -0.0396035 0.7808136 -0.6235076
-0.0289239 0.0948937 -0.3631749 0.0340302 0.3800309 -0.3105443 0.0342386 0.0936353 -0.3995278 -0.0091407 0.4231093 -0.3265484 -0.0768271 0.2520549 -0.9646584 0.0691735 0.7724918 -0.6312459 0.0831478 0.2273918 -0.9702471 -0.0171000 0.7915310 -0.6108898
-0.0259230 0.0953219 -0.3582029 0.0507056 0.3961627 -0.3076332 0.0371021 0.0937086 -0.3947791 0.0151683 0.4436612 -0.3247841 -0.0697652 0.2565351 -0.9640138 0.1005791 0.7858234 -0.6102175 0.0910611 0.2299929 -0.9689227 0.0275765 0.8065900 -0.5904677
-0.0283330 0.0934584 -0.3552306 0.0616675 0.4131272 -0.3056510 0.0322706 0.0916573 -0.3956841 0.0287416 0.4627919 -0.3178487 -0.0769062 0.2536803 -0.9642260 0.1191435 0.7981745 -0.5905271 0.0792031 0.2249583 -0.9711440 0.0511265 0.8232305 -0.5654005
-0.0297984 0.0935346 -0.3546601 0.0779962 0.4242567 -0.3030053 0.0334568 0.0935315 -0.3908713 0.0501207 0.4775656 -0.3145259 -0.0809750 0.2541735 -0.9637629 0.1479577 0.8048088 -0.5747967 0.0829585 0.2319176 -0.9691915 0.0873141 0.8319560 -0.5479283
-0.0311049 0.0925966 -0.3548172 0.0949255 0.4342779 -0.2997038 0.0312147 0.0919723 -0.3926104 0.0664575 0.4907471 -0.3156183 -0.0845203 0.2516092 -0.9641313 0.1770584 0.8100304 -0.5590180 0.0771791 0.2274034 -0.9707374 0.1131670 0.8356678 -0.5374501
-0.0249897 0.0991088 -0.3424766 0.1076961 0.4417648 -0.2942414 0.0426367 0.1076236 -0.3682945 0.0908957 0.5010698 -0.3026646 -0.0699200 0.2773022 -0.9582352 0.1988474 0.8156633 -0.5432799 0.1104409 0.2787750 -0.9539850 0.1534361 0.8458289 -0.5109118
-0.0294073 0.1003443 -0.3433388 0.1275679 0.4614189 -0.2894590 0.0390405 0.1045866 -0.3680229 0.1120702 0.5123043 -0.2967579 -0.0819354 0.2795819 -0.9566193 0.2280298 0.8247945 -0.5174132 0.1015142 0.2719487 -0.9569424 0.1859895 0.8502105 -0.4924937
-0.0303721 0.0995350 -0.3437582 0.1380323 0.4661947 -0.2861963 0.0287406 0.1008247 -0.3863779 0.1278757 0.5263651 -0.2957940 -0.0845631 0.2771290 -0.9571043 0.2446602 0.8263230 -0.5072786 0.0717889 0.2518419 -0.9651021 0.2071948 0.8528603 -0.4792699
-0.0253517 0.1011255 -0.3401075 0.1549201 0.4650381 -0.2809190 0.0288963 0.1056427 -0.3885756 0.1461681 0.5336722 -0.2934652 -0.0712671 0.2842778 -0.9560895 0.2742158 0.8231393 -0.4972397 0.0715759 0.2616759 -0.9624981 0.2333713 0.8520583 -0.4685450
-0.0201935 0.1012643 -0.3391108 0.1675037 0.4678458 -0.2778701 0.0232931 0.1154552 -0.3958553 0.1655451 0.5366247 -0.2877782 -0.0569659 0.2856674 -0.9566342 0.2942063 0.8217324 -0.4880558 0.0563989 0.2795485 -0.9584737 0.2623448 0.8504070 -0.4560517
-0.0213556 0.0998624 -0.3389232 0.1820137 0.4729118 -0.2751036 0.0165594 0.1206263 -0.3976062 0.1811398 0.5407504 -0.2858778 -0.0603311 0.2821180 -0.9574809 0.3156723 0.8201867 -0.4771214 0.0398223 0.2900847 -0.9561721 0.2839515 0.8476704 -0.4481367
-0.0203521 0.0993404 -0.3388333 0.1939473 0.4740014 -0.2689897 0.0095949 0.1255338 -0.3999028 0.1995971 0.5366029 -0.2714549 -0.0575434 0.2808752 -0.9580177 0.3352659 0.8193799 -0.4649876 0.0228857 0.2994226 -0.9538461 0.3150127 0.8468895 -0.4284217
-0.0178846 0.1007574 -0.3378117 0.2077300 0.4774537 -0.2633435 0.0391219 0.1247586 -0.3763680 0.2189733 0.5417211 -0.2667133 -0.0506686 0.2854551 -0.9570518 0.3560114 0.8182687 -0.4513228 0.0981895 0.3131239 -0.9446228 0.3409215 0.8434105 -0.4152484
-0.0152931 0.0994448 -0.3382987 0.2178118 0.4762481 -0.2583494 0.0431425 0.1243415 -0.3740453 0.2356397 0.5430815 -0.2614245 -0.0433303 0.2817584 -0.9585065 0.3729967 0.8155619 -0.4424163 0.1088015 0.3135781 -0.9433086 0.3641177 0.8391863 -0.4039612
-0.0146233 0.0990770 -0.3384957 0.2258570 0.4762807 -0.2546315 0.0484408 0.1189977 -0.3691301 0.2474590 0.5436212 -0.2582992 -0.0414258 0.2806709 -0.9589097 0.3858173 0.8136002 -0.4349710 0.1239368 0.3044585 -0.9444282 0.3802661 0.8353735 -0.3969241
-0.0189221 0.0940995 -0.3441961 0.2333142 0.4744527 -0.2499870 0.0471720 0.1053429 -0.3727888 0.2612665 0.5417512 -0.2513978 -0.0529544 0.2633417 -0.9632482 0.3989388 0.8112562 -0.4274473 0.1208769 0.2699380 -0.9552603 0.4007855 0.8310520 -0.3856468
-0.0163385 0.0935185 -0.3416235 0.2377753 0.4728112 -0.2457998 0.0507294 0.1070809 -0.3667308 0.2669315 0.5412123 -0.2474715 -0.0460797 0.2637525 -0.9634891 0.4074787 0.8102629 -0.4212305 0.1316288 0.2778453 -0.9515649 0.4092591 0.8297862 -0.3794231
-0.0147774 0.0918533 -0.3399726 0.2397204 0.4722041 -0.2438948 0.0526554 0.1058084 -0.3638571 0.2698319 0.5401394 -0.2450199 -0.0419250 0.2605972 -0.9645369 0.4111610 0.8099100 -0.4183208 0.1376360 0.2765724 -0.9510857 0.4141008 0.8289315 -0.3760228
-0.0136609 0.0899358 -0.3376069 0.2406549 0.4714724 -0.2433237 0.0548180 0.1030906 -0.3588193 0.2704567 0.5396735 -0.2445231 -0.0390705 0.2572184 -0.9655632 0.4130799 0.8092740 -0.4176608 0.1452756 0.2732049 -0.9509227 0.4152596 0.8286154 -0.3754411
-0.0124588 0.0902194 -0.3369433 0.2409553 0.4708440 -0.2430741 0.0562880 0.1033177 -0.3573067 0.2689063 0.5380877 -0.2461384 -0.0356948 0.2584823 -0.9653563 0.4139426 0.8088736 -0.4175825 0.1496308 0.2746501 -0.9498305 0.4137348 0.8278928 -0.3787044
-0.0128886 0.0901574 -0.3367402 0.2393472 0.4708099 -0.2439063 0.0561468 0.1032918 -0.3560780 0.2652822 0.5388117 -0.2478424 -0.0369473 0.2584501 -0.9653178 0.4114224 0.8092919 -0.4192592 0.1497310 0.2754564 -0.9495812 0.4083108 0.8293155 -0.3814683
-0.0123391 0.0899496 -0.3369443 0.2368691 0.4714881 -0.2460307 0.0569550 0.1029165 -0.3554529 0.2574495 0.5412297 -0.2510217 -0.0353593 0.2577631 -0.9655609 0.4068624 0.8098599 -0.4225990 0.1521196 0.2748769 -0.9493694 0.3962066 0.8329354 -0.3863145
-0.0156528 0.0929945 -0.3412863 0.2262990 0.4709100 -0.2500641 0.0540689 0.0966627 -0.3622094 0.2405215 0.5375091 -0.2585369 -0.0442074 0.2626404 -0.9638805 0.3906940 0.8130026 -0.4317232 0.1427507 0.2552051 -0.9562911 0.3739896 0.8357788 -0.4020019
-0.0025991 0.0953539 -0.3188252 0.2087179 0.4662794 -0.2545884 0.0540436 0.1045927 -0.3637541 0.2162840 0.5310510 -0.2598206 -0.0078099 0.2865294 -0.9580396 0.3656686 0.8169098 -0.4460324 0.1413528 0.2735654 -0.9514102 0.3435675 0.8435752 -0.4127253
-0.0012129 0.0968897 -0.3159211 0.1925650 0.4640842 -0.2609297 0.0471923 0.1083999 -0.3691826 0.1944629 0.5257342 -0.2684780 -0.0036704 0.2932080 -0.9560416 0.3401233 0.8197017 -0.4608744 0.1217392 0.2796326 -0.9523577 0.3128805 0.8458785 -0.4319669
-0.0332808 0.0908308 -0.3018472 0.1769397 0.4690907 -0.2650416 0.0267882 0.0766031 -0.3303189 0.1764643 0.5283967 -0.2718016 -0.1049970 0.2865602 -0.9522914 0.3120087 0.8271766 -0.4673643 0.0787561 0.2252095 -0.9711221 0.2846869 0.8524537 -0.4384930
-0.0036108 0.0937024 -0.3290630 0.1607929 0.4658678 -0.2693652 0.0542319 0.0854674 -0.3638163 0.1535663 0.5234072 -0.2761151 -0.0105529 0.2738529 -0.9617137 0.2862894 0.8294706 -0.4796008 0.1436094 0.2263229 -0.9634077 0.2511826 0.8561173 -0.4516309
-0.0051662 0.0953415 -0.3298793 0.1349512 0.4588235 -0.2752195 0.0524140 0.0874731 -0.3651485 0.1261870 0.5167237 -0.2801342 -0.0150435 0.2776239 -0.9605720 0.2445681 0.8315123 -0.4987722 0.1382517 0.2307265 -0.9631468 0.2099035 0.8595344 -0.4659840
-0.0072853 0.0948737 -0.3306687 0.1214443 0.4515461 -0.2797708 0.0499823 0.0871981 -0.3664856 0.1031689 0.5066923 -0.2887179 -0.0211728 0.2757259 -0.9610031 0.2228751 0.8286794 -0.5134366 0.1315264 0.2294580 -0.9643909 0.1742036 0.8555637 -0.4875079
-0.0113078 0.0953043 -0.3313538 0.0984159 0.4425617 -0.2875520 0.0451862 0.0874624 -0.3683439 0.0733361 0.4978270 -0.2955580 -0.0327789 0.2762662 -0.9605220 0.1833131 0.8243321 -0.5356052 0.1185141 0.2293961 -0.9660910 0.1256661 0.8530585 -0.5064576
-0.0105759 0.0965994 -0.3318057 0.0764678 0.4284800 -0.2925313 0.0458751 0.0893208 -0.3689756 0.0430500 0.4806004 -0.3062841 -0.0305890 0.2793964 -0.9596885 0.1458139 0.8170541 -0.5578180 0.1199680 0.2335827 -0.9649077 0.0753249 0.8409099 -0.5359074
-0.0099416 0.0952268 -0.3326684 0.0585914 0.4136336 -0.2995782 0.0464788 0.0879319 -0.3698814 0.0219871 0.4579364 -0.3119816 -0.0287187 0.2750850 -0.9609909 0.1139744 0.8046177 -0.5827523 0.1213482 0.2295751 -0.9656966 0.0396488 0.8257856 -0.5625888
0.0009320 0.1004439 -0.3170418 0.0385448 0.3901085 -0.3038273 0.0607236 0.0947769 -0.3488872 -0.0116321 0.4266846 -0.3217665 0.0028024 0.3020199 -0.9532975 0.0777169 0.7865644 -0.6125982 0.1656419 0.2585326 -0.9516951 -0.0217611 0.7982336 -0.6019548
0.0139775 0.1138481 -0.2824925 0.0208267 0.3687586 -0.3103414 0.0787150 0.1124423 -0.3031884 -0.0253962 0.4032144 -0.3282498 0.0458442 0.3734054 -0.9265348 0.0431714 0.7643943 -0.6433022 0.2365163 0.3378573 -0.9109953 -0.0487871 0.7745895 -0.6305798
-0.0108871 0.0940444 -0.3303445 0.0060058 0.3463628 -0.3183714 0.0458070 0.0860780 -0.3669992 -0.0418312 0.3693685 -0.3365144 -0.0316815 0.2736691 -0.9613020 0.0127649 0.7361700 -0.6766763 0.1206300 0.2266811 -0.9664699 -0.0834249 0.7366408 -0.6711189
-0.0181464 0.0915295 -0.3406783 -0.0329903 0.3159040 -0.3313596 0.0359199 0.0825936 -0.3809056 -0.0581370 0.3337242 -0.3327145 -0.0513732 0.2591244 -0.9644767 -0.0718740 0.6882409 -0.7219131 0.0917709 0.2110161 -0.9731651 -0.1224410 0.7028488 -0.7007223
-0.0324717 0.0882868 -0.3569074 -0.0486437 0.2930457 -0.3273261 0.0165724 0.0785134 -0.4029550 -0.0725918 0.3081705 -0.3371055 -0.0879764 0.2391974 -0.9669771 -0.1100480 0.6629648 -0.7405182 0.0403352 0.1910920 -0.9807431 -0.1569653 0.6663574 -0.7289237
-0.0322405 0.0860752 -0.3591366 0.0106219 0.2552150 -0.3045910 0.0159260 0.0750498 -0.4058233 -0.0762968 0.2739009 -0.3446795 -0.0869692 0.2321888 -0.9687749 0.0267204 0.6420159 -0.7662256 0.0385606 0.1817135 -0.9825952 -0.1707556 0.6130025 -0.7714081
-0.0295375 0.0888807 -0.3627363 0.0078676 0.2510657 -0.3052057 0.0182925 0.0789881 -0.4100189 -0.0798751 0.2706052 -0.3457433 -0.0788438 0.2372474 -0.9682445 0.0199038 0.6351589 -0.7721250 0.0437663 0.1889856 -0.9810041 -0.1789889 0.6063882 -0.7747621
-0.0804832 0.2299653 -0.3632132 -0.0591682 0.1953874 -0.3207246 -0.0493700 0.2669266 -0.4110362 -0.1477269 0.2136207 -0.3600796 -0.1840198 0.5258009 -0.8304638 -0.1556295 0.5139258 -0.8435993 -0.1002268 0.5418916 -0.8344508 -0.3327364 0.4811541 -0.8110346
-0.1158915 0.2296383 -0.3688581 -0.0860258 0.1890281 -0.3193428 -0.1257419 0.1843727 -0.3183965 -0.1765638 0.2072614 -0.3539018 -0.2577143 0.5106594 -0.8202501 -0.2258277 0.4962207 -0.8383119 -0.3233940 0.4741858 -0.8188798 -0.3954236 0.4641723 -0.7925808
-0.1163977 0.2305409 -0.3719194 -0.0857045 0.1850327 -0.3209983 -0.0943375 0.2676459 -0.4244339 -0.1759383 0.2032661 -0.3563440 -0.2570659 0.5091529 -0.8213893 -0.2253649 0.4865538 -0.8440830 -0.1847702 0.5242137 -0.8313001 -0.3941474 0.4553686 -0.7983027
-0.0215503 0.1377501 -0.3493070 -0.0783924 0.1826695 -0.3218591 -0.0477398 0.1960613 -0.3843252 -0.1679506 0.2009029 -0.3588832 -0.0572987 0.3662545 -0.9287489 -0.2072259 0.4828764 -0.8508160 -0.1099793 0.4516714 -0.8853798 -0.3780461 0.4522196 -0.8078233
0.0574440 0.1832662 -0.2730234 -0.0696091 0.1794875 -0.3221204 0.1352769 0.2070255 -0.2889757 -0.1587333 0.1977209 -0.3601776 0.1720866 0.5490160 -0.8179044 -0.1854939 0.4782971 -0.8583844 0.3556639 0.5443022 -0.7597620 -0.3603689 0.4488817 -0.8177038
-0.0137845 0.1393235 -0.3482880 -0.0681887 0.1786269 -0.3225596 -0.0437416 0.1966899 -0.3818134 -0.1570468 0.1968603 -0.3612338 -0.0367221 0.3711593 -0.9278428 -0.1818514 0.4763775 -0.8602294 -0.1013195 0.4555965 -0.8844016 -0.3566414 0.4470549 -0.8203346
-0.0695464 0.1132746 -0.4016057 -0.0690846 0.1775191 -0.3226779 -0.0294630 0.1710489 -0.4207831 -0.1579387 0.1957524 -0.3613615 -0.1644004 0.2677692 -0.9493535 -0.1843688 0.4737521 -0.8611429 -0.0647290 0.3757871 -0.9244426 -0.3587239 0.4446097 -0.8207553
-0.0554018 0.1145278 -0.3930352 -0.0693979 0.1786915 -0.3227866 -0.0224129 0.1757148 -0.4149491 -0.1582821 0.1969249 -0.3614008 -0.1341080 0.2772309 -0.9513979 -0.1848555 0.4759814 -0.8598082 -0.0496765 0.3894586 -0.9197033 -0.3589513 0.4465852 -0.8195826
-0.0287583 0.1451804 -0.3667306 -0.0689759 0.1781180 -0.3230525 -0.0222992 0.2083464 -0.4025170 -0.1578004 0.1963513 -0.3618039 -0.0727195 0.3671095 -0.9273308 -0.1837909 0.4746075 -0.8607953 -0.0491398 0.4591251 -0.8870115 -0.3579383 0.4453832 -0.8206790
-0.0322090 0.1566609 -0.3685926 -0.0960629 0.1062194 -0.2866268 -0.0383707 0.2155929 -0.4110354 -0.2011800 0.1311754 -0.3343225 -0.0801625 0.3899010 -0.9173610 -0.2998081 0.3315060 -0.8945495 -0.0823886 0.4629157 -0.8825651 -0.4887215 0.3186612 -0.8121615
