0.0058516 0.0876545 -0.3542429 0.1187019 0.4447822 -0.2817235 0.0625247 0.1276384 -0.3765844 0.0837457 0.4988454 -0.2977332 0.0160330 0.2401668 -0.9705992 0.2199354 0.8241097 -0.5219882 0.1553360 0.3171038 -0.9355832 0.1426804 0.8499006 -0.5072587
0.0059534 0.0895535 -0.3575195 0.1076533 0.4371147 -0.2838280 0.0600108 0.1344629 -0.3767711 0.0607918 0.4850350 -0.3009246 0.0161508 0.2429473 -0.9699050 0.2022868 0.8213644 -0.5333297 0.1483498 0.3323995 -0.9313984 0.1059035 0.8449649 -0.5242316
0.0075118 0.0938739 -0.3572616 0.0887533 0.4211456 -0.2851694 0.0627013 0.1374347 -0.3763997 0.0476697 0.4687811 -0.3023188 0.0203316 0.2540804 -0.9669694 0.1719036 0.8157046 -0.5523362 0.1545960 0.3388582 -0.9280491 0.0851483 0.8373431 -0.5400059
0.0046668 0.0956734 -0.3590456 0.0725279 0.4083184 -0.2897548 0.0604920 0.1391270 -0.3765116 0.0238810 0.4475052 -0.3118002 0.0125585 0.2574612 -0.9662070 0.1433621 0.8071014 -0.5727431 0.1490218 0.3427391 -0.9275357 0.0437429 0.8196966 -0.5711253
0.0027334 0.0957438 -0.3593983 0.0645164 0.3954666 -0.2906023 0.0587586 0.1392061 -0.3761898 0.0071815 0.4317262 -0.3118559 0.0073490 0.2574154 -0.9662729 0.1303412 0.7989536 -0.5870983 0.1449396 0.3433791 -0.9279457 0.0134832 0.8105578 -0.5855035
0.0012542 0.0960415 -0.3613860 0.0547253 0.3815835 -0.2884261 0.0563409 0.1409078 -0.3775764 -0.0103693 0.4173498 -0.3074692 0.0033540 0.2568419 -0.9664476 0.1136686 0.7925777 -0.5990827 0.1384529 0.3462691 -0.9278623 -0.0199993 0.8049425 -0.5930157
0.0010480 0.0953084 -0.3635447 0.0474835 0.3690605 -0.2879039 0.0532762 0.1429279 -0.3812735 -0.0141046 0.3997330 -0.3048150 0.0027884 0.2535932 -0.9673069 0.1009262 0.7844383 -0.6119399 0.1297351 0.3480500 -0.9284557 -0.0280471 0.7948728 -0.6061275
0.0057170 0.0967543 -0.3700773 0.0230472 0.3563818 -0.2937062 0.0582880 0.1440043 -0.3877802 -0.0252768 0.3784896 -0.3076791 0.0149440 0.2529135 -0.9673735 0.0498440 0.7707422 -0.6351945 0.1395311 0.3447209 -0.9282772 -0.0517517 0.7749174 -0.6299403
0.0048751 0.0981196 -0.3719099 0.0129148 0.3485322 -0.2968687 0.0585637 0.1443225 -0.3890139 -0.0336796 0.3650866 -0.3088664 0.0126735 0.2550771 -0.9668376 0.0281977 0.7609719 -0.6481718 0.1397585 0.3444162 -0.9283561 -0.0702541 0.7615546 -0.6442818
0.0079515 0.0988475 -0.3760917 0.0504821 0.3207122 -0.2936718 0.0599986 0.1464989 -0.3942622 -0.0396599 0.3395780 -0.3050003 0.0204437 0.2541419 -0.9669508 0.1153148 0.7325942 -0.6708265 0.1412202 0.3448184 -0.9279855 -0.0865632 0.7411764 -0.6657059
0.0070391 0.0972542 -0.3771482 -0.0500566 0.3133915 -0.3172922 0.0566434 0.1470374 -0.3964033 -0.0476509 0.3238091 -0.3098828 0.0180699 0.2496582 -0.9681654 -0.1115418 0.6983348 -0.7070268 0.1327874 0.3446950 -0.9292754 -0.1057214 0.7184232 -0.6875254
0.0045730 0.0979500 -0.3793912 0.0235348 0.3056430 -0.3032963 0.0401489 0.1561028 -0.4051265 -0.0727367 0.2911677 -0.3147184 0.0116699 0.2499629 -0.9681851 0.0545758 0.7087687 -0.7033267 0.0920820 0.3580231 -0.9291611 -0.1672586 0.6695423 -0.7236972
-0.0147232 0.0923737 -0.3957746 -0.0677371 0.2662331 -0.3188415 0.0386029 0.1125077 -0.4411691 -0.0745640 0.2787971 -0.3154831 -0.0362036 0.2271419 -0.9731885 -0.1609470 0.6325838 -0.7575842 0.0844845 0.2462292 -0.9655224 -0.1743897 0.6520483 -0.7378491
-0.0036158 0.0913044 -0.3870521 -0.0005502 0.2597440 -0.2604294 0.0301659 0.1272402 -0.4406907 -0.0844001 0.2578070 -0.3205436 -0.0090920 0.2295857 -0.9732460 -0.0014958 0.7061736 -0.7080371 0.0656232 0.2767999 -0.9586842 -0.2009891 0.6139375 -0.7633375
0.0031603 0.0925960 -0.3824392 0.0032104 0.2566686 -0.2583112 0.0031471 0.1838369 -0.4197784 -0.0839718 0.2513541 -0.3242568 0.0080312 0.2353127 -0.9718865 0.0088158 0.7048203 -0.7093311 0.0068673 0.4011461 -0.9159884 -0.2005177 0.6002125 -0.7742981
0.0863347 0.1773594 -0.2646526 -0.0489790 0.2129300 -0.2902315 0.1595748 0.2033280 -0.2759022 -0.1437911 0.2090879 -0.3583859 0.2615591 0.5373268 -0.8017897 -0.1348243 0.5861317 -0.7989193 0.4220900 0.5378211 -0.7297866 -0.3274463 0.4761425 -0.8161294
0.0912776 0.1704825 -0.2668660 -0.0524167 0.2114640 -0.2906101 0.1682575 0.1943868 -0.2799857 -0.1476052 0.2076220 -0.3582378 0.2769635 0.5172949 -0.8097513 -0.1443167 0.5822146 -0.8001243 0.4426468 0.5113870 -0.7365780 -0.3357887 0.4723215 -0.8149591
0.0503969 0.1591411 -0.2795112 -0.0829789 0.2018059 -0.2952336 0.1171933 0.1795584 -0.2993380 -0.1813461 0.1995543 -0.3548197 0.1547986 0.4888159 -0.8585432 -0.2260292 0.5497064 -0.8041975 0.3182782 0.4876519 -0.8129542 -0.4069235 0.4477810 -0.7961818
0.0473416 0.1451708 -0.2807182 -0.0822389 0.2013259 -0.2949997 0.1139128 0.1612785 -0.3014886 -0.1806010 0.1991164 -0.3545195 0.1481462 0.4542837 -0.8784527 -0.2243915 0.5493246 -0.8049167 0.3160804 0.4475088 -0.8365579 -0.4059238 0.4475394 -0.7968277
0.0475283 0.1541085 -0.2808118 -0.0830069 0.2030061 -0.2939038 0.1147569 0.1726786 -0.3023113 -0.1815486 0.2007854 -0.3531528 0.1467709 0.4758983 -0.8671673 -0.2263516 0.5535776 -0.8014467 0.3130494 0.4710560 -0.8246856 -0.4080088 0.4512412 -0.7936688
0.0472402 0.1563740 -0.2810788 -0.0831594 0.2005546 -0.2949541 0.1152461 0.1758310 -0.3035557 -0.1819487 0.1988552 -0.3528680 0.1453100 0.4810033 -0.8645929 -0.2270594 0.5475964 -0.8053460 0.3121101 0.4761864 -0.8220911 -0.4097646 0.4478396 -0.7946903
0.0486726 0.1671122 -0.2802867 -0.0820452 0.2004556 -0.2954383 0.1169972 0.1897149 -0.3024915 -0.1808563 0.1991286 -0.3527241 0.1475225 0.5065026 -0.8495247 -0.2239653 0.5471996 -0.8064814 0.3113774 0.5049089 -0.8050535 -0.4077070 0.4488985 -0.7951510
0.0500104 0.1674241 -0.2801371 -0.0798680 0.2012580 -0.2938230 0.1187487 0.1900191 -0.3023687 -0.1782990 0.1992834 -0.3529035 0.1514712 0.5070928 -0.8484771 -0.2188240 0.5514112 -0.8050228 0.3155316 0.5049070 -0.8034355 -0.4026898 0.4500833 -0.7970357
0.0531141 0.1528837 -0.2753443 -0.0786036 0.2018736 -0.2920694 0.1226791 0.1705895 -0.2959833 -0.1767982 0.1992233 -0.3528094 0.1662995 0.4786763 -0.8620983 -0.2161560 0.5551427 -0.8031769 0.3379742 0.4699648 -0.8154180 -0.3999366 0.4506645 -0.7980928
0.0500663 0.1596663 -0.2782210 -0.0773952 0.2010995 -0.2917469 0.1187142 0.1794588 -0.2998980 -0.1755263 0.1984554 -0.3525877 0.1542095 0.4917889 -0.8569499 -0.2133894 0.5544598 -0.8043875 0.3216285 0.4862020 -0.8125040 -0.3979870 0.4499763 -0.7994547
0.0461096 0.1521186 -0.2789448 -0.0753824 0.2035806 -0.2894404 0.1134384 0.1688248 -0.3011224 -0.1734728 0.2004250 -0.3513334 0.1436191 0.4738084 -0.8688378 -0.2083506 0.5626794 -0.7999887 0.3121760 0.4645961 -0.8286716 -0.3941565 0.4553959 -0.7982827
0.0478193 0.1501020 -0.2789587 -0.0759506 0.2027629 -0.2899472 0.1156247 0.1662458 -0.3009306 -0.1740380 0.1997369 -0.3515980 0.1492640 0.4685309 -0.8707463 -0.2098829 0.5603181 -0.8012445 0.3187710 0.4583307 -0.8296493 -0.3953315 0.4537071 -0.7986632
0.0477764 0.1488025 -0.2795477 -0.0765014 0.2010747 -0.2921304 0.1156599 0.1644628 -0.3017369 -0.1748118 0.1987380 -0.3521064 0.1491762 0.4646185 -0.8728551 -0.2108640 0.5542305 -0.8052111 0.3189840 0.4535798 -0.8321746 -0.3968542 0.4511708 -0.7993445
0.0626292 0.1503757 -0.2766144 -0.0760716 0.2009308 -0.2915130 0.1329533 0.1669617 -0.2963687 -0.1743507 0.1984747 -0.3517551 0.1950972 0.4684379 -0.8616862 -0.2100657 0.5548545 -0.8049900 0.3640340 0.4571511 -0.8114753 -0.3963314 0.4511697 -0.7996045
0.0661817 0.1500506 -0.2752065 -0.0730593 0.2034862 -0.2885031 0.1370202 0.1671122 -0.2930396 -0.1705609 0.1996439 -0.3527491 0.2065822 0.4683736 -0.8590401 -0.2026468 0.5644162 -0.8002304 0.3763195 0.4589657 -0.8048193 -0.3878582 0.4539934 -0.8021571
0.0682231 0.1494204 -0.2743039 -0.0613950 0.2118298 -0.2863731 0.1391029 0.1661489 -0.2915413 -0.1584642 0.2079873 -0.3512707 0.2133812 0.4673418 -0.8579395 -0.1698544 0.5860452 -0.7922755 0.3829387 0.4573940 -0.8025887 -0.3618690 0.4749600 -0.8021620
0.0615629 0.1714352 -0.2789488 -0.0499958 0.2147138 -0.2816081 0.1287094 0.1953012 -0.2968524 -0.1402535 0.2366939 -0.3146179 0.1847873 0.5145804 -0.8372937 -0.1397945 0.6003668 -0.7874117 0.3405653 0.5167675 -0.7854723 -0.3355774 0.5663255 -0.7527704
0.0615161 0.1741685 -0.2791420 0.0701707 0.2297416 -0.0754420 0.1280220 0.1986875 -0.2968809 0.0433099 0.2468405 -0.0153869 0.1837825 0.5203370 -0.8339505 0.2786908 0.9124448 -0.2996263 0.3373620 0.5235791 -0.7823374 0.1724923 0.9831027 -0.0612821
0.0604054 0.1754790 -0.2790866 0.2126311 0.2594985 -0.0789728 0.1265104 0.2003540 -0.2968299 0.2330100 0.2863692 -0.0199547 0.1802296 0.5235706 -0.8327011 0.6169361 0.7529191 -0.2291347 0.3330898 0.5275130 -0.7815249 0.6302191 0.7745392 -0.0539712
0.0253164 0.2656844 -0.3094589 0.2225254 0.2242943 -0.0545420 0.0794250 0.3209804 -0.3373749 0.2417815 0.2362110 0.0095486 0.0619515 0.6501533 -0.7572732 0.6940366 0.6995536 -0.1701116 0.1681321 0.6794722 -0.7141772 0.7150135 0.6985401 0.0282379
0.0513932 0.2685612 -0.2920651 0.2252287 0.2288162 -0.0381199 0.1142235 0.3250632 -0.3143304 0.2414486 0.2405101 0.0268472 0.1284556 0.6712595 -0.7300067 0.6966052 0.7077010 -0.1179004 0.2449116 0.6969819 -0.6739692 0.7062941 0.7035489 0.0785345
0.0875209 0.2546723 -0.2593622 0.2230931 0.2274200 -0.0365156 0.1624313 0.3067441 -0.2709596 0.2377192 0.2385928 0.0289195 0.2340878 0.6811596 -0.6937035 0.6957278 0.7092215 -0.1138759 0.3688812 0.6966151 -0.6153487 0.7032211 0.7058055 0.0855496
0.0880633 0.2546078 -0.2572854 0.2205764 0.2253038 -0.0283813 0.1631427 0.3065875 -0.2681790 0.2325885 0.2351022 0.0378014 0.2363947 0.6834620 -0.6906498 0.6967534 0.7116864 -0.0896503 0.3718065 0.6987208 -0.6111867 0.6987463 0.7062981 0.1135636
0.1076040 0.2522689 -0.2500503 0.2183312 0.2238011 -0.0271904 0.1845265 0.3020111 -0.2581821 0.2294638 0.2323801 0.0393146 0.2899299 0.6797174 -0.6737395 0.6956796 0.7131085 -0.0866380 0.4212114 0.6893888 -0.5893421 0.6975912 0.7064570 0.1195200
0.1136203 0.2530339 -0.2503572 0.2156385 0.2239047 -0.0229539 0.1905967 0.3027590 -0.2580723 0.2248306 0.2320993 0.0438952 0.3040819 0.6771946 -0.6700310 0.6918027 0.7183218 -0.0736397 0.4320693 0.6863336 -0.5850319 0.6894384 0.7117278 0.1346037
0.1179963 0.2518158 -0.2523792 0.1941554 0.2033931 -0.0092930 0.1950299 0.3014838 -0.2598909 0.1856063 0.1966680 0.0578048 0.3142050 0.6705449 -0.6720452 0.6901129 0.7229475 -0.0330314 0.4399978 0.6801633 -0.5863274 0.6711953 0.7111969 0.2090356
0.0929337 0.2460777 -0.2440020 0.2257963 0.2320009 -0.0193951 0.1701313 0.2955375 -0.2511950 0.2420054 0.2477812 0.0447036 0.2590222 0.6858607 -0.6800754 0.6962110 0.7153419 -0.0598019 0.4016890 0.6977797 -0.5930847 0.6929715 0.7095102 0.1280067
0.0195594 0.2260852 -0.2403389 0.2194967 0.2306130 -0.0162790 0.0725541 0.2690819 -0.2458580 0.2316050 0.2438695 0.0492808 0.0591733 0.6839775 -0.7270992 0.6885337 0.7234042 -0.0510652 0.1952275 0.7240416 -0.6615511 0.6813627 0.7174439 0.1449800
-0.0093060 0.0793540 -0.3742530 0.2186465 0.2266763 -0.0159621 0.0469377 0.1236654 -0.3877781 0.2305875 0.2367847 0.0501867 -0.0243175 0.2073603 -0.9779623 0.6933539 0.7188172 -0.0506176 0.1145613 0.3018312 -0.9464532 0.6897627 0.7083007 0.1501248
-0.0095588 0.0787623 -0.3733457 0.2169720 0.2259670 -0.0174345 0.0459073 0.1239825 -0.3870705 0.2281937 0.2351501 0.0489740 -0.0250439 0.2063553 -0.9781566 0.6915343 0.7202031 -0.0555673 0.1122354 0.3031160 -0.9463212 0.6887616 0.7097583 0.1478194
-0.0108668 0.0786085 -0.3698361 0.2800017 0.3894805 -0.2149397 0.0392479 0.1291568 -0.3854270 0.0750766 0.4956516 -0.2939834 -0.0287288 0.2078193 -0.9777453 0.5326895 0.7409675 -0.4089121 0.0961058 0.3162647 -0.9437904 0.1291866 0.8528833 -0.5058665
-0.0126380 0.0963596 -0.3716527 0.1247751 0.4572326 -0.2760895 0.0446194 0.1051460 -0.4158578 0.0819350 0.5044908 -0.2942147 -0.0328986 0.2508390 -0.9674696 0.2274828 0.8336004 -0.5033506 0.1034632 0.2438117 -0.9642879 0.1389354 0.8554543 -0.4988936
-0.0047811 0.0971695 -0.3636003 0.1323287 0.4612499 -0.2722505 0.0515484 0.1277048 -0.3983031 0.1019815 0.5231970 -0.2866895 -0.0127026 0.2581613 -0.9660183 0.2398523 0.8360386 -0.4934677 0.1223151 0.3030206 -0.9451019 0.1684952 0.8644329 -0.4736721
-0.0042822 0.0976592 -0.3616370 0.1506796 0.4646006 -0.2635730 0.0517942 0.1337842 -0.3909646 0.1171071 0.5328828 -0.2797481 -0.0114308 0.2606916 -0.9653544 0.2714932 0.8371131 -0.4749033 0.1243695 0.3212458 -0.9387936 0.1909966 0.8691087 -0.4562570
-0.0046378 0.0975461 -0.3610815 0.1655975 0.4702776 -0.2588856 0.0506317 0.1366934 -0.3879602 0.1401769 0.5416415 -0.2764579 -0.0123987 0.2607806 -0.9653185 0.2947689 0.8371092 -0.4608247 0.1221685 0.3298256 -0.9361036 0.2246199 0.8679282 -0.4429972
-0.0064911 0.1021035 -0.3614936 0.1791669 0.4763024 -0.2555241 0.0520472 0.1228968 -0.3995803 0.1605460 0.5505580 -0.2699982 -0.0172776 0.2717741 -0.9622060 0.3146392 0.8364460 -0.4487319 0.1235454 0.2917222 -0.9484907 0.2532801 0.8685694 -0.4259535
-0.0101190 0.1125204 -0.3642727 0.1972913 0.4852690 -0.2476134 0.0476236 0.1229182 -0.4074852 0.1830534 0.5616981 -0.2620431 -0.0265319 0.2950277 -0.9551203 0.3405007 0.8375148 -0.4273504 0.1111981 0.2870064 -0.9514527 0.2832410 0.8691228 -0.4054628
-0.0079795 0.1159394 -0.3637281 0.2165191 0.4915419 -0.2402306 0.0493336 0.1256079 -0.4076752 0.2050938 0.5682882 -0.2524786 -0.0208972 0.3036314 -0.9525604 0.3679847 0.8353992 -0.4082834 0.1148815 0.2924990 -0.9493401 0.3132169 0.8678833 -0.3855824
0.0347450 0.1281652 -0.2983145 0.2230793 0.4932077 -0.2381766 0.0966281 0.1373644 -0.3248876 0.2222504 0.5708000 -0.2498516 0.1064052 0.3925007 -0.9135760 0.3772096 0.8339755 -0.4027379 0.2642065 0.3755903 -0.8883281 0.3359597 0.8628366 -0.3776824
0.0406518 0.1235737 -0.2870788 0.2350668 0.4927685 -0.2367816 0.1044562 0.1313895 -0.3091730 0.2372442 0.5733626 -0.2476797 0.1289805 0.3920757 -0.9108461 0.3950046 0.8280447 -0.3978861 0.2969205 0.3734793 -0.8788353 0.3550961 0.8581823 -0.3707154
0.0403782 0.1255480 -0.2829805 0.2474614 0.4951261 -0.2345027 0.1045064 0.1336332 -0.3040151 0.2497965 0.5702999 -0.2440146 0.1293332 0.4021359 -0.9063993 0.4116482 0.8236348 -0.3900917 0.3001811 0.3838440 -0.8732440 0.3735456 0.8528260 -0.3648992
0.0398037 0.1255999 -0.2811332 0.2563708 0.4940265 -0.2330654 0.1040335 0.1337893 -0.3018129 0.2644530 0.5688664 -0.2399896 0.1282021 0.4045394 -0.9054900 0.4248676 0.8187199 -0.3862450 0.3005525 0.3865168 -0.8719363 0.3937251 0.8469444 -0.3573034
0.0392728 0.1253936 -0.2807284 0.2644214 0.4924869 -0.2319169 0.1035192 0.1336001 -0.3013507 0.2734496 0.5691194 -0.2399964 0.1267033 0.4045495 -0.9056964 0.4369274 0.8137807 -0.3832172 0.2996123 0.3866746 -0.8721899 0.4048241 0.8425438 -0.3552989
0.0317778 0.1302523 -0.2967887 0.2711286 0.4944037 -0.2310915 0.0937332 0.1399173 -0.3230240 0.2802345 0.5687184 -0.2400033 0.0975776 0.3999554 -0.9113256 0.4449224 0.8113170 -0.3792214 0.2573038 0.3840821 -0.8867219 0.4133749 0.8389185 -0.3540297
0.0309756 0.1302664 -0.2975519 0.2729423 0.4942963 -0.2312979 0.0927731 0.1396038 -0.3242738 0.2828115 0.5689497 -0.2403405 0.0949323 0.3992336 -0.9119213 0.4473111 0.8100769 -0.3790623 0.2541494 0.3824409 -0.8883395 0.4163273 0.8375518 -0.3538057
0.0307379 0.1298090 -0.2980072 0.2773402 0.4939831 -0.2318924 0.0924987 0.1389392 -0.3248854 0.2870186 0.5674770 -0.2420655 0.0941431 0.3975750 -0.9127273 0.4530693 0.8069820 -0.3788248 0.2532446 0.3803904 -0.8894775 0.4218101 0.8339791 -0.3557458
0.0304951 0.1289757 -0.2982972 0.2776904 0.4936652 -0.2320879 0.0921736 0.1377826 -0.3254695 0.2870325 0.5663756 -0.2429267 0.0934247 0.3951295 -0.9138624 0.4536589 0.8064938 -0.3791587 0.2523550 0.3772242 -0.8910774 0.4222060 0.8331014 -0.3573292
0.0357545 0.1297780 -0.2845591 0.2776504 0.4937682 -0.2328911 0.0991706 0.1388469 -0.3072827 0.2851236 0.5649851 -0.2463778 0.1135809 0.4122646 -0.9039565 0.4533196 0.8061750 -0.3802411 0.2821539 0.3950386 -0.8742618 0.4198420 0.8319355 -0.3627892
0.0355166 0.1296602 -0.2851076 0.2707580 0.4933279 -0.2394469 0.0988653 0.1386817 -0.3080345 0.2766098 0.5645233 -0.2538187 0.1126747 0.4113409 -0.9044905 0.4427266 0.8066589 -0.3915286 0.2808807 0.3940008 -0.8751396 0.4080059 0.8326851 -0.3743885
0.0349297 0.1298548 -0.2852220 0.2612427 0.4921011 -0.2450301 0.0982185 0.1388589 -0.3083215 0.2630549 0.5589433 -0.2607043 0.1107715 0.4118042 -0.9045148 0.4292188 0.8085167 -0.4025817 0.2789320 0.3943474 -0.8756067 0.3923213 0.8336105 -0.3888155
0.0347259 0.1291161 -0.2857038 0.2497341 0.4896238 -0.2490959 0.0979732 0.1381085 -0.3089213 0.2479578 0.5560277 -0.2650293 0.1100867 0.4093183 -0.9057259 0.4138465 0.8113793 -0.4127889 0.2781073 0.3920357 -0.8769061 0.3734328 0.8373964 -0.3991431
0.0353979 0.1286579 -0.2875462 0.2381179 0.4892819 -0.2536668 0.0985308 0.1375844 -0.3110980 0.2329501 0.5532221 -0.2689552 0.1116653 0.4058615 -0.9070873 0.3966188 0.8149677 -0.4225177 0.2782203 0.3884957 -0.8784444 0.3541530 0.8410610 -0.4088913
0.0360282 0.1281717 -0.2892357 0.2219988 0.4871521 -0.2586665 0.0990713 0.1370606 -0.3130402 0.2015290 0.5443573 -0.2769476 0.1131511 0.4025399 -0.9083823 0.3733794 0.8193404 -0.4350508 0.2784452 0.3852162 -0.8798163 0.3133480 0.8463957 -0.4306129
0.0358810 0.1282040 -0.2890805 0.2038276 0.4901451 -0.2646659 0.0988578 0.1370936 -0.3130599 0.1913825 0.5417505 -0.2775233 0.1127402 0.4028243 -0.9083074 0.3436314 0.8263320 -0.4461983 0.2778679 0.3853407 -0.8799443 0.2999371 0.8490385 -0.4349382
0.0372539 0.1281422 -0.2918395 0.1838677 0.4762336 -0.2656753 0.1001440 0.1370343 -0.3160437 0.1657293 0.5346837 -0.2811359 0.1160910 0.3993179 -0.9094328 0.3194975 0.8275266 -0.4616504 0.2791586 0.3819930 -0.8809948 0.2645697 0.8535675 -0.4488045
0.0365673 0.1286638 -0.2905357 0.1688185 0.4678002 -0.2672040 0.0994056 0.1375407 -0.3148796 0.1475123 0.5273052 -0.2837350 0.1143272 0.4022659 -0.9083565 0.2990236 0.8286015 -0.4732910 0.2779036 0.3845159 -0.8802938 0.2391970 0.8550463 -0.4600875
0.0364274 0.1283806 -0.2903724 0.1470831 0.4611768 -0.2728288 0.0992304 0.1372557 -0.3148069 0.1176212 0.5182313 -0.2907625 0.1139890 0.4017298 -0.9086361 0.2647019 0.8299690 -0.4910035 0.2775860 0.3839577 -0.8806376 0.1941723 0.8555106 -0.4799987
0.0363807 0.1291475 -0.2893533 0.1281966 0.4538427 -0.2793927 0.0992031 0.1382366 -0.3136581 0.0974152 0.5076138 -0.2947068 0.1140646 0.4049168 -0.9072109 0.2338716 0.8279543 -0.5097016 0.2780074 0.3873952 -0.8789976 0.1637256 0.8531462 -0.4953135
0.0377792 0.1292397 -0.2904842 0.1153279 0.4438724 -0.2805583 0.1006437 0.1384289 -0.3146422 0.0783247 0.4938670 -0.2973806 0.1179958 0.4036549 -0.9072705 0.2145153 0.8256235 -0.5218516 0.2809880 0.3864808 -0.8784522 0.1346282 0.8488813 -0.5111514
0.0431568 0.1303864 -0.2946355 0.1015854 0.4298045 -0.2829745 0.1059874 0.1397162 -0.3188273 0.0646771 0.4732736 -0.2998719 0.1327599 0.4010974 -0.9063640 0.1936714 0.8194172 -0.5394875 0.2912744 0.3839680 -0.8762008 0.1146760 0.8391400 -0.5316893
0.0450229 0.1308776 -0.2961533 0.0901274 0.4184516 -0.2862871 0.1078048 0.1402649 -0.3204488 0.0500064 0.4628730 -0.3044871 0.1377273 0.4003613 -0.9059481 0.1750178 0.8125887 -0.5559391 0.2945183 0.3831980 -0.8754532 0.0898919 0.8320635 -0.5473480
0.0458049 0.1310802 -0.2972606 0.0737146 0.4060597 -0.2901280 0.1085453 0.1405023 -0.3216494 0.0245663 0.4482379 -0.3118570 0.1396102 0.3995234 -0.9060298 0.1461221 0.8049193 -0.5751115 0.2954433 0.3824253 -0.8754794 0.0449436 0.8200420 -0.5705359
0.0456451 0.1310105 -0.2973170 0.0597504 0.3950026 -0.2948266 0.1083698 0.1404344 -0.3217453 0.0131718 0.4360975 -0.3138545 0.1391227 0.3993098 -0.9061990 0.1203413 0.7955619 -0.5938007 0.2949607 0.3822340 -0.8757256 0.0245076 0.8114103 -0.5839630
0.0457151 0.1314097 -0.2970435 0.0565540 0.3833347 -0.2951292 0.1083940 0.1408398 -0.3215863 0.0048971 0.4207180 -0.3145869 0.1393695 0.4006222 -0.9055816 0.1161087 0.7870087 -0.6059176 0.2950080 0.3833134 -0.8752378 0.0093216 0.8008338 -0.5988140
0.0472608 0.1345947 -0.2962021 0.0588145 0.3610063 -0.2931011 0.1099778 0.1440300 -0.3206457 -0.0083153 0.4030076 -0.3178937 0.1437536 0.4093975 -0.9009598 0.1254806 0.7702057 -0.6253301 0.2985998 0.3910548 -0.8705827 -0.0161977 0.7850357 -0.6192387
0.0634410 0.1406614 -0.2958046 0.0025006 0.3596430 -0.3064198 0.1261776 0.1501682 -0.3201705 -0.0212459 0.3831642 -0.3170881 0.1901522 0.4216056 -0.8866176 0.0052924 0.7611727 -0.6485276 0.3360492 0.3999434 -0.8527111 -0.0426791 0.7697055 -0.6369709
0.1452647 0.1655808 -0.2646220 -0.0055077 0.3507859 -0.3088580 0.2298528 0.1836605 -0.2757166 -0.0257227 0.3568659 -0.3170928 0.4219112 0.4809178 -0.7685760 -0.0117835 0.7504848 -0.6607826 0.5700488 0.4554892 -0.6837938 -0.0538039 0.7464527 -0.6632598
0.0865299 0.1508885 -0.2713892 -0.0254495 0.3308632 -0.3126954 0.1560946 0.1651155 -0.2853011 -0.0356560 0.3368452 -0.3154435 0.2684381 0.4680950 -0.8419193 -0.0558157 0.7256461 -0.6858006 0.4279771 0.4527105 -0.7822332 -0.0770338 0.7277454 -0.6815075
0.0864103 0.1502164 -0.2701853 -0.0392376 0.3066425 -0.3174669 0.1574077 0.1647516 -0.2845765 -0.0560333 0.3140445 -0.3201170 0.2692030 0.4679848 -0.8417363 -0.0885486 0.6920094 -0.7164371 0.4317745 0.4519189 -0.7806024 -0.1239873 0.6949000 -0.7083369
0.0846144 0.1498208 -0.2670218 -0.0530521 0.2825699 -0.3140233 0.1568534 0.1645312 -0.2816041 -0.1164628 0.3172328 -0.3233608 0.2663696 0.4716421 -0.8405956 -0.1246060 0.6636848 -0.7375608 0.4334118 0.4546269 -0.7781186 -0.2490008 0.6782530 -0.6913548
0.0847423 0.1494507 -0.2669292 -0.0724650 0.2593873 -0.3148298 0.1571391 0.1642021 -0.2814228 -0.1370886 0.2919130 -0.3235202 0.2669556 0.4708003 -0.8408816 -0.1749063 0.6260743 -0.7598939 0.4344012 0.4539265 -0.7779758 -0.3001023 0.6390305 -0.7082222
0.0557229 0.1694177 -0.2788215 -0.0714144 0.2582539 -0.3147637 0.1187785 0.1911481 -0.2973502 -0.1233366 0.2103580 -0.3326425 0.1683564 0.5118644 -0.8424078 -0.1727631 0.6247588 -0.7614653 0.3185165 0.5125828 -0.7973745 -0.2990356 0.5100230 -0.8065075
0.0828095 0.1584852 -0.2646447 -0.0836946 0.2406328 -0.3235978 0.1559716 0.1772705 -0.2792399 -0.1308953 0.1879562 -0.3411152 0.2592716 0.4962077 -0.8285868 -0.2032137 0.5842659 -0.7857083 0.4265167 0.4847604 -0.7636039 -0.3185746 0.4574502 -0.8302105
0.0873802 0.1589002 -0.2645870 -0.1056570 0.2220985 -0.3284980 0.1637506 0.1783718 -0.2802006 -0.1522296 0.1683860 -0.3444871 0.2724109 0.4953773 -0.8248598 -0.2574689 0.5412175 -0.8004957 0.4421768 0.4816585 -0.7566273 -0.3689950 0.4081572 -0.8350152
0.0874494 0.1590545 -0.2648763 -0.0996370 0.2230783 -0.3272196 0.1647660 0.1792025 -0.2812523 -0.1779647 0.2461453 -0.3494729 0.2723432 0.4953427 -0.8249029 -0.2439884 0.5462683 -0.8012869 0.4429510 0.4817616 -0.7561086 -0.3843540 0.5316050 -0.7547636
0.0808813 0.1523211 -0.2647951 -0.0991409 0.2231051 -0.3271950 0.1570207 0.1706550 -0.2819767 -0.1775062 0.2461761 -0.3492793 0.2559485 0.4820193 -0.8379426 -0.2428485 0.5465023 -0.8014735 0.4300896 0.4674348 -0.7723521 -0.3836171 0.5320228 -0.7548441
0.0809497 0.1504316 -0.2649958 -0.1107248 0.1621590 -0.3036795 0.1569810 0.1682808 -0.2822539 -0.1273032 0.0940904 -0.2836410 0.2567502 0.4771274 -0.8404932 -0.3061820 0.4484105 -0.8397503 0.4310506 0.4620785 -0.7750347 -0.3919130 0.2896648 -0.8732116
0.0660024 0.1853581 -0.2721629 -0.1076072 0.1637770 -0.3029691 0.1372456 0.2149706 -0.2920530 -0.1241693 0.0957084 -0.2829172 0.1965309 0.5519285 -0.8104015 -0.2982279 0.4538997 -0.8396637 0.3539614 0.5544170 -0.7532152 -0.3838895 0.2958981 -0.8746846
0.0801471 0.1644287 -0.2640026 -0.1067386 0.1638355 -0.3027213 0.1562680 0.1871326 -0.2813815 -0.1232896 0.0957667 -0.2826603 0.2495382 0.5119490 -0.8219726 -0.2961816 0.4546158 -0.8400006 0.4197268 0.5026274 -0.7557745 -0.3818124 0.2965775 -0.8753634
0.0805026 0.1637286 -0.2637367 -0.1061155 0.1638927 -0.3021217 0.1567909 0.1862463 -0.2811164 -0.1226704 0.0958238 -0.2820637 0.2510261 0.5105444 -0.8223931 -0.2949943 0.4556112 -0.8398790 0.4216126 0.5008187 -0.7559256 -0.3807691 0.2974372 -0.8755261
0.0786609 0.1623604 -0.2645140 -0.1062807 0.1634159 -0.3009805 0.1548502 0.1845241 -0.2826400 -0.1227638 0.0953469 -0.2808635 0.2456762 0.5070888 -0.8261381 -0.2963818 0.4557129 -0.8393352 0.4169740 0.4968786 -0.7610810 -0.3824320 0.2970232 -0.8749417
0.0801294 0.1622037 -0.2633766 -0.1062386 0.1642332 -0.3007997 0.1567166 0.1842546 -0.2811689 -0.1227149 0.0961641 -0.2806770 0.2507744 0.5076357 -0.8242683 -0.2960916 0.4577251 -0.8383421 0.4225322 0.4967788 -0.7580748 -0.3822058 0.2995111 -0.8741921
0.0848029 0.1592753 -0.2611407 -0.1058647 0.1645265 -0.3003485 0.1629073 0.1802814 -0.2782839 -0.1223667 0.0964573 -0.2802469 0.2671642 0.5017830 -0.8227011 -0.2953412 0.4589959 -0.8379119 0.4409636 0.4879924 -0.7532692 -0.3816218 0.3008187 -0.8739982
