-0.1392639 0.1325518 -0.1929654 0.1991878 0.0425971 -0.2061226 -0.0795716 0.1424995 -0.2307169 0.2049605 -0.0117793 -0.2519178 -0.5112536 0.4866127 -0.7083980 0.6873580 0.1469942 -0.7112888 -0.2815605 0.5042279 -0.8163810 0.6306920 -0.0362465 -0.7751863
-0.1298536 0.1076639 -0.1966313 0.1991266 0.0720394 -0.1971518 -0.0697055 0.1156586 -0.2341216 0.2202139 0.0091585 -0.2233924 -0.5012294 0.4155783 -0.7589887 0.6882414 0.2489899 -0.6814161 -0.2579057 0.4279289 -0.8662341 0.7017232 0.0291840 -0.7118517
-0.1241995 0.0669794 -0.1920300 0.2003425 0.1357879 -0.0956346 -0.0605807 0.0618485 -0.2238657 0.2282892 0.1922551 -0.1212886 -0.5211879 0.2810708 -0.8058303 0.7698568 0.5217927 -0.3674955 -0.2523953 0.2576772 -0.9326838 0.7086143 0.5967637 -0.3764822
-0.1113752 0.0362225 -0.1900287 0.2259021 0.1398247 -0.0367216 -0.0500989 0.0198366 -0.2226458 0.2617951 0.1972791 -0.0429187 -0.4989471 0.1622723 -0.8513046 0.8422900 0.5213451 -0.1369189 -0.2187025 0.0865950 -0.9719416 0.7918738 0.5967267 -0.1298197
-0.1166357 0.0098257 -0.1804401 0.1843302 0.1418135 -0.1375322 -0.0526575 -0.0104190 -0.2088090 0.1770417 0.1351572 -0.1190320 -0.5422919 0.0456841 -0.8389472 0.6822190 0.5248617 -0.5090162 -0.2442390 -0.0483259 -0.9685101 0.7010256 0.5351770 -0.4713265
-0.1041156 -0.0078736 -0.1730111 0.1969261 0.1702427 -0.1307206 -0.0425877 -0.0308237 -0.2008422 0.1856668 0.1855646 -0.1205646 -0.5152290 -0.0389635 -0.8561664 0.6760464 0.5844424 -0.4487631 -0.2051346 -0.1484699 -0.9674071 0.6427488 0.6423952 -0.4173756
-0.1081402 -0.0166320 -0.1723486 0.1962895 0.1984268 -0.1290384 -0.0524041 -0.0557461 -0.1935721 0.1839342 0.2028726 -0.1199732 -0.5297240 -0.0814718 -0.8442481 0.6383486 0.6452992 -0.4196428 -0.2517684 -0.2678244 -0.9299907 0.6152276 0.6785734 -0.4012893
-0.1079086 -0.0320606 -0.1688609 0.1950917 0.2175584 -0.1228879 -0.0508051 -0.0793050 -0.1905881 0.1762600 0.2389272 -0.1312034 -0.5317170 -0.1579779 -0.8320577 0.6154164 0.6862875 -0.3876496 -0.2389821 -0.3730429 -0.8965080 0.5429992 0.7360562 -0.4041945
-0.1096560 -0.0392143 -0.1654319 0.1972558 0.2382349 -0.1127034 -0.0529881 -0.0838877 -0.1892923 0.1754160 0.2578538 -0.1286480 -0.5420160 -0.1938316 -0.8177090 0.5992110 0.7236945 -0.3423630 -0.2479319 -0.3925110 -0.8857002 0.5199717 0.7643353 -0.3813411
-0.1122306 -0.0435157 -0.1624903 0.1961124 0.2501392 -0.1050196 -0.0566567 -0.0903086 -0.1854657 0.1714753 0.2720165 -0.1303179 -0.5549959 -0.2151911 -0.8035374 0.5858440 0.7472378 -0.3137236 -0.2648461 -0.4221541 -0.8669732 0.4942258 0.7840051 -0.3756020
-0.1129827 -0.0446136 -0.1619479 0.1964141 0.2568367 -0.1020976 -0.0563650 -0.0920125 -0.1845530 0.1636779 0.2904432 -0.1350859 -0.5581002 -0.2203777 -0.7999737 0.5792753 0.7574771 -0.3011121 -0.2636554 -0.4304015 -0.8632731 0.4550193 0.8074227 -0.3755343
-0.1125660 -0.0432612 -0.1627141 0.1930761 0.2641943 -0.1000616 -0.0562205 -0.0903442 -0.1847684 0.1608354 0.2974445 -0.1366657 -0.5557984 -0.2136036 -0.8034063 0.5642478 0.7720844 -0.2924212 -0.2636755 -0.4237160 -0.8665679 0.4409863 0.8155479 -0.3747168
-0.1114955 -0.0406734 -0.1637333 0.1910025 0.2683807 -0.0986461 -0.0598759 -0.0857506 -0.1834977 0.1591163 0.3041756 -0.1368917 -0.5513490 -0.2011314 -0.8096668 0.5554624 0.7804891 -0.2868768 -0.2834896 -0.4059967 -0.8687925 0.4305472 0.8230584 -0.3704106
-0.1079603 -0.0360558 -0.1670601 0.1859212 0.2741135 -0.0944020 -0.0539938 -0.0779004 -0.1876473 0.1576734 0.3106795 -0.1365001 -0.5340609 -0.1783616 -0.8264176 0.5398289 0.7958984 -0.2740995 -0.2568358 -0.3705543 -0.8925945 0.4213774 0.8302816 -0.3647925
-0.1080349 -0.0282405 -0.1698757 0.1855889 0.2736149 -0.0934682 -0.0512984 -0.0656435 -0.1915365 0.1555848 0.3106209 -0.1369496 -0.5314323 -0.1389171 -0.8356326 0.5401680 0.7963731 -0.2720449 -0.2455995 -0.3142789 -0.9170113 0.4166413 0.8318132 -0.3667381
-0.1119423 -0.0208084 -0.1723502 0.1842885 0.2671883 -0.0951832 -0.0500662 -0.0425769 -0.2003630 0.1519696 0.3035655 -0.1375835 -0.5419256 -0.1007359 -0.8343674 0.5448327 0.7899184 -0.2814007 -0.2374305 -0.2019139 -0.9501882 0.4148769 0.8287338 -0.3756029
-0.1162688 -0.0072363 -0.1785065 0.1801765 0.2593586 -0.1030562 -0.0548563 -0.0316974 -0.2052912 0.1443242 0.2875461 -0.1464972 -0.5454639 -0.0339483 -0.8374465 0.5423878 0.7807509 -0.3102315 -0.2553297 -0.1475360 -0.9555312 0.4082535 0.8133889 -0.4144002
-0.1180736 0.0066627 -0.1865747 0.1782663 0.2490858 -0.1091539 -0.0564092 -0.0123676 -0.2169493 0.1415236 0.2657711 -0.1509312 -0.5345167 0.0301619 -0.8446195 0.5482208 0.7660111 -0.3356800 -0.2512619 -0.0550885 -0.9663502 0.4201838 0.7890746 -0.4481148
-0.1228557 0.0267882 -0.1963965 0.1795968 0.2239992 -0.1211339 -0.0597031 0.0120925 -0.2261137 0.1464740 0.2392182 -0.1476054 -0.5268232 0.1148716 -0.8421768 0.5763414 0.7188325 -0.3887292 -0.2549504 0.0516386 -0.9655743 0.4621129 0.7547129 -0.4656823
-0.1272942 0.0429981 -0.2005698 0.1787237 0.2076491 -0.1256397 -0.0646592 0.0311694 -0.2325755 0.1391418 0.2239559 -0.1646210 -0.5272849 0.1781093 -0.8308115 0.5929664 0.6889346 -0.4168452 -0.2656497 0.1280584 -0.9555267 0.4476426 0.7205038 -0.5296135
-0.1313668 0.0663506 -0.2066032 0.2111134 0.1654411 -0.1382586 -0.0698438 0.0465573 -0.2367778 0.1689334 0.1868696 -0.2223646 -0.5178809 0.2615707 -0.8144816 0.6996225 0.5482661 -0.4581842 -0.2780230 0.1853278 -0.9425268 0.5027586 0.5561379 -0.6617737
-0.1343455 0.0902511 -0.2134101 0.1767084 0.1456436 -0.1315534 -0.0749036 0.1035034 -0.2505368 0.1386562 0.1483924 -0.1918188 -0.5015900 0.3369599 -0.7967844 0.6691185 0.5514896 -0.4981362 -0.2663397 0.3680339 -0.8908503 0.4963406 0.5311928 -0.6866442
-0.1479961 0.1062677 -0.2153520 0.1743749 0.1428045 -0.1284360 -0.0846685 0.1030758 -0.2480133 0.1485408 0.1290998 -0.1700483 -0.5246502 0.3767217 -0.7634284 0.6721882 0.5504891 -0.4951008 -0.3006591 0.3660236 -0.8806991 0.5711099 0.4963630 -0.6538022
-0.1643982 0.1265845 -0.2149631 0.1559754 0.0805079 -0.1568539 -0.1030176 0.1350770 -0.2502838 0.1195872 0.0684146 -0.2169940 -0.5502621 0.4236949 -0.7195097 0.6625984 0.3420053 -0.6663301 -0.3405649 0.4465498 -0.8274109 0.4652529 0.2661664 -0.8442128
-0.1707651 0.1465140 -0.2188168 0.1542877 0.0816267 -0.1579578 -0.1101706 0.1585607 -0.2553773 0.1352515 0.0675706 -0.1916970 -0.5440811 0.4668137 -0.6971805 0.6553975 0.3467414 -0.6709877 -0.3441210 0.4952685 -0.7976778 0.5539815 0.2767648 -0.7851788
-0.1793951 0.1690792 -0.2198598 0.1654831 0.0722362 -0.1366015 -0.1107651 0.2087519 -0.2584993 0.1540191 0.0508812 -0.1605142 -0.5431013 0.5118710 -0.6656043 0.7308915 0.3190467 -0.6033297 -0.3162546 0.5960250 -0.7380631 0.6749281 0.2229668 -0.7033902
-0.1874220 0.1878701 -0.2212337 0.2028105 0.0857776 -0.0906651 -0.1200227 0.2245880 -0.2599699 0.1592037 0.0507359 -0.1510284 -0.5424745 0.5437715 -0.6403390 0.8516485 0.3602002 -0.3807238 -0.3298153 0.6171548 -0.7143822 0.7068426 0.2252606 -0.6705454
-0.1901343 0.1980132 -0.2241618 0.2260610 0.0540246 -0.0657417 -0.1180145 0.2469789 -0.2655463 0.1795935 0.0217424 -0.1439085 -0.5364761 0.5587070 -0.6324871 0.9358943 0.2236622 -0.2721711 -0.3094512 0.6476147 -0.6963011 0.7769138 0.0940566 -0.6225418
-0.1919275 0.2107886 -0.2286775 0.2254862 0.0469746 -0.0646041 -0.1152409 0.2520096 -0.2702887 0.1812057 0.0065108 -0.1401921 -0.5251661 0.5767754 -0.6257242 0.9426048 0.1963687 -0.2700658 -0.2977042 0.6510219 -0.6982426 0.7906078 0.0284071 -0.6116636
-0.1902813 0.2204786 -0.2336225 0.2256604 0.0550096 -0.0514272 -0.1128900 0.2609160 -0.2746941 0.1823790 0.0102036 -0.1251195 -0.5096463 0.5905264 -0.6257309 0.9485765 0.2312359 -0.2161773 -0.2855660 0.6600116 -0.6948646 0.8237270 0.0460852 -0.5651106
-0.1677276 0.2126329 -0.2244018 0.2585384 0.0272109 -0.0396151 -0.0908664 0.2532168 -0.2663161 0.2144064 -0.0166715 -0.1133588 -0.4768887 0.6045651 -0.6380268 0.9831573 0.1034764 -0.1506465 -0.2400384 0.6689134 -0.7035172 0.8819630 -0.0685785 -0.4663028
-0.1687408 0.2138440 -0.2246461 0.2615052 0.0290607 -0.0329606 -0.0920621 0.2545727 -0.2667533 0.2088867 0.0027913 -0.1041454 -0.4779050 0.6056457 -0.6362391 0.9861740 0.1095922 -0.1242993 -0.2422352 0.6698354 -0.7018850 0.8948732 0.0119581 -0.4461601
-0.1670280 0.2150953 -0.2257661 0.2664012 0.0252722 -0.0325319 -0.0887999 0.2522214 -0.2683502 0.2133955 0.0043520 -0.1023800 -0.4721722 0.6080540 -0.6382192 0.9882543 0.0937511 -0.1206819 -0.2344050 0.6657888 -0.7083640 0.9014528 0.0183845 -0.4324869
-0.1672868 0.2145034 -0.2252855 0.2514672 0.0543639 -0.0647281 -0.0892476 0.2517039 -0.2681515 0.2174319 0.0067215 -0.1054566 -0.4736322 0.6073145 -0.6378414 0.9478812 0.2049194 -0.2439863 -0.2358235 0.6650896 -0.7085500 0.8994093 0.0278034 -0.4362223
-0.1682277 0.2132836 -0.2239095 0.2857656 0.0426131 -0.0476436 -0.0885088 0.2488429 -0.2650427 0.2415648 0.0023118 -0.1233635 -0.4778775 0.6058657 -0.6360502 0.9758848 0.1455229 -0.1627022 -0.2365462 0.6650506 -0.7083457 0.8905560 0.0085229 -0.4547938
-0.1681892 0.2100225 -0.2205670 0.3166288 0.0691720 -0.0630208 -0.0865863 0.2440881 -0.2591938 0.2374300 0.0341449 -0.1103540 -0.4834163 0.6036554 -0.6339628 0.9589962 0.2095062 -0.1908757 -0.2363086 0.6661578 -0.7073839 0.8992213 0.1293174 -0.4179450
-0.1672459 0.2043413 -0.2153804 0.2682354 0.0800337 -0.0917453 -0.0810044 0.2345637 -0.2463699 0.2516026 0.0555475 -0.1187061 -0.4908070 0.5996688 -0.6320647 0.9105928 0.2716945 -0.3114527 -0.2316492 0.6707846 -0.7045471 0.8868899 0.1958028 -0.4184348
-0.1614505 0.1973340 -0.2095267 0.2645682 0.0867214 -0.1128576 -0.0809987 0.2277756 -0.2400312 0.2550051 0.0678142 -0.1337769 -0.4892251 0.5979587 -0.6349049 0.8806533 0.2886646 -0.3756628 -0.2377615 0.6686065 -0.7045813 0.8619631 0.2292242 -0.4521901
-0.1649539 0.1800629 -0.2035170 0.3041917 0.1295342 -0.0900429 -0.0855876 0.2107987 -0.2321836 0.2423617 0.0843777 -0.1634298 -0.5189088 0.5664383 -0.6402198 0.8877229 0.3780197 -0.2627722 -0.2632897 0.6484715 -0.7142571 0.7965872 0.2773301 -0.5371563
-0.1498547 0.1648766 -0.2006920 0.3326995 0.1499292 -0.0977645 -0.0747535 0.1725430 -0.2233196 0.2417198 0.1106775 -0.1776412 -0.4997434 0.5498390 -0.6692784 0.8806456 0.3968580 -0.2587798 -0.2560551 0.5910156 -0.7649420 0.7559860 0.3461471 -0.5555784
-0.1442733 0.1298849 -0.1994119 0.3557011 0.1966814 -0.1016337 -0.0712706 0.1340142 -0.2246582 0.2421005 0.1175174 -0.1831700 -0.5184123 0.4667109 -0.7165400 0.8489885 0.4694397 -0.2425795 -0.2628667 0.4942832 -0.8286044 0.7436961 0.3609957 -0.5626706
-0.1812156 0.0873828 -0.1681408 0.2776235 0.1567338 -0.1477686 -0.1121197 0.0882395 -0.2082123 0.2126928 0.1442116 -0.2135745 -0.6911484 0.3332741 -0.6412817 0.7900694 0.4460378 -0.4205243 -0.4442018 0.3495918 -0.8249063 0.6365387 0.4315909 -0.6391774
-0.1657673 0.0679722 -0.1680955 0.2851864 0.1784066 -0.1417513 -0.1038960 0.0704503 -0.2034869 0.2142325 0.1509531 -0.2128278 -0.6747483 0.2766778 -0.6842252 0.7812486 0.4887327 -0.3883180 -0.4345456 0.2946589 -0.8510853 0.6345629 0.4471275 -0.6304023
-0.1540131 0.0499373 -0.1673942 0.2823214 0.1988605 -0.1547313 -0.0912772 0.0473740 -0.2012233 0.2790393 0.1951782 -0.1508157 -0.6613320 0.2144306 -0.7187903 0.7460766 0.5255187 -0.4089006 -0.4039184 0.2096387 -0.8904502 0.7492430 0.5240692 -0.4049523
-0.1520803 0.0358983 -0.1616343 0.2665231 0.2185938 -0.1653243 -0.0888485 0.0322009 -0.1986593 0.1924344 0.2023064 -0.2464045 -0.6764620 0.1596778 -0.7189591 0.6971649 0.5717927 -0.4324515 -0.4038713 0.1463731 -0.9030298 0.5167555 0.5432654 -0.6616845
-0.1454013 0.0190464 -0.1579941 0.2605007 0.2282490 -0.1660563 -0.0806406 0.0088059 -0.1965388 0.1909902 0.2094178 -0.2457931 -0.6745259 0.0883575 -0.7329446 0.6782103 0.5942435 -0.4323256 -0.3792680 0.0414158 -0.9243595 0.5090858 0.5582048 -0.6551634
-0.1353642 0.0033639 -0.1567718 0.2744370 0.2314154 -0.1577858 -0.0548291 -0.0249258 -0.1962029 0.1954018 0.2300889 -0.2361517 -0.6534517 0.0162388 -0.7567941 0.6998641 0.5901512 -0.4023825 -0.2671473 -0.1214476 -0.9559722 0.5098376 0.6003423 -0.6161613
-0.1299766 -0.0043796 -0.1538542 0.2985728 0.2431719 -0.1057696 -0.0600321 -0.0253888 -0.1906572 0.1869042 0.2448196 -0.2392316 -0.6451883 -0.0217398 -0.7637142 0.7476819 0.6089478 -0.2648669 -0.2979394 -0.1260047 -0.9462320 0.4792390 0.6277393 -0.6134112
-0.1166810 -0.0120417 -0.1485794 0.2130089 0.2799667 -0.1796594 -0.0566239 -0.0265840 -0.1841945 0.1742047 0.2557810 -0.2475976 -0.6163745 -0.0636110 -0.7848797 0.5392516 0.7087613 -0.4548242 -0.2910857 -0.1366600 -0.9468860 0.4395469 0.6453773 -0.6247293
-0.1118739 -0.0157198 -0.1456760 0.2128554 0.2880737 -0.1750623 -0.0508588 -0.0281523 -0.1804521 0.1374736 0.2765607 -0.2728682 -0.6068610 -0.0852722 -0.7902205 0.5339088 0.7225803 -0.4391117 -0.2682651 -0.1484951 -0.9518314 0.3335777 0.6710704 -0.6621106
-0.1086020 -0.0182708 -0.1417256 0.2059763 0.2961603 -0.1695214 -0.0470522 -0.0297237 -0.1758897 0.1335640 0.2753274 -0.2759060 -0.6050805 -0.1017965 -0.7896297 0.5167613 0.7430183 -0.4253018 -0.2550466 -0.1611174 -0.9534109 0.3241610 0.6682219 -0.6696262
-0.1066724 -0.0184810 -0.1406819 0.2031857 0.2991918 -0.1690856 -0.0444732 -0.0289993 -0.1739592 0.1243652 0.2759752 -0.2793970 -0.6009170 -0.1041089 -0.7925025 0.5089352 0.7494092 -0.4235220 -0.2445183 -0.1594412 -0.9564462 0.3019038 0.6699460 -0.6782525
-0.1068973 -0.0186217 -0.1392262 0.2013048 0.2937033 -0.1650359 -0.0443969 -0.0287647 -0.1720530 0.1130475 0.2718524 -0.2794098 -0.6055971 -0.1054961 -0.7887476 0.5129352 0.7483716 -0.4205203 -0.2466469 -0.1598021 -0.9558392 0.2785119 0.6697552 -0.6883742
-0.1102273 -0.0108516 -0.1399135 0.1681378 0.2656740 -0.1963610 -0.0480485 -0.0212832 -0.1732563 0.1035745 0.2762350 -0.2780774 -0.6177006 -0.0608111 -0.7840587 0.4535814 0.7167024 -0.5297184 -0.2653867 -0.1175537 -0.9569488 0.2554784 0.6813653 -0.6859097
-0.1090347 -0.0099348 -0.1422051 0.1605944 0.2504742 -0.2275273 -0.0470233 -0.0207782 -0.1757279 0.0976523 0.2610368 -0.2741467 -0.6075365 -0.0553563 -0.7923604 0.4287526 0.6687126 -0.6074492 -0.2568268 -0.1134841 -0.9597715 0.2497898 0.6677190 -0.7012535
-0.1117210 -0.0064301 -0.1466215 0.1485505 0.2414578 -0.2282950 -0.0526949 -0.0133951 -0.1860434 0.0900304 0.2430848 -0.2686360 -0.6057070 -0.0348615 -0.7949237 0.4081185 0.6633663 -0.6272037 -0.2718676 -0.0691091 -0.9598500 0.2411674 0.6511591 -0.7196041
-0.1200424 0.0057887 -0.1549898 0.1284111 0.2143950 -0.1799632 -0.0617079 -0.0068599 -0.1940263 0.0814191 0.2096487 -0.2615071 -0.6120668 0.0295152 -0.7902550 0.4169689 0.6961707 -0.5843657 -0.3029083 -0.0336735 -0.9524246 0.2360542 0.6078240 -0.7581744
-0.1258641 0.0156873 -0.1608845 0.1473694 0.1692634 -0.1994635 -0.0681276 0.0028315 -0.2007335 0.0826135 0.1873766 -0.2524313 -0.6143611 0.0765720 -0.7853007 0.4908129 0.5637308 -0.6643119 -0.3213589 0.0133562 -0.9468633 0.2541573 0.5764573 -0.7765958
-0.1304646 0.0347791 -0.1692148 0.1528757 0.1569452 -0.1852174 -0.0751303 0.0098673 -0.2074516 0.0911498 0.1545874 -0.2400733 -0.6026595 0.1606562 -0.7816592 0.5328644 0.5470491 -0.6455950 -0.3401751 0.0446772 -0.9393002 0.3041019 0.5157478 -0.8009533
-0.1339582 0.0520783 -0.1763133 0.1547095 0.1482177 -0.1820654 -0.0799485 0.0676771 -0.2202035 0.0906893 0.1417960 -0.2478543 -0.5889007 0.2289442 -0.7751003 0.5502531 0.5271637 -0.6475492 -0.3278628 0.2775388 -0.9030383 0.3026975 0.4732785 -0.8272737
-0.1485105 0.0739694 -0.1783760 0.1536119 0.1425752 -0.1826306 -0.0904060 0.0791811 -0.2194043 0.0906123 0.1361301 -0.2493936 -0.6096290 0.3036412 -0.7322257 0.5525813 0.5128795 -0.6569692 -0.3613896 0.3165190 -0.8770481 0.3038371 0.4564652 -0.8362551
-0.1547450 0.0892163 -0.1834669 0.1857655 0.0905750 -0.1788885 -0.0958721 0.0966370 -0.2230332 0.1361570 0.0658365 -0.2459842 -0.6043359 0.3484224 -0.7165054 0.6796179 0.3313662 -0.6544586 -0.3669144 0.3698417 -0.8535754 0.4715258 0.2279985 -0.8518686
-0.1696121 0.1178794 -0.1834064 0.1866132 0.0942531 -0.1776558 -0.0882646 0.1327439 -0.2331291 0.1388354 0.0687715 -0.2447624 -0.6140301 0.4267473 -0.6639682 0.6801931 0.3435465 -0.6475439 -0.3125303 0.4700239 -0.8254710 0.4792748 0.2374066 -0.8449460
-0.1765077 0.1411355 -0.1827509 0.1351439 0.0405888 -0.1575342 -0.1219530 0.1825040 -0.2171268 0.0901651 -0.0096991 -0.1806547 -0.6073054 0.4856011 -0.6287860 0.6390062 0.1919176 -0.7448750 -0.3949942 0.5911131 -0.7032531 0.4460563 -0.0479825 -0.8937178
-0.1844371 0.1673616 -0.1873474 0.1398155 0.0423973 -0.1500002 -0.1185466 0.1951408 -0.2204586 0.0963766 -0.0082023 -0.1752840 -0.5918076 0.5370170 -0.6011460 0.6677140 0.2024759 -0.7163529 -0.3735067 0.6148333 -0.6946026 0.4814007 -0.0409704 -0.8755426
-0.1885392 0.1795272 -0.1906342 0.1555263 0.0280863 -0.1295636 -0.1229902 0.2264222 -0.2237895 0.1083088 0.0084693 -0.1792852 -0.5843025 0.5563735 -0.5907953 0.7610320 0.1374338 -0.6339892 -0.3603741 0.6634406 -0.6557264 0.5166607 0.0404007 -0.8552365
-0.1814063 0.1996150 -0.2047833 0.1852584 0.0291521 -0.1044345 -0.1050964 0.2342622 -0.2445851 0.1398604 -0.0055301 -0.1471276 -0.5356592 0.5894260 -0.6046869 0.8630489 0.1358086 -0.4865210 -0.2963746 0.6606255 -0.6897363 0.6887249 -0.0272323 -0.7245111
