-0.1682952 0.0507336 -0.1978464 0.1030202 0.0521704 -0.2109999 -0.1584238 0.0290640 -0.1943290 0.0859996 0.0609342 -0.2156815 -0.6359128 0.1916997 -0.7475735 0.4283007 0.2168954 -0.8772200 -0.6276656 0.1151498 -0.7699198 0.3582462 0.2538321 -0.8984592
-0.1724019 0.0187182 -0.1912388 0.0861491 0.0952414 -0.2108056 -0.1514627 -0.0000179 -0.1971272 0.0818231 0.0999042 -0.2099131 -0.6678179 0.0725070 -0.7407847 0.3490032 0.3858376 -0.8540059 -0.6092719 -0.0000720 -0.7929614 0.3320021 0.4053671 -0.8517348
-0.1672933 0.0029970 -0.1883900 0.1001447 0.1190858 -0.2136078 -0.1174841 -0.0450852 -0.2095713 0.0873052 0.1328031 -0.2074865 -0.6639521 0.0118945 -0.7476805 0.3789483 0.4506216 -0.8082935 -0.4806077 -0.1844360 -0.8573212 0.3340408 0.5081215 -0.7938698
-0.1765030 -0.0196840 -0.1754000 0.1028381 0.1460970 -0.2122569 -0.1208993 -0.0507105 -0.2098534 0.0865248 0.1616549 -0.2028961 -0.7071107 -0.0788585 -0.7026918 0.3706678 0.5265895 -0.7650549 -0.4886003 -0.2049405 -0.8480974 0.3163963 0.5911255 -0.7419326
-0.1744884 -0.0237826 -0.1754565 0.1016257 0.1638738 -0.2002536 -0.1208458 -0.0637781 -0.2031021 0.0992494 0.1743452 -0.1998253 -0.7019134 -0.0956701 -0.7058079 0.3655603 0.5894744 -0.7203371 -0.4936728 -0.2605428 -0.8297015 0.3505124 0.6157232 -0.7057096
-0.1656056 -0.0310218 -0.1812864 0.1005832 0.1746374 -0.1962045 -0.1108954 -0.0731600 -0.2030256 0.0995195 0.1867436 -0.1953990 -0.6691350 -0.1253446 -0.7324937 0.3576069 0.6208944 -0.6975726 -0.4570545 -0.3015284 -0.8367687 0.3455246 0.6483603 -0.6784112
-0.1658587 -0.0310735 -0.1802822 0.1112500 0.1828839 -0.1966500 -0.1108225 -0.0708529 -0.2053819 0.1005501 0.1898525 -0.1935394 -0.6716725 -0.1258373 -0.7300828 0.3827245 0.6291609 -0.6765194 -0.4543910 -0.2905089 -0.8421006 0.3477352 0.6565724 -0.6693227
-0.1664945 -0.0298361 -0.1792547 0.1069878 0.1842285 -0.1916971 -0.1101148 -0.0662588 -0.2063857 0.1015919 0.1896895 -0.1922352 -0.6755418 -0.1210583 -0.7273157 0.3733121 0.6428275 -0.6688878 -0.4529115 -0.2725280 -0.8488815 0.3520851 0.6574033 -0.6662260
-0.1647825 -0.0237018 -0.1819022 0.1155763 0.1822696 -0.2036645 -0.1058297 -0.0567847 -0.2078145 0.1022751 0.1879267 -0.1922434 -0.6682621 -0.0961208 -0.7376900 0.3894765 0.6142238 -0.6863215 -0.4409140 -0.2365797 -0.8658088 0.3555719 0.6533502 -0.6683579
-0.1633485 -0.0084433 -0.1854848 0.1145062 0.1711349 -0.2149195 -0.1043357 -0.0441327 -0.2075089 0.1095682 0.1673082 -0.1967867 -0.6605204 -0.0341416 -0.7500314 0.3847146 0.5749739 -0.7220801 -0.4413184 -0.1866721 -0.8777195 0.3905133 0.5963052 -0.7013697
-0.1604579 0.0137697 -0.1860642 0.1034751 0.1405592 -0.2336883 -0.0931001 -0.0125177 -0.1896925 0.1043235 0.1369736 -0.2034749 -0.6520511 0.0559558 -0.7561073 0.3547618 0.4819038 -0.8011946 -0.4398196 -0.0591356 -0.8961371 0.3913889 0.5138820 -0.7633741
-0.1606718 0.0459204 -0.1859678 0.1193985 0.0973445 -0.2365609 -0.1506949 0.0422786 -0.1906604 0.1011110 0.0929186 -0.2199605 -0.6426454 0.1836697 -0.7438228 0.4229497 0.3448270 -0.8379785 -0.6109083 0.1713950 -0.7729262 0.3899283 0.3583348 -0.8482641
-0.1344122 0.0860380 -0.2200210 0.1148911 0.0760515 -0.2385892 -0.1636244 0.0606902 -0.1901164 0.0800691 0.0450954 -0.2383936 -0.4945155 0.3165421 -0.8094785 0.4170048 0.2760338 -0.8659748 -0.6340293 0.2351689 -0.7366834 0.3133918 0.1765042 -0.9330765
-0.1490814 0.1177154 -0.2110625 0.1036726 0.0279178 -0.2379917 -0.1674633 0.0989777 -0.1938411 0.0806557 0.0151028 -0.2436360 -0.5250206 0.4145589 -0.7432996 0.3970777 0.1069283 -0.9115348 -0.6098050 0.3604199 -0.7058579 0.3137335 0.0587467 -0.9476920
-0.1632106 0.1189550 -0.1998464 0.1143837 0.0197645 -0.2222230 -0.1415583 0.0902080 -0.2626639 0.0925214 -0.0062023 -0.2369836 -0.5744338 0.4186725 -0.7033770 0.4562324 0.0788330 -0.8863619 -0.4541219 0.2893891 -0.8426312 0.3635709 -0.0243725 -0.9312476
-0.1739476 0.1211736 -0.1923431 0.1128219 0.0115388 -0.2184007 -0.1728439 0.1183067 -0.1933078 0.0922097 -0.0091906 -0.2358898 -0.6076860 0.4233201 -0.6719508 0.4584560 0.0468883 -0.8874793 -0.6064162 0.4150745 -0.6782128 0.3638344 -0.0362636 -0.9307575
-0.1761993 0.1238796 -0.1913043 0.1150493 0.0002208 -0.2110755 -0.1742075 0.1212023 -0.1930261 0.0919499 -0.0148718 -0.2345003 -0.6116347 0.4300190 -0.6640682 0.4785864 0.0009185 -0.8780400 -0.6072590 0.4224915 -0.6728576 0.3644149 -0.0589398 -0.9293696
-0.1771455 0.1242865 -0.1910293 0.1166650 -0.0004623 -0.2080336 -0.1750866 0.1212247 -0.1929824 0.0915236 -0.0166632 -0.2333071 -0.6136996 0.4305759 -0.6617985 0.4891328 -0.0019383 -0.8722072 -0.6092301 0.4218127 -0.6715004 0.3643888 -0.0663423 -0.9288808
-0.1707934 0.1256110 -0.1988821 0.1164091 0.0043670 -0.2075103 -0.1764583 0.1119004 -0.1927178 0.0875515 -0.0143272 -0.2327021 -0.5875381 0.4321083 -0.6841648 0.4891713 0.0183509 -0.8719947 -0.6207805 0.3936657 -0.6779815 0.3515563 -0.0575298 -0.9343974
-0.1697598 0.1005856 -0.1875284 0.1052776 0.0105677 -0.2193336 -0.1706613 0.0807189 -0.1969378 0.0774585 -0.0013738 -0.2326295 -0.6236168 0.3695036 -0.6888898 0.4323149 0.0433955 -0.9006779 -0.6255683 0.2958795 -0.7218861 0.3159121 -0.0056030 -0.9487719
-0.1655850 0.0503725 -0.2001110 0.1040766 0.0260164 -0.2213194 -0.1709941 0.0560127 -0.1986653 0.0743045 0.0216530 -0.2283871 -0.6258515 0.1903899 -0.7563475 0.4231628 0.1057795 -0.8998577 -0.6379475 0.2089731 -0.7411837 0.3081327 0.0897926 -0.9470964
-0.1626054 0.0311617 -0.2008409 0.1067092 0.0524132 -0.2210478 -0.1520202 0.0050278 -0.2029357 0.0761040 0.0667791 -0.2220803 -0.6247190 0.1197211 -0.7716171 0.4251529 0.2088256 -0.8807025 -0.5994237 0.0198249 -0.8001864 0.3118102 0.2736046 -0.9098983
-0.1805802 -0.0014327 -0.1869408 0.0787965 0.0960167 -0.2160868 -0.1216881 -0.0204969 -0.2244825 0.0783293 0.0881262 -0.2177069 -0.6947545 -0.0055121 -0.7192259 0.3161444 0.3852347 -0.8669758 -0.4750379 -0.0800144 -0.8763199 0.3163740 0.3559442 -0.8793243
-0.1827817 -0.0166732 -0.1861761 0.0770355 0.1057549 -0.2097879 -0.1371805 -0.0659210 -0.2133101 0.0763144 0.1262457 -0.2060027 -0.6991457 -0.0637755 -0.7121292 0.3115769 0.4277352 -0.8485060 -0.5235085 -0.2515680 -0.8140346 0.3011913 0.4982561 -0.8130342
-0.1812438 -0.0325767 -0.1869366 0.0778889 0.1369945 -0.2029478 -0.1300514 -0.0745028 -0.2163066 0.0772895 0.1409229 -0.2042833 -0.6907053 -0.1241471 -0.7124000 0.3031318 0.5331615 -0.7898417 -0.4941937 -0.2831096 -0.8219620 0.2973451 0.5421531 -0.7859109
-0.1810509 -0.0434436 -0.1870127 0.0849633 0.1517014 -0.1977633 -0.1303848 -0.0879071 -0.2134130 0.0790913 0.1611878 -0.1980635 -0.6860720 -0.1646246 -0.7086635 0.3226501 0.5760898 -0.7510110 -0.4918501 -0.3316117 -0.8050572 0.2958550 0.6029512 -0.7408911
-0.1771313 -0.0505279 -0.1901641 0.0919514 0.1658708 -0.1915376 -0.1282206 -0.0979611 -0.2146362 0.0899242 0.1766029 -0.1922535 -0.6690588 -0.1908536 -0.7182863 0.3411347 0.6153720 -0.7105944 -0.4775001 -0.3648120 -0.7993158 0.3256834 0.6396122 -0.6962949
-0.1791206 -0.0543672 -0.1900134 0.0984894 0.1746533 -0.1879096 -0.1295078 -0.1022487 -0.2120798 0.0965626 0.1829462 -0.1881334 -0.6715419 -0.2038283 -0.7123801 0.3584067 0.6355697 -0.6838097 -0.4819616 -0.3805174 -0.7892525 0.3453340 0.6542652 -0.6728161
-0.1779638 -0.0574761 -0.1891545 0.1046822 0.1815128 -0.1844059 -0.1276903 -0.1044646 -0.2116419 0.0988501 0.1903391 -0.1857308 -0.6690461 -0.2160786 -0.7111170 0.3750369 0.6502920 -0.6606570 -0.4758408 -0.3892896 -0.7886883 0.3484091 0.6708729 -0.6546302
-0.1782365 -0.0584784 -0.1887829 0.1048897 0.1811000 -0.1835028 -0.1271559 -0.1043100 -0.2118315 0.0998550 0.1908589 -0.1852256 -0.6697263 -0.2197334 -0.7093545 0.3768422 0.6506466 -0.6592791 -0.4741398 -0.3889519 -0.7898784 0.3514918 0.6718274 -0.6519980
-0.1786743 -0.0589602 -0.1882093 0.1027114 0.1773684 -0.1850128 -0.1273896 -0.1043424 -0.2116886 0.0994773 0.1850591 -0.1859216 -0.6713875 -0.2215492 -0.7072162 0.3719891 0.6423739 -0.6700596 -0.4749923 -0.3890571 -0.7893141 0.3545770 0.6596249 -0.6626991
-0.1836182 -0.0581329 -0.1832593 0.0889107 0.1542132 -0.1928216 -0.1318513 -0.1017049 -0.2090007 0.0868952 0.1691484 -0.1913233 -0.6906697 -0.2186637 -0.6893196 0.3388039 0.5876463 -0.7347678 -0.4934068 -0.3805945 -0.7821109 0.3221291 0.6270496 -0.7092542
-0.1858725 -0.0476701 -0.1839378 0.0805269 0.1316637 -0.2049004 -0.1355453 -0.0917823 -0.2115458 0.0854129 0.1373359 -0.1983575 -0.6992723 -0.1793400 -0.6919937 0.3139168 0.5132626 -0.7987601 -0.5067400 -0.3431309 -0.7908702 0.3337303 0.5366067 -0.7750338
-0.1840917 -0.0377755 -0.1843383 0.0782506 0.1074840 -0.2092891 -0.1248027 -0.0524712 -0.2231937 0.0847439 0.1782188 -0.1953135 -0.6993199 -0.1435000 -0.7002567 0.3155936 0.4334952 -0.8440869 -0.4780892 -0.2010046 -0.8550017 0.3052158 0.6418775 -0.7034462
-0.1707345 0.0017005 -0.2001899 0.0741952 0.0547584 -0.2158174 -0.1402697 -0.0633604 -0.2091252 0.0733691 0.0615694 -0.2220134 -0.6488986 0.0064630 -0.7608474 0.3161381 0.2333198 -0.9195752 -0.5402046 -0.2440127 -0.8053799 0.3034377 0.2546370 -0.9181969
-0.1596392 0.0190105 -0.2173410 0.0795253 0.0420574 -0.2164166 -0.1698277 0.0203978 -0.2026018 0.0731972 0.0414346 -0.2241371 -0.5905149 0.0703210 -0.8039572 0.3393152 0.1794488 -0.9233977 -0.6404945 0.0769290 -0.7640999 0.3057534 0.1730773 -0.9362474
-0.1637767 0.0645293 -0.2029895 0.0881824 0.0283545 -0.2182260 -0.1706775 0.0476211 -0.1987496 0.0718635 0.0137780 -0.2301010 -0.6095494 0.2401672 -0.7554927 0.3719662 0.1196034 -0.9205087 -0.6409929 0.1788448 -0.7464198 0.2976264 0.0570623 -0.9529756
-0.1589952 0.0896944 -0.2010336 0.0998925 0.0113109 -0.2103798 -0.1705906 0.0687077 -0.1963432 0.0741086 0.0019363 -0.2295674 -0.5855113 0.3303061 -0.7403205 0.4284191 0.0485102 -0.9022770 -0.6341152 0.2553985 -0.7298421 0.3071980 0.0080264 -0.9516118
-0.1662202 0.1041932 -0.2003959 0.1130857 0.0070371 -0.2040393 -0.1291770 0.1315168 -0.2504697 0.0830113 -0.0072468 -0.2289881 -0.5927224 0.3715411 -0.7145890 0.4845397 0.0301519 -0.8742494 -0.4153655 0.4228892 -0.8053796 0.3406597 -0.0297392 -0.9397162
-0.1762634 0.1224879 -0.1925192 0.1137050 0.0036808 -0.2024592 -0.1427683 0.1561816 -0.2411907 0.0632863 -0.0241696 -0.2463111 -0.6113197 0.4248146 -0.6676981 0.4896164 0.0158496 -0.8717939 -0.4449609 0.4867658 -0.7517107 0.2477370 -0.0946130 -0.9641964
-0.1797979 0.1248227 -0.1890519 0.1083081 0.0009380 -0.2089650 -0.1471301 0.1586825 -0.2381680 0.0573281 -0.0346495 -0.2460492 -0.6216633 0.4315828 -0.6536597 0.4601658 0.0039853 -0.8878241 -0.4572183 0.4931183 -0.7401256 0.2248119 -0.1358780 -0.9648817
-0.1813889 0.1276526 -0.1868813 0.1080540 0.0007924 -0.2087681 -0.1492622 0.1623810 -0.2357475 0.0603795 -0.0357868 -0.2491380 -0.6253982 0.4401244 -0.6443350 0.4596567 0.0033708 -0.8880903 -0.4623456 0.5029815 -0.7302370 0.2332731 -0.1382605 -0.9625319
-0.1813404 0.1279519 -0.1848802 0.1056305 0.0027764 -0.2110434 -0.1489796 0.1628906 -0.2334403 0.0569802 -0.0349630 -0.2491162 -0.6277923 0.4429636 -0.6400469 0.4475513 0.0117635 -0.8941809 -0.4637024 0.5070006 -0.7265882 0.2209133 -0.1355521 -0.9658276
-0.1765948 0.1275907 -0.1887916 0.1108942 0.0065555 -0.2028323 -0.1436685 0.1628481 -0.2367372 0.0757798 -0.0094611 -0.2339663 -0.6125734 0.4425875 -0.6548817 0.4795207 0.0283468 -0.8770726 -0.4472104 0.5069126 -0.7369141 0.3079047 -0.0384419 -0.9506403
-0.1749056 0.1146158 -0.1835732 0.1044824 0.0168449 -0.2107607 -0.1393986 0.1464926 -0.2330261 0.0708350 0.0049480 -0.2324793 -0.6285720 0.4119039 -0.6597215 0.4430230 0.0714252 -0.8936605 -0.4518097 0.4748022 -0.7552687 0.2914041 0.0203553 -0.9563835
-0.1629828 0.0769470 -0.1856157 0.1053116 0.0321321 -0.2174214 -0.1691284 0.0726101 -0.1901256 0.0693914 0.0294220 -0.2343453 -0.6299517 0.2974112 -0.7174312 0.4321166 0.1318451 -0.8921278 -0.6391339 0.2743926 -0.7184821 0.2818867 0.1195201 -0.9519742
-0.1607440 0.0554123 -0.1885107 0.1064948 0.0579181 -0.2190058 -0.1529573 0.0465221 -0.1897896 0.0731876 0.0636883 -0.2304539 -0.6331967 0.2182780 -0.7425743 0.4254378 0.2313779 -0.8749097 -0.6163809 0.1874728 -0.7648062 0.2926998 0.2547091 -0.9216562
-0.1598188 0.0277686 -0.1922856 0.1078836 0.0756484 -0.2197878 -0.1534940 0.0206662 -0.1936538 0.0732545 0.0850073 -0.2282545 -0.6352884 0.1103817 -0.7643458 0.4209957 0.2952039 -0.8576813 -0.6190015 0.0833414 -0.7809554 0.2880095 0.3342173 -0.8974125
-0.1637285 0.0123760 -0.1885424 0.0992134 0.1144025 -0.2088792 -0.1148762 -0.0371947 -0.2084616 0.0766298 0.1297005 -0.2160207 -0.6548700 0.0495007 -0.7541187 0.3845546 0.4434281 -0.8096229 -0.4768487 -0.1543944 -0.8653194 0.2909679 0.4924809 -0.8202440
-0.1621159 -0.0023675 -0.1871470 0.0866392 0.1343700 -0.2065643 -0.1132797 -0.0504659 -0.2104306 0.0774439 0.1404895 -0.2116380 -0.6547205 -0.0095614 -0.7558106 0.3316846 0.5144145 -0.7907990 -0.4637779 -0.2066121 -0.8615227 0.2916178 0.5290185 -0.7969307
-0.1733509 -0.0261956 -0.1771094 0.0906730 0.1482081 -0.2014552 -0.1176713 -0.0561429 -0.2123724 0.0833870 0.1626984 -0.2024500 -0.6956081 -0.1051155 -0.7106898 0.3408386 0.5571125 -0.7572679 -0.4721964 -0.2252926 -0.8522170 0.3056906 0.5964405 -0.7421670
-0.1653839 -0.0325519 -0.1838093 0.0998427 0.1685017 -0.1936134 -0.1117429 -0.0716482 -0.2126999 0.0949119 0.1787638 -0.1947157 -0.6631435 -0.1305240 -0.7370239 0.3625315 0.6118339 -0.7030150 -0.4456857 -0.2857683 -0.8483518 0.3379403 0.6365009 -0.6932986
-0.1585345 -0.0380243 -0.1886094 0.1053628 0.1776345 -0.1904526 -0.1109550 -0.0879763 -0.2105525 0.0988439 0.1875457 -0.1916441 -0.6359081 -0.1525217 -0.7565435 0.3750361 0.6322852 -0.6779109 -0.4372810 -0.3467204 -0.8298014 0.3458725 0.6562560 -0.6705970
-0.1558571 -0.0448208 -0.1921109 0.1072447 0.1922152 -0.1864084 -0.1077880 -0.0962304 -0.2090514 0.0998420 0.1950280 -0.1881578 -0.6199323 -0.1782778 -0.7641341 0.3718126 0.6664016 -0.6462695 -0.4241486 -0.3786689 -0.8226225 0.3457087 0.6752955 -0.6515071
-0.1584312 -0.0444240 -0.1904155 0.1075057 0.1931143 -0.1849888 -0.1064623 -0.0911960 -0.2091818 0.1008721 0.1964974 -0.1863362 -0.6295483 -0.1765250 -0.7566425 0.3729971 0.6700211 -0.6418293 -0.4227892 -0.3621629 -0.8307150 0.3490666 0.6799764 -0.6448136
-0.1642324 -0.0437250 -0.1880520 0.1099796 0.1909869 -0.1842645 -0.1091675 -0.0857705 -0.2090419 0.1024645 0.1973631 -0.1856456 -0.6479328 -0.1725047 -0.7419065 0.3828421 0.6648307 -0.6414297 -0.4350281 -0.3417920 -0.8330239 0.3537140 0.6813104 -0.6408608
-0.1643799 -0.0433780 -0.1882047 0.1085512 0.1818422 -0.1854435 -0.1093228 -0.0856175 -0.2088230 0.1022316 0.1919416 -0.1861445 -0.6481331 -0.1710350 -0.7420718 0.3856244 0.6459881 -0.6587816 -0.4359373 -0.3414095 -0.8327053 0.3571333 0.6705237 -0.6502721
-0.1710716 -0.0389908 -0.1847838 0.0972492 0.1632075 -0.1907872 -0.1163721 -0.0796266 -0.2092218 0.0937112 0.1700564 -0.1919665 -0.6713554 -0.1530159 -0.7251676 0.3611898 0.6061632 -0.7085958 -0.4612400 -0.3155996 -0.8292494 0.3432114 0.6228207 -0.7030650
-0.1679266 -0.0264760 -0.1889231 0.0875947 0.1205310 -0.2033475 -0.1138534 -0.0692238 -0.2110421 0.0825859 0.1318879 -0.2004439 -0.6607379 -0.1041747 -0.7433526 0.3474702 0.4781216 -0.8066376 -0.4561684 -0.2773542 -0.8455679 0.3254527 0.5197410 -0.7899050
-0.1656595 -0.0095971 -0.1972351 0.1187103 0.0852698 -0.2272915 -0.1117893 -0.0530686 -0.2184179 0.0814605 0.0803268 -0.2176090 -0.6427053 -0.0372336 -0.7652081 0.4392928 0.3155448 -0.8411024 -0.4453102 -0.2113977 -0.8700631 0.3313431 0.3267319 -0.8851317
-0.1600905 0.0100409 -0.2054536 0.0806895 0.0295783 -0.2252501 -0.1241493 -0.0459367 -0.2340059 0.0841984 0.0475636 -0.2247728 -0.6141858 0.0385218 -0.7882207 0.3346893 0.1226869 -0.9343078 -0.4617737 -0.1708617 -0.8703857 0.3440987 0.1943810 -0.9185925
-0.1639461 0.0418707 -0.2058553 0.0866069 0.0233479 -0.2240106 -0.1631722 0.0336300 -0.2098190 0.0797366 -0.0051367 -0.2333866 -0.6152446 0.1571292 -0.7725183 0.3589152 0.0967580 -0.9283414 -0.6090373 0.1255234 -0.7831459 0.3232321 -0.0208229 -0.9460906
-0.1511781 0.0683579 -0.2159042 0.1211461 -0.0084724 -0.2041574 -0.1621423 0.0500965 -0.2107852 0.0811853 -0.0227661 -0.2352019 -0.5552083 0.2510475 -0.7929180 0.5099886 -0.0356663 -0.8594414 -0.5991716 0.1851238 -0.7789240 0.3249252 -0.0911160 -0.9413403
-0.1631621 0.0940706 -0.2109743 0.1216286 -0.0150310 -0.2037479 -0.1665232 0.0857482 -0.2088478 0.0808571 -0.0618500 -0.2409777 -0.5769326 0.3326287 -0.7459939 0.5115475 -0.0632176 -0.8569263 -0.5935906 0.3056591 -0.7444614 0.3090891 -0.2364314 -0.9211754
-0.1683609 0.1029239 -0.1986926 0.1245447 -0.0223445 -0.2027303 -0.1698702 0.1017990 -0.2075967 0.0816777 -0.0681099 -0.2389010 -0.6012219 0.3675443 -0.7095374 0.5211567 -0.0935004 -0.8483239 -0.5920753 0.3548160 -0.7235692 0.3123392 -0.2604554 -0.9135684
-0.1725443 0.1208025 -0.1977420 0.1272506 -0.0328316 -0.1997047 -0.1747386 0.1224704 -0.2043887 0.0830413 -0.0777335 -0.2353381 -0.5972333 0.4181377 -0.6844510 0.5322821 -0.1373328 -0.8353535 -0.5913757 0.4144822 -0.6917220 0.3176968 -0.2973903 -0.9003487
-0.1822065 0.1332048 -0.1901098 0.1267225 -0.0384959 -0.1993886 -0.1744916 0.1557328 -0.1919875 0.0823746 -0.0834978 -0.2347210 -0.6174382 0.4513876 -0.6442199 0.5294076 -0.1608241 -0.8329845 -0.5766649 0.5146703 -0.6344857 0.3139328 -0.3182136 -0.8945314
-0.1836115 0.1400936 -0.1889142 0.1254143 -0.0414383 -0.1995756 -0.1529451 0.2050804 -0.1976663 0.0811718 -0.0862438 -0.2352878 -0.6153704 0.4695211 -0.6331423 0.5240343 -0.1731468 -0.8339114 -0.4730766 0.6343370 -0.6114042 0.3081524 -0.3274074 -0.8932225
-0.1841898 0.1424468 -0.1882757 0.1235481 -0.0409177 -0.2002698 -0.1754471 0.1615186 -0.1912452 0.0796493 -0.0861139 -0.2359129 -0.6151128 0.4757096 -0.6287580 0.5172757 -0.1713157 -0.8384967 -0.5739433 0.5283787 -0.6256238 0.3023130 -0.3268498 -0.8954195
-0.1834924 0.1427931 -0.1872016 0.1229637 -0.0407347 -0.2006832 -0.1550935 0.2083842 -0.1986721 0.0771158 -0.0839271 -0.2363580 -0.6147097 0.4783647 -0.6271356 0.5147983 -0.1705395 -0.8401779 -0.4742487 0.6372023 -0.6075042 0.2938824 -0.3198396 -0.9007418
-0.1815004 0.1413544 -0.1864683 0.1190471 -0.0363526 -0.2036203 -0.1535270 0.2067504 -0.1999259 0.0721149 -0.0791647 -0.2383304 -0.6129048 0.4773365 -0.6296806 0.4988307 -0.1523245 -0.8532088 -0.4709182 0.6341719 -0.6132389 0.2760026 -0.3029840 -0.9121531
-0.1794545 0.1331269 -0.1852819 0.1204987 -0.0317804 -0.2019769 -0.1691765 0.1310981 -0.1903741 0.0717526 -0.0670933 -0.2421892 -0.6182353 0.4586328 -0.6383111 0.5077303 -0.1339092 -0.8510454 -0.5906109 0.4576757 -0.6646139 0.2745425 -0.2567149 -0.9266735
-0.1712619 0.1192808 -0.1835916 0.1160781 -0.0214477 -0.2039864 -0.1643948 0.1158325 -0.1910309 0.0638291 -0.0464015 -0.2474323 -0.6161280 0.4291220 -0.6604851 0.4925263 -0.0910039 -0.8655265 -0.5926856 0.4176060 -0.6887154 0.2457692 -0.1786656 -0.9527204
-0.1635829 0.0888410 -0.1857244 0.0966580 0.0077642 -0.2229442 -0.1543645 0.0787734 -0.1891310 0.0721153 -0.0222982 -0.2374814 -0.6220933 0.3378555 -0.7062956 0.3975736 0.0319357 -0.9170144 -0.6017564 0.3070809 -0.7372859 0.2893998 -0.0894830 -0.9530165
-0.1583723 0.0599540 -0.1830112 0.0941742 0.0154694 -0.2259169 -0.1482663 0.0505621 -0.1896189 0.0706036 0.0070857 -0.2378365 -0.6351715 0.2404529 -0.7339888 0.3839960 0.0630766 -0.9211777 -0.6028143 0.2055731 -0.7709439 0.2844668 0.0285488 -0.9582607
-0.1599257 0.0222895 -0.1830712 0.0816177 0.0329633 -0.2316385 -0.1480688 0.0148206 -0.1902988 0.0229873 -0.0010140 -0.2570974 -0.6551464 0.0913105 -0.7499637 0.3293703 0.1330243 -0.9347833 -0.6129353 0.0613503 -0.7877477 0.0890550 -0.0039283 -0.9960190
-0.1661466 0.0066276 -0.1780923 0.0741452 0.0708388 -0.2337370 -0.1225201 -0.0436400 -0.2065536 0.0119272 0.0425401 -0.2575753 -0.6819059 0.0272013 -0.7309340 0.2904893 0.2775355 -0.9157456 -0.5019459 -0.1787864 -0.8462185 0.0456391 0.1627788 -0.9856065
-0.1657398 -0.0295700 -0.1783589 0.0729132 0.0886166 -0.2238572 -0.1234205 -0.0846055 -0.1988599 0.0119913 0.0576603 -0.2477398 -0.6757524 -0.1205624 -0.7272025 0.2898467 0.3522714 -0.8898841 -0.4959248 -0.3399597 -0.7990532 0.0470905 0.2264350 -0.9728873
-0.1657756 -0.0370834 -0.1783040 0.0724683 0.1190708 -0.2152627 -0.1208422 -0.0900758 -0.1986246 0.0112134 0.0883439 -0.2385837 -0.6731449 -0.1505801 -0.7240176 0.2825807 0.4643009 -0.8393884 -0.4846569 -0.3612634 -0.7966156 0.0440326 0.3469069 -0.9368654
-0.1733758 -0.0422217 -0.1708724 0.0782011 0.1339542 -0.2101650 -0.1203640 -0.0818541 -0.2001838 0.0172643 0.1030073 -0.2340217 -0.7017525 -0.1708957 -0.6916199 0.2993849 0.5128302 -0.8045955 -0.4862998 -0.3307106 -0.8087911 0.0673673 0.4019471 -0.9131814
-0.1711213 -0.0426176 -0.1728800 0.0842557 0.1638125 -0.1992675 -0.1165189 -0.0801504 -0.2020349 0.0238415 0.1328493 -0.2243980 -0.6929279 -0.1725731 -0.7000497 0.3104839 0.6036523 -0.7343048 -0.4724733 -0.3250026 -0.8192328 0.0910459 0.5073252 -0.8569316
-0.1642999 -0.0427743 -0.1791201 0.0922357 0.1706498 -0.1915871 -0.1096491 -0.0829215 -0.2044503 0.0325105 0.1396792 -0.2183044 -0.6657325 -0.1733186 -0.7257830 0.3383015 0.6259085 -0.7027024 -0.4450564 -0.3365713 -0.8298461 0.1244671 0.5347652 -0.8357836
-0.1589818 -0.0429130 -0.1825070 0.0995482 0.1802780 -0.1875366 -0.1056680 -0.0861795 -0.2054367 0.0400731 0.1493023 -0.2148010 -0.6467512 -0.1745736 -0.7424533 0.3574033 0.6472438 -0.6733040 -0.4285514 -0.3495128 -0.8331773 0.1514226 0.5641626 -0.8116599
-0.1613591 -0.0399546 -0.1806276 0.1024074 0.1829987 -0.1860610 -0.1061023 -0.0790048 -0.2063550 0.0431832 0.1520218 -0.2138645 -0.6573260 -0.1627624 -0.7358199 0.3652880 0.6527576 -0.6636808 -0.4328658 -0.3223159 -0.8418668 0.1623917 0.5716826 -0.8042437
-0.1615498 -0.0359712 -0.1822180 0.1074222 0.2334570 -0.2110975 -0.1054070 -0.0723300 -0.2098945 0.0961030 0.1832510 -0.1870656 -0.6562747 -0.1461282 -0.7402365 0.3230049 0.7019751 -0.6347431 -0.4289024 -0.2943116 -0.8540629 0.3445232 0.6569433 -0.6706185
-0.1572440 -0.0309486 -0.1879560 0.0909252 0.1877696 -0.1917514 -0.1019569 -0.0700575 -0.2135213 0.0954087 0.1819072 -0.1864970 -0.6366052 -0.1252959 -0.7609433 0.3208813 0.6626517 -0.6767037 -0.4131685 -0.2838999 -0.8652702 0.3438868 0.6556581 -0.6722011
-0.1676957 -0.0211231 -0.1832659 0.1111348 0.1366623 -0.2044066 -0.1082816 -0.0440027 -0.2177080 0.0875836 0.1670262 -0.1921946 -0.6726450 -0.0847270 -0.7350987 0.4118657 0.5064709 -0.7575314 -0.4382113 -0.1780772 -0.8810558 0.3252608 0.6202881 -0.7137564
-0.1650971 -0.0071145 -0.1893672 0.0728981 0.1131377 -0.2014659 -0.1132915 -0.0526370 -0.2113585 0.0768224 0.1212151 -0.2028683 -0.6568894 -0.0283072 -0.7534554 0.3008757 0.4669583 -0.8315190 -0.4614427 -0.2143935 -0.8608752 0.3091492 0.4877947 -0.8163841
-0.1688824 0.0094394 -0.1887572 0.0714318 0.0901358 -0.2067534 -0.1121544 -0.0271585 -0.2148770 0.0665923 0.0872389 -0.2120148 -0.6663199 0.0372428 -0.7447354 0.3019247 0.3809819 -0.8738960 -0.4598334 -0.1113499 -0.8809963 0.2789355 0.3654182 -0.8880678
-0.1662982 0.0250205 -0.1953148 0.0755380 0.0301400 -0.2207708 -0.1613473 0.0245092 -0.2012994 0.0701104 0.0357678 -0.2205427 -0.6452213 0.0970772 -0.7578031 0.3210632 0.1281056 -0.9383536 -0.6226188 0.0945779 -0.7767888 0.2994043 0.1527452 -0.9418206
-0.1407706 0.0516241 -0.2176359 0.0816889 0.0239298 -0.2208957 -0.1572117 0.0486222 -0.1963730 0.0652779 -0.0041486 -0.2319062 -0.5326463 0.1953346 -0.8234879 0.3450733 0.1010852 -0.9331164 -0.6136123 0.1897771 -0.7664624 0.2709141 -0.0172174 -0.9624495
-0.1329341 0.0760489 -0.2275323 0.1088980 -0.0189965 -0.1962002 -0.1599418 0.0665380 -0.1940345 0.0606580 -0.0456232 -0.2431412 -0.4846774 0.2772741 -0.8295824 0.4835657 -0.0843546 -0.8712339 -0.6148967 0.2558056 -0.7459662 0.2381431 -0.1791164 -0.9545707
-0.1702893 0.1136087 -0.1876091 0.1112024 -0.0239997 -0.1951160 -0.1647477 0.0976972 -0.1906008 0.0697376 -0.0676473 -0.2353045 -0.6132717 0.4091450 -0.6756465 0.4923536 -0.1062597 -0.8638847 -0.6096952 0.3615558 -0.7053717 0.2739390 -0.2657279 -0.9243085
-0.1713005 0.1162572 -0.1867597 0.1159947 -0.0324036 -0.1951205 -0.1679988 0.1178934 -0.1899630 0.0769870 -0.0817643 -0.2309177 -0.6143839 0.4169663 -0.6698294 0.5058729 -0.1413176 -0.8509536 -0.6007304 0.4215633 -0.6792697 0.2998185 -0.3184232 -0.8992861
