-0.2914047 0.1056208 -0.3271791 0.0532123 0.1321373 -0.2766554 -0.3030736 0.1805546 -0.4537304 0.0127973 0.1637842 -0.2739809 -0.6465792 0.2343552 -0.7259566 0.1710042 0.4246396 -0.8890662 -0.5273240 0.3141506 -0.7894548 0.0400592 0.5126911 -0.8576381
-0.3087883 0.0528248 -0.2649948 0.0584057 0.1088652 -0.2618287 -0.3486824 0.1017026 -0.3817940 0.0058500 0.1592538 -0.2749608 -0.7525539 0.1287404 -0.6458239 0.2017385 0.3760302 -0.9043798 -0.6616836 0.1929978 -0.7245183 0.0184075 0.5011068 -0.8651897
-0.3258216 0.0247537 -0.2637235 0.0475301 0.0986296 -0.2596247 -0.3545910 0.0999011 -0.3776190 -0.0099464 0.1457581 -0.2813042 -0.7759362 0.0589503 -0.6280509 0.1686866 0.3500412 -0.9214206 -0.6721442 0.1893673 -0.7157948 -0.0313787 0.4598335 -0.8874506
-0.3375747 0.0111678 -0.2654908 0.0430844 0.0806305 -0.2644813 -0.3795211 0.0739338 -0.3630495 -0.0152649 0.1334865 -0.2804850 -0.7857659 0.0259951 -0.6179776 0.1539632 0.2881353 -0.9451314 -0.7155588 0.1393967 -0.6845029 -0.0490825 0.4292115 -0.9018694
-0.3533681 -0.0108424 -0.2649310 0.0107273 0.1097137 -0.2486507 -0.3973366 0.0606365 -0.3648603 -0.0188160 0.1225697 -0.2788584 -0.7998623 -0.0245422 -0.5996816 0.0394397 0.4033719 -0.9141858 -0.7319578 0.1117022 -0.6721313 -0.0616539 0.4016211 -0.9137283
-0.3963725 0.0339106 -0.3358537 0.0063498 0.0772932 -0.2677380 -0.4129296 0.0432570 -0.3654864 -0.0207009 0.1056047 -0.2796076 -0.7613279 0.0651334 -0.6450871 0.0227801 0.2772911 -0.9605159 -0.7465210 0.0782028 -0.6607501 -0.0690947 0.3524835 -0.9332638
-0.4014004 0.0325400 -0.3345995 -0.0081375 0.0967299 -0.2634909 -0.4217226 0.0379025 -0.3651772 -0.0240400 0.1031362 -0.2799920 -0.7666431 0.0621488 -0.6390586 -0.0289793 0.3444759 -0.9383478 -0.7542303 0.0677868 -0.6531015 -0.0803072 0.3445337 -0.9353327
-0.4028861 0.0345357 -0.3345573 0.0054522 0.0725503 -0.2697347 -0.4243638 0.0347668 -0.3644161 -0.0253934 0.1022042 -0.2795734 -0.7676618 0.0658045 -0.6374677 0.0195158 0.2596883 -0.9654953 -0.7571982 0.0620349 -0.6502327 -0.0849987 0.3421056 -0.9358093
-0.4041927 0.0339331 -0.3334808 0.0020127 0.0706050 -0.2667166 -0.4262859 0.0334690 -0.3635774 -0.0293570 0.1009504 -0.2808521 -0.7697406 0.0646219 -0.6350775 0.0072947 0.2558978 -0.9666763 -0.7594972 0.0596304 -0.6477718 -0.0978943 0.3366310 -0.9365342
-0.4044130 0.0340895 -0.3320296 0.0030734 0.0700961 -0.2653607 -0.4277812 0.0308935 -0.3627506 -0.0301139 0.1015748 -0.2815889 -0.7712476 0.0650114 -0.6332067 0.0111973 0.2553779 -0.9667765 -0.7615441 0.0549972 -0.6457755 -0.1000928 0.3376151 -0.9359474
-0.4048365 0.0317311 -0.3310454 -0.0348233 0.0959111 -0.2891511 -0.4266410 0.0299281 -0.3610331 -0.0161298 0.0994604 -0.2747711 -0.7727090 0.0605650 -0.6318644 -0.1135690 0.3127943 -0.9430068 -0.7622685 0.0534718 -0.6450485 -0.0551139 0.3398460 -0.9388648
-0.4038370 0.0309261 -0.3298590 0.0111702 0.0951568 -0.2465526 -0.4244595 0.0272744 -0.3579356 -0.0163287 0.1045931 -0.2752496 -0.7731183 0.0592059 -0.6314925 0.0422290 0.3597417 -0.9320958 -0.7635502 0.0490633 -0.6438819 -0.0553694 0.3546677 -0.9333515
-0.3793771 -0.0285991 -0.2445013 0.0306508 0.0741709 -0.2522755 -0.4230387 0.0274727 -0.3577995 -0.0107307 0.1059895 -0.2744955 -0.8388746 -0.0632380 -0.5406388 0.1157798 0.2801721 -0.9529421 -0.7625885 0.0495235 -0.6449854 -0.0364441 0.3599660 -0.9322533
-0.3763805 -0.0264358 -0.2456442 -0.0180616 0.1007517 -0.2871893 -0.4158622 0.0291223 -0.3573335 -0.0054839 0.1081726 -0.2725288 -0.8359839 -0.0587169 -0.5456036 -0.0592409 0.3304581 -0.9419596 -0.7573952 0.0530394 -0.6507990 -0.0186996 0.3688584 -0.9292975
-0.3731792 -0.0268267 -0.2465486 -0.0176415 0.1008051 -0.2871319 -0.4122765 0.0307907 -0.3577450 -0.0036467 0.1085098 -0.2723498 -0.8328552 -0.0598714 -0.5502432 -0.0578745 0.3306995 -0.9419599 -0.7540924 0.0563191 -0.6543492 -0.0124379 0.3700969 -0.9289099
-0.3710105 -0.0254855 -0.2476816 0.0431459 0.0728527 -0.2550463 -0.4049244 0.0360135 -0.3560398 -0.0026001 0.1094470 -0.2725334 -0.8303431 -0.0570380 -0.5543258 0.1605527 0.2710964 -0.9490677 -0.7493141 0.0666431 -0.6588529 -0.0088529 0.3726486 -0.9279303
-0.3672468 -0.0231041 -0.2501356 -0.0049629 0.1225567 -0.2918287 -0.4040504 0.0368666 -0.3577901 -0.0019164 0.1111124 -0.2726917 -0.8253845 -0.0519263 -0.5621780 -0.0156778 0.3871545 -0.9218816 -0.7469239 0.0681513 -0.6614076 -0.0065081 0.3773348 -0.9260540
-0.3575769 -0.0243228 -0.2518543 -0.0046700 0.1232960 -0.2916327 -0.4059189 0.0401257 -0.3689039 -0.0085290 0.1246311 -0.2780581 -0.8163017 -0.0555258 -0.5749507 -0.0147479 0.3893644 -0.9209657 -0.7380707 0.0729594 -0.6707672 -0.0279795 0.4088530 -0.9121712
-0.3454800 -0.0273622 -0.2544661 0.0210725 0.1147432 -0.2393364 -0.3975928 0.0446501 -0.3713007 -0.0248882 0.1354873 -0.2865189 -0.8035328 -0.0636402 -0.5918487 0.0791440 0.4309516 -0.8988976 -0.7284096 0.0818012 -0.6802412 -0.0782859 0.4261759 -0.9012466
-0.3429654 0.0481549 -0.3071001 0.0149407 0.1233482 -0.2577355 -0.3641023 0.0634404 -0.3680290 -0.0230105 0.1387730 -0.2853325 -0.7409437 0.1040340 -0.6634602 0.0522181 0.4311041 -0.9007900 -0.6980823 0.1216323 -0.7056108 -0.0723321 0.4362248 -0.8969259
-0.3317294 0.0521145 -0.3006832 0.0037533 0.1326132 -0.2668301 -0.3448455 0.0725019 -0.3591071 -0.0183892 0.1458159 -0.2819027 -0.7359587 0.1156187 -0.6670811 0.0125954 0.4450241 -0.8954300 -0.6854098 0.1441037 -0.7137559 -0.0578432 0.4586640 -0.8867252
-0.3140274 0.0603359 -0.2978056 0.0218223 0.1322728 -0.2726100 -0.3161968 0.0847824 -0.3405806 -0.0076027 0.1560296 -0.2736037 -0.7186494 0.1380783 -0.6815258 0.0718333 0.4354083 -0.8973626 -0.6693384 0.1794709 -0.7209551 -0.0241311 0.4952396 -0.8684212
-0.2894947 0.0658745 -0.2792901 0.0251623 0.1330527 -0.2718094 -0.2925537 0.0876734 -0.3154005 0.0122039 0.1688278 -0.2596994 -0.7102169 0.1616098 -0.6851819 0.0828600 0.4381465 -0.8950765 -0.6663562 0.1996957 -0.7183948 0.0393684 0.5446184 -0.8377594
-0.2595727 0.0591920 -0.2558019 0.0376592 0.1755323 -0.2541903 -0.2754238 0.0937348 -0.3051546 0.0260838 0.1744387 -0.2513454 -0.7030482 0.1603205 -0.6928352 0.1210146 0.5640584 -0.8168192 -0.6532507 0.2223203 -0.7237660 0.0849479 0.5680995 -0.8185638
-0.2505441 0.0667772 -0.2500282 0.0394291 0.1782395 -0.2537376 -0.2438660 0.0971688 -0.2734559 0.0332199 0.1807928 -0.2464031 -0.6955650 0.1853881 -0.6941330 0.1261405 0.5702190 -0.8117505 -0.6433350 0.2563379 -0.7213952 0.1080621 0.5881063 -0.8015320
-0.2386071 0.0728692 -0.2446664 0.0470101 0.1948655 -0.2434219 -0.2386690 0.1042820 -0.2756338 0.0443543 0.1845639 -0.2383944 -0.6828365 0.2085343 -0.7001770 0.1490795 0.6179617 -0.7719447 -0.6293598 0.2749871 -0.7268344 0.1455508 0.6056551 -0.7823023
-0.2163835 0.0813141 -0.2386803 0.0517928 0.1961161 -0.2371609 -0.2182363 0.1034042 -0.2467385 0.0553182 0.1879518 -0.2290532 -0.6512315 0.2447244 -0.7183366 0.1659639 0.6284310 -0.7599542 -0.6321062 0.2995030 -0.7146606 0.1835280 0.6235636 -0.7599249
-0.1938842 0.0806355 -0.2307190 0.0872336 0.1747231 -0.2076625 -0.2103534 0.1206884 -0.2530662 0.0632766 0.1916369 -0.2233405 -0.6214861 0.2584731 -0.7395584 0.3060140 0.6129255 -0.7284763 -0.6001366 0.3443230 -0.7219957 0.2102112 0.6366371 -0.7419598
-0.1764984 0.0753775 -0.2248280 0.1253869 0.1284027 -0.1870100 -0.2007493 0.1268790 -0.2473030 0.0677851 0.1929403 -0.2203081 -0.5970795 0.2549958 -0.7605743 0.4837558 0.4953910 -0.7215040 -0.5855031 0.3700538 -0.7212810 0.2255042 0.6418645 -0.7329105
-0.1783671 0.1056270 -0.2141363 0.1133128 0.1579355 -0.1824551 -0.1920705 0.1275255 -0.2389371 0.0724084 0.1940084 -0.2172480 -0.5984723 0.3544087 -0.7184882 0.4250361 0.5924158 -0.6843887 -0.5784711 0.3840768 -0.7196223 0.2412557 0.6464112 -0.7238427
-0.1780151 0.1074434 -0.2124896 0.1270651 0.1382655 -0.2053323 -0.1789456 0.1398058 -0.2393315 0.0750971 0.1941917 -0.2163365 -0.5987793 0.3614013 -0.7147394 0.4566545 0.4969073 -0.7379362 -0.5423921 0.4237575 -0.7254243 0.2501132 0.6467617 -0.7205156
-0.1743177 0.1176279 -0.2044150 0.1125808 0.1582301 -0.1844148 -0.1662664 0.1499585 -0.2363051 0.0769682 0.1938185 -0.2154427 -0.5943892 0.4010880 -0.6970150 0.4203819 0.5908386 -0.6886136 -0.5107502 0.4606543 -0.7259007 0.2566959 0.6464020 -0.7185205
-0.1745138 0.1171077 -0.2031419 0.1128881 0.1586657 -0.1850871 -0.1663308 0.1494096 -0.2357758 0.0789335 0.1937602 -0.2149013 -0.5970485 0.4006501 -0.6949911 0.4201966 0.5905918 -0.6889385 -0.5118977 0.4598212 -0.7256206 0.2631759 0.6460250 -0.7165125
-0.1751254 0.1169382 -0.2017896 0.1067683 0.1658449 -0.1946182 -0.1665237 0.1493970 -0.2356351 0.0792729 0.1933959 -0.2150342 -0.6004544 0.4009474 -0.6918784 0.3853166 0.5985183 -0.7023582 -0.5125056 0.4597952 -0.7252078 0.2643520 0.6449186 -0.7170760
-0.1756284 0.1173859 -0.2019413 0.1074654 0.1641954 -0.1937821 -0.1651792 0.1504082 -0.2364073 0.0799415 0.1929434 -0.2149552 -0.6009700 0.4016744 -0.6910085 0.3896630 0.5953626 -0.7026422 -0.5078348 0.4624220 -0.7268216 0.2667333 0.6437761 -0.7172208
-0.1771281 0.1182367 -0.2020408 0.1039066 0.1664278 -0.1973705 -0.1671482 0.1498041 -0.2360127 0.0794105 0.1926550 -0.2152251 -0.6033890 0.4027747 -0.6882545 0.3733642 0.5980195 -0.7092051 -0.5131938 0.4599422 -0.7246277 0.2650792 0.6430992 -0.7184403
-0.1800966 0.1180743 -0.2026052 0.1011586 0.1660099 -0.1991169 -0.1743364 0.1485892 -0.2376792 0.0787738 0.1920392 -0.2161246 -0.6090980 0.3993347 -0.6852236 0.3635133 0.5965565 -0.7155267 -0.5281386 0.4501394 -0.7200306 0.2628802 0.6408638 -0.7212403
-0.1843360 0.0942627 -0.2146395 0.0704088 0.2030987 -0.2289765 -0.1808442 0.1461974 -0.2386021 0.0759231 0.1916373 -0.2175125 -0.6181203 0.3160841 -0.7197348 0.2241856 0.6466776 -0.7290740 -0.5427814 0.4387934 -0.7161346 0.2533575 0.6394988 -0.7258452
-0.2007775 0.1201234 -0.2083574 0.0975632 0.1572005 -0.1974186 -0.1873559 0.1452546 -0.2406947 0.0670906 0.1906091 -0.2233836 -0.6408567 0.3834189 -0.6650508 0.3605923 0.5810112 -0.7296569 -0.5545719 0.4299524 -0.7124542 0.2227298 0.6327914 -0.7415973
-0.2020072 0.1201150 -0.2088404 0.0815036 0.1681685 -0.2165270 -0.1936648 0.1464220 -0.2436393 0.0613457 0.1879319 -0.2283955 -0.6425118 0.3820423 -0.6642456 0.2849577 0.5879607 -0.7570345 -0.5630515 0.4257002 -0.7083448 0.2030844 0.6221471 -0.7561016
-0.2119483 0.1197223 -0.2144760 0.0696461 0.1691825 -0.2248783 -0.2108121 0.1362020 -0.2426902 0.0534139 0.1869068 -0.2331614 -0.6532924 0.3690223 -0.6610836 0.2402396 0.5835839 -0.7757028 -0.6038225 0.3901190 -0.6951299 0.1759556 0.6157069 -0.7680785
-0.2282091 0.1136809 -0.2207727 0.0594488 0.1639793 -0.2260067 -0.2258383 0.1287672 -0.2498812 0.0381592 0.1863725 -0.2395859 -0.6766593 0.3370734 -0.6546095 0.2082371 0.5743859 -0.7916553 -0.6263036 0.3571023 -0.6929803 0.1247325 0.6092028 -0.7831435
-0.2599861 0.0812466 -0.2374762 0.0522370 0.1583748 -0.2266273 -0.2520765 0.1233286 -0.2712653 0.0200781 0.1848886 -0.2494875 -0.7194445 0.2248290 -0.6571542 0.1856498 0.5628626 -0.8054315 -0.6458462 0.3159807 -0.6950099 0.0645231 0.5941595 -0.8017551
-0.2843763 0.0735347 -0.2705847 0.0205200 0.1482853 -0.2382724 -0.2910512 0.1129320 -0.3069402 -0.0116448 0.1754425 -0.2645392 -0.7120691 0.1841285 -0.6775355 0.0729222 0.5269643 -0.8467532 -0.6647903 0.2579481 -0.7010825 -0.0366600 0.5523272 -0.8328210
-0.3040516 0.0669773 -0.2664134 0.0181320 0.1185734 -0.2458157 -0.3377350 0.1123301 -0.3681143 -0.0165256 0.1668185 -0.2644499 -0.7420099 0.1634519 -0.6501575 0.0662912 0.4335074 -0.8987084 -0.6595795 0.2193750 -0.7189086 -0.0527797 0.5327863 -0.8446023
-0.3385722 0.0203457 -0.2634380 0.0136893 0.1176228 -0.2508223 -0.3667434 0.0816467 -0.3759145 -0.0213738 0.1538294 -0.2618722 -0.7883484 0.0473740 -0.6134023 0.0493540 0.4240640 -0.9042864 -0.6900325 0.1536193 -0.7072879 -0.0702019 0.5052491 -0.8601134
-0.3493637 0.0073257 -0.2727737 0.0043669 0.1211058 -0.2573825 -0.4068961 0.0429713 -0.3924377 -0.0343608 0.1404957 -0.2658680 -0.7880991 0.0165254 -0.6153265 0.0153501 0.4257026 -0.9047329 -0.7177087 0.0757955 -0.6922061 -0.1135280 0.4641969 -0.8784262
-0.3751354 0.0010066 -0.2617196 -0.0010725 0.1107789 -0.2611376 -0.4171133 0.0331753 -0.3880520 -0.0417664 0.1298019 -0.2674754 -0.8201278 0.0022006 -0.5721761 -0.0037809 0.3905269 -0.9205838 -0.7309139 0.0581336 -0.6799893 -0.1391162 0.4323463 -0.8909115
-0.3862119 -0.0059404 -0.2541640 -0.0230327 0.0990750 -0.2683417 -0.4250107 0.0255787 -0.3870269 -0.0433669 0.1245933 -0.2679514 -0.8352714 -0.0128475 -0.5496878 -0.0802610 0.3452413 -0.9350757 -0.7386430 0.0444542 -0.6726294 -0.1452015 0.4171642 -0.8971569
-0.4023845 0.0208973 -0.2785121 -0.0412629 0.1190410 -0.2561490 -0.4295413 0.0235096 -0.3818003 -0.0482300 0.1228982 -0.2684772 -0.8215026 0.0426636 -0.5686064 -0.1445505 0.4170190 -0.8973296 -0.7467970 0.0408736 -0.6637948 -0.1612061 0.4107801 -0.8973696
-0.3935953 -0.0301062 -0.2399918 -0.0289181 0.1058106 -0.2608281 -0.4317648 0.0218436 -0.3797886 -0.0489026 0.1225588 -0.2683215 -0.8519863 -0.0651686 -0.5194924 -0.1022003 0.3739487 -0.9218012 -0.7503142 0.0379595 -0.6599907 -0.1635470 0.4098783 -0.8973584
-0.3926671 -0.0252061 -0.2393260 -0.0259021 0.1017238 -0.2603908 -0.4300388 0.0191673 -0.3743424 -0.0499966 0.1233397 -0.2688589 -0.8526180 -0.0547313 -0.5196606 -0.0922595 0.3623255 -0.9274742 -0.7538360 0.0335993 -0.6562030 -0.1666576 0.4111381 -0.8962091
-0.3934166 -0.0320064 -0.2347143 -0.0218717 0.1026494 -0.2606729 -0.4270389 0.0199314 -0.3766339 -0.0474481 0.1255415 -0.2688976 -0.8566882 -0.0696959 -0.5111044 -0.0778329 0.3652896 -0.9276344 -0.7495226 0.0349828 -0.6610537 -0.1578816 0.4177346 -0.8947465
-0.3911686 -0.0295313 -0.2318531 -0.0085474 0.1080068 -0.2569154 -0.4251182 0.0194537 -0.3741515 -0.0473376 0.1267546 -0.2692615 -0.8584354 -0.0648076 -0.5088110 -0.0306550 0.3873625 -0.9214177 -0.7502294 0.0343310 -0.6602858 -0.1570874 0.4206283 -0.8935297
-0.3864875 -0.0308252 -0.2320974 -0.0089063 0.1079187 -0.2584782 -0.4232386 0.0206697 -0.3738973 -0.0401857 0.1303241 -0.2669884 -0.8552953 -0.0682161 -0.5136307 -0.0317803 0.3850882 -0.9223324 -0.7489396 0.0365760 -0.6616280 -0.1340400 0.4346985 -0.8905450
-0.3847489 -0.0294665 -0.2319847 -0.0050846 0.1051759 -0.2556475 -0.4218636 0.0212085 -0.3735233 -0.0357960 0.1319095 -0.2665355 -0.8545400 -0.0654461 -0.5152457 -0.0183903 0.3804049 -0.9246372 -0.7481706 0.0376130 -0.6624395 -0.1195043 0.4403775 -0.8898238
-0.3793721 -0.0216074 -0.2347366 -0.0591064 0.1194317 -0.2828199 -0.4049507 0.0238057 -0.3489235 -0.0321867 0.1325914 -0.2654265 -0.8493826 -0.0483772 -0.5255557 -0.1890549 0.3820087 -0.9046146 -0.7568188 0.0444909 -0.6521087 -0.1078491 0.4442785 -0.8893735
-0.3582519 0.0043017 -0.2522237 -0.0553046 0.1235840 -0.2828321 -0.4057575 0.0304837 -0.3559399 -0.0277966 0.1305905 -0.2682628 -0.8176375 0.0098178 -0.5756497 -0.1763714 0.3941204 -0.9019768 -0.7505517 0.0563874 -0.6584015 -0.0927628 0.4358069 -0.8952471
-0.3568738 -0.0060058 -0.2494930 0.0025085 0.1221394 -0.2520822 -0.4071786 0.0341305 -0.3595384 -0.0281960 0.1366400 -0.2700867 -0.8194976 -0.0137913 -0.5729166 0.0089551 0.4360182 -0.8998933 -0.7481221 0.0627091 -0.6605913 -0.0927518 0.4494826 -0.8884607
-0.3540294 -0.0031866 -0.2588139 -0.0070784 0.1382012 -0.2629607 -0.3991325 0.0460627 -0.3672638 -0.0255254 0.1423560 -0.2707338 -0.8072610 -0.0072661 -0.5901498 -0.0238209 0.4650894 -0.8849432 -0.7332348 0.0846205 -0.6746896 -0.0831603 0.4637875 -0.8820349
-0.3351926 -0.0036500 -0.2636187 0.0158134 0.1460374 -0.2526673 -0.3649215 0.0773280 -0.3645657 -0.0159847 0.1540094 -0.2709851 -0.7860012 -0.0085590 -0.6181657 0.0541067 0.4996778 -0.8645198 -0.6996337 0.1482546 -0.6989516 -0.0512163 0.4934594 -0.8682596
-0.3218541 -0.0059969 -0.2634389 0.0232568 0.1476689 -0.2505086 -0.3497224 0.0917001 -0.3650577 -0.0071208 0.1618434 -0.2722097 -0.7737545 -0.0144169 -0.6333215 0.0797226 0.5061979 -0.8587246 -0.6806698 0.1784772 -0.7105170 -0.0224794 0.5109205 -0.8593340
-0.3025648 0.0046585 -0.2660181 0.0351660 0.1525615 -0.2453249 -0.3159137 0.1183615 -0.3546031 0.0071112 0.1772985 -0.2671389 -0.7509573 0.0115623 -0.6602495 0.1208348 0.5242199 -0.8429664 -0.6454558 0.2418291 -0.7245037 0.0221740 0.5528484 -0.8329868
-0.2670562 0.0777007 -0.2614628 0.0505662 0.1566144 -0.2392383 -0.2777321 0.1152722 -0.3139865 0.0220614 0.1839245 -0.2626248 -0.6995910 0.2035479 -0.6849384 0.1741387 0.5393448 -0.8238829 -0.6388271 0.2651440 -0.7222178 0.0686452 0.5722916 -0.8171720
-0.2521024 0.0758059 -0.2539157 0.0808541 0.1579193 -0.2314186 -0.2469510 0.1293301 -0.3058812 0.0547187 0.1851125 -0.2559054 -0.6892694 0.2072597 -0.6942269 0.2772776 0.5415617 -0.7936171 -0.5967118 0.3125025 -0.7391057 0.1707058 0.5774951 -0.7983476
-0.2281950 0.0769711 -0.2480519 0.1037962 0.1432467 -0.2206336 -0.2225152 0.0995560 -0.2608368 0.0661499 0.1825820 -0.2534402 -0.6600437 0.2226354 -0.7174788 0.3670380 0.5065408 -0.7801920 -0.6232644 0.2788561 -0.7306030 0.2071804 0.5718437 -0.7937702
-0.2143278 0.0784581 -0.2408558 0.1094355 0.1430756 -0.2203817 -0.2172063 0.1005480 -0.2581708 0.0837790 0.1841286 -0.2487279 -0.6459185 0.2364488 -0.7258658 0.3844820 0.5026704 -0.7742713 -0.6169721 0.2856055 -0.7333314 0.2613149 0.5743153 -0.7758069
-0.1818880 0.0868059 -0.2263605 0.1277883 0.1433665 -0.2114387 -0.1782030 0.1370380 -0.2699810 0.0988995 0.1864176 -0.2451692 -0.6001318 0.2864124 -0.7468666 0.4473757 0.5019135 -0.7402282 -0.5072390 0.3900665 -0.7684769 0.3057343 0.5762844 -0.7579068
-0.1817724 0.0869527 -0.2256693 0.1325694 0.1448818 -0.2167244 -0.1712451 0.1340307 -0.2593293 0.1299824 0.1709602 -0.2249183 -0.6008271 0.2874118 -0.7459231 0.4532854 0.4953844 -0.7410308 -0.5059855 0.3960264 -0.7662518 0.4179714 0.5497395 -0.7232471
-0.1780925 0.0868545 -0.2258611 0.1430706 0.1481950 -0.2179633 -0.1653086 0.1330545 -0.2534628 0.1336462 0.1707356 -0.2231214 -0.5927406 0.2890755 -0.7517273 0.4770638 0.4941510 -0.7267909 -0.5000776 0.4025053 -0.7667542 0.4295660 0.5487788 -0.7171575
-0.1754843 0.0860323 -0.2230806 0.1469506 0.1476032 -0.2165135 -0.1622998 0.1317421 -0.2482405 0.1371363 0.1706006 -0.2210196 -0.5916877 0.2900787 -0.7521702 0.4891313 0.4913034 -0.7206743 -0.5001053 0.4059457 -0.7649201 0.4408623 0.5484427 -0.7105287
-0.1731747 0.0860308 -0.2210259 0.1479811 0.1500063 -0.2169608 -0.1609899 0.1321315 -0.2470851 0.1390475 0.1713191 -0.2183480 -0.5896874 0.2929486 -0.7526286 0.4892847 0.4959806 -0.7173588 -0.4981857 0.4088828 -0.7646083 0.4479341 0.5518954 -0.7033964
-0.1706771 0.0878218 -0.2167100 0.1501475 0.1542969 -0.2171195 -0.1603500 0.1311207 -0.2444337 0.1358739 0.1889175 -0.2282094 -0.5895712 0.3033635 -0.7485829 0.4910540 0.5046246 -0.7100845 -0.5004769 0.4092478 -0.7629149 0.4168793 0.5796241 -0.7001768
-0.1700066 0.0879887 -0.2152425 0.1508632 0.1550080 -0.2170177 -0.1603859 0.1319696 -0.2436115 0.1349220 0.1922403 -0.2301920 -0.5901955 0.3054618 -0.7472365 0.4923658 0.5058929 -0.7082714 -0.5009952 0.4122316 -0.7609658 0.4102722 0.5845665 -0.6999705
-0.1706308 0.0872081 -0.2149478 0.1488870 0.1539510 -0.2171135 -0.1613165 0.1311568 -0.2430877 0.1363924 0.1820002 -0.2237059 -0.5925443 0.3028448 -0.7464424 0.4882026 0.5048075 -0.7119183 -0.5043192 0.4100317 -0.7599580 0.4275408 0.5705047 -0.7012369
-0.1714712 0.0873167 -0.2149221 0.1484645 0.1534204 -0.2161214 -0.1614125 0.1314485 -0.2427963 0.1290254 0.1889689 -0.2285283 -0.5944048 0.3026833 -0.7450274 0.4887086 0.5050223 -0.7114186 -0.5047030 0.4110119 -0.7591733 0.3989759 0.5843351 -0.7066617
-0.1751220 0.0879094 -0.2139918 0.1102223 0.2090632 -0.2400754 -0.1643351 0.1311932 -0.2417196 0.1268258 0.1815085 -0.2244900 -0.6035524 0.3029769 -0.7375158 0.3271793 0.6205743 -0.7126298 -0.5129313 0.4094871 -0.7544679 0.4022146 0.5756351 -0.7119464
-0.1764099 0.0875446 -0.2144421 0.1359850 0.1506687 -0.2143030 -0.1732378 0.1239134 -0.2392616 0.1258887 0.1789944 -0.2232742 -0.6059016 0.3006827 -0.7365278 0.4607180 0.5104665 -0.7260598 -0.5408087 0.3868292 -0.7469198 0.4026746 0.5725416 -0.7141774
-0.1780167 0.0868190 -0.2152828 0.1358854 0.1449812 -0.1994138 -0.1758110 0.1254072 -0.2409345 0.0946221 0.2091558 -0.2447356 -0.6085403 0.2967861 -0.7359325 0.4826947 0.5150049 -0.7083613 -0.5433780 0.3875952 -0.7446545 0.2819897 0.6233190 -0.7293526
-0.1783672 0.0873730 -0.2171047 0.1279993 0.1520238 -0.2076227 -0.1774530 0.1313077 -0.2455305 0.0947803 0.2039869 -0.2432908 -0.6061747 0.2969341 -0.7378227 0.4453603 0.5289513 -0.7224021 -0.5374490 0.3976894 -0.7436341 0.2860539 0.6156474 -0.7342693
-0.1811914 0.0848143 -0.2214359 0.1252048 0.1537720 -0.2111805 -0.1886827 0.1274386 -0.2522399 0.0925024 0.2026884 -0.2418917 -0.6071582 0.2842061 -0.7420147 0.4322055 0.5308189 -0.7289922 -0.5552693 0.3750356 -0.7423101 0.2812795 0.6163308 -0.7355394
-0.1969622 0.0754063 -0.2324303 0.1050488 0.1507906 -0.2147294 -0.1997984 0.1253969 -0.2627117 0.0784916 0.1964706 -0.2470165 -0.6275607 0.2402595 -0.7405693 0.3716783 0.5335197 -0.7597447 -0.5658825 0.3551576 -0.7440699 0.2413371 0.6040853 -0.7594981
-0.2232193 0.0427316 -0.2452970 0.0524916 0.1925631 -0.2539656 -0.2147312 0.1159340 -0.2652627 0.0629792 0.1918461 -0.2525161 -0.6675216 0.1277858 -0.7335433 0.1625086 0.5961550 -0.7862507 -0.5957531 0.3216489 -0.7359486 0.1947891 0.5933634 -0.7810103
-0.2473379 0.0722567 -0.2460055 0.0599816 0.1439977 -0.2374220 -0.2579087 0.1260415 -0.3065067 0.0238013 0.1822390 -0.2696261 -0.6942771 0.2028245 -0.6905371 0.2111421 0.5068885 -0.8357530 -0.6141560 0.3001416 -0.7298818 0.0729417 0.5584906 -0.8262977
-0.2886045 0.0882755 -0.3131147 0.0697168 0.1062450 -0.2328382 -0.2952960 0.1219256 -0.3433717 0.0076990 0.1772286 -0.2785930 -0.6636324 0.2029853 -0.7199924 0.2628258 0.4005339 -0.8777786 -0.6296165 0.2599641 -0.7321214 0.0233106 0.5366050 -0.8435115
-0.3353897 0.0974985 -0.3349023 0.0317748 0.1207348 -0.2753701 -0.3474900 0.1099592 -0.3815664 -0.0153313 0.1592358 -0.2893810 -0.6931081 0.2014880 -0.6921009 0.1050929 0.3993220 -0.9107675 -0.6585394 0.2083872 -0.7231187 -0.0463665 0.4815775 -0.8751761
-0.3356967 0.0242792 -0.2721154 0.0378253 0.1091251 -0.2657815 -0.3658977 0.1058703 -0.3869322 -0.0148362 0.1368541 -0.2860196 -0.7756130 0.0560961 -0.6287111 0.1305262 0.3765648 -0.9171488 -0.6738936 0.1949871 -0.7126342 -0.0467399 0.4311433 -0.9010721
-0.3442268 0.0183468 -0.2788019 -0.0247592 0.0986327 -0.2815368 -0.3787885 0.1000145 -0.3853535 -0.0232390 0.1271854 -0.2843635 -0.7764224 0.0413822 -0.6288528 -0.0827125 0.3295006 -0.9405254 -0.6892980 0.1820008 -0.7012446 -0.0743943 0.4071549 -0.9103243
-0.3671187 0.0164708 -0.2756435 -0.0557243 0.0932409 -0.2895992 -0.3882854 0.0964650 -0.3856498 -0.0414199 0.1222833 -0.2848806 -0.7991673 0.0358547 -0.6000383 -0.1801623 0.3014574 -0.9363039 -0.6987384 0.1735935 -0.6939956 -0.1324286 0.3909673 -0.9108278
-0.3727063 0.0095083 -0.2758558 -0.0365009 0.1148687 -0.2777843 -0.4146488 0.0756328 -0.3897582 -0.0460855 0.1190997 -0.2848368 -0.8036182 0.0205015 -0.5947920 -0.1205423 0.3793480 -0.9173683 -0.7222867 0.1317466 -0.6789291 -0.1476366 0.3815405 -0.9124858
-0.3795391 0.0065107 -0.2743665 -0.0681912 0.0872027 -0.2905604 -0.4214461 0.0721243 -0.3890745 -0.0482908 0.1188425 -0.2840812 -0.8103424 0.0139008 -0.5857917 -0.2193110 0.2804544 -0.9344774 -0.7290215 0.1247613 -0.6730247 -0.1549265 0.3812706 -0.9113893
-0.4172876 0.0521610 -0.3544402 -0.0365489 0.1126005 -0.2737059 -0.4254280 0.0697862 -0.3870748 -0.0500318 0.1188790 -0.2838094 -0.7587328 0.0948417 -0.6444607 -0.1225605 0.3775871 -0.9178273 -0.7342762 0.1204489 -0.6680797 -0.1604910 0.3813375 -0.9103979
-0.3966217 0.0056896 -0.2768270 -0.0603182 0.0915526 -0.2892139 -0.4256321 0.0687336 -0.3845265 -0.0500464 0.1196419 -0.2844734 -0.8199594 0.0117624 -0.5723008 -0.1950168 0.2960019 -0.9350675 -0.7367587 0.1189762 -0.6656059 -0.1600767 0.3826823 -0.9099064
-0.3972192 0.0601293 -0.3607140 -0.0581511 0.0926072 -0.2892950 -0.4244897 0.0686227 -0.3832402 -0.0503637 0.1204332 -0.2852761 -0.7357006 0.1113671 -0.6680884 -0.1880257 0.2994360 -0.9354060 -0.7369639 0.1191371 -0.6653500 -0.1605346 0.3838819 -0.9093203
-0.3957197 0.0649362 -0.3614112 -0.0400052 0.0940817 -0.2841711 -0.4205560 0.0682299 -0.3774886 -0.0451663 0.1191533 -0.2839688 -0.7330294 0.1202875 -0.6694765 -0.1324670 0.3115271 -0.9409588 -0.7388184 0.1198640 -0.6631591 -0.1451131 0.3828234 -0.9123533
-0.3936993 0.0689670 -0.3555754 -0.0391745 0.0954243 -0.2842419 -0.4200198 0.0700232 -0.3775070 -0.0422054 0.1196118 -0.2842643 -0.7359322 0.1289183 -0.6646682 -0.1295537 0.3155771 -0.9400143 -0.7380916 0.1230502 -0.6633848 -0.1355873 0.3842594 -0.9132145
-0.3922369 0.0693000 -0.3541906 -0.0374703 0.0971707 -0.2842702 -0.4037325 0.0700896 -0.3602211 -0.0350902 0.1223920 -0.2822985 -0.7358856 0.1300155 -0.6645060 -0.1237679 0.3209635 -0.9389696 -0.7399884 0.1284650 -0.6602378 -0.1133100 0.3952171 -0.9115724
-0.3705176 0.0388646 -0.2942683 -0.0154905 0.1098271 -0.2737565 -0.4034210 0.0700222 -0.3605725 -0.0344122 0.1245683 -0.2832036 -0.7804478 0.0818633 -0.6198384 -0.0524441 0.3718264 -0.9268197 -0.7394269 0.1283431 -0.6608903 -0.1105445 0.4001592 -0.9097541
-0.3768294 0.0930267 -0.3587272 -0.0067132 0.1154973 -0.2793221 -0.4010459 0.0716128 -0.3603063 -0.0335917 0.1250799 -0.2839245 -0.7129819 0.1760116 -0.6787316 -0.0222046 0.3820196 -0.9238874 -0.7374026 0.1316744 -0.6624947 -0.1076422 0.4008097 -0.9098158
-0.3605149 0.0343262 -0.2822879 -0.0229587 0.1251481 -0.2782472 -0.3939237 0.0751486 -0.3605146 -0.0330799 0.1299504 -0.2861521 -0.7851473 0.0747573 -0.6147805 -0.0750388 0.4090361 -0.9094276 -0.7304987 0.1393568 -0.6685442 -0.1046788 0.4112181 -0.9055065
-0.3537478 0.0084818 -0.2827479 -0.0057695 0.1163541 -0.2760422 -0.3963431 0.0766888 -0.3756487 -0.0314874 0.1343737 -0.2861244 -0.7810014 0.0187260 -0.6242485 -0.0192561 0.3883416 -0.9213143 -0.7187481 0.1390712 -0.6812198 -0.0991195 0.4229963 -0.9006939
-0.3499916 0.0176987 -0.2794820 -0.0048629 0.1197667 -0.2749433 -0.3934175 0.0768805 -0.3772793 -0.0325079 0.1390251 -0.2866251 -0.7808159 0.0394850 -0.6235122 -0.0162131 0.3993077 -0.9166736 -0.7146815 0.1396610 -0.6853650 -0.1015184 0.4341595 -0.8950975
-0.3347784 0.0189667 -0.2813543 0.0029705 0.1333963 -0.2720454 -0.3678118 0.0866552 -0.3711513 -0.0261103 0.1490246 -0.2839817 -0.7648277 0.0433309 -0.6427761 0.0098034 0.4402444 -0.8978245 -0.6944198 0.1636029 -0.7007248 -0.0811459 0.4631407 -0.8825622
