-0.1645270 0.3094488 -0.3217651 0.1908771 0.3706663 -0.2698134 -0.2210397 0.3525403 -0.3150987 0.1944910 0.4227675 -0.2885914 -0.3458094 0.6504119 -0.6762989 0.3843560 0.7463851 -0.5433045 -0.4234893 0.6754310 -0.6036967 0.3551827 0.7720650 -0.5270303
-0.1642186 0.3072798 -0.3215937 0.1908352 0.3687980 -0.2694579 -0.2207457 0.3503710 -0.3150569 0.1942771 0.4212664 -0.2881035 -0.3463485 0.6480748 -0.6782638 0.3855157 0.7450274 -0.5443454 -0.4242369 0.6733556 -0.6054876 0.3557613 0.7714252 -0.5275766
-0.1639958 0.3161525 -0.3193316 0.1904163 0.3761797 -0.2678455 -0.2205250 0.3592435 -0.3128139 0.1932254 0.4299597 -0.2866677 -0.3428358 0.6609215 -0.6675675 0.3812057 0.7530967 -0.5362159 -0.4201126 0.6843792 -0.5959282 0.3502325 0.7793273 -0.5196020
-0.1669559 0.3155952 -0.3098215 0.1871749 0.3743447 -0.2665637 -0.2235004 0.3586861 -0.3034390 0.1855821 0.4332149 -0.2855547 -0.3531815 0.6676159 -0.6554021 0.3772088 0.7544075 -0.5371991 -0.4295833 0.6894198 -0.5832311 0.3367784 0.7861610 -0.5182000
-0.1703444 0.3176135 -0.3051352 0.1662122 0.3748251 -0.2618210 -0.2269136 0.3607042 -0.2989764 0.1568906 0.4340650 -0.2788024 -0.3607219 0.6725794 -0.6461553 0.3416573 0.7704714 -0.5381860 -0.4359017 0.6929139 -0.5743345 0.2909585 0.8049873 -0.5170479
-0.1729969 0.3168993 -0.2980389 0.1626128 0.3129192 -0.2237287 -0.2295417 0.3599907 -0.2916566 0.1262157 0.4285061 -0.2763766 -0.3695197 0.6768938 -0.6366082 0.3893694 0.7492714 -0.5357087 -0.4439403 0.6962324 -0.5640723 0.2402771 0.8157480 -0.5261388
-0.1738642 0.3176043 -0.2976580 0.1294490 0.3457942 -0.2454884 -0.2304077 0.3606957 -0.2912645 0.1044599 0.4252187 -0.2705008 -0.3709314 0.6775945 -0.6350399 0.2919526 0.7798861 -0.5536617 -0.4450513 0.6967132 -0.5626012 0.2029617 0.8261839 -0.5255728
-0.1719498 0.3192516 -0.2990350 0.1237222 0.3477164 -0.2456239 -0.2284931 0.3623429 -0.2926406 0.0797004 0.4169896 -0.2686399 -0.3658421 0.6792430 -0.6362299 0.2790724 0.7843217 -0.5540380 -0.4404372 0.6984424 -0.5640862 0.1586412 0.8300049 -0.5347195
-0.1673592 0.3254231 -0.3019756 0.0908163 0.3714418 -0.2489959 -0.2238846 0.3685142 -0.2954254 0.0407651 0.4301782 -0.2575422 -0.3527469 0.6859019 -0.6364811 0.1990248 0.8140183 -0.5456769 -0.4283328 0.7050361 -0.5652036 0.0810385 0.8551675 -0.5119779
-0.1652081 0.3284349 -0.3041744 0.0870347 0.3544789 -0.2407369 -0.2217199 0.3715260 -0.2975078 0.0310645 0.4077180 -0.2462715 -0.3462293 0.6883064 -0.6374633 0.1990517 0.8107070 -0.5505747 -0.4222645 0.7075696 -0.5666022 0.0650791 0.8541550 -0.5159301
-0.1643580 0.3275183 -0.3023003 0.0941368 0.3347847 -0.2247906 -0.2209367 0.3706081 -0.2962431 0.0372816 0.3909258 -0.2327771 -0.3459844 0.6894477 -0.6363621 0.2273323 0.8084763 -0.5428500 -0.4221370 0.7081094 -0.5660224 0.0816672 0.8563425 -0.5099098
-0.1608499 0.2665195 -0.2901498 0.1057216 0.2948834 -0.2097478 -0.2175474 0.3096095 -0.2853263 0.0560389 0.3438602 -0.2178030 -0.3779818 0.6262952 -0.6818241 0.2804302 0.7821884 -0.5563634 -0.4590425 0.6533009 -0.6020614 0.1363891 0.8368972 -0.5300954
-0.1559904 0.2987508 -0.2988183 0.1090340 0.2981231 -0.2081812 -0.2127308 0.3418408 -0.2945391 0.0607047 0.3458907 -0.2166399 -0.3463227 0.6632729 -0.6634227 0.2872250 0.7853365 -0.5484052 -0.4264325 0.6852419 -0.5904226 0.1471187 0.8382716 -0.5250303
-0.1571665 0.3072961 -0.2977487 0.1070437 0.3081615 -0.2045094 -0.2139059 0.3503859 -0.2934492 0.0613925 0.3533588 -0.2129416 -0.3447873 0.6741374 -0.6531925 0.2780159 0.8003630 -0.5311556 -0.4238974 0.6943599 -0.5815284 0.1471875 0.8471722 -0.5105243
-0.1781479 0.2799210 -0.2543528 -0.0003002 0.3401108 -0.2039932 -0.2346204 0.3230110 -0.2473790 -0.0627765 0.3993947 -0.2102448 -0.4261133 0.6695452 -0.6083886 -0.0007571 0.8575742 -0.5143597 -0.4995553 0.6877570 -0.5267208 -0.1377592 0.8764477 -0.4613695
-0.1682069 0.2771965 -0.2825774 0.0867092 0.3325834 -0.2030985 -0.2246629 0.3202853 -0.2754830 0.0560665 0.3603424 -0.2108812 -0.3910927 0.6445011 -0.6570120 0.2171949 0.8330762 -0.5087341 -0.4695305 0.6693751 -0.5757413 0.1330921 0.8553895 -0.5005948
-0.1706652 0.2813255 -0.2843363 0.0820018 0.3373219 -0.2034707 -0.2270936 0.3244143 -0.2770257 0.0520709 0.3643553 -0.2112548 -0.3924449 0.6469086 -0.6538320 0.2037912 0.8383142 -0.5056664 -0.4699009 0.6712763 -0.5732201 0.1227000 0.8585678 -0.4978012
-0.1757021 0.2794866 -0.2768221 0.0784224 0.3339175 -0.2172943 -0.2321106 0.3225753 -0.2693596 0.0130119 0.3624729 -0.2178716 -0.4078224 0.6487167 -0.6425322 0.1931399 0.8223777 -0.5351560 -0.4834749 0.6719083 -0.5610626 0.0307528 0.8566826 -0.5149264
-0.1740605 0.2720298 -0.2771507 0.0704986 0.3387289 -0.2211855 -0.2305571 0.3151184 -0.2703829 0.0261334 0.3772425 -0.2291705 -0.4090055 0.6392129 -0.6512460 0.1716772 0.8248679 -0.5386278 -0.4854499 0.6634982 -0.5693052 0.0591027 0.8531624 -0.5182864
-0.1747481 0.2713589 -0.2748747 0.0716942 0.3435831 -0.2245318 -0.2312902 0.3144475 -0.2685039 0.0300126 0.3812346 -0.2318305 -0.4121960 0.6400817 -0.6483748 0.1720696 0.8246165 -0.5388874 -0.4881815 0.6637005 -0.5667278 0.0671126 0.8524964 -0.5184069
-0.1885941 0.2951302 -0.3036633 0.0797418 0.3493993 -0.2297398 -0.2451949 0.3382187 -0.2978370 0.0540112 0.3934494 -0.2405785 -0.4068452 0.6366704 -0.6550784 0.1873199 0.8207676 -0.5396775 -0.4779171 0.6592327 -0.5805234 0.1163220 0.8473578 -0.5181253
-0.1924072 0.2806431 -0.3025922 0.0893203 0.3565013 -0.2318668 -0.2490469 0.3237316 -0.2971579 0.0648203 0.4036806 -0.2402262 -0.4225484 0.6163247 -0.6645274 0.2055467 0.8203924 -0.5335793 -0.4930614 0.6409216 -0.5883112 0.1366932 0.8512825 -0.5065896
-0.1876632 0.2977674 -0.3131671 0.0998914 0.3647854 -0.2350323 -0.2443112 0.3408558 -0.3078204 0.0803236 0.4215544 -0.2459981 -0.3983319 0.6320380 -0.6647252 0.2243269 0.8192010 -0.5278136 -0.4696347 0.6552205 -0.5917173 0.1623858 0.8522339 -0.4973211
-0.1864818 0.3126332 -0.3162383 0.1129679 0.3931760 -0.2417047 -0.2431212 0.3557217 -0.3107923 0.0946386 0.4539184 -0.2490259 -0.3867273 0.6483409 -0.6558171 0.2377506 0.8274726 -0.5086883 -0.4576309 0.6695806 -0.5850093 0.1798120 0.8624388 -0.4731458
-0.1851726 0.3150655 -0.3175888 0.1234456 0.3992105 -0.2461884 -0.2418125 0.3581540 -0.3121566 0.1066138 0.4624841 -0.2549846 -0.3824560 0.6507370 -0.6559487 0.2545315 0.8231292 -0.5076140 -0.4536019 0.6718401 -0.5855563 0.1978830 0.8584042 -0.4732700
-0.1848193 0.3174619 -0.3183818 0.1454758 0.4001190 -0.2465165 -0.2414548 0.3605502 -0.3129049 0.1302317 0.4628492 -0.2552817 -0.3801970 0.6530601 -0.6549525 0.2957040 0.8133091 -0.5010862 -0.4513321 0.6739476 -0.5848880 0.2392259 0.8502192 -0.4689332
-0.1856305 0.3149546 -0.3171462 0.1611917 0.3941940 -0.2444417 -0.2422668 0.3580426 -0.3116789 0.1523745 0.4616854 -0.2563365 -0.3835499 0.6507593 -0.6552876 0.3282637 0.8027685 -0.4978008 -0.4545804 0.6718177 -0.5848227 0.2772371 0.8400116 -0.4663904
-0.1905423 0.3194786 -0.3164931 0.1705992 0.3966914 -0.2437312 -0.2471793 0.3625665 -0.3110331 0.1639826 0.4674941 -0.2569119 -0.3901306 0.6541245 -0.6480117 0.3440500 0.8000135 -0.4915364 -0.4595604 0.6740905 -0.5782787 0.2938374 0.8376944 -0.4603560
-0.1616569 0.3129613 -0.3265329 0.1798397 0.3914486 -0.2422902 -0.2182966 0.3560463 -0.3211450 0.1773738 0.4655748 -0.2608626 -0.3365651 0.6515765 -0.6798323 0.3638669 0.7920121 -0.4902221 -0.4143537 0.6758196 -0.6095727 0.3153987 0.8278659 -0.4638552
-0.1551445 0.3098070 -0.3310085 0.1874766 0.3911441 -0.2435000 -0.1716558 0.3747615 -0.3064897 0.1871040 0.4632953 -0.2646935 -0.3237684 0.6465311 -0.6907761 0.3768928 0.7863350 -0.4895193 -0.3341810 0.7295889 -0.5966768 0.3309046 0.8193655 -0.4681264
-0.1551720 0.3103537 -0.3309610 0.1955742 0.3906756 -0.2471335 -0.1730944 0.3740017 -0.3041264 0.1964256 0.4610295 -0.2676348 -0.3236031 0.6472266 -0.6902020 0.3896306 0.7783191 -0.4923489 -0.3379540 0.7302105 -0.5937842 0.3457471 0.8115011 -0.4710890
-0.1578271 0.3012151 -0.3320153 0.2004144 0.3834430 -0.2527759 -0.1770657 0.3638573 -0.3037716 0.1997102 0.4496229 -0.2713066 -0.3320844 0.6337873 -0.6985940 0.3999577 0.7652195 -0.5044532 -0.3499420 0.7191058 -0.6003561 0.3554642 0.8002837 -0.4828987
-0.1583995 0.3562360 -0.3134747 0.2059386 0.3856315 -0.2553998 -0.1774147 0.4189889 -0.2853335 0.2075104 0.4505721 -0.2742998 -0.3166338 0.7121006 -0.6266225 0.4067428 0.7616486 -0.5044321 -0.3303388 0.7801401 -0.5312793 0.3660779 0.7948735 -0.4839040
-0.1740529 0.4129410 -0.3094518 0.1921737 0.4432944 -0.2553200 -0.0983881 0.4693756 -0.3296996 0.1939255 0.5066465 -0.2744895 -0.3196053 0.7582644 -0.5682319 0.3516641 0.8111969 -0.4672172 -0.1690588 0.8065212 -0.5665180 0.3189657 0.8333247 -0.4514763
-0.1716859 0.4115552 -0.3111990 0.1947410 0.4420007 -0.2585271 -0.0961966 0.4682680 -0.3313337 0.1972401 0.5040585 -0.2785304 -0.3157258 0.7568390 -0.5722866 0.3554728 0.8068112 -0.4719055 -0.1653872 0.8050755 -0.5696495 0.3240166 0.8280431 -0.4575563
-0.1608598 0.3501132 -0.3149645 0.2058246 0.3806822 -0.2643038 -0.0855805 0.4070690 -0.3352105 0.2083732 0.4423445 -0.2844428 -0.3232373 0.7035298 -0.6329008 0.4058945 0.7507207 -0.5212179 -0.1601959 0.7619819 -0.6274718 0.3683578 0.7819672 -0.5028319
-0.1609420 0.3490130 -0.3152421 0.2060651 0.3761892 -0.2634165 -0.0850501 0.4048229 -0.3363809 0.2069099 0.4384957 -0.2841889 -0.3237739 0.7021243 -0.6341860 0.4093807 0.7473589 -0.5233183 -0.1595187 0.7592795 -0.6309108 0.3681616 0.7802297 -0.5056666
-0.1624005 0.3468836 -0.3141155 0.2050077 0.3717167 -0.2614692 -0.0863951 0.4021846 -0.3361696 0.2050793 0.4359875 -0.2826613 -0.3278506 0.7002811 -0.6341295 0.4111951 0.7455723 -0.5244430 -0.1626261 0.7570533 -0.6327899 0.3671274 0.7804928 -0.5060124
-0.1587657 0.3519990 -0.3137852 0.2082744 0.3773006 -0.2602394 -0.0827400 0.4073089 -0.3357538 0.2084875 0.4418363 -0.2811870 -0.3190853 0.7074431 -0.6306415 0.4136971 0.7494352 -0.5169155 -0.1548566 0.7623217 -0.6283988 0.3698584 0.7838210 -0.4988280
-0.1605448 0.3504179 -0.3134637 0.2051359 0.3802288 -0.2626174 -0.0846463 0.4057459 -0.3358278 0.2061013 0.4396772 -0.2819884 -0.3231470 0.7053263 -0.6309444 0.4057346 0.7520478 -0.5194262 -0.1586754 0.7605989 -0.6295326 0.3670379 0.7830044 -0.5021825
-0.1610095 0.3482279 -0.3110932 0.2037165 0.3786102 -0.2626130 -0.0853071 0.4035640 -0.3340999 0.2043106 0.4373113 -0.2818254 -0.3259770 0.7050164 -0.6298340 0.4043621 0.7515130 -0.5212672 -0.1607097 0.7602732 -0.6294100 0.3655349 0.7823994 -0.5042176
-0.1617000 0.3486866 -0.3086418 0.2001789 0.3789961 -0.2614469 -0.0861079 0.4040167 -0.3320271 0.2025360 0.4383150 -0.2807790 -0.3280324 0.7073623 -0.6261256 0.3987152 0.7548822 -0.5207485 -0.1624717 0.7623146 -0.6264818 0.3626105 0.7847378 -0.5026929
-0.1639456 0.3473775 -0.3064623 0.1966357 0.3773607 -0.2612532 -0.0884688 0.4027275 -0.3301783 0.1983704 0.4391027 -0.2808574 -0.3336335 0.7069221 -0.6236585 0.3938074 0.7557500 -0.5232186 -0.1674796 0.7623999 -0.6250576 0.3556860 0.7873285 -0.5035884
-0.1663019 0.3543833 -0.3043024 0.1862830 0.3771533 -0.2511828 -0.0907211 0.4097470 -0.3276632 0.1882053 0.4463783 -0.2726536 -0.3354035 0.7147326 -0.6137278 0.3802178 0.7697988 -0.5126834 -0.1703894 0.7695731 -0.6154061 0.3385652 0.8029961 -0.4904803
-0.1663852 0.3523136 -0.3045189 0.1778003 0.3763962 -0.2485446 -0.1394084 0.4449372 -0.3086489 0.1720960 0.4490716 -0.2663226 -0.3364643 0.7124491 -0.6157987 0.3667260 0.7763445 -0.5126414 -0.2493143 0.7957140 -0.5519797 0.3130519 0.8168854 -0.4844551
-0.1687810 0.3471123 -0.2979831 0.1576144 0.3779022 -0.2476332 -0.1421177 0.4398150 -0.3024213 0.1286273 0.4375661 -0.2610596 -0.3461361 0.7118580 -0.6111039 0.3293839 0.7897430 -0.5175057 -0.2572952 0.7962578 -0.5475151 0.2447665 0.8326497 -0.4967734
-0.1687008 0.3797268 -0.2984173 0.1332798 0.4039222 -0.2431105 -0.1990610 0.4520254 -0.3090783 0.1032256 0.4695234 -0.2528440 -0.3297699 0.7422753 -0.5833346 0.2720452 0.8244695 -0.4962272 -0.3416473 0.7758088 -0.5304694 0.1900416 0.8644072 -0.4654936
-0.1820138 0.3702205 -0.2936192 0.1073332 0.4099547 -0.2436149 -0.2180689 0.4423497 -0.2993486 0.0818810 0.4548511 -0.2495263 -0.3594526 0.7311352 -0.5798579 0.2195823 0.8386856 -0.4983876 -0.3779880 0.7667434 -0.5188735 0.1558980 0.8660181 -0.4750879
-0.1781123 0.3546759 -0.2950857 0.1019118 0.3832480 -0.2401089 -0.2138810 0.4279777 -0.3007577 0.0715940 0.4285693 -0.2511603 -0.3601393 0.7171472 -0.5966570 0.2198309 0.8266929 -0.5179317 -0.3784674 0.7573164 -0.5321976 0.1426530 0.8539358 -0.5004436
-0.1757421 0.3513562 -0.2953422 0.0448537 0.3505047 -0.2199428 -0.2115238 0.4248912 -0.3011507 0.0058626 0.4076163 -0.2375848 -0.3575693 0.7148781 -0.6009106 0.1077640 0.8421113 -0.5284274 -0.3763039 0.7558875 -0.5357514 0.0124250 0.8638887 -0.5035294
-0.1739549 0.3438545 -0.2931176 0.0435251 0.3446319 -0.2176126 -0.2097068 0.4176637 -0.2991094 0.0046892 0.4017430 -0.2355913 -0.3592896 0.7102035 -0.6054106 0.1061837 0.8407636 -0.5308875 -0.3779351 0.7527166 -0.5390572 0.0100680 0.8625729 -0.5058326
-0.1724448 0.3226096 -0.2940973 0.0404597 0.3222795 -0.2169467 -0.2081663 0.3966119 -0.3002228 0.0017126 0.3793901 -0.2351160 -0.3673970 0.6873260 -0.6265800 0.1035838 0.8250921 -0.5554218 -0.3860443 0.7355166 -0.5567630 0.0038371 0.8500026 -0.5267645
-0.1766450 0.3227080 -0.2870680 0.0398728 0.3140053 -0.2168134 -0.2125657 0.3972178 -0.2929896 0.0012420 0.3711153 -0.2352262 -0.3785474 0.6915582 -0.6151822 0.1039266 0.8184407 -0.5651143 -0.3955375 0.7391342 -0.5451886 0.0028266 0.8446238 -0.5353529
-0.1776417 0.3319999 -0.2814643 0.0356349 0.3292251 -0.2156322 -0.2135695 0.4066327 -0.2870247 -0.0032001 0.3863345 -0.2336103 -0.3778732 0.7062187 -0.5987211 0.0901769 0.8331309 -0.5456748 -0.3943208 0.7507801 -0.5299438 -0.0070880 0.8556980 -0.5174269
-0.1864119 0.3036589 -0.2579522 0.1106717 0.3083785 -0.2167971 -0.2222337 0.3783792 -0.2636596 0.0719030 0.3654873 -0.2349177 -0.4237757 0.6903167 -0.5864103 0.2817008 0.7849386 -0.5518297 -0.4341074 0.7391191 -0.5150279 0.1632737 0.8299303 -0.5334393
-0.1840731 0.3149279 -0.2701025 0.1072420 0.3108534 -0.2164358 -0.2199197 0.3896141 -0.2756640 0.0684196 0.3679617 -0.2344385 -0.4055439 0.6938390 -0.5950812 0.2724169 0.7896318 -0.5497915 -0.4184930 0.7414103 -0.5245706 0.1549246 0.8331870 -0.5308463
-0.1843555 0.3145629 -0.2723947 0.1031783 0.3114350 -0.2168931 -0.2202176 0.3892525 -0.2778467 0.0643001 0.3685428 -0.2347727 -0.4050687 0.6911623 -0.5985098 0.2623441 0.7918631 -0.5514784 -0.4182596 0.7393079 -0.5277147 0.1455825 0.8344214 -0.5315512
-0.1835240 0.3195900 -0.2793041 0.0597668 0.3661934 -0.2490370 -0.2194047 0.3942822 -0.2846157 0.0208176 0.4233004 -0.2667635 -0.3968798 0.6911292 -0.6040090 0.1337466 0.8194705 -0.5572970 -0.4112692 0.7390732 -0.5335058 0.0415704 0.8452842 -0.5326974
-0.1907334 0.3058729 -0.2781133 0.0905785 0.3141866 -0.2287523 -0.2266560 0.3805653 -0.2831377 0.0514892 0.3712927 -0.2461652 -0.4189318 0.6718273 -0.6108554 0.2269823 0.7873256 -0.5732342 -0.4311436 0.7239088 -0.5385826 0.1148161 0.8279481 -0.5489255
-0.1937081 0.3089417 -0.2773090 0.0885848 0.3196590 -0.2317543 -0.2296978 0.3836341 -0.2818285 0.0492557 0.3767643 -0.2486162 -0.4228387 0.6743779 -0.6053279 0.2189187 0.7899700 -0.5727320 -0.4345823 0.7258257 -0.5332122 0.1084739 0.8297335 -0.5475178
-0.1879143 0.3290244 -0.2822284 0.0946679 0.3455918 -0.2367252 -0.2239229 0.4037169 -0.2865870 0.0538561 0.4082619 -0.2486003 -0.3977331 0.6964018 -0.5973549 0.2204356 0.8047154 -0.5512179 -0.4120933 0.7429746 -0.5274162 0.1119623 0.8487419 -0.5168188
-0.1882978 0.3351931 -0.2843533 0.0937881 0.3583261 -0.2384448 -0.2243243 0.4098856 -0.2885609 0.0559766 0.4196274 -0.2488579 -0.3937706 0.7009597 -0.5946429 0.2129077 0.8134333 -0.5412917 -0.4084738 0.7463639 -0.5254428 0.1139887 0.8545146 -0.5067656
-0.1901118 0.3368462 -0.2840958 0.0961941 0.3637285 -0.2417760 -0.2261728 0.4115388 -0.2879956 0.0696559 0.4176576 -0.2530278 -0.3961365 0.7018874 -0.5919713 0.2150925 0.8133067 -0.5406177 -0.4105725 0.7470681 -0.5227996 0.1412132 0.8467161 -0.5129626
-0.1940989 0.3360390 -0.2794176 0.0871361 0.3793002 -0.2429747 -0.2301907 0.4107316 -0.2830292 0.0778707 0.4233182 -0.2515095 -0.4058987 0.7027233 -0.5843168 0.1899215 0.8267211 -0.5295866 -0.4190181 0.7476580 -0.5152003 0.1562046 0.8491551 -0.5045154
