-0.3216144 0.1893037 -0.3663522 0.1732922 0.3133072 -0.3122961 -0.3169520 0.2188876 -0.4059818 0.1483768 0.3567530 -0.3627436 -0.6149903 0.3619861 -0.7005377 0.3647485 0.6594547 -0.6573264 -0.5663547 0.3911255 -0.7254400 0.2799704 0.6731533 -0.6844569
-0.3254305 0.1901267 -0.3714323 0.1724636 0.3129199 -0.3092506 -0.3278479 0.2159688 -0.4074651 0.1477608 0.3563657 -0.3598018 -0.6149892 0.3592960 -0.7019221 0.3649678 0.6622016 -0.6544368 -0.5794188 0.3816903 -0.7201294 0.2800998 0.6755373 -0.6820509
-0.3327813 0.1895152 -0.3757871 0.1740484 0.2965681 -0.3035765 -0.3376479 0.2135166 -0.4095657 0.1526980 0.3330704 -0.3459114 -0.6202357 0.3532172 -0.7003894 0.3794397 0.6465428 -0.6618216 -0.5901533 0.3731921 -0.7158538 0.3030371 0.6609954 -0.6864791
-0.3418330 0.1855438 -0.3782278 0.1519373 0.2928820 -0.3070184 -0.3471595 0.2087807 -0.4119158 0.1269838 0.3363277 -0.3574463 -0.6300788 0.3420009 -0.6971629 0.3371185 0.6498466 -0.6812125 -0.6008921 0.3613747 -0.7129776 0.2504806 0.6634198 -0.7050771
-0.3378647 0.1346357 -0.3166700 0.1548719 0.2733568 -0.3130022 -0.3543695 0.2015349 -0.4118623 0.1179029 0.2913091 -0.3316921 -0.7006096 0.2791859 -0.6566593 0.3492151 0.6163823 -0.7057773 -0.6115050 0.3477715 -0.7107155 0.2580348 0.6375405 -0.7259202
-0.3385848 0.1347834 -0.3177129 0.1243361 0.2790501 -0.3231314 -0.3600136 0.1965318 -0.4114465 0.0678947 0.3267325 -0.3839601 -0.7003155 0.2787807 -0.6571450 0.2796066 0.6275269 -0.7266568 -0.6196798 0.3382839 -0.7082097 0.1334635 0.6422724 -0.7547673
-0.3401543 0.1336818 -0.3182705 0.1169886 0.2878850 -0.3350444 -0.3626698 0.1900592 -0.4097313 0.0238798 0.2722451 -0.3507181 -0.7018761 0.2758397 -0.6567210 0.2560111 0.6299907 -0.7331917 -0.6261014 0.3281120 -0.7073468 0.0537078 0.6123036 -0.7887964
-0.3420611 0.1311828 -0.3195162 0.1284055 0.2865069 -0.3210976 -0.3636794 0.1838808 -0.4065461 0.0355439 0.2698089 -0.3371496 -0.7036666 0.2698610 -0.6572886 0.2859265 0.6379784 -0.7150032 -0.6317892 0.3194404 -0.7062579 0.0820349 0.6227150 -0.7781364
-0.3482656 0.1204603 -0.3197053 0.1715179 0.2601584 -0.3537007 -0.3663355 0.1802647 -0.4049733 0.0786114 0.2576696 -0.3765549 -0.7138583 0.2469138 -0.6553167 0.3638585 0.5519008 -0.7503416 -0.6370325 0.3134681 -0.7042211 0.1697878 0.5565245 -0.8132974
-0.3490200 0.1211623 -0.3209389 0.1693643 0.2587483 -0.3519751 -0.3677140 0.1789252 -0.4040639 0.0769618 0.2575873 -0.3768904 -0.7131818 0.2475811 -0.6558013 0.3614793 0.5522542 -0.7512310 -0.6396280 0.3112352 -0.7028575 0.1662429 0.5564067 -0.8141099
-0.3494672 0.1207836 -0.3206812 0.1747472 0.2619356 -0.3477764 -0.3697833 0.1746943 -0.4014077 0.0828646 0.2617199 -0.3745765 -0.7140131 0.2467787 -0.6551989 0.3724816 0.5583277 -0.7413013 -0.6452901 0.3048502 -0.7004763 0.1784319 0.5635604 -0.8065741
-0.3494102 0.1209248 -0.3218644 0.1797831 0.2604802 -0.3412093 -0.3692536 0.1744463 -0.4014503 0.0879857 0.2602124 -0.3683038 -0.7127749 0.2466790 -0.6565832 0.3862994 0.5596929 -0.7331552 -0.6448017 0.3046234 -0.7010245 0.1914999 0.5663491 -0.8016087
-0.3493045 0.1205283 -0.3216794 0.1836887 0.2642926 -0.3394384 -0.3707078 0.1736129 -0.4009551 0.0919401 0.2639171 -0.3667009 -0.7129876 0.2460179 -0.6566002 0.3926886 0.5650032 -0.7256494 -0.6469579 0.3029886 -0.6997453 0.1994110 0.5724159 -0.7953460
-0.3511765 0.1244381 -0.3198122 0.1850803 0.2701125 -0.3359321 -0.3725576 0.1732128 -0.3996920 0.0934393 0.2696127 -0.3635574 -0.7152143 0.2534336 -0.6513370 0.3945335 0.5757956 -0.7161024 -0.6499636 0.3021869 -0.6973022 0.2021775 0.5833697 -0.7866410
-0.3513001 0.1237791 -0.3186175 0.1779807 0.2685188 -0.3559017 -0.3735872 0.1734344 -0.3992173 0.0864613 0.2681812 -0.3839367 -0.7167150 0.2525315 -0.6500366 0.3707565 0.5593589 -0.7413887 -0.6512983 0.3023592 -0.6959809 0.1815500 0.5631225 -0.8061840
-0.3504800 0.1249502 -0.3157622 0.1790397 0.2715831 -0.3406459 -0.3739482 0.1734215 -0.3986912 0.0874990 0.2712504 -0.3686145 -0.7181808 0.2560398 -0.6470393 0.3801171 0.5765950 -0.7232214 -0.6520807 0.3024077 -0.6952268 0.1877862 0.5821447 -0.7911029
-0.3495120 0.1266963 -0.3156317 0.1822591 0.2717534 -0.3350697 -0.3729915 0.1747836 -0.3993318 0.0908463 0.2716774 -0.3634577 -0.7166798 0.2597927 -0.6472077 0.3891620 0.5802513 -0.7154449 -0.6501447 0.3046574 -0.6960573 0.1963066 0.5870582 -0.7853830
-0.3481746 0.1260749 -0.3158619 0.1790691 0.2693503 -0.3530751 -0.3716561 0.1759091 -0.3987474 0.0876785 0.2694211 -0.3815376 -0.7153597 0.2590335 -0.6489700 0.3739728 0.5625185 -0.7373718 -0.6488687 0.3071170 -0.6961670 0.1844959 0.5669245 -0.8028436
-0.3433356 0.1307833 -0.3162853 0.0440825 0.3120836 -0.3346409 -0.3673213 0.1792464 -0.3985581 -0.0486735 0.3054610 -0.3573508 -0.7082171 0.2697739 -0.6524190 0.0958941 0.6788856 -0.7279552 -0.6434312 0.3139832 -0.6981482 -0.1029852 0.6463063 -0.7560967
-0.3412914 0.1332580 -0.3153670 0.1397160 0.3100033 -0.3290304 -0.3638976 0.1842281 -0.3980383 0.0468637 0.2938963 -0.3458331 -0.7059951 0.2756574 -0.6523679 0.2952807 0.6551718 -0.6953842 -0.6385191 0.3232590 -0.6984246 0.1027130 0.6441443 -0.7579763
-0.3365272 0.1357773 -0.3166700 0.1680770 0.2903219 -0.3227377 -0.3557450 0.1886396 -0.3990958 0.0756564 0.2843349 -0.3469458 -0.6987279 0.2819130 -0.6574986 0.3610627 0.6236688 -0.6933044 -0.6274866 0.3327350 -0.7039517 0.1663112 0.6250377 -0.7626719
-0.3337727 0.1318362 -0.3145190 0.1665326 0.2849737 -0.3008853 -0.3474225 0.1882500 -0.3952360 0.0736316 0.2700806 -0.3185331 -0.6994593 0.2762780 -0.6591108 0.3728679 0.6380584 -0.6736846 -0.6216355 0.3368316 -0.7071872 0.1736340 0.6368896 -0.7511477
-0.3244088 0.1308313 -0.3124610 0.1714172 0.2834155 -0.2991911 -0.3382487 0.1904488 -0.3945851 0.0784471 0.2697141 -0.3174387 -0.6916579 0.2789397 -0.6661846 0.3840467 0.6349701 -0.6703142 -0.6110907 0.3440708 -0.7128698 0.1850728 0.6363112 -0.7489033
-0.3145494 0.1295170 -0.3114008 0.1826811 0.2832784 -0.3003195 -0.3148626 0.1947988 -0.3920113 0.0895357 0.2692699 -0.3174025 -0.6820543 0.2808387 -0.6752270 0.4046505 0.6274799 -0.6652270 -0.5839227 0.3612605 -0.7269974 0.2102987 0.6324527 -0.7455052
-0.3023950 0.1289954 -0.3110955 0.2205805 0.2620770 -0.2984314 -0.2970810 0.1820033 -0.3841912 0.2025940 0.3076068 -0.3495178 -0.6681022 0.2849985 -0.6873248 0.4855242 0.5768629 -0.6568832 -0.5728101 0.3509256 -0.7407697 0.3989888 0.6058011 -0.6883407
-0.2937924 0.1280519 -0.3090355 0.2456168 0.2194192 -0.3180523 -0.2776497 0.1697236 -0.3736216 0.2279878 0.2649467 -0.3692603 -0.6598924 0.2876197 -0.6941303 0.5364530 0.4792347 -0.6946598 -0.5603786 0.3425521 -0.7540781 0.4483916 0.5210800 -0.7262373
-0.2719224 0.1015497 -0.3181920 0.2411036 0.2373029 -0.3311335 -0.2625129 0.1437914 -0.3641116 0.2286701 0.2160404 -0.2778599 -0.6313536 0.2357796 -0.7387832 0.5093186 0.5012898 -0.6995021 -0.5569441 0.3050660 -0.7724946 0.5448085 0.5147182 -0.6620037
-0.2525048 0.0896531 -0.3214503 0.2487460 0.2322816 -0.3328803 -0.2328732 0.1232068 -0.3805521 0.2510335 0.1892427 -0.2780023 -0.6033836 0.2142344 -0.7681353 0.5225035 0.4879191 -0.6992318 -0.5031293 0.2661919 -0.8221939 0.5981808 0.4509411 -0.6624439
-0.2312240 0.0737622 -0.3247915 0.3033047 0.0969836 -0.3924881 -0.2127161 0.1105953 -0.3822798 0.2932508 0.1510133 -0.4370285 -0.5702807 0.1819239 -0.8010516 0.6001077 0.1918882 -0.7765627 -0.4714037 0.2450921 -0.8471767 0.5355833 0.2758056 -0.7981740
-0.1978158 0.0935341 -0.3522361 0.3070665 0.1974867 -0.3798510 -0.1736066 0.1247208 -0.4109324 0.3015527 0.1710515 -0.3061087 -0.4770457 0.2255636 -0.8494401 0.5828277 0.3748397 -0.7209764 -0.3747935 0.2692555 -0.8871479 0.6520227 0.3698506 -0.6618738
-0.2183859 0.0542096 -0.3097320 0.3322835 0.0936460 -0.3481316 -0.1929581 0.0823597 -0.3694382 0.3245267 0.1456145 -0.3954914 -0.5704393 0.1415993 -0.8090418 0.6777380 0.1910040 -0.7100624 -0.4541755 0.1938543 -0.8695661 0.6101090 0.2737547 -0.7435223
-0.1833846 0.0646625 -0.3439639 0.3153444 0.1735672 -0.3638795 -0.1609882 0.0949933 -0.4038162 0.3067899 0.2255181 -0.4111211 -0.4641200 0.1636515 -0.8705233 0.6161045 0.3391072 -0.7109301 -0.3617863 0.2134770 -0.9074901 0.5474909 0.4024550 -0.7336782
-0.1907850 0.0565487 -0.3393334 0.3093794 0.1781070 -0.3871980 -0.1693658 0.0856842 -0.4001288 0.2969391 0.1442901 -0.3065780 -0.4849953 0.1437527 -0.8626208 0.5874480 0.3381887 -0.7352096 -0.3824319 0.1934769 -0.9035001 0.6590799 0.3202633 -0.6804742
-0.1978310 0.0463237 -0.3289269 0.2851881 0.1351723 -0.3749493 -0.1763560 0.0751176 -0.3898644 0.2836959 0.1378534 -0.4462022 -0.5116921 0.1198168 -0.8507733 0.5819066 0.2758097 -0.7650580 -0.4059385 0.1729066 -0.8973947 0.5191827 0.2522811 -0.8165804
-0.2247128 0.0481343 -0.3142852 0.2572520 0.1829039 -0.3302046 -0.2081615 0.0829854 -0.3735725 0.2590868 0.2071764 -0.3972445 -0.5771590 0.1236296 -0.8072194 0.5631594 0.4004014 -0.7228625 -0.4778393 0.1904948 -0.8575438 0.5006088 0.4003073 -0.7675578
-0.2055147 0.1050608 -0.3480148 0.2870259 0.2787595 -0.3426325 -0.1939988 0.1411689 -0.4077402 0.2768856 0.2332248 -0.3278474 -0.4921348 0.2515834 -0.8333722 0.5448779 0.5291853 -0.6504391 -0.4100655 0.2983961 -0.8618619 0.5669134 0.4775194 -0.6712558
-0.2599061 0.0800288 -0.3245192 0.2462466 0.2401658 -0.3083171 -0.2490465 0.1266973 -0.3782800 0.2471241 0.2852644 -0.3635658 -0.6138533 0.1890141 -0.7664580 0.5330856 0.5199217 -0.6674587 -0.5295601 0.2694028 -0.8043558 0.4715678 0.5443479 -0.6937645
-0.2787752 0.1066344 -0.3388243 0.2392176 0.2439277 -0.3039033 -0.2724159 0.1523475 -0.3842949 0.2374302 0.2877697 -0.3601353 -0.6173875 0.2361571 -0.7503749 0.5231591 0.5334599 -0.6646240 -0.5502479 0.3077239 -0.7762301 0.4578836 0.5549633 -0.6945203
-0.2901208 0.1205045 -0.3432145 0.2022292 0.2818237 -0.2874169 -0.2925742 0.1797071 -0.3961697 0.1885777 0.3332293 -0.3402271 -0.6235373 0.2589922 -0.7376478 0.4489222 0.6256114 -0.6380276 -0.5580747 0.3427848 -0.7556793 0.3681658 0.6505732 -0.6642353
-0.3072618 0.1212957 -0.3215898 0.1980800 0.2860428 -0.2859717 -0.3115914 0.1912453 -0.3951375 0.1831262 0.3378158 -0.3388298 -0.6664778 0.2631011 -0.6975566 0.4398130 0.6351240 -0.6349662 -0.5788128 0.3552576 -0.7340080 0.3574527 0.6593987 -0.6613780
-0.3079818 0.1202188 -0.3254960 0.1968245 0.2938914 -0.2932671 -0.3249960 0.1968727 -0.4015759 0.1785946 0.3484647 -0.3452351 -0.6638201 0.2591181 -0.7015701 0.4283678 0.6396238 -0.6382651 -0.5878544 0.3561043 -0.7263724 0.3421184 0.6675239 -0.6613372
-0.3346584 0.1445046 -0.3426777 0.1870413 0.2935736 -0.2898752 -0.3399628 0.2015701 -0.4019162 0.1665466 0.3477192 -0.3420629 -0.6689079 0.2888326 -0.6849365 0.4129063 0.6480834 -0.6399189 -0.6031067 0.3575929 -0.7130144 0.3231306 0.6746382 -0.6636640
-0.3386440 0.1435812 -0.3425757 0.1334616 0.3255525 -0.3139714 -0.3619387 0.2048226 -0.4077923 0.0962472 0.3888350 -0.3740968 -0.6737220 0.2856505 -0.6815441 0.2830179 0.6903647 -0.6658059 -0.6214087 0.3516578 -0.7001343 0.1756041 0.7094341 -0.6825441
-0.3421996 0.1398826 -0.3420745 0.1514724 0.2863634 -0.2998731 -0.3680740 0.1979260 -0.4086352 0.1208816 0.3362064 -0.3552335 -0.6794133 0.2777271 -0.6791650 0.3431302 0.6486988 -0.6793023 -0.6297286 0.3386266 -0.6991237 0.2399285 0.6673101 -0.7050756
-0.3540986 0.1373820 -0.3498063 0.1242380 0.3090446 -0.3099062 -0.3802560 0.1879745 -0.4146657 0.0855997 0.3666052 -0.3679942 -0.6857638 0.2660603 -0.6774510 0.2730765 0.6792838 -0.6811775 -0.6410336 0.3168865 -0.6990414 0.1625990 0.6963763 -0.6990147
-0.3600561 0.1282125 -0.3567984 0.1486394 0.2455385 -0.2998483 -0.3886173 0.1649457 -0.4139963 0.1197212 0.2826934 -0.3534474 -0.6886264 0.2452132 -0.6823959 0.3580979 0.5915443 -0.7223858 -0.6572368 0.2789592 -0.7001583 0.2557270 0.6038393 -0.7549714
-0.3701389 0.1298668 -0.3687042 0.1817224 0.2276973 -0.3237726 -0.3956477 0.1603724 -0.4219293 0.1649231 0.2612029 -0.3844772 -0.6875548 0.2412352 -0.6848898 0.4172317 0.5227893 -0.7433768 -0.6591559 0.2671832 -0.7029414 0.3343919 0.5296051 -0.7795515
-0.3756765 0.1290066 -0.3713907 0.1756905 0.2351357 -0.3252690 -0.4019429 0.1563139 -0.4256685 0.1593608 0.2716020 -0.3843777 -0.6908496 0.2372365 -0.6829683 0.4010031 0.5366831 -0.7424068 -0.6633174 0.2579614 -0.7024713 0.3207099 0.5465927 -0.7735513
-0.3801205 0.1275119 -0.3586328 0.1748305 0.2343285 -0.3253768 -0.4061701 0.1509602 -0.4254209 0.1590662 0.2709410 -0.3845518 -0.7066361 0.2370420 -0.6666908 0.3996759 0.5356928 -0.7438363 -0.6688738 0.2485987 -0.7005758 0.3203237 0.5456145 -0.7744014
-0.3809133 0.1278529 -0.3547458 0.1732292 0.2298146 -0.3303610 -0.4093692 0.1477944 -0.4244310 0.1579194 0.2651295 -0.3904404 -0.7106717 0.2385357 -0.6618508 0.3953794 0.5245303 -0.7540180 -0.6733921 0.2431145 -0.6981679 0.3173172 0.5327410 -0.7845360
-0.3733245 0.0945702 -0.3472527 0.1565443 0.2159332 -0.3338762 -0.4111768 0.1459891 -0.4239000 0.1364807 0.2464763 -0.3951626 -0.7199325 0.1823726 -0.6696547 0.3663355 0.5053138 -0.7813170 -0.6759062 0.2399818 -0.6968210 0.2812205 0.5078683 -0.8142388
-0.3733759 0.0937969 -0.3468021 0.1562063 0.2162665 -0.3333866 -0.4127959 0.1442874 -0.4233488 0.1361235 0.2470316 -0.3945589 -0.7205947 0.1810228 -0.6693087 0.3658336 0.5064939 -0.7807879 -0.6782260 0.2370650 -0.6955643 0.2806635 0.5093371 -0.8135132
-0.3742539 0.0943195 -0.3467681 0.1692622 0.2217129 -0.3330836 -0.4136523 0.1435785 -0.4226599 0.1534277 0.2546165 -0.3943932 -0.7213076 0.1817840 -0.6683336 0.3895967 0.5103244 -0.7666704 -0.6797056 0.2359254 -0.6945067 0.3106590 0.5155452 -0.7985638
