-0.1905825 -0.3485803 -0.0086209 0.1605197 0.3667219 -0.0517758 -0.1633333 -0.4417717 -0.0332929 0.0493580 0.4695977 -0.1547374 -0.4796077 -0.8772148 -0.0216947 0.3976718 0.9085175 -0.1282694 -0.3459175 -0.9356118 -0.0705097 0.0993335 0.9450695 -0.3114104
-0.1837434 -0.3049642 -0.0087531 0.2059752 0.4790808 -0.0656025 -0.1563998 -0.4064950 -0.0358933 0.1452915 0.5353537 -0.1220532 -0.5159187 -0.8562849 -0.0245772 0.3918911 0.9115055 -0.1248162 -0.3578771 -0.9301497 -0.0821318 0.2558003 0.9425443 -0.2148870
-0.1764667 -0.3223311 -0.0129539 0.2190026 0.5169926 -0.0873701 -0.1564662 -0.4063698 -0.0359118 0.1667813 0.5816973 -0.1316785 -0.4799162 -0.8766067 -0.0352292 0.3854168 0.9098415 -0.1537604 -0.3581036 -0.9300572 -0.0821913 0.2693081 0.9392887 -0.2126263
-0.1724946 -0.3242583 -0.0149674 0.1996887 0.5687686 -0.1364780 -0.1530180 -0.4069641 -0.0367470 0.1757260 0.5876477 -0.1409524 -0.4692591 -0.8821213 -0.0407179 0.3230890 0.9202465 -0.2208164 -0.3506926 -0.9326961 -0.0842182 0.2792198 0.9337427 -0.2239662
-0.1706310 -0.3245591 -0.0160136 0.2278617 0.5771896 -0.1505450 -0.1520290 -0.4074156 -0.0367707 0.2190367 0.6009250 -0.1701170 -0.4648984 -0.8842883 -0.0436305 0.3568482 0.9039217 -0.2357646 -0.3483639 -0.9335648 -0.0842574 0.3309529 0.9079657 -0.2570377
-0.1730087 -0.3169768 -0.0157490 0.2678863 0.5909606 -0.1685325 -0.1542999 -0.3985916 -0.0365156 0.2401314 0.6164301 -0.1838460 -0.4786368 -0.8769313 -0.0435705 0.3996075 0.8815393 -0.2514009 -0.3596967 -0.9291783 -0.0851235 0.3497291 0.8977733 -0.2677547
-0.1659227 -0.3131294 -0.0179426 0.2893679 0.6027497 -0.1832902 -0.1475242 -0.3925019 -0.0383723 0.2728567 0.6512934 -0.2328145 -0.4676155 -0.8824844 -0.0505672 0.4173900 0.8694182 -0.2643814 -0.3503619 -0.9321703 -0.0911321 0.3669748 0.8759481 -0.3131206
-0.1623132 -0.4018137 -0.0331158 0.3065380 0.5235701 -0.2255798 -0.1441996 -0.4795966 -0.0539310 0.2900549 0.5732001 -0.2779964 -0.3734581 -0.9245125 -0.0761945 0.4735753 0.8088714 -0.3485017 -0.2862799 -0.9521449 -0.1070693 0.4143759 0.8188805 -0.3971490
-0.1605262 -0.3239633 -0.0239872 0.3198583 0.6045076 -0.2258239 -0.1427805 -0.4009844 -0.0457460 0.3069089 0.6533113 -0.2799776 -0.4430162 -0.8940662 -0.0661992 0.4441041 0.8393226 -0.3135429 -0.3335233 -0.9366661 -0.1068588 0.3964172 0.8438460 -0.3616315
-0.1613850 -0.3731383 -0.0336186 0.3326944 0.5568095 -0.2433959 -0.1427310 -0.4497526 -0.0539646 0.3174740 0.6020498 -0.2999965 -0.3956185 -0.9147099 -0.0824125 0.4802210 0.8037155 -0.3513249 -0.3005284 -0.9469804 -0.1136257 0.4268221 0.8094147 -0.4033247
-0.1657377 -0.3184571 -0.0271729 0.3345770 0.6115203 -0.2386960 -0.1467829 -0.3945813 -0.0493680 0.3219262 0.6571928 -0.2955799 -0.4603429 -0.8845270 -0.0754739 0.4540946 0.8299675 -0.3239629 -0.3462816 -0.9308731 -0.1164661 0.4078918 0.8326863 -0.3745101
-0.1645240 -0.3189231 -0.0287725 0.3464293 0.5885291 -0.2187307 -0.1449870 -0.3967448 -0.0541016 0.3287670 0.6488361 -0.2890135 -0.4569970 -0.8858704 -0.0799211 0.4831021 0.8207147 -0.3050240 -0.3404589 -0.9316374 -0.1270415 0.4200472 0.8289814 -0.3692563
-0.1615709 -0.3124167 -0.0310875 0.3453007 0.6361813 -0.2793319 -0.1428783 -0.3915542 -0.0566978 0.2942538 0.6869455 -0.2966249 -0.4575854 -0.8847961 -0.0880430 0.4450455 0.8199510 -0.3600208 -0.3396635 -0.9308389 -0.1347872 0.3659733 0.8543769 -0.3689223
-0.1642125 -0.3140028 -0.0311797 0.3444745 0.6230635 -0.2635481 -0.1461688 -0.3930320 -0.0567903 0.2977775 0.6740208 -0.2900922 -0.4616360 -0.8827283 -0.0876528 0.4537556 0.8207243 -0.3471562 -0.3454219 -0.9288018 -0.1342051 0.3760221 0.8511280 -0.3663175
-0.1775496 -0.3312600 -0.0202751 0.3192951 0.6117320 -0.2894212 -0.1618546 -0.4107873 -0.0481582 0.2723458 0.6634890 -0.3138903 -0.4717193 -0.8801018 -0.0538674 0.4267027 0.8175123 -0.3867795 -0.3644206 -0.9249003 -0.1084296 0.3478723 0.8474867 -0.4009378
-0.1761388 -0.3256579 -0.0193125 0.3279730 0.5841171 -0.2615022 -0.1572599 -0.4222134 -0.0506968 0.3098695 0.6301065 -0.3166289 -0.4750959 -0.8783908 -0.0520911 0.4560715 0.8122596 -0.3636388 -0.3468514 -0.9312310 -0.1118165 0.4022898 0.8180393 -0.4110653
-0.1737021 -0.3152200 -0.0193582 0.3249321 0.6207779 -0.2912799 -0.1572717 -0.4007558 -0.0471183 0.2828619 0.6731202 -0.3224590 -0.4819282 -0.8745631 -0.0537084 0.4282137 0.8180958 -0.3838650 -0.3631456 -0.9253585 -0.1087978 0.3543863 0.8433253 -0.4039959
-0.1749824 -0.3162246 -0.0194947 0.3323606 0.6102801 -0.2585086 -0.1589834 -0.3992471 -0.0458691 0.3102162 0.6523914 -0.3152342 -0.4834637 -0.8737057 -0.0538624 0.4482641 0.8231020 -0.3486579 -0.3678654 -0.9238022 -0.1061348 0.3935876 0.8277231 -0.3999541
-0.1704079 -0.3112000 -0.0200154 0.3342265 0.6150124 -0.2606714 -0.1547607 -0.3924846 -0.0449951 0.3144376 0.6585798 -0.3171673 -0.4795279 -0.8757172 -0.0563235 0.4474698 0.8233923 -0.3489927 -0.3647545 -0.9250447 -0.1060488 0.3951539 0.8276376 -0.3985843
-0.1686516 -0.3086462 -0.0198373 0.3357894 0.6178382 -0.2607671 -0.1519972 -0.3902413 -0.0444666 0.3138997 0.6614710 -0.3164301 -0.4787466 -0.8761454 -0.0563116 0.4477279 0.8238004 -0.3476962 -0.3609085 -0.9266052 -0.1055834 0.3935431 0.8293012 -0.3967156
-0.1677039 -0.3077526 -0.0195382 0.3297329 0.6165775 -0.2585816 -0.1503117 -0.3894952 -0.0439529 0.3096783 0.6633684 -0.3123370 -0.4777559 -0.8767275 -0.0556606 0.4423033 0.8270763 -0.3468610 -0.3580556 -0.9278115 -0.1046995 0.3890748 0.8334453 -0.3924152
-0.1742595 -0.3113499 -0.0167752 0.3151147 0.6110346 -0.2498525 -0.1568322 -0.3921842 -0.0405164 0.2954405 0.6585822 -0.3030804 -0.4878586 -0.8716584 -0.0469640 0.4307810 0.8353215 -0.3415636 -0.3696095 -0.9242680 -0.0954858 0.3773850 0.8412491 -0.3871439
-0.1703337 -0.3099129 -0.0173526 0.3119262 0.6113109 -0.2467309 -0.1542244 -0.3871626 -0.0387730 0.2904137 0.6586670 -0.2994135 -0.4810829 -0.8753041 -0.0490099 0.4277077 0.8382186 -0.3383131 -0.3684739 -0.9250111 -0.0926366 0.3724996 0.8448402 -0.3840431
-0.1692580 -0.3087664 -0.0174831 0.2998189 0.6025712 -0.2282165 -0.1529435 -0.3868320 -0.0387436 0.2830084 0.6498819 -0.2826205 -0.4800981 -0.8758119 -0.0495905 0.4218760 0.8478797 -0.3211241 -0.3660949 -0.9259449 -0.0927390 0.3708690 0.8516391 -0.3703606
-0.1691135 -0.3101896 -0.0171822 0.2813329 0.5806535 -0.2053170 -0.1531867 -0.3877193 -0.0376436 0.2610984 0.6144149 -0.2372071 -0.4781107 -0.8769552 -0.0485769 0.4154980 0.8575619 -0.3032308 -0.3659673 -0.9262723 -0.0899315 0.3685327 0.8672285 -0.3348109
-0.1730163 -0.3143157 -0.0156413 0.2655003 0.5747878 -0.1963614 -0.1561514 -0.3924865 -0.0357294 0.2439317 0.6087452 -0.2253138 -0.4817663 -0.8752167 -0.0435534 0.4005166 0.8670878 -0.2962182 -0.3683539 -0.9258573 -0.0842839 0.3517775 0.8778805 -0.3249284
-0.1725246 -0.3140124 -0.0152493 0.2340062 0.5741977 -0.1877789 -0.1551972 -0.3929378 -0.0352296 0.2026696 0.5911175 -0.1964306 -0.4810927 -0.8756378 -0.0425234 0.3611986 0.8862988 -0.2898449 -0.3660806 -0.9268654 -0.0830998 0.3093995 0.9024118 -0.2998749
-0.1683615 -0.3107455 -0.0144676 0.2260232 0.5414504 -0.1425962 -0.1503543 -0.3903331 -0.0354257 0.1879421 0.5825558 -0.1793739 -0.4759743 -0.8785076 -0.0409012 0.3743272 0.8967205 -0.2361599 -0.3581678 -0.9298356 -0.0843895 0.2946436 0.9132938 -0.2812109
-0.1661746 -0.3065959 -0.0145678 0.2211176 0.5368241 -0.1318001 -0.1472760 -0.3874560 -0.0353070 0.1779323 0.5828591 -0.1711435 -0.4760938 -0.8784035 -0.0417371 0.3714063 0.9016915 -0.2213816 -0.3540258 -0.9313767 -0.0848718 0.2810986 0.9208049 -0.2703737
-0.1735986 -0.3052166 -0.0112460 0.1876077 0.5114259 -0.0923830 -0.1539773 -0.3862039 -0.0323431 0.1221662 0.5709413 -0.1393551 -0.4941437 -0.8687907 -0.0320114 0.3395439 0.9256100 -0.1672005 -0.3692294 -0.9260964 -0.0775569 0.2035203 0.9511483 -0.2321559
-0.1669326 -0.3013637 -0.0115851 0.2007154 0.5097732 -0.0750846 -0.1477568 -0.3819591 -0.0335101 0.1338366 0.5687421 -0.1207029 -0.4842783 -0.8742683 -0.0336089 0.3629667 0.9218562 -0.1357803 -0.3595837 -0.9295424 -0.0815507 0.2243267 0.9532822 -0.2023129
-0.1685870 -0.2661855 -0.0059788 0.1869590 0.5484101 -0.0863746 -0.1500474 -0.3519177 -0.0299958 0.1195941 0.6071063 -0.1316260 -0.5349622 -0.8446629 -0.0189721 0.3191487 0.9361644 -0.1474459 -0.3910082 -0.9170620 -0.0781660 0.1890462 0.9596720 -0.2080654
-0.1661841 -0.2740444 -0.0079702 0.2089861 0.4991360 -0.0528124 -0.1450827 -0.3707936 -0.0338003 0.1358255 0.5746328 -0.1263202 -0.5183617 -0.8548000 -0.0248608 0.3843832 0.9180491 -0.0971367 -0.3630707 -0.9279143 -0.0845855 0.2249408 0.9516498 -0.2091990
-0.1658464 -0.2842528 -0.0089196 0.1368583 0.5226256 -0.0528561 -0.1478230 -0.3743238 -0.0335313 -0.0148542 0.6480401 -0.1450906 -0.5037592 -0.8634191 -0.0270934 0.2521213 0.9627843 -0.0973719 -0.3660349 -0.9268897 -0.0830293 -0.0223624 0.9755969 -0.2184278
-0.1645195 -0.2994967 -0.0079567 0.1372210 0.5103340 -0.0500511 -0.1485154 -0.3837163 -0.0312748 -0.0148376 0.6361412 -0.1430417 -0.4813305 -0.8762300 -0.0232787 0.2585050 0.9613973 -0.0942891 -0.3599138 -0.9299020 -0.0757917 -0.0227504 0.9753868 -0.2193239
-0.1668431 -0.3085542 -0.0074455 0.1336977 0.5046919 -0.0473430 -0.1519232 -0.3896279 -0.0297701 -0.0189225 0.6309279 -0.1409047 -0.4755358 -0.8794404 -0.0212212 0.2550303 0.9627067 -0.0903073 -0.3623625 -0.9293285 -0.0710067 -0.0292580 0.9755399 -0.2178666
-0.1690444 -0.3084499 -0.0068435 0.1291787 0.5004763 -0.0434985 -0.1533843 -0.3904428 -0.0295273 -0.0114936 0.6193668 -0.1345999 -0.4805110 -0.8767729 -0.0194526 0.2490404 0.9648557 -0.0838597 -0.3647418 -0.9284575 -0.0702148 -0.0181307 0.9770305 -0.2123269
-0.1709262 -0.3089478 -0.0079977 0.1265265 0.5040160 -0.0428248 -0.1559939 -0.3874756 -0.0288658 -0.0154241 0.6234888 -0.1339414 -0.4839781 -0.8747870 -0.0226455 0.2426592 0.9666286 -0.0821316 -0.3725726 -0.9254386 -0.0689425 -0.0241794 0.9774083 -0.2099724
-0.1674113 -0.3076266 -0.0085615 0.1284285 0.5046368 -0.0426351 -0.1530339 -0.3853921 -0.0298356 -0.0092874 0.6215457 -0.1326048 -0.4778618 -0.8780950 -0.0244380 0.2458126 0.9658763 -0.0816038 -0.3681034 -0.9270111 -0.0717656 -0.0146119 0.9778857 -0.2086288
-0.1667290 -0.3087048 -0.0098618 0.1364002 0.5152821 -0.0491377 -0.1520323 -0.3854388 -0.0303288 -0.0474594 0.6603453 -0.1478431 -0.4750239 -0.8795242 -0.0280969 0.2548156 0.9626227 -0.0917965 -0.3659481 -0.9277675 -0.0730028 -0.0699624 0.9734505 -0.2179435
-0.1660423 -0.3083880 -0.0105397 0.1361222 0.5173583 -0.0504856 -0.1511236 -0.3847563 -0.0309995 -0.0465448 0.6612289 -0.1486336 -0.4738570 -0.8800880 -0.0300785 0.2533246 0.9628080 -0.0939541 -0.3645644 -0.9281705 -0.0747820 -0.0685162 0.9733621 -0.2187961
-0.1669647 -0.3072941 -0.0100471 0.1355680 0.5162401 -0.0496177 -0.1503522 -0.3849004 -0.0314006 -0.0484666 0.6603044 -0.1475190 -0.4772215 -0.8783137 -0.0287167 0.2529040 0.9630533 -0.0925625 -0.3628055 -0.9287793 -0.0757709 -0.0714513 0.9734464 -0.2174783
-0.1673802 -0.2924704 -0.0076199 0.1372015 0.5167437 -0.0505458 -0.1486383 -0.3851388 -0.0320065 -0.0462838 0.6604414 -0.1482654 -0.4965807 -0.8676961 -0.0226066 0.2554811 0.9622217 -0.0941207 -0.3589736 -0.9301414 -0.0772983 -0.0682189 0.9734422 -0.2185324
-0.1683484 -0.2982531 -0.0083369 0.1369453 0.5197051 -0.0525527 -0.1500142 -0.3837717 -0.0316233 -0.0653056 0.6749478 -0.1544806 -0.4914040 -0.8705917 -0.0243353 0.2535984 0.9624017 -0.0973183 -0.3630007 -0.9286415 -0.0765212 -0.0939008 0.9704865 -0.2221228
-0.1660430 -0.2984496 -0.0090193 0.1393483 0.5216262 -0.0542290 -0.1476178 -0.3820161 -0.0320725 -0.0619154 0.6765463 -0.1558981 -0.4860052 -0.8735571 -0.0263993 0.2567994 0.9612839 -0.0999364 -0.3593430 -0.9299339 -0.0780735 -0.0888273 0.9706111 -0.2236601
-0.1641197 -0.2979887 -0.0103557 0.1396744 0.5240337 -0.0544389 -0.1469339 -0.3791992 -0.0326970 -0.0549608 0.6748247 -0.1545132 -0.4822051 -0.8755298 -0.0304265 0.2562580 0.9614345 -0.0998780 -0.3601466 -0.9294469 -0.0801428 -0.0791411 0.9717170 -0.2224921
-0.1646118 -0.2986340 -0.0091295 0.1319658 0.5123039 -0.0490301 -0.1463957 -0.3796122 -0.0324355 -0.0155344 0.6339807 -0.1398852 -0.4825631 -0.8754522 -0.0267633 0.2483852 0.9642554 -0.0922841 -0.3586781 -0.9300724 -0.0794688 -0.0239205 0.9762325 -0.2154017
-0.1679477 -0.2842952 -0.0061171 0.1428754 0.5271053 -0.0598101 -0.1462505 -0.3797371 -0.0324512 -0.0602478 0.6849089 -0.1631002 -0.5085412 -0.8608384 -0.0185225 0.2600613 0.9594354 -0.1088661 -0.3582651 -0.9302294 -0.0794946 -0.0852603 0.9692554 -0.2308128
-0.1754271 -0.2480277 0.0089489 0.1381203 0.5222687 -0.0542209 -0.1547275 -0.3416063 -0.0201394 -0.0123768 0.6470688 -0.1457066 -0.5771987 -0.8160727 0.0294440 0.2543942 0.9619306 -0.0998657 -0.4119977 -0.9096055 -0.0536258 -0.0186570 0.9754024 -0.2196406
-0.1718851 -0.2445516 -0.0010181 0.1435663 0.5369446 -0.0431715 -0.1583445 -0.3346333 -0.0279162 0.0254110 0.6416469 -0.1256465 -0.5750273 -0.8181272 -0.0034061 0.2575271 0.9631629 -0.0774404 -0.4265091 -0.9013523 -0.0751938 0.0388353 0.9806215 -0.1920241
-0.1721423 -0.2866492 -0.0022923 0.2021783 0.4854613 -0.0741243 -0.1527416 -0.3887471 -0.0316023 0.1181831 0.5677385 -0.1494491 -0.5148195 -0.8572712 -0.0068556 0.3806946 0.9141066 -0.1395735 -0.3646506 -0.9280829 -0.0754464 0.1973479 0.9480374 -0.2495574
-0.1691252 -0.2990688 -0.0058387 0.2060218 0.4956199 -0.0903076 -0.1518518 -0.3883259 -0.0321338 0.1294290 0.5690374 -0.1504987 -0.4921766 -0.8703295 -0.0169914 0.3785225 0.9105991 -0.1659215 -0.3631108 -0.9285722 -0.0768390 0.2147611 0.9442016 -0.2497220
-0.1712342 -0.3033382 -0.0071839 0.2124870 0.5324096 -0.1384039 -0.1518828 -0.3887661 -0.0322524 0.1627074 0.5768826 -0.1711283 -0.4914787 -0.8706455 -0.0206194 0.3603202 0.9028219 -0.2346954 -0.3628127 -0.9286718 -0.0770434 0.2610253 0.9254709 -0.2745347
-0.1710135 -0.3037115 -0.0081150 0.2257541 0.5429538 -0.1529183 -0.1510513 -0.3885342 -0.0326689 0.1905747 0.5926729 -0.2042582 -0.4905113 -0.8711239 -0.0232759 0.3715657 0.8936403 -0.2516862 -0.3612441 -0.9291924 -0.0781288 0.2908601 0.9045529 -0.3117443
-0.1708774 -0.3052911 -0.0084093 0.2384537 0.5885297 -0.2237766 -0.1507326 -0.3888051 -0.0327782 0.2343702 0.6073247 -0.2364519 -0.4882760 -0.8723584 -0.0240292 0.3541682 0.8741257 -0.3323688 -0.3603567 -0.9295172 -0.0783629 0.3383963 0.8768881 -0.3414019
-0.1717955 -0.3060188 -0.0091380 0.2552918 0.5841469 -0.2249659 -0.1503590 -0.3885652 -0.0332442 0.2543161 0.6071124 -0.2577132 -0.4893590 -0.8716939 -0.0260296 0.3776360 0.8640894 -0.3327769 -0.3597394 -0.9296566 -0.0795379 0.3597731 0.8588630 -0.3645788
-0.1719936 -0.3063974 -0.0093013 0.2951393 0.5541245 -0.1950445 -0.1511676 -0.3883738 -0.0334268 0.2741402 0.6119546 -0.2888121 -0.4893223 -0.8717015 -0.0264622 0.4489344 0.8428751 -0.2966809 -0.3615631 -0.9289134 -0.0799503 0.3754803 0.8381731 -0.3955760
-0.1804582 -0.3139492 -0.0090525 0.2913956 0.5469113 -0.1941763 -0.1602630 -0.3936578 -0.0322615 0.2778954 0.6021402 -0.2914431 -0.4981856 -0.8667102 -0.0249909 0.4487112 0.8421720 -0.2990061 -0.3759811 -0.9235311 -0.0756863 0.3836280 0.8312401 -0.4023301
-0.1790706 -0.3566627 -0.0160433 0.2999416 0.5058571 -0.1993626 -0.1598940 -0.4333204 -0.0378471 0.2890342 0.5548645 -0.2860271 -0.4483328 -0.8929638 -0.0401670 0.4830223 0.8146261 -0.3210511 -0.3450248 -0.9350338 -0.0816678 0.4201599 0.8065889 -0.4157884
-0.1789528 -0.3569747 -0.0164670 0.3087243 0.5143088 -0.2048551 -0.1595186 -0.4333420 -0.0387211 0.3033172 0.5626190 -0.2924242 -0.4477652 -0.8932013 -0.0412027 0.4870476 0.8113803 -0.3231821 -0.3442422 -0.9351551 -0.0835604 0.4315291 0.8004376 -0.4160316
-0.1782502 -0.3569708 -0.0171923 0.3208537 0.5173378 -0.2067694 -0.1587192 -0.4328510 -0.0390166 0.3148712 0.5655434 -0.2943582 -0.4463277 -0.8938335 -0.0430485 0.4990612 0.8046759 -0.3216126 -0.3430421 -0.9355271 -0.0843271 0.4428091 0.7953340 -0.4139613
-0.1787319 -0.2969697 -0.0093156 0.3271715 0.5569925 -0.2061532 -0.1555283 -0.3924506 -0.0353134 0.3196740 0.6051963 -0.2936264 -0.5154761 -0.8564827 -0.0268670 0.4825029 0.8214363 -0.3040286 -0.3671414 -0.9264222 -0.0833611 0.4292297 0.8126036 -0.3942554
-0.1787941 -0.3424349 -0.0161959 0.3288757 0.5310153 -0.2065942 -0.1593033 -0.4192769 -0.0387339 0.3198542 0.5794805 -0.2937787 -0.4624291 -0.8856662 -0.0418888 0.4998955 0.8071506 -0.3140261 -0.3538580 -0.9313333 -0.0860391 0.4416889 0.8002086 -0.4056811
