-0.2563915 -0.3990374 -0.0943544 0.0080523 0.3198169 -0.0668176 -0.2411326 -0.4780312 -0.1135291 -0.0471777 0.3502341 -0.0871879 -0.5301713 -0.8251371 -0.1951079 0.0246381 0.9785676 -0.2044468 -0.4405781 -0.8734204 -0.2074313 -0.1296113 0.9621983 -0.2395314
-0.2520440 -0.3865230 -0.0964682 0.0089968 0.3058727 -0.0680052 -0.2366318 -0.4650369 -0.1151991 -0.0460339 0.3362899 -0.0889049 -0.5346539 -0.8199205 -0.2046353 0.0287007 0.9757623 -0.2169429 -0.4428444 -0.8702931 -0.2155893 -0.1311971 0.9584290 -0.2533796
-0.2545329 -0.4084293 -0.0922528 -0.0128124 0.4176646 -0.1075752 -0.2402018 -0.4865704 -0.1117989 -0.0683911 0.4480816 -0.1269707 -0.5194418 -0.8335082 -0.1882663 -0.0296938 0.9679676 -0.2493131 -0.4335556 -0.8782420 -0.2017930 -0.1452909 0.9519096 -0.2697380
-0.2536455 -0.4217539 -0.0943809 0.1524905 0.2409033 0.0314732 -0.2400460 -0.4995001 -0.1139721 0.1401657 0.2178125 0.0912614 -0.5061584 -0.8416244 -0.1883404 0.5316184 0.8398468 0.1097232 -0.4242711 -0.8828452 -0.2014408 0.5103947 0.7931350 0.3323163
-0.2534040 -0.4225331 -0.0960275 0.1094719 0.2816942 0.0173346 -0.2395403 -0.5000420 -0.1153110 0.0538080 0.3121109 -0.0018120 -0.5048238 -0.8417577 -0.1913031 0.3616339 0.9305599 0.0572638 -0.4229770 -0.8829675 -0.2036147 0.1698912 0.9854462 -0.0057211
-0.2502772 -0.4328161 -0.0977095 0.1168840 0.2829311 -0.0075898 -0.2367733 -0.5100133 -0.1160832 0.0611944 0.3133476 -0.0266585 -0.4912919 -0.8496140 -0.1918029 0.3817020 0.9239531 -0.0247858 -0.4123878 -0.8882898 -0.2021820 0.1910069 0.9780555 -0.0832096
-0.2497812 -0.4343376 -0.0980120 0.1851314 0.2457465 0.0143807 -0.2363077 -0.5123287 -0.1164180 0.1581551 0.2177847 0.0668213 -0.4892537 -0.8507496 -0.1919789 0.6010514 0.7978455 0.0466886 -0.4101951 -0.8893267 -0.2020843 0.5702912 0.7853093 0.2409507
-0.2465525 -0.4479625 -0.0981473 0.3432362 0.1843307 -0.0228426 -0.2334762 -0.5259787 -0.1168368 0.3668840 0.1401780 0.0190014 -0.4735343 -0.8603671 -0.1885040 0.8794839 0.4723159 -0.0585302 -0.3976026 -0.8957250 -0.1989694 0.9330464 0.3564958 0.0483236
-0.2451334 -0.4529823 -0.0988169 0.3474310 0.1788017 -0.0259978 -0.2322289 -0.5303325 -0.1173699 0.3716508 0.1342538 0.0150929 -0.4674101 -0.8637278 -0.1884200 0.8871983 0.4565872 -0.0663879 -0.3931238 -0.8977622 -0.1986872 0.9398310 0.3395012 0.0381670
-0.2444343 -0.4570534 -0.0985033 0.3496684 0.1372032 -0.0001964 -0.2314811 -0.5344339 -0.1174622 0.3374675 0.0872673 0.0400164 -0.4633055 -0.8663078 -0.1867051 0.9309022 0.3652682 -0.0005229 -0.3896080 -0.8995108 -0.1977017 0.9618355 0.2487256 0.1140529
-0.2447471 -0.4570312 -0.0980798 0.3582850 0.1093774 0.0194634 -0.2318320 -0.5343538 -0.1166981 0.3343905 0.0631467 0.0588495 -0.4638572 -0.8661888 -0.1858858 0.9551368 0.2915845 0.0518867 -0.3902550 -0.8995058 -0.1964440 0.9682609 0.1828475 0.1704044
-0.2448403 -0.4571800 -0.0977337 0.3606983 0.1065607 0.0179645 -0.2325049 -0.5340787 -0.1166638 0.3378015 0.0595944 0.0570716 -0.4639389 -0.8662936 -0.1851920 0.9579323 0.2830008 0.0477095 -0.3913819 -0.8990293 -0.1963834 0.9714382 0.1713796 0.1641245
-0.2448690 -0.4590809 -0.0972273 0.3666076 0.1006829 0.0158645 -0.2326307 -0.5359506 -0.1162285 0.3458346 0.0525058 0.0546830 -0.4626192 -0.8673192 -0.1836869 0.9634571 0.2645981 0.0416923 -0.3905106 -0.8996853 -0.1951096 0.9768066 0.1483021 0.1544517
-0.2592261 -0.2460817 -0.0797597 0.3465644 0.3096419 0.0607690 -0.2462143 -0.3225075 -0.0979796 0.3243931 0.2601003 0.0970109 -0.7078455 -0.6719532 -0.2177927 0.7394194 0.6606426 0.1296548 -0.5898596 -0.7726363 -0.2347312 0.7597754 0.6091924 0.2272135
-0.2585874 -0.2441367 -0.0806500 0.3506524 0.3095840 0.0564238 -0.2452831 -0.3201677 -0.0989436 0.3295197 0.2593701 0.0923590 -0.7091255 -0.6694970 -0.2211667 0.7442467 0.6570806 0.1197575 -0.5906391 -0.7709604 -0.2382552 0.7673916 0.6040261 0.2150874
-0.2580432 -0.2426921 -0.0815118 0.3515621 0.3101652 0.0526773 -0.2446973 -0.3186357 -0.0997987 0.3304471 0.2596842 0.0882464 -0.7098912 -0.6676596 -0.2242435 0.7451875 0.6574406 0.1116574 -0.5911093 -0.7697205 -0.2410813 0.7694840 0.6047044 0.2054919
-0.2579164 -0.2416832 -0.0816534 0.3521385 0.3089736 0.0490572 -0.2441500 -0.3176091 -0.1001478 0.3311552 0.2578248 0.0837387 -0.7109725 -0.6662240 -0.2250858 0.7475865 0.6559479 0.1041479 -0.5912570 -0.7691525 -0.2425274 0.7737998 0.6024511 0.1956695
-0.2577230 -0.2416774 -0.0816800 0.3445312 0.3077687 0.0414656 -0.2438891 -0.3173736 -0.1000773 0.3209421 0.2561902 0.0737532 -0.7107045 -0.6664568 -0.2252430 0.7427887 0.6635308 0.0893973 -0.5911297 -0.7692389 -0.2425638 0.7692302 0.6140334 0.1767707
-0.2577777 -0.2420898 -0.0815466 0.3396777 0.3069068 0.0364894 -0.2437053 -0.3176695 -0.1000736 0.3143899 0.2551691 0.0671969 -0.7102994 -0.6670719 -0.2246994 0.7396469 0.6682883 0.0794554 -0.5905150 -0.7697356 -0.2424854 0.7659674 0.6216841 0.1637160
-0.2608519 -0.2441111 -0.0792596 0.3300735 0.3063712 0.0364840 -0.2465608 -0.3191240 -0.0975181 0.3022997 0.2551541 0.0658881 -0.7128165 -0.6670697 -0.2165885 0.7305392 0.6780798 0.0807486 -0.5942654 -0.7691586 -0.2350399 0.7537967 0.6362373 0.1642946
-0.2600402 -0.2440570 -0.0798678 0.2682738 0.3329715 -0.0260110 -0.2457489 -0.3189566 -0.0981213 0.2127186 0.3633850 -0.0454528 -0.7115353 -0.6678013 -0.2185382 0.6262383 0.7772637 -0.0607181 -0.5929781 -0.7696241 -0.2367610 0.5022710 0.8580242 -0.1073230
-0.2596325 -0.2395203 -0.0787758 0.2317718 0.4221854 -0.1069242 -0.2453629 -0.3143933 -0.0969981 0.1986433 0.4853115 -0.1612571 -0.7173793 -0.6618082 -0.2176621 0.4697945 0.8557571 -0.2167322 -0.5978157 -0.7660051 -0.2363314 0.3620743 0.8845947 -0.2939292
-0.2592822 -0.2390394 -0.0791432 0.1788308 0.4810453 -0.1319870 -0.2447061 -0.3133420 -0.0972545 0.2475810 0.4930759 -0.1409335 -0.7173812 -0.6613735 -0.2189732 0.3374733 0.9077852 -0.2490739 -0.5978715 -0.7655645 -0.2376144 0.4347660 0.8658687 -0.2474870
-0.2616498 -0.2369976 -0.0787356 0.1984686 0.4432351 0.0366367 -0.2473282 -0.3109138 -0.0966252 0.1841547 0.4299007 0.0988971 -0.7233865 -0.6552303 -0.2176814 0.4075156 0.9100945 0.0752261 -0.6049061 -0.7604212 -0.2363223 0.3852405 0.8993262 0.2068867
-0.2619245 -0.2369476 -0.0792062 0.2354704 0.4257782 0.0385765 -0.2485514 -0.3101000 -0.0967788 0.2393406 0.4062603 0.1007302 -0.7236084 -0.6546058 -0.2188199 0.4824428 0.8723543 0.0790373 -0.6076599 -0.7581341 -0.2366054 0.4963928 0.8425846 0.2089146
-0.2623753 -0.2408042 -0.0778553 0.2925647 0.4260181 0.0211555 -0.2496504 -0.3135602 -0.0952829 0.3251254 0.4090941 0.0751215 -0.7197449 -0.6605713 -0.2135717 0.5656310 0.8236436 0.0409010 -0.6059830 -0.7611130 -0.2312827 0.6158521 0.7749054 0.1422951
-0.2623384 -0.2409814 -0.0782061 0.3187890 0.4381307 -0.0056720 -0.2497943 -0.3137820 -0.0957220 0.3656891 0.4271520 0.0383588 -0.7193169 -0.6607573 -0.2144365 0.5883187 0.8085614 -0.0104676 -0.6058063 -0.7609905 -0.2321470 0.6488311 0.7578827 0.0680588
-0.2629254 -0.2397686 -0.0781095 0.3171972 0.4401380 -0.0136713 -0.2497738 -0.3132265 -0.0958910 0.3674686 0.4322470 0.0271868 -0.7217132 -0.6581491 -0.2144055 0.5844807 0.8110165 -0.0251913 -0.6063384 -0.7603730 -0.2327803 0.6469660 0.7610150 0.0478651
-0.2632117 -0.2373982 -0.0776007 0.3164162 0.4426290 -0.0192215 -0.2501751 -0.3107602 -0.0956257 0.3689490 0.4359658 0.0189204 -0.7254007 -0.6542598 -0.2138643 0.5811831 0.8130066 -0.0353055 -0.6098136 -0.7574928 -0.2330923 0.6456441 0.7629204 0.0331098
-0.2616372 -0.2368537 -0.0818121 0.2745613 0.3201794 0.0071339 -0.2485255 -0.3107091 -0.0996292 0.3212841 0.2686198 0.0489670 -0.7221957 -0.6537860 -0.2258256 0.6508647 0.7590054 0.0169114 -0.6059236 -0.7575319 -0.2429033 0.7619919 0.6370878 0.1161354
-0.2606162 -0.2365018 -0.0836435 0.2751736 0.3207697 0.0079873 -0.2474198 -0.3102363 -0.1013412 0.3221067 0.2688470 0.0506212 -0.7204674 -0.6538036 -0.2312306 0.6509864 0.7588542 0.0188957 -0.6041225 -0.7575009 -0.2474437 0.7621956 0.6361679 0.1197840
-0.2598578 -0.2365843 -0.0842016 0.2723394 0.3228366 0.0072132 -0.2466803 -0.3104043 -0.1019143 0.3199969 0.2721117 0.0488385 -0.7190911 -0.6546876 -0.2330069 0.6447022 0.7642431 0.0170757 -0.6025767 -0.7582380 -0.2489506 0.7567075 0.6434717 0.1154901
-0.2589448 -0.2355736 -0.0856634 0.2689753 0.3264066 0.0074630 -0.2456003 -0.3097172 -0.1033783 0.3194435 0.2767442 0.0487964 -0.7185000 -0.6536514 -0.2376921 0.6358475 0.7716131 0.0176422 -0.6011183 -0.7580475 -0.2530233 0.7508266 0.6504654 0.1146920
-0.2495162 -0.4110395 -0.0961774 0.2813838 0.1508350 -0.0098462 -0.2361145 -0.4856371 -0.1138843 0.3334603 0.1001445 0.0316179 -0.5088334 -0.8382246 -0.1961327 0.8809389 0.4722249 -0.0308259 -0.4278426 -0.8799809 -0.2063598 0.9538173 0.2864496 0.0904388
-0.2498307 -0.4091055 -0.0954584 0.2761633 0.1603163 -0.0093386 -0.2353147 -0.4856967 -0.1128831 0.3267287 0.1118303 0.0324533 -0.5111428 -0.8370122 -0.1953037 0.8644691 0.5018353 -0.0292325 -0.4267763 -0.8808791 -0.2047293 0.9419652 0.3224089 0.0935636
-0.2504881 -0.4096596 -0.0947102 0.2766322 0.1673328 -0.0055195 -0.2353240 -0.4859797 -0.1124297 0.3274613 0.1208554 0.0377676 -0.5118024 -0.8370249 -0.1935138 0.8555158 0.5174953 -0.0170697 -0.4266688 -0.8811356 -0.2038476 0.9327023 0.3442303 0.1075728
-0.2510513 -0.4088156 -0.0938085 0.2769247 0.1701018 -0.0044986 -0.2356252 -0.4861714 -0.1112540 0.3278922 0.1241999 0.0393393 -0.5135734 -0.8363106 -0.1919033 0.8520069 0.5233476 -0.0138408 -0.4271691 -0.8813887 -0.2016943 0.9293300 0.3520142 0.1114976
-0.2516939 -0.4087091 -0.0928863 0.2763833 0.1710692 -0.0038230 -0.2366073 -0.4865589 -0.1095682 0.3270745 0.1253099 0.0403221 -0.5148194 -0.8359811 -0.1899912 0.8502410 0.5262622 -0.0117608 -0.4286197 -0.8814129 -0.1984853 0.9276846 0.3554177 0.1143659
-0.2529393 -0.4082769 -0.0916843 0.2757125 0.1723245 -0.0030646 -0.2369874 -0.4875533 -0.1088079 0.3261235 0.1267772 0.0413941 -0.5173088 -0.8350035 -0.1875118 0.8479549 0.5299846 -0.0094252 -0.4286177 -0.8817937 -0.1967911 0.9255969 0.3598164 0.1174839
-0.2539729 -0.4064527 -0.0909677 0.2753082 0.1751850 -0.0012517 -0.2378889 -0.4857750 -0.1082754 0.3253766 0.1295087 0.0435856 -0.5206143 -0.8331798 -0.1864730 0.8436708 0.5368472 -0.0038358 -0.4312498 -0.8806227 -0.1962838 0.9219941 0.3669787 0.1235050
-0.2544609 -0.4057218 -0.0902705 0.2751368 0.1763628 -0.0010121 -0.2388773 -0.4845617 -0.1073206 0.3251146 0.1306821 0.0439280 -0.5221325 -0.8325073 -0.1852276 0.8418847 0.5396485 -0.0030970 -0.4336919 -0.8797424 -0.1948451 0.9206426 0.3700588 0.1243931
-0.2539371 -0.4011970 -0.0916412 0.2600411 0.2349443 0.0078614 -0.2388579 -0.4799602 -0.1085306 0.3016649 0.2211317 0.0572499 -0.5251286 -0.8296543 -0.1895091 0.7418188 0.6702253 0.0224263 -0.4366800 -0.8774633 -0.1984156 0.7972341 0.5844026 0.1512989
-0.2544822 -0.4073861 -0.0903427 0.3064453 0.2652351 0.0451840 -0.2395576 -0.4861883 -0.1074380 0.3508121 0.2386566 0.1028796 -0.5206689 -0.8335094 -0.1848405 0.7514618 0.6504065 0.1107998 -0.4335504 -0.8799016 -0.1944409 0.8035287 0.5466386 0.2356438
-0.2535525 -0.4149461 -0.0900874 0.3283898 0.2584541 0.0528790 -0.2389258 -0.4942371 -0.1072812 0.3527007 0.2289916 0.1140077 -0.5126879 -0.8390289 -0.1821585 0.7795977 0.6135702 0.1255349 -0.4271540 -0.8836022 -0.1917984 0.8095074 0.5255743 0.2616668
-0.2525430 -0.4225383 -0.0906867 0.3437779 0.2513849 0.0502294 -0.2383233 -0.5016262 -0.1077594 0.3722070 0.2198387 0.1086724 -0.5045407 -0.8441643 -0.1811777 0.8016529 0.5862024 0.1171296 -0.4212744 -0.8867043 -0.1904820 0.8350471 0.4932085 0.2438068
-0.2522388 -0.4254259 -0.0907154 0.3561549 0.2502602 0.0554255 -0.2381363 -0.5050131 -0.1082350 0.3733157 0.2201571 0.1107239 -0.5016354 -0.8460583 -0.1804087 0.8116502 0.5703242 0.1263105 -0.4187107 -0.8879552 -0.1903075 0.8345642 0.4921711 0.2475282
-0.2520185 -0.4336984 -0.0907090 0.3728489 0.2433898 0.0630326 -0.2379147 -0.5132499 -0.1084566 0.3900696 0.2141685 0.1187841 -0.4944051 -0.8508213 -0.1779512 0.8291101 0.5412298 0.1401667 -0.4130366 -0.8910378 -0.1882883 0.8469132 0.4649994 0.2579022
-0.2516636 -0.4379217 -0.0909403 0.2845853 0.1488762 0.0032899 -0.2377318 -0.5174555 -0.1088797 0.2559697 0.0973732 0.0313476 -0.4903757 -0.8533063 -0.1772006 0.8860310 0.4635128 0.0102429 -0.4100461 -0.8925211 -0.1877986 0.9285932 0.3532453 0.1137212
-0.2502224 -0.4421328 -0.0914309 0.2912464 0.3743730 -0.1802638 -0.2366910 -0.5217320 -0.1096857 0.2728817 0.4189787 -0.2256778 -0.4847485 -0.8565309 -0.1771263 0.5739755 0.7377977 -0.3552559 -0.4057678 -0.8944239 -0.1880382 0.4974345 0.7637538 -0.4113868
-0.2501926 -0.4484351 -0.0906829 0.3449504 0.3282492 -0.1309104 -0.2369747 -0.5280413 -0.1092986 0.3386298 0.3737400 -0.1786592 -0.4797984 -0.8599714 -0.1739042 0.6985094 0.6646902 -0.2650879 -0.4023283 -0.8964921 -0.1855637 0.6329022 0.6985235 -0.3339157
-0.2499261 -0.4483565 -0.0906942 0.3454160 0.3289321 -0.1322922 -0.2367429 -0.5277053 -0.1096954 0.3418921 0.3770293 -0.1777177 -0.4794653 -0.8601397 -0.1739903 0.6978318 0.6645300 -0.2672652 -0.4021537 -0.8964096 -0.1863389 0.6341948 0.6993728 -0.3296585
-0.2494665 -0.4485887 -0.0912211 0.3590637 0.3009723 -0.1104463 -0.2366042 -0.5276408 -0.1100144 0.3557384 0.3462263 -0.1587182 -0.4785179 -0.8604671 -0.1749771 0.7459327 0.6252513 -0.2294453 -0.4019549 -0.8963824 -0.1868979 0.6825818 0.6643303 -0.3045445
-0.2496491 -0.4503684 -0.0907592 0.3516087 0.2952456 -0.1147232 -0.2369799 -0.5294363 -0.1097702 0.3476368 0.3444839 -0.1588701 -0.4774588 -0.8613382 -0.1735787 0.7429752 0.6238758 -0.2424186 -0.4014234 -0.8968194 -0.1859412 0.6756151 0.6694877 -0.3087564
-0.2498798 -0.4500302 -0.0907584 0.3393206 0.2910285 -0.1185378 -0.2362273 -0.5286183 -0.1101504 0.3166451 0.3359806 -0.1615983 -0.4780655 -0.8609898 -0.1736375 0.7336987 0.6292788 -0.2563094 -0.4008035 -0.8968993 -0.1868907 0.6473464 0.6868757 -0.3303702
-0.2495909 -0.4503766 -0.0909650 0.3202034 0.2881192 -0.1252309 -0.2361566 -0.5283462 -0.1102248 0.3108319 0.3410087 -0.1640107 -0.4773337 -0.8613292 -0.1739673 0.7138126 0.6422890 -0.2791708 -0.4008594 -0.8968309 -0.1870990 0.6347436 0.6963671 -0.3349230
-0.2509223 -0.4439928 -0.0920627 0.3109401 0.2936246 -0.1252161 -0.2370558 -0.5215511 -0.1111949 0.3015529 0.3474313 -0.1627085 -0.4841866 -0.8567409 -0.1776468 0.6977677 0.6589108 -0.2809923 -0.4062038 -0.8936970 -0.1905365 0.6179717 0.7119902 -0.3334381
-0.2501687 -0.4439756 -0.0923912 0.3002885 0.2935960 -0.1251894 -0.2359889 -0.5212330 -0.1115605 0.2734933 0.3410343 -0.1628795 -0.4830315 -0.8572382 -0.1783909 0.6852327 0.6699611 -0.2856715 -0.4048246 -0.8941435 -0.1913752 0.5862524 0.7310313 -0.3491438
-0.2490310 -0.4439146 -0.0927637 0.2849157 0.2872326 -0.1262900 -0.2349049 -0.5210004 -0.1121275 0.2609330 0.3353714 -0.1649736 -0.4813313 -0.8580055 -0.1792951 0.6722465 0.6777131 -0.2979759 -0.4033368 -0.8945689 -0.1925253 0.5724413 0.7357462 -0.3619232
-0.2471253 -0.4436993 -0.0930006 0.2714996 0.2824093 -0.1261521 -0.2335105 -0.5209097 -0.1127882 0.2474847 0.3301516 -0.1653032 -0.4786258 -0.8593450 -0.1801210 0.6596847 0.6861927 -0.3065219 -0.4012971 -0.8952040 -0.1938310 0.5567799 0.7427602 -0.3718916
-0.2460092 -0.4435406 -0.0934866 0.2712087 0.2703484 -0.1203468 -0.2322605 -0.5208651 -0.1135279 0.2472984 0.3179231 -0.1597647 -0.4770017 -0.8600068 -0.1812667 0.6756490 0.6735057 -0.2998142 -0.3994210 -0.8957377 -0.1952353 0.5707212 0.7337105 -0.3687088
-0.2458188 -0.4430353 -0.0936978 0.2575885 0.2707802 -0.1233330 -0.2318705 -0.5206776 -0.1134959 0.2337597 0.3183025 -0.1628625 -0.4770830 -0.8598390 -0.1818479 0.6545188 0.6880381 -0.3133827 -0.3989767 -0.8959236 -0.1952910 0.5472136 0.7451219 -0.3812487
-0.2454565 -0.4410479 -0.0944570 0.2559364 0.2540763 -0.1129471 -0.2304698 -0.5201009 -0.1139342 0.2322728 0.3015640 -0.1526162 -0.4779960 -0.8588857 -0.1839433 0.6772434 0.6723212 -0.2988737 -0.3972424 -0.8964562 -0.1963793 0.5663790 0.7353400 -0.3721425
-0.2471261 -0.4259278 -0.0950528 0.2512863 0.2617936 -0.1060710 -0.2321509 -0.5052280 -0.1147279 0.2280133 0.3092718 -0.1459814 -0.4927557 -0.8492763 -0.1895299 0.6646675 0.6924600 -0.2805643 -0.4089142 -0.8899165 -0.2020836 0.5547297 0.7524223 -0.3551558
-0.2483205 -0.4184148 -0.0929894 0.2453053 0.2654163 -0.1032547 -0.2337573 -0.4995994 -0.1144503 0.2221537 0.3128909 -0.1432400 -0.5012935 -0.8446689 -0.1877211 0.6526246 0.7061291 -0.2747049 -0.4149561 -0.8868678 -0.2031674 0.5423699 0.7638971 -0.3497086
-0.2479902 -0.4169200 -0.0924983 0.2420461 0.2652512 -0.1015921 -0.2337498 -0.4980345 -0.1144525 0.2189822 0.3127231 -0.1416306 -0.5021678 -0.8442420 -0.1873044 0.6485992 0.7107807 -0.2722313 -0.4159692 -0.8862768 -0.2036738 0.5377814 0.7679926 -0.3478197
-0.2480526 -0.4139466 -0.0907658 0.2399480 0.2609233 -0.0966055 -0.2341531 -0.4959544 -0.1134297 0.2168704 0.3083925 -0.1366390 -0.5051576 -0.8429997 -0.1848439 0.6530832 0.7101732 -0.2629380 -0.4180874 -0.8855415 -0.2025321 0.5408106 0.7690397 -0.3407372
-0.2482976 -0.4117103 -0.0906735 0.2340260 0.2538048 -0.0898294 -0.2345311 -0.4936658 -0.1127154 0.2109606 0.3012718 -0.1298726 -0.5074927 -0.8414899 -0.1853265 0.6560361 0.7114813 -0.2518154 -0.4202719 -0.8846326 -0.2019822 0.5408607 0.7724005 -0.3329673
-0.2486821 -0.4134613 -0.0902785 0.2311395 0.2491416 -0.0885160 -0.2350544 -0.4955966 -0.1116745 0.2079417 0.2966080 -0.1284832 -0.5066256 -0.8423208 -0.1839191 0.6581671 0.7094278 -0.2520483 -0.4199155 -0.8853642 -0.1995022 0.5410234 0.7717157 -0.3342881
-0.2489949 -0.4095350 -0.0897122 0.2435101 0.2123346 -0.0422589 -0.2357987 -0.4913856 -0.1104612 0.2202319 0.2597994 -0.0821805 -0.5106412 -0.8398785 -0.1839827 0.7473399 0.6516614 -0.1296939 -0.4240117 -0.8836062 -0.1986306 0.6285893 0.7415233 -0.2345609
-0.2489667 -0.4100622 -0.0894388 0.2442161 0.2109994 -0.0421654 -0.2360265 -0.4919984 -0.1102203 0.2209026 0.2584640 -0.0820664 -0.5101876 -0.8403078 -0.1832798 0.7503155 0.6482625 -0.1295466 -0.4239711 -0.8837701 -0.1979873 0.6315719 0.7389619 -0.2346321
-0.2489088 -0.4105127 -0.0887861 0.2307133 0.2169810 -0.0560493 -0.2360633 -0.4926592 -0.1095279 0.2072556 0.2644455 -0.0958656 -0.5098287 -0.8408346 -0.1818565 0.7173077 0.6746128 -0.1742623 -0.4236848 -0.8842214 -0.1965799 0.5931851 0.7568679 -0.2743763
-0.2487141 -0.4111595 -0.0885605 0.2191658 0.2198723 -0.0612381 -0.2361811 -0.4939496 -0.1094021 0.1957024 0.2673366 -0.1010500 -0.5090087 -0.8414633 -0.1812445 0.6926214 0.6948542 -0.1935285 -0.4230106 -0.8846853 -0.1959439 0.5649927 0.7718006 -0.2917314
-0.2494120 -0.4079412 -0.0883545 0.1912171 0.2490063 -0.0866579 -0.2367922 -0.4910292 -0.1092618 0.1677367 0.2964704 -0.1264605 -0.5129406 -0.8389717 -0.1817098 0.5871036 0.7645365 -0.2660700 -0.4258973 -0.8831713 -0.1965197 0.4616406 0.8159382 -0.3480414
-0.2502342 -0.4064588 -0.0882325 0.1901764 0.2526090 -0.0895439 -0.2374687 -0.4896873 -0.1092173 0.1666194 0.3000730 -0.1293004 -0.5155241 -0.8373728 -0.1817736 0.5786978 0.7686772 -0.2724779 -0.4278102 -0.8821928 -0.1967597 0.4542814 0.8181376 -0.3525327
-0.2506257 -0.4078288 -0.0880822 0.1912807 0.2510522 -0.0897338 -0.2378925 -0.4911391 -0.1091443 0.1676882 0.2985161 -0.1294692 -0.5149282 -0.8379131 -0.1809712 0.5829462 0.7651056 -0.2734723 -0.4274586 -0.8825063 -0.1961166 0.4581005 0.8155037 -0.3536914
-0.2519440 -0.4081000 -0.0880100 0.1919346 0.2508432 -0.0906600 -0.2392757 -0.4908870 -0.1090531 0.1682863 0.2983070 -0.1303620 -0.5166876 -0.8369330 -0.1804912 0.5840912 0.7633608 -0.2758945 -0.4296718 -0.8814949 -0.1958287 0.4592066 0.8139971 -0.3557219
-0.2497874 -0.4012691 -0.0906003 0.1534400 0.2749408 -0.0966109 -0.2366866 -0.4842737 -0.1115328 0.1303716 0.3224044 -0.1366528 -0.5190191 -0.8337745 -0.1882532 0.4658904 0.8348039 -0.2933402 -0.4299975 -0.8797983 -0.2026258 0.3489125 0.8628482 -0.3657226
-0.2504986 -0.4024753 -0.0881604 0.1073631 0.3115976 -0.1073972 -0.2377043 -0.4858453 -0.1094746 0.0839009 0.3590610 -0.1472094 -0.5195008 -0.8346802 -0.1828329 0.3097319 0.8989279 -0.3098301 -0.4307441 -0.8804006 -0.1983791 0.2113199 0.9043619 -0.3707742
-0.2501904 -0.4042253 -0.0885222 0.1080050 0.3096471 -0.1075919 -0.2373713 -0.4878461 -0.1097184 0.0845747 0.3571105 -0.1474229 -0.5173935 -0.8359375 -0.1830639 0.3129298 0.8971608 -0.3117330 -0.4288447 -0.8813628 -0.1982218 0.2138465 0.9029514 -0.3727578
-0.2526024 -0.4087447 -0.0858562 0.1408290 0.3155506 -0.0994317 -0.2396479 -0.4927873 -0.1075854 0.1168893 0.3630138 -0.1389585 -0.5175111 -0.8374026 -0.1758952 0.3916579 0.8775740 -0.2765284 -0.4291452 -0.8824499 -0.1926565 0.2879784 0.8943517 -0.3423500
-0.2529134 -0.4091684 -0.0851968 0.2905698 0.2111568 -0.0063410 -0.2399320 -0.4928720 -0.1069735 0.3284168 0.1764104 0.0400570 -0.5177236 -0.8375837 -0.1744013 0.8088308 0.5877765 -0.0176507 -0.4295930 -0.8824765 -0.1915337 0.8759096 0.4704984 0.1068346
-0.2537557 -0.4226052 -0.0848832 0.2903000 0.1980112 -0.0085741 -0.2408289 -0.5064268 -0.1068293 0.3228978 0.1585244 0.0343184 -0.5073163 -0.8448856 -0.1697012 0.8258764 0.5633233 -0.0243926 -0.4218716 -0.8871323 -0.1871380 0.8935980 0.4387056 0.0949738
-0.2537438 -0.4229512 -0.0852894 0.3057323 0.2039377 -0.0138495 -0.2405156 -0.5069121 -0.1069297 0.3324566 0.1619388 0.0283329 -0.5069324 -0.8449770 -0.1703922 0.8313143 0.5545254 -0.0376580 -0.4210887 -0.8874890 -0.1872098 0.8963917 0.4366303 0.0763930
-0.2516587 -0.4305003 -0.0855058 0.3065710 0.1907163 -0.0139519 -0.2385286 -0.5145379 -0.1072547 0.3233520 0.1433826 0.0277045 -0.4974096 -0.8508944 -0.1690044 0.8484718 0.5278301 -0.0386135 -0.4132581 -0.8914527 -0.1858221 0.9113656 0.4041230 0.0780851
-0.2506170 -0.4331413 -0.0856691 0.3108658 0.1826121 -0.0139815 -0.2373079 -0.5174522 -0.1074258 0.3170250 0.1301329 0.0242978 -0.4936320 -0.8531439 -0.1687395 0.8615897 0.5061241 -0.0387509 -0.4096315 -0.8932056 -0.1854341 0.9227789 0.3787837 0.0707248
-0.2504303 -0.4343433 -0.0858156 0.3310708 0.1911696 0.0012940 -0.2371544 -0.5184755 -0.1074712 0.3376114 0.1412299 0.0427736 -0.4923346 -0.8538992 -0.1687095 0.8659912 0.5000477 0.0033847 -0.4087599 -0.8936455 -0.1852376 0.9162967 0.3833060 0.1160900
-0.2505555 -0.4361578 -0.0863999 0.3360438 0.1857566 0.0014719 -0.2367642 -0.5199708 -0.1077179 0.3398803 0.1343594 0.0414831 -0.4909300 -0.8545929 -0.1692890 0.8751820 0.4837787 0.0038334 -0.4072287 -0.8943372 -0.1852722 0.9240385 0.3652852 0.1127809
-0.2513658 -0.4370808 -0.0863750 0.3368584 0.1835186 0.0011396 -0.2378160 -0.5210817 -0.1077483 0.3395566 0.1318149 0.0408475 -0.4913792 -0.8544217 -0.1688490 0.8781352 0.4784033 0.0029707 -0.4080357 -0.8940524 -0.1848705 0.9264152 0.3596317 0.1114447
-0.2526260 -0.4384538 -0.0864170 0.3369393 0.1814699 -0.0008800 -0.2390805 -0.5226386 -0.1078139 0.3398790 0.1296116 0.0386082 -0.4921114 -0.8541009 -0.1683389 0.8804240 0.4741817 -0.0022995 -0.4088582 -0.8937788 -0.1843756 0.9291463 0.3543265 0.1055455
-0.2524616 -0.4385186 -0.0864358 0.3363169 0.1781879 0.0009282 -0.2388868 -0.5227936 -0.1078890 0.3346385 0.1268983 0.0412245 -0.4918125 -0.8542644 -0.1683829 0.8836356 0.4681690 0.0024387 -0.4084758 -0.8939320 -0.1844808 0.9288866 0.3522432 0.1144307
-0.2520851 -0.4378665 -0.0865451 0.3355414 0.1783318 -0.0032965 -0.2385733 -0.5221709 -0.1079743 0.3363277 0.1265273 0.0363630 -0.4917725 -0.8541984 -0.1688338 0.8830002 0.4692924 -0.0086749 -0.4084068 -0.8938896 -0.1848382 0.9312030 0.3503208 0.1006796
-0.2505345 -0.4420118 -0.0865545 0.3364452 0.1868599 -0.0141773 -0.2371586 -0.5263565 -0.1081411 0.3496495 0.1366009 0.0259458 -0.4861004 -0.8576149 -0.1679376 0.8736243 0.4852064 -0.0368131 -0.4037716 -0.8961420 -0.1841143 0.9292232 0.3630285 0.0689532
-0.2502228 -0.4423687 -0.0871401 0.3354185 0.1774002 -0.0103514 -0.2366265 -0.5260716 -0.1084757 0.3434120 0.1288468 0.0324955 -0.4852570 -0.8578856 -0.1689908 0.8836490 0.4673550 -0.0272703 -0.4031458 -0.8962800 -0.1848124 0.9326159 0.3499138 0.0882492
-0.2501214 -0.4401086 -0.0878202 0.3321625 0.1794136 -0.0112582 -0.2362118 -0.5236723 -0.1087970 0.3411239 0.1308106 0.0313402 -0.4868269 -0.8566110 -0.1709301 0.8794636 0.4750318 -0.0298081 -0.4039931 -0.8956369 -0.1860756 0.9302871 0.3567367 0.0854686
-0.2491146 -0.4432721 -0.0885321 0.3261864 0.1786102 -0.0231896 -0.2347695 -0.5253412 -0.1091410 0.3494004 0.1316419 0.0165516 -0.4826623 -0.8588445 -0.1715319 0.8754137 0.4793512 -0.0622358 -0.4008548 -0.8969886 -0.1863517 0.9348669 0.3522253 0.0442859
-0.2487227 -0.4425768 -0.0878751 0.3184971 0.1777604 -0.0296206 -0.2345250 -0.5257126 -0.1090575 0.3424923 0.1305315 0.0084696 -0.4827435 -0.8589932 -0.1705560 0.8703388 0.4857557 -0.0809426 -0.4002871 -0.8972861 -0.1861393 0.9341855 0.3560390 0.0231018
-0.2491251 -0.4334078 -0.0882562 0.3012811 0.1934417 -0.0206012 -0.2346924 -0.5167187 -0.1094147 0.3271811 0.1467044 0.0231756 -0.4907549 -0.8537759 -0.1738570 0.8400925 0.5393930 -0.0574444 -0.4060627 -0.8940221 -0.1893083 0.9105708 0.4082899 0.0644995
-0.2488737 -0.4300974 -0.0880106 0.3179186 0.1462574 -0.0099562 -0.2346042 -0.5134968 -0.1094156 0.3506137 0.0917529 0.0360482 -0.4931647 -0.8522752 -0.1744007 0.9081069 0.4177716 -0.0284390 -0.4079673 -0.8929503 -0.1902693 0.9626723 0.2519239 0.0989767
-0.2485809 -0.4301061 -0.0877299 0.3094685 0.1518436 -0.0140684 -0.2344738 -0.5136084 -0.1094775 0.3549270 0.0959527 0.0286858 -0.4927660 -0.8526063 -0.1739085 0.8970096 0.4401261 -0.0407779 -0.4076992 -0.8930539 -0.1903576 0.9624205 0.2601854 0.0777844
