0.0452948 0.4324925 -0.3340602 0.2461505 0.2911192 0.0323564 0.0726884 0.4903289 -0.3257214 0.2317678 0.2817043 0.0939900 0.0826007 0.7887032 -0.6091998 0.6433522 0.7608851 0.0845685 0.1225510 0.8266836 -0.5491589 0.6152478 0.7478085 0.2495046
0.0442813 0.4335761 -0.3328196 0.2473893 0.2894507 0.0325816 0.0716563 0.4915157 -0.3251663 0.2335619 0.2800357 0.0943428 0.0807497 0.7906525 -0.6069169 0.6473482 0.7574111 0.0852569 0.1206986 0.8279141 -0.5477135 0.6200891 0.7434735 0.2504729
0.0431531 0.4347002 -0.3327777 0.2477317 0.2883871 0.0322664 0.0710282 0.4923992 -0.3251084 0.2342683 0.2789721 0.0941078 0.0785813 0.7915851 -0.6059851 0.6492797 0.7558335 0.0845671 0.1195149 0.8285306 -0.5470404 0.6226416 0.7414559 0.2501211
0.0285937 0.4374083 -0.3354624 0.2516618 0.2881479 0.0237940 0.0719815 0.5171356 -0.3355427 0.2415646 0.2787329 0.0862737 0.0518024 0.7924392 -0.6077471 0.6565435 0.7517296 0.0620745 0.1159787 0.8332236 -0.5406360 0.6377119 0.7358333 0.2277560
0.0287035 0.4364566 -0.3336575 0.2532326 0.2887815 0.0271579 0.0593012 0.4930179 -0.3282277 0.2429768 0.2793664 0.0896120 0.0521756 0.7933666 -0.6065041 0.6576715 0.7499957 0.0705318 0.0996249 0.8282604 -0.5514161 0.6378385 0.7333648 0.2352405
0.0205392 0.4310758 -0.3365302 0.2613164 0.2865145 0.0328790 0.0501720 0.4879071 -0.3289774 0.2516703 0.2770994 0.0954303 0.0375305 0.7876887 -0.6149292 0.6714610 0.7362083 0.0844837 0.0849524 0.8261349 -0.5570317 0.6514864 0.7173136 0.2470358
-0.0143983 0.3747729 -0.3456890 0.2685263 0.2839718 0.0354697 0.0289372 0.4503276 -0.3396016 0.2595239 0.2745567 0.0981169 -0.0282286 0.7347599 -0.6777396 0.6842584 0.7236167 0.0903839 0.0512374 0.7973691 -0.6013130 0.6648758 0.7033884 0.2513663
-0.0622870 0.3215214 -0.3323527 0.2430038 0.2751825 0.0665626 -0.0196475 0.3976241 -0.3285961 0.2339922 0.2657674 0.1292085 -0.1334916 0.6890754 -0.7122887 0.6513025 0.7375485 0.1784022 -0.0380615 0.7702851 -0.6365628 0.6207771 0.7050761 0.3427877
-0.0614750 0.3242751 -0.3313023 0.2433621 0.2786817 0.0671631 -0.0179497 0.3998372 -0.3268380 0.2342633 0.2692666 0.1297965 -0.1314558 0.6934169 -0.7084436 0.6471858 0.7411132 0.1786104 -0.0347367 0.7737762 -0.6325060 0.6168436 0.7090115 0.3417699
-0.0843526 0.2768329 -0.3120266 0.2339831 0.2835259 0.0711718 -0.0384337 0.3507202 -0.3195113 0.2244268 0.2741107 0.1337372 -0.1982094 0.6504944 -0.7331917 0.6248990 0.7572129 0.1900787 -0.0807442 0.7368181 -0.6712522 0.5926738 0.7238808 0.3531777
-0.0805563 0.2001852 -0.3040541 0.2364854 0.2193673 0.0761594 -0.0366715 0.2752372 -0.3121317 0.2258130 0.2099522 0.1385441 -0.2160593 0.5369148 -0.8155004 0.7135247 0.6618760 0.2297883 -0.0877806 0.6588347 -0.7471489 0.6680217 0.6211008 0.4098545
-0.0964234 0.1491777 -0.2929311 0.2368158 0.2222814 0.0733088 -0.0518864 0.2197148 -0.3187145 0.2267220 0.2128662 0.1357900 -0.2814635 0.4354553 -0.8550771 0.7112357 0.6675842 0.2201705 -0.1328475 0.5625476 -0.8160219 0.6681202 0.6272887 0.4001553
-0.1000010 0.1590596 -0.2876277 0.2335822 0.2300841 0.0675238 -0.0652239 0.2068146 -0.3136084 0.2243058 0.2206689 0.1301319 -0.2910774 0.4629818 -0.8372107 0.6977772 0.6873273 0.2017131 -0.1710643 0.5424177 -0.8225084 0.6587487 0.6480677 0.3821758
-0.1509581 0.1037663 -0.2487611 0.2366957 0.2440455 0.0561527 -0.1099681 0.1673700 -0.2923285 0.2304938 0.2346303 0.1191393 -0.4886479 0.3358892 -0.8052339 0.6869084 0.7082381 0.1629592 -0.3103403 0.4723339 -0.8249785 0.6588956 0.6707202 0.3405745
-0.1557304 0.0938867 -0.2499316 0.2361091 0.2446675 0.0527257 -0.1252787 0.1266409 -0.2970818 0.2303848 0.2352523 0.1157574 -0.5038463 0.3037585 -0.8086221 0.6862080 0.7110814 0.1532376 -0.3616631 0.3655955 -0.8576361 0.6600754 0.6740211 0.3316563
-0.1849784 0.0471372 -0.2255905 0.2363830 0.2495615 0.0510222 -0.1449523 0.0925189 -0.2885323 0.2311677 0.2401463 0.1140980 -0.6259495 0.1595079 -0.7633770 0.6802252 0.7181480 0.1468234 -0.4315476 0.2754443 -0.8590094 0.6561361 0.6816203 0.3238506
-0.1900041 0.0400229 -0.2146493 0.2345068 0.2487326 0.0483087 -0.1553724 0.0754289 -0.2759909 0.2290700 0.2393174 0.1113657 -0.6564455 0.1382752 -0.7415924 0.6792447 0.7204495 0.1399254 -0.4772200 0.2316769 -0.8476950 0.6554275 0.6847480 0.3186455
-0.1927404 0.0287613 -0.2115334 0.2343239 0.2483167 0.0459785 -0.1619525 0.0615080 -0.2727980 0.2290811 0.2389015 0.1090518 -0.6701329 0.0999994 -0.7354740 0.6801780 0.7207951 0.1334629 -0.5011569 0.1903347 -0.8441650 0.6573559 0.6855359 0.3129277
-0.1980137 0.0169183 -0.2023383 0.0275593 0.1649962 -0.0660180 -0.1669517 0.0506296 -0.2682482 -0.0148159 0.1906113 -0.1073996 -0.6981824 0.0596529 -0.7134304 0.1532452 0.9174723 -0.3670973 -0.5217412 0.1582227 -0.8383029 -0.0675638 0.8692315 -0.4897670
-0.1999131 0.0099026 -0.1978945 0.0279668 0.1652512 -0.0664782 -0.1682250 0.0450986 -0.2667161 -0.0143668 0.1908659 -0.1079022 -0.7102456 0.0351818 -0.7030742 0.1551094 0.9165154 -0.3687012 -0.5281040 0.1415769 -0.8372945 -0.0653856 0.8686580 -0.4910784
-0.2012529 0.0057922 -0.1948985 0.0280447 0.1655255 -0.0664412 -0.1706585 0.0389809 -0.2628353 -0.0143960 0.1911397 -0.1077540 -0.7182032 0.0206704 -0.6955263 0.1553261 0.9167661 -0.3679859 -0.5404099 0.1234376 -0.8322982 -0.0654686 0.8692429 -0.4900312
-0.2004760 0.0049725 -0.1948988 0.0294501 0.1653542 -0.0670086 -0.1697725 0.0378956 -0.2629410 -0.0129872 0.1909680 -0.1083221 -0.7168967 0.0177816 -0.6969526 0.1628606 0.9144182 -0.3705614 -0.5384946 0.1201996 -0.8340118 -0.0590502 0.8682955 -0.4925201
-0.1995103 0.0036243 -0.1947487 0.0310230 0.1643920 -0.0673776 -0.1690572 0.0357002 -0.2619816 -0.0113749 0.1900054 -0.1087300 -0.7155342 0.0129984 -0.6984568 0.1720133 0.9115057 -0.3735891 -0.5386906 0.1137564 -0.8347885 -0.0518902 0.8667677 -0.4960052
-0.1992689 0.0032357 -0.1947760 0.0318689 0.1635107 -0.0680005 -0.1689060 0.0351900 -0.2620261 -0.0105156 0.1891236 -0.1093652 -0.7150746 0.0116114 -0.6989517 0.1771164 0.9087372 -0.3779239 -0.5383838 0.1121672 -0.8352015 -0.0480778 0.8646780 -0.5000204
-0.1985681 0.0031873 -0.1953176 0.0325850 0.1633624 -0.0684274 -0.1680785 0.0349498 -0.2627481 -0.0096777 0.1889750 -0.1099164 -0.7128711 0.0114426 -0.7012017 0.1809401 0.9071300 -0.3799682 -0.5355197 0.1113546 -0.8371492 -0.0442247 0.8635677 -0.5022898
-0.1982746 0.0039465 -0.1947400 0.0334377 0.1635874 -0.0683657 -0.1672707 0.0356533 -0.2627776 -0.0087681 0.1891995 -0.1099110 -0.7133653 0.0141988 -0.7006485 0.1853284 0.9066837 -0.3789170 -0.5335032 0.1137149 -0.8381189 -0.0400401 0.8639898 -0.5019148
-0.1979678 0.0051127 -0.1951045 0.0335242 0.1637845 -0.0686787 -0.1671049 0.0366634 -0.2628844 -0.0086680 0.1893961 -0.1102364 -0.7121183 0.0183911 -0.7018186 0.1854858 0.9062017 -0.3799915 -0.5327748 0.1168926 -0.8381451 -0.0395233 0.8635892 -0.5026446
-0.1977782 0.0055184 -0.1951633 0.0336354 0.1637766 -0.0689208 -0.1672485 0.0372831 -0.2622359 -0.0085245 0.1893879 -0.1105098 -0.7116563 0.0198565 -0.7022471 0.1859922 0.9056287 -0.3811084 -0.5339024 0.1190178 -0.8371278 -0.0388468 0.8630604 -0.5036047
-0.1980027 0.0061379 -0.1952399 0.0334840 0.1637049 -0.0691262 -0.1672789 0.0383742 -0.2626064 -0.0086368 0.1893157 -0.1107533 -0.7118837 0.0220677 -0.7019506 0.1851699 0.9053052 -0.3822754 -0.5332198 0.1223218 -0.8370866 -0.0393474 0.8624764 -0.5045653
-0.1974969 0.0102910 -0.1979116 0.0331213 0.1642244 -0.0694411 -0.1666350 0.0420169 -0.2650944 -0.0090153 0.1898347 -0.1110508 -0.7058868 0.0367816 -0.7073690 0.1826346 0.9055534 -0.3829068 -0.5274535 0.1329969 -0.8391094 -0.0409570 0.8624328 -0.5045119
-0.1964819 0.0168754 -0.2026372 0.0333825 0.1617774 -0.0724791 -0.1636974 0.0560521 -0.2734182 -0.0087144 0.1873876 -0.1141287 -0.6948780 0.0596816 -0.7166469 0.1850600 0.8968344 -0.4017971 -0.5059137 0.1732312 -0.8450102 -0.0396867 0.8533906 -0.5197590
-0.1912909 0.0355332 -0.2179028 0.0334034 0.1615894 -0.0727697 -0.1579607 0.0785402 -0.2861590 -0.0088441 0.1871992 -0.1142651 -0.6548277 0.1216375 -0.7459256 0.1852252 0.8960286 -0.4035151 -0.4698898 0.2336357 -0.8512449 -0.0402930 0.8528613 -0.5205805
-0.1898905 0.0441891 -0.2239533 0.0334427 0.1614466 -0.0726884 -0.1590386 0.0980902 -0.2852914 -0.0088050 0.1870567 -0.1141836 -0.6395173 0.1488208 -0.7542347 0.1856011 0.8959994 -0.4034072 -0.4663384 0.2876233 -0.8365413 -0.0401451 0.8528551 -0.5206021
-0.1801890 0.0903395 -0.2468617 0.0336361 0.1608664 -0.0733087 -0.1439661 0.1442814 -0.3051509 -0.0085619 0.1864762 -0.1148545 -0.5653867 0.2834620 -0.7745884 0.1869148 0.8939291 -0.4073742 -0.3923199 0.3931790 -0.8315620 -0.0390640 0.8508047 -0.5240281
-0.1256732 0.1703609 -0.3100754 0.0380735 0.1533922 -0.0745300 -0.0941783 0.2159807 -0.3430830 -0.0019538 0.1790020 -0.1181709 -0.3347262 0.4537502 -0.8258748 0.2178888 0.8778394 -0.4265237 -0.2262808 0.5189338 -0.8243207 -0.0091088 0.8345113 -0.5509156
-0.0940074 0.1727041 -0.3393190 0.0441603 0.1410526 -0.0744280 -0.0639310 0.2343225 -0.3625987 0.0067793 0.1666621 -0.1203547 -0.2397075 0.4403748 -0.8652227 0.2668526 0.8523555 -0.4497552 -0.1464859 0.5369062 -0.8308270 0.0329591 0.8102674 -0.5851328
-0.0807700 0.1888328 -0.3512517 0.0690191 0.2464936 -0.2823832 -0.0462996 0.2661501 -0.3725370 -0.0361038 0.2932148 -0.3788865 -0.1985057 0.4640882 -0.8632599 0.1810890 0.6467377 -0.7409029 -0.1006124 0.5783640 -0.8095506 -0.0751456 0.6102905 -0.7886055
-0.0828764 0.1834475 -0.3712019 -0.0486945 0.2353169 -0.3598790 -0.0578014 0.2406797 -0.3872722 -0.0584172 0.2460739 -0.3848382 -0.1962637 0.4344313 -0.8790620 -0.1125277 0.5437920 -0.8316416 -0.1257600 0.5236531 -0.8425983 -0.1268546 0.5343559 -0.8356863
-0.0770841 0.1853565 -0.3767678 -0.0172353 0.2776391 -0.3687413 -0.0439127 0.2651109 -0.3893592 -0.0128834 0.3297474 -0.4065370 -0.1805625 0.4341807 -0.8825442 -0.0373139 0.6010819 -0.7983159 -0.0928214 0.5603834 -0.8230156 -0.0246047 0.6297528 -0.7764058
-0.0745945 0.1942218 -0.3797348 -0.0058424 0.2986116 -0.3718838 -0.0418716 0.2747630 -0.3876398 -0.0094701 0.3327387 -0.4033921 -0.1722755 0.4485540 -0.8769951 -0.0122489 0.6260592 -0.7796793 -0.0877844 0.5760439 -0.8126914 -0.0181072 0.6362106 -0.7713029
-0.0727897 0.3016736 -0.3775397 0.0126489 0.4308703 -0.3650876 -0.0377958 0.3814475 -0.3831841 0.0215197 0.4849392 -0.3991600 -0.1489412 0.6172802 -0.7725164 0.0223919 0.7627538 -0.6463012 -0.0697344 0.7037815 -0.7069856 0.0342422 0.7716350 -0.6351432
-0.0736499 0.3060634 -0.3762739 0.0198273 0.4434221 -0.3655872 -0.0364128 0.3849079 -0.3804374 0.0184284 0.4909513 -0.4092007 -0.1501244 0.6238645 -0.7669783 0.0344798 0.7711160 -0.6357603 -0.0671310 0.7096206 -0.7013787 0.0288219 0.7678447 -0.6399874
-0.0342603 0.3969035 -0.3760906 0.0189480 0.4442307 -0.3652250 0.0041289 0.4753036 -0.3760356 0.0160286 0.4926593 -0.4077599 -0.0625348 0.7244619 -0.6864724 0.0329299 0.7720333 -0.6347284 0.0068125 0.7842255 -0.6204385 0.0250557 0.7701203 -0.6374064
-0.0088445 0.3924162 -0.3757211 0.0474489 0.4474021 -0.3578297 0.0331740 0.4686809 -0.3695194 0.0442438 0.4725430 -0.3834934 -0.0162775 0.7222091 -0.6914832 0.0825401 0.7782823 -0.6224658 0.0554981 0.7840732 -0.6181822 0.0725092 0.7744301 -0.6284905
0.0743842 0.3793259 -0.2895536 0.1714312 0.4565315 -0.3049528 0.1281252 0.4475354 -0.2985092 0.1989897 0.5310427 -0.3224212 0.1540134 0.7853985 -0.5995240 0.2980598 0.7937507 -0.5302077 0.2316902 0.8092828 -0.5397972 0.3050358 0.8140474 -0.4942468
0.0787448 0.3788845 -0.2894312 0.1854212 0.4838719 -0.2902165 0.1321598 0.4477112 -0.2949676 0.2034706 0.5360453 -0.3236168 0.1629504 0.7840441 -0.5989341 0.3121999 0.8147115 -0.4886475 0.2393362 0.8107871 -0.5341745 0.3090443 0.8141804 -0.4915302
0.0670916 0.3818807 -0.2964532 0.1771578 0.5095614 -0.2864127 0.1188759 0.4517723 -0.3038285 0.1849177 0.5324140 -0.3202268 0.1374611 0.7824199 -0.6073908 0.2900448 0.8342600 -0.4689183 0.2133213 0.8106994 -0.5452161 0.2852647 0.8213328 -0.4940004
0.0778165 0.3898713 -0.2865374 0.1745843 0.4940239 -0.2936030 0.1066909 0.4467000 -0.2765389 0.1881627 0.5357972 -0.3173552 0.1587899 0.7955585 -0.5846987 0.2906745 0.8225259 -0.4888348 0.1990150 0.8332482 -0.5158395 0.2892422 0.8236232 -0.4878359
0.0815493 0.3960447 -0.2800652 0.1860161 0.5176677 -0.2772986 0.1303201 0.4684452 -0.2799458 0.1917487 0.5407229 -0.3080484 0.1657937 0.8051782 -0.5693861 0.3019661 0.8403471 -0.4501480 0.2322727 0.8349215 -0.4989544 0.2944609 0.8303669 -0.4730577
0.0826074 0.3944626 -0.2807725 0.1763218 0.4926134 -0.2863262 0.1316951 0.4666485 -0.2812000 0.1912582 0.5389707 -0.3052387 0.1681815 0.8030916 -0.5716283 0.2956239 0.8259236 -0.4800591 0.2349534 0.8325343 -0.5016808 0.2950335 0.8314126 -0.4708592
0.0888645 0.3913057 -0.2796098 0.1772665 0.4928758 -0.2862020 0.1267824 0.4684498 -0.2643857 0.1914158 0.5379286 -0.3033386 0.1816974 0.8000862 -0.5717064 0.2969903 0.8257584 -0.4794995 0.2294094 0.8476473 -0.4783988 0.2960591 0.8320038 -0.4691681
0.0902601 0.3909919 -0.2799198 0.1798149 0.4936190 -0.2861699 0.1283055 0.4680779 -0.2647218 0.1942801 0.5394781 -0.3028940 0.1844823 0.7991474 -0.5721274 0.3005752 0.8251242 -0.4783562 0.2320825 0.8466722 -0.4788360 0.2995932 0.8319119 -0.4670831
0.1017431 0.3833576 -0.2707029 0.2096186 0.5205329 -0.2638756 0.1388333 0.4603688 -0.2529702 0.2138175 0.5415917 -0.2888323 0.2118753 0.7983243 -0.5637261 0.3380396 0.8394330 -0.4255368 0.2555228 0.8473089 -0.4655918 0.3289642 0.8332539 -0.4443765
0.1036781 0.3836084 -0.2702326 0.2007243 0.4917575 -0.2721390 0.1966167 0.5094040 -0.2946989 0.2191198 0.5509660 -0.2900093 0.2157480 0.7982661 -0.5623380 0.3363319 0.8239845 -0.4559938 0.3168774 0.8209810 -0.4749515 0.3319683 0.8347180 -0.4393665
0.1059116 0.3823614 -0.2698533 0.2025724 0.4912143 -0.2714348 0.2002847 0.5067094 -0.2941764 0.2181840 0.5385599 -0.2855243 0.2207266 0.7968659 -0.5623917 0.3395102 0.8232725 -0.4549232 0.3234575 0.8183297 -0.4750914 0.3369963 0.8318332 -0.4410068
0.0156358 0.4277896 -0.3329066 0.0864851 0.5124390 -0.3239997 0.0756999 0.5246634 -0.3441162 0.0993628 0.5707685 -0.3483968 0.0288332 0.7888620 -0.6138937 0.1412204 0.8367545 -0.5290546 0.1197792 0.8301698 -0.5444916 0.1469777 0.8442823 -0.5153494
0.0088205 0.4113355 -0.3587351 0.0829384 0.5073858 -0.3279508 0.0514420 0.4868957 -0.3489825 0.0933298 0.5651165 -0.3548334 0.0161588 0.7535518 -0.6571899 0.1360066 0.8320362 -0.5377900 0.0855583 0.8098047 -0.5804276 0.1385175 0.8387307 -0.5266343
-0.0435287 0.3795840 -0.3582325 0.0498803 0.5091826 -0.3350738 -0.0033986 0.4570892 -0.3562826 0.0574863 0.5672846 -0.3620914 -0.0831103 0.7247490 -0.6839821 0.0815598 0.8325699 -0.5478827 -0.0058641 0.7886954 -0.6147562 0.0851086 0.8398673 -0.5360779
-0.0489469 0.3861792 -0.3589190 0.0113902 0.4667775 -0.3462678 -0.0101921 0.4644045 -0.3581974 0.0214336 0.5252826 -0.3715683 -0.0924427 0.7293504 -0.6778660 0.0195943 0.8029858 -0.5956759 -0.0173753 0.7917101 -0.6106498 0.0332938 0.8159433 -0.5771725
-0.0679748 0.3757818 -0.3504560 0.0009675 0.4567494 -0.3481528 -0.0279564 0.4616224 -0.3639098 0.0010131 0.5012870 -0.3948446 -0.1311454 0.7250045 -0.6761430 0.0016845 0.7953019 -0.6062112 -0.0475062 0.7844335 -0.6183909 0.0015877 0.7855735 -0.6187663
-0.1253272 0.3169012 -0.3505914 -0.0356613 0.4438898 -0.3481689 -0.0866260 0.3949109 -0.3567884 -0.0236807 0.4991010 -0.3793461 -0.2563322 0.6481592 -0.7170658 -0.0630870 0.7852689 -0.6159325 -0.1606510 0.7323763 -0.6616768 -0.0377474 0.7955723 -0.6046816
-0.1316785 0.3228593 -0.3432385 0.0989424 0.3427857 -0.2438781 -0.0965978 0.4022878 -0.3523109 -0.0313535 0.4995846 -0.3683322 -0.2691298 0.6598728 -0.7015248 0.2289450 0.7931791 -0.5643147 -0.1777637 0.7403086 -0.6483388 -0.0504498 0.8038638 -0.5926701
-0.0859803 0.3143141 -0.3565275 0.1320133 0.3393581 -0.2262962 -0.0545389 0.3704702 -0.3611920 -0.0612517 0.3652946 -0.3588817 -0.1780097 0.6507416 -0.7381382 0.3079238 0.7915599 -0.5278407 -0.1048278 0.7120711 -0.6942377 -0.1187647 0.7082918 -0.6958575
-0.1254399 0.1951335 -0.3394859 -0.0570900 0.3002650 -0.3418626 -0.0882505 0.2726534 -0.3546207 -0.0797709 0.2980510 -0.3548241 -0.3050785 0.4745780 -0.8256530 -0.1244951 0.6547825 -0.7454937 -0.1935561 0.5979990 -0.7777745 -0.1696493 0.6338671 -0.7546069
-0.1397515 0.1851850 -0.3334967 0.0852718 0.1942203 -0.2311192 -0.1113017 0.2385397 -0.3560266 -0.1400966 0.1851127 -0.3356937 -0.3439985 0.4558331 -0.8209027 0.2718243 0.6191238 -0.7367478 -0.2513765 0.5387456 -0.8040914 -0.3432503 0.4535442 -0.8224822
-0.1624468 0.1804698 -0.3035158 0.0696090 0.1733649 -0.2215405 -0.1354002 0.2286576 -0.3368357 -0.1741661 0.1291765 -0.3221230 -0.4179337 0.4643023 -0.7808680 0.2402010 0.5982334 -0.7644738 -0.3155883 0.5329510 -0.7850906 -0.4485249 0.3326645 -0.8295540
-0.1753656 0.1537166 -0.2960107 0.0650913 0.1781462 -0.2213910 -0.1545845 0.2057861 -0.3279594 -0.1795032 0.1341931 -0.3180261 -0.4653650 0.4079155 -0.7855192 0.2232784 0.6110835 -0.7594233 -0.3707993 0.4936159 -0.7866709 -0.4613733 0.3449139 -0.8174161
-0.2145444 0.0796987 -0.2463119 0.0590492 0.1677283 -0.2194069 -0.1841527 0.1431364 -0.2980218 -0.1958705 0.1077442 -0.3067912 -0.6380879 0.2370361 -0.7325693 0.2090856 0.5939044 -0.7768917 -0.4866092 0.3782269 -0.7874997 -0.5159941 0.2838373 -0.8081995
-0.2216727 0.0589562 -0.2380048 0.0582528 0.1673216 -0.2207433 -0.1905995 0.1105522 -0.3012043 -0.1968238 0.1071072 -0.3064506 -0.6706250 0.1783599 -0.7200346 0.2058035 0.5911371 -0.7798729 -0.5107246 0.2962323 -0.8070978 -0.5184538 0.2821313 -0.8072221
-0.2226490 0.0544606 -0.2283751 0.0495002 0.1373439 -0.1787874 -0.1934073 0.1055664 -0.2928338 0.0133547 0.0981081 -0.1424835 -0.6881140 0.1683148 -0.7058111 0.2144523 0.5950224 -0.7745699 -0.5277534 0.2880608 -0.7990603 0.0769689 0.5654380 -0.8211916
-0.2099680 0.0741322 -0.2531385 0.0527439 0.1453486 -0.1758623 -0.1918463 0.1083637 -0.3047499 0.0012522 0.1139313 -0.1529390 -0.6227976 0.2198875 -0.7508480 0.2252376 0.6206965 -0.7510019 -0.5101498 0.2881564 -0.8103784 0.0065658 0.5973901 -0.8019239
-0.2214799 0.0440177 -0.2198064 0.0548684 0.1431059 -0.1741920 -0.1984794 0.0898706 -0.2904465 0.0237991 0.0889762 -0.1905772 -0.7028250 0.1396818 -0.6975142 0.2364826 0.6167859 -0.7507670 -0.5466488 0.2475202 -0.7999430 0.1124368 0.4203597 -0.9003642
-0.2260736 0.0390303 -0.2127755 0.0595641 0.1193354 -0.1695425 -0.2077955 0.0718082 -0.2781384 -0.0183038 0.0853939 -0.1862898 -0.7225120 0.1247376 -0.6800125 0.2761224 0.5532055 -0.7859517 -0.5861042 0.2025409 -0.7845120 -0.0889634 0.4150471 -0.9054399
-0.2260101 0.0334937 -0.2039430 0.0604410 0.1175033 -0.1702563 -0.2072573 0.0674257 -0.2772450 -0.0174777 0.0836550 -0.1869574 -0.7379683 0.1093638 -0.6659147 0.2804473 0.5452173 -0.7899920 -0.5877030 0.1911937 -0.7861617 -0.0850231 0.4069531 -0.9094835
-0.2250233 0.0237120 -0.1968394 0.0610465 0.1149721 -0.1673831 -0.2077449 0.0606457 -0.2740308 -0.2162478 0.0500371 -0.2432403 -0.7503133 0.0790648 -0.6563373 0.2878965 0.5422106 -0.7893816 -0.5949457 0.1736789 -0.7847772 -0.6567070 0.1519540 -0.7386785
-0.2234714 0.0190917 -0.1955405 -0.1787302 0.0777931 -0.2164680 -0.2070711 0.0553293 -0.2732522 -0.2140433 0.0525738 -0.2448208 -0.7510209 0.0641616 -0.6571536 -0.6135642 0.2670567 -0.7431148 -0.5962578 0.1593199 -0.7868252 -0.6497634 0.1595963 -0.7431935
-0.2236237 0.0171334 -0.1935158 -0.1775053 0.0744926 -0.2158373 -0.2072520 0.0516767 -0.2705436 -0.2121766 0.0442224 -0.2442436 -0.7549107 0.0578389 -0.6532722 -0.6137571 0.2575718 -0.7462968 -0.6012541 0.1499183 -0.7848681 -0.6497688 0.1354264 -0.7479707
-0.2211311 0.0136045 -0.1915805 -0.1750335 0.0729811 -0.2177389 -0.2045846 0.0470129 -0.2655692 -0.2097197 0.0418945 -0.2458649 -0.7549857 0.0464486 -0.6540941 -0.6061888 0.2527536 -0.7540893 -0.6043599 0.1388800 -0.7845135 -0.6435814 0.1285646 -0.7545026
