-0.1607573 0.2770312 -0.3510533 0.1754872 0.2818190 -0.3961442 -0.1072697 0.3253751 -0.3663118 0.1674952 0.2869430 -0.4019396 -0.3382845 0.5829618 -0.7387280 0.3395232 0.5452484 -0.7664386 -0.2138732 0.6487292 -0.7303483 0.3211890 0.5502424 -0.7707600
-0.1750335 0.2613824 -0.3508553 0.2550911 0.1914739 -0.3364619 -0.1210906 0.3090075 -0.3667485 0.1935975 0.2604087 -0.3918583 -0.3714404 0.5546821 -0.7445535 0.5502199 0.4130005 -0.7257332 -0.2448134 0.6247320 -0.7414691 0.3805216 0.5118410 -0.7702091
-0.2853561 0.1575761 -0.3237173 0.2777323 0.1505998 -0.3191585 -0.2425869 0.2165444 -0.3917884 0.2355234 0.2054925 -0.3674748 -0.6211454 0.3430018 -0.7046475 0.6184399 0.3353478 -0.7106855 -0.4764507 0.4253022 -0.7694886 0.4882049 0.4259554 -0.7617204
-0.2477044 0.1804470 -0.3038921 0.2549589 0.1817326 -0.3591864 -0.2443966 0.1953608 -0.3257306 0.2406963 0.1984280 -0.3669857 -0.5739359 0.4180993 -0.7041239 0.5350737 0.3813961 -0.7538124 -0.5411085 0.4325404 -0.7211868 0.4997326 0.4119754 -0.7619341
-0.3132402 0.0908651 -0.2939836 0.2715172 0.1352345 -0.2830389 -0.2474615 0.1747705 -0.3275554 0.2674515 0.1499476 -0.3372177 -0.7133809 0.2069384 -0.6695254 0.6544560 0.3259647 -0.6822275 -0.5546256 0.3917062 -0.7341368 0.5868067 0.3289952 -0.7398784
-0.2977342 0.0976692 -0.2747721 0.2989267 0.0794404 -0.2652671 -0.2599720 0.1468391 -0.3366250 0.2763610 0.1285336 -0.3198099 -0.7144108 0.2343565 -0.6593134 0.7336103 0.1949585 -0.6510047 -0.5777675 0.3263385 -0.7481229 0.6255543 0.2909410 -0.7239028
-0.2974917 0.0969122 -0.2703866 0.2989972 0.0785830 -0.2590797 -0.2576486 0.1457984 -0.3085084 0.2808372 0.1170089 -0.3042266 -0.7194059 0.2343568 -0.6538593 0.7412718 0.1948224 -0.6423086 -0.6025860 0.3409918 -0.7215363 0.6527313 0.2719560 -0.7070938
-0.3200234 0.0517318 -0.2063391 0.2966588 0.0830056 -0.2464609 -0.2992170 0.0809581 -0.2758745 0.2812987 0.1158154 -0.3015973 -0.8327987 0.1346220 -0.5369574 0.7519648 0.2104009 -0.6247243 -0.7210743 0.1950986 -0.6648220 0.6566682 0.2703614 -0.7040537
-0.3198810 0.0517113 -0.2046939 0.2922924 0.0854422 -0.2452750 -0.2990810 0.0809085 -0.2742423 0.2811961 0.1142776 -0.2994246 -0.8346055 0.1349206 -0.5340693 0.7475165 0.2185122 -0.6272730 -0.7228218 0.1955405 -0.6627915 0.6595222 0.2680286 -0.7022757
-0.3199414 0.0516044 -0.2035507 0.2791447 0.1089739 -0.2497316 -0.3014164 0.0788565 -0.2706557 0.2816470 0.1155934 -0.3230738 -0.8360135 0.1348434 -0.5318822 0.7156075 0.2793625 -0.6402050 -0.7303450 0.1910727 -0.6558105 0.6344567 0.2603933 -0.7277775
-0.3185572 0.0532504 -0.2031403 0.2916820 0.0819390 -0.2392077 -0.2979246 0.0818258 -0.2729499 0.2797604 0.1136382 -0.2971486 -0.8349033 0.1395634 -0.5324083 0.7556105 0.2122653 -0.6196742 -0.7226664 0.1984823 -0.6620861 0.6603620 0.2682379 -0.7014061
-0.2892105 0.0908665 -0.2056756 0.2919740 0.0806363 -0.2360929 -0.2925407 0.0900796 -0.2728441 0.2695667 0.1306765 -0.3203036 -0.7894683 0.2480416 -0.5614403 0.7602591 0.2099655 -0.6147525 -0.7134326 0.2196814 -0.6653976 0.6146599 0.2979656 -0.7303490
-0.3054941 0.0714392 -0.2233728 0.2919852 0.0795834 -0.2318660 -0.2887298 0.0955879 -0.2735514 0.2729448 0.1243117 -0.3029828 -0.7932220 0.1854934 -0.5799922 0.7658651 0.2087440 -0.6081749 -0.7058326 0.2336754 -0.6687272 0.6402309 0.2915908 -0.7106892
-0.3038758 0.0739325 -0.2252674 0.2920415 0.0791845 -0.2285629 -0.2845295 0.1021692 -0.2782700 0.2727482 0.1241556 -0.2998789 -0.7884188 0.1918211 -0.5844660 0.7701335 0.2088150 -0.6027360 -0.6924728 0.2486540 -0.6772389 0.6433500 0.2928544 -0.7073451
-0.3047156 0.0740995 -0.2246068 0.2916215 0.0799686 -0.2268173 -0.2469226 0.1497823 -0.3232178 0.2383295 0.1714883 -0.3578392 -0.7899635 0.1921001 -0.5822845 0.7714850 0.2115570 -0.6000455 -0.5696736 0.3455618 -0.7456937 0.5148838 0.3704809 -0.7730709
-0.3028542 0.0793260 -0.2280664 0.2911040 0.0806902 -0.2288969 -0.2462019 0.1503918 -0.3226622 0.2377746 0.1726396 -0.3556846 -0.7818943 0.2048000 -0.5888109 0.7680704 0.2128990 -0.6039386 -0.5688157 0.3474596 -0.7454667 0.5153779 0.3741975 -0.7709487
-0.3028961 0.0788388 -0.2262799 0.2617259 0.1335500 -0.2829796 -0.2421544 0.1553575 -0.3238742 0.2360874 0.1770569 -0.3545016 -0.7842624 0.2041304 -0.5858867 0.6415823 0.3273781 -0.6936827 -0.5589795 0.3586210 -0.7476182 0.5118351 0.3838576 -0.7685559
-0.2575379 0.1330994 -0.2771609 0.2613796 0.1370499 -0.2846218 -0.2060859 0.1933402 -0.3464434 0.2317025 0.1849824 -0.3514127 -0.6421227 0.3318585 -0.6910488 0.6374894 0.3342566 -0.6941756 -0.4609663 0.4324572 -0.7749135 0.5039448 0.4023302 -0.7643102
-0.2568669 0.1369107 -0.2757485 0.2426390 0.1578457 -0.3403799 -0.2073203 0.1961238 -0.3470376 0.2188779 0.1950686 -0.3500298 -0.6406428 0.3414642 -0.6877347 0.5430361 0.3532652 -0.7617844 -0.4614172 0.4364979 -0.7723754 0.4793687 0.4272234 -0.7666067
-0.2309167 0.1728318 -0.3366812 0.2272044 0.1862505 -0.3397642 -0.1697963 0.2451745 -0.3634258 0.1630505 0.2562286 -0.3667631 -0.5208605 0.3898430 -0.7594253 0.5058353 0.4146577 -0.7564322 -0.3611708 0.5215067 -0.7730372 0.3424088 0.5380844 -0.7702087
-0.2051125 0.1923238 -0.3428523 0.1978685 0.2160496 -0.3182425 -0.1560100 0.2558494 -0.3642568 0.1528144 0.2710090 -0.3655989 -0.4625859 0.4337438 -0.7732274 0.4574366 0.4994680 -0.7357197 -0.3307545 0.5424227 -0.7722558 0.3183214 0.5645278 -0.7615641
-0.1930475 0.2203582 -0.3376085 0.1698631 0.2499681 -0.3428789 -0.1196818 0.2954512 -0.3817440 0.1289989 0.3041166 -0.3833979 -0.4318783 0.4929768 -0.7552847 0.3716433 0.5469049 -0.7501842 -0.2406454 0.5940669 -0.7675769 0.2548960 0.6009206 -0.7575767
-0.1763692 0.2356822 -0.3257042 0.1750869 0.2483155 -0.3377983 -0.1186375 0.2978216 -0.3789203 0.1252653 0.3078704 -0.3824752 -0.4017372 0.5368414 -0.7418952 0.3853665 0.5465426 -0.7434944 -0.2390247 0.6000357 -0.7634293 0.2472092 0.6075777 -0.7548092
-0.1667840 0.2505791 -0.3310847 0.1744807 0.2490498 -0.3389885 -0.1026457 0.3136885 -0.3665383 0.1139975 0.3217567 -0.3830257 -0.3727318 0.5599985 -0.7399139 0.3831435 0.5468902 -0.7443871 -0.2081044 0.6359738 -0.7431217 0.2221909 0.6271316 -0.7465502
-0.1231856 0.2904961 -0.3624459 0.1231123 0.3074137 -0.3584226 -0.1036424 0.3155463 -0.3681933 0.0784822 0.3551942 -0.3830070 -0.2563421 0.6045057 -0.7542291 0.2522885 0.6299691 -0.7344994 -0.2090153 0.6363611 -0.7425342 0.1485786 0.6724356 -0.7250895
-0.1153322 0.3132396 -0.3680817 0.1144063 0.3187126 -0.3739582 -0.1037850 0.3220014 -0.3767011 0.0194353 0.4063673 -0.3994531 -0.2321058 0.6303938 -0.7407635 0.2267757 0.6317507 -0.7412583 -0.2049790 0.6359642 -0.7439981 0.0340878 0.7127333 -0.7006064
-0.1158883 0.3138287 -0.3687753 0.0946564 0.3446567 -0.3841099 -0.0973524 0.3323892 -0.3797230 0.0222062 0.4066020 -0.4011674 -0.2327499 0.6302928 -0.7406474 0.1804080 0.6568901 -0.7320850 -0.1894182 0.6467283 -0.7388256 0.0388476 0.7113107 -0.7018034
-0.1164223 0.3141313 -0.3701001 0.0945522 0.3442643 -0.3857110 -0.0914665 0.3460453 -0.3828540 0.0290489 0.4065371 -0.4027706 -0.2332149 0.6292617 -0.7413774 0.1799018 0.6550218 -0.7338813 -0.1745179 0.6602539 -0.7304850 0.0506953 0.7094765 -0.7029033
-0.1257306 0.3152858 -0.3675158 0.0855093 0.3442305 -0.3892452 -0.1013743 0.3469101 -0.3816875 0.0195692 0.4068907 -0.4051324 -0.2513198 0.6302173 -0.7346186 0.1623768 0.6536723 -0.7391524 -0.1928548 0.6599631 -0.7261238 0.0340617 0.7082251 -0.7051646
-0.1285462 0.3147286 -0.3673294 0.1148812 0.3128330 -0.3867434 -0.1034647 0.3463207 -0.3804740 0.0164488 0.4059824 -0.4063300 -0.2568311 0.6288172 -0.7339119 0.2250269 0.6127710 -0.7575452 -0.1971548 0.6599237 -0.7250039 0.0286252 0.7065145 -0.7071194
-0.1327915 0.3128009 -0.3676233 0.1124954 0.3126662 -0.3884161 -0.1050703 0.3457326 -0.3836134 0.0147262 0.4057309 -0.4079742 -0.2652517 0.6248214 -0.7343295 0.2200796 0.6116821 -0.7598750 -0.1993740 0.6560379 -0.7279178 0.0255855 0.7049238 -0.7088214
-0.1335728 0.3123085 -0.3682194 0.1050347 0.3205383 -0.3917981 -0.1062771 0.3434549 -0.3832499 0.0244099 0.3979019 -0.4081947 -0.2666322 0.6234165 -0.7350233 0.2031642 0.6200039 -0.7578387 -0.2022450 0.6535935 -0.7293233 0.0427820 0.6973820 -0.7154216
-0.1301027 0.3092827 -0.3691041 0.1054931 0.3180526 -0.3922605 -0.1067829 0.3353711 -0.3821563 0.0946998 0.3346467 -0.4006822 -0.2608214 0.6200300 -0.7399561 0.2044830 0.6164984 -0.7603396 -0.2055342 0.6455178 -0.7355694 0.1784875 0.6307326 -0.7551945
-0.1266632 0.3062684 -0.3726037 0.1121866 0.3107053 -0.3903078 -0.1119295 0.3192577 -0.3827386 0.0958785 0.3337883 -0.4015488 -0.2539992 0.6141635 -0.7471865 0.2193993 0.6076352 -0.7633108 -0.2191151 0.6249840 -0.7492553 0.1805982 0.6287284 -0.7563630
-0.1917853 0.2238726 -0.3512429 0.1390449 0.2800307 -0.3935917 -0.1078364 0.3127904 -0.3803082 0.1277736 0.3004720 -0.3991788 -0.4182390 0.4882139 -0.7659787 0.2766193 0.5570998 -0.7830208 -0.2139253 0.6205122 -0.7544538 0.2477642 0.5826414 -0.7740425
-0.1996804 0.2158692 -0.3427635 0.2092188 0.2020702 -0.3648063 -0.1125756 0.3017494 -0.3799450 0.1473102 0.2725321 -0.3963878 -0.4421448 0.4779909 -0.7589681 0.4484179 0.4330963 -0.7818881 -0.2260190 0.6058245 -0.7628185 0.2928120 0.5417187 -0.7879098
-0.2103219 0.1964147 -0.3297075 0.2192671 0.1877064 -0.3460994 -0.1692126 0.2329892 -0.3624433 0.2002666 0.2106371 -0.3730722 -0.4805916 0.4488133 -0.7533912 0.4865440 0.4165123 -0.7679795 -0.3655442 0.5033185 -0.7829737 0.4234642 0.4453927 -0.7888621
-0.2093657 0.1874151 -0.3396702 0.2074164 0.2124914 -0.3775915 -0.1620010 0.2335074 -0.3722224 0.2144895 0.2002351 -0.3702409 -0.4749314 0.4251379 -0.7705179 0.4317902 0.4423550 -0.7860530 -0.3459226 0.4986112 -0.7948110 0.4540255 0.4238521 -0.7837157
-0.2419632 0.1338532 -0.3219958 0.2677875 0.1129087 -0.3187059 -0.2272221 0.1497831 -0.3921375 0.2589043 0.1383697 -0.3330678 -0.5700845 0.3153688 -0.7586476 0.6208642 0.2617783 -0.7389180 -0.4760348 0.3137986 -0.8215359 0.5831537 0.3116626 -0.7501988
-0.2681867 0.0998545 -0.2306400 0.2748561 0.0999404 -0.2788131 -0.2714969 0.1007624 -0.2970851 0.2737041 0.1165158 -0.3157572 -0.7296689 0.2716792 -0.6275139 0.6802228 0.2473358 -0.6900159 -0.6544029 0.2428728 -0.7160794 0.6309285 0.2685862 -0.7278672
-0.3036338 0.0577281 -0.2397787 0.2874910 0.0824164 -0.2683856 -0.2821526 0.0845110 -0.2914017 0.2841271 0.1027660 -0.3064967 -0.7762046 0.1475752 -0.6129666 0.7154388 0.2050982 -0.6678937 -0.6809896 0.2039716 -0.7033127 0.6601731 0.2387782 -0.7121492
-0.3043952 0.0598687 -0.2540360 0.2926410 0.0756093 -0.2614569 -0.2873596 0.0792026 -0.2876391 0.2941571 0.0873036 -0.2904618 -0.7591516 0.1493106 -0.6335576 0.7322544 0.1891917 -0.6542247 -0.6937232 0.1912054 -0.6943980 0.6962062 0.2066287 -0.6874601
-0.3064464 0.0589143 -0.2471530 0.2948688 0.0734919 -0.2515776 -0.2956619 0.0740917 -0.2807530 0.2942880 0.0857359 -0.2869743 -0.7698179 0.1479974 -0.6208680 0.7474260 0.1862854 -0.6376928 -0.7134689 0.1787925 -0.6774920 0.7008639 0.2041850 -0.6834459
-0.3118528 0.0588328 -0.2372924 0.2960682 0.0724225 -0.2469540 -0.3005064 0.0734663 -0.2721233 0.2946394 0.0853046 -0.2845609 -0.7869924 0.1484706 -0.5988317 0.7547268 0.1846170 -0.6295268 -0.7293662 0.1783118 -0.6604769 0.7041938 0.2038796 -0.6801060
-0.3182637 0.0569176 -0.2149393 0.2966466 0.0723341 -0.2439950 -0.3023460 0.0746231 -0.2687109 0.2954791 0.0845812 -0.2824946 -0.8197602 0.1466042 -0.5536248 0.7589750 0.1850679 -0.6242650 -0.7350560 0.1814218 -0.6532831 0.7078180 0.2026137 -0.6767137
-0.3164414 0.0628484 -0.2089141 0.2965406 0.0723946 -0.2428934 -0.3042936 0.0777622 -0.2646887 0.2953102 0.0850292 -0.2807993 -0.8233011 0.1635158 -0.5435420 0.7601743 0.1855817 -0.6226512 -0.7408549 0.1893254 -0.6444299 0.7094084 0.2042612 -0.6745495
-0.3163032 0.0632463 -0.2071670 0.2964223 0.0718331 -0.2428791 -0.3048482 0.0789137 -0.2627590 0.2949826 0.0851715 -0.2799993 -0.8250784 0.1649783 -0.5403960 0.7602661 0.1842381 -0.6229380 -0.7433064 0.1924140 -0.6406812 0.7098880 0.2049687 -0.6738300
-0.3151009 0.0656899 -0.2126215 0.2937498 0.0766916 -0.2510143 -0.3013617 0.0869980 -0.2683120 0.2929985 0.0901269 -0.2836640 -0.8168291 0.1702865 -0.5511739 0.7456954 0.1946847 -0.6372098 -0.7300965 0.2107664 -0.6500282 0.7015313 0.2157923 -0.6791815
-0.2945519 0.0878815 -0.2096913 0.2888892 0.0789556 -0.2556380 -0.2998506 0.0887053 -0.2707186 0.2877485 0.0927261 -0.2857757 -0.7916048 0.2361805 -0.5635429 0.7336806 0.2005204 -0.6492337 -0.7249718 0.2144696 -0.6545370 0.6916850 0.2228934 -0.6869428
-0.3081685 0.0718694 -0.2292742 0.2850699 0.0813509 -0.2566653 -0.2889509 0.0985128 -0.2798234 0.2721628 0.1082404 -0.3030229 -0.7886224 0.1839183 -0.5867271 0.7269923 0.2074631 -0.6545543 -0.6977404 0.2378825 -0.6756998 0.6457928 0.2568348 -0.7190184
-0.2991186 0.0753171 -0.2334611 0.2819049 0.0828593 -0.2576509 -0.2502244 0.1270429 -0.3244294 0.2713103 0.1087282 -0.3017049 -0.7732269 0.1946960 -0.6035011 0.7213643 0.2120281 -0.6593009 -0.5833283 0.2961650 -0.7563163 0.6458727 0.2588349 -0.7182291
-0.2978031 0.0786043 -0.2387182 0.2744044 0.0857834 -0.2619258 -0.2496540 0.1277007 -0.3212320 0.2455191 0.1329424 -0.3387727 -0.7642216 0.2017142 -0.6125983 0.7055481 0.2205661 -0.6734630 -0.5854801 0.2994794 -0.7533426 0.5592701 0.3028307 -0.7716933
-0.2796795 0.0864464 -0.2785584 0.2694697 0.0784476 -0.2456110 -0.2286814 0.1451700 -0.3451439 0.2431811 0.1342827 -0.3391226 -0.6921225 0.2139288 -0.6893482 0.7225330 0.2103427 -0.6585605 -0.5212216 0.3308785 -0.7866686 0.5547325 0.3063189 -0.7735894
