0.0818600 0.3101393 -0.1287777 -0.1438823 0.2483341 -0.1747603 0.1240195 0.3568160 -0.1652611 -0.1941434 0.2842588 -0.1519421 0.2368320 0.8972744 -0.3725711 -0.4281886 0.7390336 -0.5200805 0.3007828 0.8653812 -0.4008056 -0.5159646 0.7554596 -0.4038085
0.0806534 0.2982597 -0.1322884 -0.1473420 0.2526185 -0.1724511 0.1208463 0.3451523 -0.1676892 -0.1969020 0.2892725 -0.1492617 0.2399675 0.8874103 -0.3935970 -0.4339879 0.7440740 -0.5079454 0.3003807 0.8579256 -0.4168155 -0.5175756 0.7603803 -0.3923485
0.0713656 0.2880495 -0.1422985 -0.1472237 0.2501105 -0.1722633 0.1102043 0.3350265 -0.1771531 -0.1971155 0.2859420 -0.1485071 0.2168431 0.8752336 -0.4323716 -0.4362213 0.7410731 -0.5104133 0.2792255 0.8488597 -0.4488544 -0.5218574 0.7570229 -0.3931681
0.0734222 0.2891714 -0.1369630 -0.1461674 0.2491233 -0.1731299 0.1121585 0.3362643 -0.1713280 -0.1961022 0.2847621 -0.1491748 0.2236551 0.8808600 -0.4172099 -0.4340519 0.7397847 -0.5141183 0.2848770 0.8540943 -0.4351644 -0.5207705 0.7562165 -0.3961498
0.0819680 0.2993291 -0.1296809 -0.1429878 0.2480673 -0.1752982 0.1332786 0.3686338 -0.1579994 -0.1932390 0.2836839 -0.1519797 0.2436960 0.8899237 -0.3855491 -0.4259055 0.7388968 -0.5221456 0.3153537 0.8722334 -0.3738462 -0.5147722 0.7557097 -0.4048609
0.1201737 0.3095206 -0.1536443 -0.1435622 0.2481180 -0.1749377 0.1438191 0.3716567 -0.1626110 -0.1938943 0.2836074 -0.1515998 0.3284720 0.8460154 -0.4199573 -0.4274959 0.7388397 -0.5209253 0.3341425 0.8634894 -0.3778025 -0.5163440 0.7552515 -0.4037129
0.1377867 0.3151251 -0.1535358 -0.1385926 0.2329731 -0.1805026 0.1543185 0.3786076 -0.1675748 -0.1931310 0.2618331 -0.1574775 0.3658254 0.8366611 -0.4076396 -0.4255521 0.7153500 -0.5542380 0.3492485 0.8568520 -0.3792496 -0.5343041 0.7243708 -0.4356673
0.1536381 0.3108109 -0.1608538 -0.1472970 0.2338193 -0.1888188 0.1884560 0.3611977 -0.1882272 -0.2037080 0.2599045 -0.1670276 0.4019764 0.8132009 -0.4208554 -0.4400938 0.6986052 -0.5641526 0.4199239 0.8048328 -0.4194140 -0.5504706 0.7023279 -0.4513508
0.1776527 0.3119058 -0.1788494 -0.1549662 0.2346176 -0.1946166 0.2039616 0.3723316 -0.1913792 -0.2123180 0.2593872 -0.1737661 0.4429803 0.7777431 -0.4459644 -0.4531726 0.6860998 -0.5691236 0.4379873 0.7995452 -0.4109679 -0.5623350 0.6870001 -0.4602284
0.0805281 0.3218684 -0.2453829 0.0352106 0.3567608 -0.1238736 0.1066644 0.3736137 -0.2791420 -0.0073400 0.3796843 -0.0791361 0.1951389 0.7799650 -0.5946221 0.0928323 0.9405957 -0.3265914 0.2229518 0.7809341 -0.5834676 -0.0189218 0.9787870 -0.2040047
0.0887334 0.3212614 -0.2550341 0.2184163 0.2990568 -0.0429582 0.1093193 0.3777294 -0.2848330 0.2359323 0.3020130 0.0329458 0.2114349 0.7655053 -0.6076980 0.5858674 0.8021731 -0.1152287 0.2251447 0.7779393 -0.5866177 0.6133569 0.7851480 0.0856498
0.0863137 0.3128374 -0.2675930 0.2255170 0.2942778 -0.0445267 0.1185348 0.3700625 -0.2812835 0.2423237 0.2979375 0.0327151 0.2052047 0.7437485 -0.6361833 0.6039286 0.7880683 -0.1192414 0.2470992 0.7714372 -0.5863673 0.6287068 0.7729963 0.0848789
0.0870650 0.3112866 -0.2717056 0.2332121 0.2970323 -0.0689648 0.1309400 0.3590483 -0.2888550 0.2510033 0.3029605 0.0006073 0.2061882 0.7371915 -0.6434556 0.6074958 0.7737415 -0.1796468 0.2733271 0.7494855 -0.6029625 0.6379854 0.7700469 0.0015437
0.0811593 0.2912908 -0.2777217 0.2371855 0.2990554 -0.0757517 0.1279922 0.3375855 -0.2905197 0.2438764 0.3161905 -0.0111704 0.1976755 0.7094815 -0.6764321 0.6095131 0.7685047 -0.1946646 0.2761973 0.7284832 -0.6269189 0.6104987 0.7915234 -0.0279630
0.1167861 0.3000321 -0.2865309 0.2381278 0.2993271 -0.0799911 0.1011949 0.3652349 -0.2841154 0.2584672 0.3069998 -0.0141804 0.2709675 0.6961353 -0.6648099 0.6093830 0.7659957 -0.2047020 0.2136425 0.7710828 -0.5998235 0.6436482 0.7645064 -0.0353128
0.1175750 0.3010547 -0.2847863 0.2385149 0.2991141 -0.0806804 0.1249074 0.3675171 -0.2902030 0.2589550 0.3068582 -0.0150514 0.2729426 0.6988791 -0.6611130 0.6100386 0.7650304 -0.2063526 0.2577254 0.7583099 -0.5987852 0.6444814 0.7637018 -0.0374595
0.0972811 0.3020443 -0.2734617 0.2384764 0.2996280 -0.0804587 0.1432218 0.3475088 -0.2914260 0.2584028 0.3076789 -0.0141148 0.2322308 0.7210448 -0.6528118 0.6094348 0.7657099 -0.2056151 0.3011335 0.7306606 -0.6127428 0.6427263 0.7652910 -0.0351077
0.0950315 0.3045232 -0.2711544 0.2321825 0.2965466 -0.0776453 0.1385834 0.3527133 -0.2879238 0.2523338 0.3012631 -0.0100045 0.2269807 0.7273471 -0.6476465 0.6037798 0.7711557 -0.2019130 0.2911827 0.7410988 -0.6049672 0.6418984 0.7663672 -0.0254498
0.0897643 0.3053972 -0.2606985 0.2318086 0.2957532 -0.0733624 0.1299698 0.3564707 -0.2772900 0.2529017 0.2976572 -0.0043677 0.2181673 0.7422513 -0.6336135 0.6054545 0.7724696 -0.1916132 0.2765607 0.7585285 -0.5900413 0.6474490 0.7620267 -0.0111817
0.0753228 0.3061188 -0.2455492 0.1244678 0.4012843 -0.0658108 0.1206016 0.3509959 -0.2664306 0.1413895 0.4235424 -0.0061784 0.1884974 0.7660715 -0.6144943 0.2926813 0.9436046 -0.1547517 0.2639749 0.7682659 -0.5831678 0.3166181 0.9484522 -0.0138354
0.0599286 0.3118620 -0.2239097 0.0246020 0.3770000 -0.0875551 0.1052196 0.3574797 -0.2430912 -0.0121366 0.3880098 -0.0340121 0.1542294 0.8025936 -0.5762437 0.0634376 0.9721140 -0.2257654 0.2364896 0.8034647 -0.5463672 -0.0311444 0.9956968 -0.0872806
0.0598731 0.3352240 -0.2031204 0.0522037 0.3656941 -0.0536526 0.0712853 0.3983230 -0.2228294 0.0200966 0.3777847 0.0025679 0.1510014 0.8454429 -0.5122743 0.1398522 0.9796846 -0.1437338 0.1543146 0.8622685 -0.4823693 0.0531197 0.9985651 0.0067875
0.1458875 0.3379521 -0.1519937 -0.1356121 0.2595549 -0.1872880 0.1603433 0.4007140 -0.1707588 -0.1860395 0.2964293 -0.1664277 0.3663286 0.8486094 -0.3816614 -0.3901215 0.7466736 -0.5387799 0.3454518 0.8633186 -0.3678914 -0.4800652 0.7649204 -0.4294580
0.1139434 0.3316841 -0.1360067 -0.1374531 0.2556689 -0.1856682 0.1389632 0.3933720 -0.1442984 -0.1882966 0.2918161 -0.1645468 0.3029133 0.8817667 -0.3615674 -0.3989051 0.7419812 -0.5388308 0.3147912 0.8910993 -0.3268769 -0.4899705 0.7593409 -0.4281708
0.0855484 0.3047977 -0.1338483 -0.1443078 0.2533456 -0.1818823 0.1104738 0.3668071 -0.1396533 -0.1958410 0.2881067 -0.1601155 0.2488981 0.8867913 -0.3894239 -0.4199361 0.7372368 -0.5292783 0.2709394 0.8996020 -0.3425027 -0.5107998 0.7514505 -0.4176190
0.0849594 0.3032545 -0.1341409 -0.1476984 0.2525389 -0.1793342 0.1097442 0.3653033 -0.1401224 -0.1994418 0.2866523 -0.1570475 0.2481955 0.8859097 -0.3918712 -0.4304202 0.7359446 -0.5226127 0.2700697 0.8989753 -0.3448272 -0.5208752 0.7486398 -0.4101555
0.0843395 0.3024982 -0.1315338 -0.1491262 0.2522737 -0.1768087 0.1091333 0.3645574 -0.1373685 -0.2008594 0.2863540 -0.1544470 0.2477154 0.8884738 -0.3863306 -0.4357101 0.7370819 -0.5165917 0.2697468 0.9010836 -0.3395365 -0.5253189 0.7489176 -0.4039337
0.1072786 0.3245827 -0.1305988 -0.1490578 0.2517007 -0.1758670 0.1315644 0.3868902 -0.1359010 -0.2010246 0.2856931 -0.1539168 0.2931519 0.8869615 -0.3568771 -0.4367075 0.7374289 -0.5152525 0.3054996 0.8983796 -0.3155693 -0.5266073 0.7484063 -0.4032031
0.1213220 0.3287364 -0.1270132 -0.1460092 0.2517760 -0.1772916 0.1370935 0.3922619 -0.1417064 -0.1976839 0.2862947 -0.1554734 0.3255058 0.8819967 -0.3407753 -0.4284354 0.7387872 -0.5202274 0.3122667 0.8934801 -0.3227737 -0.5187579 0.7512885 -0.4079901
0.1282669 0.3272255 -0.1261859 -0.1405052 0.2505055 -0.1792154 0.1565501 0.3831577 -0.1500977 -0.1914496 0.2858154 -0.1569502 0.3434809 0.8762642 -0.3379082 -0.4150264 0.7399469 -0.5293692 0.3555688 0.8702579 -0.3409136 -0.5063160 0.7558801 -0.4150775
0.1479711 0.3243268 -0.1382495 -0.1406631 0.2425225 -0.1794767 0.1660497 0.3859028 -0.1577858 -0.1929425 0.2757892 -0.1571595 0.3869979 0.8482322 -0.3615726 -0.4225523 0.7285385 -0.5391485 0.3700150 0.8599222 -0.3516002 -0.5194107 0.7424384 -0.4230813
0.1588520 0.3236368 -0.1470175 -0.1399302 0.2427227 -0.1808764 0.1822156 0.3849421 -0.1610137 -0.1926611 0.2752519 -0.1585343 0.4079989 0.8312358 -0.3776030 -0.4196018 0.7278409 -0.5423854 0.4002001 0.8454482 -0.3536343 -0.5185980 0.7409129 -0.4267367
0.1809026 0.3246923 -0.1597583 -0.1377978 0.2439478 -0.1828088 0.1909691 0.3904166 -0.1508672 -0.1909507 0.2761247 -0.1609620 0.4471524 0.8025696 -0.3948883 -0.4119007 0.7292010 -0.5464464 0.4150960 0.8486210 -0.3279294 -0.5128791 0.7416498 -0.4323316
0.1885588 0.3236209 -0.1641337 -0.1365513 0.2442580 -0.1843666 0.2250426 0.3794195 -0.1715805 -0.1898631 0.2762347 -0.1626133 0.4611015 0.7913821 -0.4013723 -0.4074811 0.7288871 -0.5501662 0.4754433 0.8015928 -0.3624951 -0.5096254 0.7414617 -0.4364820
0.2013107 0.3230545 -0.1683276 -0.1440269 0.2495165 -0.1883198 0.2224154 0.3853393 -0.1550921 -0.1981050 0.2806763 -0.1672832 0.4836846 0.7761958 -0.4044370 -0.4184521 0.7249388 -0.5471394 0.4720413 0.8178214 -0.3291584 -0.5184496 0.7345422 -0.4377874
0.1979176 0.3086063 -0.1791505 -0.1416292 0.2460129 -0.1880718 0.2262128 0.3649548 -0.1562541 -0.1959027 0.2768616 -0.1670804 0.4850336 0.7562968 -0.4390415 -0.4159234 0.7224677 -0.5523117 0.4950774 0.7987209 -0.3419696 -0.5181486 0.7322790 -0.4419157
0.2102508 0.3059123 -0.1810307 -0.1425256 0.2423093 -0.1868422 0.2290599 0.3627436 -0.1507593 -0.1969575 0.2728467 -0.1658055 0.5090955 0.7407277 -0.4383427 -0.4222404 0.7178555 -0.5535310 0.5037269 0.7977113 -0.3315356 -0.5250258 0.7273222 -0.4419846
0.2303021 0.3017020 -0.1786304 -0.1439571 0.2404850 -0.1861424 0.2332536 0.3630047 -0.1515526 -0.1984560 0.2709219 -0.1651334 0.5490048 0.7192112 -0.4258274 -0.4278574 0.7147495 -0.5532370 0.5100369 0.7937534 -0.3313879 -0.5302965 0.7239335 -0.4412548
0.2380907 0.2976578 -0.1779676 -0.1448676 0.2395203 -0.1858652 0.2724068 0.3550106 -0.1722282 -0.1993962 0.2699108 -0.1648654 0.5659851 0.7075872 -0.4230617 -0.4311412 0.7128376 -0.5531544 0.5681302 0.7404084 -0.3591984 -0.5333064 0.7219052 -0.4409502
0.2369087 0.2967509 -0.1795340 -0.1447466 0.2380002 -0.1848518 0.2729295 0.3528409 -0.1720315 -0.1992697 0.2683650 -0.1638001 0.5640375 0.7065112 -0.4274385 -0.4329660 0.7119062 -0.5529286 0.5708597 0.7380026 -0.3598214 -0.5353334 0.7209565 -0.4400454
0.2383976 0.2952120 -0.1820620 -0.1455329 0.2374437 -0.1843534 0.2694629 0.3529895 -0.1680428 -0.2000437 0.2677880 -0.1632403 0.5664423 0.7014357 -0.4325866 -0.4357478 0.7109426 -0.5519823 0.5675101 0.7434238 -0.3539114 -0.5377688 0.7198829 -0.4388318
0.2412005 0.2948561 -0.1808824 -0.1453446 0.2372609 -0.1839379 0.2674792 0.3545304 -0.1651287 -0.1998966 0.2675975 -0.1629200 0.5719631 0.6991977 -0.4289298 -0.4357596 0.7113352 -0.5514670 0.5645177 0.7482402 -0.3485059 -0.5378892 0.7200614 -0.4383911
0.2419725 0.2934705 -0.1826691 -0.1464525 0.2372072 -0.1838418 0.2624000 0.3534471 -0.1606388 -0.2009906 0.2675319 -0.1627704 0.5734596 0.6955066 -0.4329142 -0.4385642 0.7103369 -0.5505297 0.5599691 0.7542662 -0.3428077 -0.5401398 0.7189621 -0.4374272
0.2446623 0.2922403 -0.1820009 -0.0223665 0.2595680 -0.1712292 0.2603019 0.3542477 -0.1617461 -0.0769559 0.2898404 -0.1502151 0.5792737 0.6919215 -0.4309136 -0.0717423 0.8325851 -0.5492314 0.5557108 0.7562728 -0.3453070 -0.2294439 0.8641592 -0.4478665
0.2454263 0.2924049 -0.1808962 -0.0207889 0.2596013 -0.1717251 0.2578853 0.3535592 -0.1563079 -0.0754446 0.2898736 -0.1508854 0.5809690 0.6921758 -0.4282145 -0.0666411 0.8321814 -0.5504844 0.5549566 0.7608420 -0.3363669 -0.2249474 0.8642936 -0.4498835
0.2308017 0.3016145 -0.1736643 -0.1659768 0.2311449 -0.1903921 0.2334841 0.3600195 -0.1407809 -0.2231973 0.2581382 -0.1720850 0.5526698 0.7222357 -0.4158506 -0.4847709 0.6751083 -0.5560809 0.5170082 0.7971980 -0.3117337 -0.5840028 0.6754268 -0.4502658
0.2222255 0.3070834 -0.1679735 -0.1657871 0.2313456 -0.1901729 0.2217682 0.3676190 -0.1390794 -0.2229876 0.2583998 -0.1718920 0.5359900 0.7406603 -0.4051384 -0.4843274 0.6758488 -0.5555676 0.4914031 0.8145854 -0.3081780 -0.5835038 0.6761687 -0.4497991
0.2021970 0.3138071 -0.1593812 -0.1034178 0.2549254 -0.1849691 0.2143985 0.3794939 -0.1533829 -0.1581577 0.2851978 -0.1643504 0.4981356 0.7731001 -0.3926541 -0.3119643 0.7689934 -0.5579673 0.4639957 0.8212910 -0.3319473 -0.4330849 0.7809604 -0.4500427
0.1817198 0.3314359 -0.1532630 -0.1204494 0.2408941 -0.1906257 0.1898396 0.3931480 -0.1782681 -0.1768041 0.2691814 -0.1716003 0.4455291 0.8125934 -0.3757604 -0.3650380 0.7300620 -0.5777169 0.4025642 0.8336896 -0.3780262 -0.4845039 0.7376495 -0.4702438
0.1718142 0.3366836 -0.1469594 -0.1221053 0.2454693 -0.1884315 0.1709817 0.4017121 -0.1633966 -0.1768871 0.2764166 -0.1689576 0.4236543 0.8301846 -0.3623681 -0.3670431 0.7378696 -0.5664166 0.3667871 0.8617460 -0.3505155 -0.4792265 0.7488742 -0.4577439
0.1061960 0.3200335 -0.1111954 -0.1272153 0.2460940 -0.1853891 0.1596508 0.3785698 -0.1512983 -0.1812246 0.2775271 -0.1645815 0.2990981 0.9013653 -0.3131788 -0.3816389 0.7382688 -0.5561573 0.3646415 0.8646513 -0.3455643 -0.4897055 0.7499344 -0.4447324
0.1034077 0.3188440 -0.1142108 -0.1329149 0.2478391 -0.1810178 0.1394785 0.3820450 -0.1415858 -0.1854122 0.2804538 -0.1582509 0.2920159 0.9003919 -0.3225230 -0.3974112 0.7410307 -0.5412373 0.3238794 0.8871363 -0.3287725 -0.4989767 0.7547501 -0.4258808
0.0975769 0.3117004 -0.1186253 -0.1405807 0.2475430 -0.1768751 0.1277752 0.3754945 -0.1413975 -0.1932607 0.2792443 -0.1532554 0.2808037 0.8970015 -0.3413760 -0.4194565 0.7386045 -0.5277495 0.3034400 0.8917226 -0.3357901 -0.5187121 0.7494925 -0.4113378
0.0973768 0.3094694 -0.1194796 -0.1423275 0.2497045 -0.1765647 0.1265705 0.3745406 -0.1408585 -0.1946333 0.2821725 -0.1531562 0.2816560 0.8951199 -0.3455869 -0.4219367 0.7402606 -0.5234345 0.3015792 0.8924164 -0.3356231 -0.5184046 0.7515646 -0.4079306
0.0977840 0.3007895 -0.1270494 -0.1403024 0.2500420 -0.1787165 0.1255279 0.3683003 -0.1446922 -0.1922769 0.2830338 -0.1553021 0.2868843 0.8824732 -0.3727446 -0.4152751 0.7400889 -0.5289755 0.3023775 0.8871791 -0.3485414 -0.5116983 0.7532257 -0.4132988
0.1289889 0.3122918 -0.1310585 -0.1276137 0.2491968 -0.1868698 0.1475961 0.3754869 -0.1436999 -0.1802207 0.2830296 -0.1662320 0.3559204 0.8617098 -0.3616309 -0.3791173 0.7403185 -0.5551563 0.3446244 0.8767301 -0.3355271 -0.4812849 0.7558392 -0.4439278
0.1643845 0.3319445 -0.1375463 -0.1208329 0.2485901 -0.1905463 0.1814650 0.3919590 -0.1621660 -0.1733504 0.2831701 -0.1709456 0.4160255 0.8400875 -0.3481031 -0.3599255 0.7404764 -0.5675812 0.3933205 0.8495607 -0.3514906 -0.4641977 0.7582729 -0.4577583
0.1720134 0.3273600 -0.1374041 -0.1167638 0.2404235 -0.1931050 0.1850943 0.3890013 -0.1604005 -0.1700222 0.2731397 -0.1723387 0.4360250 0.8298023 -0.3482962 -0.3541116 0.7291361 -0.5856326 0.4026548 0.8462346 -0.3489357 -0.4658345 0.7483603 -0.4721812
0.1909389 0.3243273 -0.1457415 -0.1167393 0.2378938 -0.1941722 0.2401758 0.3661373 -0.1638311 -0.1703814 0.2698718 -0.1732439 0.4730990 0.8036020 -0.3611110 -0.3553510 0.7241413 -0.5910542 0.5137152 0.7831361 -0.3504205 -0.4691833 0.7431522 -0.4770658
0.2061666 0.3181702 -0.1545607 -0.1161734 0.2366411 -0.1942855 0.2407259 0.3743634 -0.1667064 -0.1699969 0.2682180 -0.1732144 0.5035558 0.7771214 -0.3775101 -0.3547512 0.7226159 -0.5932772 0.5064963 0.7876746 -0.3507565 -0.4699650 0.7415024 -0.4788602
0.2125903 0.3136828 -0.1607288 -0.1167410 0.2355243 -0.1943421 0.2260283 0.3780399 -0.1740360 -0.1707413 0.2667115 -0.1731429 0.5164811 0.7620818 -0.3904851 -0.3571064 0.7204600 -0.5944850 0.4772615 0.7982359 -0.3674791 -0.4730672 0.7389689 -0.4797212
0.2200575 0.3135883 -0.1643433 -0.1142372 0.2356567 -0.1972041 0.2538113 0.3695142 -0.1795886 -0.1682875 0.2666217 -0.1758074 0.5278941 0.7522642 -0.3942416 -0.3484629 0.7188342 -0.6015405 0.5255749 0.7651644 -0.3718797 -0.4661792 0.7385783 -0.4870104
0.2312105 0.3075540 -0.1714518 -0.1139101 0.2351095 -0.1978826 0.2342560 0.3732041 -0.1848747 -0.1680270 0.2658575 -0.1763420 0.5488802 0.7301152 -0.4070165 -0.3475687 0.7173793 -0.6037905 0.4902343 0.7810150 -0.3868927 -0.4660055 0.7373282 -0.4890664
0.2451056 0.3021876 -0.1737294 -0.1118972 0.2346948 -0.1989076 0.2426113 0.3672017 -0.1900475 -0.1660524 0.2652894 -0.1772446 0.5752068 0.7091652 -0.4077031 -0.3418133 0.7169241 -0.6076047 0.5060827 0.7659759 -0.3964355 -0.4616710 0.7375768 -0.4927884
0.2515102 0.2905030 -0.1801869 -0.1122256 0.2339584 -0.1995562 0.2824584 0.3498788 -0.1841892 -0.1665510 0.2642934 -0.1779539 0.5926232 0.6845003 -0.4245669 -0.3428374 0.7147183 -0.6096231 0.5812793 0.7200256 -0.3790482 -0.4632537 0.7351193 -0.4949703
0.2539645 0.2869997 -0.1807297 -0.1120783 0.2336149 -0.2002340 0.2906972 0.3426518 -0.1879951 -0.1665429 0.2637579 -0.1787137 0.5993830 0.6773497 -0.4265412 -0.3422641 0.7134115 -0.6114731 0.5968031 0.7034662 -0.3859551 -0.4632570 0.7336710 -0.4971115
0.1295092 0.2902957 -0.2895334 -0.0621864 0.2303979 0.0558295 0.1598959 0.3428539 -0.3180549 -0.0982187 0.2594888 0.1026644 0.3012056 0.6751540 -0.6733812 -0.2537326 0.9400687 0.2277952 0.3235179 0.6936974 -0.6435216 -0.3319994 0.8771253 0.3470268
0.1274465 0.2878910 -0.2911739 -0.0585086 0.2300430 0.0552172 0.1579188 0.3411174 -0.3183318 -0.0945690 0.2591340 0.1020304 0.2971871 0.6713208 -0.6789759 -0.2400798 0.9439416 0.2265742 0.3205955 0.6925125 -0.6462546 -0.3215370 0.8810620 0.3469060
0.1251041 0.2865768 -0.2911758 -0.0571744 0.2306925 0.0549777 0.1577414 0.3405693 -0.3139514 -0.0932615 0.2597835 0.1017707 0.2927978 0.6707142 -0.6814778 -0.2343716 0.9456637 0.2253666 0.3223678 0.6960035 -0.6416059 -0.3170207 0.8830738 0.3459458
0.1144350 0.2897888 -0.2854835 -0.0568715 0.2311680 0.0551178 0.1615251 0.3298317 -0.3115256 -0.0929544 0.2602591 0.1019140 0.2708009 0.6857610 -0.6755729 -0.2327380 0.9460206 0.2255616 0.3354007 0.6848828 -0.6468709 -0.3155774 0.8835714 0.3459950
0.1015576 0.2926157 -0.2755969 -0.0543422 0.2313026 0.0552628 0.1433528 0.3437840 -0.2871732 -0.0905073 0.2603937 0.1019957 0.2449544 0.7057817 -0.6647327 -0.2227666 0.9481849 0.2265404 0.3047949 0.7309494 -0.6105842 -0.3079128 0.8858795 0.3469975
0.0856982 0.2962559 -0.2614037 -0.0508838 0.2313033 0.0538675 0.1241945 0.3490821 -0.2764542 -0.0871948 0.2603945 0.1004872 0.2119765 0.7327959 -0.6465881 -0.2094992 0.9523246 0.2217837 0.2686522 0.7551195 -0.5980138 -0.2981895 0.8904997 0.3436470
0.0703208 0.2991377 -0.2471874 -0.0531112 0.2309220 0.0562575 0.1076751 0.3509026 -0.2677814 -0.0894340 0.2600132 0.1028679 0.1783104 0.7585148 -0.6267860 -0.2180819 0.9481976 0.2310012 0.2369875 0.7723188 -0.5893731 -0.3046361 0.8856747 0.3503958
