0.0372550 0.2837307 -0.1273846 0.1924407 0.1937965 0.0262475 0.0267123 0.3424627 -0.1535077 0.2624500 0.1983370 0.0544837 0.1189352 0.9057998 -0.4066707 0.7013886 0.7063302 0.0956642 0.0709975 0.9102165 -0.4080015 0.7870847 0.5948105 0.1633959
0.0406911 0.2880305 -0.1269520 0.1973984 0.1959699 0.0335627 0.0306408 0.3467623 -0.1532685 0.2668654 0.2005105 0.0631081 0.1282068 0.9075072 -0.3999920 0.7045597 0.6994607 0.1197928 0.0805571 0.9116672 -0.4029559 0.7855638 0.5902366 0.1857694
0.0388821 0.2904593 -0.1263339 0.2018378 0.1959188 0.0365242 0.0288766 0.3491908 -0.1526674 0.2712551 0.2004593 0.0661886 0.1218410 0.9101834 -0.3958800 0.7115763 0.6907088 0.1287656 0.0755540 0.9136382 -0.3994458 0.7891722 0.5832033 0.1925648
0.0360580 0.2877269 -0.1262587 0.2011434 0.1918142 0.0356918 0.0260665 0.3464583 -0.1525976 0.2705447 0.1963547 0.0653935 0.1140092 0.9097440 -0.3992089 0.7177961 0.6845041 0.1273691 0.0686915 0.9130014 -0.4021316 0.7942579 0.5764528 0.1919806
0.0423251 0.2812548 -0.1259971 0.1867463 0.1872110 0.0167891 0.0332499 0.3399859 -0.1526645 0.2550798 0.1917516 0.0488691 0.1360586 0.9041229 -0.4050308 0.7048082 0.7065623 0.0633644 0.0888633 0.9086427 -0.4080095 0.7901238 0.5939614 0.1513746
0.0458910 0.2554327 -0.1341645 0.1474597 0.2132388 -0.0387026 0.0380979 0.3141635 -0.1612344 0.2141855 0.2177793 -0.0034000 0.1570798 0.8743187 -0.4592306 0.5625405 0.8134795 -0.1476455 0.1072663 0.8845407 -0.4539622 0.7011561 0.7129209 -0.0111303
0.0615745 0.2210158 -0.1398847 0.1123808 0.1878817 -0.1412117 0.0539352 0.2797462 -0.1669983 0.1410318 0.2403860 -0.1601709 0.2291452 0.8224950 -0.5205712 0.4313743 0.7211846 -0.5420415 0.1633235 0.8471116 -0.5056949 0.4387364 0.7478177 -0.4982761
0.1355330 0.1615063 -0.1301308 0.1311239 0.1609572 -0.1375664 0.1888643 0.2026882 -0.1117757 0.1823926 0.1437641 -0.0944649 0.5470225 0.6518526 -0.5252185 0.5264991 0.6462884 -0.5523677 0.6322014 0.6784752 -0.3741562 0.7274851 0.5734130 -0.3767797
0.0167369 0.1550168 -0.1936345 0.1239323 0.1791836 -0.0195040 0.0669317 0.1949192 -0.2149562 0.1938537 0.1707721 -0.0259765 0.0673233 0.6235455 -0.7788829 0.5665784 0.8191693 -0.0891662 0.2247604 0.6545502 -0.7218357 0.7466015 0.6577060 -0.1000450
0.0107662 0.1423723 -0.1972231 0.1213762 0.1777437 -0.0159349 -0.0267671 0.1903539 -0.2202796 0.1913087 0.1693325 -0.0222864 0.0442181 0.5847381 -0.8100161 0.5623918 0.8235679 -0.0738339 -0.0915555 0.6510949 -0.7534541 0.7459737 0.6602812 -0.0869019
0.0009994 0.1121004 -0.2079448 0.1107405 0.1690789 -0.0077262 -0.0345022 0.1630617 -0.2239116 0.1806928 0.1606679 -0.0138664 0.0042306 0.4745223 -0.8802333 0.5475041 0.8359307 -0.0381986 -0.1236043 0.5841694 -0.8021646 0.7460767 0.6633940 -0.0572539
0.0206351 0.1073543 -0.2221800 0.1098065 0.1696592 -0.0067664 0.0150353 0.1405550 -0.2779378 0.1797411 0.1612481 -0.0130949 0.0833345 0.4335480 -0.8972689 0.5430411 0.8390391 -0.0334628 0.0482180 0.4507580 -0.8913429 0.7432695 0.6667970 -0.0541504
0.0327491 0.0875696 -0.2485484 0.1156690 0.1763288 -0.0135435 0.0003748 0.1120270 -0.2842737 0.1855727 0.1679175 -0.0202049 0.1233251 0.3297660 -0.9359729 0.5473739 0.8344304 -0.0640909 0.0012265 0.3666385 -0.9303627 0.7390943 0.6687779 -0.0804717
0.0465505 0.0812138 -0.2741654 0.1170885 0.1786590 -0.0160103 0.0541009 0.0923063 -0.3379027 0.1869536 0.1702473 -0.0230641 0.1606820 0.2803322 -0.9463589 0.5466111 0.8340443 -0.0747417 0.1526391 0.2604307 -0.9533505 0.7363132 0.6705158 -0.0908376
0.0405553 0.0568700 -0.2793342 0.1186641 0.1801933 -0.0166831 0.0347725 0.0802306 -0.3398589 0.1885122 0.1717814 -0.0239020 0.1408487 0.1975099 -0.9701296 0.5483545 0.8326848 -0.0770936 0.0990875 0.2286243 -0.9684589 0.7359212 0.6706067 -0.0933094
0.0500237 0.0099790 -0.2790755 0.1197415 0.1828133 -0.0189261 0.0207317 0.0392284 -0.3151117 0.1895316 0.1744010 -0.0266853 0.1763267 0.0351747 -0.9837030 0.5458783 0.8334102 -0.0862803 0.0651491 0.1232743 -0.9902318 0.7319511 0.6735185 -0.1030557
0.0544239 0.0088261 -0.2829546 0.1236419 0.1885964 -0.0261191 0.0440402 0.0344234 -0.3419409 0.1933945 0.1801838 -0.0342081 0.1887907 0.0306170 -0.9815400 0.5446297 0.8307476 -0.1150520 0.1271076 0.0993519 -0.9869006 0.7256034 0.6760376 -0.1283465
0.0637173 0.0009812 -0.2707788 0.0516243 0.0149470 -0.2582858 0.0529578 0.0208981 -0.3318518 0.1248798 0.0194875 -0.2765128 0.2290538 0.0035272 -0.9734074 0.1956815 0.0566565 -0.9790295 0.1572849 0.0620675 -0.9856009 0.4107486 0.0640974 -0.9094928
0.0614543 0.0026524 -0.2752144 0.0531197 0.0185176 -0.2533229 0.0493595 0.0189132 -0.3371145 0.1262885 0.0230581 -0.2718950 0.2179193 0.0094056 -0.9759215 0.2047051 0.0713603 -0.9762190 0.1446502 0.0554260 -0.9879293 0.4200122 0.0766869 -0.9042726
0.0581945 0.0018140 -0.2784432 0.0534365 0.0190006 -0.2516423 0.0467387 0.0196362 -0.3400329 0.0337540 0.0027515 -0.3115654 0.2045752 0.0063768 -0.9788301 0.2071551 0.0736589 -0.9755312 0.1359507 0.0571166 -0.9890678 0.1077025 0.0087796 -0.9941444
0.0569048 0.0041935 -0.2780800 0.0521403 0.0215013 -0.2482184 0.0448176 0.0217314 -0.3396301 0.0330882 0.0057316 -0.3084714 0.2004582 0.0147725 -0.9795909 0.2048369 0.0844697 -0.9751445 0.1305633 0.0633084 -0.9894166 0.1066351 0.0184717 -0.9941266
0.0565474 0.0054731 -0.2794712 0.0532264 0.0203938 -0.2446858 0.0425586 0.0209864 -0.3411608 0.0332484 0.0062376 -0.3050383 0.1982817 0.0191913 -0.9799572 0.2118572 0.0811735 -0.9739237 0.1235570 0.0609282 -0.9904652 0.1083332 0.0203239 -0.9939069
0.0540572 0.0149299 -0.2833488 0.0563474 0.0331917 -0.2298326 0.0404028 0.0275631 -0.3457657 0.0304948 0.0129354 -0.3055647 0.1871494 0.0516881 -0.9809707 0.2358072 0.1389033 -0.9618216 0.1156984 0.0789305 -0.9901434 0.0992167 0.0420862 -0.9941754
0.0512028 0.0536160 -0.2794248 0.0831847 0.0779737 -0.1894955 0.0377488 0.0553925 -0.3431256 0.0501122 0.0756265 -0.2711378 0.1771155 0.1854629 -0.9665576 0.3761428 0.3525797 -0.8568571 0.1079735 0.1584399 -0.9814472 0.1752709 0.2645086 -0.9483224
0.0315977 0.0502351 -0.2639101 0.0888837 0.0820346 -0.1844330 0.0151818 0.0630734 -0.3256172 0.0550643 0.0797280 -0.2657706 0.1168119 0.1857116 -0.9756363 0.4029962 0.3719424 -0.8362135 0.0457260 0.1899703 -0.9807244 0.1946542 0.2818411 -0.9395080
0.0246321 0.0716830 -0.2647585 0.0432428 0.0961747 -0.2127381 0.0073840 0.1043739 -0.3183850 0.0165905 0.1072258 -0.2959987 0.0894427 0.2602919 -0.9613783 0.1821222 0.4050510 -0.8959716 0.0220328 0.3114356 -0.9500118 0.0526252 0.3401203 -0.9389083
0.0297668 0.1193478 -0.2550083 0.0096717 0.1006258 -0.2535682 0.0224401 0.1381063 -0.3169475 0.0114766 0.1201174 -0.2928512 0.1051371 0.4215388 -0.9006949 0.0354306 0.3686251 -0.9289027 0.0647701 0.3986245 -0.9148242 0.0362340 0.3792352 -0.9245906
0.0204584 0.1242311 -0.2461450 0.0109168 0.1089076 -0.2487963 0.0207230 0.1816616 -0.2768650 -0.0002699 0.1567921 -0.2711224 0.0739967 0.4493368 -0.8902926 0.0401636 0.4006782 -0.9153381 0.0624581 0.5475198 -0.8344585 -0.0008618 0.5006211 -0.8656661
0.0083840 0.1282176 -0.2221238 -0.0018727 0.1644973 -0.2081945 0.0238397 0.1847539 -0.2505286 -0.0194425 0.2220078 -0.2332124 0.0326719 0.4996581 -0.8656063 -0.0070575 0.6199382 -0.7846189 0.0763612 0.5917865 -0.8024697 -0.0602732 0.6882400 -0.7229750
0.0090765 0.1375828 -0.2107371 -0.0027465 0.1696948 -0.2025217 0.0212525 0.2010860 -0.2185525 -0.0217220 0.2306875 -0.1898019 0.0360414 0.5463185 -0.8368017 -0.0103942 0.6422175 -0.7664520 0.0713782 0.6753618 -0.7340243 -0.0725221 0.7701860 -0.6336829
-0.0039824 0.1733374 -0.1733901 0.0116314 0.2191302 -0.1905390 -0.0425396 0.2258169 -0.1744478 -0.0058938 0.2816251 -0.1959383 -0.0162409 0.7069061 -0.7071209 0.0400230 0.7540164 -0.6556352 -0.1474486 0.7827151 -0.6046619 -0.0171766 0.8207497 -0.5710297
-0.0425105 0.2362604 -0.1335766 0.0142567 0.2345445 -0.1787502 -0.0810623 0.2887395 -0.1348145 -0.0030637 0.2973238 -0.1795258 -0.1547434 0.8600172 -0.4862354 0.0482887 0.7944227 -0.6054427 -0.2465318 0.8781326 -0.4100063 -0.0088206 0.8560189 -0.5168692
0.0352748 0.2455693 -0.1350142 0.0810828 0.2102015 -0.3103918 0.0035438 0.2980480 -0.1569442 0.0644604 0.2724544 -0.3198817 0.1248891 0.8694289 -0.4780127 0.2114070 0.5480577 -0.8092835 0.0105201 0.8847753 -0.4658992 0.1516355 0.6409169 -0.7524840
0.0464563 0.2788455 -0.1283334 0.0402455 0.1980229 -0.1368271 0.0169073 0.3313239 -0.1531252 0.0245799 0.2602754 -0.1478249 0.1496392 0.8981826 -0.4133716 0.1649152 0.8114436 -0.5606801 0.0462721 0.9067717 -0.4190751 0.0818423 0.8666239 -0.4922041
0.0457902 0.2826643 -0.1277817 -0.0663695 0.2557708 -0.1379727 0.0162865 0.3351425 -0.1526275 -0.0820149 0.3180229 -0.1489992 0.1460301 0.9014490 -0.4075106 -0.2226462 0.8580204 -0.4628496 0.0441824 0.9091809 -0.4140507 -0.2274109 0.8818137 -0.4131450
0.0611809 0.2851721 -0.1253052 -0.0891718 0.2548344 -0.1262399 0.0338985 0.3376498 -0.1525701 -0.1038224 0.3170858 -0.1385574 0.1927325 0.8983520 -0.3947377 -0.2991926 0.8550302 -0.4235648 0.0911084 0.9074964 -0.4100603 -0.2873767 0.8776820 -0.3835218
0.0619265 0.2850056 -0.1256933 -0.1169713 0.2938793 -0.1158445 0.0346250 0.3374829 -0.1529389 -0.1316306 0.3561304 -0.1281517 0.1949903 0.8974079 -0.3957751 -0.3472514 0.8724362 -0.3439062 0.0930443 0.9068848 -0.4109778 -0.3284833 0.8887213 -0.3198018
0.0615368 0.2820140 -0.1261591 -0.1100236 0.2688927 -0.1135479 0.0340262 0.3344909 -0.1531923 -0.1247768 0.3311433 -0.1257408 0.1953451 0.8952384 -0.4004854 -0.3527165 0.8620234 -0.3640148 0.0920941 0.9053205 -0.4146246 -0.3322530 0.8817616 -0.3348199
0.0569204 0.2671635 -0.1252530 -0.0963142 0.2416037 -0.1318952 0.0295411 0.3196400 -0.1524191 -0.1110088 0.3038539 -0.1441602 0.1894143 0.8890419 -0.4168053 -0.3302672 0.8284740 -0.4522769 0.0831323 0.8995062 -0.4289260 -0.3134388 0.8579463 -0.4070432
0.0879303 0.1994366 -0.1270015 0.0354167 0.1367675 -0.1217894 0.0721227 0.2610248 -0.1410888 0.0207796 0.1990177 -0.1341229 0.3485675 0.7905935 -0.5034507 0.1898743 0.7332315 -0.6529313 0.2361930 0.8548241 -0.4620483 0.0862610 0.8261711 -0.5567768
0.1010941 0.1831823 -0.1261491 0.0357267 0.1299855 -0.1215713 0.0792604 0.2412971 -0.1458303 0.0210193 0.1922357 -0.1338210 0.4137875 0.7497820 -0.5163399 0.1968114 0.7160653 -0.6697132 0.2706331 0.8239045 -0.4979348 0.0893796 0.8174366 -0.5690420
0.1130917 0.1617463 -0.1306555 0.0304577 0.1257232 -0.1225839 0.0986691 0.2211345 -0.1531598 0.0493720 0.1951640 -0.1734164 0.4778040 0.6833659 -0.5520094 0.1709038 0.7054556 -0.6878403 0.3443700 0.7717932 -0.5345508 0.1858143 0.7345103 -0.6526619
0.1191137 0.1373908 -0.1406882 0.0205787 0.1173668 -0.1231615 0.1583319 0.1889415 -0.1474599 0.0976409 0.1947509 -0.1687511 0.5180938 0.5975916 -0.6119339 0.1200847 0.6848793 -0.7186933 0.5511999 0.6577608 -0.5133512 0.3543241 0.7067214 -0.6123719
0.1452816 0.1308355 -0.1504577 0.0263993 0.0974746 -0.1734254 0.1841426 0.1765212 -0.1758343 0.1577964 0.1783042 -0.2406094 0.5888937 0.5303369 -0.6098746 0.1315456 0.4857088 -0.8641659 0.5943613 0.5697615 -0.5675443 0.4661581 0.5267417 -0.7108022
0.1778765 0.1107803 -0.1569306 0.0456107 0.0871874 -0.1818811 0.2070647 0.1649492 -0.1782638 0.1866874 0.1668943 -0.2532404 0.6794351 0.4231477 -0.5994280 0.2205638 0.4216201 -0.8795386 0.6487836 0.5168258 -0.5585436 0.5241948 0.4686183 -0.7110673
0.1945550 0.0758513 -0.1603700 0.0435520 0.0794117 -0.1816871 0.2541721 0.1278768 -0.1991346 0.2110645 0.1581002 -0.2582456 0.7389274 0.2880864 -0.6090915 0.2145310 0.3911709 -0.8949647 0.7318722 0.3682131 -0.5733953 0.5718359 0.4283400 -0.6996631
0.2371479 0.0718167 -0.1900363 0.0453641 0.0576010 -0.1395861 0.2589696 0.1259538 -0.2189201 0.0947314 0.0827481 -0.2080990 0.7594400 0.2299849 -0.6085703 0.2877142 0.3653244 -0.8853014 0.7159003 0.3481890 -0.6051869 0.3895856 0.3403038 -0.8558133
0.2380243 0.0663581 -0.1912318 0.0453870 0.0486879 -0.1462619 0.2861737 0.0850538 -0.2308973 0.1062047 0.0641813 -0.2081048 0.7617857 0.2123760 -0.6120286 0.2824411 0.3029827 -0.9101805 0.7582440 0.2253580 -0.6117841 0.4383303 0.2648904 -0.8588945
0.2435972 0.0318465 -0.1786488 0.0445859 0.0344884 -0.1492399 0.2668357 0.0681632 -0.2274574 0.2377243 0.0629793 -0.2173606 0.8019439 0.1048416 -0.5881277 0.2794824 0.2161871 -0.9354960 0.7470423 0.1908319 -0.6367974 0.7242952 0.1918844 -0.6622514
0.2444060 0.0344315 -0.1808507 0.0440195 0.0382539 -0.1295135 0.2674696 0.0504538 -0.2396096 0.0848824 0.0497854 -0.2067186 0.7987516 0.1125268 -0.5910446 0.3099134 0.2693211 -0.9118222 0.7375888 0.1391341 -0.6607605 0.3707531 0.2174548 -0.9029150
0.2451852 0.0401542 -0.1815395 0.0427313 0.0101797 -0.1670064 0.2815205 0.0248087 -0.2333606 0.0473416 0.0560578 -0.2129967 0.7968091 0.1304941 -0.5899716 0.2474497 0.0589491 -0.9671058 0.7681204 0.0676899 -0.6367175 0.2101450 0.2488357 -0.9454734
0.2459862 0.0516631 -0.1825369 0.0196470 0.0447171 -0.1402335 0.2778591 0.0333851 -0.2363063 0.0224229 0.0848172 -0.1914722 0.7918657 0.1663113 -0.5876132 0.1323065 0.3011335 -0.9443589 0.7585979 0.0911465 -0.6451524 0.1064645 0.4027138 -0.9091133
0.2462263 0.0520567 -0.1818674 0.0204290 0.0476613 -0.1338501 0.2752067 0.0308786 -0.2362065 0.0221892 0.0890160 -0.1841275 0.7929879 0.1676518 -0.5857158 0.1423191 0.3320331 -0.9324695 0.7560917 0.0848346 -0.6489441 0.1078630 0.4327128 -0.8950560
0.2458405 0.0375039 -0.1819148 0.0206005 0.0466115 -0.1306329 0.2761938 0.0364545 -0.2395226 0.1048733 0.0374476 -0.1354067 0.7978762 0.1217190 -0.5904049 0.1469145 0.3324144 -0.9316205 0.7517516 0.0992228 -0.6519390 0.5981955 0.2136008 -0.7723579
0.2107392 0.0337793 -0.1787073 0.0209177 0.0456619 -0.1358937 0.2378627 0.0374985 -0.2377963 0.0424840 0.0604412 -0.1955384 0.7570546 0.1213478 -0.6419837 0.1443811 0.3151747 -0.9379867 0.7028509 0.1108027 -0.7026545 0.2032441 0.2891516 -0.9354588
0.2060728 0.0491598 -0.1690930 0.0210616 0.0386330 -0.1380679 0.2413334 0.0497823 -0.2238401 0.2353467 0.0521131 -0.2080277 0.7602396 0.1813595 -0.6238144 0.1453425 0.2666001 -0.9527854 0.7249358 0.1495399 -0.6723882 0.7391514 0.1636711 -0.6533506
0.2389148 0.0691899 -0.1853796 0.0212325 0.0732252 -0.0844892 0.2799743 0.0791861 -0.2349280 0.2075017 0.1310118 -0.1137041 0.7701596 0.2230389 -0.5975850 0.1865719 0.6434371 -0.7424147 0.7486714 0.2117494 -0.6282144 0.7672122 0.4844001 -0.4204070
0.1861579 0.0669000 -0.1743765 0.0411043 0.0834777 -0.1786525 0.2184351 0.1044462 -0.2166769 0.1058841 0.0800349 -0.1843586 0.7059464 0.2536977 -0.6612693 0.2040608 0.4144215 -0.8869126 0.6722774 0.3214539 -0.6668661 0.4661057 0.3523165 -0.8115532
0.2045637 0.1180029 -0.1585455 0.0415280 0.0816718 -0.1782235 0.2591649 0.1487791 -0.1553950 0.1063129 0.0782291 -0.1838648 0.7191737 0.4148563 -0.5573898 0.2072298 0.4075523 -0.8893576 0.7694410 0.4417138 -0.4613561 0.4697104 0.3456308 -0.8123494
0.0426517 0.1429197 -0.2363111 0.0168041 0.0906556 -0.1583406 0.0434563 0.1792551 -0.2903470 0.0637800 0.0872129 -0.2033095 0.1526313 0.5114458 -0.8456518 0.0917112 0.4947689 -0.8641718 0.1263337 0.5211208 -0.8440811 0.2770197 0.3787974 -0.8830474
0.0295794 0.1387330 -0.2191615 0.0054419 0.1380569 -0.1454020 0.0302262 0.1893543 -0.2313666 0.0524462 0.1346142 -0.1903415 0.1133039 0.5314172 -0.8394987 0.0271311 0.6882995 -0.7249191 0.1005869 0.6301345 -0.7699433 0.2194779 0.5633357 -0.7965440
0.0256868 0.1491014 -0.2041633 0.0451723 0.1466658 -0.1389361 0.0147854 0.2131164 -0.2090713 0.0924350 0.1432230 -0.1836040 0.1010838 0.5867512 -0.8034333 0.2182093 0.7084840 -0.6711447 0.0494640 0.7129753 -0.6994423 0.3689513 0.5716700 -0.7328495
0.0129004 0.1735872 -0.1703061 -0.0170777 0.0859299 -0.1642937 -0.0231478 0.2259427 -0.1844613 0.0305937 0.0824871 -0.2085254 0.0529741 0.7128185 -0.6993451 -0.0917204 0.4615087 -0.8823815 -0.0791120 0.7722026 -0.6304320 0.1351762 0.3644633 -0.9213544
-0.0334122 0.2301808 -0.1306443 -0.0266245 0.1256423 -0.1553841 -0.0727043 0.2820730 -0.1327110 0.0215041 0.1221996 -0.1991192 -0.1252462 0.8628359 -0.4897220 -0.1320715 0.6232524 -0.7707876 -0.2271307 0.8812058 -0.4145937 0.0916573 0.5208542 -0.8487107
0.0340583 0.2297395 -0.1318269 0.1105186 0.1340356 -0.3649360 0.0005502 0.2816318 -0.1524509 0.1737099 0.1305929 -0.3802954 0.1275326 0.8602694 -0.4936315 0.2734419 0.3316269 -0.9029137 0.0017181 0.8794210 -0.4760418 0.3965873 0.2981494 -0.8682312
0.0411046 0.2384214 -0.1317353 0.1294244 0.1401362 -0.3595282 0.0084767 0.2903136 -0.1537252 0.1931959 0.1366934 -0.3722654 0.1492114 0.8654801 -0.4782051 0.3179957 0.3443145 -0.8833608 0.0257954 0.8834563 -0.4678029 0.4379618 0.3098744 -0.8439000
0.0361281 0.2534055 -0.1304627 0.1264923 0.1507075 -0.3580603 0.0033680 0.3052976 -0.1522551 0.1901857 0.1472648 -0.3711822 0.1257515 0.8820304 -0.4541023 0.3096062 0.3688761 -0.8763986 0.0098718 0.8948448 -0.4462683 0.4299876 0.3329486 -0.8391996
0.0416464 0.2653421 -0.1319900 0.1344111 0.1624330 -0.3581410 0.0091345 0.3172342 -0.1541511 0.1982487 0.1589902 -0.3705428 0.1391601 0.8866327 -0.4410408 0.3234217 0.3908483 -0.8617633 0.0258897 0.8991332 -0.4369087 0.4412259 0.3538516 -0.8246870
0.0471202 0.2718199 -0.1360233 0.1411291 0.1654500 -0.3569051 0.0148910 0.3237118 -0.1585935 0.2051188 0.1620073 -0.3684983 0.1531939 0.8837221 -0.4422294 0.3376793 0.3958720 -0.8539661 0.0412743 0.8972528 -0.4395837 0.4540171 0.3585926 -0.8156469
0.0490152 0.2716781 -0.1357916 0.1454952 0.1656641 -0.3559128 0.0171059 0.3235697 -0.1588119 0.2096405 0.1622213 -0.3666076 0.1593192 0.8830644 -0.4413781 0.3475149 0.3956881 -0.8500966 0.0474046 0.8966928 -0.4401076 0.4633961 0.3585791 -0.8103611
0.0674232 0.2601223 -0.1295574 0.1907487 0.1532279 -0.3363722 0.0388673 0.3120139 -0.1566258 0.2557476 0.1497851 -0.3384199 0.2260099 0.8719583 -0.4342905 0.4585913 0.3683851 -0.8086943 0.1106460 0.8882295 -0.4458764 0.5685100 0.3329623 -0.7522849
0.0614283 0.2566966 -0.1300087 0.2389069 0.1672825 -0.2925298 0.0332312 0.3085881 -0.1574506 0.3039266 0.1638398 -0.2937225 0.2087795 0.8724475 -0.4418671 0.5783576 0.4049656 -0.7081705 0.0954849 0.8866829 -0.4524114 0.6704644 0.3614318 -0.6479542
