0.2653781 0.2185860 0.0293230 0.2820678 0.2311718 0.0241730 0.3176764 0.2642062 0.0142446 0.3381793 0.2727005 0.0111134 0.7690819 0.6334756 0.0849798 0.7717408 0.6324887 0.0661376 0.7683883 0.6390558 0.0344545 0.7781863 0.6275126 0.0255731
0.2590008 0.2188450 0.0304060 0.2275285 0.2395592 0.0426907 0.2684471 0.2802785 -0.0098018 0.2609226 0.2775172 -0.0105469 0.7607837 0.6428306 0.0893140 0.6829876 0.7191009 0.1281475 0.6914792 0.7219551 -0.0252480 0.6847263 0.7282746 -0.0276777
0.2235985 0.2413096 0.0305279 0.2108382 0.2432052 0.0514752 0.2630247 0.2879886 -0.0056677 0.2484149 0.2871406 -0.0101696 0.6767683 0.7303746 0.0923992 0.6468185 0.7461152 0.1579177 0.6743080 0.7383072 -0.0145301 0.6540336 0.7559915 -0.0267747
0.2086622 0.2827727 0.0205804 0.2010449 0.2716225 0.0198731 0.2530174 0.3224682 -0.0181543 0.2197831 0.3208667 -0.0277438 0.5927428 0.8032671 0.0584622 0.5939015 0.8023930 0.0587066 0.6166882 0.7859630 -0.0442481 0.5636766 0.8229251 -0.0711543
0.1795464 0.3122323 -0.0219172 0.1890540 0.2604690 0.0185441 0.2167407 0.3603981 -0.0585260 0.1987871 0.3170448 -0.0232649 0.4975776 0.8652903 -0.0607391 0.5864307 0.8079544 0.0575222 0.5104536 0.8487863 -0.1378367 0.5301933 0.8456032 -0.0620507
0.1282210 0.2924917 -0.1261002 0.1298059 0.2315147 -0.0253084 0.1045253 0.3461868 -0.1660859 0.1328914 0.2896734 -0.1017271 0.3734346 0.8518616 -0.3672580 0.4868474 0.8683142 -0.0949212 0.2626667 0.8699496 -0.4173654 0.3972324 0.8658772 -0.3040775
0.1191362 0.2718224 -0.1322893 0.1359023 0.2099773 -0.0313220 0.1745233 0.3386251 -0.1204895 0.1307963 0.2699358 -0.1062273 0.3666486 0.8365497 -0.4071282 0.5391378 0.8330009 -0.1242574 0.4367957 0.8475086 -0.3015604 0.4110383 0.8482960 -0.3338284
0.0947531 0.2461613 -0.1374305 0.0938539 0.2226368 -0.1204825 0.1416431 0.3051385 -0.1269781 0.0868306 0.2864313 -0.1919860 0.3185798 0.8276460 -0.4620704 0.3476267 0.8246275 -0.4462568 0.3939158 0.8486037 -0.3531318 0.2441905 0.8055201 -0.5399151
0.1246432 0.1698306 -0.1231211 0.0502072 0.2525290 -0.1489580 0.1832817 0.2043060 -0.1086018 0.0421874 0.3163235 -0.2203566 0.5108279 0.6960202 -0.5045896 0.1687887 0.8489622 -0.5007730 0.6209284 0.6921553 -0.3679251 0.1087835 0.8156641 -0.5682062
0.1240267 0.1658765 -0.1252192 0.0499329 0.2515609 -0.1504403 0.1832922 0.1995987 -0.1115010 0.0414186 0.3153555 -0.2217817 0.5124479 0.6853612 -0.5173753 0.1679343 0.8460503 -0.5059614 0.6255009 0.6811483 -0.3805071 0.1068173 0.8132914 -0.5719677
0.1272150 0.1618800 -0.1269809 0.0488068 0.2450240 -0.1519964 0.1867097 0.1952901 -0.1134944 0.0400477 0.3088185 -0.2233089 0.5259111 0.6692174 -0.5249433 0.1668946 0.8378578 -0.5197504 0.6371206 0.6663999 -0.3872836 0.1045095 0.8059012 -0.5827529
0.1267684 0.1595535 -0.1276443 0.0484864 0.2452228 -0.1520611 0.1867506 0.1922370 -0.1145429 0.0396350 0.3090175 -0.2233622 0.5271930 0.6635369 -0.5308356 0.1657156 0.8381164 -0.5197107 0.6407344 0.6595579 -0.3929923 0.1033925 0.8061079 -0.5826663
0.1272984 0.1585818 -0.1280402 0.0483989 0.2444518 -0.1528443 0.1874611 0.1910214 -0.1151628 0.0394253 0.3082465 -0.2241302 0.5297327 0.6599139 -0.5328198 0.1655590 0.8362006 -0.5228372 0.6433902 0.6556096 -0.3952533 0.1028977 0.8045042 -0.5849659
0.1273599 0.1568586 -0.1281782 0.0490250 0.2444769 -0.1529353 0.1878101 0.1888487 -0.1155257 0.0399858 0.3082716 -0.2242121 0.5322636 0.6555448 -0.5356832 0.1676017 0.8357922 -0.5228394 0.6469189 0.6504964 -0.3979326 0.1043261 0.8043048 -0.5849871
0.1336416 0.1515404 -0.1306696 0.0581236 0.2499814 -0.1540018 0.1951796 0.1815027 -0.1183030 0.0494671 0.3137761 -0.2253269 0.5553999 0.6297852 -0.5430484 0.1941930 0.8351963 -0.5145253 0.6693271 0.6224249 -0.4056950 0.1270163 0.8056814 -0.5785709
0.1302313 0.1542765 -0.1284886 0.0679135 0.2570126 -0.1532752 0.1912122 0.1851647 -0.1156492 0.0596481 0.3208074 -0.2246467 0.5441880 0.6446638 -0.5369059 0.2213199 0.8375657 -0.4995009 0.6588715 0.6380333 -0.3984995 0.1505664 0.8097959 -0.5670629
0.1131290 0.2620374 -0.1303164 0.0754184 0.2618148 -0.1507336 0.1693860 0.3279105 -0.1183270 0.0672778 0.3256097 -0.2221187 0.3605613 0.8351574 -0.4153403 0.2422093 0.8408294 -0.4840873 0.4370349 0.8460462 -0.3052971 0.1682550 0.8143178 -0.5554969
0.1266971 0.2626822 -0.1234122 0.0817721 0.2461604 -0.1379466 0.1839185 0.3281692 -0.1079481 0.1446315 0.2786803 -0.1320555 0.4000824 0.8294942 -0.3897093 0.2783380 0.8378869 -0.4695461 0.4699299 0.8385048 -0.2758180 0.4246169 0.8181643 -0.3876954
0.1442500 0.1546177 -0.1353452 0.1523234 0.2331641 -0.1066802 0.2063154 0.1835693 -0.1232212 0.1281951 0.2885845 -0.1439626 0.5745553 0.6158503 -0.5390869 0.5107368 0.7817936 -0.3576963 0.6822546 0.6070365 -0.4074743 0.3693905 0.8315478 -0.4148240
0.1699673 0.2218164 -0.1143899 0.1649685 0.2191717 -0.0904262 0.1592276 0.2743030 -0.1610076 0.1435763 0.2673009 -0.1380634 0.5628906 0.7346024 -0.3788317 0.5711443 0.7588033 -0.3130683 0.4476519 0.7711745 -0.4526562 0.4307012 0.8018510 -0.4141635
0.1909113 0.2117479 -0.1047342 0.1865219 0.2087764 -0.0808072 0.2660200 0.2591707 -0.0816627 0.2305136 0.2710443 -0.0495542 0.6285503 0.6971522 -0.3448236 0.6401122 0.7164858 -0.2773167 0.6995565 0.6815448 -0.2147494 0.6416608 0.7544826 -0.1379397
0.2000991 0.1976377 -0.1210721 0.1966850 0.2117866 -0.1237621 0.1939886 0.2454294 -0.1769842 0.2038488 0.2427407 -0.1872735 0.6534905 0.6454518 -0.3954013 0.6255623 0.6735934 -0.3936289 0.5397103 0.6828278 -0.4924012 0.5536821 0.6593178 -0.5086611
0.2114087 0.1901184 -0.1390559 0.2077338 0.2092891 -0.1270542 0.2270463 0.2365780 -0.1904391 0.2063376 0.2402142 -0.1909678 0.6679481 0.6006812 -0.4393487 0.6469668 0.6518106 -0.3956980 0.5987642 0.6239010 -0.5022240 0.5579815 0.6495912 -0.5164183
0.2294054 0.1812632 -0.1493397 0.2396660 0.1832193 -0.1284085 0.2487568 0.2372401 -0.1885239 0.2654540 0.2125270 -0.1877323 0.6987526 0.5521148 -0.4548780 0.7309817 0.5588193 -0.3916462 0.6345009 0.6051254 -0.4808657 0.6834044 0.5471452 -0.4833120
0.2409041 0.1675294 -0.1488924 0.2488535 0.1776860 -0.1236456 0.2614032 0.2249833 -0.1852541 0.2911676 0.1798874 -0.1812396 0.7321338 0.5091401 -0.4525001 0.7544875 0.5387180 -0.3748753 0.6677054 0.5746775 -0.4731969 0.7518270 0.4644892 -0.4679807
0.2409647 0.1610940 -0.1505400 0.2804903 0.1578390 -0.1531898 0.2955234 0.1740044 -0.1941296 0.3042618 0.1925696 -0.2103919 0.7377630 0.4932225 -0.4609092 0.7869041 0.4428110 -0.4297678 0.7499098 0.4415476 -0.4926165 0.7295731 0.4617525 -0.5044876
0.1924317 0.0831540 -0.1736455 0.2837172 0.1517268 -0.1516721 0.2405630 0.1122461 -0.2170097 0.3196404 0.1650984 -0.2114564 0.7069284 0.3054794 -0.6379143 0.7976356 0.4265610 -0.4264073 0.7016064 0.3273679 -0.6329128 0.7659683 0.3956326 -0.5067223
0.2036877 0.0710444 -0.2038116 0.3063790 0.1271886 -0.1556878 0.2519030 0.1001365 -0.2470820 0.3387985 0.1446887 -0.2164010 0.6863381 0.2393885 -0.6867555 0.8360790 0.3470855 -0.4248571 0.6867847 0.2730107 -0.6736408 0.7929617 0.3386455 -0.5064889
0.2799909 0.0890761 -0.1687539 0.3128836 0.1092048 -0.1554525 0.3736548 0.0870187 -0.1600004 0.3538878 0.1033730 -0.2131418 0.8263406 0.2628914 -0.4980455 0.8547733 0.2983389 -0.4246840 0.8988990 0.2093404 -0.3849120 0.8310065 0.2427426 -0.5005040
0.2792932 0.0464363 0.0058871 0.3415785 0.1030823 0.1102149 0.3241324 0.0263241 0.0550989 0.4122575 0.1069826 0.1045004 0.9862452 0.1639766 0.0207886 0.9147082 0.2760425 0.2951430 0.9827129 0.0798100 0.1670502 0.9400571 0.2439488 0.2382888
0.3240338 0.0780949 0.0726767 0.3430775 0.0912741 0.1092848 0.3833235 0.0665026 0.1448142 0.4135639 0.0833186 0.1058576 0.9498471 0.2289214 0.2130388 0.9236128 0.2457228 0.2942101 0.9233879 0.1601982 0.3488429 0.9508273 0.1915584 0.2433778
0.3211483 0.0778140 0.0757978 0.3423744 0.0723730 0.1094669 0.3793000 0.0660478 0.1488267 0.4133848 0.0714361 0.1095770 0.9472760 0.2295242 0.2235771 0.9337600 0.1973833 0.2985500 0.9189107 0.1600106 0.3605548 0.9534080 0.1647562 0.2527224
0.3074171 0.0745628 0.0770841 0.3286706 0.0575958 0.1077909 0.3638940 0.0613549 0.1511734 0.3993683 0.0542497 0.1136243 0.9441936 0.2290105 0.2367542 0.9372987 0.1642510 0.3073968 0.9124861 0.1538512 0.3790764 0.9537235 0.1295527 0.2713440
0.2995656 0.0659116 0.0788202 0.3196096 0.0515478 0.1049911 0.3543911 0.0496365 0.1535357 0.3894476 0.0451129 0.1161551 0.9459083 0.2081224 0.2488828 0.9390920 0.1514602 0.3084898 0.9101022 0.1274701 0.3942909 0.9524349 0.1103283 0.2840694
0.2632178 0.0244958 0.0293213 0.3157757 0.0457981 0.1046771 0.3067794 -0.0055334 0.0874669 0.3860977 0.0404526 0.1130216 0.9896288 0.0920976 0.1102401 0.9403374 0.1363805 0.3117144 0.9615318 -0.0173432 0.2741456 0.9549103 0.1000487 0.2795290
0.2613004 0.0239749 0.0290593 0.3114062 0.0423774 0.1054779 0.3049604 -0.0059054 0.0870493 0.3820055 0.0375663 0.1114770 0.9897662 0.0908132 0.1100723 0.9393724 0.1278335 0.3181792 0.9614258 -0.0186176 0.2744337 0.9557112 0.0939843 0.2788961
0.2604148 0.0229727 0.0293084 0.3098946 0.0389920 0.1053070 0.3061105 -0.0077232 0.0889072 0.3805685 0.0343663 0.1104923 0.9899300 0.0873276 0.1114117 0.9401777 0.1182965 0.3194869 0.9600339 -0.0242219 0.2788337 0.9567521 0.0863972 0.2777785
0.2878690 0.0325049 0.0628739 0.3078790 0.0385119 0.1046459 0.3429132 0.0047178 0.1339406 0.3785501 0.0331761 0.1091055 0.9710781 0.1096497 0.2120948 0.9402325 0.1176115 0.3195785 0.9313899 0.0128141 0.3637975 0.9574964 0.0839148 0.2759692
0.2580618 0.0178605 0.0303482 0.3050947 0.0369071 0.1052401 0.3037303 -0.0143140 0.0907420 0.3757597 0.0317855 0.1100046 0.9908181 0.0685747 0.1165206 0.9392181 0.1136166 0.3239761 0.9571777 -0.0451091 0.2859649 0.9565724 0.0809164 0.2800389
0.2453325 0.0179204 -0.0136969 0.3049495 0.0369368 0.1051621 0.2867887 -0.0141519 0.0320065 0.3756574 0.0318050 0.1091849 0.9958003 0.0727387 -0.0555954 0.9392287 0.1137634 0.3238939 0.9926370 -0.0489828 0.1107812 0.9571040 0.0810331 0.2781826
0.2456798 0.0190552 -0.0138664 0.3044055 0.0380457 0.1040678 0.2874372 -0.0126341 0.0318294 0.3751930 0.0333267 0.1070049 0.9954308 0.0772068 -0.0561831 0.9396830 0.1174451 0.3212514 0.9929775 -0.0436455 0.1099576 0.9581653 0.0851096 0.2732684
0.2477019 0.0222335 -0.0137101 0.3047238 0.0413135 0.1033033 0.2902010 -0.0083442 0.0320582 0.3753547 0.0350248 0.1069278 0.9944858 0.0892643 -0.0550438 0.9393476 0.1273539 0.3184447 0.9935479 -0.0285677 0.1097561 0.9578884 0.0893818 0.2728750
0.2829220 0.0634489 0.0518308 0.3095313 0.0504834 0.1037387 0.3371386 0.0468196 0.1193488 0.3799439 0.0420615 0.1072319 0.9605375 0.2154128 0.1759688 0.9370280 0.1528257 0.3140427 0.9346997 0.1298049 0.3308885 0.9569883 0.1059428 0.2700916
0.2900908 0.0687204 0.0513804 0.3217608 0.0666467 0.1026473 0.3447046 0.0523926 0.1183480 0.3922347 0.0671480 0.0940524 0.9589314 0.2271639 0.1698445 0.9346711 0.1935996 0.2981762 0.9361842 0.1422932 0.3214216 0.9592334 0.1642144 0.2300107
0.2839868 0.0669799 0.0398181 0.3066860 0.1003066 0.0976977 0.3359350 0.0500036 0.1031962 0.3757914 0.0907846 0.0844998 0.9643569 0.2274491 0.1352136 0.9096729 0.2975232 0.2897848 0.9463816 0.1408680 0.2907198 0.9496187 0.2294112 0.2135295
0.2849121 0.0701178 0.0419412 0.3082561 0.1057768 0.0949018 0.3375007 0.0549400 0.1061412 0.3783499 0.1031347 0.0839473 0.9612555 0.2365682 0.1415041 0.9081416 0.3116251 0.2795865 0.9426398 0.1534475 0.2964524 0.9434234 0.2571686 0.2093244
0.2690342 0.0550495 -0.0013548 0.3149837 0.1162289 0.0940324 0.3148087 0.0362602 0.0475027 0.3826148 0.1283937 0.0762047 0.9796889 0.2004629 -0.0049334 0.9034041 0.3333559 0.2696942 0.9824549 0.1131608 0.1482465 0.9315840 0.3126108 0.1855420
0.2733584 0.0886705 0.0152601 0.3146068 0.1308865 0.0874824 0.3199551 0.0816581 0.0695068 0.3764400 0.1553791 0.0626586 0.9498706 0.3081137 0.0530259 0.8942823 0.3720500 0.2486722 0.9481639 0.2419879 0.2059784 0.9136036 0.3770984 0.1520696
0.2865354 0.1434737 0.0506594 0.2992540 0.1534922 0.0765887 0.3389360 0.1913621 0.0512108 0.3671910 0.1664255 0.0605648 0.8832014 0.4422357 0.1561499 0.8675719 0.4449916 0.2220394 0.8633537 0.4874464 0.1304466 0.9007066 0.4082359 0.1485634
0.2848417 0.1614541 0.0518569 0.2826055 0.1663390 0.0936684 0.3417504 0.2038651 0.0531929 0.3383902 0.1882976 0.0523688 0.8592544 0.4870431 0.1564316 0.8286578 0.4877404 0.2746552 0.8512328 0.5077878 0.1324930 0.8659427 0.4818548 0.1340120
0.2819110 0.1732722 0.0499645 0.2722031 0.2040092 0.0574662 0.3252771 0.2284951 0.0395328 0.3414908 0.2036422 0.0420360 0.8423946 0.5177648 0.1493018 0.7890221 0.5913519 0.1665745 0.8142671 0.5719925 0.0989627 0.8541190 0.5093394 0.1051382
0.2659582 0.1932853 0.0464667 0.2693006 0.2056721 0.0555929 0.3038835 0.2494599 0.0253707 0.3298522 0.2391286 0.0396834 0.8009768 0.5821103 0.1399420 0.7842489 0.5989519 0.1618958 0.7713200 0.6331814 0.0643961 0.8058136 0.5841799 0.0969447
0.2436291 0.1762135 0.0612726 0.2418395 0.1851501 0.0594567 0.3085878 0.1947096 0.0394281 0.2890112 0.2179605 0.0177762 0.7939523 0.5742545 0.1996787 0.7793088 0.5966317 0.1915946 0.8408267 0.5305363 0.1074319 0.7974422 0.6013986 0.0490481
0.2289996 0.1763151 0.0701505 0.2121348 0.1764136 0.0681579 0.2700569 0.2164864 0.1417924 0.2807279 0.2145682 0.0233030 0.7699959 0.5928478 0.2358765 0.7464335 0.6207421 0.2398256 0.7220097 0.5787865 0.3790886 0.7927805 0.6059443 0.0658080
0.2152344 0.2068706 0.0573527 0.2051617 0.2035761 0.0585108 0.2435353 0.2586286 0.0122248 0.2120275 0.2628979 0.0201375 0.7080284 0.6805153 0.1886656 0.6957310 0.6903540 0.1984179 0.6851385 0.7276004 0.0343921 0.6266629 0.7770143 0.0595180
0.2012471 0.2105204 0.0578884 0.2049852 0.2146889 0.0592270 0.2344144 0.2569959 0.1262008 0.2146112 0.2660426 0.0111785 0.6777484 0.7089784 0.1949533 0.6772233 0.7092820 0.1956721 0.6334978 0.6945235 0.3410537 0.6275246 0.7779104 0.0326860
0.1742984 0.2227375 0.0369868 0.2026096 0.2225427 0.0687497 0.2163553 0.2688112 0.0031232 0.2123939 0.2926837 0.1178659 0.6110659 0.7808867 0.1296705 0.6563084 0.7208774 0.2226993 0.6269750 0.7789868 0.0090506 0.5584147 0.7695085 0.3098868
0.1701515 0.2387677 0.0248114 0.2011867 0.2344152 0.0763515 0.1966126 0.2896599 -0.0169957 0.2618288 0.2639692 0.0931891 0.5782746 0.8114727 0.0843236 0.6322497 0.7366736 0.2399424 0.5609535 0.8264259 -0.0484903 0.6830925 0.6886766 0.2431236
0.0807550 0.2711663 -0.1392172 0.1505762 0.2264628 -0.1109128 0.0612997 0.3222631 -0.1844766 0.0962825 0.2604949 -0.1414382 0.2560956 0.8599404 -0.4414946 0.5126856 0.7710660 -0.3776384 0.1628775 0.8562752 -0.4901670 0.3089333 0.8358273 -0.4538204
0.1206723 0.1602857 -0.1248158 0.1200813 0.1741293 -0.0957539 0.1795138 0.1950124 -0.1119385 0.0657503 0.2072865 -0.1271608 0.5106990 0.6783471 -0.5282345 0.5171819 0.7499631 -0.4124054 0.6239091 0.6777753 -0.3890477 0.2610029 0.8228463 -0.5047785
0.1161654 0.1608279 -0.1115448 0.1112908 0.2383008 -0.0993081 0.1735994 0.1961381 -0.0945598 0.0568744 0.2714574 -0.1305628 0.5103903 0.7066218 -0.4900890 0.3958671 0.8476484 -0.3532440 0.6233926 0.7043287 -0.3395625 0.1855331 0.8855356 -0.4259157
0.0961948 0.1847789 -0.1085590 0.1435974 0.3054844 -0.0626457 0.0762066 0.2358724 -0.1535821 0.0891551 0.3386403 -0.0938532 0.4095002 0.7866014 -0.4621341 0.4182667 0.8898071 -0.1824728 0.2613394 0.8088896 -0.5266871 0.2459189 0.9340805 -0.2588776
0.0963741 0.1838464 -0.1086836 0.1431559 0.3040812 -0.0636098 0.0763502 0.2349390 -0.1536897 0.0886895 0.3372365 -0.0947730 0.4113162 0.7846403 -0.4638520 0.4185107 0.8889698 -0.1859609 0.2624257 0.8075164 -0.5282519 0.2454371 0.9332598 -0.2622724
0.1047755 0.1710910 -0.1082647 0.1260352 0.2299986 -0.0958708 0.0847268 0.2221827 -0.1532586 0.0715523 0.2631532 -0.1270029 0.4595980 0.7504909 -0.4749032 0.4513495 0.8236568 -0.3433266 0.2994945 0.7853776 -0.5417427 0.2378490 0.8747553 -0.4221741
0.0940951 0.1888667 -0.1073671 0.1253575 0.2316965 -0.0977143 0.0740981 0.2399572 -0.1523839 0.0709122 0.2648505 -0.1289083 0.3974390 0.7977357 -0.4534974 0.4461547 0.8246218 -0.3477712 0.2522463 0.8168671 -0.5187484 0.2340559 0.8741765 -0.4254800
0.0961826 0.1817500 -0.1056545 0.1203997 0.2061720 -0.1042611 0.0765447 0.2328393 -0.1508270 0.0662048 0.2393253 -0.1358858 0.4160395 0.7861631 -0.4570107 0.4621422 0.7913709 -0.4001959 0.2659760 0.8090649 -0.5240904 0.2338871 0.8454844 -0.4800551
0.1313984 0.1671863 -0.1036065 0.0856014 0.2612290 -0.1336755 0.1118229 0.2182747 -0.1488059 0.0314512 0.2943816 -0.1653746 0.5555022 0.7067996 -0.4380086 0.2800403 0.8545967 -0.4373121 0.3898105 0.7608975 -0.5187319 0.0927451 0.8680898 -0.4876664
0.1379009 0.2269352 -0.1134855 0.0896440 0.2586513 -0.1340688 0.2007395 0.2896088 -0.0980993 0.0356022 0.2918031 -0.1659502 0.4775256 0.7858349 -0.3929794 0.2940952 0.8485571 -0.4398396 0.5488024 0.7917626 -0.2681939 0.1054650 0.8644129 -0.4915968
0.1425498 0.2161511 -0.1118262 0.1003000 0.2569076 -0.1252459 0.1215663 0.2689586 -0.1543325 0.0464255 0.2900586 -0.1574070 0.5054231 0.7663832 -0.3964899 0.3311330 0.8481610 -0.4134898 0.3649872 0.8075138 -0.4633636 0.1393046 0.8703514 -0.4723163
