-0.0187883 0.2254042 -0.2405107 0.0281905 0.1896656 -0.2420458 0.0115526 0.2696994 -0.2806760 0.0019184 0.2098246 -0.2579816 -0.0569068 0.6827125 -0.7284678 0.0912921 0.6142134 -0.7838416 0.0296660 0.6925616 -0.7207485 0.0057690 0.6309707 -0.7757852
-0.0184855 0.2285328 -0.2383582 0.0272549 0.1943317 -0.2408818 0.0116978 0.2728278 -0.2786411 0.0011252 0.2137370 -0.2564801 -0.0558927 0.6909910 -0.7206993 0.0877222 0.6254731 -0.7752988 0.0299833 0.6992994 -0.7141998 0.0033702 0.6401870 -0.7682117
-0.0095118 0.2281129 -0.2385762 0.0368433 0.1954690 -0.2386312 0.0225646 0.2724076 -0.2773693 0.0129203 0.2135360 -0.2550172 -0.0288044 0.6907928 -0.7224788 0.1185965 0.6292030 -0.7681396 0.0579440 0.6995194 -0.7122606 0.0388156 0.6415116 -0.7661307
-0.0042232 0.2216820 -0.2491294 0.0368380 0.1927859 -0.2423059 0.0280039 0.2659768 -0.2877965 0.0165268 0.2092408 -0.2568630 -0.0126629 0.6647018 -0.7470015 0.1181364 0.6182480 -0.7770542 0.0712785 0.6769925 -0.7325302 0.0498225 0.6307888 -0.7743534
-0.0077922 0.2047810 -0.2517469 0.0334352 0.1818212 -0.2559455 0.0239130 0.2490755 -0.2908428 0.0127241 0.2005849 -0.2675466 -0.0240048 0.6308499 -0.7755335 0.1058984 0.5758770 -0.8106486 0.0623276 0.6491980 -0.7580615 0.0380243 0.5994225 -0.7995291
-0.0280721 0.1715837 -0.2534025 0.0341668 0.1587152 -0.2772558 0.0038489 0.2158782 -0.2923224 -0.0125387 0.2099585 -0.3157630 -0.0913467 0.5583336 -0.8245722 0.1063418 0.4939902 -0.8629398 0.0105909 0.5940263 -0.8043759 -0.0330485 0.5533928 -0.8322645
0.0130921 0.1654439 -0.3142394 0.0370936 0.1363721 -0.2980819 0.0446860 0.2097385 -0.3534255 -0.0174168 0.2044455 -0.3249258 0.0368406 0.4655509 -0.8842540 0.1124429 0.4133891 -0.9035851 0.1080949 0.5073544 -0.8549310 -0.0453222 0.5320097 -0.8455244
-0.0230072 0.1439003 -0.2864876 0.0448285 0.1163396 -0.3125117 0.0082239 0.1881949 -0.3259634 -0.0070297 0.1643399 -0.3568844 -0.0715796 0.4476997 -0.8913144 0.1332341 0.3457712 -0.9288116 0.0218441 0.4998804 -0.8658189 -0.0178888 0.4182022 -0.9081778
-0.0267249 0.1208353 -0.2949494 0.0523645 0.0865520 -0.3310772 0.0041719 0.1651301 -0.3346875 -0.0128327 0.1429383 -0.3694305 -0.0835517 0.3777754 -0.9221198 0.1512607 0.2500152 -0.9563538 0.0111779 0.4424345 -0.8967311 -0.0323791 0.3606576 -0.9321361
-0.0305772 0.1167084 -0.3024029 0.0677161 0.0292629 -0.3430413 0.0002027 0.1610036 -0.3422318 -0.0151198 0.1209696 -0.3935216 -0.0939156 0.3584613 -0.9288086 0.1929876 0.0833978 -0.9776505 0.0005360 0.4256959 -0.9048661 -0.0367010 0.2936350 -0.9552128
-0.0322864 0.1141156 -0.3137390 -0.0509150 0.0855516 -0.2843919 -0.0015855 0.1584107 -0.3536288 -0.0167517 0.1176256 -0.4003844 -0.0962609 0.3402316 -0.9354017 -0.1689764 0.2839283 -0.9438388 -0.0040916 0.4088106 -0.9126101 -0.0401103 0.2816428 -0.9586806
-0.0343389 0.1070594 -0.3207963 0.0466966 0.0551940 -0.3559338 -0.0036181 0.1513543 -0.3606717 -0.0063397 0.1022323 -0.4021870 -0.1010181 0.3149471 -0.9437180 0.1285693 0.1519649 -0.9799881 -0.0092498 0.3869381 -0.9220593 -0.0152754 0.2463279 -0.9690662
-0.0368003 0.1006076 -0.3226215 0.0654458 0.0655939 -0.3569996 -0.0060330 0.1449024 -0.3624609 -0.0041804 0.0962714 -0.4035377 -0.1082544 0.2959549 -0.9490478 0.1774424 0.1778439 -0.9679286 -0.0154534 0.3711653 -0.9284382 -0.0100761 0.2320444 -0.9726530
-0.0371860 0.0956975 -0.3252746 0.0432049 0.0614501 -0.3749669 -0.0063686 0.1399924 -0.3650743 -0.0095412 0.0949547 -0.4084228 -0.1090201 0.2805614 -0.9536246 0.1129783 0.1606886 -0.9805178 -0.0162860 0.3579939 -0.9335819 -0.0227484 0.2263930 -0.9737704
-0.0381378 0.0932146 -0.3280809 0.0331218 0.0761345 -0.3728007 -0.0072675 0.1375093 -0.3678395 -0.0116918 0.0910710 -0.4109648 -0.1111267 0.2716109 -0.9559699 0.0867211 0.1993392 -0.9760857 -0.0185032 0.3501022 -0.9365288 -0.0277651 0.2162708 -0.9759385
-0.0381643 0.0895187 -0.3285120 0.0333028 0.0733578 -0.3710018 -0.0072780 0.1338130 -0.3682580 -0.0136939 0.0890176 -0.4114868 -0.1113888 0.2612749 -0.9588159 0.0877203 0.1932257 -0.9772251 -0.0185718 0.3414610 -0.9397124 -0.0325094 0.2113288 -0.9768742
-0.0395108 0.0928112 -0.3269050 0.0410632 0.0698704 -0.3498245 -0.0086071 0.1371055 -0.3666373 -0.0142478 0.0919497 -0.4081670 -0.1154903 0.2712875 -0.9555444 0.1143537 0.1945766 -0.9741987 -0.0219834 0.3501797 -0.9364245 -0.0340337 0.2196400 -0.9749872
-0.0353765 0.1029455 -0.3168750 0.0345047 0.0760620 -0.3393635 -0.0044582 0.1472395 -0.3565949 -0.0199935 0.1061531 -0.3911775 -0.1055855 0.3072534 -0.9457521 0.0987285 0.2176368 -0.9710236 -0.0115551 0.3816246 -0.9242452 -0.0492672 0.2615783 -0.9639240
0.0139828 0.1175207 -0.3380811 0.0409403 0.0775737 -0.3232903 -0.0119796 0.1480787 -0.3581099 -0.0280367 0.1417991 -0.3648474 0.0390366 0.3280890 -0.9438399 0.1222178 0.2315783 -0.9651084 -0.0308989 0.3819385 -0.9236711 -0.0714425 0.3613296 -0.9296972
-0.0271976 0.1456091 -0.2839062 0.0371483 0.0938053 -0.3151824 0.0215049 0.1764240 -0.3181725 -0.0290271 0.1658234 -0.3403274 -0.0849327 0.4547077 -0.8865818 0.1122518 0.2834535 -0.9523937 0.0590068 0.4840868 -0.8730282 -0.0764500 0.4367363 -0.8963352
-0.0222025 0.1555812 -0.2707746 0.0334126 0.1254760 -0.2950450 0.0269156 0.1863961 -0.3044432 0.0150285 0.1737103 -0.2927015 -0.0709171 0.4969420 -0.8648812 0.1036520 0.3892490 -0.9152822 0.0751863 0.5206806 -0.8504344 0.0441110 0.5098655 -0.8591224
-0.0134931 0.1824122 -0.2617816 0.0343687 0.1578007 -0.2758107 0.0356861 0.2132271 -0.2953597 0.0140812 0.1897423 -0.2856304 -0.0422516 0.5711944 -0.8197267 0.1075316 0.4937209 -0.8629465 0.0974956 0.5825427 -0.8069316 0.0410292 0.5528646 -0.8322604
-0.0094704 0.2013470 -0.2465138 0.0400421 0.1725271 -0.2649713 0.0405310 0.2321616 -0.2788558 0.0274980 0.2058735 -0.2588099 -0.0297405 0.6323065 -0.7741473 0.1256364 0.5413224 -0.8313757 0.1110116 0.6358748 -0.7637668 0.0828633 0.6203865 -0.7799066
-0.0046784 0.2075406 -0.2419424 0.0412978 0.1847554 -0.2550905 0.0454962 0.2383553 -0.2740140 0.0274045 0.2128824 -0.2536958 -0.0146754 0.6510130 -0.7589247 0.1300041 0.5816040 -0.8030167 0.1243015 0.6512177 -0.7486419 0.0824660 0.6406094 -0.7634258
-0.0003383 0.2122459 -0.2375634 0.0422494 0.1922095 -0.2503694 0.0503179 0.2430605 -0.2688686 0.0299353 0.2179969 -0.2494358 -0.0010618 0.6662524 -0.7457256 0.1326695 0.6035666 -0.7861973 0.1375089 0.6642370 -0.7347656 0.0899983 0.6553904 -0.7499092
-0.0027617 0.2174351 -0.2358712 0.0423181 0.1944371 -0.2494600 0.0479619 0.2482496 -0.2670668 0.0300405 0.2199124 -0.2487248 -0.0086084 0.6777632 -0.7352298 0.1326158 0.6093235 -0.7817531 0.1304136 0.6750180 -0.7261839 0.0901146 0.6596874 -0.7461179
-0.0034030 0.2179768 -0.2368944 0.0416669 0.1954300 -0.2503055 0.0473308 0.2487912 -0.2680732 0.0300321 0.2203378 -0.2491488 -0.0105703 0.6770759 -0.7358373 0.1300936 0.6101773 -0.7815110 0.1283434 0.6746286 -0.7269142 0.0899286 0.6597834 -0.7460554
-0.0023462 0.2122003 -0.2457798 0.0420390 0.1890611 -0.2610217 0.0483649 0.2430146 -0.2769952 0.0314845 0.2148960 -0.2564384 -0.0072254 0.6534898 -0.7569008 0.1293393 0.5816748 -0.8030727 0.1301365 0.6538852 -0.7453178 0.0936889 0.6394688 -0.7630872
-0.0071455 0.2028451 -0.2518613 0.0366834 0.1809602 -0.2737410 0.0426399 0.2336596 -0.2845329 0.0059022 0.2216588 -0.2798396 -0.0220902 0.6270955 -0.7786291 0.1110974 0.5480463 -0.8290372 0.1150441 0.6304221 -0.7676801 0.0165310 0.6208232 -0.7837763
-0.0169350 0.1830872 -0.2535089 0.0362828 0.1693247 -0.2852497 0.0327014 0.2139016 -0.2864065 -0.0027933 0.2176310 -0.3038672 -0.0540765 0.5846285 -0.8094969 0.1087293 0.5074183 -0.8548126 0.0911006 0.5958933 -0.7978796 -0.0074732 0.5822543 -0.8129723
-0.0200124 0.1696462 -0.2714058 0.0386543 0.1479655 -0.3021815 0.0187619 0.2048960 -0.3132344 -0.0129396 0.2077976 -0.3246851 -0.0624044 0.5290054 -0.8463208 0.1141335 0.4368937 -0.8922429 0.0500628 0.5467294 -0.8358114 -0.0335481 0.5387487 -0.8417983
-0.0245247 0.1619749 -0.2869858 0.0400236 0.1371543 -0.3078568 -0.0076328 0.1885968 -0.3496540 -0.0215586 0.1927340 -0.3445654 -0.0742157 0.4901624 -0.8684658 0.1179263 0.4041138 -0.9070752 -0.0192095 0.4746395 -0.8799706 -0.0545244 0.4874477 -0.8714481
-0.0224040 0.1337989 -0.2987456 0.0543237 0.0954373 -0.3321335 0.0332637 0.1469057 -0.3314764 -0.0062964 0.1559954 -0.3720001 -0.0682830 0.4077927 -0.9105177 0.1552918 0.2728205 -0.9494490 0.0913602 0.4034830 -0.9104146 -0.0156071 0.3866697 -0.9220862
-0.0227701 0.1383987 -0.3008475 0.0538832 0.0969188 -0.3342262 0.0325363 0.1519523 -0.3340048 -0.0097861 0.1560220 -0.3769574 -0.0685978 0.4169432 -0.9063403 0.1530157 0.2752267 -0.9491241 0.0883216 0.4124827 -0.9066738 -0.0239805 0.3823248 -0.9237168
-0.0244068 0.1367304 -0.3081426 0.0537299 0.0929714 -0.3420861 0.0299077 0.1492034 -0.3433027 -0.0094062 0.1462810 -0.3893274 -0.0722100 0.4045299 -0.9116695 0.1498561 0.2593031 -0.9540991 0.0796441 0.3973281 -0.9142140 -0.0226106 0.3516304 -0.9358658
-0.0263171 0.1304890 -0.3164269 0.0576900 0.0934977 -0.3457312 0.0269065 0.1404918 -0.3539636 -0.0090016 0.1445939 -0.3951814 -0.0766621 0.3801165 -0.9217561 0.1590276 0.2577346 -0.9530389 0.0704774 0.3679965 -0.9271524 -0.0213866 0.3435352 -0.9388963
-0.0303983 0.1164500 -0.3203660 0.0419098 0.1010342 -0.3708480 0.0224660 0.1240289 -0.3589628 -0.0097477 0.1309973 -0.4048836 -0.0888252 0.3402718 -0.9361224 0.1083942 0.2613116 -0.9591491 0.0590512 0.3260059 -0.9435217 -0.0229002 0.3077514 -0.9511912
-0.0330042 0.1034907 -0.3233340 0.0429879 0.0853839 -0.3708103 0.0194829 0.1106084 -0.3625277 -0.0035018 0.1065860 -0.4057642 -0.0967602 0.3034091 -0.9479348 0.1122593 0.2229728 -0.9683393 0.0513347 0.2914382 -0.9552112 -0.0083467 0.2540519 -0.9671546
-0.0337655 0.1028097 -0.3242340 0.0160601 0.0800290 -0.3210013 0.0184992 0.1097333 -0.3637583 -0.0017510 0.1046596 -0.4059248 -0.0987829 0.3007758 -0.9485652 0.0484883 0.2416214 -0.9691584 0.0486311 0.2884687 -0.9562535 -0.0041769 0.2496630 -0.9683238
-0.0340219 0.1007368 -0.3255153 0.0158811 0.0773380 -0.3212375 0.0180414 0.1083409 -0.3651793 -0.0022057 0.1002988 -0.4065290 -0.0993513 0.2941731 -0.9505743 0.0480086 0.2337928 -0.9711005 0.0473108 0.2841069 -0.9576247 -0.0052677 0.2395340 -0.9708737
-0.0334420 0.1038394 -0.3223043 0.0437901 0.0829645 -0.3677580 0.0190838 0.1133140 -0.3609428 -0.0036371 0.0990440 -0.4063489 -0.0982819 0.3051712 -0.9472123 0.1153783 0.2185954 -0.9689705 0.0503807 0.2991452 -0.9528767 -0.0086957 0.2367995 -0.9715196
-0.0318431 0.1038199 -0.3205008 0.0648025 0.0613022 -0.3419035 0.0211181 0.1129222 -0.3586303 -0.0059331 0.1046912 -0.4027876 -0.0940995 0.3067981 -0.9471115 0.1833953 0.1734893 -0.9676092 0.0560786 0.2998619 -0.9523329 -0.0142550 0.2515327 -0.9677438
-0.0310622 0.1052255 -0.3182194 0.0624587 0.0677053 -0.3380873 0.0222715 0.1144682 -0.3557918 -0.0102507 0.1250030 -0.3863935 -0.0922816 0.3126112 -0.9453879 0.1782439 0.1932167 -0.9648297 0.0594835 0.3057253 -0.9502598 -0.0252331 0.3077074 -0.9511464
-0.0280420 0.1158900 -0.3103395 0.0529258 0.0843307 -0.3283022 0.0263546 0.1280119 -0.3454905 -0.0305797 0.1571543 -0.3570362 -0.0843479 0.3485868 -0.9334734 0.1542724 0.2458140 -0.9569616 0.0713473 0.3465542 -0.9353127 -0.0781511 0.4016319 -0.9124605
-0.0246669 0.1532927 -0.2813247 0.0426934 0.1348905 -0.3016312 0.0310390 0.1772653 -0.3070864 -0.0290772 0.1763933 -0.3384561 -0.0767658 0.4770621 -0.8755106 0.1281445 0.4048748 -0.9053482 0.0872044 0.4980296 -0.8627641 -0.0759653 0.4608340 -0.8842292
-0.0121472 0.1760582 -0.2604259 0.0410180 0.1458026 -0.2901380 0.0090844 0.2089592 -0.3157942 -0.0096489 0.1964267 -0.3044453 -0.0386129 0.5596466 -0.8278313 0.1253248 0.4454799 -0.8864769 0.0239834 0.5516672 -0.8337194 -0.0266221 0.5419550 -0.8399858
-0.0044382 0.1936268 -0.2642530 0.0391893 0.1672071 -0.2738609 0.0170825 0.2265278 -0.3195106 -0.0303339 0.2203656 -0.2977419 -0.0135465 0.5909942 -0.8065620 0.1212334 0.5172607 -0.8471976 0.0435736 0.5778213 -0.8149993 -0.0816172 0.5929221 -0.8011130
-0.0155362 0.2085607 -0.2465510 0.0295164 0.1827149 -0.2603768 0.0040564 0.2414618 -0.3025202 -0.0034947 0.2162701 -0.2703420 -0.0480543 0.6450891 -0.7625948 0.0923959 0.5719567 -0.8150635 0.0104792 0.6237872 -0.7815240 -0.0100937 0.6246571 -0.7808339
-0.0194001 0.2289046 -0.2392703 0.0264404 0.1915637 -0.2521532 -0.0003502 0.2618057 -0.2954275 -0.0064187 0.2231235 -0.2633171 -0.0584873 0.6900983 -0.7213484 0.0832063 0.6028400 -0.7935116 -0.0008871 0.6632356 -0.7484102 -0.0185942 0.6463650 -0.7628018
-0.0204073 0.2330271 -0.2377709 0.0259466 0.1973318 -0.2474086 -0.0015180 0.2659281 -0.2939823 0.0103416 0.2242439 -0.2457907 -0.0611828 0.6986352 -0.7128573 0.0817143 0.6214626 -0.7791707 -0.0038294 0.6708309 -0.7416005 0.0310676 0.6736593 -0.7383887
-0.0146702 0.2320186 -0.2381289 0.0325053 0.2001285 -0.2458349 0.0058697 0.2649195 -0.2937585 -0.0168772 0.2447544 -0.2539469 -0.0440817 0.6971794 -0.7155401 0.1020070 0.6280357 -0.7714699 0.0148369 0.6696405 -0.7425372 -0.0477975 0.6931616 -0.7191956
-0.0106710 0.2257987 -0.2450878 0.0346918 0.1974199 -0.2506353 0.0105596 0.2586997 -0.3004574 -0.0139549 0.2424028 -0.2609273 -0.0320051 0.6772260 -0.7350787 0.1080977 0.6151490 -0.7809651 0.0266235 0.6522520 -0.7575345 -0.0391526 0.6800998 -0.7320733
-0.0080244 0.2138839 -0.2527652 0.0335106 0.1892351 -0.2632051 0.0130846 0.2467849 -0.3081813 -0.0148630 0.2347283 -0.2724889 -0.0242273 0.6457625 -0.7631539 0.1028253 0.5806566 -0.8076292 0.0331230 0.6247224 -0.7801441 -0.0412912 0.6521023 -0.7570057
-0.0106192 0.2004112 -0.2585781 0.0360147 0.1773823 -0.2798567 0.0107194 0.2332498 -0.3130027 -0.0121973 0.2230253 -0.2892433 -0.0324427 0.6122744 -0.7899794 0.1080587 0.5322184 -0.8396826 0.0274504 0.5973091 -0.8015412 -0.0333765 0.6102826 -0.7914803
-0.0230241 0.1773348 -0.2673664 0.0229626 0.1674775 -0.3014736 -0.0008161 0.2118915 -0.3203607 -0.0127543 0.2178962 -0.3336538 -0.0715799 0.5513183 -0.8312187 0.0664363 0.4845526 -0.8722356 -0.0021248 0.5516630 -0.8340644 -0.0319893 0.5465087 -0.8368423
0.0135803 0.1664373 -0.3345609 0.0312485 0.1546693 -0.3126224 -0.0032113 0.2006598 -0.3524727 -0.0127009 0.2106108 -0.3445186 0.0363188 0.4451138 -0.8947372 0.0892334 0.4416747 -0.8927266 -0.0079173 0.4947229 -0.8690147 -0.0314382 0.5213214 -0.8527811
-0.0242211 0.1596821 -0.3023291 0.0385443 0.1417174 -0.3262362 -0.0495912 0.2114250 -0.3366045 -0.0141723 0.1925678 -0.3718801 -0.0706640 0.4658645 -0.8820300 0.1077349 0.3961129 -0.9118595 -0.1237992 0.5278004 -0.8402979 -0.0338224 0.4595668 -0.8874989
