-0.1662927 -0.3081984 -0.0313789 0.1469098 0.1528460 -0.1704261 -0.1388438 -0.3972141 -0.0605447 0.1458784 0.1520015 -0.1626873 -0.4729568 -0.8765541 -0.0892455 0.5400898 0.5619131 -0.6265434 -0.3266033 -0.9343698 -0.1424197 0.5480428 0.5710465 -0.6111915
-0.1679025 -0.3081637 -0.0307339 0.1508933 0.1523041 -0.1904311 -0.1400170 -0.3971036 -0.0597161 0.1414458 0.1584140 -0.2137145 -0.4766175 -0.8747710 -0.0872430 0.5262068 0.5311268 -0.6640864 -0.3292358 -0.9337489 -0.1404163 0.4694669 0.5257854 -0.7093311
-0.1691440 -0.3100590 -0.0302468 0.1850772 0.1473447 -0.2084673 -0.1425663 -0.3996024 -0.0585878 0.1718341 0.1553930 -0.2281852 -0.4771513 -0.8746692 -0.0853254 0.5869624 0.4672958 -0.6611428 -0.3328666 -0.9329994 -0.1367920 0.5284265 0.4778668 -0.7017184
-0.1708337 -0.3110576 -0.0302507 0.2817129 0.1251483 -0.1540246 -0.1453544 -0.4010715 -0.0581093 0.2357083 0.1506445 -0.2302044 -0.4796428 -0.8733436 -0.0849336 0.8175115 0.3631718 -0.4469689 -0.3376111 -0.9315590 -0.1349691 0.6506261 0.4158243 -0.6354336
-0.1716550 -0.3127326 -0.0303647 0.3010833 0.1199077 -0.1690020 -0.1485104 -0.4035173 -0.0577557 0.2550590 0.1484578 -0.2632776 -0.4794362 -0.8734691 -0.0848093 0.8237559 0.3280643 -0.4623851 -0.3423160 -0.9301059 -0.1331267 0.6449240 0.3753798 -0.6657049
-0.1734982 -0.3137292 -0.0291073 0.3124767 0.1239057 -0.2056418 -0.1513983 -0.4044357 -0.0575984 0.2752041 0.1575350 -0.3127765 -0.4823586 -0.8722279 -0.0809240 0.7929684 0.3144340 -0.5218548 -0.3475079 -0.9283101 -0.1322070 0.6178768 0.3536911 -0.7022328
-0.1749860 -0.3145307 -0.0293904 0.3179631 0.1235057 -0.2077809 -0.1533526 -0.4054785 -0.0574678 0.2874704 0.1605157 -0.3203527 -0.4845539 -0.8709673 -0.0813850 0.7960851 0.3092215 -0.5202217 -0.3506795 -0.9272292 -0.1314146 0.6257785 0.3494178 -0.6973582
-0.1757856 -0.3151731 -0.0290900 0.3280678 0.1252307 -0.2129531 -0.1550269 -0.4065269 -0.0565019 0.3041802 0.1639319 -0.3240142 -0.4855273 -0.8705214 -0.0803479 0.7988353 0.3049330 -0.5185345 -0.3533484 -0.9265850 -0.1287831 0.6421471 0.3460725 -0.6840182
-0.1770981 -0.3160251 -0.0289717 0.3321012 0.1257821 -0.2171182 -0.1562286 -0.4074706 -0.0559911 0.3101121 0.1661576 -0.3257338 -0.4873082 -0.8695835 -0.0797193 0.7978669 0.3021892 -0.5216226 -0.3550882 -0.9261302 -0.1272607 0.6467967 0.3465527 -0.6793786
-0.1785380 -0.3174555 -0.0280188 0.3310994 0.1319815 -0.2170957 -0.1581564 -0.4092491 -0.0542243 0.3119219 0.1679446 -0.3265469 -0.4887531 -0.8690438 -0.0767023 0.7933479 0.3162411 -0.5201834 -0.3577516 -0.9257264 -0.1226561 0.6474062 0.3485757 -0.6777612
-0.1796302 -0.3183632 -0.0266731 0.3302933 0.1307066 -0.2161867 -0.1593627 -0.4098275 -0.0540986 0.3079711 0.1704672 -0.3242352 -0.4901026 -0.8686215 -0.0727747 0.7942989 0.3143270 -0.5198921 -0.3597052 -0.9250415 -0.1221085 0.6435173 0.3561977 -0.6775018
-0.1802404 -0.3188546 -0.0260534 0.3234417 0.1312060 -0.2100746 -0.1597163 -0.4101420 -0.0538750 0.2806331 0.1723762 -0.3031883 -0.4908548 -0.8683475 -0.0709520 0.7939499 0.3220704 -0.5156686 -0.3601855 -0.9249351 -0.1214967 0.6269012 0.3850680 -0.6772869
-0.1806256 -0.3193860 -0.0259629 0.2638466 0.1523031 -0.2242795 -0.1601995 -0.4108253 -0.0533593 0.2539916 0.1629124 -0.2664774 -0.4910424 -0.8682716 -0.0705818 0.6974493 0.4025964 -0.5928580 -0.3606703 -0.9249245 -0.1201321 0.6309257 0.4046812 -0.6619410
-0.1812559 -0.3200062 -0.0244473 0.2621637 0.1379265 -0.1967238 -0.1605335 -0.4111105 -0.0527292 0.2137370 0.1591325 -0.2375964 -0.4917607 -0.8682005 -0.0663275 0.7372363 0.3878661 -0.5532112 -0.3611708 -0.9249229 -0.1186310 0.5986802 0.4457323 -0.6655109
-0.1808907 -0.3202190 -0.0237780 0.1772561 0.1382683 -0.1945927 -0.1608321 -0.4117894 -0.0510100 0.1619347 0.1400027 -0.2164412 -0.4908209 -0.8688684 -0.0645181 0.5961627 0.4650356 -0.6544707 -0.3614072 -0.9253356 -0.1146251 0.5319484 0.4599026 -0.7109996
-0.1805398 -0.3199502 -0.0224621 0.1691912 0.1235527 -0.1329580 -0.1606863 -0.4114282 -0.0501470 0.1289972 0.1326834 -0.1921767 -0.4905189 -0.8692909 -0.0610285 0.6818637 0.4979343 -0.5358389 -0.3614737 -0.9255328 -0.1128088 0.4835152 0.4973322 -0.7203289
-0.1798198 -0.3189114 -0.0223226 0.1186021 0.1488964 -0.1317687 -0.1599251 -0.4104416 -0.0498007 0.0722852 0.1216726 -0.1799278 -0.4902471 -0.8694561 -0.0608587 0.5122852 0.6431370 -0.5691561 -0.3607572 -0.9258693 -0.1123399 0.3157692 0.5315120 -0.7859929
-0.1790284 -0.3183940 -0.0233833 0.1540184 0.1531249 -0.1213116 -0.1588626 -0.4099541 -0.0505637 0.0891184 0.1522946 -0.1366386 -0.4891182 -0.8698747 -0.0638849 0.6191252 0.6155334 -0.4876501 -0.3589655 -0.9263314 -0.1142537 0.3993259 0.6824083 -0.6122563
-0.1774409 -0.3174844 -0.0231589 0.1246231 0.1514649 -0.1202941 -0.1568388 -0.4089197 -0.0504297 0.0578536 0.1670736 -0.1427379 -0.4868838 -0.8711522 -0.0635462 0.5416185 0.6582744 -0.5228043 -0.3557571 -0.9275516 -0.1143895 0.2546007 0.7352530 -0.6281572
-0.1773411 -0.3153942 -0.0226268 0.1177853 0.1581641 -0.1369244 -0.1559880 -0.4071557 -0.0481672 0.0526535 0.1851134 -0.1523228 -0.4891626 -0.8699567 -0.0624118 0.4906123 0.6588023 -0.5703325 -0.3555961 -0.9281673 -0.1098036 0.2145256 0.7542053 -0.6206071
-0.1761754 -0.3150461 -0.0208670 0.1400727 0.1496256 -0.1906555 -0.1523802 -0.4089852 -0.0456498 0.0769901 0.1830210 -0.2011798 -0.4872616 -0.8713468 -0.0577133 0.5003947 0.5345214 -0.6810962 -0.3472413 -0.9319882 -0.1040260 0.2723756 0.6474919 -0.7117343
-0.1743213 -0.3146056 -0.0203748 0.1586498 0.1505403 -0.2001988 -0.1518792 -0.4085552 -0.0449201 0.1592177 0.1557590 -0.2184882 -0.4838904 -0.8732991 -0.0565576 0.5350769 0.5077261 -0.6752088 -0.3466130 -0.9323895 -0.1025149 0.5103021 0.4992167 -0.7002674
-0.1738732 -0.3144353 -0.0205371 0.2675248 0.1277789 -0.1524611 -0.1501548 -0.4085454 -0.0462522 0.2005878 0.1558075 -0.2265445 -0.4831243 -0.8736902 -0.0570644 0.8024652 0.3832845 -0.4573210 -0.3430418 -0.9333578 -0.1056672 0.5893682 0.4577945 -0.6656345
-0.1735229 -0.3141376 -0.0204162 0.2843585 0.1253291 -0.1519600 -0.1494990 -0.4085196 -0.0465710 0.2431099 0.1545085 -0.2389447 -0.4827359 -0.8739223 -0.0567972 0.8220411 0.3623091 -0.4392955 -0.3417113 -0.9337571 -0.1064477 0.6495764 0.4128383 -0.6384473
-0.1731134 -0.3141417 -0.0209276 0.3087047 0.1265525 -0.1581137 -0.1478671 -0.4082601 -0.0477869 0.2601766 0.1543248 -0.2579265 -0.4818172 -0.8743337 -0.0582467 0.8361283 0.3427681 -0.4282517 -0.3384967 -0.9345871 -0.1093936 0.6544746 0.3882043 -0.6488146
-0.1727520 -0.3137067 -0.0223075 0.3191792 0.1267013 -0.1862720 -0.1474309 -0.4044735 -0.0477865 0.2809907 0.1566959 -0.3020103 -0.4814430 -0.8742698 -0.0621688 0.8169971 0.3243150 -0.4767971 -0.3403697 -0.9337972 -0.1103233 0.6367766 0.3551018 -0.6844109
-0.1727129 -0.3138446 -0.0232719 0.3242122 0.1275062 -0.1929515 -0.1469971 -0.4040693 -0.0502377 0.2910250 0.1587319 -0.3052215 -0.4811154 -0.8742571 -0.0648270 0.8140957 0.3201676 -0.4845006 -0.3395622 -0.9333971 -0.1160486 0.6458433 0.3522581 -0.6773482
-0.1720884 -0.3165332 -0.0248817 0.3274644 0.1332792 -0.1987253 -0.1463931 -0.4066819 -0.0521277 0.3015080 0.1634290 -0.3143080 -0.4765059 -0.8764676 -0.0688965 0.8074153 0.3286209 -0.4899886 -0.3362574 -0.9341277 -0.1197348 0.6481337 0.3513135 -0.6756490
-0.1714146 -0.3173332 -0.0270500 0.3302227 0.1334093 -0.1998513 -0.1463662 -0.4076398 -0.0543835 0.3074847 0.1667863 -0.3153673 -0.4739353 -0.8773779 -0.0747891 0.8085886 0.3266682 -0.4893591 -0.3353014 -0.9338372 -0.1245840 0.6528631 0.3541270 -0.6695998
-0.1721176 -0.3175427 -0.0286392 0.3337599 0.1328053 -0.2001914 -0.1474578 -0.4076807 -0.0568683 0.3108489 0.1681850 -0.3157258 -0.4750391 -0.8764075 -0.0790432 0.8116151 0.3229471 -0.4868121 -0.3372446 -0.9323895 -0.1300612 0.6559161 0.3548838 -0.6662068
-0.1726971 -0.3175486 -0.0295018 0.3345148 0.1329099 -0.1995676 -0.1483527 -0.4075764 -0.0583498 0.3113908 0.1694522 -0.3147415 -0.4761784 -0.8755781 -0.0813455 0.8127713 0.3229314 -0.4848897 -0.3389807 -0.9312980 -0.1333272 0.6568483 0.3574428 -0.6639163
-0.1729297 -0.3182408 -0.0314342 0.3349579 0.1344270 -0.1981363 -0.1481630 -0.4085119 -0.0591401 0.3052337 0.1706539 -0.3078628 -0.4756672 -0.8753654 -0.0864641 0.8135286 0.3264894 -0.4812233 -0.3378425 -0.9314921 -0.1348517 0.6551379 0.3662828 -0.6607809
-0.1734410 -0.3175799 -0.0317668 0.3301411 0.1382320 -0.1959014 -0.1487213 -0.4079259 -0.0592698 0.2844386 0.1699437 -0.2912526 -0.4774750 -0.8742824 -0.0874524 0.8091339 0.3387891 -0.4801295 -0.3393779 -0.9308757 -0.1352520 0.6447646 0.3852279 -0.6602106
-0.1737686 -0.3179722 -0.0319807 0.3359827 0.1259405 -0.1874038 -0.1496899 -0.4085267 -0.0593667 0.2593347 0.1618756 -0.2446972 -0.4776953 -0.8741155 -0.0879160 0.8299903 0.3111154 -0.4629506 -0.3408869 -0.9303325 -0.1351949 0.6622776 0.4133909 -0.6248971
-0.1742827 -0.3174540 -0.0316956 0.2839126 0.1302125 -0.1426577 -0.1505860 -0.4081504 -0.0589450 0.2277072 0.1590968 -0.2297043 -0.4794140 -0.8732471 -0.0871878 0.8268068 0.3792032 -0.4154461 -0.3430060 -0.9296880 -0.1342654 0.6317249 0.4413800 -0.6372655
-0.1740670 -0.3172936 -0.0315997 0.2163410 0.1387650 -0.1474518 -0.1509181 -0.4081716 -0.0587147 0.1870510 0.1483236 -0.2111068 -0.4791525 -0.8734109 -0.0869842 0.7301105 0.4683061 -0.4976224 -0.3436818 -0.9295185 -0.1337095 0.5869638 0.4654378 -0.6624508
-0.1740585 -0.3184499 -0.0311834 0.1945088 0.1311628 -0.1400995 -0.1513524 -0.4096272 -0.0576609 0.1708510 0.1356006 -0.1822741 -0.4778526 -0.8742585 -0.0856094 0.7118362 0.4800114 -0.5127166 -0.3436042 -0.9299465 -0.1309033 0.6010464 0.4770370 -0.6412323
-0.1746605 -0.3186133 -0.0307387 0.1401641 0.1587314 -0.1545707 -0.1521512 -0.4098884 -0.0570417 0.1177107 0.1581076 -0.1601731 -0.4789884 -0.8737643 -0.0842977 0.5346282 0.6054495 -0.5895792 -0.3450751 -0.9296165 -0.1293692 0.4634523 0.6225034 -0.6306358
-0.1748705 -0.3181339 -0.0302002 0.1268660 0.1566045 -0.1460324 -0.1531602 -0.4099991 -0.0550818 0.1171315 0.1568956 -0.1532939 -0.4800425 -0.8733191 -0.0829035 0.5097307 0.6292158 -0.5867385 -0.3472035 -0.9294396 -0.1248667 0.4710385 0.6309478 -0.6164638
-0.1750709 -0.3189570 -0.0291013 0.1249948 0.1564752 -0.1449016 -0.1541402 -0.4114305 -0.0523372 0.1134113 0.1571413 -0.1507902 -0.4796369 -0.8738374 -0.0797281 0.5056554 0.6330067 -0.5861869 -0.3483686 -0.9298643 -0.1182861 0.4618725 0.6399651 -0.6140998
