-0.2144098 -0.2366141 -0.0006108 0.0396686 0.0695617 -0.2168967 -0.2163776 -0.3133028 -0.0086299 0.0044881 0.1083189 -0.2324867 -0.6714810 -0.7410193 -0.0019127 0.1715718 0.3008635 -0.9381067 -0.5681329 -0.8226248 -0.0226591 0.0174958 0.4222609 -0.9063055
-0.2264884 -0.2139897 0.0157410 0.0297194 0.0727422 -0.2240134 -0.2143001 -0.2677307 -0.0026774 0.0039144 0.1078186 -0.2322892 -0.7259529 -0.6858912 0.0504540 0.1251895 0.3064177 -0.9436291 -0.6248814 -0.7806806 -0.0078070 0.0152835 0.4209659 -0.9069477
-0.2211419 -0.2182987 0.0096454 0.0266082 0.0727144 -0.2229779 -0.2142331 -0.2936814 -0.0051531 0.0035808 0.1067319 -0.2299278 -0.7113243 -0.7021789 0.0310253 0.1127280 0.3080606 -0.9446645 -0.5892752 -0.8078080 -0.0141743 0.0141246 0.4210035 -0.9069490
-0.2214538 -0.2146875 0.0092486 0.0227525 0.0707491 -0.2191920 -0.2143564 -0.2898860 -0.0063738 0.0041876 0.1040363 -0.2242919 -0.7176680 -0.6957401 0.0299720 0.0983050 0.3056802 -0.9470458 -0.5944647 -0.8039274 -0.0176761 0.0169344 0.4207208 -0.9070321
-0.2216634 -0.2109985 0.0084517 0.0274777 0.0666375 -0.2134615 -0.2141695 -0.2862088 -0.0069262 0.0048993 0.1025561 -0.2211913 -0.7240406 -0.6892047 0.0276067 0.1219591 0.2957685 -0.9474423 -0.5990152 -0.8005033 -0.0193721 0.0200908 0.4205544 -0.9070448
-0.2222668 -0.2097670 0.0082262 0.0345900 0.0630877 -0.2054745 -0.2137308 -0.2844395 -0.0091046 0.0074017 0.1014088 -0.2166658 -0.7269975 -0.6861127 0.0269066 0.1588832 0.2897827 -0.9438125 -0.6005248 -0.7991968 -0.0255816 0.0309259 0.4237056 -0.9052719
-0.2225212 -0.2038190 0.0087400 0.0447308 0.0620399 -0.1984369 -0.2139067 -0.2786908 -0.0076681 -0.0191517 0.1258430 -0.2470069 -0.7371071 -0.6751555 0.0289515 0.2103332 0.2917240 -0.9330900 -0.6087235 -0.7930823 -0.0218214 -0.0689214 0.4528729 -0.8889072
-0.2227459 -0.1985479 0.0096082 0.0452669 0.0968673 -0.2007015 -0.2142058 -0.2736519 -0.0057444 -0.0092513 0.1208173 -0.2502227 -0.7461040 -0.6650511 0.0321833 0.1990576 0.4259664 -0.8825694 -0.6163015 -0.7873368 -0.0165274 -0.0332761 0.4345670 -0.9000246
-0.2247509 -0.1985098 0.0154003 0.0924823 0.0426826 -0.2037879 -0.2134977 -0.2716612 -0.0063136 0.0200163 0.1039900 -0.2671760 -0.7485201 -0.6611256 0.0512897 0.4059354 0.1873481 -0.8944927 -0.6178073 -0.7861173 -0.0182698 0.0696466 0.3618328 -0.9296378
-0.2253034 -0.1976103 0.0156302 0.0914002 0.0847787 -0.2766281 -0.2153030 -0.2717434 -0.0031704 0.0814353 0.0828133 -0.2797460 -0.7507789 -0.6584969 0.0520844 0.3012319 0.2794091 -0.9116962 -0.6209834 -0.7837704 -0.0091442 0.2688533 0.2734027 -0.9235631
-0.2261878 -0.2020108 0.0162824 0.1473125 0.0448422 -0.2337594 -0.2176178 -0.2773589 0.0021999 0.1133278 0.0739763 -0.2853348 -0.7447708 -0.6651631 0.0536132 0.5262661 0.1601964 -0.8350935 -0.6172709 -0.7867259 0.0062399 0.3588560 0.2342482 -0.9035210
-0.2251919 -0.2035119 0.0155975 0.1838242 0.0631154 -0.2349944 -0.2175167 -0.2793868 0.0040588 0.1637605 0.0703542 -0.2990052 -0.7409402 -0.6696072 0.0513197 0.6027922 0.2069666 -0.7705883 -0.6142801 -0.7890048 0.0114622 0.4704454 0.2021111 -0.8589716
-0.2251010 -0.2038251 0.0178234 0.2309604 0.0196799 -0.2045162 -0.2184491 -0.2803144 0.0104625 0.1992610 0.0634268 -0.3008539 -0.7399962 -0.6700541 0.0585927 0.7471478 0.0636637 -0.6616019 -0.6144223 -0.7884283 0.0294275 0.5438507 0.1731132 -0.8211323
-0.2252062 -0.2051146 0.0194228 0.2486864 0.0372809 -0.2324742 -0.2182359 -0.2815759 0.0120773 0.2446906 0.0564909 -0.2870580 -0.7378178 -0.6719939 0.0636329 0.7261760 0.1088620 -0.6788354 -0.6122456 -0.7899414 0.0338820 0.6415566 0.1481141 -0.7526402
-0.2257331 -0.2064319 0.0199131 0.3000639 0.0134034 -0.1794267 -0.2180600 -0.2829409 0.0138795 0.2792781 0.0563470 -0.2819279 -0.7363929 -0.6734282 0.0649611 0.8576337 0.0383092 -0.5128321 -0.6099769 -0.7914675 0.0388249 0.6967715 0.1405802 -0.7033823
-0.2260356 -0.2080669 0.0207897 0.3259013 0.0088984 -0.1680633 -0.2182150 -0.2846130 0.0154481 0.3075814 0.0594365 -0.2842245 -0.7340671 -0.6757123 0.0675159 0.8885189 0.0242601 -0.4581983 -0.6078884 -0.7928554 0.0430343 0.7271559 0.1405144 -0.6719376
-0.2258127 -0.2096434 0.0207770 0.3453288 0.0074747 -0.1695660 -0.2184359 -0.2863245 0.0169582 0.3507243 0.0636152 -0.2975119 -0.7311976 -0.6788401 0.0672774 0.8974561 0.0194256 -0.4406759 -0.6058706 -0.7941715 0.0470365 0.7553948 0.1370153 -0.6407851
-0.2251809 -0.2097550 0.0195070 0.3661925 0.0233773 -0.1644546 -0.2185570 -0.2865359 0.0163628 0.3854011 0.0671329 -0.2836388 -0.7302601 -0.6802340 0.0632610 0.9106878 0.0581372 -0.4089838 -0.6058472 -0.7942870 0.0453582 0.7975853 0.1389311 -0.5869888
-0.2249819 -0.2100477 0.0193109 0.4054865 0.0170999 -0.1407262 -0.2188847 -0.2868782 0.0163174 0.4105232 0.0719309 -0.2856662 -0.7295161 -0.6810914 0.0626167 0.9439737 0.0398086 -0.3276110 -0.6059688 -0.7942048 0.0451736 0.8124657 0.1423583 -0.5653615
-0.2202444 -0.2114042 0.0138204 0.4059497 0.0519838 -0.1727535 -0.2143052 -0.2822160 0.0099845 0.4390256 0.0835914 -0.2968013 -0.7206990 -0.6917715 0.0452241 0.9138255 0.1170197 -0.3888821 -0.6045232 -0.7960895 0.0281649 0.8183288 0.1558115 -0.5532275
-0.2192630 -0.2124762 0.0129350 0.4381192 0.0690758 -0.2243973 -0.2163717 -0.2833967 0.0089842 0.4620743 0.0907168 -0.2928490 -0.7174900 -0.6952816 0.0423268 0.8814115 0.1389672 -0.4514442 -0.6066495 -0.7945702 0.0251894 0.8332730 0.1635924 -0.5281038
-0.2189882 -0.2145103 0.0135887 0.4470714 0.0692914 -0.2203771 -0.2176791 -0.2833541 0.0095806 0.4788509 0.0976238 -0.2945166 -0.7136721 -0.6990787 0.0442849 0.8884041 0.1376934 -0.4379254 -0.6089896 -0.7927252 0.0268031 0.8392262 0.1710939 -0.5161649
-0.2185630 -0.2149055 0.0138965 0.4606334 0.0699199 -0.2210333 -0.2184647 -0.2839609 0.0099787 0.4918204 0.1011673 -0.2900285 -0.7123161 -0.7003960 0.0452900 0.8932514 0.1355873 -0.4286234 -0.6095326 -0.7922719 0.0278412 0.8481696 0.1744682 -0.5001692
-0.2170902 -0.2147802 0.0119533 0.4671734 0.0717267 -0.2198455 -0.2184539 -0.2851881 0.0088432 0.5022792 0.1037453 -0.2936407 -0.7103348 -0.7027764 0.0391121 0.8962127 0.1375986 -0.4217457 -0.6079136 -0.7936217 0.0246089 0.8498907 0.1755441 -0.4968602
-0.2168917 -0.2148944 0.0120860 0.4702469 0.0722600 -0.2196865 -0.2191107 -0.2844012 0.0090688 0.5064262 0.1057342 -0.2943179 -0.7098141 -0.7032777 0.0395533 0.8973527 0.1378908 -0.4192186 -0.6101119 -0.7919127 0.0252519 0.8508418 0.1776430 -0.4944807
-0.2169008 -0.2146921 0.0125830 0.4716648 0.0730938 -0.2211966 -0.2197631 -0.2835619 0.0097431 0.5070311 0.1065447 -0.2945733 -0.7101129 -0.7028817 0.0411957 0.8966001 0.1389459 -0.4204785 -0.6123505 -0.7901202 0.0271483 0.8507356 0.1787689 -0.4942576
-0.2168516 -0.2145215 0.0125935 0.4714216 0.0737477 -0.2226254 -0.2201964 -0.2844074 0.0098133 0.5057059 0.1076629 -0.2948294 -0.7103108 -0.7026784 0.0412509 0.8953281 0.1400623 -0.4228121 -0.6119629 -0.7904161 0.0272728 0.8496510 0.1808875 -0.4953513
-0.2170210 -0.2145728 0.0126745 0.4619008 0.0761909 -0.2253458 -0.2208268 -0.2843097 0.0099608 0.4962417 0.1083924 -0.2950134 -0.7104940 -0.7024788 0.0414945 0.8890304 0.1466463 -0.4337279 -0.6131814 -0.7894578 0.0276586 0.8448119 0.1845294 -0.5022368
