-0.0465976 -0.3136979 -0.1534612 0.0851599 0.2101419 -0.1295195 0.0052757 -0.4248885 -0.1701706 0.0420269 0.2208810 -0.1809462 -0.1322601 -0.8903825 -0.4355757 0.3261250 0.8047509 -0.4960025 0.0115258 -0.9282528 -0.3717712 0.1456181 0.7653248 -0.6269556
-0.0498591 -0.3055709 -0.1514930 0.0830278 0.2177597 -0.1295495 0.0016439 -0.4174617 -0.1694577 0.0377089 0.2279084 -0.1817697 -0.1446500 -0.8865152 -0.4395080 0.3113874 0.8166858 -0.4858624 0.0036487 -0.9265657 -0.3761151 0.1282851 0.7753403 -0.6183772
-0.0563805 -0.2019814 -0.1465888 0.0783423 0.3133283 -0.1300876 -0.0064994 -0.3155285 -0.1649259 0.0349737 0.3304987 -0.1797123 -0.2203583 -0.7894264 -0.5729295 0.2250001 0.8998824 -0.3736130 -0.0182519 -0.8860888 -0.4631561 0.0925668 0.8747484 -0.4756540
-0.0621733 -0.2043273 -0.1455945 0.0777960 0.3139670 -0.1328889 -0.0144696 -0.3162618 -0.1635061 0.0375854 0.3320330 -0.1805576 -0.2405323 -0.7904898 -0.5632674 0.2224678 0.8978296 -0.3800133 -0.0406082 -0.8875739 -0.4588720 0.0989571 0.8741961 -0.4753827
-0.0732637 -0.2057688 -0.1458857 0.0821264 0.3226757 -0.1454281 -0.0255034 -0.3162864 -0.1639441 0.0586474 0.3406350 -0.1826405 -0.2789281 -0.7833995 -0.5554137 0.2260337 0.8880896 -0.4002570 -0.0714055 -0.8855528 -0.4590179 0.1500188 0.8713366 -0.4671904
-0.0807580 -0.2121379 -0.1410880 0.1104839 0.3271268 -0.1484567 -0.0360475 -0.3192770 -0.1629306 0.1049269 0.3439827 -0.1735015 -0.3021653 -0.7937385 -0.5278970 0.2939629 0.8703813 -0.3949966 -0.1000610 -0.8862529 -0.4522649 0.2627804 0.8614750 -0.4345196
-0.0883952 -0.2168235 -0.1396154 0.1377750 0.3254953 -0.1402576 -0.0502596 -0.3191908 -0.1582447 0.1358069 0.3409752 -0.1653635 -0.3242498 -0.7953488 -0.5121350 0.3623133 0.8559700 -0.3688420 -0.1396907 -0.8871541 -0.4398229 0.3373601 0.8470220 -0.4107821
-0.0984741 -0.2201088 -0.1337430 0.1859455 0.3309842 -0.1359522 -0.0762039 -0.2864526 -0.1478553 0.1858655 0.3376593 -0.1393160 -0.3571274 -0.7982493 -0.4850341 0.4611191 0.8207948 -0.3371425 -0.2300529 -0.8647753 -0.4463622 0.4535076 0.8238810 -0.3399278
-0.1171710 -0.2589376 -0.1280335 0.2108029 0.2572285 -0.1386689 -0.0840095 -0.3612539 -0.1481572 0.2216920 0.3140909 -0.1314579 -0.3758835 -0.8306697 -0.4107305 0.5850370 0.7138810 -0.3848450 -0.2103445 -0.9045137 -0.3709585 0.5456330 0.7730472 -0.3235470
-0.1239717 -0.2628216 -0.1242245 0.2815106 0.3025733 -0.1580262 -0.0931931 -0.3667106 -0.1454271 0.2904893 0.3237698 -0.1190190 -0.3922763 -0.8316311 -0.3930763 0.6362392 0.6838429 -0.3571534 -0.2299063 -0.9046709 -0.3587670 0.6441393 0.7179365 -0.2639162
-0.1316764 -0.2698460 -0.1242084 0.3697643 0.2827969 -0.1356572 -0.1012247 -0.3733600 -0.1428580 0.3686126 0.3108563 -0.2012913 -0.4052383 -0.8304594 -0.3822552 0.7625991 0.5832381 -0.2797784 -0.2454679 -0.9053912 -0.3464280 0.7054544 0.5949197 -0.3852332
-0.1415121 -0.2727456 -0.1236168 0.4619801 0.2825367 -0.0485028 -0.1122883 -0.3671170 -0.1373131 0.4857157 0.3160658 -0.1068885 -0.4272641 -0.8234940 -0.3732332 0.8497033 0.5196595 -0.0892095 -0.2754031 -0.9004068 -0.3367799 0.8242628 0.5363658 -0.1813905
-0.1628634 -0.2328074 -0.1179884 0.4851736 0.3044437 0.0231410 -0.1325302 -0.3237010 -0.1301177 0.5236711 0.3332422 -0.0296330 -0.5293887 -0.7567420 -0.3835220 0.8463569 0.5310842 0.0403680 -0.3551197 -0.8673693 -0.3486554 0.8427040 0.5362612 -0.0476860
-0.1630336 -0.2330987 -0.1187995 0.4852653 0.3093503 0.0783904 -0.1388402 -0.3261423 -0.1281011 0.5060289 0.3398945 0.0172968 -0.5288721 -0.7561594 -0.3853792 0.8355163 0.5326307 0.1349705 -0.3683719 -0.8653233 -0.3398789 0.8297867 0.5573594 0.0283633
-0.1613815 -0.2345850 -0.1202952 0.4775839 0.3148031 0.1149328 -0.1392313 -0.3281680 -0.1292708 0.5237054 0.3536145 0.0766830 -0.5220951 -0.7589203 -0.3891744 0.8185720 0.5395680 0.1969931 -0.3671739 -0.8654283 -0.3409064 0.8227298 0.5555207 0.1204674
-0.1599992 -0.2360291 -0.1203853 0.5013114 0.3168966 0.1437058 -0.1376800 -0.3295978 -0.1290876 0.5593676 0.3521755 0.1217652 -0.5169282 -0.7625671 -0.3889430 0.8215042 0.5193017 0.2354922 -0.3624990 -0.8678011 -0.3398760 0.8322426 0.5239765 0.1811657
-0.1575696 -0.2386375 -0.1218432 0.5292753 0.3220019 0.1738303 -0.1349668 -0.3321190 -0.1307478 0.5666939 0.3529724 0.1215120 -0.5069146 -0.7677170 -0.3919799 0.8225520 0.5004263 0.2701514 -0.3536920 -0.8703463 -0.3426357 0.8350939 0.5201487 0.1790630
-0.1371303 -0.2698137 -0.1284919 0.5339316 0.3170418 0.1773995 -0.1194802 -0.3725544 -0.1422933 0.6111801 0.3586081 0.1981682 -0.4170536 -0.8205828 -0.3907815 0.8267642 0.4909221 0.2746935 -0.2869935 -0.8948820 -0.3417909 0.8306259 0.4873673 0.2693211
-0.1403079 -0.2470436 -0.1281699 0.5332733 0.3135595 0.1782384 -0.1237193 -0.3414819 -0.1397984 0.6154611 0.3575943 0.1977892 -0.4501667 -0.7926196 -0.4112227 0.8283309 0.4870505 0.2768568 -0.3178987 -0.8774428 -0.3592139 0.8330847 0.4840376 0.2677263
-0.1254714 -0.2690898 -0.1339319 0.5339229 0.3132503 0.1767019 -0.1048262 -0.3816302 -0.1525124 0.6174885 0.3577349 0.1965780 -0.3852187 -0.8261515 -0.4111937 0.8293859 0.4865971 0.2744855 -0.2471530 -0.8997855 -0.3595850 0.8342084 0.4832891 0.2655710
-0.1235076 -0.2712412 -0.1358239 0.5341289 0.3060455 0.1769174 -0.0962027 -0.3853247 -0.1575315 0.6096052 0.3502940 0.1931277 -0.3770913 -0.8281487 -0.4146949 0.8339076 0.4778128 0.2762119 -0.2251650 -0.9018626 -0.3687065 0.8360782 0.4804309 0.2648761
-0.1162451 -0.2714178 -0.1372312 0.5106018 0.3060164 0.1639214 -0.0865352 -0.3847721 -0.1597640 0.5663279 0.3506119 0.1623885 -0.3570222 -0.8336022 -0.4214766 0.8269677 0.4956224 0.2654862 -0.2033660 -0.9042518 -0.3754610 0.8260513 0.5114059 0.2368614
-0.1101902 -0.2729832 -0.1390848 0.4947135 0.3087095 0.1506046 -0.0805526 -0.3630242 -0.1576062 0.5187517 0.3556628 0.1025005 -0.3384364 -0.8384364 -0.4271828 0.8214198 0.5125797 0.2500632 -0.1994494 -0.8988529 -0.3902351 0.8140292 0.5581088 0.1608445
-0.0950827 -0.2715389 -0.1437887 0.4772614 0.3075492 0.1205929 -0.0603134 -0.3746578 -0.1654197 0.5262517 0.3562593 0.1026017 -0.2956227 -0.8442446 -0.4470551 0.8222444 0.5298576 0.2077622 -0.1456956 -0.9050396 -0.3995950 0.8175035 0.5534294 0.1593861
-0.0858844 -0.2707582 -0.1472322 0.4833750 0.3185262 0.1004310 -0.0495228 -0.3796251 -0.1686889 0.5026608 0.3613654 0.0466798 -0.2684366 -0.8462705 -0.4601827 0.8227177 0.5421405 0.1709363 -0.1183742 -0.9074162 -0.4032163 0.8096573 0.5820667 0.0751891
-0.0810959 -0.2658977 -0.1495040 0.4888820 0.3322245 0.0421246 -0.0464661 -0.3542938 -0.1672642 0.5345890 0.3742858 0.0069392 -0.2569240 -0.8424040 -0.4736513 0.8250034 0.5606391 0.0710865 -0.1177734 -0.8979959 -0.4239491 0.8191327 0.5735055 0.0106327
-0.0726443 -0.2617509 -0.1505830 0.4724032 0.3404104 -0.0264929 -0.0389407 -0.3511282 -0.1648736 0.4981109 0.3741074 -0.0839374 -0.2338914 -0.8427547 -0.4848292 0.8104677 0.5840173 -0.0454519 -0.0998838 -0.9006524 -0.4229049 0.7924349 0.5951601 -0.1335343
-0.0684171 -0.2589299 -0.1502440 0.3951092 0.3411305 -0.1182809 -0.0277311 -0.3456081 -0.1628889 0.3829766 0.3785319 -0.1778639 -0.2227981 -0.8431969 -0.4892648 0.7382039 0.6373525 -0.2209905 -0.0723907 -0.9021934 -0.4252136 0.6753345 0.6674967 -0.3136421
-0.0179722 -0.2157297 -0.1544772 0.3369822 0.4127569 -0.0636097 0.0306766 -0.2986201 -0.1640031 0.3529025 0.4585029 -0.1160502 -0.0675792 -0.8111887 -0.5808665 0.6279604 0.7691652 -0.1185356 0.0896791 -0.8729790 -0.4794428 0.5980259 0.7769754 -0.1966577
-0.0186454 -0.1794579 -0.1494804 0.2833446 0.3821757 -0.0902778 0.0196792 -0.2675590 -0.1593657 0.2985770 0.3457361 -0.0620607 -0.0795789 -0.7659274 -0.6379831 0.5851274 0.7892210 -0.1864303 0.0630651 -0.8574353 -0.5107128 0.6476538 0.7499483 -0.1346181
0.0103969 -0.1822836 -0.2241704 0.3068025 0.3821468 -0.1557293 0.0529546 -0.2686878 -0.2313531 0.3131481 0.3401322 -0.1439097 0.0359612 -0.6304872 -0.7753661 0.5966441 0.7431675 -0.3028495 0.1477118 -0.7494798 -0.6453381 0.6467164 0.7024442 -0.2972036
0.0057460 -0.1762781 -0.2238592 0.2753377 0.3371048 -0.1996883 0.0503880 -0.2615951 -0.2313743 0.2820091 0.3288244 -0.1805070 0.0201620 -0.6185391 -0.7854953 0.5749619 0.7039444 -0.4169905 0.1428018 -0.7413721 -0.6557248 0.6009213 0.7006780 -0.3846347
0.0012908 -0.1757243 -0.2220151 0.2532666 0.3151485 -0.1793235 0.0463389 -0.2607703 -0.2301579 0.2663022 0.3244389 -0.1891633 0.0045587 -0.6206147 -0.7841024 0.5726271 0.7125400 -0.4054443 0.1320624 -0.7431764 -0.6559332 0.5784257 0.7047024 -0.4108749
-0.0135695 -0.1621596 -0.2159582 0.2283719 0.2838247 -0.1758845 0.0335457 -0.2457656 -0.2268494 0.2337213 0.3266535 -0.2110919 -0.0501825 -0.5996959 -0.7986530 0.5645347 0.7016138 -0.4347858 0.0997983 -0.7311516 -0.6748761 0.5150897 0.7198995 -0.4652175
-0.0166193 -0.1604130 -0.2123266 0.2052647 0.2166779 -0.1532010 0.0309966 -0.2436203 -0.2240626 0.1843678 0.3184769 -0.2404397 -0.0623313 -0.6016332 -0.7963368 0.6118358 0.6458552 -0.4566486 0.0932400 -0.7328272 -0.6739960 0.4194184 0.7245033 -0.5469764
-0.0204342 -0.1381616 -0.2032036 0.2022145 0.2841899 -0.1680969 0.0261168 -0.2221011 -0.2139547 0.1749100 0.3387415 -0.2366252 -0.0828732 -0.5603289 -0.8241138 0.5222703 0.7339926 -0.4341528 0.0843851 -0.7176225 -0.6913010 0.3898159 0.7549415 -0.5273584
-0.0247025 -0.1356620 -0.2007317 0.1662184 0.3016111 -0.1988939 0.0177927 -0.2216758 -0.2118774 0.1567544 0.3350005 -0.2412276 -0.1014347 -0.5570616 -0.8242533 0.4179607 0.7584093 -0.5001242 0.0579261 -0.7216892 -0.6897893 0.3549896 0.7586501 -0.5462897
-0.0346252 -0.1354641 -0.1983680 0.2013822 0.2312340 -0.1422808 0.0062883 -0.2221504 -0.2102017 0.1404120 0.3345288 -0.2479278 -0.1426715 -0.5581735 -0.8173660 0.5957433 0.6840531 -0.4209053 0.0205565 -0.7262179 -0.6871572 0.3195367 0.7612898 -0.5642111
-0.0203318 -0.2140474 -0.1402491 0.2226086 0.2192934 -0.0615393 0.0258429 -0.3186034 -0.1575068 0.1402841 0.3138640 -0.1855405 -0.0792017 -0.8338136 -0.5463350 0.6989661 0.6885565 -0.1932263 0.0725215 -0.8940777 -0.4420020 0.3590947 0.8034191 -0.4749408
-0.0847587 -0.2153695 -0.1280213 0.1014440 0.3128167 -0.1446728 -0.0420351 -0.3192235 -0.1463699 0.0806393 0.3149437 -0.1754903 -0.3204551 -0.8142674 -0.4840218 0.2823610 0.8706992 -0.4026848 -0.1188483 -0.9025584 -0.4138399 0.2182720 0.8524796 -0.4750115
-0.0955767 -0.2135010 -0.1268051 0.1052590 0.3156377 -0.1486175 -0.0733947 -0.2805333 -0.1373348 0.0864970 0.3194866 -0.1759617 -0.3592067 -0.8024023 -0.4765722 0.2888487 0.8661637 -0.4078319 -0.2287488 -0.8743363 -0.4280303 0.2307483 0.8522948 -0.4694132
-0.1099854 -0.2217758 -0.1177831 0.1171326 0.3150883 -0.1589711 -0.0681205 -0.3129293 -0.1420088 0.1146289 0.3244405 -0.1701897 -0.4011980 -0.8089796 -0.4296419 0.3149995 0.8473530 -0.4275140 -0.1944462 -0.8932395 -0.4053565 0.2986040 0.8451553 -0.4433376
-0.1156294 -0.2254311 -0.1150392 0.1594424 0.3227880 -0.1472052 -0.0793783 -0.3250255 -0.1366332 0.1572585 0.3345796 -0.1624493 -0.4155585 -0.8101732 -0.4134374 0.4099287 0.8298924 -0.3784667 -0.2196401 -0.8993471 -0.3780648 0.3894357 0.8285544 -0.4022902
-0.1229458 -0.2261493 -0.1147118 0.1932456 0.3271315 -0.1338486 -0.0955051 -0.3181012 -0.1328917 0.1919939 0.3383005 -0.1513966 -0.4362689 -0.8024831 -0.4070507 0.4797166 0.8120775 -0.3322683 -0.2669762 -0.8892248 -0.3714874 0.4599666 0.8104783 -0.3627061
-0.1343573 -0.2261149 -0.1133714 0.2096214 0.2837545 -0.1231280 -0.1067977 -0.3251229 -0.1307504 0.2298231 0.3317547 -0.1338872 -0.4691019 -0.7894692 -0.3958305 0.5610021 0.7594019 -0.3295229 -0.2915247 -0.8874851 -0.3569082 0.5404901 0.7802093 -0.3148713
-0.1387960 -0.2257351 -0.1120613 0.2372745 0.2902841 -0.1354591 -0.1167092 -0.3216812 -0.1262480 0.2759643 0.3423329 -0.1065455 -0.4824122 -0.7845861 -0.3894908 0.5952112 0.7281875 -0.3398038 -0.3199753 -0.8819363 -0.3461274 0.6099496 0.7566406 -0.2354921
-0.1443255 -0.2256095 -0.1110274 0.3112699 0.2763491 -0.1384510 -0.1242753 -0.3214146 -0.1213543 0.3094112 0.3452722 -0.0741428 -0.4978027 -0.7781647 -0.3829519 0.7095855 0.6299784 -0.3156193 -0.3401566 -0.8797512 -0.3321616 0.6590003 0.7353789 -0.1579133
-0.1463736 -0.2448467 -0.1089531 0.3846907 0.2747122 -0.1240214 -0.1286869 -0.3409664 -0.1192740 0.4104532 0.3131218 -0.1784002 -0.4793445 -0.8018246 -0.3567999 0.7871593 0.5621199 -0.2537742 -0.3355905 -0.8891743 -0.3110435 0.7514588 0.5732643 -0.3266156
-0.1467837 -0.2970804 -0.1112874 0.4573319 0.2524296 -0.0820147 -0.1320441 -0.3917576 -0.1203498 0.4682925 0.2892356 -0.1421908 -0.4199187 -0.8498872 -0.3183708 0.8648947 0.4773886 -0.1551041 -0.3066702 -0.9098502 -0.2795102 0.8237576 0.5087846 -0.2501232
-0.1498773 -0.2980161 -0.1106956 0.5067275 0.2718880 0.0496234 -0.1358871 -0.3920368 -0.1193563 0.5759829 0.2710870 0.0499108 -0.4264314 -0.8479162 -0.3149514 0.8779083 0.4710475 0.0859729 -0.3147391 -0.9080277 -0.2764507 0.9020286 0.4245408 0.0781638
-0.1503696 -0.2975958 -0.1109508 0.5037060 0.2895341 0.0814827 -0.1366547 -0.3916307 -0.1194465 0.5349356 0.3324793 0.0337722 -0.4279116 -0.8468780 -0.3157362 0.8585756 0.4935159 0.1388886 -0.3165912 -0.9073002 -0.2767245 0.8481013 0.5271217 0.0535434
-0.1504347 -0.2968120 -0.1116631 0.4951042 0.2922365 0.1126117 -0.1365969 -0.3925605 -0.1207062 0.5127119 0.3459816 0.0690543 -0.4285965 -0.8456334 -0.3181341 0.8451145 0.4988310 0.1922218 -0.3155981 -0.9069850 -0.2788837 0.8238047 0.5559093 0.1109537
-0.1509672 -0.2973988 -0.1124601 0.4902444 0.2920573 0.1348379 -0.1319656 -0.3915451 -0.1226061 0.5079226 0.3458021 0.0913094 -0.4289179 -0.8449498 -0.3195142 0.8360806 0.4980851 0.2299574 -0.3061898 -0.9084726 -0.2844738 0.8176343 0.5566589 0.1469863
-0.1497638 -0.2738444 -0.1170912 0.4994840 0.3115658 0.1443892 -0.1296694 -0.3831611 -0.1287233 0.5543626 0.3552785 0.1575531 -0.4492526 -0.8214623 -0.3512432 0.8240406 0.5140162 0.2382109 -0.3054672 -0.9026274 -0.3032384 0.8188207 0.5247638 0.2327137
-0.1392568 -0.2723232 -0.1189515 0.5351615 0.3068656 0.1921598 -0.1214632 -0.3812169 -0.1332355 0.5810229 0.3615589 0.1931863 -0.4243311 -0.8297994 -0.3624584 0.8282510 0.4749253 0.2973991 -0.2880318 -0.9039991 -0.3159481 0.8171003 0.5084652 0.2716804
-0.1298382 -0.2772133 -0.1260459 0.5345708 0.3020964 0.1924186 -0.1053710 -0.3845300 -0.1456046 0.5804321 0.3567894 0.1934041 -0.3922035 -0.8373812 -0.3807482 0.8307631 0.4694805 0.2990329 -0.2482467 -0.9059256 -0.3430341 0.8195405 0.5037684 0.2730767
-0.1193773 -0.2841611 -0.1334608 0.5331793 0.2964052 0.1947302 -0.0890426 -0.3945883 -0.1543344 0.5790346 0.3510981 0.1959643 -0.3554245 -0.8460390 -0.3973556 0.8326292 0.4628755 0.3040967 -0.2056638 -0.9113899 -0.3564699 0.8213852 0.4980476 0.2779837
-0.1066551 -0.2806732 -0.1381677 0.5408365 0.2793102 0.1829591 -0.0751040 -0.3858489 -0.1563835 0.5866891 0.3340028 0.1842862 -0.3226894 -0.8491883 -0.4180320 0.8509018 0.4394407 0.2878508 -0.1775275 -0.9120531 -0.3696526 0.8383640 0.4772816 0.2633404
-0.0960294 -0.2781296 -0.1423948 0.5333446 0.2741765 0.1711620 -0.0570565 -0.3924257 -0.1664039 0.5791962 0.3288689 0.1725233 -0.2937709 -0.8508476 -0.4356110 0.8552136 0.4396397 0.2744569 -0.1326738 -0.9125103 -0.3869401 0.8418165 0.4779853 0.2507491
-0.0859384 -0.2746879 -0.1458297 0.5048014 0.2761384 0.1363797 -0.0542861 -0.3644556 -0.1621682 0.5506457 0.3308307 0.1379923 -0.2663490 -0.8513408 -0.4519702 0.8536650 0.4669751 0.2306305 -0.1348444 -0.9052922 -0.4028189 0.8380704 0.5035168 0.2100211
-0.0152888 -0.2251575 -0.1911459 0.5592348 0.3190603 0.0616506 0.0152540 -0.3154343 -0.2067741 0.6175721 0.3461186 0.0306658 -0.0516957 -0.7613174 -0.6463152 0.8646244 0.4932943 0.0953170 0.0404107 -0.8356439 -0.5477830 0.8715212 0.4884445 0.0432757
-0.0299098 -0.2194613 -0.1562076 0.5345656 0.3061370 0.0798196 0.0219471 -0.3265647 -0.1757345 0.5799918 0.3385644 0.0353188 -0.1103549 -0.8097229 -0.5763424 0.8605794 0.4928398 0.1284989 0.0590778 -0.8790546 -0.4730462 0.8624342 0.5034373 0.0525183
-0.0235968 -0.1789252 -0.1613216 0.5489937 0.2851644 0.0381953 0.0148836 -0.2666437 -0.1736377 0.5849920 0.3238736 -0.0097752 -0.0974811 -0.7391604 -0.6664378 0.8857368 0.4600792 0.0616237 0.0467239 -0.8370696 -0.5450976 0.8747752 0.4843085 -0.0146174
-0.0068960 -0.1873553 -0.2329426 0.4983502 0.3368496 -0.1352531 0.0353905 -0.2732678 -0.2455107 0.5374529 0.3666683 -0.1869957 -0.0230621 -0.6265684 -0.7790252 0.8083095 0.5463603 -0.2193766 0.0958943 -0.7404482 -0.6652374 0.7939265 0.5416432 -0.2762305
