-0.2228117 -0.2800290 -0.0237542 0.1679461 0.3007720 -0.2909427 -0.2110249 -0.3724413 -0.0400514 0.1014545 0.3471070 -0.3476129 -0.6212614 -0.7807992 -0.0662335 0.3724626 0.6670374 -0.6452385 -0.4908243 -0.8662641 -0.0931558 0.2022583 0.6919880 -0.6929966
-0.2295741 -0.2900120 -0.0094961 0.1753545 0.2954060 -0.2980174 -0.2248747 -0.3774027 -0.0172942 0.1609347 0.3392628 -0.3446900 -0.6204674 -0.7838122 -0.0256651 0.3855778 0.6495526 -0.6552947 -0.5114747 -0.8583976 -0.0393354 0.3157341 0.6655917 -0.6762393
-0.2359976 -0.2936345 0.0023865 0.2234982 0.2863907 -0.2982076 -0.2351003 -0.3791996 -0.0029198 0.2045005 0.3128943 -0.3310481 -0.6264452 -0.7794397 0.0063347 0.4755294 0.6093435 -0.6344859 -0.5269228 -0.8498879 -0.0065440 0.4095615 0.6266463 -0.6630037
-0.2557086 -0.3007893 0.0369907 0.2523941 0.2768940 -0.2866123 -0.2429245 -0.3814678 0.0080939 0.2345500 0.3078894 -0.3313393 -0.6448793 -0.7585697 0.0932881 0.5350508 0.5869881 -0.6075900 -0.5370606 -0.8433539 0.0178940 0.4603488 0.6042913 -0.6503161
-0.2555203 -0.3025283 0.0454383 0.2924072 0.2652480 -0.2708131 -0.2513687 -0.3842292 0.0238039 0.2686103 0.3058654 -0.3421374 -0.6410511 -0.7589851 0.1139960 0.6107768 0.5540469 -0.5656711 -0.5467316 -0.8357057 0.0517739 0.5051393 0.5752001 -0.6434121
-0.2551838 -0.3052294 0.0500645 0.3255377 0.2654054 -0.2686339 -0.2645683 -0.3942569 0.0597064 0.3127204 0.3063874 -0.3387862 -0.6363899 -0.7611961 0.1248534 0.6529337 0.5323258 -0.5388012 -0.5528665 -0.8238759 0.1247680 0.5649124 0.5534722 -0.6119988
-0.2602499 -0.3005347 0.0856386 0.3607650 0.2658884 -0.2586508 -0.2644707 -0.3897195 0.0544029 0.3471801 0.3069325 -0.3326198 -0.6399447 -0.7390034 0.2105820 0.6972059 0.5138496 -0.4998624 -0.5578188 -0.8219924 0.1147461 0.6086408 0.5380828 -0.5831151
-0.2591266 -0.3039195 0.0890199 0.3818580 0.2601353 -0.2582780 -0.2633427 -0.3896935 0.0574905 0.3751993 0.3062370 -0.3358115 -0.6332638 -0.7427306 0.2175504 0.7213946 0.4914398 -0.4879311 -0.5557738 -0.8224319 0.1213313 0.6366401 0.5196246 -0.5698067
-0.2575065 -0.3041032 0.0929425 0.3989295 0.2452775 -0.2386776 -0.2621784 -0.3899036 0.0605733 0.4056946 0.3044030 -0.3404288 -0.6293263 -0.7432051 0.2271443 0.7589743 0.4666472 -0.4540907 -0.5534202 -0.8230295 0.1278614 0.6641447 0.4983247 -0.5573009
-0.2558206 -0.3051722 0.0850810 0.4266405 0.2337485 -0.2327374 -0.2601731 -0.3885359 0.0586668 0.4287642 0.3034676 -0.3411846 -0.6282408 -0.7494379 0.2089408 0.7911241 0.4334423 -0.4315675 -0.5520724 -0.8244507 0.1244875 0.6845232 0.4844868 -0.5447022
-0.2520689 -0.3075901 0.0679497 0.4286914 0.2332991 -0.2307448 -0.2551475 -0.3880860 0.0524666 0.4575747 0.3066843 -0.3357547 -0.6247918 -0.7624097 0.1684239 0.7940801 0.4321481 -0.4274166 -0.5458856 -0.8303062 0.1122518 0.7093021 0.4754018 -0.5204648
-0.2506223 -0.2998191 0.0585135 0.4292624 0.2323239 -0.2311212 -0.2526768 -0.3857475 0.0482588 0.4602234 0.3054198 -0.3366708 -0.6342798 -0.7587881 0.1480871 0.7948518 0.4301869 -0.4279600 -0.5449677 -0.8319716 0.1040836 0.7114677 0.4721540 -0.5204655
-0.2458636 -0.3012476 0.0521443 0.4287954 0.2313442 -0.2324741 -0.2439479 -0.3841489 0.0430249 0.4616667 0.3055251 -0.3395876 -0.6266852 -0.7678543 0.1329114 0.7942974 0.4285402 -0.4306332 -0.5336967 -0.8404212 0.0941277 0.7108443 0.4704276 -0.5228749
-0.2383282 -0.3019891 0.0395785 0.4227398 0.2363860 -0.2475542 -0.2369932 -0.3794967 0.0325168 0.4607487 0.3065695 -0.3427825 -0.6162566 -0.7808677 0.1023401 0.7771814 0.4345813 -0.4551133 -0.5282965 -0.8459602 0.0724853 0.7077778 0.4709359 -0.5265644
-0.2303762 -0.3045455 0.0284889 0.4201566 0.2234573 -0.2396755 -0.2244374 -0.3842550 0.0174375 0.4381645 0.2978841 -0.3417788 -0.6016197 -0.7953105 0.0743978 0.7885360 0.4193773 -0.4498151 -0.5039681 -0.8628343 0.0391554 0.6949428 0.4724536 -0.5420720
-0.2257892 -0.3042577 0.0143172 0.3917606 0.2397857 -0.2523846 -0.2172889 -0.3845978 -0.0003884 0.4050266 0.2982331 -0.3469124 -0.5955064 -0.8024626 0.0377609 0.7475047 0.4575267 -0.4815663 -0.4918984 -0.8706522 -0.0008792 0.6628764 0.4880956 -0.5677654
-0.2229056 -0.3005122 0.0076224 0.3740600 0.2560208 -0.2704865 -0.2136296 -0.3834735 -0.0066306 0.3784168 0.3046362 -0.3441272 -0.5956284 -0.8030018 0.0203679 0.7086422 0.4850214 -0.5124261 -0.4866120 -0.8734876 -0.0151034 0.6356347 0.5117039 -0.5780377
-0.2193733 -0.3003479 -0.0015918 0.3447016 0.2735510 -0.2827798 -0.2083130 -0.3849170 -0.0154696 0.3342681 0.3098554 -0.3363575 -0.5898154 -0.8075268 -0.0042798 0.6589832 0.5229611 -0.5406041 -0.4756615 -0.8789189 -0.0353232 0.5900956 0.5469989 -0.5937840
-0.2150240 -0.2987120 -0.0106323 0.3190049 0.2664881 -0.2736012 -0.1992947 -0.3894302 -0.0271028 0.2898676 0.3139881 -0.3428696 -0.5839741 -0.8112586 -0.0288757 0.6410457 0.5355124 -0.5498062 -0.4546970 -0.8884970 -0.0618359 0.5290724 0.5730976 -0.6258127
-0.2100183 -0.2747353 -0.0208910 0.2813735 0.2710378 -0.2734464 -0.1976674 -0.3700257 -0.0310718 0.2484135 0.3118082 -0.3345319 -0.6062109 -0.7930145 -0.0603013 0.5900418 0.5683678 -0.5734185 -0.4698955 -0.8796262 -0.0738640 0.4773255 0.5991381 -0.6428016
-0.2093717 -0.2716087 -0.0224995 0.2424800 0.2772556 -0.2837549 -0.1956008 -0.3664254 -0.0350180 0.2104238 0.3098905 -0.3233605 -0.6092104 -0.7903017 -0.0654669 0.5215118 0.5963050 -0.6102833 -0.4692496 -0.8790605 -0.0840088 0.4252311 0.6262365 -0.6534572
-0.2047983 -0.2457997 -0.0331400 0.2079776 0.2817111 -0.2896854 -0.1956881 -0.3413198 -0.0445191 0.1797252 0.3137084 -0.3192873 -0.6367136 -0.7641860 -0.1030315 0.4576372 0.6198816 -0.6374285 -0.4942266 -0.8620314 -0.1124368 0.3726057 0.6503793 -0.6619455
-0.2032430 -0.2447801 -0.0404725 0.1740109 0.2680824 -0.2726405 -0.1916336 -0.3395856 -0.0550910 0.1389214 0.3100381 -0.3186058 -0.6337033 -0.7632141 -0.1261916 0.4142167 0.6381453 -0.6489954 -0.4866292 -0.8623346 -0.1398965 0.2982682 0.6656606 -0.6840556
-0.2000667 -0.2453348 -0.0497195 0.1568705 0.2687136 -0.2686035 -0.1859915 -0.3393631 -0.0669569 0.1007728 0.3342642 -0.3311159 -0.6243314 -0.7655959 -0.1551556 0.3816323 0.6537227 -0.6534549 -0.4735761 -0.8640948 -0.1704872 0.2094325 0.6946891 -0.6881461
-0.1863774 -0.2486178 -0.0607446 0.0873735 0.3111778 -0.3264928 -0.1740034 -0.3431532 -0.0764433 0.0843739 0.3286829 -0.3408775 -0.5886791 -0.7852676 -0.1918640 0.1901837 0.6773330 -0.7106688 -0.4435820 -0.8747907 -0.1948748 0.1754181 0.6833504 -0.7087036
-0.1731522 -0.2957954 -0.0814521 0.1133487 0.2628893 -0.2888265 -0.1666240 -0.3762017 -0.0839065 0.0666637 0.3216462 -0.3432479 -0.4914991 -0.8396267 -0.2312048 0.2787249 0.6464459 -0.7102254 -0.3968007 -0.8958921 -0.1998161 0.1403153 0.6770082 -0.7224760
-0.1717329 -0.2956062 -0.0839608 0.0974494 0.2696017 -0.2970944 -0.1642970 -0.3748093 -0.0882795 0.0546711 0.3179568 -0.3458803 -0.4878370 -0.8397204 -0.2385051 0.2360398 0.6530231 -0.7196152 -0.3924438 -0.8952783 -0.2108665 0.1155864 0.6722286 -0.7312650
-0.1703647 -0.2940947 -0.0874544 0.0475414 0.2893863 -0.3248676 -0.1612276 -0.3722822 -0.0940084 -0.0413760 0.3607767 -0.4039470 -0.4854422 -0.8380022 -0.2491950 0.1086270 0.6612172 -0.7422883 -0.3871528 -0.8939541 -0.2257406 -0.0761736 0.6641931 -0.7436700
-0.1696356 -0.2928234 -0.0894696 0.0420723 0.2823706 -0.3159767 -0.1592746 -0.3720075 -0.0974052 -0.0056048 0.3210717 -0.3567159 -0.4846205 -0.8365475 -0.2555997 0.0987971 0.6630820 -0.7419982 -0.3826619 -0.8937590 -0.2340187 -0.0116776 0.6689507 -0.7432151
-0.1710294 -0.2934109 -0.0876101 0.0457632 0.2803883 -0.3135376 -0.1586743 -0.3722141 -0.0978860 -0.0035809 0.3203762 -0.3552578 -0.4876284 -0.8365550 -0.2497885 0.1081603 0.6626923 -0.7410400 -0.3811571 -0.8941088 -0.2351355 -0.0074853 0.6696896 -0.7426034
-0.1774550 -0.2919020 -0.0814255 0.0401220 0.2913116 -0.3252704 -0.1617294 -0.3712445 -0.0959980 0.0019107 0.3199653 -0.3546264 -0.5053111 -0.8312042 -0.2318627 0.0915004 0.6643525 -0.7417975 -0.3886171 -0.8920578 -0.2306721 0.0040003 0.6698860 -0.7424532
-0.1837600 -0.2886825 -0.0749735 0.0848107 0.2456943 -0.2819563 -0.1664450 -0.3722655 -0.0894617 0.0035823 0.3200781 -0.3546295 -0.5245443 -0.8240461 -0.2140123 0.2211598 0.6406943 -0.7352544 -0.3986905 -0.8916982 -0.2142902 0.0074985 0.6699994 -0.7423237
-0.1893749 -0.2879076 -0.0677596 0.0465327 0.2994107 -0.3401495 -0.1700867 -0.3770714 -0.0764466 -0.0720053 0.4014637 -0.4443283 -0.5392146 -0.8197706 -0.1929347 0.1021491 0.6572701 -0.7467004 -0.4043311 -0.8963765 -0.1817294 -0.1193828 0.6656157 -0.7366841
-0.1930518 -0.2872167 -0.0612397 0.1011307 0.2810765 -0.3109553 -0.1718200 -0.3774663 -0.0734500 0.0575347 0.3216476 -0.3568590 -0.5493107 -0.8172479 -0.1742518 0.2345388 0.6518626 -0.7211565 -0.4079431 -0.8961981 -0.1743884 0.1189090 0.6647601 -0.7375328
-0.1962401 -0.2905945 -0.0513823 0.1048500 0.2891484 -0.3274568 -0.1818412 -0.3744167 -0.0630403 0.0900581 0.3033283 -0.3509975 -0.5537334 -0.8199746 -0.1449861 0.2333874 0.6436204 -0.7288917 -0.4319424 -0.8893831 -0.1497449 0.1905728 0.6418762 -0.7427496
-0.2007239 -0.2889168 -0.0435281 0.1614588 0.2781831 -0.3167531 -0.1885649 -0.3737854 -0.0578914 0.1326338 0.3124614 -0.3538556 -0.5662452 -0.8150388 -0.1227933 0.3576624 0.6162291 -0.7016690 -0.4461607 -0.8844084 -0.1369759 0.2704911 0.6372285 -0.7216470
-0.2097196 -0.2913444 -0.0286613 0.1994542 0.2679624 -0.2999667 -0.2037236 -0.3759486 -0.0369838 0.1784286 0.2919879 -0.3491222 -0.5823627 -0.8090237 -0.0795885 0.4442575 0.5968503 -0.6681355 -0.4746642 -0.8759387 -0.0861701 0.3649923 0.5972883 -0.7141619
-0.2233166 -0.2980316 -0.0091105 0.2457717 0.2483938 -0.2752594 -0.2138656 -0.3760828 -0.0192567 0.2154888 0.2801157 -0.3413349 -0.5994647 -0.8000275 -0.0244560 0.5525109 0.5584055 -0.6188013 -0.4938389 -0.8684158 -0.0444657 0.4385784 0.5701119 -0.6947096
-0.2334413 -0.3027846 0.0225240 0.2579589 0.2504711 -0.3115926 -0.2254059 -0.3770814 0.0046937 0.2348264 0.2786154 -0.3480915 -0.6095245 -0.7905828 0.0588111 0.5421788 0.5264409 -0.6549062 -0.5130549 -0.8582893 0.0106835 0.4659973 0.5528936 -0.6907643
-0.2366749 -0.3040096 0.0308624 0.3029289 0.2451326 -0.2888398 -0.2322711 -0.3817272 0.0180772 0.2757359 0.2751653 -0.3527617 -0.6123396 -0.7865522 0.0798491 0.6245169 0.5053644 -0.5954708 -0.5193839 -0.8535844 0.0404227 0.5246765 0.5235908 -0.6712431
-0.2486944 -0.3132781 0.0670568 0.3163971 0.2446951 -0.2873800 -0.2370118 -0.3840148 0.0278513 0.3002471 0.2798479 -0.3587725 -0.6131941 -0.7724351 0.1653388 0.6424123 0.4968287 -0.5834960 -0.5242167 -0.8493540 0.0616008 0.5507676 0.5133477 -0.6581255
-0.2483931 -0.3137196 0.0721701 0.3646099 0.2515047 -0.2767965 -0.2424566 -0.3834056 0.0365740 0.3413391 0.2896399 -0.3551963 -0.6108953 -0.7715587 0.1774943 0.6980673 0.4815206 -0.5299433 -0.5327459 -0.8424509 0.0803634 0.5973092 0.5068408 -0.6215578
-0.2529375 -0.3127052 0.0663806 0.3706588 0.2485383 -0.2703008 -0.2466093 -0.3853482 0.0456353 0.3697624 0.2905490 -0.3504930 -0.6204963 -0.7671159 0.1628422 0.7104162 0.4763563 -0.5180670 -0.5363709 -0.8381256 0.0992560 0.6304504 0.4953904 -0.5975958
-0.2532074 -0.3163283 0.0633531 0.3905053 0.2418094 -0.2503945 -0.2463301 -0.3860315 0.0493913 0.4023906 0.2861438 -0.3433874 -0.6174115 -0.7713233 0.1544778 0.7464804 0.4622369 -0.4786481 -0.5348203 -0.8381334 0.1072360 0.6690626 0.4757768 -0.5709568
-0.2545612 -0.3169697 0.0599444 0.4037239 0.2386756 -0.2521522 -0.2461650 -0.3875148 0.0526192 0.4250819 0.2854282 -0.3436616 -0.6194739 -0.7713447 0.1458746 0.7581890 0.4482301 -0.4735391 -0.5327127 -0.8386004 0.1138705 0.6893316 0.4628630 -0.5572968
-0.2546879 -0.3161113 0.0574773 0.4186071 0.2365255 -0.2443751 -0.2462791 -0.3882155 0.0532986 0.4640845 0.2895369 -0.3316857 -0.6211975 -0.7710125 0.1401903 0.7761366 0.4385403 -0.4530942 -0.5321233 -0.8387986 0.1151596 0.7254673 0.4526106 -0.5184986
-0.2528319 -0.3173630 0.0509196 0.4366107 0.2290636 -0.2197443 -0.2450562 -0.3896517 0.0528296 0.4734078 0.2893002 -0.3330320 -0.6182540 -0.7760529 0.1245146 0.8088344 0.4243471 -0.4070828 -0.5289054 -0.8409863 0.1140222 0.7315999 0.4470817 -0.5146645
