-0.2047295 -0.3344845 -0.0140540 0.0832306 0.2095270 -0.3432046 -0.1837228 -0.4224587 -0.0276190 0.0251019 0.2561201 -0.3982157 -0.5217134 -0.8523687 -0.0358140 0.2026893 0.5102554 -0.8357969 -0.3980936 -0.9153906 -0.0598453 0.0529427 0.5401847 -0.8398795
-0.2053857 -0.3343860 -0.0134832 0.1089595 0.2064450 -0.3359415 -0.1836650 -0.4227700 -0.0268775 0.0592114 0.2518777 -0.3986280 -0.5230671 -0.8515995 -0.0343383 0.2663511 0.5046538 -0.8212074 -0.3977804 -0.9156322 -0.0582110 0.1245928 0.5300015 -0.8387938
-0.2060613 -0.3349525 -0.0120274 0.1228938 0.2052908 -0.3352955 -0.1843297 -0.4230051 -0.0255145 0.0775994 0.2508816 -0.4034986 -0.5237357 -0.8513322 -0.0305694 0.2983507 0.4983869 -0.8140008 -0.3988721 -0.9153430 -0.0552110 0.1611854 0.5211180 -0.8381260
-0.2061690 -0.3350147 -0.0091583 0.1375207 0.2099850 -0.3472413 -0.1850852 -0.4230081 -0.0229519 0.1141924 0.2471175 -0.4012386 -0.5239667 -0.8514207 -0.0232754 0.3209614 0.4900868 -0.8104312 -0.4003593 -0.9150123 -0.0496474 0.2355111 0.5096567 -0.8275171
-0.2067836 -0.3353290 -0.0051757 0.1794266 0.1893053 -0.3239212 -0.1860499 -0.4234304 -0.0192005 0.1317530 0.2434068 -0.4003462 -0.5248385 -0.8511004 -0.0131365 0.4314395 0.4551933 -0.7788832 -0.4019223 -0.9147338 -0.0414787 0.2707035 0.5001104 -0.8225626
-0.2078550 -0.3312996 -0.0013943 0.1832564 0.2005506 -0.3334631 -0.1867220 -0.4235808 -0.0159295 0.1653304 0.2452899 -0.3997050 -0.5314523 -0.8470807 -0.0035651 0.4260612 0.4662693 -0.7752837 -0.4031269 -0.9144976 -0.0343914 0.3324842 0.4932852 -0.8038184
-0.2077869 -0.3316792 0.0021277 0.2246664 0.1969694 -0.3096894 -0.1873182 -0.4233491 -0.0126289 0.1910859 0.2472753 -0.3972492 -0.5308862 -0.8474257 0.0054361 0.5220856 0.4577225 -0.7196643 -0.4044777 -0.9141412 -0.0272696 0.3780612 0.4892314 -0.7859531
-0.2085986 -0.3327931 0.0065430 0.2479477 0.1886459 -0.2854452 -0.1888225 -0.4244300 -0.0083298 0.2297948 0.2431135 -0.3876481 -0.5310287 -0.8471901 0.0166566 0.5867958 0.4464516 -0.6755380 -0.4064091 -0.9135153 -0.0179285 0.4487864 0.4747976 -0.7570720
-0.2089555 -0.3330968 0.0080674 0.2655906 0.1895072 -0.2846799 -0.1894692 -0.4242574 -0.0069542 0.2475671 0.2432938 -0.3878123 -0.5312946 -0.8469388 0.0205124 0.6133650 0.4376551 -0.6574507 -0.4077283 -0.9129807 -0.0149651 0.4756689 0.4674582 -0.7451322
-0.2103632 -0.3334446 0.0107907 0.2789081 0.1927496 -0.2832163 -0.1919736 -0.4243627 -0.0045207 0.2662758 0.2443291 -0.3871505 -0.5333700 -0.8454394 0.0273596 0.6313538 0.4363201 -0.6411062 -0.4121484 -0.9110650 -0.0097055 0.5027788 0.4613392 -0.7310128
-0.2078991 -0.3344446 0.0099994 0.3104958 0.1989117 -0.2782617 -0.1903650 -0.4239883 -0.0066660 0.3025166 0.2435618 -0.3772946 -0.5277660 -0.8490104 0.0253841 0.6721332 0.4305861 -0.6023558 -0.4095534 -0.9121734 -0.0143413 0.5586949 0.4498158 -0.6967968
-0.2101133 -0.3364033 0.0108998 0.3136282 0.1977752 -0.2808348 -0.1936386 -0.4252533 -0.0079750 0.3134690 0.2395168 -0.3722206 -0.5295475 -0.8478354 0.0274706 0.6742808 0.4252041 -0.6037771 -0.4143485 -0.9099583 -0.0170649 0.5779476 0.4416009 -0.6862690
-0.2083283 -0.3364184 0.0113185 0.3285361 0.2015229 -0.2796291 -0.1930089 -0.4246916 -0.0072381 0.3329585 0.2337375 -0.3588800 -0.5262659 -0.8498392 0.0285921 0.6899524 0.4232144 -0.5872438 -0.4136949 -0.9102834 -0.0155140 0.6137659 0.4308649 -0.6615489
-0.2077806 -0.3356711 0.0122791 0.3463739 0.2030388 -0.2761701 -0.1912389 -0.4245156 -0.0080434 0.3440882 0.2350989 -0.3584600 -0.5260713 -0.8498721 0.0310889 0.7107897 0.4166535 -0.5667255 -0.4106730 -0.9116191 -0.0172727 0.6259650 0.4276917 -0.6521101
-0.2053079 -0.3368164 0.0095539 0.3533160 0.2038209 -0.2749787 -0.1912020 -0.4234468 -0.0086971 0.3542282 0.2367403 -0.3567739 -0.5203292 -0.8536224 0.0242131 0.7182340 0.4143348 -0.5589871 -0.4114574 -0.9112368 -0.0187158 0.6374360 0.4260158 -0.6420170
-0.2017523 -0.3392269 0.0051806 0.3665579 0.2022038 -0.2631623 -0.1903221 -0.4219926 -0.0111627 0.3662985 0.2359221 -0.3470973 -0.5111246 -0.8594064 0.0131247 0.7413073 0.4089263 -0.5322056 -0.4110093 -0.9113124 -0.0241064 0.6575625 0.4235167 -0.6230933
-0.1994302 -0.3378288 0.0023175 0.3711145 0.2048399 -0.2649701 -0.1885485 -0.4195830 -0.0156925 0.3814972 0.2396097 -0.3434331 -0.5083502 -0.8611302 0.0059074 0.7423857 0.4097662 -0.5300520 -0.4096493 -0.9116057 -0.0340943 0.6734526 0.4229802 -0.6062584
-0.1987444 -0.3371218 0.0003812 0.3744728 0.2060636 -0.2634726 -0.1868576 -0.4176108 -0.0199736 0.3843651 0.2377227 -0.3387841 -0.5078501 -0.8614449 0.0009742 0.7458050 0.4103991 -0.5247356 -0.4080352 -0.9119237 -0.0436158 0.6805073 0.4208811 -0.5998074
-0.1978269 -0.3357795 -0.0044785 0.3782124 0.2078851 -0.2624177 -0.1878728 -0.4162782 -0.0226904 0.3871511 0.2398499 -0.3392691 -0.5075765 -0.8615300 -0.0114908 0.7487903 0.4115739 -0.5195382 -0.4108547 -0.9103495 -0.0496211 0.6817166 0.4223407 -0.5974035
-0.1981386 -0.3350195 -0.0066002 0.3787212 0.2080490 -0.2602123 -0.1882424 -0.4157679 -0.0251747 0.3870590 0.2398764 -0.3380637 -0.5089846 -0.8606086 -0.0169548 0.7508274 0.4124640 -0.5158795 -0.4118272 -0.9095961 -0.0550760 0.6824809 0.4229615 -0.5960900
-0.1971643 -0.3350461 -0.0086017 0.3800672 0.2080301 -0.2568673 -0.1878125 -0.4145521 -0.0263946 0.3878529 0.2406712 -0.3369449 -0.5070459 -0.8616352 -0.0221208 0.7545586 0.4130083 -0.5099661 -0.4119809 -0.9093511 -0.0578985 0.6836237 0.4242034 -0.5938940
-0.1973992 -0.3317690 -0.0103890 0.3793951 0.2078773 -0.2559850 -0.1864274 -0.4144512 -0.0297380 0.3871274 0.2405214 -0.3366117 -0.5111412 -0.8590757 -0.0269012 0.7547527 0.4135423 -0.5092457 -0.4093507 -0.9100375 -0.0652976 0.6832570 0.4245060 -0.5940998
-0.1964540 -0.3312648 -0.0133386 0.3784768 0.2081156 -0.2553379 -0.1864781 -0.4133794 -0.0312652 0.3858019 0.2409979 -0.3368071 -0.5097828 -0.8596065 -0.0346128 0.7543117 0.4147785 -0.5088936 -0.4102294 -0.9093851 -0.0687797 0.6816223 0.4257873 -0.5950598
-0.1953299 -0.3330520 -0.0152998 0.3775833 0.2078422 -0.2555043 -0.1864067 -0.4128124 -0.0321284 0.3852363 0.2407719 -0.3365612 -0.5055011 -0.8619170 -0.0395950 0.7535858 0.4148142 -0.5099388 -0.4105101 -0.9091069 -0.0707539 0.6813791 0.4258605 -0.5952859
-0.1946695 -0.3344861 -0.0172241 0.3765613 0.2072784 -0.2548171 -0.1868553 -0.4127860 -0.0324335 0.3841497 0.2401813 -0.3357655 -0.5025108 -0.8634269 -0.0444615 0.7535832 0.4148103 -0.5099459 -0.4113330 -0.9086845 -0.0713973 0.6812230 0.4259200 -0.5954220
-0.1963401 -0.3344568 -0.0173414 0.3743237 0.2081534 -0.2559244 -0.1884889 -0.4123121 -0.0326644 0.3824260 0.2407047 -0.3358444 -0.5057499 -0.8615229 -0.0446695 0.7502345 0.4171894 -0.5129339 -0.4146909 -0.9071201 -0.0718644 0.6792530 0.4275321 -0.5965163
-0.1974229 -0.3346724 -0.0169728 0.3732623 0.2079410 -0.2565712 -0.1894955 -0.4124327 -0.0327095 0.3813651 0.2404315 -0.3354715 -0.5076002 -0.8604869 -0.0436393 0.7489356 0.4172251 -0.5147996 -0.4164191 -0.9063269 -0.0718797 0.6786460 0.4278522 -0.5969775
-0.1974394 -0.3341375 -0.0166019 0.3736254 0.2076328 -0.2566187 -0.1892183 -0.4120827 -0.0326792 0.3815696 0.2402883 -0.3356806 -0.5082540 -0.8601462 -0.0427371 0.7494115 0.4164664 -0.5147214 -0.4162076 -0.9064239 -0.0718816 0.6787655 0.4274433 -0.5971345
-0.1977417 -0.3343456 -0.0158823 0.3723851 0.2060513 -0.2565614 -0.1894419 -0.4120491 -0.0321401 0.3795596 0.2382150 -0.3363025 -0.5086360 -0.8600119 -0.0408528 0.7493530 0.4146383 -0.5162801 -0.4166773 -0.9063017 -0.0706920 0.6774489 0.4251730 -0.6002424
-0.1964725 -0.3343416 -0.0148681 0.3697031 0.2037240 -0.2596492 -0.1879089 -0.4123237 -0.0317497 0.3756875 0.2365649 -0.3405156 -0.5062668 -0.8615255 -0.0383120 0.7459978 0.4110803 -0.5239278 -0.4136830 -0.9077339 -0.0698972 0.6714544 0.4228049 -0.6085927
-0.1969772 -0.3354023 -0.0128494 0.3552352 0.1998875 -0.2696685 -0.1885443 -0.4116697 -0.0294978 0.3585230 0.2338785 -0.3487527 -0.5061360 -0.8618215 -0.0330167 0.7268367 0.4089842 -0.5517611 -0.4155227 -0.9072567 -0.0650087 0.6493253 0.4235801 -0.6316301
-0.1972507 -0.3369284 -0.0085575 0.3465470 0.1967933 -0.2737854 -0.1887037 -0.4126090 -0.0276913 0.3496855 0.2310297 -0.3556471 -0.5051043 -0.8627801 -0.0219133 0.7167334 0.4070107 -0.5662469 -0.4151376 -0.9077167 -0.0609193 0.6361710 0.4203045 -0.6470167
-0.1985752 -0.3379560 -0.0049746 0.3141258 0.1936091 -0.2921160 -0.1904008 -0.4134130 -0.0242127 0.3190339 0.2245674 -0.3700949 -0.5065576 -0.8621127 -0.0126900 0.6674602 0.4113841 -0.6206932 -0.4177334 -0.9070154 -0.0531219 0.5932670 0.4175996 -0.6882186
-0.1986065 -0.3382133 -0.0012529 0.3073667 0.1911801 -0.2918404 -0.1896555 -0.4132195 -0.0204559 0.3067893 0.2206854 -0.3694274 -0.5063687 -0.8623112 -0.0031944 0.6610496 0.4111686 -0.6276574 -0.4167116 -0.9079269 -0.0449457 0.5805051 0.4175797 -0.6990286
-0.1998638 -0.3385387 -0.0008491 0.2821855 0.1819511 -0.2901265 -0.1900231 -0.4147959 -0.0197264 0.2786206 0.2131314 -0.3697051 -0.5083853 -0.8611270 -0.0021599 0.6359204 0.4100367 -0.6538158 -0.4160999 -0.9082923 -0.0431956 0.5466973 0.4181972 -0.7254193
-0.2085068 -0.3279842 0.0081763 0.2648354 0.1744073 -0.2873851 -0.1910279 -0.4174997 -0.0164127 0.2431796 0.2123057 -0.3805136 -0.5363714 -0.8437199 0.0210329 0.6188386 0.4075361 -0.6715304 -0.4158020 -0.9087532 -0.0357248 0.4873343 0.4254627 -0.7625528
-0.2076549 -0.3308363 0.0086772 0.2368482 0.1688872 -0.2914152 -0.1914578 -0.4194832 -0.0134859 0.2211054 0.2059954 -0.3842263 -0.5314909 -0.8467728 0.0222092 0.5752154 0.4101636 -0.7077380 -0.4150333 -0.9093364 -0.0292341 0.4523185 0.4214078 -0.7860174
-0.2078085 -0.3343311 0.0083502 0.2092381 0.1642798 -0.2965931 -0.1932614 -0.4197205 -0.0120293 0.1717819 0.1994693 -0.3916347 -0.5277806 -0.8491159 0.0212073 0.5251740 0.4123316 -0.7444293 -0.4181032 -0.9080267 -0.0260243 0.3640339 0.4227081 -0.8299381
-0.2074320 -0.3338756 0.0048205 0.1808605 0.1642095 -0.3085666 -0.1917120 -0.4201634 -0.0159494 0.1491686 0.1935743 -0.3855893 -0.5276884 -0.8493495 0.0122630 0.4595513 0.4172425 -0.7840416 -0.4148627 -0.9092292 -0.0345143 0.3267587 0.4240308 -0.8446459
-0.2076083 -0.3345889 0.0031878 0.1466831 0.1669911 -0.3272448 -0.1920360 -0.4194695 -0.0162932 0.1284239 0.1949693 -0.3888717 -0.5272217 -0.8496892 0.0080954 0.3707961 0.4221322 -0.8272332 -0.4159997 -0.9086795 -0.0352954 0.2831394 0.4298537 -0.8573552
-0.2090424 -0.3349555 0.0012787 0.1354369 0.1666414 -0.3282209 -0.1926760 -0.4209524 -0.0179494 0.1021650 0.1957302 -0.3870114 -0.5294410 -0.8483406 0.0032386 0.3453029 0.4248604 -0.8368151 -0.4158772 -0.9085951 -0.0387425 0.2292944 0.4392880 -0.8685909
-0.2087721 -0.3349016 -0.0018379 0.1334378 0.1667076 -0.3272152 -0.1925160 -0.4208446 -0.0204740 0.0617309 0.2014451 -0.3915964 -0.5290063 -0.8486051 -0.0046571 0.3415123 0.4266610 -0.8374543 -0.4155854 -0.9084797 -0.0441973 0.1388215 0.4530134 -0.8806290
-0.2076533 -0.3351119 -0.0056454 0.1146157 0.1660892 -0.3245560 -0.1909583 -0.4203189 -0.0241991 0.0553317 0.2071128 -0.3965146 -0.5266730 -0.8499474 -0.0143185 0.2999025 0.4345876 -0.8492303 -0.4130639 -0.9091964 -0.0523453 0.1227531 0.4594786 -0.8796654
-0.2065283 -0.3352786 -0.0118674 0.1085809 0.1685235 -0.3256779 -0.1889615 -0.4208503 -0.0303590 0.0384751 0.2123354 -0.4016435 -0.5242334 -0.8510417 -0.0301232 0.2839202 0.4406599 -0.8515915 -0.4087213 -0.9102938 -0.0656662 0.0843856 0.4657058 -0.8809070
-0.2045932 -0.3349296 -0.0155179 0.0961200 0.1781851 -0.3497252 -0.1864474 -0.4213476 -0.0338092 0.0287591 0.2155765 -0.4047625 -0.5208834 -0.8527131 -0.0395077 0.2378620 0.4409432 -0.8654425 -0.4035700 -0.9120174 -0.0731809 0.0625888 0.4691626 -0.8808911
-0.2034907 -0.3340534 -0.0180692 0.0775404 0.1769325 -0.3344495 -0.1844343 -0.4209073 -0.0371426 0.0081449 0.2233579 -0.4081415 -0.5196796 -0.8531141 -0.0461455 0.2007621 0.4581007 -0.8659321 -0.4000390 -0.9129504 -0.0805626 0.0175034 0.4799961 -0.8770960
-0.2023936 -0.3334827 -0.0195295 0.0677264 0.1852317 -0.3541942 -0.1828738 -0.4200866 -0.0393328 0.0041905 0.2254757 -0.4081096 -0.5181829 -0.8538070 -0.0500009 0.1670597 0.4569081 -0.8736853 -0.3976808 -0.9135283 -0.0855340 0.0089872 0.4835704 -0.8752593
-0.2016879 -0.3333677 -0.0203769 0.0608403 0.1836705 -0.3492065 -0.1819737 -0.4183465 -0.0390750 -0.0010259 0.2271711 -0.4070102 -0.5169323 -0.8544316 -0.0522265 0.1523955 0.4600662 -0.8747084 -0.3974256 -0.9136576 -0.0853388 -0.0022009 0.4873692 -0.8731932
-0.2022836 -0.3318755 -0.0199913 0.0550930 0.1870363 -0.3482377 -0.1811962 -0.4181186 -0.0386980 -0.0076386 0.2285699 -0.4060442 -0.5197711 -0.8527598 -0.0513680 0.1380404 0.4686357 -0.8725397 -0.3962026 -0.9142557 -0.0846168 -0.0163912 0.4904726 -0.8713025
-0.2025074 -0.3318436 -0.0196119 0.0271154 0.1976358 -0.3613953 -0.1811352 -0.4172505 -0.0376970 -0.0137179 0.2300466 -0.4063544 -0.5202529 -0.8525247 -0.0503841 0.0656870 0.4787719 -0.8754785 -0.3968514 -0.9141596 -0.0825908 -0.0293648 0.4924420 -0.8698497
-0.2023478 -0.3317551 -0.0194708 0.0305560 0.1982194 -0.3611680 -0.1830805 -0.4165105 -0.0354111 -0.0205962 0.2325321 -0.4096119 -0.5200640 -0.8526600 -0.0500428 0.0739643 0.4798124 -0.8742479 -0.4011863 -0.9127039 -0.0775967 -0.0436857 0.4932140 -0.8688104
-0.2019639 -0.3306078 -0.0196147 0.0335168 0.2001168 -0.3609188 -0.1833454 -0.4157598 -0.0333163 -0.0205856 0.2352299 -0.4113024 -0.5206436 -0.8522754 -0.0505649 0.0809497 0.4833225 -0.8716918 -0.4024162 -0.9125317 -0.0731243 -0.0434053 0.4959892 -0.8672432
-0.2030771 -0.3304146 -0.0181318 0.0348305 0.2011257 -0.3612813 -0.1868770 -0.4160658 -0.0302225 -0.0187908 0.2359858 -0.4113535 -0.5230491 -0.8510221 -0.0467006 0.0839378 0.4846911 -0.8706486 -0.4088252 -0.9102145 -0.0661169 -0.0395921 0.4972210 -0.8667201
-0.2043619 -0.3286326 -0.0168559 0.0395407 0.2023537 -0.3616217 -0.1878769 -0.4154318 -0.0294381 -0.0152246 0.2372373 -0.4115500 -0.5275770 -0.8483920 -0.0435149 0.0949882 0.4861116 -0.8687190 -0.4112088 -0.9092612 -0.0644316 -0.0320333 0.4991575 -0.8659190
-0.2044592 -0.3286440 -0.0153784 0.0512848 0.2032826 -0.3605140 -0.1909833 -0.4159208 -0.0274907 -0.0036842 0.2393964 -0.4115391 -0.5278288 -0.8484225 -0.0397005 0.1229727 0.4874388 -0.8644542 -0.4165412 -0.9071375 -0.0599582 -0.0077379 0.5028087 -0.8643631
-0.2069108 -0.3289923 -0.0133176 0.0694671 0.2020176 -0.3592102 -0.1945615 -0.4162788 -0.0248174 0.0137503 0.2394084 -0.4125901 -0.5320724 -0.8460060 -0.0342464 0.1662156 0.4833721 -0.8594904 -0.4228018 -0.9046160 -0.0539307 0.0288135 0.5016762 -0.8645755
-0.2075585 -0.3284962 -0.0117316 0.0944185 0.2018823 -0.3530466 -0.1957954 -0.4157919 -0.0231570 0.0344202 0.2427149 -0.4150784 -0.5339101 -0.8450026 -0.0301775 0.2261477 0.4835408 -0.8456037 -0.4254863 -0.9035646 -0.0503228 0.0714019 0.5034914 -0.8610448
-0.2102375 -0.3256209 -0.0089114 0.1062163 0.1999296 -0.3489011 -0.1970933 -0.4158201 -0.0213004 0.0575282 0.2446457 -0.4170240 -0.5422742 -0.8398871 -0.0229855 0.2553795 0.4806976 -0.8388749 -0.4278517 -0.9026654 -0.0462391 0.1181524 0.5024575 -0.8564908
-0.2119220 -0.3232628 -0.0060949 0.1163288 0.2014825 -0.3489770 -0.1988057 -0.4158951 -0.0188017 0.0696599 0.2455216 -0.4162566 -0.5481918 -0.8362040 -0.0157660 0.2773568 0.4803845 -0.8320481 -0.4309195 -0.9014697 -0.0407535 0.1426681 0.5028447 -0.8525215
-0.2122504 -0.3238501 -0.0041314 0.1318882 0.2056143 -0.3546511 -0.1997139 -0.4156789 -0.0167126 0.0958153 0.2470531 -0.4130949 -0.5481266 -0.8363273 -0.0106693 0.3062622 0.4774643 -0.8235480 -0.4327783 -0.9007726 -0.0362160 0.1952314 0.5033906 -0.8417141
-0.2126008 -0.3242844 0.0015289 0.1410955 0.2086427 -0.3562870 -0.2009042 -0.4154421 -0.0111827 0.1140244 0.2471660 -0.4099064 -0.5482721 -0.8362907 0.0039429 0.3233720 0.4781811 -0.8165620 -0.4352292 -0.8999937 -0.0242256 0.2317321 0.5023161 -0.8330539
-0.2143084 -0.3247533 0.0064782 0.1527805 0.2119233 -0.3562517 -0.2026448 -0.4156029 -0.0061878 0.1233708 0.2490052 -0.4118608 -0.5507143 -0.8345278 0.0166471 0.3458302 0.4797044 -0.8064026 -0.4382300 -0.8987633 -0.0133814 0.2483092 0.5011746 -0.8289551
-0.2155935 -0.3252691 0.0099374 0.1675594 0.2156827 -0.3540678 -0.2034344 -0.4159700 -0.0027597 0.1631987 0.2491445 -0.4015035 -0.5522969 -0.8332587 0.0254573 0.3747125 0.4823304 -0.7918005 -0.4393265 -0.8983077 -0.0059597 0.3264549 0.4983768 -0.8031486
-0.2160242 -0.3285174 0.0093958 0.2157184 0.1908474 -0.3046727 -0.2042317 -0.4188036 -0.0014883 0.1755552 0.2488691 -0.4007317 -0.5492720 -0.8353020 0.0238901 0.5145165 0.4551958 -0.7266839 -0.4383127 -0.8988169 -0.0031942 0.3487873 0.4944450 -0.7961605
-0.2161248 -0.3292305 0.0092992 0.2262470 0.1917407 -0.3019319 -0.2037770 -0.4195500 -0.0042951 0.2184369 0.2480964 -0.3929981 -0.5486229 -0.8357366 0.0236055 0.5345850 0.4530522 -0.7134162 -0.4368778 -0.8994737 -0.0092082 0.4253626 0.4831187 -0.7652862
-0.2156534 -0.3306305 0.0090711 0.2494730 0.1945377 -0.2970437 -0.2018758 -0.4209283 -0.0057988 0.2215119 0.2517182 -0.3978892 -0.5461678 -0.8373607 0.0229737 0.5748826 0.4482904 -0.6845040 -0.4324021 -0.9015953 -0.0124206 0.4257126 0.4837646 -0.7646833
-0.2159470 -0.3337807 0.0081968 0.2623334 0.1904171 -0.2851289 -0.2009155 -0.4220281 -0.0108837 0.2519197 0.2482607 -0.3830498 -0.5430848 -0.8394248 0.0206140 0.6076571 0.4410735 -0.6604597 -0.4297295 -0.9026576 -0.0232787 0.4831903 0.4761722 -0.7347021
-0.2141894 -0.3346176 0.0060879 0.2775354 0.1932089 -0.2788609 -0.1988091 -0.4217025 -0.0142068 0.2687781 0.2489698 -0.3740422 -0.5390514 -0.8421335 0.0153213 0.6331889 0.4408004 -0.6362129 -0.4262328 -0.9041006 -0.0304584 0.5133476 0.4755150 -0.7143947
-0.2060582 -0.3375480 0.0000782 0.2979096 0.1973948 -0.2728422 -0.1950736 -0.4195934 -0.0185320 0.2863449 0.2506345 -0.3689202 -0.5210428 -0.8535305 0.0001978 0.6625816 0.4390263 -0.6068291 -0.4212401 -0.9060659 -0.0400179 0.5402607 0.4728842 -0.6960595
-0.2038714 -0.3370126 -0.0015569 0.3156848 0.1979952 -0.2623351 -0.1928382 -0.4176084 -0.0225225 0.3044166 0.2494670 -0.3629262 -0.5175944 -0.8556170 -0.0039528 0.6927199 0.4344689 -0.5756526 -0.4187282 -0.9067938 -0.0489053 0.5686121 0.4659731 -0.6779007
-0.2056341 -0.3350820 -0.0017130 0.3237408 0.2015959 -0.2606770 -0.1942807 -0.4168737 -0.0254936 0.3285161 0.2592465 -0.3562287 -0.5230401 -0.8522969 -0.0043570 0.7008074 0.4363982 -0.5642922 -0.4217730 -0.9050107 -0.0553453 0.5977661 0.4717235 -0.6481918
-0.2044375 -0.3349202 -0.0056619 0.3358259 0.2073858 -0.2596967 -0.1938917 -0.4163889 -0.0272529 0.3350469 0.2573819 -0.3519616 -0.5209578 -0.8534605 -0.0144280 0.7107840 0.4389373 -0.5496546 -0.4213877 -0.9049444 -0.0592291 0.6092982 0.4680608 -0.6400584
-0.2019326 -0.3327820 -0.0064841 0.3497482 0.2105566 -0.2570859 -0.1923348 -0.4151692 -0.0274936 0.3471738 0.2599499 -0.3488198 -0.5186930 -0.8547983 -0.0166552 0.7249527 0.4364385 -0.5328836 -0.4195950 -0.9057276 -0.0599796 0.6237651 0.4670504 -0.6267224
-0.1991020 -0.3317615 -0.0087418 0.3578699 0.2124959 -0.2563851 -0.1903699 -0.4126964 -0.0290746 0.3605956 0.2597510 -0.3401195 -0.5144501 -0.8572228 -0.0225874 0.7320888 0.4346995 -0.5244829 -0.4180126 -0.9061952 -0.0638417 0.6443512 0.4641513 -0.6077624
-0.1995064 -0.3301371 -0.0093841 0.3627732 0.2142685 -0.2553650 -0.1894921 -0.4123427 -0.0298020 0.3717758 0.2603815 -0.3359046 -0.5170548 -0.8556067 -0.0243205 0.7363367 0.4349102 -0.5183255 -0.4166705 -0.9066925 -0.0655310 0.6583995 0.4611249 -0.5948731
