-0.1857755 -0.2531043 -0.0497422 0.3631810 0.1536788 -0.1403615 -0.1568575 -0.3470487 -0.0697314 0.4015566 0.1683407 -0.1970782 -0.5844176 -0.7962224 -0.1564803 0.8676260 0.3671330 -0.3353184 -0.4051266 -0.8963461 -0.1801001 0.8401830 0.3522218 -0.4123497
-0.1837286 -0.2526197 -0.0502893 0.4100783 0.1637053 -0.0960039 -0.1549598 -0.3469216 -0.0703699 0.4632611 0.1819055 -0.1377753 -0.5807051 -0.7984467 -0.1589476 0.9075275 0.3622895 -0.2124623 -0.4010158 -0.8977879 -0.1821080 0.8970746 0.3522481 -0.2667929
-0.1823700 -0.2532992 -0.0505575 0.4349913 0.1684435 -0.0550855 -0.1543642 -0.3473273 -0.0705821 0.4959049 0.1885058 -0.0832199 -0.5767757 -0.8011010 -0.1598966 0.9260899 0.3586137 -0.1172762 -0.3993042 -0.8984547 -0.1825794 0.9234526 0.3510273 -0.1549684
-0.1838898 -0.2462191 -0.0499398 0.4518659 0.1665699 -0.0063756 -0.1554895 -0.3461224 -0.0709938 0.5181024 0.1859851 -0.0182206 -0.5906377 -0.7908339 -0.1604020 0.9381982 0.3458451 -0.0132376 -0.4027931 -0.8966245 -0.1839083 0.9406797 0.3376792 -0.0330817
-0.1976014 -0.2108572 -0.0464018 0.4565189 0.1637414 0.0190875 -0.1669372 -0.3089129 -0.0645942 0.5240062 0.1821523 0.0157602 -0.6751503 -0.7204418 -0.1585422 0.9405564 0.3373530 0.0393257 -0.4675771 -0.8652390 -0.1809230 0.9441778 0.3282102 0.0283974
-0.1984528 -0.2094390 -0.0448998 0.4574559 0.1591181 0.0491123 -0.1681448 -0.3074135 -0.0640989 0.4930902 0.1681379 -0.0485354 -0.6796320 -0.7172561 -0.1537662 0.9396763 0.3268501 0.1008833 -0.4720406 -0.8630159 -0.1799479 0.9424064 0.3213494 -0.0927620
-0.1963860 -0.2105836 -0.0450451 0.4577383 0.1569824 0.0515644 -0.1679163 -0.3090667 -0.0644655 0.4833085 0.1604950 -0.0409725 -0.6738284 -0.7225424 -0.1545563 0.9405934 0.3225786 0.1059581 -0.4695716 -0.8642935 -0.1802754 0.9459840 0.3141383 -0.0801958
-0.1828998 -0.2489137 -0.0519750 0.4574876 0.1546731 0.0566598 -0.1635880 -0.3221741 -0.0663779 0.5065243 0.1619625 -0.0287334 -0.5839192 -0.7946726 -0.1659334 0.9408686 0.3181005 0.1165265 -0.4452907 -0.8769664 -0.1806825 0.9511052 0.3041184 -0.0539529
-0.2111721 -0.1803164 -0.0377407 0.4745529 0.1529251 0.0689026 -0.1820304 -0.2782799 -0.0587282 0.5353677 0.1602094 -0.0155669 -0.7535519 -0.6434456 -0.1346750 0.9428396 0.3038309 0.1368953 -0.5390712 -0.8241081 -0.1739198 0.9576520 0.2865785 -0.0278457
-0.1923580 -0.2067670 -0.0437055 0.4994992 0.1522829 0.0736040 -0.1661451 -0.3057319 -0.0638404 0.5721820 0.1522016 -0.0012544 -0.6731223 -0.7235440 -0.1529395 0.9471718 0.2887654 0.1395712 -0.4696442 -0.8642159 -0.1804584 0.9663925 0.2570624 -0.0021186
-0.1904980 -0.2083323 -0.0443563 0.5406655 0.1428067 0.0376810 -0.1647738 -0.3074587 -0.0643270 0.5668147 0.1476990 -0.0347053 -0.6666340 -0.7290441 -0.1552217 0.9646550 0.2547956 0.0672304 -0.4645310 -0.8667888 -0.1813510 0.9659922 0.2517156 -0.0591464
-0.1755254 -0.2468171 -0.0542055 0.5412190 0.1413229 0.0412391 -0.1615787 -0.3219867 -0.0643312 0.5912061 0.1425354 -0.0174748 -0.5704831 -0.8021914 -0.1761757 0.9649393 0.2519646 0.0735253 -0.4415284 -0.8798581 -0.1757908 0.9717447 0.2342804 -0.0287226
-0.1879091 -0.2165541 -0.0502159 0.5320262 0.1425576 0.0907974 -0.1621612 -0.3161843 -0.0674748 0.6037006 0.1460839 0.0150522 -0.6455598 -0.7439696 -0.1725162 0.9530622 0.2553751 0.1626529 -0.4483397 -0.8741793 -0.1865529 0.9716635 0.2351238 0.0242268
-0.1776859 -0.2489066 -0.0536855 0.5421208 0.1383987 0.0406248 -0.1591969 -0.3226990 -0.0663559 0.5869637 0.1434117 -0.0219189 -0.5722614 -0.8016371 -0.1729013 0.9663802 0.2467084 0.0724174 -0.4350855 -0.8819368 -0.1813508 0.9707865 0.2371904 -0.0362519
-0.1778079 -0.2479560 -0.0534014 0.5421493 0.1385730 0.0359087 -0.1598364 -0.3218336 -0.0663182 0.5891562 0.1430472 -0.0250673 -0.5740235 -0.8004849 -0.1723976 0.9668639 0.2471298 0.0640393 -0.4374195 -0.8807526 -0.1814911 0.9709368 0.2357436 -0.0413113
-0.1772626 -0.2503403 -0.0538294 0.5164023 0.1368432 0.0516169 -0.1595402 -0.3241834 -0.0672769 0.5931132 0.1467710 -0.0155019 -0.5691855 -0.8038361 -0.1728449 0.9621558 0.2549649 0.0961721 -0.4340943 -0.8820733 -0.1830544 0.9704079 0.2401359 -0.0253630
-0.1797051 -0.2496123 -0.0524564 0.5105878 0.1376243 -0.0186865 -0.1606142 -0.3227870 -0.0675792 0.5503153 0.1582226 -0.0814969 -0.5759545 -0.8000070 -0.1681226 0.9649383 0.2600903 -0.0353149 -0.4378583 -0.8799654 -0.1842309 0.9514776 0.2735618 -0.1409056
-0.1955130 -0.2087598 -0.0394258 0.4923131 0.1383565 -0.0235414 -0.1670610 -0.3062427 -0.0633989 0.5033053 0.1605624 -0.0965747 -0.6771670 -0.7230479 -0.1365527 0.9616868 0.2702662 -0.0459859 -0.4711772 -0.8637240 -0.1788096 0.9371658 0.2989708 -0.1798242
-0.1943548 -0.2093556 -0.0401295 0.4630153 0.1361776 -0.0199393 -0.1663446 -0.3072421 -0.0629508 0.5042569 0.1597077 -0.1128513 -0.6737478 -0.7257491 -0.1391124 0.9585497 0.2819194 -0.0412789 -0.4685651 -0.8654500 -0.1773218 0.9323443 0.2952911 -0.2086560
-0.1945395 -0.2090057 -0.0398690 0.4524636 0.1389252 -0.0530927 -0.1664783 -0.3068952 -0.0626151 0.5157435 0.1492003 -0.0812928 -0.6747748 -0.7249519 -0.1382885 0.9499956 0.2916883 -0.1114737 -0.4693342 -0.8651964 -0.1765239 0.9497852 0.2747649 -0.1497074
-0.1934516 -0.2106161 -0.0400549 0.3584687 0.1455406 -0.1514706 -0.1656391 -0.3086447 -0.0625050 0.3731963 0.1766847 -0.2204704 -0.6699201 -0.7293605 -0.1387096 0.8627781 0.3502935 -0.3645660 -0.4655195 -0.8674289 -0.1756668 0.7972894 0.3774658 -0.4710087
-0.1942619 -0.2112012 -0.0402327 0.2957618 0.1386927 -0.1565763 -0.1664779 -0.3093808 -0.0620504 0.2907423 0.1489701 -0.1557241 -0.6704175 -0.7288771 -0.1388473 0.8164521 0.3828620 -0.4322298 -0.4666312 -0.8671825 -0.1739250 0.8033726 0.4116308 -0.4302935
-0.1847915 -0.2188706 -0.0425881 0.2401612 0.1303170 -0.1618367 -0.1623685 -0.3184374 -0.0642884 0.2350702 0.1519952 -0.1840516 -0.6381003 -0.7557786 -0.1470603 0.7562452 0.4103561 -0.5096088 -0.4470757 -0.8768060 -0.1770158 0.7016691 0.4536958 -0.5493820
-0.1842649 -0.2196529 -0.0430226 0.2038246 0.1235025 -0.1593270 -0.1617370 -0.3192641 -0.0644103 0.1867183 0.1512045 -0.2034620 -0.6355782 -0.7576404 -0.1483962 0.7109959 0.4308106 -0.5557761 -0.4447672 -0.8779573 -0.1771244 0.5930605 0.4802605 -0.6462423
-0.1863290 -0.2168006 -0.0417253 0.1830386 0.1226367 -0.1658251 -0.1630474 -0.3161118 -0.0636996 0.1432582 0.1515302 -0.2235052 -0.6449649 -0.7504401 -0.1444293 0.6637724 0.4447306 -0.6013492 -0.4512262 -0.8748247 -0.1762857 0.4686577 0.4957188 -0.7311791
-0.1723886 -0.2461959 -0.0515520 0.1443459 0.1135343 -0.1764399 -0.1695381 -0.3228460 -0.0595956 0.1142028 0.1491662 -0.2334456 -0.5653214 -0.8073608 -0.1690568 0.5667957 0.4458095 -0.6928178 -0.4588410 -0.8737564 -0.1612905 0.3811215 0.4978027 -0.7790628
-0.1920342 -0.2118175 -0.0355441 0.1355458 0.0978848 -0.1695723 -0.1664266 -0.3097184 -0.0609863 0.0642453 0.1474096 -0.2524294 -0.6665317 -0.7351975 -0.1233702 0.5691944 0.4110454 -0.7120810 -0.4663757 -0.8679208 -0.1709012 0.2146553 0.4925223 -0.8434127
-0.1911333 -0.2192740 -0.0385875 0.0941301 0.0986198 -0.1919578 -0.1663974 -0.3176845 -0.0629066 0.0583890 0.1394668 -0.2521137 -0.6513730 -0.7472750 -0.1315044 0.3997973 0.4188664 -0.8152994 -0.4570102 -0.8725201 -0.1727729 0.1986188 0.4744165 -0.8576011
-0.1920453 -0.2103125 -0.0391700 0.0815859 0.0947634 -0.2010847 -0.1684710 -0.3093980 -0.0618553 0.0399907 0.1307309 -0.2559323 -0.6680209 -0.7315625 -0.1362511 0.3445438 0.4001933 -0.8491966 -0.4710091 -0.8650111 -0.1729343 0.1378244 0.4505520 -0.8820472
-0.1884854 -0.2268373 -0.0431479 0.0715987 0.0865791 -0.2051178 -0.1664183 -0.3264938 -0.0648320 0.0294153 0.1204819 -0.2565378 -0.6323602 -0.7610292 -0.1447593 0.3061462 0.3702003 -0.8770555 -0.4471794 -0.8773151 -0.1742089 0.1032320 0.4228273 -0.9003112
-0.1892483 -0.2331441 -0.0437348 0.0693507 0.0837625 -0.2059715 -0.1658195 -0.3322766 -0.0663766 0.0247135 0.1171892 -0.2571564 -0.6236493 -0.7683033 -0.1441239 0.2977496 0.3596251 -0.8843161 -0.4395601 -0.8808106 -0.1759535 0.0871178 0.4131057 -0.9065066
-0.1896836 -0.2341293 -0.0440315 0.0701042 0.0832665 -0.2054960 -0.1656494 -0.3331345 -0.0666005 0.0271120 0.1151190 -0.2539848 -0.6228845 -0.7688357 -0.1445909 0.3014669 0.3580684 -0.8836881 -0.4382721 -0.8814009 -0.1762103 0.0967695 0.4108886 -0.9065353
-0.1870058 -0.2288672 -0.0401533 0.0755274 0.0899182 -0.2011892 -0.1624761 -0.3277065 -0.0629194 0.0372238 0.1195016 -0.2455374 -0.6269729 -0.7673213 -0.1346218 0.3242185 0.3859941 -0.8636498 -0.4377694 -0.8829600 -0.1695276 0.1350651 0.4336067 -0.8909224
-0.1865430 -0.2360019 -0.0420597 0.0946629 0.0819483 -0.1932456 -0.1614092 -0.3347070 -0.0647527 0.0565975 0.1114897 -0.2429710 -0.6141328 -0.7769604 -0.1384680 0.4111102 0.3558920 -0.8392433 -0.4279220 -0.8873625 -0.1716699 0.2071235 0.4080065 -0.8891741
-0.1858551 -0.2429798 -0.0431928 0.1152033 0.0803263 -0.1829357 -0.1603066 -0.3415997 -0.0657950 0.0880125 0.1060649 -0.2313386 -0.6015803 -0.7864827 -0.1398074 0.4995186 0.3482927 -0.7932045 -0.4185144 -0.8918185 -0.1717718 0.3268399 0.3938785 -0.8590899
-0.1873746 -0.2420188 -0.0417936 0.1507012 0.0797332 -0.1657312 -0.1608626 -0.3402404 -0.0650152 0.1157711 0.1048296 -0.2210894 -0.6065554 -0.7834455 -0.1352910 0.6338080 0.3353360 -0.6970202 -0.4211882 -0.8908548 -0.1702299 0.4276899 0.3872691 -0.8167644
-0.1864860 -0.2411003 -0.0426602 0.1719032 0.0828308 -0.1614562 -0.1611100 -0.3398374 -0.0649455 0.1639765 0.1000877 -0.1926385 -0.6059141 -0.7833620 -0.1386076 0.6877242 0.3313769 -0.6459294 -0.4221305 -0.8904209 -0.1701662 0.6027268 0.3678913 -0.7080794
-0.2013847 -0.1846451 -0.0286300 0.1979517 0.0920679 -0.1629593 -0.1771020 -0.2834862 -0.0516601 0.1861095 0.1090898 -0.1898384 -0.7330630 -0.6721291 -0.1042165 0.7266198 0.3379529 -0.5981735 -0.5236171 -0.8381506 -0.1527374 0.6476522 0.3796272 -0.6606283
-0.1858991 -0.2368232 -0.0434729 0.2387618 0.1036615 -0.1587668 -0.1631705 -0.3363793 -0.0649554 0.2322728 0.1102991 -0.1674885 -0.6111215 -0.7785285 -0.1429122 0.7831000 0.3399929 -0.5207295 -0.4299996 -0.8864532 -0.1711756 0.7569104 0.3594332 -0.5457971
-0.1889046 -0.2315718 -0.0439662 0.3277320 0.1063145 -0.1196074 -0.1656025 -0.3311205 -0.0648600 0.3089668 0.1276068 -0.2200261 -0.6253767 -0.7666281 -0.1455518 0.8985977 0.2915003 -0.3279477 -0.4405946 -0.8809644 -0.1725636 0.7720420 0.3188622 -0.5497982
-0.1894179 -0.2303116 -0.0439281 0.3386265 0.1086995 -0.1097764 -0.1663075 -0.3299082 -0.0648133 0.3009627 0.1132057 -0.1440348 -0.6284246 -0.7640960 -0.1457387 0.9097923 0.2920444 -0.2949375 -0.4433710 -0.8795258 -0.1727903 0.8541942 0.3213012 -0.4088004
-0.1907489 -0.2273245 -0.0442825 0.3794938 0.1168713 -0.0539820 -0.1667842 -0.3268089 -0.0647415 0.3505944 0.1187224 -0.1164246 -0.6357501 -0.7576536 -0.1475898 0.9469945 0.2916424 -0.1347075 -0.4476521 -0.8771616 -0.1737674 0.9035274 0.3059631 -0.3000413
-0.1904189 -0.2255609 -0.0443796 0.3898599 0.1135908 -0.0339701 -0.1667256 -0.3251679 -0.0645631 0.3752752 0.1188781 -0.1042154 -0.6379036 -0.7556293 -0.1486717 0.9567364 0.2787577 -0.0833644 -0.4492988 -0.8762756 -0.1739874 0.9215645 0.2919293 -0.2559222
-0.1881723 -0.2192201 -0.0436491 0.3981930 0.1200189 -0.0080884 -0.1650620 -0.3191348 -0.0629757 0.4267911 0.1347999 -0.0726187 -0.6440198 -0.7502809 -0.1493891 0.9572732 0.2885306 -0.0194449 -0.4525077 -0.8748890 -0.1726442 0.9412586 0.2972920 -0.1601556
-0.1834074 -0.2421423 -0.0454663 0.4360831 0.1276105 -0.0296580 -0.1640463 -0.3149385 -0.0620649 0.4486966 0.1463932 -0.1033993 -0.5971353 -0.7883635 -0.1480287 0.9577134 0.2802546 -0.0651341 -0.4550710 -0.8736519 -0.1721706 0.9286560 0.3029863 -0.2140029
-0.1971369 -0.1931444 -0.0416877 0.4485068 0.1297448 0.0355874 -0.1716176 -0.2925798 -0.0604471 0.4939264 0.1400141 -0.0373934 -0.7062910 -0.6919868 -0.1493562 0.9578352 0.2770842 0.0760008 -0.4981032 -0.8491839 -0.1754418 0.9595499 0.2720051 -0.0726440
-0.1936363 -0.2000911 -0.0409913 0.4579981 0.1308442 0.0426959 -0.1686123 -0.2995112 -0.0604960 0.5170558 0.1425691 -0.0266626 -0.6880056 -0.7109400 -0.1456454 0.9576911 0.2736001 0.0892787 -0.4831381 -0.8582129 -0.1733439 0.9628357 0.2654851 -0.0496498
-0.1796815 -0.2410086 -0.0473835 0.4793898 0.1254192 0.0532114 -0.1648950 -0.3155792 -0.0604352 0.5410170 0.1334800 -0.0039075 -0.5904198 -0.7919359 -0.1556986 0.9619090 0.2516571 0.1067701 -0.4565767 -0.8738052 -0.1673386 0.9708632 0.2395319 -0.0070121
-0.1833821 -0.2132218 -0.0434795 0.4784696 0.1198550 0.0718419 -0.1632539 -0.3139534 -0.0618928 0.5624919 0.1314961 0.0114050 -0.6444067 -0.7492637 -0.1527873 0.9599010 0.2404519 0.1441284 -0.4544496 -0.8739516 -0.1722910 0.9735564 0.2275924 0.0197397
-0.1781218 -0.2427919 -0.0475017 0.4771396 0.1140011 0.0866805 -0.1641914 -0.3174045 -0.0612413 0.5810507 0.1346325 0.0277073 -0.5842990 -0.7964385 -0.1558216 0.9577874 0.2288404 0.1739983 -0.4528578 -0.8754365 -0.1689104 0.9731416 0.2254820 0.0464040
-0.1838508 -0.2219141 -0.0446916 0.4767433 0.1102793 0.0897590 -0.1626668 -0.3224069 -0.0632281 0.5883065 0.1289703 0.0387780 -0.6304387 -0.7609607 -0.1532510 0.9582855 0.2216687 0.1804216 -0.4437026 -0.8794222 -0.1724660 0.9747851 0.2136953 0.0642525
