-0.2068493 -0.3085588 -0.0275923 0.0094653 0.1651501 -0.2628575 -0.1811764 -0.3928696 -0.0397689 -0.0078835 0.1912360 -0.2767651 -0.5552996 -0.8283450 -0.0740732 0.0304764 0.5317521 -0.8463515 -0.4170180 -0.9042771 -0.0915370 -0.0234279 0.5683090 -0.8224816
-0.2070426 -0.3087938 -0.0266658 0.0365429 0.1609568 -0.2632613 -0.1814523 -0.3929450 -0.0390714 0.0146699 0.1942864 -0.2868663 -0.5554688 -0.8284542 -0.0715410 0.1176058 0.5180068 -0.8472531 -0.4175376 -0.9042008 -0.0899067 0.0423036 0.5602622 -0.8272343
-0.2071472 -0.3087832 -0.0256963 0.0606816 0.1824065 -0.2847783 -0.1814441 -0.3925681 -0.0376709 0.0510369 0.1979914 -0.2926828 -0.5557774 -0.8284674 -0.0689433 0.1766113 0.5308865 -0.8288353 -0.4179689 -0.9043073 -0.0867774 0.1429494 0.5545552 -0.8197768
-0.2070039 -0.3066134 -0.0240676 0.0901060 0.1882946 -0.2929857 -0.1806320 -0.3911950 -0.0364370 0.0945285 0.2029652 -0.2941678 -0.5583665 -0.8270504 -0.0649193 0.2504737 0.5234151 -0.8144320 -0.4177211 -0.9046595 -0.0842626 0.2557019 0.5490256 -0.7957308
-0.2090927 -0.3061455 -0.0189472 0.1332038 0.1971472 -0.2940728 -0.1833138 -0.3920064 -0.0318084 0.1286045 0.1918458 -0.2823580 -0.5632591 -0.8247024 -0.0510405 0.3521384 0.5211796 -0.7774126 -0.4224619 -0.9034115 -0.0733051 0.3525463 0.5259111 -0.7740340
-0.2107971 -0.3058302 -0.0158130 0.1542823 0.1776017 -0.2822727 -0.1873704 -0.3934227 -0.0267159 0.1671371 0.2065121 -0.2943268 -0.5669999 -0.8226190 -0.0425337 0.4198671 0.4833289 -0.7681828 -0.4291769 -0.9011451 -0.0611934 0.4215338 0.5208408 -0.7423167
-0.2126579 -0.3077524 -0.0089719 0.2103394 0.1695963 -0.2875814 -0.1897483 -0.3945018 -0.0209363 0.2001145 0.2060054 -0.2953415 -0.5683208 -0.8224576 -0.0239771 0.5330456 0.4297937 -0.7287934 -0.4329555 -0.9001486 -0.0477711 0.4857625 0.5000623 -0.7169187
-0.2142742 -0.3097252 -0.0060793 0.2521146 0.1407625 -0.2101942 -0.1922812 -0.3950910 -0.0183596 0.2467297 0.2007306 -0.2793087 -0.5688650 -0.8222726 -0.0161395 0.7059031 0.3941251 -0.5885289 -0.4372218 -0.8983843 -0.0417473 0.5828739 0.4742058 -0.6598386
-0.2156007 -0.3111119 -0.0028968 0.2649302 0.1434196 -0.2063800 -0.1958394 -0.3936213 -0.0141021 0.2776435 0.2224329 -0.2885202 -0.5695781 -0.8219016 -0.0076527 0.7254961 0.3927464 -0.5651599 -0.4452164 -0.8948489 -0.0320595 0.6061474 0.4856125 -0.6298935
-0.2161285 -0.3117587 0.0002214 0.3088562 0.1820144 -0.2082718 -0.1976648 -0.3942684 -0.0111967 0.3177875 0.2148712 -0.2685104 -0.5697364 -0.8218273 0.0005837 0.7449382 0.4390052 -0.5023360 -0.4480313 -0.8936576 -0.0253786 0.6786733 0.4588831 -0.5734360
-0.2167825 -0.3112591 0.0022885 0.3406583 0.1745646 -0.2069062 -0.1993928 -0.3949615 -0.0092076 0.3567402 0.2081215 -0.2711429 -0.5715060 -0.8205757 0.0060332 0.7829032 0.4011855 -0.4755132 -0.4505699 -0.8924986 -0.0208066 0.7220566 0.4212463 -0.5488041
-0.2157558 -0.3058867 0.0041891 0.3723569 0.1710905 -0.1832688 -0.1982189 -0.3896514 -0.0073100 0.3746585 0.2301427 -0.2558760 -0.5763543 -0.8171233 0.0111904 0.8294919 0.3811348 -0.4082640 -0.4533488 -0.8911764 -0.0167187 0.7364571 0.4523858 -0.5029692
-0.2159849 -0.3035846 0.0057834 0.3980019 0.1776486 -0.1696283 -0.1984070 -0.3879317 -0.0056310 0.4164509 0.2312112 -0.2441599 -0.5796367 -0.8147272 0.0155208 0.8509866 0.3798389 -0.3626902 -0.4553111 -0.8902386 -0.0129222 0.7780337 0.4319600 -0.4561514
-0.2171579 -0.3045443 0.0066243 0.3896297 0.1773240 -0.1765582 -0.1999887 -0.3879810 -0.0051984 0.4076953 0.2304162 -0.2515193 -0.5804853 -0.8140781 0.0177074 0.8414172 0.3829366 -0.3812828 -0.4581408 -0.8887999 -0.0119087 0.7669613 0.4334617 -0.4731610
-0.2185267 -0.3029922 0.0074420 0.3871876 0.1785570 -0.1781355 -0.2008648 -0.3877480 -0.0041949 0.4052328 0.2319833 -0.2528637 -0.5848450 -0.8109005 0.0199170 0.8379014 0.3864100 -0.3854979 -0.4599535 -0.8878910 -0.0096058 0.7631382 0.4368731 -0.4761953
-0.2185724 -0.3002119 0.0069714 0.3832172 0.1809892 -0.1799364 -0.2008723 -0.3872659 -0.0060566 0.4015610 0.2357729 -0.2536017 -0.5884843 -0.8082907 0.0187698 0.8323149 0.3930931 -0.3908065 -0.4603952 -0.8876055 -0.0138817 0.7573200 0.4446536 -0.4782777
-0.2166369 -0.3015640 0.0039988 0.3568671 0.1804770 -0.1899580 -0.2004169 -0.3867951 -0.0082206 0.3807855 0.2451799 -0.2532504 -0.5834029 -0.8121115 0.0107689 0.8060599 0.4076454 -0.4290603 -0.4599756 -0.8877311 -0.0188672 0.7338467 0.4725087 -0.4880620
-0.2171392 -0.2982046 0.0015555 0.3366237 0.2112370 -0.1982618 -0.1951323 -0.3881273 -0.0123807 0.3451188 0.2469361 -0.2569274 -0.5886329 -0.8083894 0.0042166 0.7579532 0.4756284 -0.4464130 -0.4489982 -0.8930784 -0.0284878 0.6956908 0.4977740 -0.5179145
-0.2140842 -0.2981151 -0.0016769 0.3139440 0.2075154 -0.2042250 -0.1914779 -0.3874202 -0.0153133 0.3180072 0.2426298 -0.2637131 -0.5832957 -0.8122471 -0.0045688 0.7332192 0.4846542 -0.4769695 -0.4427988 -0.8959214 -0.0354125 0.6637515 0.5064221 -0.5504276
-0.2117572 -0.2975631 -0.0052507 0.2874368 0.1694658 -0.2055065 -0.1881849 -0.3869115 -0.0202885 0.2874446 0.2375524 -0.2597752 -0.5797489 -0.8146684 -0.0143754 0.7334780 0.4324409 -0.5244091 -0.4369008 -0.8982756 -0.0471030 0.6324896 0.5227075 -0.5716063
-0.2134794 -0.2677885 -0.0062613 0.2583848 0.1710026 -0.2062085 -0.1927432 -0.3580686 -0.0198416 0.2647152 0.2403485 -0.2659055 -0.6232521 -0.7818073 -0.0182797 0.6942254 0.4594479 -0.5540386 -0.4734166 -0.8794894 -0.0487349 0.5940827 0.5393982 -0.5967540
-0.2134596 -0.2654001 -0.0063471 0.2208574 0.1633623 -0.2040488 -0.1910409 -0.3548317 -0.0226055 0.2082544 0.2075987 -0.2513464 -0.6266243 -0.7790988 -0.0186324 0.6454037 0.4773877 -0.5962844 -0.4733127 -0.8791123 -0.0560063 0.5383531 0.5366582 -0.6497491
-0.2134557 -0.2635862 -0.0069261 0.1919872 0.1683989 -0.2111150 -0.1907290 -0.3526323 -0.0247955 0.1776983 0.2123961 -0.2572326 -0.6292032 -0.7769727 -0.0204160 0.5794249 0.5082345 -0.6371535 -0.4748354 -0.8779070 -0.0617303 0.4701451 0.5619467 -0.6805729
-0.2128461 -0.2638519 -0.0071554 0.1539492 0.1783363 -0.2325047 -0.1870633 -0.3517211 -0.0266343 0.1261566 0.2217588 -0.2666394 -0.6277240 -0.7781499 -0.0211027 0.4651000 0.5387764 -0.7024258 -0.4685232 -0.8809290 -0.0667089 0.3418526 0.6009106 -0.7225256
-0.2133320 -0.2628418 -0.0065975 0.1140874 0.1800957 -0.2423631 -0.1883689 -0.3508049 -0.0267128 0.0957417 0.2183003 -0.2681280 -0.6300690 -0.7762946 -0.0194854 0.3534467 0.5579429 -0.7508496 -0.4720142 -0.8790461 -0.0669369 0.2668628 0.6084729 -0.7473587
-0.2124755 -0.2605948 -0.0119137 0.0777172 0.1736467 -0.2377406 -0.1870810 -0.3485074 -0.0317101 0.0506303 0.2144907 -0.2656499 -0.6315250 -0.7745465 -0.0354103 0.2552379 0.5702884 -0.7807847 -0.4714564 -0.8782614 -0.0799114 0.1466838 0.6214133 -0.7696294
-0.2118180 -0.2575418 -0.0140073 0.0431955 0.1677811 -0.2370030 -0.1866357 -0.3455996 -0.0334285 0.0246698 0.2064097 -0.2621655 -0.6346556 -0.7716546 -0.0419690 0.1471359 0.5715085 -0.8072974 -0.4734608 -0.8767231 -0.0848021 0.0737336 0.6169203 -0.7835641
-0.2110925 -0.2557048 -0.0201218 0.0346509 0.1603822 -0.2315965 -0.1852276 -0.3438321 -0.0382941 -0.0001610 0.1996464 -0.2569419 -0.6354580 -0.7697558 -0.0605732 0.1220828 0.5650621 -0.8159660 -0.4720094 -0.8761761 -0.0975837 -0.0004948 0.6135627 -0.7896459
-0.2108594 -0.2545790 -0.0207900 0.0356255 0.1327851 -0.2017954 -0.1847349 -0.3426738 -0.0387515 -0.0267307 0.1902091 -0.2538825 -0.6366210 -0.7686181 -0.0627687 0.1459005 0.5438065 -0.8264306 -0.4722007 -0.8759081 -0.0990527 -0.0839648 0.5974735 -0.7974806
-0.2092943 -0.2525000 -0.0223329 0.0305132 0.1292520 -0.1993045 -0.1827711 -0.3406155 -0.0396003 -0.0399926 0.1926278 -0.2596667 -0.6366881 -0.7681228 -0.0679381 0.1274046 0.5396783 -0.8321751 -0.4703596 -0.8765706 -0.1019109 -0.1227600 0.5912844 -0.7970651
-0.2100555 -0.2535388 -0.0217374 0.0259186 0.1282599 -0.2019225 -0.1827024 -0.3414771 -0.0386133 -0.0422340 0.1910260 -0.2611064 -0.6365968 -0.7683780 -0.0658776 0.1077184 0.5330526 -0.8391970 -0.4694290 -0.8773788 -0.0992116 -0.1294454 0.5854869 -0.8002805
-0.2108478 -0.2540060 -0.0204279 0.0232257 0.1286494 -0.2054158 -0.1834347 -0.3421465 -0.0361149 -0.0451661 0.1913744 -0.2641706 -0.6374910 -0.7679782 -0.0617630 0.0953880 0.5283632 -0.8436430 -0.4704740 -0.8775388 -0.0926275 -0.1371505 0.5811237 -0.8021752
-0.2081521 -0.2880059 -0.0198126 0.0252780 0.1283461 -0.2087482 -0.1754324 -0.3737789 -0.0382174 -0.0412916 0.1897443 -0.2654652 -0.5848556 -0.8092249 -0.0556685 0.1026107 0.5209944 -0.8473700 -0.4230693 -0.9013979 -0.0921644 -0.1255420 0.5768938 -0.8071138
-0.2137664 -0.2745254 -0.0159970 0.0185722 0.1384927 -0.2268588 -0.1828988 -0.3615027 -0.0317642 -0.0328832 0.1909226 -0.2698744 -0.6137338 -0.7881760 -0.0459281 0.0697051 0.5197902 -0.8514454 -0.4500679 -0.8895670 -0.0781637 -0.0989824 0.5747008 -0.8123555
-0.2125160 -0.2946544 -0.0161336 0.0170148 0.1655919 -0.2626230 -0.1806758 -0.3813337 -0.0316046 -0.0007286 0.1956137 -0.2820417 -0.5843899 -0.8102593 -0.0443652 0.0547213 0.5325599 -0.8446215 -0.4269756 -0.9011734 -0.0746885 -0.0021227 0.5699058 -0.8217073
-0.2128751 -0.2963346 -0.0144078 0.0581113 0.1665401 -0.2640565 -0.1835710 -0.3842147 -0.0280006 0.0372161 0.2028031 -0.2913711 -0.5829732 -0.8115327 -0.0394568 0.1829985 0.5244522 -0.8315416 -0.4301750 -0.9003577 -0.0656159 0.1042622 0.5681601 -0.8162864
-0.2135366 -0.2978323 -0.0128053 0.1044203 0.1711024 -0.2631595 -0.1878552 -0.3872858 -0.0230485 0.0865127 0.2191957 -0.2985057 -0.5823260 -0.8122050 -0.0349208 0.3156544 0.5172290 -0.7955102 -0.4358002 -0.8984538 -0.0534696 0.2274785 0.5763583 -0.7848979
-0.2141174 -0.3011066 -0.0092338 0.1611298 0.1492763 -0.2267113 -0.1896331 -0.3908864 -0.0195571 0.1221938 0.2152124 -0.2969062 -0.5793378 -0.8147046 -0.0249838 0.5104460 0.4728950 -0.7182028 -0.4360414 -0.8988023 -0.0449694 0.3161350 0.5567889 -0.7681437
-0.2152407 -0.3041542 -0.0053637 0.1971470 0.1514360 -0.2190329 -0.1916524 -0.3942197 -0.0152788 0.1653186 0.2144678 -0.2987671 -0.5775967 -0.8161953 -0.0143935 0.5950288 0.4570640 -0.6610849 -0.4369602 -0.8988060 -0.0348350 0.4099934 0.5318843 -0.7409484
-0.2159802 -0.3062534 -0.0036499 0.2255509 0.1649725 -0.2357559 -0.1969689 -0.3975415 -0.0121190 0.2140727 0.2392861 -0.3133614 -0.5763020 -0.8171788 -0.0097390 0.6169183 0.4512265 -0.6448306 -0.4437961 -0.8957117 -0.0273056 0.4771562 0.5333556 -0.6984653
-0.2174519 -0.3076722 -0.0019788 0.2703353 0.1489148 -0.2074640 -0.1999024 -0.3990112 -0.0105710 0.2553859 0.2222253 -0.2891449 -0.5771562 -0.8166169 -0.0052521 0.7269334 0.4004329 -0.5578722 -0.4477991 -0.8938206 -0.0236801 0.5736319 0.4991486 -0.6494591
-0.2187649 -0.3082850 0.0008711 0.2973177 0.2000522 -0.2407699 -0.2021462 -0.3988097 -0.0079355 0.2907408 0.2182947 -0.2738468 -0.5787139 -0.8155274 0.0023043 0.6886694 0.4633758 -0.5576892 -0.4520406 -0.8918208 -0.0177454 0.6387596 0.4795951 -0.6016434
-0.2190702 -0.3083311 0.0030079 0.3178970 0.2032686 -0.2409481 -0.2027719 -0.3981903 -0.0060352 0.3178008 0.2483712 -0.3221130 -0.5791762 -0.8151636 0.0079522 0.7100717 0.4540316 -0.5381946 -0.4537427 -0.8910304 -0.0135049 0.6156776 0.4811711 -0.6240316
-0.2193997 -0.3084112 0.0036144 0.3378036 0.2128012 -0.2435249 -0.2029362 -0.3976838 -0.0054953 0.3512463 0.2545480 -0.3253694 -0.5796466 -0.8148120 0.0095491 0.7223370 0.4550401 -0.5207377 -0.4545004 -0.8906615 -0.0123074 0.6477584 0.4694302 -0.6000369
-0.2190536 -0.3076233 0.0036026 0.3749113 0.1632358 -0.1757922 -0.2026388 -0.3964825 -0.0058052 0.3997786 0.1870538 -0.2351610 -0.5800236 -0.8145438 0.0095392 0.8423222 0.3667458 -0.3949567 -0.4550584 -0.8903661 -0.0130366 0.7993769 0.3740233 -0.4702160
-0.2192617 -0.3076274 0.0053007 0.3869586 0.1612572 -0.1705107 -0.2035572 -0.3959127 -0.0040378 0.4157411 0.1837923 -0.2285974 -0.5803531 -0.8142441 0.0140303 0.8550350 0.3563186 -0.3767655 -0.4572313 -0.8893015 -0.0090697 0.8171019 0.3612273 -0.4492876
