-0.1981425 0.4565570 -0.3531247 0.1452199 0.4935896 -0.3864599 -0.1732744 0.5646147 -0.3609677 0.1190322 0.5352890 -0.3916521 -0.3246921 0.7481507 -0.5786584 0.2256778 0.7670589 -0.6005749 -0.2503318 0.8157065 -0.5214949 0.1766410 0.7943562 -0.5812024
-0.1977600 0.4551355 -0.3543271 0.1470910 0.4915688 -0.3861970 -0.1739594 0.5612109 -0.3603994 0.1194215 0.5317236 -0.3911819 -0.3243253 0.7464196 -0.5810945 0.2290416 0.7654423 -0.6013635 -0.2523784 0.8141984 -0.5228633 0.1780202 0.7926337 -0.5831300
-0.1979685 0.4494571 -0.3572131 0.1425346 0.5466034 -0.3883867 -0.1793687 0.5433305 -0.3636534 0.1211204 0.5313103 -0.3919886 -0.3259853 0.7400996 -0.5882059 0.2079223 0.7973576 -0.5665591 -0.2645727 0.8014239 -0.5363964 0.1804322 0.7914893 -0.5839426
-0.1985567 0.4457624 -0.3595623 0.1434479 0.5441520 -0.3868933 -0.1808986 0.5407358 -0.3642848 0.1207192 0.5296757 -0.3931328 -0.3275719 0.7354034 -0.5931935 0.2100541 0.7968145 -0.5665368 -0.2673538 0.7991648 -0.5383842 0.1800210 0.7898723 -0.5862544
-0.1995409 0.4338345 -0.3618758 0.1466222 0.4505727 -0.3979924 -0.1884629 0.5124440 -0.3679335 0.1200616 0.5036154 -0.4314914 -0.3330389 0.7240809 -0.6039800 0.2369465 0.7281411 -0.6431694 -0.2862432 0.7783157 -0.5588287 0.1781423 0.7472433 -0.6402287
-0.2009728 0.4293896 -0.3632995 0.1473966 0.4487876 -0.3964927 -0.1944309 0.5016008 -0.3700614 0.1205278 0.5027270 -0.4282695 -0.3364759 0.7188997 -0.6082492 0.2390012 0.7277017 -0.6429064 -0.2977701 0.7681994 -0.5667474 0.1795374 0.7488588 -0.6379474
-0.2090809 0.4024001 -0.3637805 0.1458495 0.4431464 -0.3958970 -0.2082488 0.4782721 -0.3708044 0.1192774 0.4977659 -0.4267484 -0.3596424 0.6921728 -0.6257428 0.2383667 0.7242490 -0.6470276 -0.3253858 0.7472932 -0.5793764 0.1789831 0.7469281 -0.6403620
-0.2160344 0.3963778 -0.3628681 0.1581419 0.4028441 -0.3785903 -0.2155634 0.4621842 -0.3689406 0.1273877 0.4713738 -0.4168369 -0.3729948 0.6843674 -0.6265111 0.2750303 0.7006007 -0.6584200 -0.3424667 0.7342745 -0.5861378 0.1984208 0.7342183 -0.6492709
-0.2249533 0.3903646 -0.3624519 0.1496688 0.3990690 -0.3844375 -0.2263578 0.4571479 -0.3673888 0.1357204 0.4466372 -0.4010922 -0.3890320 0.6750926 -0.6268206 0.2607577 0.6952706 -0.6697792 -0.3600716 0.7271937 -0.5844123 0.2205220 0.7257073 -0.6517046
-0.2316842 0.3729588 -0.3655308 0.1456718 0.3916455 -0.3894265 -0.2411507 0.4029130 -0.3744243 0.1335388 0.4323109 -0.4027981 -0.4055356 0.6528199 -0.6398180 0.2550316 0.6856644 -0.6817795 -0.4015353 0.6708827 -0.6234467 0.2204405 0.7136412 -0.6649227
-0.2357328 0.3622464 -0.3698573 0.1466219 0.3824151 -0.3915187 -0.2422536 0.3952582 -0.3767541 0.1383156 0.4164785 -0.4017161 -0.4144047 0.6368082 -0.6501877 0.2587787 0.6749394 -0.6910068 -0.4055287 0.6616560 -0.6306804 0.2324841 0.7000268 -0.6752138
-0.2455056 0.3479399 -0.3638173 0.1623964 0.3307397 -0.3862969 -0.2416875 0.3808894 -0.3823837 0.1458250 0.3801601 -0.4011985 -0.4383342 0.6212240 -0.6495720 0.3042034 0.6195468 -0.7236174 -0.4086976 0.6440904 -0.6466173 0.2551094 0.6650599 -0.7018650
-0.2432389 0.3489413 -0.3789865 0.1661595 0.2762082 -0.3773757 -0.2416885 0.3637612 -0.3877114 0.1573516 0.3729335 -0.4005464 -0.4269610 0.6125020 -0.6652409 0.3347973 0.5565362 -0.7603803 -0.4138504 0.6228790 -0.6638897 0.2763207 0.6548982 -0.7033884
-0.2370215 0.3157077 -0.4006118 0.1783646 0.2850457 -0.3756047 -0.2393677 0.3516965 -0.3913885 0.1647405 0.3611377 -0.4023534 -0.4214154 0.5613166 -0.7122730 0.3538089 0.5654246 -0.7450599 -0.4140762 0.6083911 -0.6770533 0.2914743 0.6389585 -0.7118811
-0.2312758 0.3045867 -0.4180138 0.1892348 0.2738713 -0.3732242 -0.2348919 0.3253402 -0.3965387 0.1789176 0.3274746 -0.4006750 -0.4082062 0.5376014 -0.7378024 0.3783852 0.5476204 -0.7462818 -0.4163654 0.5766926 -0.7028979 0.3267708 0.5980919 -0.7317834
-0.2409142 0.2403523 -0.3588932 0.1957924 0.2447234 -0.3629596 -0.2351481 0.3147507 -0.3990289 0.1814362 0.3198811 -0.4011167 -0.4871048 0.4859688 -0.7256468 0.4082875 0.5103236 -0.7568825 -0.4199162 0.5620667 -0.7125667 0.3334089 0.5878165 -0.7370958
-0.2357930 0.2415531 -0.3674773 0.2016181 0.2563169 -0.3666580 -0.2294486 0.2869963 -0.4044918 0.1909089 0.2955563 -0.3953922 -0.4725454 0.4840891 -0.7364500 0.4108788 0.5223497 -0.7472145 -0.4198758 0.5251842 -0.7401931 0.3606972 0.5584146 -0.7470413
-0.2303800 0.2196307 -0.3861239 0.2005261 0.2457258 -0.3692028 -0.2268982 0.2783772 -0.4068533 0.1956447 0.2708111 -0.3898477 -0.4603880 0.4389067 -0.7716242 0.4119895 0.5048541 -0.7585427 -0.4181035 0.5129634 -0.7497053 0.3810641 0.5274684 -0.7593202
-0.2333065 0.2131116 -0.3804122 0.1947417 0.2132587 -0.3780528 -0.2266560 0.2296049 -0.3921433 0.1946694 0.2498481 -0.3865260 -0.4717722 0.4309359 -0.7692368 0.4093457 0.4482683 -0.7946645 -0.4463431 0.4521501 -0.7722293 0.3895550 0.4999737 -0.7734812
-0.2407800 0.1961150 -0.3762698 0.1916254 0.2035585 -0.3798696 -0.2325199 0.2279396 -0.3913578 0.1924511 0.2341114 -0.3914467 -0.4935352 0.4019838 -0.7712535 0.4062840 0.4315846 -0.8053993 -0.4567272 0.4477305 -0.7687247 0.3887496 0.4729030 -0.7907190
-0.2444477 0.1760141 -0.3701090 0.1958158 0.1713574 -0.3604641 -0.2380313 0.2002815 -0.3864676 0.1893205 0.2022569 -0.3948028 -0.5122581 0.3688505 -0.7755907 0.4404621 0.3854462 -0.8108171 -0.4797918 0.4037009 -0.7789900 0.3925318 0.4193536 -0.8185727
-0.2515511 0.1339444 -0.3356043 0.1857658 0.1575119 -0.3795534 -0.2456245 0.1679229 -0.3765139 0.1874525 0.1811050 -0.3968137 -0.5713392 0.3042233 -0.7622465 0.4119191 0.3492686 -0.8416258 -0.5118375 0.3499213 -0.7845875 0.3948350 0.3814651 -0.8358168
-0.2518865 0.1117689 -0.3230981 0.1932196 0.1112295 -0.3511786 -0.2473562 0.1484802 -0.3703401 0.1889340 0.1356074 -0.3883476 -0.5931563 0.2631996 -0.7608493 0.4645020 0.2673970 -0.8442374 -0.5269064 0.3162855 -0.7888809 0.4173880 0.2995802 -0.8579271
-0.2463039 0.1058725 -0.3248665 0.2069413 0.1032211 -0.3240971 -0.2463639 0.1140132 -0.3574219 0.1882917 0.1136225 -0.3823231 -0.5847615 0.2513568 -0.7712806 0.5197657 0.2592560 -0.8140209 -0.5489075 0.2540255 -0.7963489 0.4269063 0.2576117 -0.8668259
-0.2472270 0.0951232 -0.3118393 0.2000217 0.0662575 -0.3224550 -0.2487826 0.1053544 -0.3605473 0.1881615 0.0663199 -0.3570252 -0.6042281 0.2324831 -0.7621418 0.5192724 0.1720098 -0.8371193 -0.5521870 0.2338400 -0.8002552 0.4600675 0.1621566 -0.8729508
-0.2511632 0.0690571 -0.3181865 0.2035249 0.0600178 -0.3121037 -0.2529205 0.0741937 -0.3545665 0.1883709 0.0600834 -0.3592980 -0.6107891 0.1679359 -0.7737792 0.5392769 0.1590283 -0.8269767 -0.5724720 0.1679335 -0.8025423 0.4593200 0.1465062 -0.8761056
-0.2572985 0.0000580 -0.2293328 0.1877593 0.0214103 -0.3425769 -0.2528270 0.0596036 -0.3558990 0.1727939 0.0471042 -0.4092891 -0.7465111 0.0001683 -0.6653730 0.4799049 0.0547238 -0.8756121 -0.5738099 0.1352748 -0.8077394 0.3867715 0.1054352 -0.9161284
-0.2525499 0.0350882 -0.3153208 0.1917642 0.0162659 -0.3336911 -0.2543414 0.0382893 -0.3570636 0.1771508 0.0431365 -0.4000164 -0.6227929 0.0865282 -0.7775872 0.4978155 0.0422259 -0.8662544 -0.5779739 0.0870099 -0.8114034 0.4029733 0.0981246 -0.9099363
-0.2376229 0.0557374 -0.2271826 0.2006590 0.0107515 -0.2986100 -0.2450595 0.0079818 -0.3411792 0.1809560 0.0251366 -0.4167107 -0.7126375 0.1671580 -0.6813267 0.5574988 0.0298713 -0.8296401 -0.5832748 0.0189978 -0.8120527 0.3977059 0.0552453 -0.9158482
-0.2303773 0.0101541 -0.2180379 0.2007547 -0.0009888 -0.3018907 -0.2441774 -0.0012997 -0.3379267 0.1992272 -0.0268796 -0.3680031 -0.7259180 0.0319955 -0.6870366 0.5537319 -0.0027274 -0.8326906 -0.5856756 -0.0031174 -0.8105395 0.4751048 -0.0641008 -0.8775913
-0.2428998 0.0040392 -0.2307285 0.2027200 -0.0146795 -0.2994205 -0.2371200 -0.0277261 -0.3473907 0.1995362 -0.0337238 -0.3679530 -0.7249859 0.0120558 -0.6886582 0.5601720 -0.0405636 -0.8273825 -0.5625422 -0.0657773 -0.8241478 0.4751651 -0.0803082 -0.8762241
-0.2447089 0.0021481 -0.2306926 0.2048259 -0.0280903 -0.2960596 -0.2412195 -0.0464983 -0.3520170 0.1995790 -0.0469731 -0.3679820 -0.7276235 0.0063872 -0.6859470 0.5672259 -0.0777908 -0.8198801 -0.5619415 -0.1083218 -0.8200537 0.4737815 -0.1115095 -0.8735541
-0.2378585 0.0088644 -0.2321099 0.2048980 -0.0361621 -0.2927104 -0.2397700 -0.0609302 -0.3346253 0.1953894 -0.0614799 -0.3659655 -0.7154480 0.0266630 -0.6981570 0.5705490 -0.1006951 -0.8150671 -0.5761700 -0.1464160 -0.8041085 0.4658901 -0.1465938 -0.8726148
-0.2515174 -0.0456464 -0.2178992 0.2046346 -0.0402756 -0.2901770 -0.2389446 -0.0696061 -0.3297327 0.1941452 -0.0680459 -0.3625255 -0.7488004 -0.1358952 -0.6487145 0.5726423 -0.1127058 -0.8120211 -0.5783988 -0.1684913 -0.7981639 0.4657657 -0.1632461 -0.8697201
-0.2510352 -0.0512049 -0.2163859 0.2503949 -0.0711736 -0.1947973 -0.2396881 -0.0819803 -0.3259810 0.1977358 -0.0780976 -0.3326558 -0.7485639 -0.1526882 -0.6452429 0.7701388 -0.2189083 -0.5991373 -0.5805871 -0.1985777 -0.7896110 0.5008642 -0.1978209 -0.8426161
-0.2510268 -0.0636949 -0.2132960 0.2399569 -0.0835139 -0.2239109 -0.2404773 -0.0926667 -0.3234261 0.1985067 -0.0817242 -0.3311542 -0.7481955 -0.1898453 -0.6357375 0.7085500 -0.2466018 -0.6611691 -0.5814998 -0.2240779 -0.7820787 0.5029972 -0.2070814 -0.8391133
-0.2500109 -0.0694351 -0.2128206 0.2300170 -0.0885383 -0.2338904 -0.2395639 -0.1034843 -0.3262539 0.1991423 -0.0975657 -0.3472865 -0.7449937 -0.2069057 -0.6341723 0.6769553 -0.2605742 -0.6883550 -0.5734190 -0.2476996 -0.7809197 0.4832972 -0.2367817 -0.8428275
-0.2432098 -0.0727762 -0.2124530 0.2309130 -0.0929650 -0.2361224 -0.2407282 -0.1121541 -0.3280036 0.1989637 -0.1005849 -0.3456033 -0.7346969 -0.2198450 -0.6417855 0.6730211 -0.2709565 -0.6882043 -0.5703965 -0.2657448 -0.7771921 0.4837751 -0.2445696 -0.8403257
-0.2429178 -0.0764028 -0.2189150 0.2287888 -0.0949492 -0.2357826 -0.2417342 -0.1163407 -0.3280270 0.1996520 -0.1060374 -0.3437188 -0.7233727 -0.2275159 -0.6518960 0.6690044 -0.2776421 -0.6894549 -0.5704511 -0.2745440 -0.7740873 0.4853026 -0.2577497 -0.8354918
-0.2424115 -0.0777687 -0.2170518 0.2265968 -0.0963767 -0.2341340 -0.2417913 -0.1181401 -0.3266066 0.1992961 -0.1086099 -0.3395998 -0.7245926 -0.2324587 -0.6487901 0.6668844 -0.2836409 -0.6890668 -0.5713505 -0.2791640 -0.7717682 0.4879155 -0.2658981 -0.8314064
-0.2425160 -0.0783800 -0.2163833 0.2244268 -0.0978437 -0.2330045 -0.2427722 -0.1195019 -0.3246651 0.2005059 -0.1121026 -0.3368976 -0.7253706 -0.2344363 -0.6472072 0.6640199 -0.2894936 -0.6893991 -0.5744154 -0.2827495 -0.7681794 0.4917231 -0.2749218 -0.8262121
-0.2431709 -0.0761922 -0.2161315 0.2231933 -0.0927505 -0.2366490 -0.2453217 -0.1205115 -0.3220517 0.2019161 -0.1149003 -0.3369785 -0.7277495 -0.2280241 -0.6468274 0.6598252 -0.2741979 -0.6996043 -0.5807784 -0.2853008 -0.7624302 0.4933201 -0.2807238 -0.8233039
-0.2460952 -0.0705990 -0.2187437 0.2224857 -0.0742265 -0.2443000 -0.2463544 -0.1208650 -0.3220416 0.2024790 -0.1155383 -0.3368008 -0.7308101 -0.2096524 -0.6495864 0.6569550 -0.2191757 -0.7213683 -0.5822669 -0.2856684 -0.7611562 0.4943195 -0.2820680 -0.8222444
-0.2490640 -0.0688720 -0.2227310 0.2244207 -0.0694348 -0.2409216 -0.2486194 -0.1182311 -0.3190015 0.2036552 -0.1154444 -0.3352635 -0.7300655 -0.2018802 -0.6528773 0.6669357 -0.2063469 -0.7159733 -0.5900273 -0.2805878 -0.7570590 0.4980485 -0.2823246 -0.8199028
-0.2508930 -0.0715594 -0.2564722 0.2245267 -0.0694029 -0.2608936 -0.2515224 -0.1142308 -0.3178557 0.2055206 -0.1142065 -0.3338595 -0.6857816 -0.1955979 -0.7010314 0.6394346 -0.1976540 -0.7430049 -0.5972661 -0.2712529 -0.7547815 0.5033038 -0.2796827 -0.8175958
-0.2531619 -0.0639635 -0.2664803 0.2311796 -0.0583102 -0.2547362 -0.2605196 -0.0919168 -0.3093163 0.2134146 -0.1026416 -0.3287493 -0.6785597 -0.1714440 -0.7142575 0.6625864 -0.1671234 -0.7301021 -0.6281764 -0.2216339 -0.7458370 0.5267374 -0.2533340 -0.8113998
-0.2598004 -0.0349095 -0.2819771 0.2303148 -0.0488504 -0.2832582 -0.2628828 -0.0726780 -0.3164375 0.2201358 -0.0790689 -0.3277464 -0.6748040 -0.0906737 -0.7324055 0.6252959 -0.1326270 -0.7690352 -0.6292698 -0.1739713 -0.7574652 0.5467136 -0.1963700 -0.8139675
-0.2612775 -0.0191943 -0.2563221 0.2317078 -0.0247205 -0.2911705 -0.2674885 -0.0409734 -0.3344513 0.2246084 -0.0454790 -0.3326765 -0.7128643 -0.0523693 -0.6993440 0.6213103 -0.0662865 -0.7807558 -0.6217527 -0.0952389 -0.7774015 0.5560041 -0.1125803 -0.8235200
-0.2816869 0.0005423 -0.2875523 0.2384311 0.0062903 -0.2833147 -0.2903981 -0.0148889 -0.3780001 0.2223164 -0.0414958 -0.3361495 -0.6997830 0.0013472 -0.7143542 0.6438064 0.0169849 -0.7649999 -0.6089244 -0.0312200 -0.7926136 0.5487320 -0.1024219 -0.8297005
-0.2708300 0.0426101 -0.2415785 0.2521149 0.0465534 -0.2918674 -0.2792396 0.0335584 -0.3242398 0.2372412 0.0057367 -0.3505829 -0.7411668 0.1166089 -0.6611159 0.6489800 0.1198351 -0.7513085 -0.6505701 0.0781841 -0.7554110 0.5603911 0.0135507 -0.8281173
-0.2903041 0.0633521 -0.3253485 0.2519309 0.0741734 -0.2937746 -0.2971946 0.0669458 -0.4171870 0.2409402 0.0554273 -0.3914335 -0.6588611 0.1437811 -0.7383963 0.6393396 0.1882341 -0.7455286 -0.5753157 0.1295951 -0.8075995 0.5204189 0.1197202 -0.8454769
-0.3060874 0.0368081 -0.2559323 0.2547266 0.1120276 -0.3215504 -0.2822338 0.1097996 -0.3344033 0.2515819 0.1231273 -0.3850712 -0.7639170 0.0918637 -0.6387424 0.5990160 0.2634445 -0.7561592 -0.6255858 0.2433765 -0.7412222 0.5283497 0.2585809 -0.8086919
-0.2938399 0.0908384 -0.2406012 0.2659515 0.1612641 -0.3533908 -0.2823087 0.1619777 -0.3493219 0.2474165 0.1702385 -0.3945545 -0.7524902 0.2326267 -0.6161520 0.5649325 0.3425562 -0.7506707 -0.5912815 0.3392542 -0.7316371 0.4989723 0.3433252 -0.7957100
-0.2973328 0.0937085 -0.2063966 0.2508513 0.2059860 -0.3372543 -0.2825151 0.1927619 -0.3540367 0.2436786 0.2166777 -0.3828674 -0.7952587 0.2506366 -0.5520370 0.5359176 0.4400676 -0.7205087 -0.5739215 0.3915904 -0.7192156 0.4845396 0.4308500 -0.7613078
-0.2918735 0.1815822 -0.2931596 0.2560794 0.2214070 -0.3292553 -0.2841405 0.2451780 -0.3564430 0.2359622 0.2495267 -0.3667028 -0.6460528 0.4019265 -0.6488997 0.5422701 0.4688482 -0.6972263 -0.5489680 0.4736913 -0.6886586 0.4696635 0.4966626 -0.7298921
-0.2804364 0.2396318 -0.3152478 0.2497120 0.2454815 -0.3254155 -0.2827498 0.2713030 -0.3589289 0.2319925 0.2911556 -0.3645649 -0.5779440 0.4938510 -0.6496860 0.5223775 0.5135276 -0.6807431 -0.5320877 0.5105468 -0.6754440 0.4452351 0.5587796 -0.6996650
-0.2803912 0.2586510 -0.3274962 0.2377708 0.2947589 -0.3278177 -0.2757633 0.3152211 -0.3624592 0.2246462 0.3350493 -0.3706353 -0.5576975 0.5144563 -0.6513894 0.4747047 0.5884804 -0.6544816 -0.4978727 0.5691113 -0.6543967 0.4100814 0.6116172 -0.6765779
-0.2756893 0.2838741 -0.3316060 0.2371919 0.3032114 -0.3285067 -0.2713885 0.3408100 -0.3672131 0.2227085 0.3672350 -0.3755908 -0.5339852 0.5498384 -0.6422908 0.4686875 0.5991410 -0.6491241 -0.4763045 0.5981437 -0.6444829 0.3903390 0.6436491 -0.6582942
-0.2728330 0.3092906 -0.3356507 0.2400292 0.3145024 -0.3236171 -0.2666734 0.3726783 -0.3684222 0.2214432 0.3898963 -0.3770743 -0.5130834 0.5816447 -0.6312169 0.4696050 0.6153081 -0.6331406 -0.4535296 0.6338115 -0.6265731 0.3779746 0.6655020 -0.6436166
-0.2720839 0.3210830 -0.3342589 0.2207642 0.3991076 -0.3624602 -0.2658116 0.3963873 -0.3664933 0.2100623 0.4469406 -0.3906155 -0.5062493 0.5974188 -0.6219344 0.3789414 0.6850675 -0.6221623 -0.4417353 0.6587306 -0.6090517 0.3336161 0.7098208 -0.6203666
-0.2695714 0.3663011 -0.3274802 0.2179395 0.4006008 -0.3639397 -0.2654277 0.4275393 -0.3561470 0.2039681 0.4587897 -0.3922908 -0.4810030 0.6536002 -0.5843312 0.3735266 0.6865899 -0.6237565 -0.4305339 0.6934852 -0.5776840 0.3201167 0.7200451 -0.6156788
-0.2666212 0.3952313 -0.3421422 0.2138778 0.4072269 -0.3649372 -0.2618771 0.4414513 -0.3499575 0.1939068 0.4779077 -0.3950642 -0.4543504 0.6735155 -0.5830460 0.3642583 0.6935538 -0.6215296 -0.4215448 0.7106063 -0.5633282 0.2984696 0.7356159 -0.6080996
-0.2649613 0.4149074 -0.3418747 0.2073449 0.4219264 -0.3668966 -0.2604855 0.4952798 -0.3508608 0.1869511 0.4925570 -0.3955412 -0.4420746 0.6922521 -0.5704008 0.3476931 0.7075211 -0.6152426 -0.3943772 0.7498577 -0.5312062 0.2837757 0.7476591 -0.6003975
-0.2624898 0.4221562 -0.3424740 0.2013192 0.4332166 -0.3694557 -0.2594289 0.4958452 -0.3513566 0.1773172 0.5248061 -0.3982658 -0.4348306 0.6993280 -0.5673294 0.3333613 0.7173566 -0.6117759 -0.3926159 0.7504049 -0.5317379 0.2598969 0.7692174 -0.5837450
-0.2588196 0.4295567 -0.3434540 0.1982458 0.4392145 -0.3708241 -0.2508256 0.5034441 -0.3529247 0.1753411 0.5274631 -0.3988509 -0.4258036 0.7066959 -0.5650418 0.3260370 0.7223363 -0.6098608 -0.3777368 0.7581738 -0.5314955 0.2562951 0.7709901 -0.5829983
-0.2566456 0.4344600 -0.3435458 0.1964907 0.4383234 -0.3718028 -0.2451520 0.5143766 -0.3523517 0.1650198 0.5402340 -0.4002195 -0.4204220 0.7117074 -0.5627770 0.3234778 0.7216010 -0.6120899 -0.3659252 0.7677823 -0.5259364 0.2383694 0.7803624 -0.5781129
-0.2571381 0.4001587 -0.3387693 0.1824655 0.4916243 -0.3800581 -0.2409444 0.5173909 -0.3558056 0.1677809 0.5554944 -0.4016184 -0.4403336 0.6852478 -0.5801221 0.2817409 0.7591060 -0.5868391 -0.3582464 0.7692789 -0.5290269 0.2377488 0.7871464 -0.5691011
-0.2455582 0.4488970 -0.3486841 0.1814753 0.4893503 -0.3798880 -0.2353316 0.5373120 -0.3588578 0.1640000 0.5575927 -0.4017961 -0.3965841 0.7249824 -0.5631355 0.2811251 0.7580571 -0.5884880 -0.3422252 0.7813730 -0.5218603 0.2321062 0.7891506 -0.5686546
-0.2390076 0.4548738 -0.3532933 0.1699133 0.4971994 -0.3850084 -0.2271709 0.5406513 -0.3634963 0.1570738 0.5590071 -0.4012235 -0.3832835 0.7294564 -0.5665572 0.2608471 0.7632896 -0.5910565 -0.3292540 0.7836020 -0.5268394 0.2225499 0.7920289 -0.5684732
-0.2364108 0.4555679 -0.3557045 0.1689120 0.4963572 -0.3860525 -0.2221790 0.5422065 -0.3674641 0.1529053 0.5577964 -0.4010627 -0.3785807 0.7295319 -0.5696138 0.2594234 0.7623300 -0.5929185 -0.3212298 0.7839307 -0.5312854 0.2172493 0.7925226 -0.5698339
-0.2328058 0.4568145 -0.3584311 0.1669654 0.4963057 -0.3864381 -0.2160635 0.5557294 -0.3717480 0.1508111 0.5574099 -0.4004102 -0.3721437 0.7302250 -0.5729577 0.2565570 0.7626172 -0.5937959 -0.3074986 0.7909065 -0.5290667 0.2146187 0.7932476 -0.5698220
-0.2307129 0.4573139 -0.3600058 0.1688918 0.4919582 -0.3836672 -0.2141399 0.5555566 -0.3730907 0.1504951 0.5574158 -0.4001315 -0.3685074 0.7304471 -0.5750212 0.2613072 0.7611515 -0.5936051 -0.3047670 0.7906761 -0.5309881 0.2142365 0.7935065 -0.5696053
-0.2302880 0.4511171 -0.3592081 0.1678802 0.4965843 -0.3848387 -0.2135847 0.5553879 -0.3739306 0.1516784 0.5598295 -0.3982714 -0.3708684 0.7265038 -0.5784884 0.2581611 0.7636320 -0.5917930 -0.3039144 0.7902739 -0.5320743 0.2155785 0.7956785 -0.5660580
-0.2296443 0.4499932 -0.3594856 0.1677415 0.4982981 -0.3851745 -0.2123027 0.5544592 -0.3744789 0.1525915 0.5613310 -0.3969172 -0.3703650 0.7257386 -0.5797700 0.2573649 0.7645365 -0.5909715 -0.3024477 0.7898857 -0.5334848 0.2166828 0.7971008 -0.5636300
-0.2268034 0.4506589 -0.3615775 0.1731065 0.4929598 -0.3805875 -0.2102353 0.5535512 -0.3755049 0.1569000 0.5618765 -0.3942790 -0.3653979 0.7260466 -0.5825295 0.2678045 0.7626334 -0.5887878 -0.2998404 0.7894820 -0.5355501 0.2228327 0.7979890 -0.5599635
-0.2266246 0.4489083 -0.3625888 0.1814603 0.5051732 -0.3659373 -0.2120975 0.5331285 -0.3739780 0.1239016 0.4824280 -0.4047230 -0.3655483 0.7240946 -0.5848602 0.2793226 0.7776149 -0.5632885 -0.3096823 0.7784176 -0.5460429 0.1930575 0.7516962 -0.6306200
-0.2255726 0.4451958 -0.3635624 0.1903285 0.4154263 -0.3683680 -0.2127403 0.5171642 -0.3736450 0.1514794 0.5439582 -0.3919958 -0.3653220 0.7210086 -0.5888008 0.3242724 0.7077829 -0.6276072 -0.3163174 0.7689565 -0.5555620 0.2203708 0.7913451 -0.5702716
-0.2248389 0.4409952 -0.3639474 0.1904666 0.4141702 -0.3686129 -0.2131087 0.5139632 -0.3734527 0.1548503 0.5180954 -0.3935626 -0.3659490 0.7177660 -0.5923625 0.3248894 0.7064728 -0.6287632 -0.3180229 0.7669893 -0.5573050 0.2315346 0.7746646 -0.5884612
-0.2247195 0.4402718 -0.3647093 0.1889862 0.4134148 -0.3695564 -0.2135230 0.5071294 -0.3743162 0.1537138 0.5109481 -0.3966580 -0.3658204 0.7167177 -0.5937097 0.3225944 0.7056879 -0.6308228 -0.3208479 0.7620323 -0.5624619 0.2311986 0.7685094 -0.5966075
-0.2211699 0.4345497 -0.3670149 0.1886748 0.4128573 -0.3702778 -0.2117848 0.4997106 -0.3765545 0.1577189 0.4940878 -0.3980846 -0.3624034 0.7120422 -0.6013815 0.3220837 0.7047820 -0.6320953 -0.3206077 0.7564804 -0.5700422 0.2412299 0.7557038 -0.6088677
-0.2209411 0.4082328 -0.3668302 0.1862549 0.4109592 -0.3731337 -0.2153702 0.4881701 -0.3769052 0.1560974 0.4721253 -0.3988892 -0.3734408 0.6900064 -0.6200267 0.3181140 0.7018977 -0.6372936 -0.3296840 0.7472802 -0.5769582 0.2448662 0.7406115 -0.6257277
-0.2203061 0.4015918 -0.3677368 0.1830411 0.4086967 -0.3763155 -0.2127202 0.4653771 -0.3753112 0.1562843 0.4670794 -0.3990993 -0.3750516 0.6836746 -0.6260394 0.3129248 0.6987030 -0.6433445 -0.3352172 0.7333692 -0.5914380 0.2465322 0.7367988 -0.6295629
-0.2220506 0.3938662 -0.3693862 0.1774780 0.3952994 -0.3811027 -0.2158455 0.4468745 -0.3792021 0.1534005 0.4349611 -0.3989962 -0.3803199 0.6745994 -0.6326709 0.3075551 0.6850219 -0.6604202 -0.3455939 0.7154982 -0.6071467 0.2515368 0.7132227 -0.6542496
-0.2249517 0.3829961 -0.3693181 0.1723134 0.3846371 -0.3858634 -0.2195525 0.4227938 -0.3810184 0.1547806 0.4169334 -0.4002346 -0.3894224 0.6630189 -0.6393404 0.3015496 0.6731174 -0.6752635 -0.3599062 0.6930740 -0.6245927 0.2586951 0.6968485 -0.6689387
-0.2328982 0.3549374 -0.3583388 0.1666916 0.3778813 -0.3899810 -0.2268123 0.4044874 -0.3795879 0.1538258 0.4062484 -0.4021010 -0.4192256 0.6389010 -0.6450236 0.2934522 0.6652411 -0.6865421 -0.3784723 0.6749515 -0.6334028 0.2598701 0.6863074 -0.6793009
-0.2307637 0.3492167 -0.3656873 0.1662737 0.3610737 -0.3934587 -0.2287603 0.3902100 -0.3824990 0.1571596 0.3853364 -0.4032051 -0.4151800 0.6282956 -0.6579287 0.2972821 0.6455666 -0.7034679 -0.3861790 0.6587283 -0.6457110 0.2712239 0.6650084 -0.6958459
-0.2362536 0.2933252 -0.3606020 0.1811636 0.2857308 -0.3733979 -0.2284192 0.3648061 -0.3861223 0.1706893 0.3349480 -0.3939875 -0.4530879 0.5625399 -0.6915636 0.3595420 0.5670687 -0.7410551 -0.3950321 0.6309020 -0.6677666 0.3134415 0.6150743 -0.7234902
-0.2311657 0.2924927 -0.3647178 0.1891560 0.2782773 -0.3691059 -0.2229745 0.3580556 -0.3909363 0.1777825 0.3263639 -0.3931034 -0.4432329 0.5608203 -0.6993034 0.3787232 0.5571596 -0.7390142 -0.3877070 0.6225853 -0.6797580 0.3286355 0.6032921 -0.7266618
-0.2278774 0.2848166 -0.3682996 0.2012928 0.2490432 -0.3584694 -0.2224997 0.3237571 -0.3932671 0.1814968 0.2993851 -0.3921033 -0.4396155 0.5494611 -0.7105144 0.4187773 0.5181191 -0.7457736 -0.4002778 0.5824403 -0.7074892 0.3452746 0.5695423 -0.7459270
-0.2285227 0.2633103 -0.3686694 0.2023597 0.2526762 -0.3650466 -0.2202029 0.3194587 -0.3962166 0.1854498 0.2887510 -0.3914022 -0.4503647 0.5189229 -0.7265609 0.4147501 0.5178773 -0.7481881 -0.3970807 0.5760636 -0.7144772 0.3562626 0.5547117 -0.7519121
-0.2259194 0.2567429 -0.3738068 0.2081328 0.2472282 -0.3662640 -0.2188341 0.2844446 -0.3967068 0.1954423 0.2544535 -0.3897925 -0.4459137 0.5067522 -0.7378097 0.4261024 0.5061411 -0.7498386 -0.4090725 0.5317201 -0.7415749 0.3871226 0.5040092 -0.7720821
-0.2198228 0.2330460 -0.3746508 0.1896380 0.2045199 -0.3908506 -0.2139273 0.2635867 -0.3924299 0.1955703 0.2319697 -0.3842217 -0.4459370 0.4727618 -0.7600240 0.3949463 0.4259397 -0.8139980 -0.4122808 0.5079845 -0.7562911 0.3994692 0.4738182 -0.7848061
-0.2309823 0.1759027 -0.3423002 0.1912182 0.1963591 -0.3872972 -0.2170615 0.2378456 -0.3849942 0.1953777 0.2041416 -0.3842248 -0.5146121 0.3918987 -0.7626204 0.4030155 0.4138506 -0.8162758 -0.4324770 0.4738875 -0.7670687 0.4096456 0.4280207 -0.8055984
-0.2311935 0.1687022 -0.3424936 0.2070204 0.1544714 -0.3605804 -0.2167861 0.2168794 -0.3847923 0.1992498 0.1821639 -0.3870336 -0.5179848 0.3779743 -0.7673507 0.4667346 0.3482611 -0.8129410 -0.4405912 0.4407808 -0.7820433 0.4222387 0.3860313 -0.8201794
-0.2302319 0.1639559 -0.3498797 0.1973316 0.1269349 -0.3700546 -0.2195364 0.1995167 -0.3821312 0.1972317 0.1434640 -0.3859929 -0.5118741 0.3645229 -0.7778869 0.4503543 0.2896935 -0.8445464 -0.4538092 0.4124259 -0.7899127 0.4319684 0.3142087 -0.8453852
-0.2287826 0.1539698 -0.3630058 0.2003683 0.1066002 -0.3591233 -0.2259255 0.1663168 -0.3777649 0.1964918 0.1240999 -0.3816575 -0.5018546 0.3377462 -0.7962848 0.4716434 0.2509243 -0.8453340 -0.4801387 0.3534578 -0.8028290 0.4397295 0.2777234 -0.8541122
-0.2329145 0.1235611 -0.3591992 0.2020248 0.0618907 -0.3491919 -0.2341246 0.1300746 -0.3637605 0.2003895 0.0930799 -0.3779443 -0.5227234 0.2773046 -0.8061404 0.4949873 0.1516403 -0.8555658 -0.5182902 0.2879509 -0.8052699 0.4577278 0.2126122 -0.8632968
-0.2338683 0.1099611 -0.3525723 0.2077236 0.0623056 -0.3457763 -0.2342918 0.1215885 -0.3622885 0.2003782 0.0656844 -0.3669617 -0.5349939 0.2515456 -0.8065397 0.5089304 0.1526510 -0.8471644 -0.5226793 0.2712507 -0.8082261 0.4734457 0.1551965 -0.8670428
-0.2378068 0.0995419 -0.3549859 0.2154654 0.0475503 -0.2928635 -0.2385079 0.0774209 -0.3348923 0.1985699 0.0462144 -0.3555925 -0.5420463 0.2268914 -0.8091391 0.5876090 0.1296774 -0.7986861 -0.5700894 0.1850540 -0.8004706 0.4844439 0.1127476 -0.8675264
-0.2319874 0.0800003 -0.3733450 0.2110492 0.0372190 -0.2915363 -0.2390348 0.0702249 -0.3321318 0.1938147 0.0328740 -0.3525998 -0.5192530 0.1790631 -0.8356511 0.5832838 0.1028634 -0.8057289 -0.5757272 0.1691402 -0.7999561 0.4800993 0.0814323 -0.8734263
-0.2260675 0.0601815 -0.3727418 0.2073819 0.0229237 -0.2853159 -0.2329747 0.0549869 -0.3384938 0.1876202 0.0138388 -0.3535278 -0.5137039 0.1367533 -0.8469987 0.5867103 0.0648541 -0.8071957 -0.5619499 0.1326319 -0.8164687 0.4685022 0.0345565 -0.8827862
