-0.2327043 -0.2195442 -0.0261459 0.0959526 0.0677582 -0.2816023 -0.2201989 -0.3093600 -0.0323653 0.0344199 0.0481063 -0.3000724 -0.7249581 -0.6839598 -0.0814540 0.3144754 0.2220710 -0.9229245 -0.5777954 -0.8117513 -0.0849256 0.1125395 0.1572887 -0.9811193
-0.2328109 -0.2193635 -0.0256241 0.0558126 0.0294936 -0.2497162 -0.2201793 -0.3091576 -0.0318617 -0.0047001 0.0106997 -0.2720379 -0.7254899 -0.6835849 -0.0798503 0.2166876 0.1145064 -0.9695023 -0.5780746 -0.8116847 -0.0836520 -0.0172615 0.0392955 -0.9990785
-0.2329937 -0.2193862 -0.0244491 0.2706799 0.1352902 -0.0526261 -0.2203740 -0.3091823 -0.0307389 0.3144473 0.1789401 -0.0309475 -0.7259318 -0.6835352 -0.0761754 0.8812655 0.4404708 -0.1713374 -0.5785244 -0.8116636 -0.0806957 0.8659654 0.4927883 -0.0852273
-0.2323323 -0.2182388 -0.0238261 0.2713389 0.1350433 -0.0505348 -0.2199045 -0.3080625 -0.0301470 0.3151105 0.1782312 -0.0279524 -0.7268405 -0.6827495 -0.0745388 0.8830615 0.4394930 -0.1644635 -0.5791588 -0.8113390 -0.0793977 0.8678315 0.4908586 -0.0769824
-0.2324622 -0.2188247 -0.0234558 0.2231801 0.0760021 -0.0534635 -0.2202067 -0.3086831 -0.0296333 0.2825274 0.0980744 -0.0262592 -0.7261853 -0.6835831 -0.0732732 0.9231780 0.3143803 -0.2211500 -0.5789816 -0.8116094 -0.0779139 0.9410793 0.3266789 -0.0874675
-0.2332097 -0.2185141 -0.0229796 0.2250011 0.0728534 -0.0825712 -0.2206011 -0.3083453 -0.0288465 0.2847277 0.0933814 -0.0651379 -0.7278454 -0.6819806 -0.0717191 0.8982018 0.2908299 -0.3296231 -0.5801801 -0.8109472 -0.0758662 0.9285169 0.3045232 -0.2124192
-0.2329490 -0.2176689 -0.0220130 0.2252438 0.0874744 -0.0549935 -0.2206602 -0.3075713 -0.0274702 0.2826081 0.1124471 -0.0270132 -0.7289287 -0.6811154 -0.0688817 0.9089299 0.3529868 -0.2219161 -0.5813986 -0.8103931 -0.0723788 0.9255080 0.3682511 -0.0884651
-0.2335172 -0.2184168 -0.0200320 0.2986379 0.1159848 -0.0173277 -0.2219277 -0.3075612 -0.0254469 0.3492126 0.1397549 0.0168801 -0.7288966 -0.6817625 -0.0625277 0.9308046 0.3615053 -0.0540075 -0.5838316 -0.8091101 -0.0669440 0.9274792 0.3711772 0.0448321
-0.2334611 -0.2182610 -0.0190068 0.2986889 0.1402543 -0.0336634 -0.2227514 -0.3060191 -0.0241017 0.3489805 0.1707321 -0.0047678 -0.7291985 -0.6817223 -0.0593662 0.9005009 0.4228450 -0.1014901 -0.5873140 -0.8068606 -0.0635475 0.8981954 0.4394251 -0.0122713
-0.2338295 -0.2174126 -0.0188015 0.2969866 0.0859555 -0.0778125 -0.2234474 -0.3051908 -0.0239755 0.3595690 0.0866557 -0.0584316 -0.7310814 -0.6797532 -0.0587839 0.9315274 0.2696078 -0.2440664 -0.5895627 -0.8052416 -0.0632590 0.9602573 0.2314208 -0.1560462
-0.2348718 -0.2141078 -0.0214010 0.3224137 -0.0228188 0.0463311 -0.2244642 -0.3042267 -0.0272047 0.3648320 -0.0486022 0.0890895 -0.7373487 -0.6721629 -0.0671855 0.9874122 -0.0698839 0.1418919 -0.5921773 -0.8026051 -0.0717708 0.9634209 -0.1283451 0.2352608
-0.2352693 -0.2126460 -0.0231432 0.3247583 0.0310392 0.0676273 -0.2244725 -0.3026994 -0.0292795 0.3662992 0.0226274 0.1175829 -0.7399079 -0.6687591 -0.0727839 0.9747412 0.0931622 0.2029790 -0.5938672 -0.8008254 -0.0774622 0.9505040 0.0587156 0.3051141
-0.2363168 -0.2105416 -0.0285751 0.2549402 0.1015626 0.1075125 -0.2245378 -0.3004654 -0.0348489 0.2730693 0.1176469 0.1683737 -0.7436277 -0.6625198 -0.0899186 0.8649827 0.3445902 0.3647773 -0.5960480 -0.7976021 -0.0925083 0.7991546 0.3443011 0.4927562
-0.2346536 -0.2110432 -0.0385176 0.2180824 0.1614530 0.0916261 -0.2225474 -0.3009182 -0.0449005 0.2218571 0.1978008 0.1459918 -0.7380462 -0.6637854 -0.1211476 0.7614731 0.5637414 0.3199285 -0.5903817 -0.7982865 -0.1191136 0.6699626 0.5973174 0.4408650
-0.2340904 -0.2077867 -0.0436395 0.2859111 0.2269343 -0.0545465 -0.2221994 -0.2977295 -0.0495072 0.3142382 0.2859346 -0.0519034 -0.7407106 -0.6574804 -0.1380843 0.7746601 0.6148656 -0.1477908 -0.5928662 -0.7943934 -0.1320938 0.7341730 0.6680455 -0.1212650
-0.2328087 -0.2068341 -0.0468894 0.2840508 0.2271158 -0.0806350 -0.2215737 -0.2968951 -0.0522721 0.3128505 0.2856787 -0.0861912 -0.7392471 -0.6567690 -0.1488897 0.7625190 0.6096801 -0.2164602 -0.5922357 -0.7935593 -0.1397161 0.7236238 0.6607753 -0.1993604
-0.2320421 -0.2075620 -0.0480022 0.2184434 0.2108795 -0.1748040 -0.2210067 -0.2976603 -0.0532260 0.2281502 0.2648827 -0.2105653 -0.7366240 -0.6589113 -0.1523843 0.6235031 0.6019132 -0.4989432 -0.5900784 -0.7947402 -0.1421111 0.5590421 0.6490485 -0.5159535
-0.2311974 -0.2083766 -0.0485633 0.2281473 0.2080551 -0.1721900 -0.2204511 -0.2985021 -0.0539648 0.2432900 0.2618370 -0.2063543 -0.7339362 -0.6614916 -0.1541642 0.6453303 0.5884980 -0.4870513 -0.5878917 -0.7960357 -0.1439115 0.5894919 0.6344311 -0.4999965
-0.2339077 -0.2093972 -0.0142594 0.2569659 0.1668617 -0.2318800 -0.2241312 -0.2995356 -0.0211254 0.2894295 0.2013385 -0.2771177 -0.7442976 -0.6663050 -0.0453737 0.6687590 0.4342608 -0.6034724 -0.5981563 -0.7993938 -0.0563789 0.6454103 0.4489725 -0.6179557
-0.2345350 -0.2278399 -0.0228142 0.2869431 0.1439744 -0.2040260 -0.2240773 -0.3179220 -0.0294417 0.3315755 0.1771858 -0.2385778 -0.7155308 -0.6951052 -0.0696027 0.7543522 0.3784980 -0.5363693 -0.5744592 -0.8150458 -0.0754786 0.7446783 0.3979377 -0.5358169
-0.2345203 -0.2338497 -0.0252716 0.2964690 0.1389143 -0.1804707 -0.2232810 -0.3222973 -0.0306460 0.3465396 0.1727595 -0.2056947 -0.7060659 -0.7040470 -0.0760847 0.7930247 0.3715817 -0.4827409 -0.5677406 -0.8195111 -0.0779242 0.7903590 0.3940156 -0.4691315
-0.2338496 -0.2290947 -0.0248614 0.2308560 0.2069312 -0.0490991 -0.2223039 -0.3174366 -0.0307508 0.2597228 0.2626696 -0.0304253 -0.7122808 -0.6977978 -0.0757252 0.7354723 0.6592515 -0.1564224 -0.5718351 -0.8165462 -0.0791006 0.7007338 0.7086845 -0.0820875
-0.2332842 -0.2277396 -0.0247382 0.2848462 0.1626391 -0.1448922 -0.2216530 -0.3169203 -0.0312618 0.3338408 0.2043448 -0.1570962 -0.7135080 -0.6965497 -0.0756626 0.7943636 0.4535591 -0.4040676 -0.5712672 -0.8167999 -0.0805713 0.7915328 0.4844992 -0.3724732
-0.2328575 -0.2276185 -0.0245644 0.2948917 0.1508249 -0.1347426 -0.2208600 -0.3170919 -0.0317505 0.3476614 0.1887369 -0.1429195 -0.7130794 -0.6970359 -0.0752237 0.8246829 0.4217912 -0.3768160 -0.5696233 -0.8178164 -0.0818883 0.8265570 0.4487178 -0.3397880
-0.2325476 -0.2273817 -0.0249092 0.2976166 0.1473409 -0.1278460 -0.2204057 -0.3167270 -0.0320923 0.3516300 0.1839289 -0.1335594 -0.7129161 -0.6970790 -0.0763637 0.8363529 0.4140529 -0.3592688 -0.5692283 -0.8179912 -0.0828828 0.8398090 0.4392833 -0.3189842
-0.2321051 -0.2282664 -0.0252423 0.3004114 0.1433529 -0.1232602 -0.2202545 -0.3164731 -0.0322639 0.3554390 0.1786036 -0.1275117 -0.7108444 -0.6990879 -0.0773070 0.8463463 0.4038670 -0.3472598 -0.5692486 -0.8179259 -0.0833862 0.8508894 0.4275613 -0.3052518
-0.2318898 -0.2280641 -0.0249283 0.3037337 0.1371079 -0.1068085 -0.2196976 -0.3165726 -0.0321171 0.3597463 0.1710185 -0.1056202 -0.7108786 -0.6991506 -0.0764200 0.8679495 0.3917994 -0.3052161 -0.5681726 -0.8187069 -0.0830598 0.8729743 0.4150000 -0.2563022
-0.2314961 -0.2280819 -0.0239507 0.3031372 0.1266982 -0.0643676 -0.2190086 -0.3172335 -0.0311729 0.3590916 0.1571730 -0.0492292 -0.7104134 -0.6999361 -0.0734999 0.9054409 0.3784349 -0.1922596 -0.5662831 -0.8202601 -0.0806026 0.9089510 0.3978443 -0.1246114
-0.2317622 -0.2286275 -0.0236898 0.3039026 0.1238336 -0.0672702 -0.2188139 -0.3177600 -0.0304433 0.3602966 0.1541789 -0.0535739 -0.7100274 -0.7004240 -0.0725763 0.9072050 0.3696660 -0.2008138 -0.5653942 -0.8210613 -0.0786626 0.9108891 0.3897897 -0.1354436
-0.2310073 -0.2289057 -0.0235423 0.3065011 0.1180717 -0.0654441 -0.2182489 -0.3173604 -0.0300672 0.3636680 0.1467038 -0.0512659 -0.7084766 -0.7020312 -0.0722018 0.9151660 0.3525444 -0.1954062 -0.5649224 -0.8214656 -0.0778269 0.9195605 0.3709511 -0.1296294
-0.2309518 -0.2284219 -0.0230237 0.3484344 0.1486333 -0.1019284 -0.2183145 -0.3163543 -0.0295989 0.4043715 0.1815933 -0.1104851 -0.7092110 -0.7014422 -0.0707016 0.8882167 0.3788908 -0.2598324 -0.5663017 -0.8206141 -0.0767786 0.8851563 0.3975019 -0.2418483
-0.2302739 -0.2280396 -0.0231518 0.3469350 0.1524435 -0.1008266 -0.2185663 -0.3157938 -0.0296352 0.4021359 0.1867850 -0.1086843 -0.7087393 -0.7018626 -0.0712568 0.8847362 0.3887539 -0.2571229 -0.5674174 -0.8198283 -0.0769356 0.8808647 0.4091461 -0.2380691
-0.2301403 -0.2274662 -0.0222544 0.3373585 0.1414267 0.0006882 -0.2186933 -0.3157707 -0.0288823 0.3892017 0.1719475 0.0265473 -0.7095507 -0.7013060 -0.0686129 0.9222378 0.3866185 0.0018812 -0.5677529 -0.8197770 -0.0749817 0.9129334 0.4033297 0.0622708
-0.2302707 -0.2255700 -0.0210272 0.2216698 0.0721354 -0.0627132 -0.2202455 -0.3128228 -0.0270991 0.2801159 0.0889366 -0.0338814 -0.7128456 -0.6982936 -0.0650937 0.9182676 0.2988209 -0.2597895 -0.5742486 -0.8156263 -0.0706558 0.9468423 0.3006219 -0.1145253
-0.2330851 -0.2252834 -0.0206511 0.2304650 0.0845972 -0.1145813 -0.2215744 -0.3117103 -0.0260188 0.2914108 0.1056656 -0.1031441 -0.7175834 -0.6935647 -0.0635773 0.8506636 0.3122547 -0.4229284 -0.5780377 -0.8131821 -0.0678772 0.8920192 0.3234464 -0.3157280
-0.2338205 -0.2253329 -0.0196102 0.2212488 0.0749690 -0.0711989 -0.2226405 -0.3095374 -0.0244286 0.2789391 0.0922872 -0.0454792 -0.7187454 -0.6926553 -0.0602803 0.9059613 0.3069804 -0.2915426 -0.5827189 -0.8101547 -0.0639372 0.9382145 0.3104091 -0.1529698
-0.2355565 -0.2239341 -0.0192411 0.2700709 0.1108628 -0.0670403 -0.2234292 -0.3083261 -0.0231236 0.3245534 0.1458188 -0.0570529 -0.7234938 -0.6877966 -0.0590975 0.9016237 0.3701121 -0.2238119 -0.5857040 -0.8082552 -0.0606170 0.9006583 0.4046573 -0.1583258
-0.2367135 -0.2220114 -0.0182029 0.2661461 0.1252553 -0.0953135 -0.2241169 -0.3078668 -0.0225317 0.3192860 0.1635480 -0.0949956 -0.7282503 -0.6830193 -0.0560014 0.8607452 0.4050890 -0.3082542 -0.5875112 -0.8070575 -0.0590657 0.8603759 0.4407106 -0.2559835
-0.2369514 -0.2192367 -0.0168566 0.2729523 0.1226324 -0.0995399 -0.2249831 -0.3066775 -0.0219643 0.3288931 0.1566802 -0.1009291 -0.7330133 -0.6782126 -0.0521461 0.8655351 0.3888689 -0.3156422 -0.5905274 -0.8049557 -0.0576510 0.8700205 0.4144660 -0.2669875
-0.2366639 -0.2162775 -0.0185831 0.2689525 0.1221018 -0.0941787 -0.2249849 -0.3043051 -0.0234172 0.3245473 0.1566832 -0.0921303 -0.7369486 -0.6734674 -0.0578659 0.8675258 0.3938482 -0.3037804 -0.5933650 -0.8025607 -0.0617595 0.8724876 0.4212149 -0.2476759
-0.2362511 -0.2159479 -0.0203536 0.2055908 0.1501670 -0.2164198 -0.2247651 -0.3034145 -0.0247429 0.2144689 0.1839649 -0.2718227 -0.7366236 -0.6733189 -0.0634619 0.6152678 0.4494020 -0.6476753 -0.5939769 -0.8018204 -0.0653869 0.5470015 0.4692012 -0.6932818
-0.2368262 -0.2167778 -0.0177733 0.2161468 0.1622000 -0.2154829 -0.2250317 -0.3035112 -0.0216976 0.2279470 0.1988638 -0.2684651 -0.7365118 -0.6741626 -0.0552735 0.6253677 0.4692859 -0.6234469 -0.5946044 -0.8019717 -0.0573319 0.5635969 0.4916890 -0.6637774
-0.2372462 -0.2165938 -0.0166970 0.2694100 0.1305965 -0.2203954 -0.2255875 -0.3033265 -0.0210954 0.2995338 0.1551706 -0.2731132 -0.7375244 -0.6733227 -0.0519056 0.7246727 0.3512850 -0.5928307 -0.5958386 -0.8011690 -0.0557188 0.6901091 0.3575043 -0.6292377
-0.2338338 -0.2150507 -0.0463574 0.2931562 0.1520908 -0.1762617 -0.2219827 -0.3020748 -0.0494343 0.3285046 0.1853370 -0.2202544 -0.7283374 -0.6698324 -0.1443925 0.7831004 0.4062763 -0.4708432 -0.5870808 -0.7989013 -0.1307397 0.7521048 0.4243254 -0.5042681
-0.2331918 -0.2140007 -0.0471165 0.1253259 0.1701240 -0.1958341 -0.2215351 -0.3013546 -0.0504814 0.0773465 0.1345756 -0.2266220 -0.7287433 -0.6687695 -0.1472430 0.4350131 0.5905099 -0.6797512 -0.5869828 -0.7984738 -0.1337562 0.2815849 0.4899311 -0.8250318
-0.2318525 -0.2135144 -0.0474964 0.1111540 0.1820048 -0.1905495 -0.2208294 -0.3002481 -0.0515443 0.0632599 0.1464591 -0.2214622 -0.7273864 -0.6698546 -0.1490096 0.3886642 0.6364035 -0.6662812 -0.5869070 -0.7979809 -0.1369913 0.2317701 0.5365935 -0.8113878
-0.2309326 -0.2134954 -0.0472940 0.1247005 0.1950951 -0.1931719 -0.2205322 -0.3003666 -0.0515829 0.0767701 0.1595526 -0.2240184 -0.7261211 -0.6712932 -0.1487065 0.4135424 0.6469912 -0.6406131 -0.5862331 -0.7984539 -0.1371211 0.2688562 0.5587687 -0.7845342
-0.2333669 -0.2130262 -0.0207125 0.2843656 0.1544651 -0.2144329 -0.2233103 -0.3003090 -0.0262347 0.3264520 0.1840022 -0.2549964 -0.7369792 -0.6727430 -0.0654106 0.7325101 0.3978935 -0.5523674 -0.5952481 -0.8004932 -0.0699304 0.7202204 0.4059466 -0.5625744
-0.2344288 -0.2307509 -0.0266588 0.2960798 0.1384563 -0.1956829 -0.2236309 -0.3185265 -0.0320720 0.3433699 0.1692083 -0.2289535 -0.7103461 -0.6992018 -0.0807792 0.7772082 0.3634472 -0.5136667 -0.5726628 -0.8156668 -0.0821283 0.7698141 0.3793545 -0.5132995
-0.2341758 -0.2340809 -0.0275948 0.3029111 0.1323152 -0.1838602 -0.2233141 -0.3217234 -0.0327705 0.3532440 0.1629694 -0.2124227 -0.7048067 -0.7045209 -0.0830530 0.8008393 0.3498163 -0.4860915 -0.5682293 -0.8186344 -0.0833854 0.7969546 0.3676757 -0.4792472
-0.2345357 -0.2259178 -0.0278994 0.2984578 0.1457883 -0.1732041 -0.2235588 -0.3132314 -0.0331094 0.3493633 0.1794966 -0.1968940 -0.7175861 -0.6912189 -0.0853611 0.7967209 0.3891758 -0.4623614 -0.5787937 -0.8109561 -0.0857203 0.7951564 0.4085370 -0.4481338
-0.2342826 -0.2242793 -0.0277468 0.3019998 0.1365828 -0.1486883 -0.2230309 -0.3120395 -0.0334136 0.3574679 0.1685321 -0.1625247 -0.7197310 -0.6890003 -0.0852398 0.8313313 0.3759788 -0.4093022 -0.5792955 -0.8104842 -0.0867876 0.8365384 0.3943950 -0.3803367
-0.2337667 -0.2247106 -0.0270686 0.2995953 0.1421149 -0.1462210 -0.2223345 -0.3134675 -0.0330433 0.3540062 0.1762053 -0.1591127 -0.7184343 -0.6906023 -0.0831897 0.8266953 0.3921481 -0.4034783 -0.5764018 -0.8126638 -0.0856646 0.8305211 0.4133889 -0.3732885
-0.2332031 -0.2241016 -0.0271862 0.3044303 0.1426909 -0.1203601 -0.2216742 -0.3122246 -0.0327226 0.3603355 0.1765220 -0.1247176 -0.7185034 -0.6904614 -0.0837613 0.8524916 0.3995753 -0.3370425 -0.5768105 -0.8124283 -0.0851464 0.8575621 0.4201046 -0.2968154
-0.2330628 -0.2247383 -0.0271734 0.3051442 0.1452989 -0.1072278 -0.2215427 -0.3126196 -0.0323875 0.3606790 0.1800056 -0.1077205 -0.7173236 -0.6917023 -0.0836345 0.8605944 0.4097848 -0.3024132 -0.5761433 -0.8129974 -0.0842269 0.8644256 0.4314126 -0.2581696
-0.2327506 -0.2246077 -0.0266525 0.2966721 0.1536917 -0.1007971 -0.2212085 -0.3125466 -0.0319840 0.3484508 0.1937434 -0.0988359 -0.7171517 -0.6920618 -0.0821216 0.8500824 0.4403874 -0.2888233 -0.5757017 -0.8134118 -0.0832392 0.8483095 0.4716717 -0.2406176
-0.2327741 -0.2251532 -0.0260988 0.3018199 0.1421056 -0.0722424 -0.2212665 -0.3126604 -0.0313587 0.3548419 0.1788680 -0.0610073 -0.7164522 -0.6929960 -0.0803293 0.8842388 0.4163254 -0.2116479 -0.5757411 -0.8135504 -0.0815962 0.8826246 0.4449116 -0.1517479
-0.2333552 -0.2235153 -0.0257723 0.3023488 0.1430781 -0.0620485 -0.2213918 -0.3123745 -0.0314059 0.3535163 0.1815391 -0.0482012 -0.7198826 -0.6895273 -0.0795057 0.8887379 0.4205703 -0.1823883 -0.5763017 -0.8131377 -0.0817522 0.8830913 0.4534885 -0.1204075
-0.2334937 -0.2231611 -0.0247699 0.2831106 0.1382547 -0.0118384 -0.2214561 -0.3123843 -0.0308346 0.3278484 0.1751352 0.0186174 -0.7208047 -0.6889075 -0.0764657 0.8979446 0.4385038 -0.0375480 -0.5764711 -0.8131658 -0.0802653 0.8809326 0.4705904 0.0500251
-0.2335690 -0.2215286 -0.0233291 0.2945838 0.1438420 -0.0346136 -0.2217266 -0.3105753 -0.0291645 0.3426277 0.1822899 -0.0121891 -0.7236629 -0.6863582 -0.0722802 0.8936295 0.4363495 -0.1050016 -0.5793528 -0.8115068 -0.0762045 0.8823933 0.4694642 -0.0313915
-0.2333071 -0.2197801 -0.0217469 0.2979392 0.1448367 -0.0347053 -0.2222532 -0.3087537 -0.0270617 0.3468360 0.1825575 -0.0128944 -0.7262237 -0.6841176 -0.0676923 0.8944668 0.4348256 -0.1041916 -0.5827465 -0.8095504 -0.0709557 0.8844269 0.4655190 -0.0328806
-0.2338981 -0.2181986 -0.0211570 0.3082943 0.1603911 -0.0432008 -0.2225751 -0.3066407 -0.0266318 0.3568550 0.2009441 -0.0262682 -0.7296268 -0.6806534 -0.0659978 0.8803487 0.4580043 -0.1233620 -0.5859727 -0.8072918 -0.0701133 0.8695662 0.4896504 -0.0640090
-0.2367545 -0.2167409 -0.0202797 0.0402474 0.0783079 -0.1639311 -0.2234896 -0.3050859 -0.0248114 -0.0109855 0.0428100 -0.1887490 -0.7361270 -0.6739000 -0.0630545 0.2162918 0.4208317 -0.8809759 -0.5896831 -0.8049771 -0.0654655 -0.0566686 0.2208357 -0.9736633
-0.2369324 -0.2149533 -0.0199631 -0.0412769 0.0608158 -0.1903094 -0.2244030 -0.3030869 -0.0243069 -0.0925334 0.0253205 -0.2150666 -0.7391862 -0.6706153 -0.0622811 -0.2023282 0.2981022 -0.9328442 -0.5938142 -0.8020271 -0.0643208 -0.3929341 0.1075209 -0.9132590
-0.2376628 -0.2138570 -0.0249607 -0.0337398 0.0691289 -0.1822895 -0.2246846 -0.3011631 -0.0284343 -0.0845001 0.0336365 -0.2080392 -0.7411006 -0.6668671 -0.0778346 -0.1705277 0.3493917 -0.9213283 -0.5962702 -0.7992295 -0.0754592 -0.3721642 0.1481453 -0.9162678
-0.2366824 -0.2123979 -0.0332866 0.0198393 0.0571530 -0.1272429 -0.2249124 -0.2996935 -0.0364275 -0.0299249 0.0216635 -0.1548581 -0.7402132 -0.6642643 -0.1041022 0.1408111 0.4056486 -0.9031176 -0.5974265 -0.7960646 -0.0967609 -0.1879658 0.1360741 -0.9727038
-0.2344377 -0.2115471 -0.0485497 0.0394870 0.0717644 -0.1390787 -0.2229113 -0.2985106 -0.0506577 -0.0083435 0.0362778 -0.1699161 -0.7338001 -0.6621516 -0.1519627 0.2446425 0.4446176 -0.8616642 -0.5928739 -0.7939442 -0.1347335 -0.0479659 0.2085578 -0.9768331
-0.2326361 -0.2099907 -0.0549760 0.0460242 0.0736275 -0.1378506 -0.2213337 -0.2969582 -0.0565158 -0.0008995 0.0381438 -0.1700419 -0.7311480 -0.6599762 -0.1727832 0.2825006 0.4519321 -0.8461388 -0.5907657 -0.7926165 -0.1508474 -0.0051613 0.2188776 -0.9757387
-0.2307295 -0.2098537 -0.0654720 0.0416709 0.0700385 -0.1360387 -0.2188637 -0.2954452 -0.0656534 -0.0038736 0.0345578 -0.1701446 -0.7240009 -0.6584951 -0.2054431 0.2627713 0.4416536 -0.8578423 -0.5859861 -0.7910256 -0.1757805 -0.0223053 0.1989950 -0.9797466
-0.2304299 -0.2094615 -0.0659942 0.0402638 0.0756746 -0.1452917 -0.2187629 -0.2950348 -0.0663897 -0.0052135 0.0401971 -0.1794785 -0.7238951 -0.6580228 -0.2073207 0.2386804 0.4485925 -0.8612760 -0.5861139 -0.7904630 -0.1778726 -0.0283342 0.2184638 -0.9754336
-0.2296121 -0.2091664 -0.0675081 0.0393685 0.0769582 -0.1498536 -0.2175716 -0.2950449 -0.0673960 -0.0061002 0.0414836 -0.1840432 -0.7223877 -0.6580630 -0.2123888 0.2275654 0.4448486 -0.8662123 -0.5837171 -0.7915683 -0.1808149 -0.0323175 0.2197701 -0.9750162
-0.2276308 -0.2099944 -0.0697365 0.0319874 0.0762715 -0.1581548 -0.2166726 -0.2950576 -0.0707834 -0.0135126 0.0408002 -0.1922956 -0.7170529 -0.6614969 -0.2196749 0.1792258 0.4273502 -0.8861433 -0.5811272 -0.7913597 -0.1898446 -0.0685779 0.2070651 -0.9759207
-0.2280259 -0.2102227 -0.0668480 0.0220352 0.0754683 -0.1666131 -0.2162660 -0.2949780 -0.0692457 -0.0240450 0.0400001 -0.1999578 -0.7187203 -0.6626060 -0.2106997 0.1196066 0.4096403 -0.9043722 -0.5809531 -0.7923965 -0.1860141 -0.1171029 0.1948067 -0.9738261
-0.2349699 -0.2344097 -0.0425577 -0.0172119 0.0479631 -0.1810471 -0.2232973 -0.3194354 -0.0472599 -0.0671502 0.0124978 -0.2082674 -0.7022011 -0.7005271 -0.1271826 -0.0915130 0.2550118 -0.9625977 -0.5687666 -0.8136424 -0.1203768 -0.3063675 0.0570203 -0.9502040
-0.2361696 -0.2368019 -0.0391968 -0.0435511 0.0385845 -0.1894277 -0.2232617 -0.3208671 -0.0434629 -0.0942572 0.0031227 -0.2151757 -0.7013603 -0.7032381 -0.1164040 -0.2197748 0.1947118 -0.9559217 -0.5676522 -0.8158182 -0.1105063 -0.4012046 0.0132916 -0.9158920
-0.2363569 -0.2298011 -0.0371930 -0.0417975 0.0388743 -0.1907527 -0.2223190 -0.3161422 -0.0429777 -0.0927962 0.0034153 -0.2159045 -0.7124600 -0.6926987 -0.1121123 -0.2099217 0.1952403 -0.9580261 -0.5717073 -0.8129797 -0.1105200 -0.3948325 0.0145315 -0.9186382
-0.2343413 -0.2251530 -0.0391567 -0.0523792 0.0369591 -0.1949683 -0.2200412 -0.3129087 -0.0469036 -0.1035149 0.0015026 -0.2198331 -0.7159241 -0.6878534 -0.1196257 -0.2552135 0.1800800 -0.9499670 -0.5709485 -0.8119152 -0.1217025 -0.4260046 0.0061838 -0.9046999
-0.2335163 -0.2245333 -0.0403053 -0.0568657 0.0329208 -0.1980776 -0.2187294 -0.3135557 -0.0485218 -0.1081043 -0.0025331 -0.2227220 -0.7153202 -0.6878032 -0.1234654 -0.2724865 0.1577487 -0.9491399 -0.5675751 -0.8136373 -0.1259080 -0.4366361 -0.0102315 -0.8995800
-0.2329541 -0.2234249 -0.0416375 -0.0651449 0.0258751 -0.2046753 -0.2184115 -0.3125367 -0.0496752 -0.1164060 -0.0095766 -0.2292634 -0.7157830 -0.6865034 -0.1279368 -0.3011152 0.1196006 -0.9460578 -0.5680208 -0.8128114 -0.1291898 -0.4524119 -0.0372195 -0.8910321
-0.2321550 -0.2225204 -0.0426822 -0.0656119 0.0217080 -0.2052737 -0.2177207 -0.3115373 -0.0513577 -0.1168371 -0.0137413 -0.2299291 -0.7156521 -0.6859521 -0.1315741 -0.3029241 0.1002240 -0.9477300 -0.5676756 -0.8122888 -0.1339079 -0.4523709 -0.0532038 -0.8902415
-0.2315274 -0.2224192 -0.0436537 -0.0697877 0.0192616 -0.1965031 -0.2173595 -0.3111158 -0.0525514 -0.1209478 -0.0161853 -0.2212814 -0.7145742 -0.6864630 -0.1347305 -0.3332500 0.0919781 -0.9383413 -0.5673040 -0.8120060 -0.1371582 -0.4786277 -0.0640502 -0.8756787
-0.2311951 -0.2222606 -0.0443070 -0.0415485 0.0780090 -0.2212496 -0.2169638 -0.3106200 -0.0533407 -0.0926152 0.0425648 -0.2462103 -0.7141162 -0.6865192 -0.1368557 -0.1743903 0.3274249 -0.9286447 -0.5670377 -0.8118091 -0.1394065 -0.3475571 0.1597330 -0.9239531
-0.2323409 -0.2212013 -0.0426673 -0.0210682 0.0928816 -0.2272050 -0.2176783 -0.3097488 -0.0522484 -0.0721514 0.0574400 -0.2521225 -0.7179337 -0.6835122 -0.1318421 -0.0855180 0.3770164 -0.9222501 -0.5695771 -0.8104884 -0.1367131 -0.2687602 0.2139610 -0.9391425
-0.2325825 -0.2218182 -0.0376495 -0.0171421 0.0936903 -0.2268746 -0.2191050 -0.3092023 -0.0486589 -0.0682262 0.0582516 -0.2517807 -0.7187398 -0.6854754 -0.1163467 -0.0696673 0.3807674 -0.9220426 -0.5734619 -0.8092727 -0.1273545 -0.2552557 0.2179378 -0.9419913
