-0.1194977 -0.2903059 -0.0432891 0.1120440 0.1180855 -0.1793669 -0.0950481 -0.3559297 -0.0567996 0.0790846 0.1138372 -0.2228608 -0.3770728 -0.9160552 -0.1365979 0.4625711 0.4875135 -0.7405124 -0.2549881 -0.9548623 -0.1523778 0.3013315 0.4337474 -0.8491540
-0.1197880 -0.2899315 -0.0428402 0.2123417 0.0847668 -0.1906671 -0.0958550 -0.3558598 -0.0557801 0.0840316 0.1136215 -0.2311824 -0.3783402 -0.9157241 -0.1353073 0.7132618 0.2847341 -0.6404562 -0.2571625 -0.9547108 -0.1496483 0.3101317 0.4193376 -0.8532141
-0.1200918 -0.2902961 -0.0435813 0.2076705 0.0805446 -0.1940391 -0.0967939 -0.3564204 -0.0566793 0.0886725 0.1041954 -0.2623448 -0.3786423 -0.9152861 -0.1374092 0.7029965 0.2726558 -0.6568522 -0.2590471 -0.9538789 -0.1516893 0.2996920 0.3521556 -0.8866629
-0.1200800 -0.2897705 -0.0438627 0.2064592 0.0813140 -0.1952395 -0.0972495 -0.3560922 -0.0567846 0.0991265 0.0943992 -0.2656643 -0.3791389 -0.9149174 -0.1384914 0.6985352 0.2751183 -0.6605744 -0.2603909 -0.9534565 -0.1520440 0.3316868 0.3158687 -0.8889380
-0.1204358 -0.2893995 -0.0438355 0.1837790 0.0769898 -0.1900904 -0.0973041 -0.3555333 -0.0571724 0.1124855 0.0740649 -0.2749747 -0.3805122 -0.9143464 -0.1384964 0.6673548 0.2795722 -0.6902731 -0.2608580 -0.9531323 -0.1532708 0.3673769 0.2418954 -0.8980651
-0.1206534 -0.2893551 -0.0437565 0.1904184 0.0676187 -0.1903951 -0.0972974 -0.3552786 -0.0577238 0.1311158 0.0518113 -0.2719642 -0.3811620 -0.9141154 -0.1382333 0.6858563 0.2435516 -0.6857723 -0.2609516 -0.9528570 -0.1548152 0.4280163 0.1691335 -0.8878040
-0.1201394 -0.2889703 -0.0444217 0.1951712 0.0619606 -0.1889700 -0.0936758 -0.3541444 -0.0561890 0.1409545 0.0326526 -0.2732414 -0.3800842 -0.9142130 -0.1405365 0.7004406 0.2223675 -0.6781856 -0.2527623 -0.9555756 -0.1516128 0.4558910 0.1056087 -0.8837478
-0.1201196 -0.2895577 -0.0441358 0.2184305 0.0460374 -0.1903217 -0.0946252 -0.3551275 -0.0558463 0.1569976 0.0148895 -0.2631552 -0.3794336 -0.9146548 -0.1394161 0.7446094 0.1569373 -0.6487893 -0.2545488 -0.9553197 -0.1502306 0.5117416 0.0485331 -0.8577675
-0.1202819 -0.2895445 -0.0442022 0.2217283 0.0392600 -0.1842930 -0.0945190 -0.3550163 -0.0558735 0.1609508 -0.0023167 -0.2542912 -0.3798758 -0.9144431 -0.1395999 0.7620081 0.1349239 -0.6333555 -0.2543516 -0.9553524 -0.1503563 0.5347984 -0.0076978 -0.8449447
-0.1207478 -0.2893283 -0.0437759 0.2252520 0.0286515 -0.1703465 -0.0947244 -0.3545818 -0.0560768 0.1633145 -0.0115394 -0.2442411 -0.3814430 -0.9139899 -0.1382883 0.7935281 0.1009348 -0.6001044 -0.2551323 -0.9550366 -0.1510382 0.5554192 -0.0392445 -0.8306439
-0.1210943 -0.2897556 -0.0422231 0.2244851 0.0263161 -0.1593132 -0.0966343 -0.3556885 -0.0541059 0.1649854 -0.0160131 -0.2299048 -0.3821608 -0.9144382 -0.1332515 0.8118038 0.0951667 -0.5761231 -0.2593988 -0.9547869 -0.1452383 0.5821019 -0.0564975 -0.8111506
-0.1245509 -0.2922800 -0.0369910 0.1767031 0.0053484 -0.1767507 -0.0945776 -0.3546575 -0.0542198 0.1467220 -0.0294053 -0.2313355 -0.3893949 -0.9137817 -0.1156484 0.7068498 0.0213947 -0.7070401 -0.2549023 -0.9558611 -0.1461315 0.5325386 -0.1067287 -0.8396497
-0.1264878 -0.2921750 -0.0368814 0.1446137 0.0019992 -0.1835709 -0.0954503 -0.3540464 -0.0540513 0.1356065 -0.0420230 -0.2389526 -0.3946473 -0.9115986 -0.1150716 0.6188022 0.0085546 -0.7855002 -0.2575215 -0.9552050 -0.1458287 0.4878897 -0.1511918 -0.8597120
-0.1247058 -0.2910433 -0.0399421 0.1311858 0.0060444 -0.1757065 -0.0955460 -0.3544574 -0.0545891 0.1014318 -0.0396160 -0.2217065 -0.3907504 -0.9119488 -0.1251536 0.5980376 0.0275546 -0.8009943 -0.2574353 -0.9550360 -0.1470827 0.4106462 -0.1603852 -0.8975780
-0.1245051 -0.2910544 -0.0402178 0.1170125 0.0129875 -0.1713041 -0.0961019 -0.3548801 -0.0545614 0.0634174 -0.0325220 -0.2328241 -0.3901627 -0.9120796 -0.1260309 0.5629396 0.0624820 -0.8241329 -0.2585549 -0.9547780 -0.1467933 0.2604536 -0.1335671 -0.9562028
-0.1246371 -0.2907523 -0.0405645 0.0973181 0.0320090 -0.1682165 -0.0965903 -0.3548226 -0.0545135 0.0375048 -0.0068738 -0.2285370 -0.3907969 -0.9116473 -0.1271891 0.4941076 0.1625175 -0.8540760 -0.2598238 -0.9544573 -0.1466388 0.1618706 -0.0296673 -0.9863659
-0.1256148 -0.2905201 -0.0399968 0.0807683 0.0524144 -0.1701352 -0.0974506 -0.3545818 -0.0537470 0.0672200 0.0452656 -0.1838017 -0.3937385 -0.9106330 -0.1253696 0.4131560 0.2681165 -0.8702963 -0.2622202 -0.9541095 -0.1446225 0.3346371 0.2253427 -0.9150075
-0.1254483 -0.2898255 -0.0403457 0.0657127 0.0649223 -0.1719868 -0.0976921 -0.3539649 -0.0545548 0.0523197 0.0666612 -0.1831933 -0.3940244 -0.9103220 -0.1267230 0.3366009 0.3325525 -0.8809703 -0.2631585 -0.9534942 -0.1469573 0.2592089 0.3302616 -0.9076001
-0.1253893 -0.2900486 -0.0410508 0.0542227 0.0815617 -0.1715543 -0.0972853 -0.3539438 -0.0556720 0.0401589 0.0806614 -0.1871225 -0.3935055 -0.9102509 -0.1288284 0.2744853 0.4128804 -0.8684397 -0.2620351 -0.9533375 -0.1499508 0.1933627 0.3883798 -0.9009839
-0.1247517 -0.2884513 -0.0430852 0.0450559 0.0956621 -0.1906390 -0.0972892 -0.3527945 -0.0569391 0.0371806 0.0974240 -0.1975064 -0.3932755 -0.9093328 -0.1358245 0.2066771 0.4388146 -0.8744863 -0.2626838 -0.9525556 -0.1537372 0.1664722 0.4362057 -0.8843142
-0.1247901 -0.2880373 -0.0430805 0.0374526 0.1001531 -0.1983538 -0.0975490 -0.3521377 -0.0584185 0.0241341 0.1072548 -0.2071690 -0.3938458 -0.9090649 -0.1359648 0.1662058 0.4444556 -0.8802470 -0.2636176 -0.9516210 -0.1578710 0.1029035 0.4573151 -0.8833311
-0.1247134 -0.2878472 -0.0434311 0.0381291 0.1061878 -0.2016613 -0.0978310 -0.3521619 -0.0585018 0.0198745 0.1120314 -0.2171385 -0.3937966 -0.9089099 -0.1371386 0.1650055 0.4595327 -0.8726986 -0.2643005 -0.9514020 -0.1580487 0.0810731 0.4570040 -0.8857621
-0.1244278 -0.2877466 -0.0435367 0.0698792 0.1126154 -0.1821668 -0.0977073 -0.3520332 -0.0590092 0.0205768 0.1079184 -0.2341258 -0.3931298 -0.9091357 -0.1375541 0.3101914 0.4998957 -0.8086319 -0.2640196 -0.9512459 -0.1594517 0.0795636 0.4172844 -0.9052864
-0.1236977 -0.2879815 -0.0438991 0.0723610 0.1023351 -0.1949763 -0.0983889 -0.3529199 -0.0590195 0.0232310 0.0967328 -0.2506681 -0.3908509 -0.9099425 -0.1387090 0.3121901 0.4415084 -0.8411942 -0.2651268 -0.9510071 -0.1590388 0.0861404 0.3586846 -0.9294757
-0.1235880 -0.2885809 -0.0442675 0.1079844 0.0844997 -0.1857126 -0.0973158 -0.3530817 -0.0596074 0.0386917 0.0755673 -0.2637930 -0.3898220 -0.9102432 -0.1396286 0.4677763 0.3660432 -0.8044860 -0.2622599 -0.9515330 -0.1606382 0.1396220 0.2726903 -0.9519169
-0.1228445 -0.2890818 -0.0440430 0.1028375 0.0696533 -0.2092670 -0.0965622 -0.3535636 -0.0594454 0.0637000 0.0537289 -0.2667176 -0.3873105 -0.9114319 -0.1388611 0.4225888 0.2862254 -0.8599382 -0.2600638 -0.9522263 -0.1600998 0.2279617 0.1922784 -0.9544959
-0.1223907 -0.2893907 -0.0440567 0.1201549 0.0525605 -0.2136952 -0.0963718 -0.3540329 -0.0592321 0.0864174 0.0301894 -0.2724080 -0.3857482 -0.9120949 -0.1388568 0.4792206 0.2096301 -0.8522927 -0.2592972 -0.9525578 -0.1593694 0.3007109 0.1050516 -0.9479120
-0.1220031 -0.2894189 -0.0435895 0.1727768 0.0412775 -0.1950180 -0.0959190 -0.3538631 -0.0594784 0.1063549 0.0131815 -0.2660964 -0.3847548 -0.9127250 -0.1374657 0.6549667 0.1564758 -0.7392794 -0.2582454 -0.9527151 -0.1601352 0.3707470 0.0459499 -0.9275965
-0.1215032 -0.2899479 -0.0429426 0.1887640 0.0220443 -0.1810990 -0.0953315 -0.3544005 -0.0586556 0.1225804 -0.0102696 -0.2619924 -0.3829331 -0.9138083 -0.1353391 0.7190571 0.0839732 -0.6898590 -0.2565047 -0.9535709 -0.1578223 0.4235191 -0.0354818 -0.9051920
-0.1212250 -0.2889674 -0.0430742 0.2008619 0.0003946 -0.1669939 -0.0947252 -0.3534989 -0.0578932 0.1400713 -0.0213925 -0.2448234 -0.3832454 -0.9135529 -0.1361765 0.7689560 0.0015106 -0.6392999 -0.2556540 -0.9540585 -0.1562479 0.4951770 -0.0756263 -0.8654943
-0.1216060 -0.2887912 -0.0428517 0.2042559 0.0028449 -0.1629683 -0.0953127 -0.3537782 -0.0559560 0.1434903 -0.0244406 -0.2364798 -0.3845045 -0.9131255 -0.1354922 0.7816365 0.0108867 -0.6236392 -0.2571564 -0.9545042 -0.1509710 0.5167359 -0.0880152 -0.8516087
-0.1215223 -0.2887451 -0.0426731 0.2039706 0.0073188 -0.1558371 -0.0951473 -0.3537370 -0.0555926 0.1429521 -0.0282992 -0.2264133 -0.3843596 -0.9132639 -0.1349697 0.7942990 0.0285007 -0.6068581 -0.2568049 -0.9547448 -0.1500457 0.5309139 -0.1051012 -0.8408830
-0.1220884 -0.2886432 -0.0423476 0.1928132 0.0091375 -0.1409396 -0.0966328 -0.3539265 -0.0556323 0.1366510 -0.0287273 -0.2174295 -0.3860508 -0.9127070 -0.1339056 0.8067260 0.0382311 -0.5896877 -0.2604130 -0.9537864 -0.1499218 0.5288202 -0.1111706 -0.8414216
-0.1217464 -0.2896859 -0.0422895 0.1247439 -0.0033155 -0.1899281 -0.0962086 -0.3551471 -0.0544981 0.1258492 -0.0565411 -0.2373850 -0.3839826 -0.9136560 -0.1333793 0.5489167 -0.0145894 -0.8357497 -0.2586517 -0.9547945 -0.1465154 0.4583565 -0.2059288 -0.8645823
-0.1214811 -0.2886895 -0.0421003 0.1096382 0.0012101 -0.1818743 -0.0959090 -0.3542647 -0.0536034 0.0742918 -0.0464436 -0.2214485 -0.3844037 -0.9135024 -0.1332182 0.5162649 0.0056981 -0.8564100 -0.2585764 -0.9551192 -0.1445181 0.3119529 -0.1950176 -0.9298675
-0.1208031 -0.2891582 -0.0423623 0.0984166 0.0109299 -0.1751588 -0.0950665 -0.3546834 -0.0537839 0.0419517 -0.0335625 -0.2347999 -0.3820121 -0.9143966 -0.1339611 0.4891211 0.0543206 -0.8705227 -0.2561605 -0.9557087 -0.1449228 0.1741687 -0.1393398 -0.9748075
-0.1202222 -0.2895249 -0.0420097 0.0766274 0.0427306 -0.1789035 -0.0946580 -0.3552468 -0.0526619 0.0619648 0.0412426 -0.1893099 -0.3800945 -0.9153620 -0.1328180 0.3845619 0.2144476 -0.8978443 -0.2548719 -0.9565221 -0.1417952 0.3046182 0.2027482 -0.9306454
-0.1194670 -0.2902454 -0.0425333 0.0692120 0.0526723 -0.1759389 -0.0940407 -0.3560234 -0.0531693 0.0529484 0.0494184 -0.1914106 -0.3771777 -0.9163540 -0.1342848 0.3526490 0.2683761 -0.8964446 -0.2527616 -0.9569163 -0.1429079 0.2587200 0.2414716 -0.9352836
-0.1195786 -0.2891835 -0.0427821 0.0601201 0.0770456 -0.1757816 -0.0940318 -0.3549160 -0.0534082 0.0359224 0.0726325 -0.2012980 -0.3786022 -0.9155941 -0.1354539 0.2989252 0.3830810 -0.8740095 -0.2534376 -0.9565817 -0.1439475 0.1655448 0.3347199 -0.9276624
-0.1192233 -0.2887448 -0.0435008 0.0488886 0.0840778 -0.1836413 -0.0941095 -0.3546963 -0.0537983 0.0215922 0.0887752 -0.2084359 -0.3780011 -0.9154742 -0.1379207 0.2352608 0.4045978 -0.8837154 -0.2537387 -0.9563351 -0.1450515 0.0948772 0.3900830 -0.9158786
-0.1186908 -0.2885376 -0.0445800 0.0610795 0.1101178 -0.1718172 -0.0942865 -0.3548989 -0.0539045 0.0147638 0.0987405 -0.2171202 -0.3765992 -0.9155135 -0.1414498 0.2867302 0.5169349 -0.8065755 -0.2540419 -0.9562262 -0.1452381 0.0617798 0.4131842 -0.9085494
-0.1180833 -0.2911353 -0.0449159 0.0581113 0.1132841 -0.1782643 -0.0931801 -0.3571682 -0.0552038 0.0048106 0.1068773 -0.2299676 -0.3720734 -0.9173502 -0.1415275 0.2652727 0.5171315 -0.8137600 -0.2496600 -0.9569706 -0.1479091 0.0189667 0.4213813 -0.9066852
-0.1175344 -0.2917241 -0.0451891 0.0467426 0.1134277 -0.1987675 -0.0886330 -0.3555888 -0.0583188 0.0025512 0.1079441 -0.2449715 -0.3699063 -0.9181192 -0.1422199 0.2001145 0.4856071 -0.8509641 -0.2388514 -0.9582540 -0.1571597 0.0095296 0.4032104 -0.9150577
-0.1167527 -0.2907136 -0.0465063 0.0532552 0.1121858 -0.2057895 -0.0869355 -0.3541839 -0.0595017 0.0024782 0.1048541 -0.2633506 -0.3686364 -0.9179027 -0.1468396 0.2215679 0.4667481 -0.8561857 -0.2352664 -0.9584992 -0.1610247 0.0087426 0.3698976 -0.9290314
-0.1154209 -0.2919889 -0.0478059 0.0544864 0.1003347 -0.2214268 -0.0860616 -0.3556952 -0.0606894 0.0059438 0.0921207 -0.2819426 -0.3634248 -0.9193826 -0.1505259 0.2187068 0.4027407 -0.8888010 -0.2319991 -0.9588590 -0.1636024 0.0200349 0.3105156 -0.9503571
-0.1146197 -0.2923656 -0.0481776 0.0765234 0.0796519 -0.2328268 -0.0837015 -0.3552420 -0.0614849 0.0383679 0.0652040 -0.2913242 -0.3607741 -0.9202427 -0.1516425 0.2969491 0.3090894 -0.9034849 -0.2261515 -0.9598219 -0.1661249 0.1274734 0.2166336 -0.9678948
-0.1138399 -0.2925010 -0.0482119 0.0997573 0.0765567 -0.2121626 -0.0831927 -0.3556249 -0.0609588 0.0416316 0.0534112 -0.2933837 -0.3584894 -0.9211054 -0.1518227 0.4044848 0.3104135 -0.8602531 -0.2246760 -0.9604258 -0.1646297 0.1382660 0.1773882 -0.9743798
-0.1137237 -0.2929843 -0.0483298 0.1693784 0.0826224 -0.2341613 -0.0834644 -0.3563815 -0.0606411 0.0892149 0.0290452 -0.2714839 -0.3576488 -0.9214042 -0.1519919 0.5635093 0.2748786 -0.7790372 -0.2249630 -0.9605607 -0.1634469 0.3105944 0.1011185 -0.9451488
-0.1138936 -0.2928940 -0.0478373 0.1623600 0.0535574 -0.2029161 -0.0834466 -0.3561783 -0.0602673 0.0945017 0.0152350 -0.2723773 -0.3582922 -0.9214010 -0.1504889 0.6118995 0.2018461 -0.7647465 -0.2250727 -0.9606865 -0.1625535 0.3273268 0.0527697 -0.9434366
-0.1144031 -0.2930792 -0.0469859 0.1749477 0.0265311 -0.1890807 -0.0845409 -0.3563921 -0.0606402 0.1092332 -0.0111497 -0.2668505 -0.3596389 -0.9213268 -0.1477054 0.6755690 0.1024511 -0.7301440 -0.2277088 -0.9599329 -0.1633328 0.3785492 -0.0386395 -0.9247743
-0.1144093 -0.2946981 -0.0466605 0.1846707 0.0175176 -0.1794553 -0.0849282 -0.3582230 -0.0601650 0.1262979 -0.0222390 -0.2490260 -0.3580300 -0.9222219 -0.1460183 0.7155074 0.0678720 -0.6953003 -0.2276673 -0.9602890 -0.1612844 0.4508924 -0.0793948 -0.8890402
-0.1138236 -0.2950785 -0.0471137 0.1719156 0.0015908 -0.1827525 -0.0864680 -0.3600190 -0.0581080 0.1339379 -0.0293643 -0.2345787 -0.3559650 -0.9228107 -0.1473405 0.6851676 0.0063401 -0.7283579 -0.2307110 -0.9605907 -0.1550418 0.4929359 -0.1080704 -0.8633279
-0.1128939 -0.2950302 -0.0467698 0.1733569 0.0020602 -0.1801772 -0.0855459 -0.3600121 -0.0575375 0.1345290 -0.0331372 -0.2285508 -0.3535274 -0.9238874 -0.1464596 0.6933129 0.0082394 -0.7205896 -0.2284374 -0.9613581 -0.1536453 0.5033510 -0.1239854 -0.8551406
-0.1140117 -0.2923945 -0.0460010 0.1536552 0.0003644 -0.1834187 -0.0895401 -0.3587612 -0.0551183 0.1223030 -0.0423748 -0.2311357 -0.3594433 -0.9218285 -0.1450269 0.6421701 0.0015229 -0.7665606 -0.2395071 -0.9596352 -0.1474337 0.4616774 -0.1599591 -0.8725062
-0.1140834 -0.2924617 -0.0453232 0.1427963 0.0037830 -0.1776333 -0.0894869 -0.3588830 -0.0536741 0.1232532 -0.0465188 -0.2242633 -0.3596804 -0.9220690 -0.1428943 0.6264522 0.0165961 -0.7792832 -0.2394325 -0.9602332 -0.1436114 0.4738777 -0.1788532 -0.8622363
-0.1143802 -0.2921141 -0.0450406 0.1710030 0.0205045 -0.0995204 -0.0892050 -0.3583177 -0.0533878 0.1221029 0.0080528 -0.1737744 -0.3609050 -0.9217105 -0.1421171 0.8596831 0.1030823 -0.5003190 -0.2390951 -0.9603944 -0.1430946 0.5745050 0.0378891 -0.8176237
-0.1152844 -0.2921044 -0.0437476 0.1032360 0.0416361 -0.1705173 -0.0894204 -0.3577728 -0.0539901 0.0473219 0.0286846 -0.2452760 -0.3636004 -0.9212801 -0.1379774 0.5069648 0.2044639 -0.8373656 -0.2399198 -0.9599242 -0.1448586 0.1882030 0.1140809 -0.9754820
-0.1163789 -0.2905590 -0.0434803 0.0881408 0.0674024 -0.1680139 -0.0890161 -0.3556472 -0.0535229 0.0340276 0.0557554 -0.2405035 -0.3682820 -0.9194762 -0.1375936 0.4377562 0.3347577 -0.8344500 -0.2402566 -0.9599001 -0.1444596 0.1365386 0.2237234 -0.9650415
-0.1162548 -0.2911152 -0.0431686 0.0865911 0.0807002 -0.1696756 -0.0880457 -0.3555803 -0.0547597 0.0282909 0.0675137 -0.2458837 -0.3673972 -0.9200041 -0.1364247 0.4185522 0.3900775 -0.8201546 -0.2377115 -0.9600185 -0.1478438 0.1102749 0.2631613 -0.9584287
-0.1161852 -0.2905535 -0.0438318 0.0787658 0.0989728 -0.1716369 -0.0881650 -0.3549592 -0.0561808 0.0177618 0.0854398 -0.2507648 -0.3677014 -0.9195395 -0.1387181 0.3694265 0.4642014 -0.8050100 -0.2382617 -0.9592603 -0.1518259 0.0668956 0.3217885 -0.9444454
-0.1164646 -0.2833658 -0.0456712 0.0621991 0.1123167 -0.1823208 -0.0891896 -0.3481288 -0.0578142 0.0080697 0.1006697 -0.2547985 -0.3759936 -0.9148163 -0.1474445 0.2789317 0.5036844 -0.8176180 -0.2450310 -0.9564161 -0.1588334 0.0294425 0.3672957 -0.9296381
-0.1171612 -0.2848490 -0.0458743 0.0564087 0.1215650 -0.1854919 -0.0892799 -0.3492151 -0.0587214 0.0022790 0.1099180 -0.2579681 -0.3762397 -0.9147358 -0.1473162 0.2464996 0.5312253 -0.8105786 -0.2444692 -0.9562324 -0.1607930 0.0081272 0.3919780 -0.9199387
-0.1166861 -0.2858377 -0.0465990 0.0394039 0.1322364 -0.1925180 -0.0868142 -0.3491281 -0.0602847 -0.0260344 0.1212138 -0.2751950 -0.3737131 -0.9154588 -0.1492438 0.1663598 0.5582909 -0.8127950 -0.2379934 -0.9571032 -0.1652651 -0.0862546 0.4015929 -0.9117474
-0.1173285 -0.2908927 -0.0476212 0.0598740 0.1224486 -0.1772033 -0.0868989 -0.3539393 -0.0612040 0.0152148 0.1220931 -0.2204718 -0.3698211 -0.9168977 -0.1501028 0.2678195 0.5477186 -0.7926393 -0.2351452 -0.9577464 -0.1656156 0.0602614 0.4835757 -0.8732257
-0.1171624 -0.2899946 -0.0485435 0.0570599 0.1117410 -0.1864123 -0.0865927 -0.3532559 -0.0607409 0.0116455 0.1094283 -0.2314601 -0.3701665 -0.9162175 -0.1533699 0.2539348 0.4972832 -0.8295942 -0.2348268 -0.9579789 -0.1647206 0.0454389 0.4269726 -0.9031222
-0.1173965 -0.2898293 -0.0486028 0.0550134 0.0936640 -0.1931844 -0.0869592 -0.3532624 -0.0602254 0.0032463 0.0856676 -0.2458353 -0.3709711 -0.9158561 -0.1535842 0.2482224 0.4226152 -0.8716548 -0.2358158 -0.9579759 -0.1633191 0.0124688 0.3290421 -0.9442329
-0.1177137 -0.2899367 -0.0474740 0.0534289 0.0834455 -0.1982979 -0.0872669 -0.3532899 -0.0595016 -0.0045633 0.0671565 -0.2554713 -0.3719208 -0.9160656 -0.1499959 0.2410233 0.3764315 -0.8945430 -0.2366620 -0.9580984 -0.1613644 -0.0172727 0.2541976 -0.9669981
-0.1171310 -0.2910628 -0.0473581 0.0581325 0.0587313 -0.2036236 -0.0867102 -0.3544650 -0.0591920 0.0085887 0.0387875 -0.2567534 -0.3691478 -0.9173078 -0.1492528 0.2645357 0.2672607 -0.9266027 -0.2345508 -0.9588271 -0.1601143 0.0330577 0.1492925 -0.9882403
-0.1174750 -0.2914846 -0.0471786 0.0901902 0.0407510 -0.1858880 -0.0871399 -0.3548038 -0.0596551 0.0198821 0.0142693 -0.2565732 -0.3696641 -0.9172286 -0.1484590 0.4282686 0.1935063 -0.8826898 -0.2353947 -0.9584468 -0.1611490 0.0771409 0.0553637 -0.9954819
-0.1173646 -0.2914626 -0.0473786 0.1625909 -0.0159691 -0.1871192 -0.0876105 -0.3552382 -0.0588925 0.0359540 -0.0080459 -0.2510916 -0.3693531 -0.9172495 -0.1491031 0.6545429 -0.0642869 -0.7532866 -0.2364071 -0.9585707 -0.1589147 0.1416736 -0.0317042 -0.9894056
-0.1177283 -0.2917722 -0.0463134 0.1724434 -0.0202574 -0.1796722 -0.0875304 -0.3552818 -0.0581373 0.0526278 -0.0280822 -0.2418711 -0.3701931 -0.9174686 -0.1456310 0.6901646 -0.0810755 -0.7190964 -0.2362524 -0.9589377 -0.1569178 0.2112564 -0.1127263 -0.9709086
-0.1166956 -0.2908648 -0.0469899 0.1547948 -0.0176457 -0.1680499 -0.0865135 -0.3544506 -0.0584404 0.0660993 -0.0350583 -0.2364910 -0.3682363 -0.9178320 -0.1482780 0.6754927 -0.0770022 -0.7333350 -0.2341325 -0.9592539 -0.1581578 0.2664812 -0.1413386 -0.9534208
