0.0929294 0.1448326 -0.2096436 0.2749262 0.4466192 -0.1016368 0.1542556 0.1896580 -0.1964055 0.2046580 0.4659398 -0.1268268 0.3426290 0.5339949 -0.7729520 0.5146381 0.8360326 -0.1902553 0.4918986 0.6047918 -0.6263087 0.3902180 0.8883995 -0.2418185
0.0831081 0.1140047 -0.2126316 0.2816220 0.4481823 -0.1069141 0.1444789 0.1588298 -0.1996060 0.2112677 0.4675028 -0.1318615 0.3256859 0.4467640 -0.8332650 0.5215142 0.8299545 -0.1979860 0.4928306 0.5417827 -0.6808741 0.3988453 0.8825831 -0.2489369
0.0833001 0.1142192 -0.2118167 0.3240267 0.4630230 -0.1008970 0.1446646 0.1590441 -0.1987626 0.2536847 0.4823433 -0.1258763 0.3271045 0.4485180 -0.8317658 0.5644312 0.8065528 -0.1757553 0.4940800 0.5431910 -0.6788434 0.4535468 0.8623511 -0.2250463
0.0807283 0.1114746 -0.2114013 0.3066540 0.4583809 -0.1072224 0.1420784 0.1562992 -0.1982810 0.2363394 0.4777011 -0.1322776 0.3200227 0.4419069 -0.8380356 0.5458185 0.8158796 -0.1908469 0.4904184 0.5395049 -0.6844153 0.4303829 0.8699116 -0.2408825
0.0751605 0.1258199 -0.2049293 0.2887053 0.4509282 -0.1085901 0.1364915 0.1706442 -0.1917215 0.2176814 0.4689785 -0.1325678 0.2983221 0.4993963 -0.8133924 0.5284428 0.8253738 -0.1987620 0.4695270 0.5870113 -0.6595166 0.4078260 0.8786310 -0.2483658
0.0814386 0.1220753 -0.2047370 0.2795753 0.4470182 -0.1054557 0.1427625 0.1668994 -0.1914969 0.2089641 0.4664288 -0.1295891 0.3233017 0.4846248 -0.8127821 0.5199582 0.8313708 -0.1961280 0.4899376 0.5727716 -0.6571863 0.3963122 0.8846085 -0.2457730
0.0829101 0.1127198 -0.2086898 0.2270144 0.4414704 -0.1075845 0.1442301 0.1575436 -0.1954363 0.1559390 0.4614416 -0.1298187 0.3299780 0.4486192 -0.8305753 0.4469289 0.8691338 -0.2118043 0.4981823 0.5441680 -0.6750523 0.3093528 0.9154106 -0.2575351
0.0896297 0.1040506 -0.2160247 0.2275546 0.4407213 -0.1066550 0.1509625 0.1488742 -0.2028316 0.1564576 0.4606923 -0.1288192 0.3501407 0.4064766 -0.8439066 0.4485268 0.8686940 -0.2102248 0.5144972 0.5073800 -0.6912728 0.3108637 0.9153436 -0.2559491
0.0905928 0.1084619 -0.2172854 0.2277729 0.4405586 -0.1057446 0.1519356 0.1532851 -0.2041426 0.1566582 0.4605296 -0.1278514 0.3495110 0.4184507 -0.8382965 0.4491642 0.8687740 -0.2085265 0.5114345 0.5159771 -0.6871698 0.3114685 0.9156268 -0.2541946
0.0846011 0.1209766 -0.2166228 0.3134269 0.4601249 -0.0873284 0.1459994 0.1657996 -0.2037398 0.2422193 0.4800957 -0.1091329 0.3227309 0.4614937 -0.8263585 0.5561749 0.8164899 -0.1549639 0.4858146 0.5517000 -0.6779464 0.4414419 0.8749688 -0.1988934
0.0845019 0.1216345 -0.2148576 0.2820991 0.4481552 -0.1030200 0.1459624 0.1664572 -0.2022792 0.2107850 0.4681259 -0.1244723 0.3238135 0.4661068 -0.8233403 0.5229116 0.8307206 -0.1909626 0.4867308 0.5550736 -0.6745268 0.3990126 0.8861548 -0.2356240
0.0838335 0.1212225 -0.2145619 0.2844086 0.4491224 -0.1046146 0.1453042 0.1660449 -0.2020346 0.2129849 0.4681468 -0.1265541 0.3220563 0.4656905 -0.8242646 0.5249363 0.8289504 -0.1930883 0.4856924 0.5550201 -0.6753189 0.4021162 0.8838625 -0.2389345
0.0751063 0.1077049 -0.2125539 0.2866166 0.4503973 -0.1055310 0.1365824 0.1525270 -0.2000546 0.2151026 0.4687287 -0.1277631 0.3006165 0.4310939 -0.8507572 0.5266841 0.8276460 -0.1939227 0.4771378 0.5328389 -0.6988721 0.4048469 0.8821995 -0.2404644
0.0800744 0.1294642 -0.2084306 0.2875851 0.4503054 -0.1056288 0.1415458 0.1742859 -0.1959095 0.2160788 0.4683435 -0.1281228 0.3102442 0.5016025 -0.8075540 0.5280235 0.8267878 -0.1939408 0.4750198 0.5848938 -0.6574614 0.4065748 0.8812372 -0.2410764
0.0798561 0.1308995 -0.2098249 0.2860977 0.4497986 -0.1045302 0.1413081 0.1757210 -0.1972130 0.2146023 0.4674501 -0.1273590 0.3072794 0.5036901 -0.8073881 0.5266618 0.8280099 -0.1924241 0.4717118 0.5865884 -0.6583327 0.4049936 0.8821634 -0.2403495
0.0865986 0.1138796 -0.2168596 0.3088207 0.4587566 -0.0922394 0.1480788 0.1587008 -0.2043877 0.2374074 0.4754039 -0.1160572 0.3333281 0.4383359 -0.8347179 0.5508196 0.8182486 -0.1645203 0.4966750 0.5323024 -0.6855422 0.4364812 0.8740454 -0.2133750
0.0850376 0.1150518 -0.2192680 0.3121375 0.4594060 -0.0905956 0.1465526 0.1598728 -0.2069703 0.2405755 0.4755709 -0.1142976 0.3248009 0.4394404 -0.8374942 0.5546614 0.8163542 -0.1609863 0.4888518 0.5332837 -0.6903857 0.4413611 0.8724850 -0.2096910
0.0823266 0.1151113 -0.2196943 0.3115750 0.4584469 -0.0906400 0.1438415 0.1599321 -0.2073995 0.2400275 0.4746662 -0.1143491 0.3150282 0.4404809 -0.8406746 0.5547340 0.8162276 -0.1613772 0.4813925 0.5352427 -0.6941012 0.4411816 0.8724584 -0.2101788
0.0815973 0.1146936 -0.2193495 0.3119929 0.4586700 -0.0911633 0.1431292 0.1595141 -0.2071377 0.2404285 0.4749379 -0.1147861 0.3130798 0.4400664 -0.8416191 0.5549855 0.8159005 -0.1621650 0.4802107 0.5351835 -0.6949649 0.4415080 0.8721467 -0.2107862
0.0821679 0.1199391 -0.2158943 0.2882516 0.4480486 -0.1081770 0.1437004 0.1647595 -0.2036861 0.2720708 0.4465067 -0.1132777 0.3156868 0.4608025 -0.8294594 0.5302302 0.8241720 -0.1989884 0.4809194 0.5513976 -0.6816724 0.5085457 0.8345955 -0.2117349
0.0838758 0.1114266 -0.2132825 0.2953109 0.4508458 -0.1089822 0.1453829 0.1562469 -0.2009507 0.2745426 0.4587027 -0.1196413 0.3291389 0.4372513 -0.8369462 0.5370643 0.8199262 -0.1981993 0.4959521 0.5330131 -0.6855133 0.5011638 0.8373390 -0.2183992
0.0799855 0.1382213 -0.2041881 0.2996075 0.4520739 -0.1111149 0.1414916 0.1830416 -0.1918517 0.2420185 0.4926951 -0.1423785 0.3085610 0.5332177 -0.7876986 0.5411905 0.8165955 -0.2007104 0.4707733 0.6090192 -0.6383323 0.4267713 0.8688102 -0.2510679
0.0837807 0.1370238 -0.2030347 0.2999018 0.4519380 -0.1113314 0.1452790 0.1818438 -0.1906609 0.2433177 0.4937755 -0.1428256 0.3236300 0.5292987 -0.7842873 0.5416322 0.8162145 -0.2010681 0.4828579 0.6043867 -0.6336916 0.4278508 0.8682568 -0.2511452
0.0847822 0.1355225 -0.2019767 0.2950837 0.4502487 -0.1096415 0.1462727 0.1803422 -0.1895686 0.2259524 0.4675526 -0.1390573 0.3291451 0.5261315 -0.7841231 0.5371203 0.8195563 -0.1995728 0.4879682 0.6016246 -0.6324041 0.4203106 0.8697290 -0.2586707
0.0765937 0.1184561 -0.2064665 0.2874892 0.4475271 -0.1070960 0.1380818 0.1632755 -0.1940453 0.2191712 0.4634417 -0.1390836 0.3063089 0.4737226 -0.8256887 0.5298495 0.8248033 -0.1973805 0.4781983 0.5654478 -0.6720083 0.4126074 0.8724661 -0.2618360
0.0809678 0.1217988 -0.2084124 0.2836187 0.4452131 -0.1047601 0.1424465 0.1666179 -0.1959488 0.2156662 0.4602489 -0.1379276 0.3180066 0.4783732 -0.8185541 0.5270039 0.8272694 -0.1946591 0.4844771 0.5666867 -0.6664444 0.4095023 0.8739104 -0.2618939
0.0872908 0.1255265 -0.2080898 0.2807520 0.4436554 -0.1041852 0.1487572 0.1703451 -0.1955677 0.2129229 0.4580115 -0.1378999 0.3380471 0.4861209 -0.8058602 0.5245123 0.8288552 -0.1946431 0.4975384 0.5697420 -0.6541022 0.4066740 0.8747831 -0.2633832
0.0910214 0.1193142 -0.2088538 0.3209128 0.4572018 -0.1087013 0.1524823 0.1641325 -0.1963060 0.2534393 0.4697539 -0.1438196 0.3539232 0.4639357 -0.8120973 0.5639304 0.8034269 -0.1910175 0.5119092 0.5510211 -0.6590332 0.4584673 0.8497769 -0.2601673
0.0904020 0.1247925 -0.2080740 0.3042709 0.4528399 -0.1089849 0.1518286 0.1696105 -0.1953610 0.2368922 0.4653919 -0.1442845 0.3491479 0.4819699 -0.8036173 0.5469081 0.8139516 -0.1958936 0.5061359 0.5654136 -0.6512556 0.4372479 0.8590054 -0.2663157
0.0986519 0.1181104 -0.2099595 0.3069047 0.4539168 -0.1111303 0.1600424 0.1629281 -0.1970777 0.2396239 0.4664685 -0.1466160 0.3789673 0.4537165 -0.8065514 0.5489367 0.8118860 -0.1987702 0.5305391 0.5401050 -0.6533107 0.4400596 0.8566503 -0.2692542
0.0953150 0.1215704 -0.2078080 0.3095019 0.4541929 -0.1096335 0.1566300 0.1663878 -0.1945726 0.2424275 0.4667447 -0.1455053 0.3681010 0.4694977 -0.8025420 0.5522401 0.8104102 -0.1956175 0.5218787 0.5543908 -0.6483004 0.4442467 0.8553065 -0.2666375
0.0972882 0.1242914 -0.2071204 0.3085843 0.4540023 -0.1089725 0.1585843 0.1691084 -0.1937991 0.2415609 0.4665541 -0.1449374 0.3735995 0.4772953 -0.7953694 0.5513799 0.8112134 -0.1947126 0.5248238 0.5596527 -0.6413648 0.4432263 0.8560536 -0.2659375
0.0961764 0.1266627 -0.2075902 0.2963009 0.4512497 -0.1079099 0.1574998 0.1714794 -0.1943998 0.2292018 0.4638014 -0.1437316 0.3677745 0.4843529 -0.7938162 0.5382264 0.8196888 -0.1960169 0.5192539 0.5653427 -0.6409080 0.4268672 0.8637871 -0.2676868
0.0909644 0.1396737 -0.2067657 0.2818007 0.4483467 -0.1048575 0.1522512 0.1844900 -0.1934072 0.2081233 0.4600373 -0.1242989 0.3425060 0.5259099 -0.7785296 0.5220130 0.8305259 -0.1942401 0.4949502 0.5997548 -0.6287436 0.4002372 0.8846874 -0.2390365
0.0934821 0.1449541 -0.2072784 0.2795859 0.4482882 -0.1038480 0.1547488 0.1897701 -0.1938296 0.2050141 0.4569344 -0.1213756 0.3466703 0.5375499 -0.7686741 0.5192540 0.8325723 -0.1928692 0.4955170 0.6076579 -0.6206567 0.3978405 0.8867051 -0.2355357
0.0920083 0.1419825 -0.2081988 0.2789702 0.4482685 -0.1037524 0.1532744 0.1867983 -0.1947511 0.2041870 0.4559854 -0.1208034 0.3429632 0.5292431 -0.7760657 0.5184518 0.8330839 -0.1928184 0.4938823 0.6019034 -0.6275290 0.3972415 0.8871102 -0.2350204
0.0896209 0.1387593 -0.2079068 0.2791885 0.4487896 -0.1049156 0.1509340 0.1835749 -0.1946763 0.2042439 0.4559747 -0.1214842 0.3375048 0.5225560 -0.7829596 0.5181135 0.8328566 -0.1947006 0.4913012 0.5975497 -0.6336856 0.3972182 0.8867900 -0.2362652
0.0394123 0.1252596 -0.1947984 0.2854635 0.4491489 -0.1072589 0.1007390 0.1700748 -0.1816327 0.2102577 0.4550669 -0.1231252 0.1677654 0.5331900 -0.8291943 0.5258228 0.8273308 -0.1975706 0.3752648 0.6335489 -0.6766034 0.4073248 0.8815849 -0.2385260
0.0443701 0.1236966 -0.1967272 0.2887516 0.4490105 -0.1073327 0.1055885 0.1685116 -0.1830676 0.2135856 0.4543730 -0.1235791 0.1875461 0.5228483 -0.8315384 0.5302810 0.8245901 -0.1971122 0.3906430 0.6234382 -0.6772908 0.4130813 0.8787719 -0.2390059
0.0444829 0.1245156 -0.1959012 0.2900576 0.4480714 -0.1078663 0.1056892 0.1693302 -0.1821887 0.2148726 0.4531323 -0.1241184 0.1882097 0.5268328 -0.8288693 0.5326539 0.8228263 -0.1980828 0.3910777 0.6265662 -0.6741461 0.4159135 0.8770959 -0.2402471
0.0437646 0.1248976 -0.1955662 0.3156332 0.4551785 -0.1080213 0.1049673 0.1697118 -0.1818425 0.2875493 0.5249007 -0.1251252 0.1853351 0.5289191 -0.8281881 0.5592956 0.8065669 -0.1914114 0.3888027 0.6286186 -0.6735511 0.4702804 0.8584632 -0.2046394
0.0679619 0.1321547 -0.2025560 0.2852825 0.4441365 -0.1038162 0.1291245 0.1769683 -0.1886562 0.2572479 0.5138582 -0.1210008 0.2705251 0.5260469 -0.8062821 0.5302858 0.8255652 -0.1929745 0.4466343 0.6121233 -0.6525511 0.4380518 0.8750178 -0.2060449
0.0992227 0.1541117 -0.2046679 0.2847920 0.4441251 -0.1038677 0.1603933 0.1989250 -0.1908050 0.2567471 0.5138462 -0.1210354 0.3611453 0.5609274 -0.7449393 0.5296294 0.8259422 -0.1931635 0.5029418 0.6237649 -0.5983033 0.4373647 0.8753291 -0.2061819
0.0923133 0.1505349 -0.2050966 0.2846752 0.4443140 -0.1050929 0.1535311 0.1953479 -0.1914450 0.2565722 0.5140347 -0.1221618 0.3410901 0.5562141 -0.7578149 0.5290855 0.8257834 -0.1953213 0.4894795 0.6227976 -0.6103548 0.4368273 0.8751705 -0.2079867
0.0840224 0.1369406 -0.2060041 0.2854454 0.4439101 -0.1066948 0.1452407 0.1817532 -0.1923586 0.2573411 0.5136302 -0.1237613 0.3216201 0.5241798 -0.7885405 0.5301328 0.8244355 -0.1981549 0.4811222 0.6020731 -0.6372044 0.4378998 0.8740097 -0.2105962
0.0824190 0.1368297 -0.2060708 0.3011066 0.4488665 -0.1124953 0.1436140 0.1816420 -0.1923257 0.2730299 0.5185858 -0.1296088 0.3161078 0.5247935 -0.7903592 0.5453957 0.8130339 -0.2037632 0.4771045 0.6034386 -0.6389313 0.4548761 0.8639798 -0.2159322
0.0813942 0.1375802 -0.2065069 0.3032685 0.4492815 -0.1133133 0.1425981 0.1823921 -0.1928000 0.2751815 0.5190003 -0.1304080 0.3116782 0.5268278 -0.7907649 0.5476396 0.8113085 -0.2046202 0.4732990 0.6053797 -0.6399246 0.4573088 0.8624976 -0.2167178
0.0824348 0.1417328 -0.2051093 0.3034593 0.4487340 -0.1114240 0.1435894 0.1865444 -0.1911883 0.2754322 0.5184521 -0.1286181 0.3139296 0.5397495 -0.7811009 0.5487008 0.8113795 -0.2014715 0.4734781 0.6151200 -0.6304331 0.4582917 0.8626526 -0.2140077
0.0816320 0.1429281 -0.2039266 0.3139346 0.4520958 -0.1078274 0.1428186 0.1877393 -0.1901514 0.2858674 0.5218135 -0.1249542 0.3114946 0.5453909 -0.7781516 0.5597305 0.8060653 -0.1922510 0.4713697 0.6196295 -0.6275905 0.4702027 0.8582934 -0.2055282
0.0802447 0.1210924 -0.2057020 0.2828134 0.4399070 -0.1065219 0.1414425 0.1659034 -0.1919775 0.2547321 0.5096242 -0.1236255 0.3186526 0.4808591 -0.8168446 0.5298988 0.8242404 -0.1995869 0.4869076 0.5711129 -0.6608715 0.4369336 0.8741416 -0.2120508
0.0560379 0.1148967 -0.2001620 0.2829117 0.4403013 -0.1067125 0.1172543 0.1597073 -0.1865215 0.2548075 0.5100179 -0.1237766 0.2359491 0.4837753 -0.8427867 0.5296711 0.8243379 -0.1997886 0.4309034 0.5869162 -0.6854572 0.4367563 0.8742034 -0.2121610
0.0507253 0.1141512 -0.1991794 0.2880842 0.4428613 -0.1072040 0.1119674 0.1589615 -0.1856591 0.2599468 0.5125774 -0.1242133 0.2157529 0.4855257 -0.8471809 0.5343960 0.8215074 -0.1988633 0.4164840 0.5912875 -0.6905941 0.4420910 0.8717392 -0.2112493
0.0633360 0.1158120 -0.2023757 0.2956247 0.4454789 -0.1093485 0.1245718 0.1606219 -0.1888289 0.2674943 0.5151943 -0.1263709 0.2621314 0.4793163 -0.8375816 0.5417221 0.8163247 -0.2003773 0.4490019 0.5789393 -0.6806075 0.4502557 0.8671929 -0.2127118
0.0961259 0.1369778 -0.2025746 0.2997371 0.4463928 -0.1126756 0.1573791 0.1817874 -0.1891082 0.2715850 0.5161077 -0.1296601 0.3658400 0.5213161 -0.7709673 0.5456040 0.8125577 -0.2051006 0.5144737 0.5942644 -0.6181963 0.4545795 0.8638620 -0.2170254
0.0747171 0.1221995 -0.2034662 0.3065773 0.4484963 -0.1125195 0.1359372 0.1670086 -0.1898516 0.2784665 0.5182106 -0.1295720 0.3002796 0.4911063 -0.8177082 0.5525942 0.8083978 -0.2028121 0.4735181 0.5817511 -0.6613216 0.4622688 0.8602565 -0.2150963
0.0781947 0.1304689 -0.2012040 0.3047166 0.4478793 -0.1100147 0.1393826 0.1752777 -0.1874497 0.2766454 0.5175932 -0.1271308 0.3100145 0.5172632 -0.7977028 0.5512569 0.8102498 -0.1990255 0.4772727 0.6001846 -0.6418639 0.4606934 0.8619402 -0.2117091
0.0764318 0.1231206 -0.2029262 0.3025345 0.4472384 -0.1077213 0.1375997 0.1679290 -0.1890857 0.2744876 0.5169517 -0.1248769 0.3065138 0.4937498 -0.8137938 0.5494698 0.8122843 -0.1956457 0.4779404 0.5832864 -0.6567724 0.4586422 0.8637763 -0.2086573
0.0742431 0.1245974 -0.2061785 0.2924560 0.4433246 -0.1023985 0.1353933 0.1694053 -0.1922614 0.2644307 0.5130373 -0.1195893 0.2945179 0.4942702 -0.8178974 0.5407027 0.8196337 -0.1893178 0.4671683 0.5845249 -0.6633886 0.4486180 0.8703897 -0.2028883
0.0748315 0.1185985 -0.2080773 0.2873808 0.4421034 -0.1016379 0.1359942 0.1634061 -0.1942163 0.2593397 0.5118155 -0.1188029 0.2982270 0.4726521 -0.8292531 0.5351557 0.8232775 -0.1892684 0.4722819 0.5674783 -0.6744763 0.4426042 0.8734939 -0.2027559
0.0734718 0.1119743 -0.2085399 0.2852116 0.4423607 -0.1008638 0.1346345 0.1567816 -0.1946808 0.2571703 0.5120722 -0.1180280 0.2964471 0.4517986 -0.8414257 0.5321982 0.8254346 -0.1882094 0.4742077 0.5522138 -0.6857018 0.4395688 0.8752602 -0.2017395
0.0664333 0.1148794 -0.2094508 0.2859189 0.4414983 -0.1011697 0.1276083 0.1596862 -0.1956500 0.2578615 0.5112091 -0.1183076 0.2679278 0.4633126 -0.8447225 0.5337935 0.8242510 -0.1888779 0.4509873 0.5643556 -0.6914573 0.4410474 0.8743742 -0.2023537
0.0674271 0.1125415 -0.2084277 0.2854721 0.4420605 -0.1036069 0.1286987 0.1573480 -0.1950645 0.2572935 0.5117708 -0.1205428 0.2737815 0.4569647 -0.8463019 0.5322729 0.8242375 -0.1931788 0.4568154 0.5585060 -0.6923805 0.4395516 0.8742921 -0.2059313
0.0641581 0.1284433 -0.2051681 0.2865813 0.4427569 -0.1037475 0.1254198 0.1732494 -0.1917611 0.2584149 0.5124665 -0.1207036 0.2562067 0.5129209 -0.8193109 0.5331562 0.8237055 -0.1930120 0.4366087 0.6031119 -0.6675544 0.4406132 0.8737869 -0.2058070
0.0666550 0.1169217 -0.2073250 0.2856335 0.4426158 -0.1023628 0.1279049 0.1617276 -0.1938645 0.2072095 0.4742156 -0.1171506 0.2696634 0.4730254 -0.8387661 0.5322712 0.8248039 -0.1907507 0.4519329 0.5714402 -0.6849911 0.3905163 0.8937281 -0.2207873
0.0694517 0.1129810 -0.2085309 0.3032871 0.4481369 -0.0895879 0.1306946 0.1577868 -0.1950395 0.2373424 0.4579821 -0.1062585 0.2810326 0.4571717 -0.8438096 0.5529543 0.8170450 -0.1633371 0.4620228 0.5577973 -0.6894905 0.4506566 0.8695986 -0.2017596
0.0488544 0.1098942 -0.2016949 0.3039770 0.4474941 -0.0862182 0.1100848 0.1546999 -0.1881497 0.2447236 0.4373848 -0.1026882 0.2080432 0.4679768 -0.8589038 0.5549035 0.8168908 -0.1573895 0.4118350 0.5787430 -0.7038810 0.4783445 0.8549263 -0.2007176
0.0794566 0.1260689 -0.2115638 0.2705363 0.4335630 -0.0886234 0.1407156 0.1708744 -0.1981520 0.1967279 0.4653240 -0.1085414 0.3070457 0.4871705 -0.8175499 0.5215940 0.8359094 -0.1708660 0.4736445 0.5751582 -0.6669737 0.3807173 0.9005173 -0.2100545
0.0791719 0.1242777 -0.2126002 0.3050160 0.4473749 -0.0816312 0.1404616 0.1690830 -0.1993276 0.2408627 0.4501138 -0.1000443 0.3060689 0.4804423 -0.8218863 0.5570265 0.8170053 -0.1490765 0.4733614 0.5698168 -0.6717424 0.4630039 0.8652418 -0.1923125
0.0686829 0.1111214 -0.2132070 0.2658185 0.4442884 -0.0988401 0.1332859 0.1265825 -0.2349978 0.1918905 0.4760494 -0.1183072 0.2746819 0.4444055 -0.8526744 0.5043158 0.8429124 -0.1875213 0.4467446 0.4242764 -0.7876604 0.3643071 0.9037874 -0.2246080
0.0475378 0.1066857 -0.2052760 0.2716243 0.4446240 -0.1015125 0.0653018 0.1502057 -0.1831601 0.1975755 0.4763850 -0.1205175 0.2012798 0.4517179 -0.8691590 0.5117022 0.8376096 -0.1912354 0.2657671 0.6113114 -0.7454302 0.3730475 0.8994751 -0.2275523
0.0448575 0.1069332 -0.2050491 0.2806932 0.4426371 -0.1056182 0.0558460 0.1487429 -0.1859820 0.2065864 0.4743980 -0.1243929 0.1904229 0.4539387 -0.8704475 0.5249845 0.8278705 -0.1975392 0.2283090 0.6080896 -0.7603302 0.3881961 0.8914406 -0.2337465
0.0404266 0.1150334 -0.2073659 0.2806710 0.4425810 -0.1067892 0.0554662 0.1489633 -0.1863420 0.2065418 0.4743420 -0.1254757 0.1680542 0.4781963 -0.8620244 0.5247717 0.8274955 -0.1996643 0.2264588 0.6081914 -0.7608020 0.3879761 0.8910223 -0.2356984
0.0406496 0.1103696 -0.2079371 0.2793242 0.4421615 -0.1082120 0.0551717 0.1496162 -0.1858967 0.2051131 0.4739224 -0.1265728 0.1701557 0.4619970 -0.8704056 0.5230033 0.8278978 -0.2026148 0.2252630 0.6108742 -0.7590055 0.3857756 0.8913506 -0.2380575
0.0400224 0.1130184 -0.2077214 0.3034603 0.4480285 -0.0953807 0.1272639 0.1701289 -0.2083100 0.2361816 0.4586456 -0.1119877 0.1668714 0.4712245 -0.8660840 0.5522802 0.8153858 -0.1735873 0.4277131 0.5717755 -0.7000959 0.4473981 0.8688109 -0.2121379
0.0420981 0.1102047 -0.2053462 0.3042150 0.4472780 -0.0939386 0.0580316 0.1495644 -0.1839908 0.2367544 0.4583313 -0.1109289 0.1777630 0.4653494 -0.8670930 0.5541000 0.8146764 -0.1711007 0.2377271 0.6126920 -0.7537203 0.4486871 0.8686105 -0.2102278
0.0416909 0.1087530 -0.2023925 0.3040308 0.4459016 -0.0942540 0.0624519 0.1502636 -0.1829401 0.2362964 0.4581370 -0.1113254 0.1785383 0.4657268 -0.8667310 0.5549460 0.8139021 -0.1720413 0.2550727 0.6137224 -0.7471832 0.4480659 0.8687207 -0.2110955
0.0579121 0.1099414 -0.2068954 0.2819844 0.4391299 -0.1026035 0.0622085 0.1495491 -0.1826552 0.2078752 0.4708909 -0.1213717 0.2399573 0.4555393 -0.8572657 0.5301828 0.8256455 -0.1929136 0.2548206 0.6125885 -0.7481990 0.3930709 0.8904068 -0.2295016
0.0568514 0.1240277 -0.2038847 0.2843630 0.4397413 -0.1046340 0.1188548 0.1692566 -0.1968205 0.2102929 0.4715024 -0.1235558 0.2317399 0.5055667 -0.8310830 0.5324898 0.8234466 -0.1959345 0.4162982 0.5928343 -0.6893789 0.3961424 0.8881996 -0.2327501
