0.0590292 0.1752398 -0.1839653 0.2266436 0.4451232 -0.1037696 0.1184667 0.2086532 -0.1877712 0.1682345 0.4752825 -0.0972305 0.2263056 0.6718328 -0.7052847 0.4442540 0.8725053 -0.2034032 0.3888262 0.6848323 -0.6162945 0.3276432 0.9256309 -0.1893602
0.0647046 0.1736510 -0.1942185 0.2257068 0.4449293 -0.1014630 0.1243962 0.2060631 -0.2012931 0.1673794 0.4717842 -0.0928601 0.2410358 0.6468798 -0.7234972 0.4433297 0.8739230 -0.1992920 0.3964492 0.6567206 -0.6415186 0.3287519 0.9266374 -0.1823878
0.0646244 0.1717435 -0.1949546 0.2146985 0.4348294 -0.0896407 0.1244407 0.2038569 -0.2023347 0.1580310 0.4624172 -0.0846590 0.2413788 0.6414798 -0.7281758 0.4353520 0.8817194 -0.1817678 0.3975468 0.6512552 -0.6463924 0.3186402 0.9323788 -0.1706993
0.0626339 0.1723820 -0.1932503 0.2061377 0.4266766 -0.0821231 0.1220802 0.2052835 -0.2001233 0.1479619 0.4466186 -0.0729904 0.2350869 0.6470099 -0.7253360 0.4286266 0.8871979 -0.1707604 0.3917855 0.6588057 -0.6422454 0.3107672 0.9380415 -0.1533031
0.0584156 0.1651213 -0.1859208 0.1777831 0.4007430 -0.0621373 0.1185983 0.1972049 -0.1894309 0.1107281 0.4284877 -0.0529196 0.2286962 0.6464470 -0.7278766 0.4015068 0.9050411 -0.1403313 0.3979017 0.6616295 -0.6355475 0.2484274 0.9613465 -0.1187293
0.0571796 0.1643682 -0.1876371 0.1231667 0.4149311 -0.0531736 0.1168549 0.1973274 -0.1916525 0.0559922 0.4423601 -0.0438789 0.2234292 0.6422686 -0.7331919 0.2824409 0.9515035 -0.1219357 0.3909877 0.6602428 -0.6412551 0.1249704 0.9873152 -0.0979345
0.0565228 0.1557308 -0.1967560 0.1225609 0.4070778 -0.0520877 0.1158832 0.1888864 -0.2031254 0.0552040 0.4345068 -0.0442291 0.2197487 0.6054487 -0.7649460 0.2861522 0.9504352 -0.1216131 0.3854923 0.6283419 -0.6757086 0.1253990 0.9870061 -0.1004689
0.0524644 0.1563105 -0.2034249 0.1214601 0.4060868 -0.0529770 0.1109342 0.1904623 -0.2122834 0.0540997 0.4335157 -0.0451489 0.2003579 0.5969392 -0.7768657 0.2843433 0.9506669 -0.1240214 0.3625097 0.6223908 -0.6936977 0.1231765 0.9870463 -0.1027968
0.0500583 0.1562463 -0.2044293 0.1313850 0.4078672 -0.0476676 0.1083772 0.1904232 -0.2141418 0.0641275 0.4352961 -0.0389956 0.1909705 0.5960730 -0.7798893 0.3047318 0.9459996 -0.1105593 0.3537446 0.6215440 -0.6989620 0.1451771 0.9854593 -0.0882814
0.0507219 0.1561899 -0.2017981 0.1946408 0.3926931 -0.0698887 0.1091799 0.1903611 -0.2106544 0.1260004 0.4250763 -0.0534415 0.1949538 0.6003289 -0.7756277 0.4385568 0.8848000 -0.1574703 0.3589175 0.6257922 -0.6925044 0.2821535 0.9518761 -0.1196718
0.0560691 0.1524299 -0.1999885 0.1956621 0.3972993 -0.0711215 0.1155593 0.1849303 -0.2082383 0.1286911 0.4269979 -0.0553525 0.2176327 0.5916585 -0.7762579 0.4362193 0.8857600 -0.1585620 0.3832515 0.6133198 -0.6906208 0.2863676 0.9501696 -0.1231721
0.0628814 0.1519158 -0.1990050 0.1971434 0.4052498 -0.0724960 0.1231991 0.1829963 -0.2066963 0.1343571 0.4335888 -0.0604815 0.2435958 0.5885051 -0.7709234 0.4319038 0.8878253 -0.1588250 0.4075308 0.6053344 -0.6837316 0.2933946 0.9468243 -0.1320729
0.0725931 0.1493297 -0.1998093 0.2001991 0.4192842 -0.0791991 0.1341438 0.1778638 -0.2075991 0.1431076 0.4436138 -0.0682978 0.2794256 0.5748007 -0.7691070 0.4247542 0.8895778 -0.1680335 0.4405206 0.5840949 -0.6817439 0.3037716 0.9416503 -0.1449744
0.0754095 0.1459439 -0.2019064 0.2063340 0.4218519 -0.0836065 0.1375659 0.1729316 -0.2103705 0.1494268 0.4484733 -0.0719302 0.2897100 0.5606910 -0.7756892 0.4325719 0.8843976 -0.1752782 0.4508893 0.5668046 -0.6895153 0.3125081 0.9379278 -0.1504334
0.0759308 0.1451765 -0.2025103 0.2138437 0.4248878 -0.0858410 0.1382170 0.1717875 -0.2112060 0.1534713 0.4530465 -0.0750383 0.2914986 0.5573328 -0.7774373 0.4424198 0.8790475 -0.1775959 0.4526895 0.5626397 -0.6917433 0.3169681 0.9356885 -0.1549784
0.0759465 0.1463864 -0.2034442 0.2132411 0.4317802 -0.0863128 0.1388768 0.1713179 -0.2124706 0.1535326 0.4615662 -0.0757325 0.2899939 0.5589613 -0.7768306 0.4358620 0.8825529 -0.1764222 0.4534964 0.5594314 -0.6938138 0.3118733 0.9375870 -0.1538366
0.0782721 0.1332558 -0.2123434 0.2110276 0.4302808 -0.0857947 0.1422840 0.1536962 -0.2245090 0.1512188 0.4611104 -0.0742820 0.2980345 0.5073941 -0.8085336 0.4334442 0.8837833 -0.1762195 0.4634103 0.5005793 -0.7312122 0.3080280 0.9392678 -0.1513101
0.0797066 0.1304644 -0.2142739 0.2046666 0.4285254 -0.0842747 0.1438860 0.1501631 -0.2267748 0.1391781 0.4537253 -0.0768409 0.3028080 0.4956383 -0.8140332 0.4243450 0.8884821 -0.1747308 0.4676187 0.4880188 -0.7370010 0.2894889 0.9437432 -0.1598281
0.0787411 0.1342506 -0.2119742 0.1968599 0.4176433 -0.0826288 0.1424822 0.1559455 -0.2233594 0.1256673 0.4368687 -0.0765268 0.2994230 0.5105050 -0.8060586 0.4196998 0.8904038 -0.1761623 0.4634712 0.5072649 -0.7265513 0.2726088 0.9476948 -0.1660088
0.0646777 0.1477125 -0.2054858 0.1881694 0.4048442 -0.0785467 0.1260049 0.1761517 -0.2151480 0.1125797 0.4263144 -0.0713799 0.2476153 0.5655102 -0.7866924 0.4151150 0.8931146 -0.1732795 0.4127531 0.5770185 -0.7047584 0.2520427 0.9544301 -0.1598048
0.0637906 0.1489081 -0.2066999 0.1105342 0.4118748 -0.0568310 0.1247735 0.1779218 -0.2168191 0.0327350 0.4360109 -0.0493763 0.2429036 0.5670161 -0.7870773 0.2569254 0.9573607 -0.1320979 0.4064582 0.5795925 -0.7063032 0.0743949 0.9908952 -0.1122145
0.0547860 0.1518885 -0.2051275 0.1165105 0.4051017 -0.0637864 0.1145598 0.1833910 -0.2150155 0.0387148 0.4292378 -0.0562952 0.2098651 0.5818291 -0.7857682 0.2732919 0.9502238 -0.1496202 0.3756810 0.6014020 -0.7051096 0.0890730 0.9875679 -0.1295210
0.0547303 0.1518086 -0.2056515 0.1171351 0.4054583 -0.0638306 0.1143954 0.1834379 -0.2157857 0.0393459 0.4295945 -0.0562710 0.2093677 0.5807358 -0.7867091 0.2744245 0.9499096 -0.1495426 0.3745153 0.6005512 -0.7064535 0.0904406 0.9874667 -0.1293447
0.0547789 0.1554265 -0.2036074 0.1862320 0.4027367 -0.0735710 0.1140396 0.1880446 -0.2129491 0.1052984 0.4148068 -0.0605443 0.2091254 0.5933601 -0.7772968 0.4140618 0.8954306 -0.1635752 0.3725251 0.6142719 -0.6956257 0.2436197 0.9597021 -0.1400760
0.0551480 0.1541503 -0.2035099 0.1971229 0.4131977 -0.0801637 0.1147445 0.1860583 -0.2131607 0.1147457 0.4193442 -0.0642315 0.2111420 0.5901860 -0.7791659 0.4241252 0.8890270 -0.1724784 0.3758147 0.6093841 -0.6981507 0.2610947 0.9541848 -0.1461537
0.0565181 0.1547272 -0.2045849 0.1980626 0.4137750 -0.0818353 0.1161099 0.1865115 -0.2146663 0.1287131 0.4310307 -0.0693705 0.2151767 0.5890799 -0.7788991 0.4250471 0.8879709 -0.1756205 0.3780064 0.6072051 -0.6988656 0.2827891 0.9469960 -0.1524104
0.0591864 0.1520416 -0.2110574 0.2043074 0.4189431 -0.0851268 0.1190732 0.1824873 -0.2232897 0.1431599 0.4457190 -0.0760917 0.2218649 0.5699405 -0.7911661 0.4311959 0.8841898 -0.1796623 0.3816560 0.5849121 -0.7156930 0.3018410 0.9397623 -0.1604332
0.0649360 0.1512422 -0.2130448 0.2109124 0.4261227 -0.0876051 0.1256704 0.1796812 -0.2259108 0.1486752 0.4516718 -0.0771463 0.2412012 0.5617808 -0.7913433 0.4362508 0.8813915 -0.1812023 0.3991769 0.5707356 -0.7175783 0.3086279 0.9376047 -0.1601445
0.0671711 0.1514874 -0.2114683 0.2161439 0.4327035 -0.0885410 0.1281867 0.1797048 -0.2234597 0.1538478 0.4574812 -0.0762947 0.2500210 0.5638588 -0.7871167 0.4395657 0.8799768 -0.1800632 0.4081057 0.5721230 -0.7114247 0.3148424 0.9362139 -0.1561336
0.0676511 0.1561246 -0.2095285 0.2202205 0.4381937 -0.0881508 0.1282828 0.1855080 -0.2206365 0.1617504 0.4656430 -0.0757767 0.2506391 0.5784228 -0.7762777 0.4419628 0.8794154 -0.1769108 0.4065814 0.5879517 -0.6992885 0.3243265 0.9336629 -0.1519403
0.0692994 0.1578053 -0.2078082 0.2248033 0.4437614 -0.0880552 0.1301449 0.1869914 -0.2182382 0.1638304 0.4696290 -0.0751536 0.2566835 0.5845075 -0.7697172 0.4449899 0.8784093 -0.1743021 0.4125221 0.5927091 -0.6917524 0.3256867 0.9335991 -0.1494016
0.0694053 0.1541195 -0.2099462 0.2243398 0.4423252 -0.0878887 0.1307390 0.1819765 -0.2211269 0.1637124 0.4688596 -0.0750488 0.2575033 0.5718049 -0.7789296 0.4453920 0.8781682 -0.1744894 0.4152950 0.5780521 -0.7024143 0.3259527 0.9335029 -0.1494226
0.0689536 0.1541960 -0.2090416 0.2216198 0.4377580 -0.0859091 0.1302344 0.1823210 -0.2198312 0.1556198 0.4631337 -0.0731180 0.2565664 0.5737413 -0.7778140 0.4449086 0.8788128 -0.1724653 0.4149029 0.5808413 -0.7003420 0.3150065 0.9374781 -0.1480058
0.0642847 0.1723661 -0.1621094 0.2098149 0.4278699 -0.0765573 0.1234347 0.2060903 -0.1569370 0.1473732 0.4475042 -0.0702810 0.2621748 0.7029671 -0.6611366 0.4347097 0.8864920 -0.1586170 0.4301656 0.7182175 -0.5469198 0.3093740 0.9394255 -0.1475377
0.0609773 0.1710008 -0.1932894 0.2027093 0.4172864 -0.0741233 0.1196444 0.2055359 -0.1986124 0.1320133 0.4312505 -0.0678246 0.2299469 0.6448486 -0.7288996 0.4314788 0.8882189 -0.1577759 0.3861372 0.6633412 -0.6409965 0.2894550 0.9455686 -0.1487135
0.0559804 0.1669611 -0.1923699 0.1956871 0.4087991 -0.0753261 0.1147534 0.2012888 -0.1978495 0.1168946 0.4163488 -0.0739532 0.2146497 0.6401914 -0.7376181 0.4259263 0.8897789 -0.1639523 0.3766356 0.6606563 -0.6493681 0.2664415 0.9489969 -0.1685638
0.0591140 0.1568413 -0.2048979 0.1923715 0.4036536 -0.0717397 0.1190980 0.1880032 -0.2145720 0.1138844 0.4101378 -0.0728163 0.2233075 0.5924795 -0.7740167 0.4247847 0.8913269 -0.1584118 0.3852495 0.6081391 -0.6940819 0.2637197 0.9497471 -0.1686191
0.0560924 0.1552443 -0.2053674 0.1936742 0.4044310 -0.0734537 0.1159616 0.1865157 -0.2153887 0.1104394 0.4087230 -0.0734757 0.2128887 0.5892020 -0.7794353 0.4262297 0.8900541 -0.1616537 0.3769689 0.6063267 -0.7001874 0.2570096 0.9511618 -0.1709893
0.0534243 0.1550014 -0.2054383 0.1945551 0.4057204 -0.0745080 0.1130973 0.1865655 -0.2157113 0.1122675 0.4109105 -0.0739122 0.2032583 0.5897194 -0.7816119 0.4265779 0.8895747 -0.1633649 0.3686299 0.6080923 -0.7030902 0.2596765 0.9504424 -0.1709602
0.0622372 0.1401669 -0.2064791 0.1949452 0.4060654 -0.0774728 0.1243077 0.1665331 -0.2171887 0.1185643 0.4194222 -0.0780922 0.2419761 0.5449642 -0.8027836 0.4265293 0.8884483 -0.1695061 0.4135404 0.5540138 -0.7225324 0.2677611 0.9472069 -0.1763605
0.0642419 0.1515227 -0.1782829 0.2029526 0.4134925 -0.0821307 0.1259303 0.1807786 -0.1793848 0.1456029 0.4390768 -0.0805642 0.2647696 0.6244925 -0.7347830 0.4337711 0.8837584 -0.1755382 0.4432454 0.6362989 -0.6313931 0.3100889 0.9350970 -0.1715767
0.0661611 0.1332437 -0.2217738 0.2123398 0.4223304 -0.0883470 0.1286399 0.1558725 -0.2374877 0.1502784 0.4479511 -0.0819725 0.2477496 0.4989499 -0.8304632 0.4415548 0.8782244 -0.1837151 0.4125174 0.4998459 -0.7615664 0.3133772 0.9341172 -0.1709382
0.0660437 0.1376793 -0.2197667 0.2202692 0.4337917 -0.0928535 0.1284267 0.1609042 -0.2349824 0.1610394 0.4595363 -0.0851092 0.2467915 0.5144787 -0.8212220 0.4447247 0.8758278 -0.1874717 0.4110831 0.5150410 -0.7521592 0.3257805 0.9296359 -0.1721749
0.0660296 0.1423637 -0.2153113 0.2233858 0.4404574 -0.0947315 0.1283318 0.1667158 -0.2290201 0.1662861 0.4679708 -0.0859066 0.2478286 0.5343330 -0.8081270 0.4442220 0.8758876 -0.1883817 0.4126586 0.5360847 -0.7364279 0.3299252 0.9284921 -0.1704458
0.0649110 0.1531808 -0.2118648 0.2257889 0.4465579 -0.0966553 0.1264435 0.1798780 -0.2246526 0.1688130 0.4743650 -0.0880169 0.2409662 0.5686463 -0.7864964 0.4430328 0.8762156 -0.1896527 0.4022441 0.5722310 -0.7146688 0.3302658 0.9280479 -0.1721964
0.0668178 0.1419789 -0.2268133 0.2258719 0.4484420 -0.0971771 0.1287616 0.1645450 -0.2445950 0.1702474 0.4764768 -0.0882470 0.2422669 0.5147851 -0.8223765 0.4416468 0.8768376 -0.1900101 0.4002722 0.5115095 -0.7603553 0.3314680 0.9276899 -0.1718150
0.0675731 0.1427808 -0.2221970 0.2254629 0.4479200 -0.0968489 0.1298236 0.1656458 -0.2384606 0.1696822 0.4763114 -0.0877462 0.2478618 0.5237275 -0.8150301 0.4414519 0.8770185 -0.1896282 0.4081853 0.5208159 -0.7497570 0.3306421 0.9281385 -0.1709818
0.0686469 0.1417200 -0.2189524 0.2223146 0.4426339 -0.0948143 0.1311759 0.1645988 -0.2340881 0.1580040 0.4675738 -0.0861159 0.2545323 0.5254764 -0.8118423 0.4408208 0.8776852 -0.1880044 0.4167002 0.5228729 -0.7436161 0.3153738 0.9332709 -0.1718861
0.0709313 0.1348819 -0.2226698 0.2085073 0.4265327 -0.0863163 0.1337483 0.1563749 -0.2386226 0.1445244 0.4511306 -0.0798588 0.2628777 0.4998842 -0.8252340 0.4320935 0.8839112 -0.1788747 0.4244750 0.4962846 -0.7573127 0.3008422 0.9390741 -0.1662341
0.0662730 0.1408462 -0.2151833 0.1977259 0.4139740 -0.0802393 0.1284818 0.1656413 -0.2285110 0.1074790 0.4180231 -0.0735387 0.2495389 0.5303310 -0.8102341 0.4245467 0.8888632 -0.1722856 0.4143239 0.5341548 -0.7368951 0.2454761 0.9547416 -0.1679582
0.0582191 0.1431163 -0.2073979 0.1920896 0.4020582 -0.0721821 0.1200197 0.1701591 -0.2179692 0.1089255 0.4115551 -0.0663441 0.2251122 0.5533790 -0.8019327 0.4255444 0.8906971 -0.1599081 0.3981471 0.5644770 -0.7230799 0.2528071 0.9551853 -0.1539792
0.0576447 0.1413517 -0.2066129 0.1963755 0.3962611 -0.0643932 0.1190172 0.1696590 -0.2163287 0.1208214 0.4003293 -0.0594094 0.2243951 0.5502436 -0.8042878 0.4394026 0.8866595 -0.1440839 0.3972819 0.5663255 -0.7221098 0.2860603 0.9478314 -0.1406595
0.0538078 0.1465972 -0.2109815 0.1309397 0.4129435 -0.0539376 0.1138118 0.1769880 -0.2227381 0.0402304 0.4363654 -0.0411128 0.2049927 0.5584940 -0.8037801 0.2999413 0.9459226 -0.1235539 0.3714302 0.5776089 -0.7269165 0.0914036 0.9914233 -0.0934085
0.0505864 0.1485011 -0.2124624 0.1290859 0.4141286 -0.0538363 0.1099664 0.1797141 -0.2251932 0.0384853 0.4375505 -0.0402699 0.1915383 0.5622789 -0.8044597 0.2953176 0.9474270 -0.1231646 0.3565873 0.5827576 -0.7302322 0.0872520 0.9919938 -0.0912981
0.0470429 0.1568564 -0.1903256 0.1935248 0.4001647 -0.0664588 0.1059782 0.1908717 -0.1959603 0.1231483 0.4295077 -0.0620157 0.1873627 0.6247287 -0.7580299 0.4305866 0.8903539 -0.1478688 0.3612485 0.6506257 -0.6679714 0.2729976 0.9521409 -0.1374777
0.0530708 0.1568934 -0.1874327 0.1940098 0.4037313 -0.0682496 0.1129822 0.1893561 -0.1917832 0.1257121 0.4323528 -0.0640073 0.2121760 0.6272572 -0.7493529 0.4281861 0.8910485 -0.1506292 0.3866136 0.6479576 -0.6562628 0.2764209 0.9506751 -0.1407418
0.0608291 0.1604939 -0.1822442 0.1999914 0.4155787 -0.0699604 0.1213276 0.1920913 -0.1841603 0.1414149 0.4414748 -0.0655445 0.2429833 0.6410970 -0.7279792 0.4287313 0.8908963 -0.1499775 0.4148479 0.6568060 -0.6296881 0.3020512 0.9429558 -0.1399979
0.0609463 0.1667596 -0.1820642 0.2285342 0.4370515 -0.0795153 0.1209198 0.1993360 -0.1840793 0.1543972 0.4532737 -0.0715344 0.2396589 0.6557487 -0.7159310 0.4574670 0.8748652 -0.1591693 0.4070621 0.6710409 -0.6196810 0.3188958 0.9362028 -0.1477490
0.0597482 0.1679601 -0.1834041 0.2277730 0.4402717 -0.0879458 0.1197333 0.2004613 -0.1861586 0.1657984 0.4637762 -0.0773755 0.2336027 0.6566881 -0.7170708 0.4524312 0.8745226 -0.1746889 0.4009510 0.6712851 -0.6233896 0.3325531 0.9302270 -0.1551971
0.0624008 0.1678565 -0.1859497 0.2285359 0.4431487 -0.0883760 0.1227785 0.1995212 -0.1896902 0.1705258 0.4694494 -0.0817143 0.2417131 0.6502016 -0.7202865 0.4513138 0.8751324 -0.1745254 0.4073077 0.6618952 -0.6292815 0.3369397 0.9275790 -0.1614583
0.0638474 0.1693503 -0.1839388 0.2287283 0.4456355 -0.0898648 0.1243619 0.2008434 -0.1868064 0.1725947 0.4731087 -0.0834570 0.2474230 0.6562708 -0.7128047 0.4494527 0.8756769 -0.1765850 0.4129356 0.6668875 -0.6202784 0.3381054 0.9267989 -0.1634885
0.0641040 0.1713661 -0.1850369 0.2288134 0.4460347 -0.0905135 0.1243395 0.2033570 -0.1882447 0.1733872 0.4738902 -0.0841394 0.2463456 0.6585438 -0.7110794 0.4491763 0.8755964 -0.1776841 0.4093782 0.6695374 -0.6197815 0.3389247 0.9263260 -0.1644695
0.0656809 0.1722389 -0.1842972 0.2240158 0.4439218 -0.0905710 0.1257761 0.2045359 -0.1870142 0.1693801 0.4699284 -0.0832072 0.2519752 0.6607700 -0.7070300 0.4432241 0.8783168 -0.1791983 0.4132613 0.6720419 -0.6144711 0.3344758 0.9279700 -0.1643096
0.0649337 0.1744873 -0.1699345 0.2096678 0.4321880 -0.0870386 0.1246255 0.2075671 -0.1678018 0.1511494 0.4558544 -0.0797938 0.2576006 0.6922142 -0.6741524 0.4294860 0.8852989 -0.1782908 0.4230720 0.7046380 -0.5696449 0.3104683 0.9363472 -0.1639004
0.0596357 0.1845828 -0.1677209 0.2033443 0.4203607 -0.0816690 0.1170413 0.2214407 -0.1648955 0.1299605 0.4391644 -0.0712722 0.2325592 0.7198110 -0.6540553 0.4289526 0.8867465 -0.1722799 0.3902998 0.7384427 -0.5498804 0.2803878 0.9474903 -0.1537686
0.0530296 0.1869032 -0.1740413 0.1924796 0.4056554 -0.0732097 0.1090754 0.2258977 -0.1735982 0.1182774 0.4268961 -0.0660143 0.2033065 0.7165549 -0.6672447 0.4230941 0.8916809 -0.1609240 0.3575503 0.7404948 -0.5690564 0.2640885 0.9531693 -0.1473961
0.0537888 0.1716332 -0.1773788 0.1914031 0.4026769 -0.0713616 0.1122453 0.2069083 -0.1779564 0.1171724 0.4220777 -0.0646359 0.2129278 0.6794256 -0.7021700 0.4239021 0.8918121 -0.1580451 0.3803755 0.7011684 -0.6030566 0.2646273 0.9532383 -0.1459765
0.0510039 0.1667038 -0.1805824 0.1317525 0.4056749 -0.0612230 0.1097487 0.2014472 -0.1825232 0.0396265 0.4398255 -0.0494548 0.2032021 0.6641556 -0.7194486 0.3057576 0.9414486 -0.1420801 0.3743697 0.6871670 -0.6226145 0.0891751 0.9897787 -0.1112925
0.0556564 0.1532734 -0.1847777 0.1315404 0.4056097 -0.0611482 0.1165625 0.1839421 -0.1881902 0.0394261 0.4397604 -0.0492894 0.2258409 0.6219477 -0.7497846 0.3053623 0.9415963 -0.1419515 0.4049920 0.6390999 -0.6538599 0.0887441 0.9898564 -0.1109454
0.0572642 0.1546127 -0.1859941 0.1927500 0.4084118 -0.0762625 0.1179446 0.1856552 -0.1899912 0.1133848 0.4309444 -0.0577663 0.2303914 0.6220537 -0.7483107 0.4208468 0.8917188 -0.1665100 0.4058008 0.6387662 -0.6536845 0.2523365 0.9590615 -0.1285583
0.0590144 0.1547590 -0.1850834 0.1933423 0.4138818 -0.0779052 0.1198869 0.1854850 -0.1885806 0.1226281 0.4367349 -0.0629379 0.2376043 0.6230923 -0.7451846 0.4172168 0.8931227 -0.1681130 0.4128139 0.6386921 -0.6493512 0.2677646 0.9536329 -0.1374280
0.0582449 0.1591432 -0.1849704 0.2017851 0.4211738 -0.0829519 0.1186623 0.1907731 -0.1882833 0.1442528 0.4515416 -0.0749205 0.2321767 0.6343788 -0.7373314 0.4254139 0.8879407 -0.1748835 0.4048099 0.6508120 -0.6423182 0.3005843 0.9408918 -0.1561142
0.0575595 0.1617165 -0.1851855 0.2185774 0.4351839 -0.0915387 0.1176859 0.1939024 -0.1884368 0.1559084 0.4595930 -0.0820966 0.2279535 0.6404475 -0.7333922 0.4411068 0.8782361 -0.1847325 0.3990922 0.6575550 -0.6390202 0.3167503 0.9337291 -0.1667910
0.0581984 0.1636042 -0.1880579 0.2227513 0.4410918 -0.0969109 0.1182550 0.1958017 -0.1923202 0.1652081 0.4672604 -0.0875474 0.2273667 0.6391610 -0.7346956 0.4423538 0.8759483 -0.1924518 0.3957039 0.6551901 -0.6435405 0.3282630 0.9284307 -0.1739537
0.0615274 0.1659095 -0.1897380 0.2233423 0.4462270 -0.1013090 0.1217976 0.1975656 -0.1949327 0.1672603 0.4722118 -0.0913840 0.2371496 0.6394766 -0.7313206 0.4386316 0.8763647 -0.1989652 0.4018484 0.6518309 -0.6431441 0.3284599 0.9273130 -0.1794566
0.0612048 0.1681127 -0.1894548 0.2243241 0.4479259 -0.1018775 0.1211596 0.2003693 -0.1946027 0.1694607 0.4736700 -0.0924585 0.2348808 0.6451525 -0.7270553 0.4388081 0.8762034 -0.1992862 0.3979453 0.6581072 -0.6391670 0.3313037 0.9260472 -0.1807607
0.0615939 0.1699893 -0.1887331 0.2243322 0.4477480 -0.1007283 0.1214810 0.2024273 -0.1935108 0.1688702 0.4737829 -0.0915565 0.2356645 0.6503967 -0.7221124 0.4391505 0.8765072 -0.1971848 0.3979652 0.6631406 -0.6339307 0.3303127 0.9267264 -0.1790858
0.0627250 0.1673330 -0.1888608 0.2121754 0.4385903 -0.0942809 0.1230163 0.1989993 -0.1937302 0.1512054 0.4626646 -0.0828409 0.2412445 0.6435734 -0.7263706 0.4275534 0.8838008 -0.1899849 0.4049896 0.6551380 -0.6377912 0.3062418 0.9370516 -0.1677807
0.0636560 0.1656240 -0.1875217 0.2012451 0.4267122 -0.0874873 0.1242263 0.1968235 -0.1919260 0.1370355 0.4462645 -0.0728608 0.2465736 0.6415498 -0.7263714 0.4194091 0.8892985 -0.1823298 0.4117899 0.6524375 -0.6362031 0.2900332 0.9445107 -0.1542085
0.0570633 0.1698599 -0.1868211 0.1138964 0.4253906 -0.0561568 0.1162193 0.2036644 -0.1912143 0.0466137 0.4505374 -0.0409513 0.2204371 0.6561735 -0.7216951 0.2565579 0.9582154 -0.1264961 0.3841062 0.6731134 -0.6319658 0.1024950 0.9906497 -0.0900445
0.0535922 0.1739754 -0.1869747 0.1843096 0.4020850 -0.0649896 0.1115761 0.2097483 -0.1913948 0.1317745 0.4136844 -0.0546934 0.2053670 0.6666796 -0.7164934 0.4122670 0.8993907 -0.1453698 0.3657239 0.6875126 -0.6273535 0.3011324 0.9453559 -0.1249860
0.0501117 0.1711122 -0.1871466 0.1837631 0.3970879 -0.0672140 0.1079831 0.2070855 -0.1914176 0.1269543 0.4127321 -0.0555696 0.1938672 0.6619815 -0.7240138 0.4151153 0.8970093 -0.1518344 0.3575962 0.6857834 -0.6338975 0.2915962 0.9479878 -0.1276356
0.0499891 0.1706845 -0.1867964 0.1850616 0.3972673 -0.0654049 0.1077160 0.2069333 -0.1906698 0.1283431 0.4127521 -0.0544261 0.1938130 0.6617617 -0.7242293 0.4176422 0.8965423 -0.1476041 0.3575092 0.6868113 -0.6328328 0.2945956 0.9474209 -0.1249282
0.0479244 0.1683990 -0.1883681 0.1872421 0.3991233 -0.0659935 0.1056571 0.2045577 -0.1929304 0.1236377 0.4194720 -0.0530369 0.1863515 0.6548104 -0.7324592 0.4200386 0.8953496 -0.1480426 0.3517421 0.6809916 -0.6422833 0.2806644 0.9522248 -0.1203968
0.0498130 0.1668756 -0.1873866 0.1931384 0.4046516 -0.0724106 0.1079955 0.2023627 -0.1914816 0.1235883 0.4248025 -0.0575394 0.1947210 0.6523230 -0.7325015 0.4252369 0.8909300 -0.1594281 0.3614357 0.6772610 -0.6408445 0.2770162 0.9521704 -0.1289713
0.0502604 0.1670938 -0.1860856 0.1996385 0.4105526 -0.0753309 0.1084787 0.2025722 -0.1897130 0.1385533 0.4395021 -0.0694585 0.1970250 0.6550215 -0.7294710 0.4314719 0.8873133 -0.1628102 0.3640427 0.6798101 -0.6366562 0.2973058 0.9430776 -0.1490430
0.0580399 0.1706522 -0.1859110 0.2140131 0.4249300 -0.0826478 0.1166009 0.2055805 -0.1893636 0.1498887 0.4499091 -0.0747257 0.2241381 0.6590230 -0.7179491 0.4431780 0.8799443 -0.1711470 0.3850128 0.6788212 -0.6252735 0.3122215 0.9371708 -0.1556553
0.0578247 0.1727005 -0.1858585 0.2193282 0.4322563 -0.0861949 0.1161743 0.2079662 -0.1894406 0.1620403 0.4598798 -0.0757536 0.2222178 0.6636804 -0.7142461 0.4454985 0.8779969 -0.1750788 0.3817021 0.6832933 -0.6224257 0.3283877 0.9319833 -0.1535208
0.0620260 0.1743304 -0.1896130 0.2239760 0.4406453 -0.0882621 0.1209684 0.2084354 -0.1944924 0.1665132 0.4690179 -0.0791047 0.2341163 0.6580081 -0.7156919 0.4460614 0.8775710 -0.1757792 0.3906153 0.6730520 -0.6280292 0.3304185 0.9306900 -0.1569705
0.0632748 0.1730052 -0.1899261 0.2251213 0.4469570 -0.0876168 0.1226927 0.2062690 -0.1948440 0.1727323 0.4757161 -0.0798695 0.2391452 0.6538682 -0.7178203 0.4430982 0.8797295 -0.1724530 0.3968899 0.6672452 -0.6302874 0.3371252 0.9284649 -0.1558829
0.0647066 0.1700472 -0.1887999 0.2273356 0.4513355 -0.0822917 0.1245261 0.2027712 -0.1922478 0.1747334 0.4766510 -0.0756088 0.2467841 0.6485422 -0.7200629 0.4440037 0.8814926 -0.1607220 0.4070652 0.6628417 -0.6284415 0.3404327 0.9286581 -0.1473085
0.0622769 0.1692715 -0.1902527 0.2278566 0.4516456 -0.0833389 0.1221070 0.2019137 -0.1942522 0.1727483 0.4756960 -0.0761068 0.2375540 0.6456826 -0.7257148 0.4444362 0.8809386 -0.1625533 0.3995181 0.6606353 -0.6355677 0.3375426 0.9294894 -0.1487094
