0.0501226 0.1825784 -0.1839341 0.3781279 0.3974460 -0.2280652 0.1059102 0.2577332 -0.1727518 0.3635117 0.4620030 -0.2498138 0.1898817 0.6916697 -0.6968056 0.6364692 0.6689855 -0.3838820 0.3230433 0.7861280 -0.5269211 0.5691034 0.7232987 -0.3911014
0.0818507 0.2088927 -0.1659161 0.3523163 0.4103421 -0.2138177 0.0978377 0.2749159 -0.1504370 0.3329084 0.4746341 -0.2323679 0.2933287 0.7486096 -0.5945940 0.6058004 0.7055746 -0.3676551 0.2980111 0.8373870 -0.4582274 0.5330114 0.7599250 -0.3720386
0.0779067 0.1998620 -0.1649583 0.3381080 0.4190297 -0.2047819 0.1106383 0.2562152 -0.1403158 0.3187001 0.4314302 -0.2025941 0.2879011 0.7385825 -0.6095973 0.5869378 0.7274135 -0.3554906 0.3541889 0.8202275 -0.4491961 0.5558426 0.7524545 -0.3533429
0.0886614 0.2026238 -0.1542415 0.3129567 0.4242958 -0.1891696 0.1289825 0.2527732 -0.1275295 0.2902130 0.4459831 -0.1828064 0.3288096 0.7514503 -0.5720198 0.5587141 0.7574852 -0.3377200 0.4145772 0.8124667 -0.4099069 0.5158230 0.7926879 -0.3249192
0.0706939 0.1768375 -0.1572235 0.2691757 0.4727845 -0.1753184 0.1116183 0.2273001 -0.1320659 0.2485164 0.5393195 -0.1746113 0.2862587 0.7160624 -0.6366401 0.4709229 0.8271365 -0.3067196 0.3908252 0.7958783 -0.4624213 0.4015046 0.8713277 -0.2821030
0.0552970 0.1508040 -0.1682218 0.2606672 0.4703675 -0.1689616 0.0963781 0.2015836 -0.1439739 0.2173467 0.5198974 -0.1460633 0.2377444 0.6483680 -0.7232541 0.4624341 0.8344507 -0.2997446 0.3625872 0.7583844 -0.5416490 0.3733689 0.8931055 -0.2509147
0.0765489 0.1560466 -0.1491504 0.2321854 0.4613152 -0.1289210 0.1160549 0.2069551 -0.1226589 0.2285057 0.4493547 -0.1242102 0.3342263 0.6813281 -0.6512180 0.4361934 0.8666465 -0.2421964 0.4344940 0.7748119 -0.4592183 0.4401160 0.8654847 -0.2392365
0.0689786 0.1348954 -0.1738828 0.2324794 0.4182715 -0.1156864 0.1092397 0.1857102 -0.1483637 0.2097555 0.4503945 -0.1135551 0.2990883 0.5849004 -0.7539481 0.4722099 0.8495891 -0.2349811 0.4175866 0.7099074 -0.5671445 0.4115645 0.8837258 -0.2228081
0.0702621 0.1410858 -0.1571494 0.2132948 0.4172765 -0.1032886 0.1109058 0.1919253 -0.1322970 0.1919692 0.4461382 -0.0989040 0.3156839 0.6338908 -0.7060638 0.4444772 0.8695471 -0.2152393 0.4296290 0.7434839 -0.5124945 0.3873045 0.9000990 -0.1995421
0.1071217 0.1655789 -0.1355993 0.2059485 0.4103398 -0.0957788 0.1478369 0.2163926 -0.1108117 0.1610915 0.4607296 -0.0783729 0.4475908 0.6918451 -0.5665800 0.4391166 0.8749127 -0.2042164 0.5195717 0.7605105 -0.3894471 0.3258768 0.9320239 -0.1585429
0.1040972 0.1634754 -0.1360281 0.1571510 0.4212957 -0.0380494 0.1449184 0.2142892 -0.1114136 0.1139432 0.4736053 -0.0222055 0.4396396 0.6904146 -0.5744951 0.3482505 0.9336016 -0.0843183 0.5145094 0.7607993 -0.3955559 0.2336697 0.9712491 -0.0455381
0.0604241 0.1393795 -0.1582564 0.1604543 0.4169527 -0.0416378 0.1012627 0.1901932 -0.1336708 0.1172569 0.4692623 -0.0257637 0.2754447 0.6353653 -0.7214160 0.3576008 0.9292526 -0.0927972 0.3993552 0.7500752 -0.5271648 0.2420782 0.9687977 -0.0531895
0.0360573 0.1645018 -0.1494636 0.1727852 0.4056187 -0.0484103 0.0768618 0.2153156 -0.1248213 0.1295666 0.4579283 -0.0325957 0.1601356 0.7305758 -0.6637888 0.3895624 0.9145099 -0.1091460 0.2950794 0.8266166 -0.4792006 0.2716166 0.9599767 -0.0683318
0.0569996 0.1433346 -0.1528832 0.1651187 0.4038664 -0.0471102 0.0977513 0.1941484 -0.1281538 0.1218664 0.4561758 -0.0313880 0.2624535 0.6599815 -0.7039479 0.3762510 0.9202779 -0.1073485 0.3873888 0.7694112 -0.5078742 0.2575284 0.9639915 -0.0663293
0.0857280 0.1664910 -0.1377565 0.1655571 0.4057892 -0.0475533 0.1265192 0.2173051 -0.1130923 0.1223292 0.4580987 -0.0317624 0.3687595 0.7161623 -0.5925606 0.3755537 0.9205017 -0.1078710 0.4588775 0.7881526 -0.4101791 0.2574196 0.9639854 -0.0668383
0.0839661 0.1651614 -0.1396825 0.1569254 0.4182604 -0.0444801 0.1248532 0.2159754 -0.1151777 0.1137593 0.4705701 -0.0285206 0.3618698 0.7117981 -0.6019915 0.3495476 0.9316652 -0.0990783 0.4543887 0.7860170 -0.4191756 0.2345724 0.9703181 -0.0588096
0.0562400 0.1439747 -0.1621274 0.1550313 0.4289856 -0.0473201 0.0974251 0.1947886 -0.1381268 0.1120655 0.4812953 -0.0308310 0.2510690 0.6427381 -0.7237763 0.3380626 0.9354497 -0.1031866 0.3777607 0.7552825 -0.5355793 0.2263351 0.9720571 -0.0622684
0.0553225 0.1451461 -0.1879967 0.2070496 0.4240978 -0.0809655 0.0966329 0.1959600 -0.1642125 0.1777857 0.4526940 -0.0674203 0.2268558 0.5951874 -0.7709011 0.4324018 0.8856849 -0.1690883 0.3535519 0.7169611 -0.6008060 0.3620858 0.9219759 -0.1373111
0.0735913 0.1654994 -0.1528865 0.2310118 0.4177787 -0.0928028 0.1149111 0.2163132 -0.1291184 0.2047968 0.4524581 -0.0882556 0.3104815 0.6982412 -0.6450275 0.4750094 0.8590418 -0.1908224 0.4150077 0.7812272 -0.4663182 0.4059970 0.8969699 -0.1749611
0.0725498 0.1664583 -0.1530317 0.2634300 0.4144997 -0.1185620 0.1139906 0.2172720 -0.1294753 0.2200822 0.4586084 -0.1041185 0.3055155 0.7009746 -0.6444338 0.5214010 0.8204099 -0.2346672 0.4108875 0.7831728 -0.4667032 0.4238636 0.8832493 -0.2005252
0.0700492 0.1668572 -0.1534451 0.2653096 0.4584676 -0.1267197 0.1116356 0.2176709 -0.1301447 0.2391138 0.4626896 -0.1182324 0.2952388 0.7032592 -0.6467307 0.4871227 0.8417712 -0.2326642 0.4028808 0.7855505 -0.4696782 0.4477159 0.8663384 -0.2213779
0.0463192 0.1552666 -0.1724757 0.2901930 0.4642242 -0.1464401 0.0930751 0.2002665 -0.1471148 0.2677540 0.5300905 -0.1429141 0.1957325 0.6561150 -0.7288360 0.5120657 0.8191558 -0.2584037 0.3507590 0.7547162 -0.5544110 0.4383450 0.8678208 -0.2339674
0.0462133 0.1553215 -0.1739311 0.3142334 0.4502314 -0.1628062 0.0906167 0.2087342 -0.1528325 0.2991420 0.5180919 -0.1674448 0.1943995 0.6533704 -0.7316529 0.5487114 0.7861899 -0.2842907 0.3305788 0.7614837 -0.5575485 0.4815217 0.8339600 -0.2695319
0.0452777 0.1587106 -0.1760504 0.3615082 0.4500875 -0.1914513 0.0904389 0.2176732 -0.1551225 0.3543746 0.5183592 -0.2033820 0.1876292 0.6576909 -0.7295464 0.5943797 0.7400187 -0.3147779 0.3205044 0.7714069 -0.5497348 0.5369054 0.7853550 -0.3081398
0.0363238 0.1665339 -0.1900126 0.3517482 0.4648612 -0.2003619 0.1009440 0.2338938 -0.1768770 0.3423455 0.5324227 -0.2145514 0.1423011 0.6524085 -0.7443881 0.5706352 0.7541366 -0.3250438 0.3254879 0.7541766 -0.5703292 0.5122163 0.7966093 -0.3210111
0.0356792 0.1689414 -0.1933722 0.3803188 0.4654883 -0.2092600 0.0991383 0.2377647 -0.1823277 0.3801044 0.5319606 -0.2301356 0.1376284 0.6516715 -0.7459106 0.5975311 0.7313436 -0.3287751 0.3141256 0.7533718 -0.5777162 0.5483914 0.7674802 -0.3320256
0.0346592 0.1736049 -0.1927862 0.4135791 0.4558429 -0.2227353 0.0978486 0.2429243 -0.1834159 0.4095879 0.5216812 -0.2451823 0.1324198 0.6632790 -0.7365636 0.6318410 0.6964090 -0.3402814 0.3060341 0.7597770 -0.5736568 0.5792286 0.7377481 -0.3467305
0.0568981 0.2078883 -0.1772583 0.4322182 0.4464149 -0.2328070 0.1027374 0.2576672 -0.1606661 0.4357922 0.5105569 -0.2597793 0.2038906 0.7449545 -0.6351940 0.6513730 0.6727681 -0.3508510 0.3204900 0.8037946 -0.5011990 0.6054606 0.7093337 -0.3609200
0.0317858 0.1790964 -0.1883672 0.4454725 0.4503092 -0.2326510 0.0917786 0.2500352 -0.1724148 0.4455524 0.5153923 -0.2575238 0.1213872 0.6839525 -0.7193568 0.6601581 0.6673257 -0.3447719 0.2892651 0.7880540 -0.5434120 0.6117452 0.7076356 -0.3535812
0.0313760 0.1798589 -0.1890205 0.4315203 0.3774405 -0.2082985 0.0919688 0.2512655 -0.1782706 0.4376475 0.4418095 -0.2342515 0.1193923 0.6844016 -0.7192634 0.7074490 0.6187887 -0.3414916 0.2860468 0.7815004 -0.5544676 0.6585786 0.6648416 -0.3525051
0.0319205 0.1794887 -0.1891950 0.4360406 0.3875923 -0.2131734 0.0920748 0.2512336 -0.1782407 0.4415024 0.4524966 -0.2379137 0.1214931 0.6831541 -0.7200972 0.7020121 0.6240119 -0.3432028 0.2863863 0.7814285 -0.5543938 0.6536076 0.6698837 -0.3522115
0.0313944 0.1777684 -0.1898125 0.4360823 0.3895109 -0.2143499 0.0920392 0.2492485 -0.1798727 0.4413070 0.4544698 -0.2389986 0.1198506 0.6786438 -0.7246229 0.7002392 0.6254572 -0.3441924 0.2868530 0.7768173 -0.5605981 0.6517956 0.6712366 -0.3529929
0.0339580 0.1753627 -0.1882476 0.4342374 0.3918962 -0.2110032 0.0937734 0.2475094 -0.1781050 0.4380114 0.4566221 -0.2365137 0.1308571 0.6757608 -0.7254128 0.6983267 0.6302349 -0.3393285 0.2939394 0.7758353 -0.5582823 0.6484282 0.6759792 -0.3501328
0.0352520 0.1737961 -0.1883818 0.4222704 0.4046315 -0.2004335 0.0954337 0.2455007 -0.1773124 0.4247047 0.4711569 -0.2209996 0.1362558 0.6717563 -0.7281331 0.6830275 0.6544963 -0.3242037 0.3005612 0.7731860 -0.5584321 0.6322674 0.7014217 -0.3290070
0.0377484 0.1668741 -0.1902850 0.4048313 0.4290286 -0.1892181 0.0968085 0.2387064 -0.1748563 0.4027292 0.4974703 -0.2020950 0.1475175 0.6521291 -0.7436170 0.6535002 0.6925607 -0.3054459 0.3109500 0.7667272 -0.5616400 0.6000133 0.7411652 -0.3010950
0.0432117 0.1605305 -0.1855037 0.3899689 0.4372666 -0.1808689 0.0805425 0.2055571 -0.1697939 0.3784541 0.5057026 -0.1870657 0.1734740 0.6444519 -0.7447070 0.6359765 0.7131113 -0.2949680 0.2891852 0.7380459 -0.6096394 0.5745003 0.7676659 -0.2839691
0.0457542 0.1571352 -0.1822735 0.3538161 0.4430427 -0.1570082 0.0813352 0.2033064 -0.1695154 0.3540765 0.5126702 -0.1595460 0.1867773 0.6414561 -0.7440755 0.6013974 0.7530600 -0.2668740 0.2937142 0.7341717 -0.6121469 0.5505256 0.7971104 -0.2480655
0.0477206 0.1518252 -0.1829321 0.3426682 0.4627894 -0.1514263 0.0781346 0.1899141 -0.1711633 0.3020105 0.5127633 -0.1248934 0.1968092 0.6261575 -0.7544487 0.5755064 0.7772481 -0.2543182 0.2922696 0.7103913 -0.6402521 0.4966802 0.8432798 -0.2053970
0.0538561 0.1445760 -0.1837959 0.3070129 0.4675076 -0.1260135 0.1010342 0.1950199 -0.1746274 0.2695566 0.5233584 -0.1077892 0.2244323 0.6024856 -0.7659251 0.5354969 0.8154344 -0.2197949 0.3600671 0.6950145 -0.6223395 0.4503989 0.8744733 -0.1801036
0.0554101 0.1414084 -0.1830381 0.2353412 0.4875184 -0.1152036 0.1021322 0.1922801 -0.1739001 0.2052153 0.5588711 -0.1112582 0.2329688 0.5945437 -0.7695734 0.4252087 0.8808362 -0.2081471 0.3665297 0.6900503 -0.6240886 0.3388272 0.9227415 -0.1836963
0.0579465 0.1371059 -0.1818000 0.2213768 0.5067092 -0.1062860 0.1042690 0.1883302 -0.1725943 0.1923438 0.5702084 -0.1014212 0.2466209 0.5835241 -0.7737427 0.3931536 0.8998891 -0.1887584 0.3779025 0.6825661 -0.6255343 0.3151823 0.9343661 -0.1661928
0.0637076 0.1303907 -0.1784053 0.2019424 0.4781864 -0.0429468 0.1099306 0.1817097 -0.1692332 0.1678329 0.5315408 -0.0165109 0.2770189 0.5669759 -0.7757569 0.3877150 0.9180840 -0.0824548 0.4048165 0.6691409 -0.6231967 0.3009634 0.9531760 -0.0296078
0.0839796 0.1380454 -0.1432250 0.2023144 0.4365517 -0.0450095 0.1298642 0.1895488 -0.1334077 0.1623479 0.4979207 -0.0130317 0.3889341 0.6393285 -0.6633169 0.4186504 0.9033588 -0.0931384 0.4887812 0.7134215 -0.5021182 0.3098944 0.9504455 -0.0248753
0.0723315 0.1285264 -0.1433208 0.1658755 0.4615760 -0.0145782 0.1181251 0.1800298 -0.1330876 0.1228921 0.5031823 0.0190412 0.3517224 0.6249778 -0.6969176 0.3380434 0.9406615 -0.0297094 0.4666515 0.7112049 -0.5257605 0.2370962 0.9707914 0.0367362
0.0685508 0.1243153 -0.1418955 0.1471303 0.4423112 -0.0048892 0.1142888 0.1758184 -0.1314210 0.0977337 0.4766191 0.0316909 0.3415274 0.6193520 -0.7069386 0.3156181 0.9488283 -0.0104882 0.4618134 0.7104396 -0.5310405 0.2004516 0.9775451 0.0649980
0.0679352 0.1242732 -0.1411466 0.1720012 0.4061390 -0.0299421 0.1136518 0.1757762 -0.1305792 0.1259480 0.4623477 0.0128975 0.3397552 0.6215106 -0.7058972 0.3890774 0.9187118 -0.0677308 0.4606731 0.7124862 -0.5292859 0.2627371 0.9644923 0.0269051
0.0693882 0.1200140 -0.1349631 0.1822729 0.3869874 -0.0298598 0.1144620 0.1715169 -0.1219236 0.1309049 0.4500193 0.0149454 0.3586389 0.6203030 -0.6975689 0.4250711 0.9024775 -0.0696347 0.4778177 0.7159915 -0.5089660 0.2791684 0.9597131 0.0318726
