0.0678606 0.2986561 -0.2126393 0.1807570 0.5423015 -0.2520213 0.1030760 0.3396869 -0.1704832 0.1458666 0.5881089 -0.2492492 0.1820060 0.8010119 -0.5703102 0.2893395 0.8680672 -0.4034129 0.2617489 0.8625931 -0.4329212 0.2226324 0.8976154 -0.3804226
0.0689979 0.2975133 -0.2126095 0.1717012 0.4911668 -0.2243619 0.1040779 0.3385438 -0.1703420 0.1310145 0.5441645 -0.2165253 0.1854155 0.7994964 -0.5713375 0.3030242 0.8668280 -0.3959615 0.2648195 0.8614025 -0.4334241 0.2183080 0.9067356 -0.3607937
0.0731325 0.2912061 -0.2110062 0.1503862 0.4935564 -0.1977599 0.1079150 0.3322360 -0.1684948 0.1176103 0.5420642 -0.1947604 0.1992831 0.7935244 -0.5749829 0.2721626 0.8932172 -0.3578974 0.2782490 0.8566400 -0.4344484 0.2000599 0.9220734 -0.3312955
0.0517868 0.2867674 -0.2163842 0.1491499 0.4899649 -0.1898650 0.0864490 0.3277966 -0.1737747 0.1153455 0.5358433 -0.1710814 0.1426792 0.7900811 -0.5961664 0.2730565 0.8970046 -0.3475959 0.2269309 0.8604750 -0.4561634 0.2008816 0.9332057 -0.2979492
0.0492462 0.2766828 -0.2139782 0.1481544 0.4815045 -0.1875513 0.0838375 0.3177112 -0.1713124 0.1140624 0.5272109 -0.1688410 0.1394204 0.7833130 -0.6057910 0.2756048 0.8957207 -0.3488931 0.2262434 0.8573739 -0.4623028 0.2018032 0.9327605 -0.2987195
0.0503207 0.2891417 -0.2332130 0.1544048 0.4934960 -0.1873958 0.0849876 0.3301695 -0.1906099 0.1211084 0.5404248 -0.1703735 0.1342370 0.7713233 -0.6221261 0.2807377 0.8972709 -0.3407218 0.2175831 0.8452921 -0.4879948 0.2090086 0.9326637 -0.2940302
0.0631572 0.2801480 -0.2215037 0.1766679 0.5036765 -0.2075564 0.0979394 0.3211754 -0.1789946 0.1471538 0.5523255 -0.1948776 0.1741410 0.7724420 -0.6107441 0.3084843 0.8794825 -0.3624196 0.2573924 0.8440744 -0.4704121 0.2436725 0.9145979 -0.3226986
0.0735588 0.2816747 -0.2197066 0.1982388 0.5351611 -0.2141254 0.1057678 0.3227021 -0.1752161 0.1661962 0.5992648 -0.2115022 0.2016843 0.7722986 -0.6023938 0.3252239 0.8779675 -0.3512870 0.2767842 0.8444801 -0.4585237 0.2530139 0.9123094 -0.3219869
0.0707749 0.2903977 -0.2534740 0.2211225 0.5688792 -0.2467136 0.1027685 0.3314249 -0.2088296 0.1848946 0.6332523 -0.2531033 0.1805924 0.7409913 -0.6467752 0.3358886 0.8641367 -0.3747620 0.2537581 0.8183615 -0.5156465 0.2616753 0.8962212 -0.3582088
0.0817502 0.2969833 -0.2301248 0.2272629 0.5588024 -0.2807511 0.1161975 0.3380106 -0.1873452 0.2052575 0.6190688 -0.2939707 0.2126147 0.7723899 -0.5985055 0.3415539 0.8398252 -0.4219414 0.2879395 0.8375963 -0.4642449 0.2869134 0.8653477 -0.4109186
0.0794578 0.2999054 -0.2320077 0.2411946 0.5616673 -0.3079103 0.1145168 0.3409324 -0.1897293 0.2179059 0.6277886 -0.3207502 0.2051014 0.7741348 -0.5988729 0.3523986 0.8206270 -0.4498740 0.2816256 0.8384384 -0.4665921 0.2953093 0.8507885 -0.4346854
0.0699651 0.2997534 -0.2492738 0.2513351 0.5716363 -0.3189133 0.1047702 0.3407805 -0.2067848 0.2400888 0.6394269 -0.3493539 0.1766410 0.7567873 -0.6293416 0.3584497 0.8152576 -0.4548285 0.2542036 0.8268350 -0.5017215 0.3129518 0.8334824 -0.4553770
0.0825175 0.2855427 -0.2448004 0.2626813 0.5791163 -0.3326999 0.1173113 0.3265698 -0.2023022 0.2525235 0.6483201 -0.3587845 0.2142979 0.7415543 -0.6357465 0.3660139 0.8069268 -0.4635762 0.2920616 0.8130372 -0.5036572 0.3225801 0.8281812 -0.4583208
0.0907980 0.2790615 -0.2364007 0.2669172 0.5662516 -0.3330785 0.1251321 0.3200887 -0.1935302 0.2604141 0.6284566 -0.3638221 0.2409486 0.7405396 -0.6273315 0.3764153 0.7985464 -0.4697182 0.3172543 0.8115385 -0.4906679 0.3375632 0.8146402 -0.4716063
0.0827233 0.2838161 -0.2275782 0.2706182 0.5368138 -0.3247739 0.1170608 0.3248432 -0.1847104 0.2624780 0.6241233 -0.3668110 0.2217325 0.7607437 -0.6100030 0.3960534 0.7856343 -0.4753110 0.2989357 0.8295451 -0.4716910 0.3408590 0.8104986 -0.4763478
0.0945269 0.2533419 -0.2214687 0.2697803 0.5259574 -0.3253985 0.1288890 0.2943690 -0.1786206 0.2616443 0.6127160 -0.3660732 0.2704460 0.7248233 -0.6336325 0.3998186 0.7794770 -0.4822456 0.3505697 0.8006646 -0.4858365 0.3441830 0.8060042 -0.4815552
0.0841570 0.2440643 -0.2240005 0.2670648 0.5303449 -0.3308234 0.1184240 0.2850912 -0.1810763 0.2527775 0.5981705 -0.3629727 0.2462185 0.7140597 -0.6553589 0.3928981 0.7802283 -0.4866979 0.3308890 0.7965745 -0.5059461 0.3397800 0.8040525 -0.4879028
0.0857829 0.2668594 -0.2236166 0.2573453 0.5504134 -0.3288469 0.1198646 0.3078857 -0.1805465 0.2374454 0.6091864 -0.3536499 0.2392318 0.7442190 -0.6236235 0.3724865 0.7966790 -0.4759793 0.3183587 0.8177405 -0.4795291 0.3194297 0.8195243 -0.4757570
0.0771787 0.2855142 -0.2398998 0.2521843 0.5456988 -0.3161531 0.1101175 0.3265405 -0.1959495 0.2308407 0.6010671 -0.3363286 0.2026625 0.7497276 -0.6299495 0.3712863 0.8034224 -0.4654664 0.2777782 0.8237185 -0.4942945 0.3177786 0.8274374 -0.4629947
0.0752033 0.2895494 -0.2632271 0.2379428 0.5507977 -0.3066288 0.1085728 0.3305755 -0.2196029 0.2094841 0.6031049 -0.3195493 0.1887274 0.7266425 -0.6605851 0.3531319 0.8174411 -0.4550691 0.2638765 0.8034342 -0.5337252 0.2934139 0.8447387 -0.4475767
0.0757487 0.2919734 -0.2471767 0.2332069 0.5521817 -0.2958385 0.1093132 0.3329994 -0.2037036 0.2054121 0.6085921 -0.3050968 0.1942384 0.7486925 -0.6338225 0.3488828 0.8260766 -0.4425813 0.2696560 0.8214496 -0.5025000 0.2888655 0.8558466 -0.4290494
0.0752098 0.2930086 -0.2450650 0.2307721 0.5565065 -0.2825379 0.1088619 0.3340345 -0.2016596 0.2064350 0.6160290 -0.2901232 0.1931842 0.7526230 -0.6294748 0.3468070 0.8363245 -0.4246012 0.2687363 0.8245967 -0.4978164 0.2901273 0.8657776 -0.4077441
0.0755442 0.3093678 -0.2360522 0.2313997 0.5666654 -0.2724022 0.1092793 0.3503937 -0.1927113 0.2122047 0.6344518 -0.2733548 0.1905738 0.7804359 -0.5954841 0.3453886 0.8458084 -0.4065892 0.2636067 0.8452297 -0.4648638 0.2936311 0.8779015 -0.3782455
0.0931868 0.2867385 -0.2185440 0.2347752 0.5721559 -0.2652159 0.1268493 0.3277643 -0.1751467 0.2080385 0.6604574 -0.2747229 0.2502490 0.7700231 -0.5868900 0.3488903 0.8502585 -0.3941270 0.3230358 0.8346883 -0.4460305 0.2792636 0.8865746 -0.3687782
0.0945455 0.2710161 -0.2165709 0.2406036 0.5483583 -0.2615747 0.1281911 0.3120418 -0.1731605 0.2163571 0.6375033 -0.2697996 0.2629395 0.7537201 -0.6023030 0.3682001 0.8391630 -0.4002926 0.3380627 0.8229095 -0.4566548 0.2983136 0.8789908 -0.3720002
0.0956651 0.2665250 -0.2134382 0.2414112 0.5439436 -0.2590140 0.1291100 0.3075506 -0.1698729 0.2172398 0.6331008 -0.2673244 0.2697810 0.7516152 -0.6019076 0.3719560 0.8380847 -0.3990775 0.3449210 0.8216303 -0.4538205 0.3014104 0.8783988 -0.3709006
0.0971930 0.2551015 -0.2071751 0.2361606 0.5302811 -0.2595608 0.1305687 0.2961271 -0.1635568 0.2122587 0.6193946 -0.2690393 0.2836079 0.7443825 -0.6045339 0.3713925 0.8339344 -0.4081924 0.3600743 0.8166414 -0.4510469 0.2998537 0.8750069 -0.3800666
0.1043532 0.2545638 -0.2068716 0.2277579 0.5383406 -0.2601978 0.1365723 0.2955891 -0.1623934 0.1987438 0.5850405 -0.2711045 0.3031576 0.7395356 -0.6009846 0.3559642 0.8413758 -0.4066648 0.3753395 0.8123630 -0.4463033 0.2945503 0.8670653 -0.4017933
0.0984843 0.2458900 -0.2080474 0.2075481 0.4976958 -0.2594241 0.1309523 0.2869147 -0.1637505 0.1704944 0.5487715 -0.2730494 0.2923982 0.7300434 -0.6176891 0.3468405 0.8317160 -0.4335323 0.3685030 0.8073851 -0.4607980 0.2679807 0.8625514 -0.4291752
0.0951730 0.2524765 -0.2293325 0.1789914 0.4872166 -0.2623620 0.1277862 0.2935010 -0.1851438 0.1276555 0.5286600 -0.2696617 0.2687649 0.7129838 -0.6476260 0.3077600 0.8377261 -0.4511083 0.3455571 0.7936798 -0.5006622 0.2102925 0.8708850 -0.4442257
0.0936534 0.2449233 -0.2283042 0.1699177 0.4693625 -0.2596535 0.1264965 0.2859475 -0.1842861 0.1211061 0.5024760 -0.2652013 0.2693669 0.7044509 -0.6566509 0.3019867 0.8341759 -0.4614700 0.3485286 0.7878547 -0.5077527 0.2084691 0.8649499 -0.4565110
0.1018218 0.2705580 -0.1998897 0.1679667 0.4678552 -0.2540084 0.1346216 0.3115817 -0.1558405 0.1192363 0.5050170 -0.2596402 0.2897096 0.7698083 -0.5687386 0.3008912 0.8381036 -0.4550240 0.3604453 0.8342509 -0.4172584 0.2054967 0.8703665 -0.4474743
0.0822579 0.2602681 -0.2379553 0.1647148 0.4592869 -0.2563222 0.1159774 0.3012913 -0.1946061 0.1145561 0.4978630 -0.2616940 0.2271584 0.7187408 -0.6571231 0.2988516 0.8333107 -0.4650602 0.3076650 0.7992663 -0.5162515 0.1995755 0.8673593 -0.4559139
0.0749655 0.2791460 -0.2152231 0.1613905 0.4802889 -0.2609177 0.1091325 0.3201690 -0.1722269 0.1150751 0.5225445 -0.2657243 0.2080263 0.7746192 -0.5972354 0.2831838 0.8427387 -0.4578192 0.2875094 0.8434845 -0.4537315 0.1926218 0.8746762 -0.4447903
0.0699240 0.2894002 -0.2353311 0.1804719 0.4969173 -0.2669458 0.1038406 0.3304223 -0.1921371 0.1480048 0.5407116 -0.2768961 0.1842515 0.7625768 -0.6201032 0.3047239 0.8390367 -0.4507336 0.2621714 0.8342338 -0.4850981 0.2367105 0.8647834 -0.4428519
0.0668048 0.2935633 -0.2326053 0.2061849 0.5022284 -0.2762617 0.1012127 0.3345851 -0.1898030 0.1747153 0.5671570 -0.2948795 0.1755911 0.7716070 -0.6113840 0.3384786 0.8244714 -0.4535185 0.2544541 0.8411644 -0.4771746 0.2636491 0.8558519 -0.4449794
0.0726040 0.2888507 -0.2253114 0.2195558 0.5422094 -0.2908461 0.1069174 0.3298722 -0.1824346 0.1890439 0.6066923 -0.3090089 0.1944098 0.7734478 -0.6033103 0.3360774 0.8299679 -0.4452025 0.2728680 0.8418796 -0.4655983 0.2675358 0.8585940 -0.4373110
0.1869129 0.3593489 -0.2066016 0.2404776 0.5590285 -0.2991624 0.2203908 0.4003699 -0.1630706 0.2118551 0.6178004 -0.3188855 0.4110684 0.7902985 -0.4543689 0.3546264 0.8243855 -0.4411674 0.4541870 0.8250926 -0.3360601 0.2914875 0.8500203 -0.4387487
0.1174692 0.3150225 -0.2257759 0.2458560 0.5614077 -0.3086134 0.1518019 0.3560431 -0.1829159 0.2291411 0.6318539 -0.3373483 0.2900580 0.7778619 -0.5574918 0.3582878 0.8181439 -0.4497448 0.3545954 0.8316841 -0.4272747 0.3046968 0.8401979 -0.4485837
0.1179592 0.3151190 -0.2248384 0.2608236 0.5743480 -0.3204654 0.1520570 0.3561394 -0.1817912 0.2512833 0.6453181 -0.3510401 0.2914870 0.7786850 -0.5555943 0.3686382 0.8117617 -0.4529336 0.3554474 0.8325090 -0.4249539 0.3236489 0.8311595 -0.4521341
0.1032983 0.3035873 -0.2254608 0.2729387 0.5825977 -0.3290790 0.1373547 0.3446075 -0.1823822 0.2686644 0.6474254 -0.3610445 0.2635123 0.7744465 -0.5751469 0.3776966 0.8062074 -0.4553844 0.3322715 0.8336315 -0.4411962 0.3407392 0.8211105 -0.4579021
0.1064845 0.3010160 -0.2185449 0.2916506 0.5806609 -0.3274386 0.1398907 0.3420361 -0.1749587 0.2898656 0.6529420 -0.3643421 0.2752068 0.7779686 -0.5648240 0.4008235 0.7980184 -0.4500080 0.3421459 0.8365550 -0.4279157 0.3614575 0.8142077 -0.4543285
0.1075513 0.2836971 -0.2192375 0.2970252 0.5535100 -0.3275467 0.1411756 0.3247172 -0.1758195 0.2972000 0.6360970 -0.3732242 0.2873235 0.7578973 -0.5856935 0.4192678 0.7813107 -0.4623506 0.3571100 0.8213866 -0.4447432 0.3737719 0.7999837 -0.4693832
0.1111769 0.2914577 -0.2123113 0.3090682 0.5595979 -0.3188567 0.1435463 0.3324773 -0.1679510 0.3136681 0.6230435 -0.3586309 0.2946348 0.7724048 -0.5626555 0.4326368 0.7833308 -0.4463388 0.3595920 0.8328757 -0.4207274 0.3999142 0.7943553 -0.4572399
0.1095282 0.2914022 -0.2110821 0.3109201 0.5590167 -0.3196854 0.1418019 0.3324214 -0.1666535 0.3140469 0.6203985 -0.3572774 0.2912043 0.7747557 -0.5612074 0.4347918 0.7817309 -0.4470492 0.3563074 0.8352793 -0.4187523 0.4017118 0.7935802 -0.4570099
0.1143551 0.2969323 -0.2072311 0.3155922 0.5649030 -0.3145917 0.1453198 0.3379512 -0.1618804 0.3180268 0.6252244 -0.3483118 0.3011530 0.7819679 -0.5457409 0.4386264 0.7851316 -0.4372359 0.3615702 0.8408565 -0.4027746 0.4060722 0.7983172 -0.4447416
0.1051462 0.2939896 -0.2107677 0.2945473 0.5404244 -0.3115336 0.1376232 0.3350084 -0.1664873 0.2771099 0.6166056 -0.3496379 0.2791190 0.7804185 -0.5594994 0.4269833 0.7834132 -0.4516072 0.3452589 0.8404446 -0.4176712 0.3641021 0.8101745 -0.4593985
0.0839252 0.2973997 -0.2204010 0.2663611 0.5306782 -0.3059191 0.1167840 0.3384179 -0.1764045 0.2383984 0.5861192 -0.3354013 0.2211111 0.7835359 -0.5806732 0.3987754 0.7944907 -0.4579986 0.2926156 0.8479450 -0.4420016 0.3328912 0.8184366 -0.4683428
0.0781342 0.2961203 -0.2159127 0.2258864 0.5210719 -0.2962857 0.1123130 0.3371382 -0.1729349 0.2007449 0.5727929 -0.3181406 0.2085170 0.7902572 -0.5762068 0.3526352 0.8134545 -0.4625367 0.2841930 0.8530830 -0.4375885 0.2929400 0.8358569 -0.4642515
0.0773700 0.2930253 -0.2146802 0.2029330 0.5007864 -0.2780576 0.1117827 0.3340427 -0.1718907 0.1656068 0.5404434 -0.2910828 0.2083203 0.7889762 -0.5780304 0.3339426 0.8240846 -0.4575663 0.2851949 0.8522543 -0.4385504 0.2604724 0.8500293 -0.4578257
0.0792082 0.2897822 -0.2069016 0.1678931 0.4778654 -0.2472697 0.1134713 0.3307990 -0.1639923 0.1247339 0.5176314 -0.2530422 0.2171466 0.7944281 -0.5672137 0.2978750 0.8478260 -0.4387044 0.2937689 0.8564142 -0.4245639 0.2115863 0.8780591 -0.4292360
0.1277833 0.2723482 -0.2203369 0.1505432 0.4691190 -0.2141970 0.1602501 0.3133650 -0.1760529 0.1257241 0.4997838 -0.2210163 0.3426793 0.7303621 -0.5908824 0.2802211 0.8732179 -0.3987061 0.4072033 0.7962759 -0.4473590 0.2242077 0.8912802 -0.3941453
0.1204743 0.2810124 -0.1821042 0.1459816 0.4620007 -0.2033804 0.1531630 0.3220283 -0.1379849 0.1160347 0.4936302 -0.1992843 0.3385338 0.7896475 -0.5117144 0.2778115 0.8792140 -0.3870447 0.4005703 0.8422071 -0.3608748 0.2129708 0.9060119 -0.3657676
0.0832627 0.2702374 -0.1886711 0.1433249 0.4586864 -0.1953404 0.1162553 0.3112526 -0.1447798 0.1116182 0.4911831 -0.1891679 0.2449352 0.7949613 -0.5550165 0.2762934 0.8842286 -0.3765657 0.3207673 0.8587964 -0.3994710 0.2074474 0.9128852 -0.3515768
0.1175304 0.2560040 -0.2135384 0.1419637 0.4609109 -0.1961581 0.1509931 0.2970184 -0.1700057 0.1100155 0.4953649 -0.1884856 0.3324925 0.7242332 -0.6040984 0.2726692 0.8852702 -0.3767602 0.4036601 0.7940398 -0.4544880 0.2032393 0.9151222 -0.3482026
0.1018054 0.2630062 -0.2024151 0.1497780 0.4644204 -0.2004740 0.1356082 0.3040200 -0.1591473 0.1143136 0.5000281 -0.1927241 0.2932662 0.7576300 -0.5830881 0.2839121 0.8803335 -0.3800091 0.3675226 0.8239490 -0.4313179 0.2086242 0.9125599 -0.3517249
0.1061249 0.2959820 -0.1870692 0.1720630 0.4694014 -0.2124951 0.1396292 0.3369949 -0.1435711 0.1358593 0.5092747 -0.2145147 0.2900599 0.8089756 -0.5112961 0.3167414 0.8640952 -0.3911705 0.3561848 0.8596513 -0.3662404 0.2387413 0.8949323 -0.3769599
0.1052822 0.2953394 -0.1873533 0.1858027 0.4802113 -0.2263661 0.1390964 0.3363521 -0.1440969 0.1375853 0.5391191 -0.2368200 0.2882434 0.8085849 -0.5129388 0.3303363 0.8537617 -0.4024535 0.3553232 0.8592148 -0.3680970 0.2275262 0.8915472 -0.3916318
0.0909630 0.3084453 -0.2023056 0.2041156 0.5100469 -0.2472829 0.1243127 0.3494576 -0.1586901 0.1683972 0.5440037 -0.2488409 0.2394259 0.8118660 -0.5324931 0.3388027 0.8466050 -0.4104543 0.3081386 0.8662134 -0.3933509 0.2709678 0.8753562 -0.4004098
0.0677100 0.3267469 -0.2035895 0.2173133 0.5137148 -0.2584338 0.1017544 0.3677588 -0.1605140 0.1972053 0.5709558 -0.2752848 0.1732190 0.8358999 -0.5208326 0.3534994 0.8356500 -0.4203893 0.2458055 0.8883860 -0.3877499 0.2970747 0.8601013 -0.4146955
0.0732060 0.3125575 -0.2133422 0.2439180 0.5256931 -0.2644738 0.1063539 0.3535689 -0.1695745 0.2163172 0.5852135 -0.2825222 0.1899270 0.8109048 -0.5534990 0.3829042 0.8252368 -0.4151730 0.2617637 0.8702218 -0.4173653 0.3158381 0.8544521 -0.4125019
0.0683314 0.3157400 -0.2294930 0.2564556 0.5359692 -0.2779825 0.1018700 0.3567509 -0.1860251 0.2375840 0.5945801 -0.2985173 0.1724375 0.7967849 -0.5791365 0.3909517 0.8170540 -0.4237683 0.2454490 0.8595683 -0.4482155 0.3363027 0.8416343 -0.4225544
0.0948773 0.3067088 -0.2084925 0.2669766 0.5632251 -0.2958464 0.1282174 0.3477195 -0.1648722 0.2588236 0.6172911 -0.3239388 0.2478463 0.8012102 -0.5446415 0.3869534 0.8163333 -0.4287971 0.3160985 0.8572444 -0.4064650 0.3480579 0.8301136 -0.4356227
0.1413699 0.3417090 -0.2067213 0.2804542 0.5670314 -0.3062913 0.1748626 0.3827193 -0.1632181 0.2710818 0.6288821 -0.3315352 0.3336904 0.8065724 -0.4879464 0.3990262 0.8067639 -0.4357867 0.3874458 0.8479970 -0.3616448 0.3562878 0.8265514 -0.4357428
0.1510486 0.3336508 -0.1901337 0.2889613 0.5707632 -0.3054411 0.1838898 0.3746610 -0.1461366 0.2890402 0.6348144 -0.3340400 0.3660353 0.8085342 -0.4607500 0.4076094 0.8051197 -0.4308559 0.4158507 0.8472629 -0.3304751 0.3737365 0.8208314 -0.4319223
0.1053805 0.2956216 -0.1957766 0.2933577 0.5746771 -0.3079448 0.1378215 0.3366317 -0.1514848 0.2944311 0.6364995 -0.3387369 0.2848897 0.7991943 -0.5292696 0.4103236 0.8038090 -0.4307268 0.3497701 0.8543200 -0.3844453 0.3780466 0.8172591 -0.4349348
0.1120558 0.2992802 -0.1892958 0.3006263 0.5759076 -0.3024736 0.1433994 0.3402902 -0.1442207 0.3022271 0.6365177 -0.3337121 0.3016901 0.8057576 -0.5096447 0.4195092 0.8036507 -0.4220871 0.3617226 0.8583765 -0.3637945 0.3876428 0.8164109 -0.4280261
0.1380443 0.3455161 -0.1390108 0.2997464 0.5751479 -0.3032398 0.1692312 0.3865260 -0.0938272 0.2971108 0.6341435 -0.3339506 0.3475503 0.8698966 -0.3499837 0.4186642 0.8033251 -0.4235434 0.3915071 0.8942066 -0.2170641 0.3829511 0.8173582 -0.4304346
0.1386238 0.3469661 -0.1383809 0.2906150 0.5521691 -0.2948256 0.1695870 0.3879757 -0.0930437 0.2715401 0.6237520 -0.3300579 0.3479197 0.8708200 -0.3473102 0.4211060 0.8001023 -0.4272073 0.3911835 0.8949372 -0.2146224 0.3591163 0.8249225 -0.4365071
0.0871537 0.2935148 -0.2019032 0.2570249 0.5493407 -0.3059714 0.1198882 0.3345239 -0.1578291 0.2325844 0.6025742 -0.3291191 0.2376326 0.8002950 -0.5505076 0.3783644 0.8086803 -0.4504183 0.3083300 0.8603327 -0.4059068 0.3208410 0.8312273 -0.4540068
0.0773048 0.3004721 -0.2132408 0.2278431 0.5337103 -0.3006857 0.1106354 0.3414806 -0.1696159 0.2021662 0.5774677 -0.3171091 0.2053400 0.7981260 -0.5664188 0.3486061 0.8165911 -0.4600573 0.2786700 0.8601261 -0.4272307 0.2933649 0.8379679 -0.4601595
0.0772256 0.2989135 -0.2111449 0.1961852 0.5130030 -0.2908098 0.1110109 0.3399218 -0.1678723 0.1596826 0.5587180 -0.3044289 0.2064714 0.7991790 -0.5645197 0.3156769 0.8254605 -0.4679349 0.2810165 0.8604888 -0.4249573 0.2434171 0.8516991 -0.4640656
0.0768951 0.2971465 -0.2119768 0.1939808 0.4894230 -0.2768273 0.1109482 0.3381545 -0.1689159 0.1437619 0.5335011 -0.2849943 0.2061427 0.7965991 -0.5682737 0.3261234 0.8228249 -0.4654060 0.2816355 0.8583858 -0.4287834 0.2312395 0.8581307 -0.4584103
0.0760939 0.2764513 -0.2121110 0.1448053 0.4687445 -0.2622784 0.1104883 0.3174589 -0.1693235 0.1025861 0.5003067 -0.2707333 0.2133510 0.7751106 -0.5947141 0.2602964 0.8425971 -0.4714615 0.2935590 0.8434639 -0.4498797 0.1774732 0.8655265 -0.4683664
0.0780987 0.2704973 -0.2033861 0.1454487 0.4484490 -0.2542376 0.1127570 0.3115044 -0.1608122 0.0942392 0.4855027 -0.2608441 0.2248582 0.7788034 -0.5855801 0.2715475 0.8372378 -0.4746523 0.3061951 0.8458996 -0.4366903 0.1685441 0.8683081 -0.4665125
0.0906719 0.2613185 -0.2112770 0.1386715 0.4425392 -0.2495886 0.1255118 0.3023248 -0.1688515 0.0898676 0.4816049 -0.2543788 0.2605056 0.7507827 -0.6070108 0.2633063 0.8402834 -0.4739131 0.3407624 0.8208068 -0.4584290 0.1627972 0.8724382 -0.4608129
