0.0598436 0.1032815 -0.1605589 0.1813174 0.3539429 -0.1348500 0.1407629 0.1550027 -0.1790780 0.1170704 0.4042926 -0.0957118 0.2991153 0.5162301 -0.8025189 0.4317864 0.8428738 -0.3211297 0.5109070 0.5625910 -0.6499734 0.2712183 0.9366288 -0.2217366
0.0615845 0.1037721 -0.1671951 0.1784533 0.3524195 -0.1401008 0.1423683 0.1554933 -0.1862972 0.1190177 0.4067932 -0.1000463 0.2986744 0.5032769 -0.8108675 0.4257668 0.8408277 -0.3342624 0.5060322 0.5526835 -0.6621724 0.2732935 0.9340956 -0.2297305
0.0488826 0.0909745 -0.1739108 0.1730594 0.3523280 -0.1354582 0.1295813 0.1426959 -0.1933704 0.1181955 0.4063237 -0.1006496 0.2416770 0.4497803 -0.8598197 0.4167584 0.8484697 -0.3262079 0.4746040 0.5226376 -0.7082379 0.2717322 0.9341405 -0.2313941
0.0449841 0.0904916 -0.1720564 0.1742111 0.3509160 -0.1277106 0.1258328 0.1422130 -0.1908830 0.1213800 0.4002741 -0.0988776 0.2254403 0.4535040 -0.8622707 0.4227708 0.8515936 -0.3099246 0.4673481 0.5281849 -0.7089474 0.2824095 0.9313002 -0.2300541
0.0435540 0.0890093 -0.1711869 0.1752278 0.3489367 -0.1211159 0.1244708 0.1407307 -0.1897153 0.1393274 0.4029930 -0.0892551 0.2201929 0.4499981 -0.8654576 0.4286225 0.8535296 -0.2962600 0.4661796 0.5270776 -0.7105391 0.3198226 0.9250603 -0.2048828
0.0445294 0.0837582 -0.1697280 0.1782642 0.3489527 -0.1126520 0.1256939 0.1354796 -0.1871419 0.1422378 0.4053323 -0.0852754 0.2290165 0.4307722 -0.8729185 0.4372209 0.8558610 -0.2762967 0.4779002 0.5151063 -0.7115314 0.3247830 0.9255278 -0.1947161
0.0441238 0.0813628 -0.1684834 0.1782753 0.3475558 -0.1119480 0.1252949 0.1330841 -0.1858670 0.1424867 0.4044039 -0.0852368 0.2295333 0.4232512 -0.8764547 0.4387379 0.8553395 -0.2755057 0.4806370 0.5105167 -0.7129942 0.3259359 0.9250673 -0.1949778
0.0435760 0.0789271 -0.1676786 0.1773621 0.3476143 -0.1117344 0.1247325 0.1306485 -0.1851272 0.1419109 0.4047338 -0.0851525 0.2288899 0.4145772 -0.8807583 0.4369298 0.8563446 -0.2752566 0.4822462 0.5051189 -0.7157468 0.3245434 0.9256068 -0.1947397
0.0411252 0.0812306 -0.1663985 0.1777423 0.3432653 -0.1148238 0.1221122 0.1329521 -0.1846184 0.1307881 0.3863167 -0.0945900 0.2168148 0.4282528 -0.8772633 0.4407781 0.8512538 -0.2847482 0.4729211 0.5149023 -0.7149974 0.3123816 0.9227004 -0.2259240
0.0555733 0.0933242 -0.1588350 0.1829314 0.3509731 -0.1239098 0.1363407 0.1450457 -0.1780071 0.1287681 0.3897442 -0.0973205 0.2888088 0.4849968 -0.8254499 0.4410872 0.8462721 -0.2987734 0.5105515 0.5431487 -0.6665783 0.3052500 0.9239042 -0.2307021
0.0166159 0.0608143 -0.1648237 0.1752329 0.3487145 -0.1193772 0.0974118 0.1125360 -0.1838766 0.1256073 0.3949517 -0.0994836 0.0941576 0.3446175 -0.9340092 0.4293696 0.8544478 -0.2925076 0.4117722 0.4757043 -0.7772703 0.2947026 0.9266444 -0.2334106
0.0383003 0.0749490 -0.1621808 0.1754928 0.3493664 -0.1226633 0.1191517 0.1266709 -0.1809974 0.1226720 0.3966962 -0.0991721 0.2096109 0.4101833 -0.8875883 0.4282849 0.8526183 -0.2993561 0.4747015 0.5046581 -0.7210955 0.2873491 0.9292287 -0.2323026
0.0408088 0.0776977 -0.1617026 0.1661025 0.3419258 -0.1127155 0.1216609 0.1294196 -0.1805162 0.1235205 0.3934261 -0.0985983 0.2218063 0.4223073 -0.8788962 0.4189274 0.8623716 -0.2842800 0.4803935 0.5110296 -0.7127909 0.2913325 0.9279252 -0.2325515
0.0434524 0.0765155 -0.1611788 0.1784529 0.3437451 -0.1097213 0.1246220 0.1282374 -0.1785715 0.1513885 0.4048661 -0.0821918 0.2366252 0.4166747 -0.8777190 0.4433084 0.8539232 -0.2725671 0.4931388 0.5074453 -0.7066211 0.3440732 0.9201727 -0.1868041
0.0439984 0.0740833 -0.1614316 0.1793741 0.3428835 -0.1083665 0.1252311 0.1258052 -0.1785279 0.1522676 0.4040104 -0.0808918 0.2404452 0.4048548 -0.8822011 0.4463653 0.8532517 -0.2696656 0.4974267 0.4997073 -0.7091257 0.3466422 0.9197429 -0.1841527
0.0441404 0.0741120 -0.1610276 0.1786704 0.3435556 -0.1091550 0.1253076 0.1258338 -0.1784313 0.1509437 0.4045425 -0.0819899 0.2416309 0.4056999 -0.8814886 0.4440906 0.8539178 -0.2713080 0.4977626 0.4998528 -0.7087874 0.3434435 0.9204590 -0.1865523
0.0435117 0.0753989 -0.1617151 0.1295457 0.3681958 -0.0946652 0.1245105 0.1271210 -0.1798876 0.1173187 0.3955897 -0.0862794 0.2369177 0.4105411 -0.8805260 0.3225447 0.9167393 -0.2356988 0.4920857 0.5024029 -0.7109451 0.2783073 0.9384312 -0.2046750
0.0425245 0.0766309 -0.1623085 0.1283511 0.3718510 -0.0971687 0.1233772 0.1283531 -0.1811208 0.1165971 0.3979593 -0.0894231 0.2305376 0.4154388 -0.8799222 0.3167580 0.9176922 -0.2398028 0.4857927 0.5053852 -0.7131559 0.2748503 0.9380955 -0.2107940
0.0448158 0.0784260 -0.1627050 0.1788189 0.3519712 -0.1263846 0.1256998 0.1301483 -0.1813853 0.1153144 0.4012501 -0.0929810 0.2408201 0.4214258 -0.8743031 0.4313801 0.8490903 -0.3048884 0.4906271 0.5079902 -0.7079767 0.2696025 0.9381136 -0.2173874
0.0570806 0.1092267 -0.1394848 0.1740649 0.3558412 -0.1265473 0.1378187 0.1609491 -0.1587863 0.1069728 0.4024660 -0.0942381 0.3066692 0.5868277 -0.7493913 0.4185707 0.8556848 -0.3043059 0.5204906 0.6078456 -0.5996776 0.2505398 0.9426108 -0.2207140
0.0580066 0.1096813 -0.1395989 0.1246634 0.3693123 -0.1045971 0.1387921 0.1614038 -0.1587018 0.0928127 0.4317292 -0.0868226 0.3105794 0.5872569 -0.7474421 0.3088973 0.9151012 -0.2591762 0.5227188 0.6078790 -0.5977025 0.2062287 0.9592977 -0.1929190
0.0619272 0.1066395 -0.1394715 0.1742186 0.3474018 -0.1158599 0.1430679 0.1583621 -0.1570049 0.1189164 0.3805078 -0.0980799 0.3326380 0.5728072 -0.7491621 0.4295953 0.8566375 -0.2856921 0.5399845 0.5977098 -0.5925873 0.2896551 0.9268365 -0.2389018
0.0543561 0.1006009 -0.1398519 0.1769275 0.3465976 -0.1159683 0.1354697 0.1523235 -0.1575105 0.1230573 0.3778014 -0.1001169 0.3008951 0.5568894 -0.7741682 0.4357213 0.8535699 -0.2855966 0.5258667 0.5912900 -0.6114249 0.3003182 0.9220144 -0.2443326
0.0596550 0.1002275 -0.1419020 0.1829852 0.3474385 -0.1182033 0.1407323 0.1519502 -0.1597271 0.1299237 0.3822760 -0.0971310 0.3247668 0.5456467 -0.7725259 0.4462136 0.8472368 -0.2882416 0.5380751 0.5809656 -0.6106997 0.3128653 0.9205471 -0.2338981
0.0562795 0.0988195 -0.1447688 0.1342016 0.3689338 -0.1033559 0.1370402 0.1505424 -0.1639779 0.1259655 0.3865295 -0.0981922 0.3057104 0.5367877 -0.7863842 0.3305773 0.9087903 -0.2545953 0.5242477 0.5759005 -0.6272981 0.3011891 0.9242092 -0.2347818
0.0585492 0.0979051 -0.1573942 0.1746518 0.3534833 -0.1278702 0.1391555 0.1496281 -0.1772419 0.1194132 0.3965156 -0.1021769 0.3011990 0.5036604 -0.8096946 0.4213625 0.8528087 -0.3084979 0.5144478 0.5531640 -0.6552504 0.2799672 0.9296404 -0.2395562
0.0630071 0.1021824 -0.1604145 0.1720180 0.3533910 -0.1351816 0.1436692 0.1539055 -0.1800376 0.1188855 0.4004187 -0.1051723 0.3144702 0.5099951 -0.8006332 0.4138714 0.8502510 -0.3252440 0.5186198 0.5555710 -0.6499033 0.2760080 0.9296236 -0.2441711
0.0618857 0.1037865 -0.1605881 0.1697110 0.3544474 -0.1360483 0.1425184 0.1555098 -0.1803297 0.1108688 0.4044824 -0.1061997 0.3079310 0.5164209 -0.7990544 0.4080913 0.8523130 -0.3271452 0.5135553 0.5603690 -0.6498058 0.2562618 0.9349195 -0.2454697
0.0614700 0.1037284 -0.1616825 0.1712626 0.3545103 -0.1388280 0.1420625 0.1554517 -0.1815902 0.1136503 0.4041988 -0.1078565 0.3047725 0.5142929 -0.8016337 0.4102387 0.8491865 -0.3325455 0.5108906 0.5590415 -0.6530417 0.2621664 0.9323983 -0.2488015
0.0701598 0.0953584 -0.1606813 0.1709023 0.3524942 -0.1370624 0.1509574 0.1470819 -0.1797403 0.1132936 0.3969797 -0.1034398 0.3515288 0.4777837 -0.8050778 0.4117879 0.8493321 -0.3302508 0.5449768 0.5309859 -0.6488870 0.2662026 0.9327717 -0.2430496
0.0728540 0.0873608 -0.1556181 0.1674872 0.3478394 -0.1265750 0.1541840 0.1390843 -0.1722590 0.1169785 0.3709832 -0.0953653 0.3779507 0.4532090 -0.8073133 0.4122433 0.8561516 -0.3115442 0.5714820 0.5155150 -0.6384768 0.2920750 0.9262805 -0.2381105
0.0672041 0.0836580 -0.1530465 0.1642382 0.3460382 -0.1268029 0.1485182 0.1353817 -0.1697624 0.1126395 0.3749754 -0.0944634 0.3595382 0.4475657 -0.8187901 0.4070547 0.8576355 -0.3142736 0.5645606 0.5146249 -0.6453158 0.2796675 0.9310090 -0.2345387
0.0667573 0.0840218 -0.1527218 0.1785017 0.3485005 -0.1217561 0.1479828 0.1357454 -0.1698659 0.1145151 0.3776285 -0.0955214 0.3576506 0.4501446 -0.8182028 0.4353183 0.8499001 -0.2969307 0.5626270 0.5161005 -0.6458260 0.2820523 0.9301044 -0.2352706
0.0614245 0.0908513 -0.1586568 0.1728750 0.3473457 -0.1258270 0.1422798 0.1425750 -0.1774702 0.1134259 0.3841243 -0.0991227 0.3184759 0.4710490 -0.8226092 0.4238365 0.8515851 -0.3084891 0.5299996 0.5310992 -0.6610855 0.2749024 0.9309753 -0.2402368
0.0553947 0.0963866 -0.1611006 0.1701733 0.3483164 -0.1284029 0.1361237 0.1481103 -0.1804488 0.1017434 0.3957229 -0.1017064 0.2830081 0.4924331 -0.8230529 0.4167078 0.8529316 -0.3144236 0.5037197 0.5480754 -0.6677424 0.2416358 0.9398228 -0.2415477
0.0581166 0.0956044 -0.1632060 0.1586502 0.3475320 -0.1439833 0.1388140 0.1473282 -0.1826862 0.0963685 0.4031095 -0.1056036 0.2937056 0.4831592 -0.8247995 0.3885970 0.8512431 -0.3526720 0.5090907 0.5403160 -0.6699890 0.2253125 0.9424821 -0.2469044
0.0574700 0.0966290 -0.1623804 0.1199424 0.3656444 -0.1178064 0.1381213 0.1483528 -0.1820477 0.0985766 0.4019160 -0.1077449 0.2909833 0.4892538 -0.8221675 0.2980358 0.9085620 -0.2927282 0.5069656 0.5445198 -0.6681947 0.2305213 0.9398805 -0.2519615
0.0598121 0.0931253 -0.1622625 0.1214913 0.3643400 -0.1165012 0.1404445 0.1448489 -0.1820088 0.0858629 0.4247135 -0.0988337 0.3045186 0.4741248 -0.8261199 0.3027117 0.9078018 -0.2902784 0.5168676 0.5330767 -0.6698336 0.1931958 0.9556266 -0.2223807
0.0642564 0.0882429 -0.1598768 0.1570822 0.3437689 -0.1286582 0.1452660 0.1399667 -0.1780144 0.1081735 0.3943103 -0.0986564 0.3319236 0.4558285 -0.8258614 0.3934380 0.8610252 -0.3222454 0.5399440 0.5202468 -0.6616674 0.2571806 0.9374661 -0.2345539
0.0669831 0.0829438 -0.1591219 0.1767406 0.3654671 -0.1276476 0.1480916 0.1346676 -0.1768123 0.1042816 0.3931793 -0.0813028 0.3497146 0.4330447 -0.8307659 0.4153176 0.8588004 -0.2999553 0.5544943 0.5042314 -0.6620323 0.2513907 0.9478335 -0.1959959
0.0677073 0.0817285 -0.1598300 0.1789534 0.3641928 -0.1292961 0.1488284 0.1334524 -0.1774633 0.1053847 0.3923226 -0.0812646 0.3529034 0.4259845 -0.8330644 0.4201917 0.8551431 -0.3035938 0.5567710 0.4992490 -0.6638950 0.2543811 0.9470015 -0.1961591
0.0618693 0.0845689 -0.1604016 0.1279219 0.3614627 -0.1030297 0.1429066 0.1362928 -0.1784130 0.1118529 0.3904464 -0.0934559 0.3229182 0.4413956 -0.8371940 0.3221954 0.9104120 -0.2594997 0.5369651 0.5121140 -0.6703788 0.2683833 0.9368492 -0.2242410
0.0572494 0.0915777 -0.1643621 0.1593914 0.3507355 -0.1441980 0.1378422 0.1433017 -0.1842713 0.1099463 0.3954706 -0.1020860 0.2910945 0.4656428 -0.8357277 0.3874776 0.8526317 -0.3505428 0.5084672 0.5286059 -0.6797330 0.2599365 0.9349769 -0.2413530
0.0567439 0.0928353 -0.1652783 0.1591937 0.3521356 -0.1468925 0.1372076 0.1445595 -0.1857042 0.1050675 0.3997159 -0.1104990 0.2867641 0.4691572 -0.8352591 0.3850615 0.8517538 -0.3553071 0.5036729 0.5306609 -0.6816984 0.2455934 0.9343289 -0.2582895
0.0586438 0.0917316 -0.1678920 0.1248958 0.3673957 -0.1212396 0.1391717 0.1434560 -0.1880633 0.1059809 0.4005518 -0.1116705 0.2930668 0.4584202 -0.8390249 0.3072138 0.9037058 -0.2982205 0.5071155 0.5227265 -0.6852670 0.2469726 0.9334261 -0.2602314
0.0597502 0.0899488 -0.1686329 0.1627769 0.3497024 -0.1467643 0.1403856 0.1416734 -0.1883708 0.1066121 0.3971293 -0.1090839 0.2983860 0.4491944 -0.8421343 0.3944119 0.8473362 -0.3556130 0.5117192 0.5164133 -0.6866300 0.2506079 0.9335124 -0.2564181
0.0637844 0.0861241 -0.1684028 0.1650747 0.3707887 -0.1319122 0.1447890 0.1378487 -0.1865661 0.1022026 0.3793298 -0.0972591 0.3195404 0.4314555 -0.8436469 0.3867978 0.8688206 -0.3090925 0.5294966 0.5041157 -0.6822762 0.2525285 0.9372719 -0.2403140
0.0652352 0.0836725 -0.1684450 0.1650640 0.3704040 -0.1305608 0.1462867 0.1353972 -0.1864013 0.1018858 0.3761361 -0.0938108 0.3276935 0.4203086 -0.8461428 0.3874578 0.8694561 -0.3064678 0.5360335 0.4961313 -0.6830240 0.2541912 0.9384081 -0.2340452
0.0617744 0.0819098 -0.1661565 0.1203635 0.3670231 -0.1042536 0.1428149 0.1336344 -0.1841627 0.0545421 0.3659848 -0.0636369 0.3163415 0.4194534 -0.8508742 0.3008504 0.9173796 -0.2605835 0.5316118 0.4974386 -0.6855244 0.1452678 0.9747667 -0.1694910
0.0610597 0.0824952 -0.1670950 0.1230704 0.3592917 -0.1060574 0.1419340 0.1342196 -0.1858324 0.1051425 0.3888565 -0.0958067 0.3113730 0.4206833 -0.8520988 0.3121113 0.9111773 -0.2689657 0.5264265 0.4978140 -0.6892433 0.2539324 0.9391375 -0.2313852
0.0591263 0.0924451 -0.1663565 0.1745068 0.3276998 -0.1478376 0.1399272 0.1441695 -0.1854053 0.1116419 0.3890853 -0.1068637 0.2966845 0.4638722 -0.8347460 0.4366823 0.8200296 -0.3699460 0.5118313 0.5273490 -0.6781827 0.2666686 0.9293721 -0.2552555
0.0586951 0.0935810 -0.1663274 0.1628735 0.3490891 -0.1482825 0.1394567 0.1453056 -0.1855456 0.1098299 0.3935772 -0.1136407 0.2939634 0.4686830 -0.8330197 0.3945871 0.8457240 -0.3592380 0.5092609 0.5306198 -0.6775663 0.2589579 0.9279802 -0.2679433
0.0576629 0.0935604 -0.1668685 0.1607048 0.3509011 -0.1492794 0.1381931 0.1452851 -0.1870322 0.1069271 0.3952949 -0.1142417 0.2885902 0.4682490 -0.8351399 0.3883503 0.8479684 -0.3607404 0.5039849 0.5298491 -0.6820991 0.2515113 0.9298029 -0.2687166
0.0584613 0.0932508 -0.1653767 0.1208684 0.3661231 -0.1194189 0.1389503 0.1449755 -0.1857068 0.0835807 0.4256109 -0.1021706 0.2942891 0.4694163 -0.8324916 0.2994545 0.9070788 -0.2958632 0.5080117 0.5300401 -0.6789563 0.1875642 0.9551175 -0.2292819
0.0613886 0.0902915 -0.1600414 0.1542267 0.3534818 -0.1416412 0.1419076 0.1420163 -0.1802531 0.1046779 0.3892186 -0.1052372 0.3168642 0.4660497 -0.8260719 0.3753848 0.8603676 -0.3447518 0.5259532 0.5263562 -0.6680736 0.2512903 0.9343606 -0.2526330
0.0643386 0.0866047 -0.1565204 0.1484036 0.3825390 -0.1240731 0.1449962 0.1383294 -0.1761708 0.1067687 0.3848580 -0.0983067 0.3384441 0.4555715 -0.8233530 0.3461992 0.8923958 -0.2894406 0.5434152 0.5184293 -0.6602507 0.2595794 0.9356787 -0.2390062
0.0605084 0.0850608 -0.1524563 0.1450037 0.3802031 -0.1231109 0.1411202 0.1367854 -0.1722932 0.0838476 0.3780251 -0.0846159 0.3274814 0.4603633 -0.8251191 0.3410796 0.8943189 -0.2895832 0.5399414 0.5233561 -0.6592129 0.2115496 0.9537660 -0.2134880
0.0553211 0.0867990 -0.1535595 0.1119169 0.3648572 -0.1022589 0.1357606 0.1385236 -0.1740845 0.1010631 0.3833521 -0.0961013 0.2992516 0.4695268 -0.8306582 0.2832630 0.9234582 -0.2588185 0.5209048 0.5315064 -0.6679515 0.2477454 0.9397464 -0.2355820
0.0514122 0.0892677 -0.1570745 0.1139449 0.3665465 -0.1075199 0.1316044 0.1409925 -0.1785460 0.0790621 0.4267288 -0.0878221 0.2737004 0.4752294 -0.8362087 0.2858462 0.9195317 -0.2697284 0.5007290 0.5364490 -0.6793327 0.1785553 0.9637321 -0.1983390
0.0528060 0.0900836 -0.1599052 0.1523494 0.3518150 -0.1386949 0.1328442 0.1418087 -0.1819447 0.0955700 0.3967932 -0.1034413 0.2765009 0.4716922 -0.8372895 0.3736789 0.8629233 -0.3401875 0.4990435 0.5327197 -0.6834949 0.2269831 0.9424018 -0.2456778
0.0581353 0.0973229 -0.1637692 0.1185575 0.3659804 -0.1166891 0.1380693 0.1490480 -0.1861863 0.0970394 0.4015125 -0.1055005 0.2918765 0.4886232 -0.8222260 0.2949102 0.9103712 -0.2902625 0.5010153 0.5408541 -0.6756187 0.2276145 0.9417828 -0.2474607
0.0589568 0.0945976 -0.1659549 0.1173100 0.3670157 -0.1154537 0.1388538 0.1463229 -0.1885018 0.0976224 0.3992233 -0.1053394 0.2949109 0.4731912 -0.8301311 0.2916465 0.9124446 -0.2870317 0.5029360 0.5299896 -0.6827638 0.2300945 0.9409633 -0.2482833
-0.0023863 0.0423358 -0.1717724 0.1611820 0.3511613 -0.1332656 0.0778989 0.0940612 -0.1928978 0.1041312 0.3868410 -0.1015379 -0.0134874 0.2392817 -0.9708565 0.3943561 0.8591692 -0.3260544 0.3411985 0.4119895 -0.8448954 0.2519637 0.9360295 -0.2456888
-0.0057531 0.0369047 -0.1686805 0.1813772 0.3623962 -0.1214378 0.0749380 0.0886303 -0.1881992 0.0948057 0.3827204 -0.0806971 -0.0333002 0.2136106 -0.9763512 0.4287316 0.8566165 -0.2870495 0.3389161 0.4008411 -0.8511535 0.2355647 0.9509497 -0.2005090
-0.0070162 0.0355219 -0.1674304 0.1621379 0.3404728 -0.1064404 0.0736844 0.0872477 -0.1869105 0.0779729 0.3588285 -0.0601057 -0.0409585 0.2073656 -0.9774057 0.4137840 0.8689038 -0.2716413 0.3364019 0.3983245 -0.8533296 0.2095542 0.9643615 -0.1615359
-0.0029333 0.0101874 -0.1778755 0.1605784 0.3477509 -0.1222650 0.0773576 0.0619134 -0.1989817 0.0936423 0.4050386 -0.0797752 -0.0164616 0.0571712 -0.9982287 0.3993736 0.8648892 -0.3040844 0.3480090 0.2785300 -0.8951596 0.2212158 0.9568425 -0.1884568
-0.0037979 0.0114818 -0.1785860 0.1620274 0.3477453 -0.1289071 0.0762502 0.0632081 -0.2005966 0.0923842 0.4021031 -0.0861564 -0.0212179 0.0641459 -0.9977149 0.4003464 0.8592285 -0.3185109 0.3408364 0.2825387 -0.8966618 0.2191904 0.9540285 -0.2044144
