-0.0004757 0.1968224 -0.1861546 0.0094615 0.1789391 -0.1809830 0.0251101 0.2550698 -0.2122262 -0.0276391 0.2185555 -0.2231871 -0.0017559 0.7265203 -0.6871427 0.0371501 0.7025948 -0.7106198 0.0754596 0.7665215 -0.6377701 -0.0881359 0.6969318 -0.7117009
-0.0047234 0.1818700 -0.1922776 0.0309130 0.2235255 -0.2104005 0.0316986 0.2431829 -0.2349701 -0.0062481 0.2631415 -0.2525502 -0.0178438 0.6870621 -0.7263795 0.1001961 0.7244974 -0.6819562 0.0933305 0.7160070 -0.6918261 -0.0171283 0.7213714 -0.6923366
-0.0051070 0.1821213 -0.1967675 0.0265255 0.2244445 -0.2116225 0.0325448 0.2457362 -0.2412582 0.0521534 0.2425142 -0.2728086 -0.0190443 0.6791425 -0.7337593 0.0856720 0.7249088 -0.6834966 0.0940858 0.7104131 -0.6974676 0.1414428 0.6577113 -0.7398715
-0.0036772 0.1764965 -0.2023513 0.0307457 0.2198636 -0.2233247 0.0364962 0.2400311 -0.2498181 0.0452632 0.2362138 -0.2694463 -0.0136937 0.6572591 -0.7535403 0.0976379 0.6982112 -0.7092024 0.1047651 0.6890280 -0.7171225 0.1253223 0.6540157 -0.7460280
0.0005298 0.1723536 -0.2129229 0.0340346 0.2151664 -0.2325324 0.0378998 0.2339495 -0.2592885 0.0479419 0.2162444 -0.2737605 0.0019340 0.6291694 -0.7772658 0.1068148 0.6752823 -0.7297838 0.1078897 0.6659872 -0.7381198 0.1361431 0.6140808 -0.7774123
0.0003476 0.1646983 -0.2133453 0.0323249 0.2042748 -0.2390729 0.0391794 0.2307379 -0.2636452 0.0489535 0.2151455 -0.2778419 0.0012898 0.6110765 -0.7915705 0.1022566 0.6462032 -0.7562837 0.1111350 0.6545030 -0.7478468 0.1379764 0.6063922 -0.7831034
0.0030589 0.1588999 -0.2123709 0.0372562 0.2032662 -0.2382540 0.0430984 0.1968682 -0.2533826 0.0531950 0.2152145 -0.2801929 0.0115321 0.5990471 -0.8006308 0.1181277 0.6444941 -0.7554292 0.1331205 0.6080777 -0.7826368 0.1488854 0.6023549 -0.7842205
0.0045392 0.1587636 -0.2126372 0.0353104 0.2004128 -0.2357237 0.0371854 0.1977968 -0.2494867 0.0619200 0.2206993 -0.2957821 0.0171028 0.5981885 -0.8011729 0.1133878 0.6435604 -0.7569499 0.1160064 0.6170616 -0.7783171 0.1654709 0.5897820 -0.7904281
-0.0003702 0.1566006 -0.2070261 0.0366834 0.2053875 -0.2311627 0.0323881 0.2045576 -0.2438169 0.0526378 0.2223980 -0.2766888 -0.0014262 0.6032760 -0.7975312 0.1178039 0.6595755 -0.7423492 0.1012427 0.6394316 -0.7621530 0.1466761 0.6197160 -0.7709982
0.0014629 0.1713147 -0.2024897 0.0161535 0.1929331 -0.1960647 0.0296491 0.2299573 -0.2329283 0.0460892 0.2389529 -0.2624048 0.0055154 0.6458823 -0.7634171 0.0586236 0.7001851 -0.7115505 0.0902130 0.6996890 -0.7087290 0.1287836 0.6676876 -0.7332176
0.0044298 0.1921195 -0.1963299 0.0408915 0.2359080 -0.2003455 0.0253284 0.2521088 -0.2226177 0.0246686 0.2690757 -0.1987827 0.0161243 0.6993104 -0.7146362 0.1309825 0.7556535 -0.6417409 0.0750957 0.7474723 -0.6600347 0.0735396 0.8021402 -0.5925902
0.0020090 0.1939029 -0.1876198 0.0140663 0.2306436 -0.1655260 0.0130176 0.2799161 -0.2014929 0.0166216 0.2803744 -0.1909554 0.0074458 0.7186344 -0.6953483 0.0494871 0.8114356 -0.5823429 0.0377168 0.8110210 -0.5837999 0.0489401 0.8255235 -0.5622417
-0.0010550 0.2260102 -0.1622972 0.0104444 0.2435637 -0.1250976 0.0096341 0.2925374 -0.1939043 0.0108022 0.3030408 -0.1950839 -0.0037915 0.8122609 -0.5832820 0.0381167 0.8888845 -0.4565429 0.0274400 0.8332072 -0.5522796 0.0299590 0.8404576 -0.5410484
0.0904497 0.2311979 -0.1236450 0.0682482 0.2721587 -0.1174008 0.1166977 0.3108677 -0.1393810 0.1083774 0.3236403 -0.1397515 0.3261238 0.8336034 -0.4458124 0.2243853 0.8947984 -0.3859883 0.3240551 0.8632412 -0.3870439 0.2938587 0.8775311 -0.3789277
0.0614861 0.2023729 -0.1169887 0.0486374 0.2783313 0.0763518 0.0748302 0.2943745 -0.1200200 0.0856705 0.3314401 0.0532331 0.2543842 0.8372696 -0.4840127 0.1661775 0.9509641 0.2608683 0.2291262 0.9013593 -0.3674949 0.2472828 0.9566826 0.1536542
0.0532858 0.2286083 -0.1112830 0.0522363 0.2802721 0.0761045 0.0657087 0.3207565 -0.1137377 0.0887894 0.3333811 0.0522336 0.2051200 0.8800112 -0.4283761 0.1770234 0.9498132 0.2579101 0.1895753 0.9254099 -0.3281428 0.2544592 0.9554276 0.1496948
0.0495662 0.2357519 -0.1117256 0.0541061 0.2779418 0.0742006 0.0623860 0.3278335 -0.1146216 0.0901361 0.3310512 0.0495472 0.1866526 0.8877774 -0.4207281 0.1848392 0.9495151 0.2534868 0.1768049 0.9290949 -0.3248426 0.2600116 0.9549691 0.1429266
0.0485684 0.2372245 -0.1127381 0.0636053 0.2736939 0.0800957 0.0614098 0.3292974 -0.1158219 0.0993356 0.3268035 0.0550091 0.1818336 0.8881374 -0.4220765 0.2176919 0.9367296 0.2741310 0.1732623 0.9290826 -0.3267809 0.2871235 0.9446052 0.1590005
0.0492511 0.2369959 -0.1126478 0.0642157 0.2723660 0.0796068 0.0621130 0.3290649 -0.1157788 0.0998982 0.3254759 0.0544514 0.1844698 0.8876670 -0.4219219 0.2207207 0.9361694 0.2736223 0.1752993 0.9287083 -0.3267585 0.2897375 0.9439869 0.1579270
0.0710165 0.2245749 -0.1130169 0.0737519 0.2835003 -0.0986909 0.0715174 0.3175834 -0.1119304 0.1095179 0.3366104 -0.1237273 0.2718365 0.8596263 -0.4326055 0.2385911 0.9171374 -0.3192699 0.2077534 0.9225593 -0.3251505 0.2920642 0.8976782 -0.3299580
0.0716057 0.2142632 -0.1109542 0.0805013 0.2735124 -0.1009192 0.0852284 0.3062434 -0.1134318 0.1022235 0.3431487 -0.1254046 0.2845018 0.8513041 -0.4408401 0.2661666 0.9043317 -0.3336758 0.2525182 0.9073503 -0.3360804 0.2694510 0.9045055 -0.3305540
0.0835747 0.2172859 -0.1139879 0.1050403 0.2450025 -0.1116643 0.1179747 0.3027772 -0.1266411 0.1122040 0.3337043 -0.1280885 0.3224178 0.8382539 -0.4397467 0.3634446 0.8477210 -0.3863641 0.3382739 0.8681660 -0.3631233 0.2994983 0.8907338 -0.3418977
0.1041342 0.2214029 -0.1227110 0.1206508 0.2335675 -0.1151544 0.1301305 0.3095941 -0.1368097 0.1222495 0.3062342 -0.1375464 0.3804445 0.8088743 -0.4483128 0.4203813 0.8138145 -0.4012300 0.3588537 0.8537503 -0.3772724 0.3421747 0.8571456 -0.3849907
0.1124402 0.2127133 -0.1340413 0.1271453 0.2232118 -0.1309567 0.1372313 0.2899829 -0.1464228 0.1305514 0.2970087 -0.1427322 0.4082483 0.7723200 -0.4866776 0.4409584 0.7741311 -0.4541769 0.3891428 0.8222962 -0.4152069 0.3683276 0.8379574 -0.4026936
0.1893738 0.2231358 -0.0338939 0.1610972 0.1612654 -0.0147463 0.2193843 0.2848115 -0.0291782 0.2104735 0.2072151 -0.0014285 0.6427736 0.7573686 -0.1150428 0.7052636 0.7059997 -0.0645576 0.6082324 0.7896261 -0.0808953 0.7125930 0.7015610 -0.0048366
0.2220908 0.2352976 -0.0249203 0.1626863 0.1595006 -0.0142336 0.2444460 0.3002447 -0.0278999 0.2275353 0.1765931 0.0009077 0.6843766 0.7250735 -0.0767924 0.7126741 0.6987187 -0.0623525 0.6297330 0.7734794 -0.0718748 0.7899852 0.6131178 0.0031515
0.2199222 0.2047859 -0.0340682 0.1658867 0.1556518 -0.0119051 0.2570469 0.2605649 -0.0186686 0.2330491 0.1555610 0.0027879 0.7271847 0.6771357 -0.1126483 0.7282487 0.6833172 -0.0522640 0.7013729 0.7109721 -0.0509387 0.8316878 0.5551544 0.0099494
0.2223774 0.1871258 -0.0386526 0.1705667 0.1528411 -0.0095630 0.2755392 0.2445067 -0.0114179 0.1826551 0.2353246 -0.0325668 0.7584691 0.6382355 -0.1318335 0.7440963 0.6667685 -0.0417185 0.7476121 0.6634127 -0.0309797 0.6095241 0.7852833 -0.1086761
0.2250550 0.1803573 -0.0358513 0.1706811 0.1521742 -0.0093111 0.2660676 0.2299235 -0.0116051 0.1828006 0.2346483 -0.0323325 0.7743784 0.6205809 -0.1233587 0.7457965 0.6649303 -0.0406853 0.7562174 0.6534886 -0.0329841 0.6109623 0.7842496 -0.1080629
0.2394513 0.1785415 -0.0327235 0.2342533 0.1401347 -0.0034650 0.2875653 0.2279152 -0.0096231 0.2918838 0.1726794 0.0151428 0.7969109 0.5941989 -0.1089063 0.8580975 0.5133299 -0.0126926 0.7834324 0.6209238 -0.0262168 0.8598081 0.5086653 0.0446064
0.2407876 0.1747840 -0.0334402 0.1574765 0.0651630 -0.1069422 0.2855161 0.2266031 -0.0116033 0.2201100 0.0986204 -0.0891984 0.8042068 0.5837615 -0.1116870 0.7826839 0.3238708 -0.5315201 0.7828883 0.6213482 -0.0318165 0.8559296 0.3834998 -0.3468608
0.2418479 0.1735833 -0.0332871 0.1577067 0.0648546 -0.1069475 0.2823705 0.2257349 -0.0141873 0.2203085 0.0983120 -0.0890922 0.8073734 0.5794822 -0.1111241 0.7835030 0.3222042 -0.5313262 0.7804858 0.6239425 -0.0392144 0.8566512 0.3822782 -0.3464277
0.2443270 0.1760297 -0.0328459 0.1598979 0.0674665 -0.1062010 0.2851547 0.2295076 -0.0187071 0.2181714 0.1292902 -0.0683340 0.8065707 0.5811081 -0.1084306 0.7858769 0.3315889 -0.5219639 0.7780058 0.6261804 -0.0510399 0.8306591 0.4922556 -0.2601728
0.2058921 0.1865525 -0.0507937 0.1314091 0.0811681 -0.1310261 0.2537080 0.2408690 -0.0285041 0.1865772 0.1422925 -0.0877565 0.7289717 0.6604988 -0.1798378 0.6487899 0.4007411 -0.6468989 0.7228233 0.6862445 -0.0812092 0.7447647 0.5679925 -0.3502999
0.2004705 0.1919415 -0.0545458 0.1806775 0.1952234 -0.0261544 0.2287737 0.2440578 -0.0197676 0.2491266 0.1974013 -0.0200970 0.7087471 0.6785937 -0.1928424 0.6759764 0.7303977 -0.0978526 0.6827016 0.7283123 -0.0589901 0.7822141 0.6198059 -0.0631011
0.2003226 0.2358640 -0.0423091 0.1784503 0.2192254 -0.0223039 0.2388091 0.2872438 -0.0176993 0.2342048 0.2593095 -0.0189262 0.6413779 0.7551717 -0.1354622 0.6293388 0.7731400 -0.0786590 0.6385816 0.7680973 -0.0473285 0.6692890 0.7410310 -0.0540857
0.1961923 0.2554467 -0.0429146 0.1780159 0.2328717 -0.0189278 0.2160472 0.3210934 -0.0381139 0.1900464 0.2990296 -0.0332506 0.6037798 0.7861346 -0.1320693 0.6060533 0.7928095 -0.0644397 0.5555582 0.8256811 -0.0980086 0.5340365 0.8402826 -0.0934351
0.1747003 0.2823933 -0.0367857 0.1511988 0.2547290 -0.0090167 0.1892724 0.3504618 -0.0368074 0.1917097 0.3502706 -0.0370400 0.5229062 0.8452490 -0.1101055 0.5101863 0.8595256 -0.0304249 0.4731776 0.8761482 -0.0920180 0.4780597 0.8734573 -0.0923653
0.1063618 0.2807474 -0.1199238 0.0974635 0.2973438 -0.0996463 0.1280179 0.3488387 -0.1312428 0.1258388 0.3592798 -0.1335227 0.3290025 0.8684189 -0.3709529 0.2967894 0.9054515 -0.3034363 0.3248497 0.8851902 -0.3330331 0.3119320 0.8905905 -0.3309789
0.0986666 0.2854630 -0.1116149 0.1119956 0.3301763 -0.0631478 0.1058872 0.3552657 -0.1221811 0.1113701 0.3755178 -0.1262722 0.3064208 0.8865392 -0.3466333 0.3160804 0.9318428 -0.1782195 0.2712791 0.9101779 -0.3130235 0.2706208 0.9124794 -0.3068317
0.0903513 0.2765164 -0.1117355 0.1088553 0.3305005 -0.0626956 0.0890733 0.3694967 -0.1095227 0.0966199 0.3806835 -0.1142432 0.2899370 0.8873400 -0.3585587 0.3078761 0.9347562 -0.1773223 0.2251905 0.9341421 -0.2768895 0.2362163 0.9306946 -0.2793017
0.0455914 0.2173709 -0.1052339 0.1066062 0.3153392 -0.0571429 0.0494494 0.3102501 -0.1084666 0.0924538 0.3625963 -0.1089369 0.1855045 0.8844487 -0.4281806 0.3156448 0.9336716 -0.1691915 0.1487812 0.9334668 -0.3263494 0.2372240 0.9303735 -0.2795174
0.0575744 0.2199136 -0.1160151 0.1033897 0.3178474 -0.0558586 0.0558410 0.3126784 -0.1094130 0.0890290 0.3647133 -0.1073243 0.2255890 0.8616690 -0.4545724 0.3050965 0.9379475 -0.1648351 0.1662219 0.9307505 -0.3256898 0.2280095 0.9340562 -0.2748649
0.0617428 0.2196621 -0.1176235 0.0916985 0.3139622 -0.0555459 0.0609932 0.3123822 -0.1102479 0.0774968 0.3600116 -0.1067613 0.2405180 0.8556892 -0.4581999 0.2763984 0.9463468 -0.1674268 0.1810776 0.9274059 -0.3273061 0.2021191 0.9389446 -0.2784438
0.0634935 0.2306023 -0.1088553 0.0924943 0.3158637 -0.0556513 0.0751411 0.3228853 -0.1093268 0.0818212 0.3598368 -0.1083466 0.2416137 0.8775171 -0.4142301 0.2770954 0.9462676 -0.1667208 0.2152578 0.9249736 -0.3131900 0.2127444 0.9356161 -0.2817132
0.0730600 0.2256244 -0.1062385 0.1018603 0.2951951 -0.0605271 0.1025843 0.3133508 -0.1154301 0.0897085 0.3360801 -0.1144484 0.2811441 0.8682309 -0.4088191 0.3202279 0.9280333 -0.1902847 0.2936543 0.8969870 -0.3304262 0.2449773 0.9177726 -0.3125373
0.0973785 0.2972509 -0.1145406 0.1259490 0.3284089 -0.1091612 0.1243372 0.3756149 -0.1264695 0.1303892 0.3808062 -0.1318410 0.2923342 0.8923588 -0.3438554 0.3419906 0.8917318 -0.2964064 0.2993334 0.9042674 -0.3044667 0.3078467 0.8990766 -0.3112744
0.1158161 0.2947298 -0.1219046 0.1605268 0.2996120 -0.1143951 0.1308466 0.3614656 -0.1307878 0.1356645 0.3720932 -0.1325101 0.3413157 0.8685832 -0.3592587 0.4475990 0.8354122 -0.3189695 0.3222357 0.8901807 -0.3220909 0.3248415 0.8909579 -0.3172885
0.1901863 0.2944678 -0.0429600 0.1935618 0.2633757 0.0029593 0.2244278 0.3533154 -0.0334129 0.1769284 0.3097738 -0.0449702 0.5385150 0.8337895 -0.1216418 0.5921740 0.8057592 0.0090535 0.5344791 0.8414274 -0.0795734 0.4920646 0.8615278 -0.1250689
0.2222972 0.2934061 -0.0358087 0.2176757 0.2660232 0.0010722 0.2543941 0.3521188 -0.0200184 0.1946519 0.3133797 -0.0431317 0.6010548 0.7933214 -0.0968208 0.6332700 0.7739246 0.0031194 0.5849998 0.8097259 -0.0460339 0.5240678 0.8437227 -0.1161248
0.2225896 0.2707850 -0.0436667 0.2134430 0.2619169 -0.0014358 0.2909929 0.3282412 -0.0177479 0.1881455 0.3095190 -0.0441056 0.6301398 0.7665784 -0.1236183 0.6317192 0.7751857 -0.0042495 0.6628314 0.7476766 -0.0404266 0.5156199 0.8482487 -0.1208730
0.2279173 0.2627689 -0.0458531 0.2213706 0.2574835 -0.0066061 0.2927355 0.3238794 -0.0190945 0.1937087 0.3053536 -0.0474720 0.6496130 0.7489477 -0.1306913 0.6518055 0.7581367 -0.0194512 0.6698972 0.7411670 -0.0436958 0.5311225 0.8372376 -0.1301618
0.2324569 0.2441335 -0.0473138 0.2383230 0.2464269 -0.0070381 0.2913457 0.3113883 -0.0216080 0.2104320 0.2940219 -0.0480680 0.6828821 0.7171841 -0.1389925 0.6950421 0.7186760 -0.0205259 0.6823404 0.7292808 -0.0506067 0.5769244 0.8060963 -0.1317840
0.2243180 0.1504585 -0.0313160 0.1419640 0.2484879 -0.0777511 0.2743432 0.2243691 -0.0051129 0.1179130 0.2959799 -0.1212560 0.8249605 0.5533319 -0.1151691 0.4787096 0.8379132 -0.2621804 0.7740061 0.6330138 -0.0144252 0.3458906 0.8682391 -0.3556973
0.2388912 0.1654857 -0.0229936 0.1334792 0.2171215 -0.0726324 0.2809425 0.2090966 -0.0019025 0.1089695 0.2645756 -0.1159225 0.8194709 0.5676672 -0.0788750 0.5036633 0.8192744 -0.2740671 0.8021898 0.5970443 -0.0054324 0.3529636 0.8569876 -0.3754850
0.2881763 0.1956126 0.0104160 0.1786981 0.2136480 -0.0907714 0.2902705 0.2503577 -0.0311195 0.1540563 0.2611067 -0.1339805 0.8270202 0.5613770 0.0298923 0.6100015 0.7293061 -0.3098561 0.7547661 0.6509843 -0.0809175 0.4647913 0.7877649 -0.4042221
0.2880295 0.1957122 0.0099854 0.1837666 0.2095686 -0.1179302 0.3100998 0.2544781 -0.0180530 0.1591112 0.2570355 -0.1611238 0.8267841 0.5617886 0.0286629 0.6071929 0.6924466 -0.3896594 0.7722463 0.6337306 -0.0449576 0.4644826 0.7503463 -0.4703577
0.2566023 0.1752601 -0.0225489 0.1852353 0.2107917 -0.1283318 0.2989259 0.2230472 0.0029798 0.1598469 0.2582546 -0.1711027 0.8236061 0.5625254 -0.0723744 0.6003059 0.6831285 -0.4158946 0.8014484 0.5980106 0.0079890 0.4585384 0.7408317 -0.4908269
0.2516171 0.1761723 -0.0233875 0.1421667 0.1724950 -0.0610486 0.2952481 0.2318639 0.0032182 0.1168365 0.2199553 -0.1038564 0.8168061 0.5718950 -0.0759210 0.6135355 0.7444206 -0.2634619 0.7864405 0.6176065 0.0085721 0.4329737 0.8151118 -0.3848720
0.2418813 0.1759846 -0.0266156 0.1340597 0.1844529 -0.0577009 0.2973653 0.2372222 0.0057616 0.1087648 0.2319126 -0.1005292 0.8054412 0.5860117 -0.0886275 0.5699549 0.7842014 -0.2453154 0.7816376 0.6235489 0.0151446 0.3952618 0.8427930 -0.3653328
0.2321711 0.1835517 -0.0299928 0.1265632 0.1839455 -0.0615614 0.2506691 0.2412211 0.0025433 0.1012711 0.2314051 -0.1043921 0.7804601 0.6170225 -0.1008230 0.5464457 0.7941976 -0.2657957 0.7205364 0.6933786 0.0073106 0.3705269 0.8466565 -0.3819459
0.2100426 0.2044189 -0.0226636 0.1045003 0.2816364 -0.0458274 0.2383769 0.2628964 -0.0002120 0.0809178 0.3290961 -0.0896215 0.7145024 0.6953723 -0.0770949 0.3438934 0.9268191 -0.1508103 0.6717158 0.7408087 -0.0005974 0.2308321 0.9388045 -0.2556612
0.2041989 0.2256573 -0.0212655 0.1215304 0.2937283 -0.0787808 0.2221799 0.2918653 -0.0168266 0.2152965 0.2927032 -0.0319128 0.6693404 0.7396787 -0.0697058 0.3710919 0.8968966 -0.2405563 0.6050727 0.7948504 -0.0458246 0.5902497 0.8024653 -0.0874911
0.1819263 0.2326562 -0.0237553 0.1003783 0.2636175 -0.0446292 0.1921555 0.3050073 -0.0207349 0.0393474 0.2722369 -0.0615839 0.6140050 0.7852196 -0.0801748 0.3514767 0.9230622 -0.1562701 0.5321598 0.8446943 -0.0574238 0.1395914 0.9658060 -0.2184791
0.1011076 0.2381453 -0.1231931 0.0973092 0.2625081 -0.1213659 0.1183186 0.3116311 -0.1355254 0.1099774 0.3337610 -0.1314040 0.3528412 0.8310697 -0.4299142 0.3189021 0.8602928 -0.3977408 0.3288145 0.8660418 -0.3766333 0.2931340 0.8896074 -0.3502444
0.0895963 0.2371252 -0.1190372 0.0782999 0.2695386 -0.1126372 0.0966688 0.3189532 -0.1209961 0.0099814 0.2314330 -0.1087280 0.3199344 0.8467368 -0.4250632 0.2588952 0.8912178 -0.3724300 0.2726409 0.8995630 -0.3412526 0.0390059 0.9044035 -0.4248916
0.0761606 0.2378774 -0.1124114 0.0721264 0.2731576 -0.1078423 0.0880731 0.3301019 -0.1144595 0.0039787 0.2350373 -0.1031903 0.2780575 0.8684758 -0.4104070 0.2385112 0.9032916 -0.3566185 0.2444354 0.9161544 -0.3176673 0.0154980 0.9155295 -0.4019521
