-0.0831259 0.1069544 -0.2585219 -0.0000694 0.1053701 -0.2586684 -0.0802341 0.1638481 -0.3085160 -0.0526410 0.1811942 -0.3698427 -0.2848133 0.3664569 -0.8857713 -0.0002483 0.3772559 -0.9261090 -0.2238542 0.4571383 -0.8607635 -0.1267866 0.4364086 -0.8907708
-0.1072530 0.0359590 -0.2012155 -0.0086936 0.0983566 -0.2485982 -0.0786515 0.0917813 -0.2823407 -0.0744813 0.1267827 -0.3209000 -0.4646343 0.1557792 -0.8716925 -0.0325006 0.3677026 -0.9293753 -0.2560891 0.2988397 -0.9193004 -0.2110045 0.3591735 -0.9091048
-0.1007041 0.0476786 -0.2131693 -0.0316359 0.1043175 -0.2793072 -0.0755403 0.1037478 -0.2952571 -0.0716152 0.1230948 -0.3272082 -0.4186720 0.1982213 -0.8862404 -0.1055144 0.3479271 -0.9315651 -0.2346395 0.3222561 -0.9171125 -0.2006836 0.3449424 -0.9169192
-0.1081098 0.0327448 -0.2011669 -0.0400989 0.0999530 -0.2773634 -0.0785309 0.0842842 -0.2847386 -0.0717117 0.1190293 -0.3308259 -0.4685919 0.1419293 -0.8719390 -0.1347689 0.3359333 -0.9321943 -0.2556682 0.2743987 -0.9270055 -0.1998508 0.3317185 -0.9219667
-0.1079521 0.0307008 -0.2010672 -0.0430369 0.0975577 -0.2766705 -0.0774809 0.0804893 -0.2853767 -0.0718851 0.1168252 -0.3320446 -0.4688070 0.1333253 -0.8731806 -0.1451464 0.3290235 -0.9331002 -0.2528203 0.2626365 -0.9311842 -0.2000909 0.3251811 -0.9242407
-0.1086761 0.0292956 -0.2000678 -0.0313846 0.1030042 -0.2879349 -0.0769953 0.0777619 -0.2847020 -0.0103870 0.1236580 -0.3577729 -0.4734192 0.1276187 -0.8715433 -0.1020935 0.3350702 -0.9366455 -0.2524363 0.2549496 -0.9334220 -0.0274292 0.3265477 -0.9447826
-0.1098507 0.0308949 -0.1999157 -0.0347955 0.1067233 -0.2945343 -0.0785015 0.0798207 -0.2844099 -0.0151027 0.1269473 -0.3648769 -0.4772151 0.1342141 -0.8684770 -0.1103919 0.3385892 -0.9344362 -0.2568333 0.2611494 -0.9305040 -0.0390630 0.3283474 -0.9437490
-0.1096705 0.0373771 -0.1993952 -0.0365492 0.1083130 -0.2938968 -0.0825430 0.0971626 -0.2781708 -0.0152216 0.1286505 -0.3637282 -0.4755572 0.1620760 -0.8646252 -0.1159019 0.3434739 -0.9319830 -0.2697528 0.3175301 -0.9090699 -0.0394229 0.3331966 -0.9420328
-0.0861204 0.1177573 -0.2535666 -0.0241496 0.1173868 -0.2770015 -0.0840273 0.1618241 -0.3151996 -0.0660933 0.1684597 -0.3279197 -0.2943888 0.4025343 -0.8667764 -0.0800144 0.3889354 -0.9177837 -0.2307550 0.4444000 -0.8655985 -0.1764664 0.4497806 -0.8755324
-0.1071904 0.0699704 -0.1930931 0.0005536 0.1593288 -0.2602378 -0.0735498 0.1915274 -0.3034309 -0.0154937 0.2242134 -0.2959788 -0.4626874 0.3020273 -0.8334866 0.0018144 0.5221518 -0.8528506 -0.2008009 0.5228958 -0.8284075 -0.0416903 0.6033105 -0.7964159
-0.1085664 0.0724554 -0.1934009 -0.0563528 0.1218202 -0.2088437 -0.0663980 0.2106987 -0.2933677 -0.0812097 0.2061163 -0.2942849 -0.4653020 0.3105348 -0.8288922 -0.2269940 0.4907021 -0.8412402 -0.1808014 0.5737314 -0.7988387 -0.2204682 0.5595647 -0.7989250
-0.1091654 0.1024988 -0.1933185 -0.0563136 0.1224086 -0.2076126 -0.0620889 0.2308107 -0.2796916 -0.0819952 0.2069073 -0.2927194 -0.4464286 0.4191659 -0.7905704 -0.2275262 0.4945729 -0.8388262 -0.1687622 0.6273606 -0.7602224 -0.2229822 0.5626752 -0.7960374
-0.1070520 0.1034076 -0.1932505 -0.0476632 0.1235747 -0.1980659 -0.0758130 0.2339123 -0.2794246 -0.0779726 0.2129297 -0.2870132 -0.4388740 0.4239334 -0.7922563 -0.2000386 0.5186331 -0.8312666 -0.2036831 0.6284408 -0.7507165 -0.2131677 0.5821243 -0.7846597
-0.1072690 0.1040909 -0.1929705 -0.0434510 0.1398148 -0.2006444 -0.0770364 0.2368216 -0.2768704 -0.0801055 0.2334968 -0.2949255 -0.4394676 0.4264475 -0.7905762 -0.1749353 0.5628990 -0.8078009 -0.2068688 0.6359459 -0.7434904 -0.2082815 0.6071128 -0.7668330
-0.1058232 0.1054235 -0.1939743 -0.0422279 0.1466012 -0.2039837 -0.0775164 0.2394247 -0.2766945 -0.0783168 0.2399551 -0.2981111 -0.4322424 0.4306097 -0.7923016 -0.1657787 0.5755290 -0.8008020 -0.2072505 0.6401345 -0.7397804 -0.2004947 0.6142965 -0.7631787
-0.1057651 0.1059778 -0.1941234 -0.0490558 0.1396635 -0.2036396 -0.0811869 0.2338185 -0.2786574 -0.0805472 0.2272004 -0.2924084 -0.4314198 0.4322872 -0.7918363 -0.1948541 0.5547558 -0.8088745 -0.2178289 0.6273479 -0.7476531 -0.2125481 0.5995369 -0.7716079
-0.1005631 0.1492530 -0.2368027 -0.0464551 0.1342574 -0.2042024 -0.0728991 0.2313479 -0.2847356 -0.0798538 0.2221670 -0.2946625 -0.3381061 0.5018080 -0.7961614 -0.1867462 0.5397056 -0.8208798 -0.1948935 0.6185010 -0.7612313 -0.2114928 0.5884092 -0.7804136
-0.0988485 0.1435979 -0.2410310 -0.0409938 0.1244165 -0.2113867 -0.0822993 0.2007565 -0.3006864 -0.0785055 0.2127386 -0.3066756 -0.3322994 0.4827337 -0.8102749 -0.1648421 0.5002973 -0.8500175 -0.2219538 0.5414224 -0.8109244 -0.2058317 0.5577742 -0.8040654
-0.0966585 0.1311075 -0.2510104 -0.0437245 0.1120370 -0.2145872 -0.0781810 0.1795509 -0.3243461 -0.0489036 0.1512181 -0.2792630 -0.3230247 0.4381504 -0.8388560 -0.1777479 0.4554508 -0.8723361 -0.2063468 0.4738973 -0.8560621 -0.1521961 0.4706159 -0.8691128
-0.0923956 0.1117003 -0.2587424 -0.0093298 0.1004940 -0.2540873 -0.0871165 0.1372750 -0.3298968 -0.0823669 0.1626416 -0.3714422 -0.3115337 0.3766240 -0.8724111 -0.0341254 0.3675741 -0.9293679 -0.2368681 0.3732483 -0.8969834 -0.1990643 0.3930721 -0.8977013
-0.0930374 0.1001449 -0.2630389 -0.0431285 0.0905821 -0.2189671 -0.0850485 0.1303061 -0.3321142 -0.0834301 0.1216834 -0.3398838 -0.3138529 0.3378295 -0.8873373 -0.1790631 0.3760835 -0.9091191 -0.2318915 0.3552900 -0.9055359 -0.2251676 0.3284085 -0.9173045
-0.0986407 0.0869577 -0.2686736 -0.0719729 0.0940272 -0.2446670 -0.0866631 0.1196221 -0.3360116 -0.0871840 0.1199899 -0.3421438 -0.3297617 0.2907047 -0.8981915 -0.2647868 0.3459241 -0.9001247 -0.2361087 0.3259037 -0.9154449 -0.2337945 0.3217674 -0.9174998
-0.1107990 0.0068755 -0.1989888 -0.0904587 0.0678292 -0.2135606 -0.0844558 0.0469218 -0.2896419 -0.0937203 0.0744044 -0.3139815 -0.4862587 0.0301742 -0.8732938 -0.3743473 0.2806991 -0.8837828 -0.2766042 0.1536753 -0.9486169 -0.2789196 0.2214339 -0.9344361
-0.1114758 0.0059575 -0.1979088 -0.0695026 0.0610924 -0.1970512 -0.0848380 0.0426455 -0.2898874 -0.0930160 0.0731199 -0.3138705 -0.4906011 0.0262187 -0.8709898 -0.3192628 0.2806302 -0.9051618 -0.2781186 0.1398019 -0.9503186 -0.2773038 0.2179887 -0.9357262
-0.1192934 0.0034667 -0.1872342 0.1778749 0.0108860 -0.2407469 -0.0916341 0.0353736 -0.2806822 0.1699777 0.0477216 -0.3361224 -0.5372727 0.0156133 -0.8432641 0.5938505 0.0363438 -0.8037541 -0.3081457 0.1189537 -0.9438730 0.4477006 0.1256929 -0.8853053
-0.1194324 -0.0003106 -0.1848525 0.1653133 0.0145853 -0.2387921 -0.0876923 0.0259283 -0.2787656 0.1587440 0.0543122 -0.3331013 -0.5426804 -0.0014113 -0.8399381 0.5684835 0.0501563 -0.8211643 -0.2989023 0.0883776 -0.9501825 0.4256223 0.1456212 -0.8931070
-0.1186995 -0.0017801 -0.1864964 0.1624218 0.0195072 -0.2378211 -0.0871990 0.0245235 -0.2804721 0.1566317 0.0591441 -0.3322189 -0.5369223 -0.0080521 -0.8435933 0.5626898 0.0675802 -0.8239012 -0.2958540 0.0832048 -0.9516025 0.4210274 0.1589798 -0.8930069
-0.1194699 -0.0035677 -0.1848065 0.1610270 0.0219243 -0.2401963 -0.0887476 0.0239460 -0.2786931 0.1631007 0.0692707 -0.3311339 -0.5428249 -0.0162103 -0.8396894 0.5552501 0.0755990 -0.8282404 -0.3024170 0.0815986 -0.9496766 0.4342796 0.1844434 -0.8816926
-0.1172188 -0.0041656 -0.1876094 0.1534609 0.0388284 -0.2389972 -0.0866198 0.0260363 -0.2807072 0.1558133 0.0848683 -0.3305963 -0.5297844 -0.0188269 -0.8479234 0.5353295 0.1354481 -0.8337123 -0.2937069 0.0882828 -0.9518101 0.4152817 0.2261954 -0.8811224
-0.1157267 -0.0027519 -0.1881821 0.1498867 0.0334691 -0.2870139 -0.0851201 0.0372313 -0.2775138 -0.0923804 0.0780906 -0.2954987 -0.5238017 -0.0124556 -0.8517492 0.4604534 0.1028174 -0.8817093 -0.2908571 0.1272202 -0.9482706 -0.2893228 0.2445690 -0.9254611
-0.1141348 0.0273707 -0.1913840 0.1250203 0.1187053 -0.2951350 -0.0834533 0.0656656 -0.2814268 0.1133248 0.1463352 -0.3668171 -0.5083779 0.1219142 -0.8524605 0.3657728 0.3472969 -0.8634785 -0.2774427 0.2183070 -0.9356108 0.2758189 0.3561624 -0.8927890
-0.1128424 0.0429050 -0.1904097 0.1196527 0.1784977 -0.2280351 -0.0825049 0.0902973 -0.2761368 -0.0798997 0.1253226 -0.2921089 -0.5005090 0.1903038 -0.8445562 0.3818695 0.5696723 -0.7277700 -0.2731827 0.2989843 -0.9143192 -0.2437855 0.3823774 -0.8912666
-0.0782383 0.1149552 -0.2413809 0.1080376 0.1681691 -0.2455270 0.0030701 0.1669124 -0.2760921 0.0068382 0.1519663 -0.2489498 -0.2808580 0.4126633 -0.8665032 0.3412417 0.5311696 -0.7755082 0.0095155 0.5173346 -0.8557303 0.0234388 0.5208832 -0.8533061
-0.0890019 0.1105228 -0.2088900 0.1079483 0.2274774 -0.2404702 -0.0676774 0.1854105 -0.2756181 0.0066200 0.2118367 -0.2423056 -0.3524402 0.4376611 -0.8271872 0.3100418 0.6533451 -0.6906622 -0.1996371 0.5469298 -0.8130269 0.0205642 0.6580474 -0.7526957
-0.1052293 0.0759660 -0.1838988 0.1419068 0.1916794 -0.1903359 -0.0621696 0.2202704 -0.2805323 -0.0741390 0.2300916 -0.2682242 -0.4675111 0.3375007 -0.8170230 0.4650650 0.6281827 -0.6237797 -0.1717139 0.6083924 -0.7748374 -0.2053225 0.6372213 -0.7428268
-0.1034444 0.1052369 -0.1732423 0.0974574 0.2187770 -0.2004881 -0.0477407 0.2553463 -0.2622507 -0.1235082 0.2866801 -0.3041621 -0.4545593 0.4624359 -0.7612680 0.3120225 0.7004431 -0.6418889 -0.1293334 0.6917532 -0.7104578 -0.2833814 0.6577683 -0.6978795
-0.1018849 0.1078857 -0.1736983 0.1001799 0.2192997 -0.1971185 -0.0583623 0.2501180 -0.2513925 -0.1206084 0.2872029 -0.3011696 -0.4459767 0.4722439 -0.7603227 0.3216847 0.7041867 -0.6329613 -0.1623913 0.6959456 -0.6994918 -0.2783587 0.6628514 -0.6950859
-0.1000175 0.1099472 -0.1736685 0.1035534 0.2188980 -0.1954969 -0.0603019 0.2540493 -0.2418680 -0.0804866 0.2653964 -0.2269198 -0.4375442 0.4809834 -0.7597434 0.3327325 0.7033517 -0.6281604 -0.1694264 0.7137864 -0.6795613 -0.2246110 0.7406320 -0.6332568
0.0094050 0.0978410 -0.1964374 0.0701336 0.1698687 -0.1760293 0.0531445 0.1894122 -0.2111677 0.0664119 0.2422228 -0.1982941 0.0428169 0.4454273 -0.8942937 0.2755950 0.6675112 -0.6917197 0.1841424 0.6563015 -0.7316829 0.2075342 0.7569353 -0.6196600
0.0082310 0.0965594 -0.1960704 0.0669594 0.1675124 -0.1748166 0.0816516 0.2576897 -0.2202562 0.0562452 0.2395791 -0.1957041 0.0376340 0.4414905 -0.8964763 0.2665509 0.6668309 -0.6959074 0.2341678 0.7390253 -0.6316701 0.1788840 0.7619644 -0.6224232
0.0086289 0.0946428 -0.1955038 0.0654236 0.1571848 -0.1777067 0.0788590 0.2542417 -0.2240182 0.0517792 0.2290462 -0.1975684 0.0396954 0.4353822 -0.8993701 0.2658376 0.6386937 -0.7220809 0.2266645 0.7307675 -0.6438960 0.1687268 0.7463659 -0.6437928
0.0118004 0.0932122 -0.1965874 0.0570523 0.1391933 -0.1810980 0.0702708 0.2282113 -0.2387505 0.0425100 0.2111413 -0.1999880 0.0541586 0.4278023 -0.9022483 0.2423347 0.5912358 -0.7692295 0.2081058 0.6758437 -0.7070553 0.1446363 0.7183882 -0.6804401
0.0137100 0.0907774 -0.1988072 0.0632665 0.1286848 -0.1879797 0.0804861 0.1684993 -0.1948261 0.0483577 0.2006288 -0.2065963 0.0626082 0.4145441 -0.9078730 0.2675918 0.5442846 -0.7950779 0.2982457 0.6243832 -0.7219385 0.1656004 0.6870510 -0.7074867
-0.0707326 0.1295202 -0.2260859 -0.0435841 0.1148924 -0.1978984 -0.0437372 0.2084051 -0.2763718 -0.0661175 0.1868434 -0.2056492 -0.2619844 0.4797261 -0.8373930 -0.1870998 0.4932157 -0.8495481 -0.1253596 0.5973307 -0.7921370 -0.2314950 0.6541887 -0.7200327
-0.0760190 0.1352163 -0.2332656 -0.0432094 0.0579982 -0.1659817 -0.0666184 0.1842949 -0.2823066 -0.0657947 0.1299573 -0.1734987 -0.2713665 0.4826840 -0.8326923 -0.2386540 0.3203355 -0.9167494 -0.1938518 0.5362768 -0.8214796 -0.2904352 0.5736657 -0.7658688
-0.0776949 0.1141179 -0.2425013 -0.0186066 0.1351747 -0.2809308 -0.0009918 0.1690759 -0.2826484 -0.0411992 0.2071342 -0.2884289 -0.2784312 0.4089583 -0.8690392 -0.0595765 0.4328156 -0.8995117 -0.0030113 0.5133474 -0.8581756 -0.1152485 0.5794260 -0.8068353
-0.0726362 0.1046523 -0.2469711 -0.0085862 0.0934801 -0.2516947 -0.0879605 0.1341755 -0.3150762 -0.0804220 0.1708534 -0.3195390 -0.2613849 0.3765961 -0.8887369 -0.0319630 0.3479873 -0.9369542 -0.2487767 0.3794857 -0.8911233 -0.2166742 0.4603160 -0.8609073
-0.1077114 0.0357149 -0.1970825 -0.0328921 0.0962636 -0.2643706 -0.0793337 0.0844952 -0.2827023 -0.0554983 0.1682230 -0.2718245 -0.4736280 0.1570454 -0.8666102 -0.1161167 0.3398331 -0.9332901 -0.2596518 0.2765451 -0.9252587 -0.1710537 0.5184872 -0.8378017
-0.1073556 0.0314501 -0.1967410 -0.0541864 0.0485753 -0.2106519 -0.0754425 0.0768162 -0.2829903 -0.0768005 0.1205347 -0.2180820 -0.4743504 0.1389621 -0.8692993 -0.2431327 0.2179559 -0.9451887 -0.2491658 0.2537029 -0.9346396 -0.2945452 0.4622747 -0.8363882
-0.1069421 0.0256183 -0.1966511 -0.0660677 0.0576104 -0.2576017 -0.0749690 0.0670953 -0.2848152 -0.0864985 0.0809842 -0.3062441 -0.4746445 0.1137025 -0.8728026 -0.2428000 0.2117192 -0.9466906 -0.2481904 0.2221238 -0.9429011 -0.2634191 0.2466260 -0.9326232
-0.1092422 0.0196223 -0.1896851 -0.0203215 0.0373754 -0.1898253 -0.0798474 0.0574995 -0.2803316 -0.0866571 0.0794651 -0.3038765 -0.4970728 0.0892852 -0.8631030 -0.1044622 0.1921277 -0.9757943 -0.2687571 0.1935367 -0.9435641 -0.2659582 0.2438853 -0.9326233
-0.1085389 0.0148262 -0.1896158 -0.0507024 0.0376967 -0.2066307 -0.0787867 0.0504971 -0.2810375 -0.0821596 0.0753296 -0.3149891 -0.4956442 0.0677040 -0.8658828 -0.2346528 0.1744619 -0.9562955 -0.2659842 0.1704783 -0.9487832 -0.2458910 0.2254499 -0.9427141
-0.1091091 0.0060449 -0.1867743 -0.0593974 0.0347627 -0.2088962 -0.0795410 0.0416058 -0.2782983 -0.0877777 0.0641626 -0.2727317 -0.5042173 0.0279348 -0.8631249 -0.2700605 0.1580546 -0.9497821 -0.2720122 0.1422824 -0.9517169 -0.2989645 0.2185332 -0.9289045
-0.1082314 0.0038935 -0.1871543 -0.0567299 0.0302760 -0.1993033 -0.0766772 0.0352936 -0.2795330 -0.0831987 0.0615503 -0.2630690 -0.5005355 0.0180062 -0.8655287 -0.2708906 0.1445707 -0.9516919 -0.2625935 0.1208687 -0.9573063 -0.2943067 0.2177278 -0.9305795
-0.1078122 0.0016959 -0.1872154 -0.0574693 0.0288743 -0.1971462 -0.0758594 0.0318114 -0.2798846 -0.0626971 0.0537038 -0.3503907 -0.4990240 0.0078497 -0.8665526 -0.2771319 0.1392393 -0.9506894 -0.2600396 0.1090468 -0.9594208 -0.1741662 0.1491837 -0.9733501
-0.1076931 0.0003270 -0.1853888 -0.0562958 0.0284722 -0.1967906 -0.0756245 0.0304575 -0.2780131 -0.0611361 0.0533920 -0.3497452 -0.5023022 0.0015252 -0.8646908 -0.2724140 0.1377763 -0.9522648 -0.2610257 0.1051272 -0.9595905 -0.1702764 0.1487075 -0.9741109
-0.1088227 -0.0013287 -0.1834681 0.1315994 0.1108992 -0.2337854 -0.0766533 0.0285697 -0.2761323 -0.0615247 0.0530785 -0.3489947 -0.5101425 -0.0062287 -0.8600674 0.4533261 0.3820191 -0.8053302 -0.2661623 0.0992021 -0.9588100 -0.1716988 0.1481277 -0.9739495
-0.1092347 -0.0012102 -0.1828084 0.1310805 0.1408496 -0.2279693 -0.0769063 0.0289571 -0.2753299 0.0501650 0.1083927 -0.2819566 -0.5129317 -0.0056827 -0.8584106 0.4394059 0.4721536 -0.7641946 -0.2676566 0.1007793 -0.9582293 0.1638250 0.3539807 -0.9207926
-0.1061516 0.0020270 -0.1883054 0.1308294 0.1448159 -0.2338447 -0.0735061 0.0361870 -0.2793153 0.0492559 0.1122620 -0.2867721 -0.4910472 0.0093767 -0.8710825 0.4295348 0.4754550 -0.7677515 -0.2525258 0.1243182 -0.9595706 0.1579338 0.3599562 -0.9195044
-0.1078195 0.0118053 -0.1898633 0.1299343 0.1491216 -0.2314285 -0.0696381 0.0554468 -0.2744387 -0.0681887 0.0898742 -0.3342883 -0.4930907 0.0539891 -0.8683011 0.4268080 0.4898342 -0.7601956 -0.2413682 0.1921805 -0.9512140 -0.1932726 0.2547374 -0.9474991
-0.1046650 0.0080666 -0.1889824 0.1739047 0.1787840 -0.2182610 -0.0504453 0.0609881 -0.2580832 0.1795830 0.2312468 -0.2704731 -0.4841549 0.0373141 -0.8741863 0.5247135 0.5394356 -0.6585476 -0.1868713 0.2259265 -0.9560525 0.4505360 0.5801496 -0.6785601
-0.1021692 0.0064386 -0.1890986 0.1780809 0.1807829 -0.2119652 -0.0387721 0.0718838 -0.2361419 -0.0710273 0.1247271 -0.2813847 -0.4751374 0.0299427 -0.8794020 0.5385904 0.5467623 -0.6410705 -0.1551708 0.2876881 -0.9450701 -0.2248566 0.3948581 -0.8908011
-0.1028000 0.0100314 -0.1896416 0.0980391 0.1870340 -0.2208299 -0.0750033 0.0858662 -0.2528218 0.0004255 0.1628040 -0.2408266 -0.4760462 0.0464534 -0.8781925 0.3208639 0.6121275 -0.7227353 -0.2704383 0.3096064 -0.9115958 0.0014638 0.5600536 -0.8284551
-0.1011525 0.0702621 -0.1857406 -0.0363473 0.1169015 -0.1998969 -0.0377823 0.1457986 -0.2139154 -0.1351208 0.0953659 -0.2170801 -0.4538762 0.3152696 -0.8334275 -0.1550616 0.4987152 -0.8527831 -0.1444174 0.5572935 -0.8176598 -0.4951238 0.3494498 -0.7954478
-0.1008746 0.1025921 -0.1934251 -0.0388144 0.1242973 -0.2009654 -0.0700764 0.1926341 -0.2316253 -0.1375407 0.1027617 -0.2184178 -0.4184474 0.4255721 -0.8023653 -0.1620880 0.5190625 -0.8392268 -0.2265616 0.6227988 -0.7488601 -0.4950720 0.3698864 -0.7861856
-0.0981192 0.1060584 -0.1939216 -0.0474861 0.1290673 -0.2032210 -0.0330641 0.1848693 -0.2024106 -0.1461972 0.1075316 -0.2207639 -0.4057377 0.4385674 -0.8018950 -0.1935194 0.5259864 -0.8281839 -0.1197473 0.6695354 -0.7330641 -0.5115627 0.3762667 -0.7724810
-0.0978114 0.1063552 -0.1936298 -0.0443865 0.1333906 -0.2012875 -0.0755184 0.2008814 -0.2265418 -0.1430664 0.1118549 -0.2190007 -0.4048472 0.4402103 -0.8014447 -0.1807860 0.5432992 -0.8198429 -0.2420045 0.6437397 -0.7259704 -0.5028679 0.3931617 -0.7697712
