0.0440690 0.1152170 -0.1643855 -0.0848447 0.2005528 -0.1896300 0.0512101 0.1711824 -0.2037495 -0.1199924 0.2494072 -0.2229551 0.2144240 0.5606044 -0.7998406 -0.2938290 0.6945426 -0.6567153 0.1889688 0.6316747 -0.7518496 -0.3376238 0.7017594 -0.6273308
0.0444240 0.1155396 -0.1641978 -0.0812080 0.2010075 -0.1826788 0.0516298 0.1715050 -0.2035501 -0.1163009 0.2498619 -0.2160617 0.2160383 0.5618801 -0.7985100 -0.2864516 0.7090296 -0.6443776 0.1904236 0.6325530 -0.7507433 -0.3320992 0.7134849 -0.6169680
0.0401271 0.1178730 -0.1671170 -0.1283564 0.1425635 -0.1653329 0.0473601 0.1738386 -0.2064643 -0.1634263 0.1914180 -0.1987400 0.1925446 0.5655979 -0.8018888 -0.5068402 0.5629397 -0.6528491 0.1728304 0.6343869 -0.7534474 -0.5095972 0.5968811 -0.6197125
0.0375687 0.1191012 -0.1703162 -0.0709067 0.1352180 -0.1678342 0.0447324 0.1750668 -0.2096761 -0.1060353 0.1840725 -0.2011795 0.1778846 0.5639347 -0.8064333 -0.3125129 0.5959575 -0.7397096 0.1616104 0.6324867 -0.7575241 -0.3624226 0.6291492 -0.6876199
0.0381495 0.1185138 -0.1707993 -0.0696480 0.1461024 -0.1748896 0.0453287 0.1744796 -0.2101564 -0.1047636 0.1949569 -0.2082486 0.1804948 0.5607184 -0.8080943 -0.2922800 0.6131231 -0.7339294 0.1637112 0.6301591 -0.7590113 -0.3447381 0.6415309 -0.6852691
0.0388302 0.1180812 -0.1705001 -0.0703882 0.1459277 -0.1749140 0.0460717 0.1740470 -0.2098457 -0.1054510 0.1947823 -0.2083285 0.1840291 0.5596251 -0.8080551 -0.2952273 0.6120604 -0.7336367 0.1666268 0.6294732 -0.7589460 -0.3467942 0.6405758 -0.6851251
0.0372856 0.1155253 -0.1705002 -0.0697180 0.1502474 -0.1776323 0.0445282 0.1714912 -0.2098466 -0.1047798 0.1991021 -0.2110490 0.1781439 0.5519594 -0.8146199 -0.2870532 0.6186210 -0.7313744 0.1621325 0.6244197 -0.7640766 -0.3396608 0.6454220 -0.6841499
0.0378879 0.1147744 -0.1679318 -0.0663943 0.1486592 -0.1743472 0.0452493 0.1707403 -0.2072563 -0.1013551 0.1975140 -0.2078696 0.1831170 0.5547198 -0.8116367 -0.2783279 0.6231860 -0.7308712 0.1661658 0.6269980 -0.7610930 -0.3332636 0.6494417 -0.6834916
0.0394988 0.1143862 -0.1669333 -0.0636052 0.1512897 -0.1746802 0.0469185 0.1703522 -0.2062458 -0.0985164 0.2001446 -0.2082532 0.1915724 0.5547823 -0.8096398 -0.2653737 0.6312107 -0.7288002 0.1727578 0.6272514 -0.7594146 -0.3228177 0.6558321 -0.6824023
0.0395612 0.1151535 -0.1667537 -0.1315505 0.1338665 -0.1590960 0.0469848 0.1711196 -0.2060654 -0.1664584 0.1827214 -0.1926725 0.1916024 0.5577098 -0.8076189 -0.5346641 0.5440770 -0.6466177 0.1727751 0.6292504 -0.7577550 -0.5311408 0.5830334 -0.6147857
0.0394198 0.1155306 -0.1669376 -0.1321135 0.1324098 -0.1567392 0.0468469 0.1714967 -0.2062497 -0.1670183 0.1812648 -0.1903199 0.1906108 0.5586379 -0.8072120 -0.5413693 0.5425833 -0.6422793 0.1720446 0.6298190 -0.7574488 -0.5363362 0.5820850 -0.6111632
0.0545645 0.1216356 -0.1729189 -0.1388211 0.1396190 -0.1638859 0.0619647 0.1776018 -0.2122360 -0.1737491 0.1884742 -0.1974417 0.2499032 0.5570861 -0.7919618 -0.5419091 0.5450235 -0.6397530 0.2184972 0.6262513 -0.7483771 -0.5369830 0.5824920 -0.6102068
0.0473940 0.1202545 -0.1726965 -0.0594336 0.1421621 -0.1731460 0.0548326 0.1762207 -0.2120064 -0.0943287 0.1910172 -0.2067369 0.2197102 0.5574786 -0.8005904 -0.2564226 0.6133494 -0.7470275 0.1950768 0.6269371 -0.7542512 -0.3177553 0.6434598 -0.6964130
0.0487041 0.1211295 -0.1732206 -0.1162874 0.1650329 -0.1843105 0.0561922 0.1770957 -0.2125211 -0.1511403 0.2138881 -0.2179454 0.2245360 0.5584328 -0.7985840 -0.4253908 0.6037067 -0.6742261 0.1990608 0.6273616 -0.7528561 -0.4435878 0.6277491 -0.6396569
0.0394355 0.1191606 -0.1716550 0.0498317 0.2160853 -0.2062696 0.0468584 0.1751266 -0.2109679 0.0149233 0.2649403 -0.2398456 0.1854481 0.5603612 -0.8072201 0.1645380 0.7134863 -0.6810760 0.1684591 0.6295915 -0.7584432 0.0417212 0.7406985 -0.6705409
0.0388955 0.1178607 -0.1695681 0.0441176 0.2094426 -0.2053059 0.0463107 0.1738267 -0.2088824 0.0092026 0.2582976 -0.2388751 0.1850962 0.5608769 -0.8069427 0.1487516 0.7061791 -0.6922313 0.1679950 0.6305678 -0.7577347 0.0261481 0.7339196 -0.6787329
0.0422284 0.1155820 -0.1673017 0.0464404 0.2047676 -0.2031443 0.0496679 0.1715481 -0.2066115 0.0115460 0.2536226 -0.2367358 0.2033310 0.5565306 -0.8055621 0.1589586 0.7008889 -0.6953323 0.1818665 0.6281499 -0.7565397 0.0332610 0.7306201 -0.6819736
0.0420010 0.1149562 -0.1669257 0.0515818 0.2080986 -0.2003487 0.0494656 0.1709220 -0.2062306 0.0167091 0.2569535 -0.2339617 0.2029171 0.5553816 -0.8064589 0.1757849 0.7091762 -0.6827656 0.1816035 0.6275071 -0.7571360 0.0480269 0.7385600 -0.6724750
0.0403044 0.1159495 -0.1672564 0.0478985 0.2025506 -0.2016829 0.0477657 0.1719152 -0.2065610 0.0130229 0.2514054 -0.2352940 0.1942670 0.5588759 -0.8061749 0.1652685 0.6988783 -0.6958846 0.1749955 0.6298323 -0.7567614 0.0377932 0.7295929 -0.6828367
0.0498348 0.1182449 -0.1705074 0.0477983 0.2027135 -0.2044206 0.0572614 0.1742105 -0.2098195 0.0128932 0.2515683 -0.2379999 0.2335312 0.5541085 -0.7990163 0.1637876 0.6946268 -0.7004764 0.2054871 0.6251682 -0.7529541 0.0372045 0.7259224 -0.6867696
0.0465389 0.1181066 -0.1720273 0.0456131 0.2017043 -0.2100394 0.0537088 0.1740722 -0.2113871 0.0104898 0.2505589 -0.2433903 0.2176795 0.5524285 -0.8046355 0.1547480 0.6843069 -0.7125848 0.1924685 0.6237975 -0.7575174 0.0300165 0.7169702 -0.6964573
0.0485684 0.1194875 -0.1738286 0.0470225 0.2005756 -0.2101397 0.0559298 0.1754529 -0.2131520 0.0120621 0.2494300 -0.2436612 0.2243815 0.5520214 -0.8030724 0.1597886 0.6815821 -0.7140823 0.1985556 0.6228723 -0.7567072 0.0345717 0.7149029 -0.6983686
0.0453226 0.1181316 -0.1728869 0.0475134 0.2006778 -0.2100661 0.0527196 0.1740969 -0.2122036 0.0125835 0.2495321 -0.2436181 0.2115499 0.5513965 -0.8069750 0.1614043 0.6817071 -0.7135994 0.1886221 0.6228900 -0.7592297 0.0360597 0.7150697 -0.6981225
0.0419032 0.1183545 -0.1718228 0.0476390 0.2011006 -0.2095442 0.0492751 0.1743197 -0.2111443 0.0126877 0.2499548 -0.2430750 0.1969072 0.5561592 -0.8074122 0.1618654 0.6832900 -0.7119792 0.1771190 0.6265901 -0.7589557 0.0363661 0.7164298 -0.6967107
0.0419364 0.1173255 -0.1709669 0.0486192 0.2017082 -0.2067596 0.0493064 0.1732906 -0.2102887 0.0136663 0.2505622 -0.2402887 0.1982336 0.5545981 -0.8081611 0.1659835 0.6886222 -0.7058675 0.1780558 0.6257892 -0.7593971 0.0393356 0.7211899 -0.6916198
0.0413951 0.1126410 -0.1687666 0.0414036 0.1907665 -0.2135018 0.0486237 0.1686062 -0.2081146 0.0063304 0.2396206 -0.2469061 0.1998952 0.5439391 -0.8149676 0.1431212 0.6594282 -0.7380181 0.1786187 0.6193736 -0.7645075 0.0183958 0.6963223 -0.7174935
0.0349270 0.1118346 -0.1678536 0.0549554 0.2076965 -0.2035247 0.0422286 0.1677997 -0.2071882 0.0199443 0.2565504 -0.2369929 0.1706263 0.5463366 -0.8200018 0.1856982 0.7018206 -0.6877238 0.1564375 0.6216214 -0.7675377 0.0570113 0.7333559 -0.6774503
0.0356812 0.1123896 -0.1678558 0.0553731 0.2067348 -0.2045344 0.0430863 0.1683545 -0.2071709 0.0204503 0.2555886 -0.2380947 0.1739406 0.5478827 -0.8182721 0.1870458 0.6983336 -0.6909009 0.1593390 0.6225987 -0.7661475 0.0584455 0.7304533 -0.6804572
0.0356698 0.1142867 -0.1693754 0.0463312 0.1872569 -0.2217448 0.0430915 0.1702516 -0.2086874 0.0114227 0.2361109 -0.2553190 0.1719713 0.5509999 -0.8165935 0.1576380 0.6371255 -0.7544676 0.1579887 0.6242024 -0.7651215 0.0328289 0.6785844 -0.7337884
0.0359738 0.1143921 -0.1694025 0.0458960 0.1863240 -0.2248063 0.0434111 0.1703573 -0.2087116 0.0110007 0.2351781 -0.2583942 0.1733261 0.5511551 -0.8162023 0.1552804 0.6303911 -0.7605886 0.1590815 0.6242804 -0.7648314 0.0314695 0.6727691 -0.7391829
0.0350929 0.1149384 -0.1694297 0.0523109 0.1809376 -0.2157807 0.0425532 0.1709037 -0.2087344 0.0174352 0.2297918 -0.2493890 0.1689409 0.5533257 -0.8156529 0.1826374 0.6317222 -0.7533728 0.1558099 0.6257693 -0.7642879 0.0513458 0.6767277 -0.7344408
0.0339021 0.1147510 -0.1692173 0.0703425 0.1797729 -0.2029160 0.0414225 0.1707165 -0.2085097 0.0355181 0.2286269 -0.2365786 0.1635823 0.5536898 -0.8164976 0.2511572 0.6418771 -0.7245094 0.1519273 0.6261455 -0.7647614 0.1073346 0.6909043 -0.7149340
0.0320759 0.1140064 -0.1690584 0.0719634 0.1829024 -0.2011914 0.0394823 0.1699719 -0.2083734 0.0370414 0.2317567 -0.2347528 0.1553952 0.5523169 -0.8190228 0.2558562 0.6502851 -0.7153090 0.1452686 0.6253841 -0.7666758 0.1115867 0.6981632 -0.7071892
0.0300004 0.1135537 -0.1685187 0.0819410 0.1746222 -0.1951564 0.0373631 0.1695191 -0.2078409 0.0469818 0.2234763 -0.2286790 0.1460516 0.5528166 -0.8204040 0.2986229 0.6363872 -0.7112213 0.1379751 0.6260027 -0.7675177 0.1453750 0.6914993 -0.7075979
0.0306247 0.1146206 -0.1683319 0.0764987 0.1716449 -0.1929604 0.0382533 0.1705861 -0.2076043 0.0417670 0.2204992 -0.2267187 0.1487069 0.5565722 -0.8173822 0.2840157 0.6372634 -0.7164010 0.1409436 0.6285220 -0.7649150 0.1309281 0.6912040 -0.7107003
0.0382630 0.1162832 -0.1707519 0.0773648 0.1709980 -0.1942848 0.0458636 0.1722488 -0.2100298 0.0426091 0.2198524 -0.2280184 0.1821179 0.5534657 -0.8127169 0.2863946 0.6330125 -0.7192172 0.1664902 0.6252828 -0.7624319 0.1333207 0.6879025 -0.7134534
0.0389861 0.1163157 -0.1709242 0.0792751 0.1700986 -0.1961428 0.0466561 0.1722812 -0.2101895 0.0445789 0.2189531 -0.2299379 0.1853032 0.5528551 -0.8124124 0.2920331 0.6266083 -0.7225501 0.1691980 0.6247765 -0.7622509 0.1390385 0.6828987 -0.7171595
0.0358755 0.1169461 -0.1717339 0.1007429 0.2367284 -0.3158186 0.0434443 0.1729119 -0.2110179 0.0659598 0.2855829 -0.3495240 0.1701503 0.5546522 -0.8144998 0.2473153 0.5811480 -0.7753078 0.1572641 0.6259237 -0.7638636 0.1446002 0.6260685 -0.7662434
0.0349460 0.1164712 -0.1710207 0.1010573 0.2367538 -0.3155907 0.0425551 0.1724370 -0.2102969 0.0663086 0.2856083 -0.3493317 0.1665328 0.5550348 -0.8149866 0.2481382 0.5813302 -0.7749081 0.1545975 0.6264422 -0.7639828 0.1453907 0.6262352 -0.7659576
0.0344278 0.1171720 -0.1699353 0.0585005 0.2036901 -0.1990001 0.0419763 0.1731379 -0.2092233 0.0236998 0.2525448 -0.2326876 0.1645162 0.5599170 -0.8120513 0.2012322 0.7006614 -0.6845285 0.1527542 0.6300586 -0.7613752 0.0688517 0.7336831 -0.6759945
0.0345277 0.1187248 -0.1697312 0.0640202 0.1893149 -0.1963971 0.0420304 0.1746908 -0.2090280 0.0291802 0.2381695 -0.2300438 0.1644245 0.5653791 -0.8082766 0.2284825 0.6756485 -0.7009243 0.1524842 0.6337697 -0.7583433 0.0877837 0.7164934 -0.6920486
0.0321598 0.1183751 -0.1682403 0.0597485 0.1825471 -0.2074362 0.0395733 0.1743410 -0.2075550 0.0248323 0.2314018 -0.2410039 0.1544580 0.5685349 -0.8080290 0.2113446 0.6457118 -0.7337505 0.1444627 0.6364341 -0.7576821 0.0741193 0.6906860 -0.7193463
0.0292569 0.1186379 -0.1685906 0.0655902 0.1896053 -0.2027415 0.0366740 0.1746040 -0.2079036 0.0306770 0.2384601 -0.2363124 0.1405124 0.5697841 -0.8096927 0.2299552 0.6647444 -0.7107992 0.1338650 0.6373282 -0.7588761 0.0909980 0.7073513 -0.7009804
0.0286033 0.1186290 -0.1692993 -0.0583094 0.1336325 -0.1710690 0.0358472 0.1745952 -0.2086446 -0.0933702 0.1824873 -0.2044856 0.1370586 0.5684347 -0.8112318 -0.2594163 0.5945260 -0.7610795 0.1306334 0.6362558 -0.7603378 -0.3224768 0.6302641 -0.7062407
0.0300061 0.1182562 -0.1698290 -0.0452351 0.1693626 -0.1880268 0.0373117 0.1742225 -0.2091629 -0.0802435 0.2182175 -0.2214995 0.1434944 0.5655229 -0.8121534 -0.1759655 0.6588241 -0.7314280 0.1357959 0.6340827 -0.7612480 -0.2498840 0.6795451 -0.6897654
0.0319692 0.1185217 -0.1702801 0.0568008 0.1880579 -0.2170783 0.0392525 0.1744878 -0.2096190 0.0217734 0.2369129 -0.2505312 0.1522951 0.5646150 -0.8111819 0.1940107 0.6423370 -0.7414600 0.1424522 0.6332385 -0.7607341 0.0630206 0.6857177 -0.7251342
0.0348911 0.1191834 -0.1716458 0.0506835 0.1851901 -0.2115546 0.0422166 0.1751496 -0.2109769 0.0156920 0.2340452 -0.2450441 0.1646899 0.5625595 -0.8101877 0.1774064 0.6482175 -0.7405006 0.1521668 0.6313148 -0.7604517 0.0462591 0.6899517 -0.7223757
0.0356877 0.1176935 -0.1700194 0.0600334 0.1875660 -0.2038152 0.0430843 0.1736598 -0.2093372 0.0251025 0.2364210 -0.2373679 0.1700727 0.5608781 -0.8102414 0.2118195 0.6618004 -0.7191333 0.1564521 0.6306109 -0.7601662 0.0747189 0.7037196 -0.7065379
0.0350758 0.1174744 -0.1694814 0.0599321 0.1891963 -0.2020402 0.0424500 0.1734406 -0.2088034 0.0249820 0.2380515 -0.2355730 0.1676858 0.5616062 -0.8102345 0.2116178 0.6680448 -0.7133962 0.1545095 0.6312881 -0.7600014 0.0743869 0.7088281 -0.7014480
0.0351815 0.1166860 -0.1682962 0.0574245 0.1889853 -0.1989912 0.0427511 0.1726524 -0.2075811 0.0226415 0.2378406 -0.2326972 0.1693123 0.5615553 -0.8099315 0.2048128 0.6740431 -0.7097306 0.1563905 0.6315903 -0.7593653 0.0678884 0.7131442 -0.6977223
0.0342707 0.1183444 -0.1688084 0.0508550 0.1939434 -0.2014178 0.0418495 0.1743107 -0.2080915 0.0160797 0.2427987 -0.2351329 0.1639837 0.5662727 -0.8077404 0.1789410 0.6824199 -0.7087194 0.1523686 0.6346437 -0.7576353 0.0475205 0.7175445 -0.6948897
0.0359729 0.1187052 -0.1690494 -0.0760682 0.1383568 -0.1745137 0.0436600 0.1746716 -0.2083114 -0.1107502 0.1872121 -0.2083237 0.1715669 0.5661452 -0.8062533 -0.3232293 0.5879067 -0.7415447 0.1585699 0.6343940 -0.7565711 -0.3677142 0.6215840 -0.6916788
0.0388582 0.1187467 -0.1694750 -0.0946008 0.1851289 -0.1971667 0.0466589 0.1747133 -0.2087147 -0.1291851 0.2339843 -0.2310778 0.1845534 0.5639756 -0.8049047 -0.3301656 0.6461173 -0.6881302 0.1689569 0.6326555 -0.7557782 -0.3656329 0.6622464 -0.6540201
0.0386358 0.1187289 -0.1694362 -0.1357596 0.1444099 -0.1744932 0.0464318 0.1746956 -0.2086768 -0.1703477 0.1932653 -0.2083993 0.1835685 0.5641113 -0.8050348 -0.5141053 0.5468629 -0.6607850 0.1681822 0.6327704 -0.7558547 -0.5140851 0.5832470 -0.6289193
0.0394343 0.1178437 -0.1693948 -0.1336441 0.1441390 -0.1746502 0.0472707 0.1738106 -0.2086274 -0.1681977 0.1929946 -0.2085917 0.1877042 0.5609264 -0.8063056 -0.5082609 0.5481740 -0.6642109 0.1715026 0.6306017 -0.7569203 -0.5093442 0.5844355 -0.6316674
0.0396480 0.1176585 -0.1672763 -0.0859241 0.1981542 -0.1892747 0.0475209 0.1736253 -0.2065015 -0.1204460 0.2470098 -0.2232495 0.1903232 0.5647995 -0.8029811 -0.2991983 0.6899975 -0.6590780 0.1734677 0.6337921 -0.7538014 -0.3401812 0.6976414 -0.6305341
0.0381605 0.1171020 -0.1667930 -0.1295522 0.1499590 -0.1712104 0.0460514 0.1730689 -0.2060147 -0.1640586 0.1988146 -0.2052009 0.1840498 0.5647881 -0.8044501 -0.4946886 0.5726110 -0.6537583 0.1687014 0.6340090 -0.7547003 -0.4979484 0.6034394 -0.6228229
0.0387312 0.1168908 -0.1661716 -0.1420784 0.1344232 -0.1646643 0.0468449 0.1728578 -0.2053488 -0.1763912 0.1832789 -0.1988504 0.1872658 0.5651675 -0.8034409 -0.5556972 0.5257560 -0.6440351 0.1719241 0.6343997 -0.7536439 -0.5463188 0.5676514 -0.6158796
0.0387916 0.1163679 -0.1660479 -0.1367988 0.1403358 -0.1688599 0.0469088 0.1723349 -0.2052243 -0.1711084 0.1891917 -0.2030490 0.1879060 0.5636840 -0.8043331 -0.5288088 0.5424816 -0.6527442 0.1724206 0.6334439 -0.7543341 -0.5248120 0.5802757 -0.6227780
0.0315949 0.1169895 -0.1676849 -0.0614220 0.1391309 -0.1722881 0.0395916 0.1729566 -0.2068852 -0.0958367 0.1879867 -0.2063725 0.1527142 0.5654700 -0.8105073 -0.2672715 0.6054134 -0.7496936 0.1452640 0.6345890 -0.7590752 -0.3247056 0.6369199 -0.6992133
0.0401607 0.1185145 -0.1698882 -0.0781470 0.1371611 -0.1749019 0.0481682 0.1744817 -0.2090872 -0.1125523 0.1860170 -0.2089949 0.1903362 0.5616830 -0.8051611 -0.3316833 0.5821598 -0.7423450 0.1741735 0.6309163 -0.7560477 -0.3732114 0.6168126 -0.6930047
0.0411839 0.1188640 -0.1712806 -0.0808579 0.1289766 -0.1718889 0.0492278 0.1748312 -0.2104711 -0.1152315 0.1778325 -0.2060148 0.1937946 0.5593255 -0.8059768 -0.3521597 0.5617309 -0.7486267 0.1770744 0.6288752 -0.7570737 -0.3898996 0.6017174 -0.6970757
0.0414398 0.1183374 -0.1713624 -0.0806022 0.1283766 -0.1713896 0.0494516 0.1743047 -0.2105605 -0.1150038 0.1772325 -0.2054864 0.1951623 0.5573151 -0.8070388 -0.3522749 0.5610745 -0.7490646 0.1780225 0.6274854 -0.7580040 -0.3902092 0.6013519 -0.6972178
0.0372307 0.1166968 -0.1697126 -0.0854501 0.1056441 -0.1509109 0.0452794 0.1726641 -0.2089022 -0.1198198 0.1545001 -0.1850400 0.1778816 0.5575565 -0.8108569 -0.4207961 0.5202406 -0.7431557 0.1647852 0.6283754 -0.7602567 -0.4451014 0.5739300 -0.6873784
0.0314922 0.1365041 -0.1680458 -0.0614194 0.1617149 -0.1790562 0.0394739 0.1924715 -0.2072500 -0.0958475 0.2105710 -0.2131265 0.1439450 0.6239343 -0.7681053 -0.2466958 0.6495402 -0.7191931 0.1382236 0.6739665 -0.7257158 -0.3047005 0.6694083 -0.6775323
0.0340001 0.1213573 -0.1659502 0.0698465 0.2006723 -0.1919540 0.0418079 0.1773248 -0.2051895 0.0352678 0.2495285 -0.2258712 0.1631625 0.5823787 -0.7963749 0.2439233 0.7008026 -0.6703559 0.1523619 0.6462301 -0.7477784 0.1042140 0.7373402 -0.6674346
0.0340737 0.1206863 -0.1660761 0.0669868 0.1993529 -0.1950521 0.0417735 0.1766539 -0.2053367 0.0323149 0.2482092 -0.2288741 0.1637337 0.5799312 -0.7980420 0.2335381 0.6950097 -0.6800158 0.1524187 0.6445557 -0.7492106 0.0952767 0.7318163 -0.6748091
0.0344011 0.1193580 -0.1669894 0.0910388 0.2483812 -0.1630491 0.0420961 0.1753257 -0.2062500 0.0563626 0.2972375 -0.1968668 0.1652923 0.5734971 -0.8023587 0.2929637 0.7992928 -0.5246935 0.1536619 0.6399846 -0.7528663 0.1561517 0.8234913 -0.5454161
0.0336778 0.1195575 -0.1678405 0.0213815 0.2797799 -0.2319170 0.0413788 0.1755253 -0.2071009 -0.0132894 0.3286363 -0.2657401 0.1612897 0.5725857 -0.8038229 0.0587353 0.7685581 -0.6370782 0.1506806 0.6391741 -0.7541564 -0.0314288 0.7772064 -0.6284604
0.0349983 0.1198636 -0.1691541 0.0926094 0.2425787 -0.1619072 0.0426516 0.1758315 -0.2084238 0.0578972 0.2914351 -0.1956891 0.1664598 0.5700991 -0.8045360 0.3026469 0.7927457 -0.5291116 0.1545346 0.6370692 -0.7551569 0.1627324 0.8191399 -0.5500254
0.0359130 0.1201915 -0.1688540 0.0924523 0.2425453 -0.1622660 0.0435624 0.1761595 -0.2081245 0.0577367 0.2914018 -0.1960444 0.1707291 0.5713864 -0.8027261 0.3020190 0.7923360 -0.5300831 0.1577626 0.6379675 -0.7537297 0.1622164 0.8187191 -0.5508039
0.0347913 0.1199565 -0.1684020 0.0925893 0.2425867 -0.1623009 0.0425130 0.1759246 -0.2076584 0.0579359 0.2914433 -0.1961432 0.1659380 0.5721354 -0.8031971 0.3023749 0.7922313 -0.5300367 0.1543340 0.6386551 -0.7538572 0.1627208 0.8185579 -0.5508947
0.0353183 0.1191535 -0.1673637 0.0926118 0.2448390 -0.1621737 0.0428831 0.1751216 -0.2066505 0.0578235 0.2936955 -0.1958773 0.1694248 0.5715895 -0.8028578 0.3007519 0.7951020 -0.5266509 0.1563673 0.6385561 -0.7535220 0.1616414 0.8210048 -0.5475611
0.0357712 0.1189503 -0.1664898 0.0915984 0.2471083 -0.1611392 0.0433345 0.1749184 -0.2057770 0.0568087 0.2959649 -0.1948415 0.1722086 0.5726473 -0.8015107 0.2965317 0.7999646 -0.5216565 0.1584271 0.6394860 -0.7523021 0.1583002 0.8247199 -0.5429348
