0.0419338 -0.0025306 -0.2664055 0.0794337 -0.0124608 -0.2840272 0.0824749 0.0101654 -0.3396843 0.0966647 0.0140372 -0.3558189 0.1554848 -0.0093831 -0.9877937 0.2690946 -0.0422130 -0.9621882 0.2358441 0.0290688 -0.9713561 0.2619762 0.0380430 -0.9643242
0.0220811 0.0141613 -0.2442755 0.0797493 -0.0119700 -0.2827372 0.0695700 0.0207196 -0.3240111 0.0903404 0.0321219 -0.3547043 0.0898774 0.0576413 -0.9942834 0.2712443 -0.0407125 -0.9616491 0.2095211 0.0624004 -0.9758110 0.2458679 0.0874220 -0.9653530
0.0218334 0.0162064 -0.2375787 0.0921646 0.0685666 -0.2703478 0.0622467 0.0538804 -0.3124353 0.0986843 0.0677586 -0.3454974 0.0913038 0.0677725 -0.9935142 0.3137618 0.2334256 -0.9203619 0.1926548 0.1667608 -0.9669927 0.2698890 0.1853111 -0.9448914
0.0173472 0.0221725 -0.2339854 0.0823227 0.0772595 -0.2708275 0.0568095 0.0597264 -0.3094076 0.0856230 0.0794118 -0.3461756 0.0736070 0.0940817 -0.9928397 0.2805656 0.2633095 -0.9230120 0.1774191 0.1865288 -0.9662968 0.2343637 0.2173627 -0.9475374
-0.0004338 0.0500442 -0.2284956 0.0253286 0.0888640 -0.2598533 0.0420699 0.0831724 -0.3043379 0.0683127 0.1033738 -0.3343744 -0.0018545 0.2139445 -0.9768440 0.0918390 0.3222120 -0.9422022 0.1321744 0.2613094 -0.9561628 0.1915701 0.2898924 -0.9376904
0.0045700 0.0597104 -0.2220595 0.0246711 0.0921682 -0.2597009 0.0413841 0.1022683 -0.2961515 0.0541152 0.1222511 -0.3227110 0.0198700 0.2596187 -0.9655068 0.0891704 0.3331299 -0.9386549 0.1309486 0.3235996 -0.9370890 0.1549211 0.3499807 -0.9238576
0.0129697 0.1045746 -0.2471754 0.0181974 0.1088454 -0.2600538 0.0487856 0.1430596 -0.3164941 0.0428212 0.1342371 -0.3051343 0.0482682 0.3891871 -0.9198933 0.0644154 0.3852929 -0.9205433 0.1390957 0.4078859 -0.9023755 0.1274078 0.3994017 -0.9078797
0.0112134 0.1107935 -0.2428967 0.0207117 0.1227767 -0.2579835 0.0421971 0.1532496 -0.3131106 0.0272984 0.1437105 -0.2860785 0.0419653 0.4146350 -0.9090196 0.0723027 0.4286018 -0.9005958 0.1201694 0.4364257 -0.8916793 0.0849603 0.4472672 -0.8903560
0.0113320 0.1254194 -0.2333588 0.0175627 0.1464776 -0.2520775 0.0094239 0.1834451 -0.2702254 0.0217616 0.1588308 -0.2767328 0.0427349 0.4729786 -0.8800369 0.0601310 0.5015085 -0.8630605 0.0288417 0.5614309 -0.8270208 0.0680442 0.4966329 -0.8652894
0.0032248 0.1292151 -0.2155389 0.0163325 0.1516291 -0.2470390 0.0087768 0.1897942 -0.2681383 0.0120885 0.1814621 -0.2670831 0.0128314 0.5141367 -0.8576123 0.0562566 0.5222805 -0.8509161 0.0267073 0.5775333 -0.8159301 0.0374114 0.5615896 -0.8265697
0.0032442 0.1454647 -0.2066393 0.0167901 0.1852957 -0.2414510 0.0061132 0.2007906 -0.2533105 0.0077586 0.1962368 -0.2535515 0.0128368 0.5755833 -0.8176424 0.0550821 0.6078864 -0.7921111 0.0189090 0.6210731 -0.7835245 0.0241916 0.6118749 -0.7905845
-0.0008085 0.1519722 -0.1974347 0.0051315 0.1795571 -0.2050251 0.0032021 0.2096221 -0.2449343 0.0013460 0.2115167 -0.2409774 -0.0032451 0.6099580 -0.7924271 0.0188254 0.6587206 -0.7521521 0.0099319 0.6501841 -0.7597118 0.0041978 0.6596664 -0.7515468
-0.0013860 0.1669635 -0.1847777 0.0053290 0.1802357 -0.2042847 -0.0056624 0.2305562 -0.2246017 -0.0034328 0.2325120 -0.2273591 -0.0055654 0.6704252 -0.7419563 0.0195574 0.6614632 -0.7497226 -0.0175893 0.7161852 -0.6976886 -0.0105554 0.7149453 -0.6991007
0.0000569 0.1970130 -0.1759645 0.0043283 0.1820389 -0.2031875 -0.0076261 0.2492830 -0.2199825 -0.0021199 0.2476941 -0.2153576 0.0002154 0.7458247 -0.6661423 0.0158638 0.6671985 -0.7447110 -0.0229318 0.7496006 -0.6614931 -0.0064586 0.7546329 -0.6561155
0.0022670 0.2049190 -0.1730005 0.0015278 0.2422858 -0.1774417 -0.0027136 0.2638777 -0.2080406 -0.0213275 0.2929308 -0.2179561 0.0084531 0.7640802 -0.6450659 0.0050874 0.8067668 -0.5908480 -0.0080753 0.7852679 -0.6191035 -0.0583126 0.8009191 -0.5959264
0.0035752 0.2101087 -0.1601500 -0.0140551 0.2389827 -0.1679110 0.0001448 0.2698806 -0.1939770 -0.0038566 0.2714536 -0.1839595 0.0135318 0.7952363 -0.6061486 -0.0480661 0.8172826 -0.5742289 0.0004358 0.8120148 -0.5836367 -0.0117601 0.8277600 -0.5609590
0.0066036 0.2143362 -0.1568496 0.0066214 0.2590715 -0.1646877 0.0000266 0.2754354 -0.1877095 -0.0016771 0.2792961 -0.1783859 0.0248555 0.8067483 -0.5903722 0.0215640 0.8437248 -0.5363426 0.0000798 0.8263494 -0.5631578 -0.0050607 0.8427584 -0.5382683
0.0087923 0.2172539 -0.1576969 -0.0100949 0.2447150 -0.1721695 0.0019081 0.2777079 -0.1897379 0.0062538 0.3102068 -0.1852948 0.0327342 0.8088442 -0.5871112 -0.0337191 0.8174001 -0.5750827 0.0056730 0.8256717 -0.5641224 0.0173050 0.8583753 -0.5127304
0.0086006 0.2183769 -0.1566170 0.0078966 0.2628774 -0.1661929 0.0011785 0.2783269 -0.1894752 -0.0008451 0.2837962 -0.1799011 0.0319880 0.8122012 -0.5824998 0.0253823 0.8449768 -0.5342002 0.0035002 0.8266273 -0.5627389 -0.0025152 0.8445964 -0.5353976
0.0088811 0.2193115 -0.1579948 -0.0021559 0.2349398 -0.1622492 0.0009169 0.2796230 -0.1900537 -0.0009481 0.2836649 -0.1803594 0.0328392 0.8109380 -0.5842099 -0.0075507 0.8228261 -0.5682431 0.0027120 0.8270472 -0.5621259 -0.0028205 0.8438665 -0.5365459
0.0081813 0.2358013 -0.1580805 -0.0028677 0.2557431 -0.1713030 0.0009292 0.2960739 -0.1903789 -0.0005777 0.2986672 -0.1825530 0.0288069 0.8302727 -0.5566124 -0.0093158 0.8308013 -0.5564911 0.0026399 0.8411166 -0.5408474 -0.0016505 0.8532372 -0.5215204
0.0065471 0.2220391 -0.1638574 -0.0280510 0.2093984 -0.1751449 -0.0024158 0.2799542 -0.1998309 -0.0050807 0.2736855 -0.1897880 0.0237187 0.8043973 -0.5936181 -0.1022164 0.7630380 -0.6382200 -0.0070235 0.8139009 -0.5809613 -0.0152532 0.8216559 -0.5697797
0.0123734 0.2029143 -0.1718695 -0.0266432 0.2067201 -0.1763089 0.0007666 0.2667434 -0.2037960 -0.0217345 0.2841354 -0.2276730 0.0464804 0.7622411 -0.6456223 -0.0975947 0.7572222 -0.6458249 0.0022837 0.7946206 -0.6071020 -0.0595879 0.7789934 -0.6241944
0.0096361 0.1975079 -0.1835314 -0.0271563 0.2047879 -0.1758322 0.0059564 0.2553482 -0.2205387 -0.0017139 0.2552515 -0.2147326 0.0357173 0.7320833 -0.6802781 -0.1001045 0.7548967 -0.6481590 0.0176510 0.7566894 -0.6535363 -0.0051381 0.7652201 -0.6437483
0.0084385 0.1840102 -0.1918105 -0.0146732 0.1888104 -0.1958666 0.0112694 0.2379330 -0.2343887 0.0075077 0.2347446 -0.2307463 0.0317314 0.6919328 -0.7212643 -0.0538566 0.6930121 -0.7189114 0.0337223 0.7119877 -0.7013817 0.0228025 0.7129686 -0.7008251
0.0108680 0.1765417 -0.1990182 0.0236799 0.2107632 -0.2450620 0.0160947 0.2306235 -0.2411661 0.0171392 0.2260377 -0.2443792 0.0408174 0.6630475 -0.7474637 0.0730649 0.6503140 -0.7561437 0.0481765 0.6903308 -0.7218881 0.0514184 0.6781226 -0.7331480
0.0112733 0.1539068 -0.2053964 0.0281592 0.2025669 -0.2541356 0.0173738 0.2103785 -0.2446872 0.0219403 0.2111082 -0.2574351 0.0438807 0.5990720 -0.7994918 0.0863232 0.6209760 -0.7790617 0.0537621 0.6510028 -0.7571690 0.0657590 0.6327276 -0.7715773
0.0158647 0.1461648 -0.2165526 0.0276222 0.1725966 -0.2587250 0.0191172 0.1966524 -0.2645035 0.0238756 0.1873222 -0.2732346 0.0606111 0.5584227 -0.8273393 0.0884657 0.5527764 -0.8286206 0.0579044 0.5956437 -0.8011590 0.0718843 0.5639862 -0.8226495
0.0049997 0.0949240 -0.2185135 0.0289316 0.1673517 -0.2640676 -0.0181172 0.1302506 -0.2459947 0.0337504 0.1734904 -0.2848430 0.0209813 0.3983493 -0.9169938 0.0921484 0.5330232 -0.8410678 -0.0649503 0.4669505 -0.8818949 0.1006808 0.5175394 -0.8497155
0.0188449 0.0989152 -0.2328107 0.0254835 0.1169620 -0.2433917 0.0388140 0.1515597 -0.3068727 0.0297119 0.1415776 -0.2784708 0.0742939 0.3899617 -0.9178291 0.0939532 0.4312183 -0.8973425 0.1126830 0.4400014 -0.8908992 0.0946831 0.4511656 -0.8874034
0.0169683 0.0911907 -0.2325631 0.0237732 0.1141585 -0.2526167 0.0456407 0.1360705 -0.3088465 0.0484218 0.1386720 -0.3252546 0.0677706 0.3642118 -0.9288471 0.0854440 0.4103010 -0.9079385 0.1340146 0.3995436 -0.9068655 0.1356798 0.3885648 -0.9113772
0.0346395 0.1012713 -0.2934067 0.0284031 0.1108535 -0.2574331 0.0409701 0.1468779 -0.3444803 0.0549386 0.1300311 -0.3290872 0.1109104 0.3242558 -0.9394451 0.1008198 0.3934860 -0.9137856 0.1087547 0.3898856 -0.9144188 0.1534235 0.3631294 -0.9190203
0.0356909 0.0848995 -0.2958912 0.0321829 0.1087780 -0.2592184 0.0628390 0.1044641 -0.3559639 0.0709069 0.0967557 -0.3429516 0.1151719 0.2739643 -0.9548188 0.1137394 0.3844379 -0.9161173 0.1670094 0.2776379 -0.9460576 0.1951609 0.2663060 -0.9439245
0.0364610 0.0770502 -0.2957445 0.0346123 0.1081060 -0.2605368 0.0672441 0.0482505 -0.3500720 0.0715739 0.0853114 -0.3428140 0.1184630 0.2503386 -0.9608835 0.1217926 0.3803995 -0.9167676 0.1869334 0.1341326 -0.9731723 0.1985697 0.2366820 -0.9510792
0.0228103 0.0217367 -0.2473641 0.0352187 0.1077816 -0.2607927 0.0635328 0.0422168 -0.3284662 0.0731000 0.0690078 -0.3364029 0.0914745 0.0871690 -0.9919849 0.1238454 0.3790100 -0.9170680 0.1884087 0.1251954 -0.9740782 0.2082017 0.1965463 -0.9581344
0.0212210 0.0206702 -0.2448227 0.1326442 0.0418309 -0.2879700 0.0666374 0.0262306 -0.3258277 0.0916710 0.0356148 -0.3608246 0.0860512 0.0838179 -0.9927587 0.4147743 0.1308040 -0.9004735 0.1997494 0.0786277 -0.9766872 0.2451180 0.0952300 -0.9648049
0.0361347 0.0145195 -0.2717491 0.0801390 0.0090356 -0.3259499 0.0803745 0.0148475 -0.3535913 0.1035231 0.0179723 -0.3899960 0.1316263 0.0528895 -0.9898875 0.2386663 0.0269094 -0.9707287 0.2214692 0.0409118 -0.9743088 0.2563075 0.0444967 -0.9655706
0.0379215 0.0002860 -0.2731279 0.0871951 -0.0000214 -0.3214901 0.0819660 -0.0028889 -0.3550150 0.1013666 -0.0044181 -0.3896103 0.1375223 0.0010372 -0.9904981 0.2617646 -0.0000642 -0.9651317 0.2249553 -0.0079286 -0.9743368 0.2517768 -0.0109738 -0.9677231
0.0421052 0.0010164 -0.2982796 0.0820805 0.0035205 -0.3466083 0.0874012 -0.0054720 -0.3792845 0.1034400 -0.0100172 -0.4173591 0.1397736 0.0033741 -0.9901777 0.2304261 0.0098832 -0.9730396 0.2245300 -0.0140573 -0.9743658 0.2405003 -0.0232902 -0.9703696
0.0234026 -0.0343453 -0.2705671 0.0987469 0.0043034 -0.3082824 0.0783465 -0.0280973 -0.3453848 0.1056682 -0.0245565 -0.3964570 0.0854918 -0.1254666 -0.9884075 0.3050193 0.0132928 -0.9522534 0.2205253 -0.0790868 -0.9721697 0.2570806 -0.0597435 -0.9645415
0.0453860 -0.0227377 -0.2589403 0.0712524 -0.0260148 -0.2902626 0.0965644 -0.0209919 -0.3366147 0.1036260 -0.0280722 -0.3508956 0.1720019 -0.0861704 -0.9813205 0.2375000 -0.0867131 -0.9675095 0.2752532 -0.0598367 -0.9595078 0.2823963 -0.0765008 -0.9562426
0.0165892 -0.0342339 -0.2253538 0.1004940 -0.0152728 -0.2622288 0.0745696 -0.0331646 -0.2981045 0.0975868 -0.0339215 -0.3349674 0.0725871 -0.1497927 -0.9860493 0.3573240 -0.0543051 -0.9324004 0.2412679 -0.1073032 -0.9645081 0.2783913 -0.0967697 -0.9555804
0.0137231 -0.0384395 -0.2232360 0.0997830 -0.0114440 -0.2566290 0.0727730 -0.0375070 -0.2951235 0.1065132 -0.0411936 -0.3445201 0.0604712 -0.1693844 -0.9836931 0.3620794 -0.0415265 -0.9312218 0.2376117 -0.1224642 -0.9636094 0.2934615 -0.1134953 -0.9492098
0.0341670 -0.0146245 -0.2384826 0.0802343 -0.0169490 -0.2818026 0.0883281 -0.0248883 -0.3134288 0.1209691 -0.0306382 -0.3515253 0.1415597 -0.0605918 -0.9880736 0.2733782 -0.0577495 -0.9601715 0.2704585 -0.0762075 -0.9597107 0.3242985 -0.0821361 -0.9423822
0.0187119 -0.0209396 -0.2241425 0.0799437 -0.0154116 -0.2820035 0.0752172 -0.0226935 -0.2980322 0.1141411 -0.0245109 -0.3551657 0.0828346 -0.0926963 -0.9922428 0.2723613 -0.0525060 -0.9607614 0.2440421 -0.0736291 -0.9669655 0.3053041 -0.0655616 -0.9499953
0.0472487 0.0025020 -0.2436415 0.0748752 -0.0057500 -0.2895508 0.0868483 -0.0081638 -0.3271509 0.0960425 -0.0093861 -0.3548765 0.1903706 0.0100809 -0.9816605 0.2503094 -0.0192224 -0.9679750 0.2565069 -0.0241118 -0.9662416 0.2611533 -0.0255221 -0.9649599
0.0426340 0.0094519 -0.2514008 0.0721407 -0.0009028 -0.2923272 0.0837076 0.0060298 -0.3348092 0.0975110 -0.0005038 -0.3580108 0.1670839 0.0370423 -0.9852466 0.2395918 -0.0029984 -0.9708691 0.2425131 0.0174692 -0.9699908 0.2627952 -0.0013578 -0.9648507
0.0349919 0.0156015 -0.2502524 0.0723384 -0.0009520 -0.2926426 0.0820887 0.0252683 -0.3299031 0.0918300 0.0393985 -0.3618182 0.1382159 0.0616250 -0.9884830 0.2399663 -0.0031580 -0.9707761 0.2407997 0.0741222 -0.9677404 0.2446433 0.1049611 -0.9639154
0.0249111 0.0257407 -0.2439241 0.0712538 0.0005737 -0.2936355 0.0657819 0.0459806 -0.3250151 0.0705024 0.0499821 -0.3440692 0.1010426 0.1044077 -0.9893884 0.2358166 0.0018987 -0.9717957 0.1964941 0.1373466 -0.9708378 0.1987344 0.1408912 -0.9698734
0.0073114 0.0224126 -0.2252992 0.0726261 0.0867137 -0.3235173 0.0575242 0.0518670 -0.2978732 0.0992029 0.0298449 -0.3515967 0.0322759 0.0989391 -0.9945699 0.2119106 0.2530159 -0.9439687 0.1869013 0.1685205 -0.9678165 0.2706462 0.0814231 -0.9592293
0.0077326 0.0243096 -0.2264523 0.0671401 0.1077532 -0.2530772 0.0545435 0.0611870 -0.2978993 0.0739587 0.1072133 -0.3408987 0.0339322 0.1066750 -0.9937148 0.2371293 0.3805689 -0.8938327 0.1765330 0.1980350 -0.9641671 0.2026634 0.2937886 -0.9341391
0.0006208 0.0490366 -0.2256678 0.0259347 0.1117988 -0.2637868 0.0451351 0.0900551 -0.2963206 0.0321540 0.1185102 -0.3468533 0.0026882 0.2123395 -0.9771923 0.0901539 0.3886332 -0.9169714 0.1442135 0.2877394 -0.9467885 0.0873874 0.3220840 -0.9426692
0.0162451 0.1136767 -0.2535680 0.0180083 0.1205833 -0.2657573 0.0408387 0.1475841 -0.3194946 0.0148387 0.1350380 -0.2895649 0.0583605 0.4083835 -0.9109429 0.0615901 0.4124065 -0.9089156 0.1152673 0.4165559 -0.9017731 0.0463929 0.4221932 -0.9053179
0.0124374 0.1154312 -0.2411273 0.0180933 0.1313737 -0.2628521 0.0338796 0.1579249 -0.3119201 0.0329941 0.1614507 -0.2786971 0.0464738 0.4313222 -0.9010002 0.0614559 0.4462260 -0.8928077 0.0964522 0.4495979 -0.8880083 0.1019059 0.4986586 -0.8607873
0.0086707 0.1446155 -0.2378728 0.0108193 0.1527010 -0.2598205 0.0113281 0.1922778 -0.2873697 0.0183258 0.1730556 -0.2805443 0.0311315 0.5192322 -0.8540660 0.0358771 0.5063621 -0.8615743 0.0327452 0.5557988 -0.8306717 0.0555100 0.5241963 -0.8497864
-0.0045481 0.1413183 -0.2148108 0.0036484 0.1809268 -0.2604693 -0.0012310 0.1875423 -0.2656145 0.0081735 0.1874222 -0.2705221 -0.0176853 0.5495180 -0.8352947 0.0115031 0.5704545 -0.8212487 -0.0037860 0.5767811 -0.8168900 0.0248281 0.5693172 -0.8217430
