-0.2051272 -0.3063771 0.0369624 0.1431579 0.2499913 -0.1262394 -0.1903500 -0.3794536 0.0246628 0.1179912 0.2824385 -0.1679454 -0.5535690 -0.8268080 0.0997490 0.4551553 0.7948208 -0.4013647 -0.4476328 -0.8923346 0.0579977 0.3379477 0.8089537 -0.4810253
-0.2043139 -0.3066300 0.0367330 0.1462386 0.2505396 -0.1367408 -0.1899310 -0.3787166 0.0243801 0.1241248 0.2865811 -0.1882946 -0.5517657 -0.8280784 0.0992004 0.4559862 0.7812069 -0.4263712 -0.4475543 -0.8924095 0.0574494 0.3403675 0.7858454 -0.5163303
-0.2038169 -0.3067058 0.0369192 0.1444479 0.2743831 -0.1974785 -0.1895231 -0.3782882 0.0245369 0.1379534 0.2928983 -0.2145745 -0.5507101 -0.8287142 0.0997550 0.3929207 0.7463643 -0.5371719 -0.4471787 -0.8925690 0.0578946 0.3551741 0.7540945 -0.5524425
-0.2020574 -0.3071072 0.0367276 0.1616555 0.2768250 -0.2273907 -0.1886009 -0.3788133 0.0241184 0.1577735 0.2922063 -0.2425391 -0.5469189 -0.8312622 0.0994124 0.4113077 0.7043389 -0.5785609 -0.4449676 -0.8937370 0.0569028 0.3836713 0.7105833 -0.5898032
-0.1997306 -0.3032068 0.0367667 0.1873559 0.2395527 -0.2501369 -0.1863780 -0.3748775 0.0238435 0.1696044 0.3317151 -0.3213040 -0.5473027 -0.8308487 0.1007482 0.4757982 0.6083542 -0.6352332 -0.4444651 -0.8939897 0.0568607 0.3447437 0.6742555 -0.6530936
-0.1990157 -0.3041669 0.0359859 0.1907737 0.2556668 -0.3124988 -0.1853868 -0.3757546 0.0229039 0.1875995 0.2970698 -0.3382127 -0.5448505 -0.8327256 0.0985195 0.4272075 0.5725254 -0.6997917 -0.4417925 -0.8954553 0.0545820 0.3846773 0.6091489 -0.6935134
-0.1978622 -0.3044933 0.0341373 0.2122612 0.2525121 -0.3318012 -0.1844438 -0.3761819 0.0214054 0.2212772 0.2828558 -0.3706543 -0.5424834 -0.8348364 0.0935951 0.4536684 0.5396972 -0.7091628 -0.4396625 -0.8967125 0.0510246 0.4287516 0.5480676 -0.7181880
-0.1975680 -0.3045897 0.0323086 0.2404839 0.2421342 -0.3568672 -0.1832095 -0.3765586 0.0189527 0.2561646 0.2778913 -0.4082805 -0.5420418 -0.8356635 0.0886410 0.4870294 0.4903716 -0.7227296 -0.4370547 -0.8982978 0.0452126 0.4604293 0.4994808 -0.7338418
-0.1983593 -0.3014525 0.0307242 0.2502059 0.2347578 -0.3585931 -0.1832962 -0.3746355 0.0170848 0.2715374 0.2720934 -0.4192398 -0.5477031 -0.8323607 0.0848346 0.5041531 0.4730259 -0.7225483 -0.4391148 -0.8974982 0.0409293 0.4773893 0.4783669 -0.7370648
-0.1984905 -0.3017442 0.0287477 0.2631783 0.2237651 -0.3573083 -0.1822101 -0.3765967 0.0131321 0.2836263 0.2631220 -0.4183379 -0.5478348 -0.8328155 0.0793438 0.5295403 0.4502372 -0.7189392 -0.4353193 -0.8997293 0.0313739 0.4977557 0.4617713 -0.7341706
-0.1988283 -0.3002735 0.0274230 0.2712312 0.2197609 -0.3559533 -0.1817021 -0.3770038 0.0111675 0.2964594 0.2623910 -0.4259722 -0.5505009 -0.8313747 0.0759268 0.5440271 0.4407896 -0.7139601 -0.4340137 -0.9005113 0.0266746 0.5097828 0.4511997 -0.7324891
-0.1972944 -0.2974229 0.0252443 0.2737556 0.2182732 -0.3553555 -0.1815439 -0.3767027 0.0098834 0.2998508 0.2620850 -0.4243179 -0.5514056 -0.8312485 0.0705537 0.5487606 0.4375427 -0.7123329 -0.4340215 -0.9005926 0.0236285 0.5152678 0.4503706 -0.7291539
-0.1945018 -0.2996494 0.0230730 0.2756739 0.2160486 -0.3543300 -0.1804013 -0.3766476 0.0082296 0.3016337 0.2613304 -0.4235133 -0.5433242 -0.8370452 0.0644525 0.5533179 0.4336412 -0.7111924 -0.4318889 -0.9017116 0.0197022 0.5183353 0.4490770 -0.7277763
-0.1940915 -0.3000742 0.0233082 0.2757900 0.2156346 -0.3545356 -0.1797865 -0.3765809 0.0075560 0.3018654 0.2610597 -0.4230377 -0.5419536 -0.8378846 0.0650826 0.5535164 0.4327832 -0.7115605 -0.4307658 -0.9022822 0.0181040 0.5190433 0.4488798 -0.7273933
-0.1941843 -0.2998610 0.0237389 0.2757043 0.2153885 -0.3542058 -0.1800753 -0.3706346 0.0072240 0.3007741 0.2608526 -0.4226430 -0.5423641 -0.8375231 0.0663038 0.5537763 0.4326266 -0.7114534 -0.4369405 -0.8993196 0.0175286 0.5180095 0.4492545 -0.7278987
-0.1937365 -0.3007582 0.0233184 0.2759666 0.2158249 -0.3548264 -0.1796964 -0.3715620 0.0068786 0.2958944 0.2591634 -0.4194726 -0.5403860 -0.8388996 0.0650415 0.5534409 0.4328289 -0.7115914 -0.4353206 -0.9001213 0.0166636 0.5145589 0.4506839 -0.7294609
-0.1957987 -0.2973561 0.0248270 0.2755492 0.2164940 -0.3551093 -0.1803643 -0.3677178 0.0077558 0.2928029 0.2589844 -0.4158201 -0.5486168 -0.8331749 0.0695639 0.5523151 0.4339440 -0.7117869 -0.4402957 -0.8976532 0.0189332 0.5130480 0.4537913 -0.7285981
-0.1936415 -0.2981678 0.0227395 0.2739551 0.2197673 -0.3560157 -0.1796862 -0.3690125 0.0064135 0.2916241 0.2611226 -0.4148188 -0.5435464 -0.8369487 0.0638291 0.5478048 0.4394500 -0.7118944 -0.4377405 -0.8989656 0.0156241 0.5113032 0.4578251 -0.7272999
-0.1927149 -0.2991656 0.0217474 0.2716809 0.2244538 -0.3564686 -0.1784935 -0.3700535 0.0058498 0.2871500 0.2669662 -0.4150645 -0.5405326 -0.8391089 0.0609978 0.5419979 0.4477807 -0.7111475 -0.4344031 -0.9006061 0.0142368 0.5029177 0.4675676 -0.7269486
-0.1922942 -0.2991279 0.0217892 0.2699907 0.2299380 -0.3555245 -0.1777776 -0.3697660 0.0050749 0.2826538 0.2762397 -0.4118775 -0.5397408 -0.8396067 0.0611589 0.5376593 0.4578983 -0.7079912 -0.4332722 -0.9011782 0.0123684 0.4951646 0.4839281 -0.7215439
-0.1932905 -0.2955232 0.0230081 0.2636185 0.2440479 -0.3507805 -0.1782020 -0.3666102 0.0054397 0.2714793 0.2800585 -0.3905383 -0.5462177 -0.8351161 0.0650183 0.5250353 0.4860576 -0.6986315 -0.4371314 -0.8992987 0.0133435 0.4918507 0.5073940 -0.7075551
-0.1923552 -0.2966034 0.0217549 0.2511753 0.2467023 -0.3337728 -0.1774805 -0.3685315 0.0047520 0.2525420 0.2840847 -0.3705414 -0.5430916 -0.8374239 0.0614222 0.5177439 0.5085237 -0.6880007 -0.4338646 -0.9009032 0.0116165 0.4757476 0.5351688 -0.6980390
-0.1927813 -0.2961726 0.0223565 0.2391772 0.2565960 -0.3232200 -0.1764338 -0.3714683 0.0035902 0.2399000 0.2888470 -0.3511735 -0.5444351 -0.8364234 0.0631372 0.5014314 0.5379497 -0.6776258 -0.4290134 -0.9032559 0.0087298 0.4666331 0.5618407 -0.6830729
-0.1925050 -0.2931534 0.0226636 0.2235183 0.2646947 -0.3080402 -0.1760220 -0.3678698 0.0040032 0.2225140 0.2946830 -0.3312483 -0.5477592 -0.8341470 0.0644878 0.4821502 0.5709715 -0.6644718 -0.4316028 -0.9020104 0.0098159 0.4485622 0.5940466 -0.6677579
-0.1890910 -0.2926927 0.0205894 0.2117463 0.2522490 -0.2566995 -0.1765832 -0.3639098 0.0047642 0.2052670 0.3175614 -0.3081084 -0.5417027 -0.8384981 0.0589838 0.5070976 0.6040949 -0.6147532 -0.4365276 -0.8996138 0.0117775 0.4208355 0.6510598 -0.6316793
-0.1903548 -0.2924261 0.0218263 0.1916270 0.2863103 -0.2572799 -0.1767456 -0.3635982 0.0054933 0.1876276 0.3337091 -0.2925831 -0.5444838 -0.8364447 0.0624312 0.4456593 0.6658606 -0.5983456 -0.4371454 -0.8992882 0.0135866 0.3893973 0.6925710 -0.6072192
-0.1908033 -0.2925241 0.0228258 0.1826615 0.2890618 -0.2398353 -0.1769894 -0.3639267 0.0063091 0.1694503 0.3540030 -0.2727961 -0.5451583 -0.8357925 0.0652174 0.4373412 0.6920923 -0.5742307 -0.4373007 -0.8991802 0.0155884 0.3545255 0.7406484 -0.5707466
-0.1912225 -0.2925662 0.0236264 0.1686856 0.2899846 -0.2071311 -0.1770210 -0.3643454 0.0069541 0.1528262 0.3522649 -0.2323568 -0.5458617 -0.8351565 0.0674438 0.4278423 0.7354967 -0.5253528 -0.4369460 -0.8993240 0.0171651 0.3405095 0.7848755 -0.5177102
-0.1916739 -0.2924554 0.0244443 0.1636626 0.2686624 -0.1509502 -0.1766055 -0.3641768 0.0075161 0.1462131 0.3492998 -0.1994024 -0.5468222 -0.8343394 0.0697367 0.4690438 0.7699646 -0.4326111 -0.4362681 -0.8996252 0.0185671 0.3416512 0.8161969 -0.4659367
-0.1925342 -0.2962878 0.0258578 0.1617515 0.2603850 -0.1474140 -0.1769104 -0.3679729 0.0083912 0.1364041 0.2877641 -0.1635059 -0.5434300 -0.8362758 0.0729840 0.4755448 0.7655244 -0.4333930 -0.4332036 -0.9010618 0.0205476 0.3810402 0.8038591 -0.4567481
-0.1930751 -0.2971050 0.0268577 0.1579898 0.2513724 -0.1349198 -0.1775836 -0.3695112 0.0093645 0.1319790 0.2920644 -0.1545185 -0.5433440 -0.8361008 0.0755820 0.4844575 0.7708047 -0.4137161 -0.4330508 -0.9010802 0.0228361 0.3709325 0.8208590 -0.4342805
-0.1942585 -0.2960164 0.0284232 0.1629122 0.2187340 -0.1148803 -0.1772418 -0.3689956 0.0097048 0.0986800 0.3581832 -0.1394517 -0.5468927 -0.8333698 0.0800193 0.5504845 0.7391079 -0.3881834 -0.4328555 -0.9011517 0.0237008 0.2486663 0.9025949 -0.3514079
-0.1933076 -0.2954843 0.0285179 0.1447034 0.2679926 -0.1079927 -0.1772168 -0.3683094 0.0104711 0.1214295 0.2932301 -0.1199411 -0.5456834 -0.8341157 0.0805024 0.4477997 0.8293307 -0.3341946 -0.4334403 -0.9008183 0.0256103 0.3578973 0.8642568 -0.3535106
-0.1909331 -0.2944533 0.0272217 0.1250523 0.2638550 -0.1063266 -0.1768688 -0.3680472 0.0106021 0.1137182 0.3334152 -0.1289286 -0.5424340 -0.8365313 0.0773360 0.4024265 0.8491027 -0.3421659 -0.4329953 -0.9010224 0.0259553 0.3031460 0.8888067 -0.3436935
-0.1897108 -0.3010097 0.0257722 0.0942997 0.3212711 -0.1011320 -0.1761021 -0.3726086 0.0097059 0.0783678 0.3929174 -0.1106587 -0.5317948 -0.8437862 0.0722443 0.2696091 0.9185353 -0.2891431 -0.4271814 -0.9038593 0.0235442 0.1885395 0.9452918 -0.2662259
-0.1892234 -0.3037690 0.0252132 0.1138063 0.2631620 -0.0978581 -0.1757540 -0.3754589 0.0091794 0.0978587 0.3348069 -0.1073585 -0.5274208 -0.8466927 0.0702766 0.3756530 0.8686476 -0.3230110 -0.4238507 -0.9054615 0.0221373 0.2681334 0.9173727 -0.2941629
-0.1889247 -0.3043500 0.0253496 0.1145455 0.2616750 -0.0981912 -0.1747323 -0.3769259 0.0090065 0.0985892 0.3333186 -0.1076731 -0.5260831 -0.8474985 0.0705889 0.3792232 0.8663217 -0.3250793 -0.4204797 -0.9070430 0.0216733 0.2709327 0.9159918 -0.2958961
-0.1879343 -0.3031657 0.0254728 0.1146393 0.2626839 -0.0979437 -0.1738732 -0.3757564 0.0091740 0.0986691 0.3343264 -0.1074022 -0.5255436 -0.8477793 0.0712328 0.3784939 0.8672792 -0.3233716 -0.4198454 -0.9073253 0.0221521 0.2705091 0.9165823 -0.2944515
-0.1872070 -0.3015958 0.0258391 0.1145104 0.2643212 -0.0974242 -0.1732432 -0.3737544 0.0095410 0.0780592 0.3271854 -0.0834100 -0.5259907 -0.8473860 0.0725994 0.3765692 0.8692247 -0.3203811 -0.4204280 -0.9070304 0.0231541 0.2252430 0.9441066 -0.2406828
-0.1866943 -0.3021796 0.0258901 0.1136411 0.2640723 -0.0976687 -0.1728022 -0.3752386 0.0094167 0.0751837 0.3254756 -0.0825852 -0.5242121 -0.8484792 0.0726958 0.3742822 0.8697340 -0.3216763 -0.4181814 -0.9080777 0.0227884 0.2184914 0.9458652 -0.2400009
-0.1859707 -0.3013085 0.0262408 0.1132055 0.2660881 -0.0969340 -0.1723843 -0.3740049 0.0096359 0.0740863 0.3268689 -0.0810588 -0.5237875 -0.8486368 0.0739074 0.3711864 0.8724689 -0.3178343 -0.4184766 -0.9079263 0.0233918 0.2148534 0.9479337 -0.2350740
-0.1847119 -0.3022007 0.0259340 0.1136370 0.2654217 -0.0970109 -0.1702597 -0.3756917 0.0083205 0.0742650 0.3259293 -0.0807256 -0.5201268 -0.8509613 0.0730271 0.3730856 0.8714155 -0.3184999 -0.4126954 -0.9106458 0.0201683 0.2159542 0.9477660 -0.2347410
-0.1839918 -0.3011724 0.0261760 0.1087766 0.2806590 -0.0984293 -0.1701657 -0.3738697 0.0088449 0.0683268 0.3402918 -0.0815743 -0.5199024 -0.8510174 0.0739651 0.3434838 0.8862370 -0.3108102 -0.4141607 -0.9099492 0.0215274 0.1916382 0.9544256 -0.2287936
-0.1844613 -0.2984013 0.0271902 0.1066429 0.2876550 -0.0999743 -0.1701948 -0.3724155 0.0091120 0.0853932 0.3823190 -0.1135584 -0.5242395 -0.8480575 0.0772747 0.3305062 0.8914962 -0.3098390 -0.4155513 -0.9092976 0.0222481 0.2093654 0.9373624 -0.2784202
-0.1966178 -0.2601124 0.0393480 0.1106213 0.3279849 -0.0994272 -0.1735813 -0.3539859 0.0132436 0.0821446 0.3935997 -0.1184065 -0.5986624 -0.7919909 0.1198069 0.3071665 0.9107286 -0.2760835 -0.4400293 -0.8973556 0.0335726 0.1959779 0.9390377 -0.2824904
-0.1978565 -0.2540975 0.0403379 0.1219072 0.3185276 -0.1091342 -0.1749222 -0.3480366 0.0143759 0.0942162 0.3875785 -0.1275747 -0.6096126 -0.7828958 0.1242846 0.3404334 0.8895077 -0.3047640 -0.4487635 -0.8928892 0.0368813 0.2249828 0.9255143 -0.3046407
-0.1837119 -0.2920406 0.0261832 0.1602456 0.2652296 -0.1507226 -0.1696954 -0.3684782 0.0082826 0.1206666 0.3710339 -0.1701233 -0.5309430 -0.8440221 0.0756717 0.4650318 0.7696948 -0.4373962 -0.4182160 -0.9081182 0.0204125 0.2834951 0.8717104 -0.3996893
-0.1844315 -0.2894260 0.0255122 0.1633937 0.2674985 -0.1529358 -0.1703112 -0.3655340 0.0074949 0.1346272 0.3855274 -0.1939327 -0.5359179 -0.8410091 0.0741330 0.4684820 0.7669712 -0.4384973 -0.4222600 -0.9062843 0.0185824 0.2978027 0.8528079 -0.4289898
-0.1841726 -0.2871575 0.0249386 0.1768543 0.2928166 -0.2155379 -0.1702963 -0.3631943 0.0069239 0.1636289 0.3943700 -0.2390992 -0.5384315 -0.8395093 0.0729084 0.4374104 0.7242179 -0.5330860 -0.4244707 -0.9052772 0.0172580 0.3343751 0.8058938 -0.4885984
-0.1847060 -0.2864968 0.0251486 0.1900768 0.2907341 -0.2408559 -0.1697845 -0.3640526 0.0060749 0.1688991 0.3653165 -0.2816560 -0.5403875 -0.8381932 0.0735763 0.4496835 0.6878182 -0.5698165 -0.4226190 -0.9061813 0.0151213 0.3438246 0.7436674 -0.5733615
-0.1852381 -0.2827877 0.0247779 0.2096454 0.2607315 -0.2597484 -0.1701080 -0.3621251 0.0046648 0.1931307 0.3531633 -0.3170337 -0.5464845 -0.8342729 0.0730992 0.4949627 0.6155745 -0.6132536 -0.4251464 -0.9050495 0.0116586 0.3769279 0.6892593 -0.6187462
-0.1859844 -0.2822931 0.0230706 0.2128333 0.2872446 -0.3211812 -0.1716299 -0.3598349 0.0046457 0.2122732 0.3353734 -0.3464440 -0.5488872 -0.8331188 0.0680871 0.4428601 0.5976941 -0.6683089 -0.4304766 -0.9025265 0.0116521 0.4029190 0.6365774 -0.6575907
-0.1866534 -0.2825411 0.0232907 0.2251886 0.2855052 -0.3324043 -0.1714715 -0.3598714 0.0042169 0.2319119 0.3360917 -0.3864086 -0.5499057 -0.8324034 0.0686174 0.4570855 0.5795155 -0.6747108 -0.4301225 -0.9027086 0.0105777 0.4125186 0.5978308 -0.6873331
-0.1855348 -0.2878346 0.0160236 0.2622345 0.2768241 -0.3531115 -0.1695625 -0.3650141 -0.0027813 0.2668024 0.3129343 -0.3911101 -0.5411945 -0.8395974 0.0467398 0.5045899 0.5326632 -0.6794549 -0.4212887 -0.9069003 -0.0069102 0.4701201 0.5514070 -0.6891570
-0.1849239 -0.2875131 0.0133931 0.2734774 0.2721706 -0.3524852 -0.1682539 -0.3637928 -0.0057122 0.2893268 0.3071550 -0.3981683 -0.5405375 -0.8404086 0.0391485 0.5232999 0.5207993 -0.6744815 -0.4197342 -0.9075352 -0.0142499 0.4986968 0.5294264 -0.6863011
-0.1854556 -0.2868584 0.0131528 0.2813911 0.2628159 -0.3529735 -0.1681459 -0.3632524 -0.0067703 0.3007752 0.3028636 -0.4076286 -0.5425218 -0.8391601 0.0384765 0.5387082 0.5031470 -0.6757489 -0.4200089 -0.9073624 -0.0169115 0.5096033 0.5131416 -0.6906448
-0.1852611 -0.2890753 0.0117867 0.2913829 0.2496950 -0.3515638 -0.1679302 -0.3657436 -0.0085045 0.3103948 0.2947425 -0.4146452 -0.5392584 -0.8414412 0.0343087 0.5598873 0.4797848 -0.6755240 -0.4171728 -0.9085816 -0.0211268 0.5208460 0.4945812 -0.6957793
-0.1854871 -0.2886545 0.0112165 0.2954184 0.2460378 -0.3511464 -0.1676521 -0.3652478 -0.0092065 0.3203480 0.2889204 -0.4191503 -0.5403111 -0.8408308 0.0326728 0.5673675 0.4725293 -0.6743962 -0.4170529 -0.9085936 -0.0229021 0.5325947 0.4803447 -0.6968585
-0.1871180 -0.2860544 0.0135266 0.2991988 0.2429675 -0.3538121 -0.1673417 -0.3655551 -0.0095113 0.3234373 0.2864989 -0.4219819 -0.5469902 -0.8362046 0.0395414 0.5718653 0.4643892 -0.6762490 -0.4161181 -0.9090030 -0.0236511 0.5355318 0.4743710 -0.6986972
-0.1872271 -0.2847318 0.0133737 0.3025039 0.2416494 -0.3545264 -0.1675890 -0.3648560 -0.0094213 0.3277181 0.2858997 -0.4234881 -0.5489963 -0.8349043 0.0392149 0.5762324 0.4603122 -0.6753288 -0.4172874 -0.9084717 -0.0234584 0.5398753 0.4709847 -0.6976446
-0.1870456 -0.2845981 0.0152052 0.3051072 0.2386574 -0.3552534 -0.1663866 -0.3673664 -0.0093627 0.3319094 0.2841767 -0.4236831 -0.5486805 -0.8348414 0.0446030 0.5804959 0.4540688 -0.6759039 -0.4124623 -0.9106790 -0.0232096 0.5453407 0.4669139 -0.6961286
