-0.2324249 -0.2855455 -0.0134423 0.2138571 0.2881552 -0.2628073 -0.2181074 -0.3731016 -0.0365912 0.2012603 0.3672750 -0.3248142 -0.6308579 -0.7750401 -0.0364856 0.4808073 0.6478490 -0.5908603 -0.5028740 -0.8602326 -0.0843657 0.3797358 0.6929706 -0.6128560
-0.2322106 -0.2870351 -0.0149544 0.2159407 0.2892325 -0.2635567 -0.2179418 -0.3742713 -0.0379729 0.2033204 0.3663945 -0.3233647 -0.6284356 -0.7768081 -0.0404712 0.4831627 0.6471514 -0.5897023 -0.5012877 -0.8608612 -0.0873415 0.3841374 0.6922366 -0.6109394
-0.2373943 -0.2850609 -0.0134678 0.2163033 0.2895079 -0.2635838 -0.2215881 -0.3722712 -0.0372414 0.2034618 0.3669914 -0.3228217 -0.6395142 -0.7679228 -0.0362808 0.4835742 0.6472326 -0.5892758 -0.5096013 -0.8561374 -0.0856466 0.3843054 0.6931857 -0.6097564
-0.2382643 -0.2849690 -0.0133716 0.2152790 0.2904756 -0.2644375 -0.2240589 -0.3727371 -0.0360849 0.2013589 0.3627940 -0.3114881 -0.6410236 -0.7666776 -0.0359749 0.4806001 0.6484730 -0.5903442 -0.5134357 -0.8541348 -0.0826893 0.3880982 0.6992473 -0.6003607
-0.2391524 -0.2846515 -0.0121785 0.2141601 0.2919851 -0.2665127 -0.2258928 -0.3729936 -0.0331792 0.2017508 0.3637031 -0.3098829 -0.6429184 -0.7652346 -0.0327397 0.4763246 0.6494190 -0.5927646 -0.5165337 -0.8528991 -0.0758687 0.3889828 0.7012328 -0.5974655
-0.2399536 -0.2847177 -0.0099407 0.2112287 0.2943753 -0.2676188 -0.2262089 -0.3734741 -0.0287746 0.1977249 0.3633601 -0.3065801 -0.6442069 -0.7643856 -0.0266880 0.4689409 0.6535316 -0.5941304 -0.5169475 -0.8534877 -0.0657575 0.3840101 0.7056972 -0.5954224
-0.2408209 -0.2842842 -0.0059773 0.2057314 0.2946638 -0.2661378 -0.2281720 -0.3733980 -0.0238703 0.1869126 0.3589160 -0.2967119 -0.6462855 -0.7629271 -0.0160411 0.4600506 0.6589188 -0.5951298 -0.5206500 -0.8520310 -0.0544679 0.3724904 0.7152688 -0.5913049
-0.2392904 -0.2857345 -0.0031352 0.1919538 0.2994100 -0.2635447 -0.2288379 -0.3758006 -0.0172882 0.1742889 0.3593049 -0.2929998 -0.6420256 -0.7666370 -0.0084119 0.4336364 0.6763872 -0.5953652 -0.5196946 -0.8534495 -0.0392618 0.3518830 0.7254238 -0.5915561
-0.2382503 -0.2852128 0.0019258 0.1717445 0.3157274 -0.2397182 -0.2291700 -0.3757608 -0.0099143 0.1536546 0.3611300 -0.2726206 -0.6410853 -0.7674521 0.0051819 0.3975346 0.7308097 -0.5548724 -0.5205542 -0.8535316 -0.0225200 0.3215499 0.7557293 -0.5705076
-0.2361426 -0.2830725 0.0064989 0.1587576 0.3085563 -0.2231638 -0.2250072 -0.3737256 -0.0024103 0.1344774 0.3602930 -0.2596944 -0.6404831 -0.7677699 0.0176269 0.3848028 0.7478904 -0.5409129 -0.5157882 -0.8566983 -0.0055251 0.2897949 0.7764207 -0.5596336
-0.2343326 -0.2826856 0.0099507 0.1528168 0.2743694 -0.1775188 -0.2222426 -0.3733414 0.0024173 0.1277959 0.3400020 -0.2269556 -0.6379570 -0.7695953 0.0270902 0.4236023 0.7605413 -0.4920752 -0.5115025 -0.8592638 0.0055635 0.2983786 0.7938383 -0.5298971
-0.2297381 -0.2858548 0.0164493 0.1508817 0.2735066 -0.1662687 -0.2189294 -0.3764408 0.0065094 0.1111793 0.3359592 -0.2057134 -0.6258171 -0.7786816 0.0448086 0.4263890 0.7729246 -0.4698722 -0.5026819 -0.8643423 0.0149461 0.2716159 0.8207628 -0.5025666
-0.2289047 -0.2853268 0.0196047 0.1417064 0.2687774 -0.1523524 -0.2164855 -0.3759871 0.0126766 0.0992506 0.3321625 -0.1926499 -0.6248700 -0.7788924 0.0535174 0.4169038 0.7907501 -0.4482248 -0.4987656 -0.8662447 0.0292059 0.2502497 0.8375118 -0.4857459
-0.2286235 -0.2835746 0.0237509 0.1331923 0.2646181 -0.1385174 -0.2159487 -0.3740110 0.0146577 0.1037284 0.2978260 -0.1616168 -0.6263131 -0.7768515 0.0650656 0.4072759 0.8091502 -0.4235591 -0.4997354 -0.8655137 0.0339200 0.2927101 0.8404319 -0.4560647
-0.2296224 -0.2817713 0.0269207 0.1041805 0.2778205 -0.1374418 -0.2165706 -0.3719317 0.0158382 0.0465665 0.3136037 -0.1363311 -0.6299986 -0.7730759 0.0738603 0.3185962 0.8496077 -0.4203132 -0.5028551 -0.8635881 0.0367748 0.1349319 0.9087028 -0.3950350
-0.2292345 -0.2827826 0.0181838 0.1160793 0.2740495 -0.1251688 -0.2156216 -0.3729598 0.0079466 0.0584705 0.3098326 -0.1265465 -0.6289370 -0.7758539 0.0498899 0.3595238 0.8487932 -0.3876762 -0.5004251 -0.8655834 0.0184428 0.1720994 0.9119469 -0.3724711
-0.2286600 -0.2832924 0.0112885 0.1202016 0.2715503 -0.1172692 -0.2145230 -0.3734536 0.0016368 0.0626686 0.3073334 -0.1205305 -0.6277809 -0.7777729 0.0309922 0.3764763 0.8505070 -0.3672921 -0.4980962 -0.8671135 0.0038004 0.1865033 0.9146310 -0.3587014
-0.2269314 -0.2838980 0.0078950 0.1211584 0.2705365 -0.1113667 -0.2137859 -0.3741753 -0.0020676 0.0636897 0.3063197 -0.1156128 -0.6242340 -0.7809355 0.0217172 0.3826167 0.8543508 -0.3516947 -0.4960833 -0.8682617 -0.0047978 0.1909460 0.9183669 -0.3466150
-0.2251739 -0.2839401 0.0067839 0.1235422 0.2689060 -0.1095459 -0.2119465 -0.3740240 -0.0047038 0.0660996 0.3046894 -0.1141235 -0.6212521 -0.7833872 0.0187167 0.3915106 0.8521751 -0.3471557 -0.4929824 -0.8699705 -0.0109409 0.1990906 0.9177185 -0.3437378
-0.2250952 -0.2543896 0.0057839 0.1252368 0.2690162 -0.1055805 -0.2140251 -0.3448359 -0.0051326 0.0678654 0.3048000 -0.1109890 -0.6625741 -0.7488029 0.0170251 0.3976248 0.8541220 -0.3352164 -0.5273013 -0.8495843 -0.0126454 0.2047828 0.9197288 -0.3349073
-0.2204596 -0.2737820 -0.0002297 0.1255503 0.2690408 -0.1041363 -0.2097372 -0.3642423 -0.0113783 0.0681962 0.3048247 -0.1097260 -0.6271793 -0.7788747 -0.0006536 0.3990448 0.8551101 -0.3309832 -0.4988209 -0.8662825 -0.0270611 0.2059860 0.9207205 -0.3314265
-0.2189323 -0.2779833 -0.0000892 0.0806884 0.3143181 -0.1102047 -0.2072209 -0.3681763 -0.0123538 0.0232998 0.3501020 -0.1154285 -0.6187242 -0.7856082 -0.0002522 0.2354409 0.9171492 -0.3215664 -0.4902706 -0.8710801 -0.0292282 0.0630790 0.9478222 -0.3124966
-0.2172584 -0.2808969 0.0108103 0.1233938 0.2661241 -0.1138121 -0.2069939 -0.3706498 -0.0053574 0.0657986 0.3019080 -0.1156908 -0.6115198 -0.7906438 0.0304279 0.3921686 0.8457925 -0.3617164 -0.4875421 -0.8730083 -0.0126185 0.1994242 0.9150313 -0.3506389
-0.2172276 -0.2821096 0.0145327 0.0648664 0.3080968 -0.1289376 -0.2061168 -0.3710179 -0.0053201 0.0072428 0.3438805 -0.1295054 -0.6095917 -0.7916658 0.0407821 0.1906549 0.9055555 -0.3789723 -0.4855970 -0.8740929 -0.0125339 0.0197068 0.9356542 -0.3523674
-0.2164440 -0.2831397 0.0166343 0.1324127 0.2682256 -0.1459493 -0.2061744 -0.3708153 -0.0036480 0.0747873 0.3040091 -0.1458302 -0.6066576 -0.7935949 0.0466233 0.3978326 0.8058810 -0.4385031 -0.4859237 -0.8739590 -0.0085979 0.2165418 0.8802392 -0.4222423
-0.2161548 -0.2834293 0.0155813 0.1207593 0.2983866 -0.1650925 -0.2054345 -0.3697325 -0.0055224 0.0752554 0.3644910 -0.1845192 -0.6058349 -0.7943909 0.0436711 0.3338072 0.8248110 -0.4563546 -0.4856514 -0.8740551 -0.0130551 0.1811599 0.8774274 -0.4441871
-0.2177614 -0.2824901 0.0147866 0.1321906 0.3060994 -0.1688446 -0.2061730 -0.3696222 -0.0078884 0.1079422 0.3468054 -0.1878755 -0.6099991 -0.7913188 0.0414207 0.3536992 0.8190225 -0.4517732 -0.4870513 -0.8731745 -0.0186351 0.2639634 0.8480827 -0.4594334
-0.2175559 -0.2830557 0.0139113 0.1535459 0.3323873 -0.2071662 -0.2069468 -0.3687820 -0.0090854 0.1353640 0.3801081 -0.2158475 -0.6089331 -0.7922653 0.0389374 0.3649905 0.7901105 -0.4924503 -0.4892624 -0.8718721 -0.0214798 0.2958144 0.8306599 -0.4716970
-0.2178632 -0.2829769 0.0128475 0.2086804 0.2796476 -0.1992793 -0.2073909 -0.3689562 -0.0102124 0.1673277 0.3941676 -0.2465841 -0.6096482 -0.7918564 0.0359512 0.5193328 0.6959454 -0.4959368 -0.4898549 -0.8714702 -0.0241216 0.3386269 0.7976905 -0.4990207
-0.2179886 -0.2834732 0.0116041 0.2164075 0.3262873 -0.2355766 -0.2073325 -0.3687287 -0.0107817 0.1934339 0.4023138 -0.2664963 -0.6092711 -0.7922985 0.0324331 0.4736040 0.7140742 -0.5155554 -0.4899632 -0.8713707 -0.0254790 0.3720617 0.7738331 -0.5125939
-0.2176829 -0.2832166 0.0105449 0.2222007 0.3271014 -0.2368177 -0.2069240 -0.3683937 -0.0115970 0.2055662 0.4032274 -0.2671140 -0.6091358 -0.7925168 0.0295075 0.4820765 0.7096642 -0.5137888 -0.4895420 -0.8715480 -0.0274363 0.3911471 0.7672528 -0.5082590
-0.2179321 -0.2839347 0.0092513 0.2256403 0.3265512 -0.2375765 -0.2068268 -0.3688135 -0.0125691 0.2090806 0.4039326 -0.2685118 -0.6086661 -0.7930057 0.0258382 0.4877733 0.7059155 -0.5135762 -0.4889117 -0.8718271 -0.0297117 0.3958506 0.7647621 -0.5083711
-0.2178805 -0.2836789 0.0088428 0.2261015 0.3265958 -0.2375522 -0.2074795 -0.3707605 -0.0133242 0.2100358 0.4030823 -0.2682093 -0.6089378 -0.7928329 0.0247141 0.4885126 0.7056395 -0.5132527 -0.4881012 -0.8722240 -0.0313455 0.3979789 0.7637661 -0.5082068
-0.2180253 -0.2838975 0.0088060 0.2257495 0.3284926 -0.2374799 -0.2077133 -0.3725560 -0.0125717 0.2104244 0.4029560 -0.2678622 -0.6088991 -0.7928664 0.0245933 0.4865619 0.7080060 -0.5118447 -0.4867527 -0.8730429 -0.0294604 0.3988042 0.7636975 -0.5076627
-0.2184356 -0.2835533 0.0086626 0.2246850 0.3308309 -0.2378187 -0.2080538 -0.3724784 -0.0115465 0.2101501 0.4037945 -0.2679851 -0.6100896 -0.7919630 0.0241946 0.4828976 0.7110285 -0.5111247 -0.4874717 -0.8727196 -0.0270534 0.3978367 0.7644264 -0.5073247
-0.2184333 -0.2819735 0.0102544 0.2240340 0.3315591 -0.2366707 -0.2087877 -0.3710968 -0.0094439 0.2097957 0.4039091 -0.2669707 -0.6121503 -0.7902190 0.0287376 0.4818932 0.7131776 -0.5090743 -0.4902223 -0.8713154 -0.0221737 0.3975928 0.7654653 -0.5059475
-0.2185424 -0.2817777 0.0101772 0.2220487 0.3364178 -0.2396084 -0.2091813 -0.3710469 -0.0089942 0.2098548 0.4046163 -0.2669726 -0.6126108 -0.7898697 0.0285284 0.4735228 0.7174168 -0.5109691 -0.4909852 -0.8709121 -0.0211110 0.3972787 0.7659839 -0.5054091
-0.2187668 -0.2814411 0.0107453 0.2231133 0.3343285 -0.2380450 -0.2096204 -0.3710489 -0.0068935 0.2104097 0.4056471 -0.2670297 -0.6134315 -0.7891730 0.0301302 0.4776147 0.7156911 -0.5095788 -0.4918099 -0.8705524 -0.0161734 0.3975471 0.7664276 -0.5045246
-0.2193175 -0.2809391 0.0114667 0.2215192 0.3377277 -0.2405793 -0.2099680 -0.3706908 -0.0053192 0.2097007 0.4061519 -0.2676674 -0.6150362 -0.7878429 0.0321562 0.4712011 0.7183921 -0.5117444 -0.4928140 -0.8700451 -0.0124848 0.3958876 0.7667618 -0.5053210
-0.2193158 -0.2805132 0.0116019 0.2213393 0.3383663 -0.2407118 -0.2095593 -0.3704647 -0.0038342 0.2091038 0.4068013 -0.2679571 -0.6156048 -0.7873819 0.0325658 0.4703760 0.7190743 -0.5115453 -0.4923333 -0.8703602 -0.0090081 0.3944564 0.7673957 -0.5054780
-0.2198904 -0.2799226 0.0128564 0.2250881 0.2867591 -0.2105889 -0.2098618 -0.3697443 -0.0031521 0.2063749 0.4011949 -0.2657996 -0.6173343 -0.7858725 0.0360939 0.5346478 0.6811339 -0.5002082 -0.4936042 -0.8696551 -0.0074138 0.3941170 0.7661676 -0.5076013
