-0.1751918 -0.2995620 -0.0400918 0.4235842 0.1459771 -0.2588378 -0.1492886 -0.3670290 -0.0576791 0.4584069 0.1701358 -0.3311748 -0.5014968 -0.8575138 -0.1147652 0.8186369 0.2821216 -0.5002410 -0.3728439 -0.9166442 -0.1440518 0.7762255 0.2880929 -0.5607821
-0.1943931 -0.2402290 -0.0286467 0.4229939 0.1442429 -0.2579889 -0.1632597 -0.3335839 -0.0496696 0.4486212 0.1619821 -0.3298810 -0.6263604 -0.7740496 -0.0923036 0.8197062 0.2795236 -0.4999483 -0.4357095 -0.8902726 -0.1325589 0.7735761 0.2793124 -0.5688274
-0.1748373 -0.3009478 -0.0417053 0.4206327 0.1407484 -0.2577262 -0.1490435 -0.3686266 -0.0586274 0.4375439 0.1545197 -0.3288352 -0.4987683 -0.8585308 -0.1189751 0.8199534 0.2743656 -0.5023943 -0.3708322 -0.9171726 -0.1458697 0.7693353 0.2716926 -0.5781923
-0.1746009 -0.3008695 -0.0419303 0.3977959 0.1237712 -0.2498174 -0.1489908 -0.3686432 -0.0587491 0.4067642 0.1359987 -0.3171774 -0.4983189 -0.8586951 -0.1196709 0.8189026 0.2547954 -0.5142741 -0.3706886 -0.9171832 -0.1461677 0.7625358 0.2549484 -0.5945928
-0.1744597 -0.3009324 -0.0417981 0.3708832 0.0964772 -0.1781752 -0.1487896 -0.3687317 -0.0584235 0.3803414 0.1150845 -0.3036747 -0.4979615 -0.8589533 -0.1193045 0.8775785 0.2282830 -0.4215956 -0.3702256 -0.9174965 -0.1453722 0.7604968 0.2301127 -0.6072007
-0.1741845 -0.3010183 -0.0419987 0.3625821 0.0906144 -0.1749250 -0.1490906 -0.3690648 -0.0584951 0.3595376 0.1062738 -0.2891316 -0.4972315 -0.8592945 -0.1198906 0.8786790 0.2195943 -0.4239121 -0.3705804 -0.9173496 -0.1453958 0.7593933 0.2244650 -0.6106859
-0.1736309 -0.3007642 -0.0429232 0.3402755 0.0697989 -0.1702205 -0.1487428 -0.3689860 -0.0590029 0.3279008 0.0885825 -0.2536593 -0.4961911 -0.8595046 -0.1226631 0.8796605 0.1804401 -0.4400441 -0.3698326 -0.9174430 -0.1467042 0.7734955 0.2089600 -0.5983648
-0.1733660 -0.3005557 -0.0442460 0.3329861 0.0707766 -0.1631161 -0.1483223 -0.3687535 -0.0601852 0.3114826 0.0794113 -0.2423692 -0.4956406 -0.8592666 -0.1264962 0.8821143 0.1874945 -0.4321113 -0.3689644 -0.9173061 -0.1497158 0.7737167 0.1972561 -0.6020402
-0.1731481 -0.3004743 -0.0452295 0.3028979 0.0131126 -0.1371360 -0.1476989 -0.3685791 -0.0609244 0.2823563 0.0585852 -0.1973496 -0.4950914 -0.8591618 -0.1293270 0.9102751 0.0394063 -0.4121241 -0.3676681 -0.9175072 -0.1516595 0.8080388 0.1676573 -0.5647692
-0.1730056 -0.2990650 -0.0453643 0.2938763 0.0030274 -0.1266904 -0.1478954 -0.3673334 -0.0608960 0.2464692 0.0360194 -0.1696316 -0.4964772 -0.8582324 -0.1301829 0.9182607 0.0094596 -0.3958634 -0.3691447 -0.9168585 -0.1519955 0.8178498 0.1195218 -0.5628821
-0.1733708 -0.2983147 -0.0454650 0.2741482 -0.0091392 -0.1131897 -0.1480599 -0.3665085 -0.0610008 0.2428659 0.0300244 -0.1494232 -0.4981669 -0.8571831 -0.1306399 0.9238770 -0.0307990 -0.3814482 -0.3701830 -0.9163534 -0.1525157 0.8470272 0.1047141 -0.5211333
-0.1731732 -0.2979016 -0.0460027 0.2662732 -0.0216301 -0.1002615 -0.1477865 -0.3661556 -0.0611479 0.2296595 -0.0318147 -0.1934423 -0.4981457 -0.8569362 -0.1323303 0.9331630 -0.0758034 -0.3513696 -0.3698713 -0.9163923 -0.1530373 0.7605804 -0.1053631 -0.6406373
-0.1730534 -0.2946081 -0.0460449 0.2459809 -0.0147427 -0.0981230 -0.1486952 -0.3634681 -0.0600973 0.2101117 -0.0248593 -0.1916003 -0.5019489 -0.8545235 -0.1335552 0.9273911 -0.0555826 -0.3699410 -0.3742835 -0.9148927 -0.1512722 0.7360995 -0.0870914 -0.6712471
-0.1731619 -0.2940457 -0.0464253 0.2475324 -0.0154102 -0.0984102 -0.1488215 -0.3627662 -0.0611753 0.2110354 -0.0261470 -0.1915752 -0.5028102 -0.8538205 -0.1348053 0.9277038 -0.0577545 -0.3688226 -0.3750074 -0.9141152 -0.1541523 0.7373244 -0.0913535 -0.6693334
-0.1731766 -0.2938317 -0.0466847 0.2500356 -0.0246901 -0.0913996 -0.1481287 -0.3620796 -0.0624143 0.2131036 -0.0352219 -0.1844166 -0.5030577 -0.8535467 -0.1356135 0.9352025 -0.0923478 -0.3418598 -0.3739154 -0.9139832 -0.1575500 0.7503313 -0.1240152 -0.6493252
-0.1725188 -0.2920526 -0.0476656 0.2514724 -0.0216215 -0.0983430 -0.1472929 -0.3602416 -0.0633676 0.2163012 -0.0318230 -0.1920769 -0.5036547 -0.8526240 -0.1391557 0.9283458 -0.0798188 -0.3630470 -0.3735409 -0.9135874 -0.1607027 0.7432528 -0.1093500 -0.6600136
-0.1725410 -0.2919274 -0.0474680 0.2533205 -0.0253088 -0.0941030 -0.1475139 -0.3601077 -0.0635239 0.2176655 -0.0366574 -0.1875232 -0.5039004 -0.8525646 -0.1386288 0.9333259 -0.0932469 -0.3467100 -0.3741151 -0.9132815 -0.1611051 0.7515231 -0.1265652 -0.6474521
-0.1725844 -0.2918114 -0.0469831 0.2520501 -0.0189598 -0.0967092 -0.1480257 -0.3602624 -0.0626057 0.2164115 -0.0288551 -0.1903009 -0.5042391 -0.8525842 -0.1372703 0.9313407 -0.0700576 -0.3573464 -0.3752358 -0.9132425 -0.1587015 0.7472202 -0.0996301 -0.6570661
-0.1725094 -0.2917083 -0.0467739 0.2568265 -0.0172225 -0.0982277 -0.1476577 -0.3600457 -0.0624323 0.2225148 -0.0252262 -0.1924939 -0.5042475 -0.8526675 -0.1367209 0.9321896 -0.0625116 -0.3565317 -0.3746482 -0.9135347 -0.1584078 0.7535168 -0.0854252 -0.6518550
-0.1725194 -0.2909722 -0.0467610 0.2624201 -0.0151084 -0.1004098 -0.1479821 -0.3594519 -0.0622944 0.2410938 0.0368249 -0.1439235 -0.5051984 -0.8520704 -0.1369328 0.9326182 -0.0536939 -0.3568476 -0.3758931 -0.9130530 -0.1582356 0.8513516 0.1300363 -0.5082234
-0.1723876 -0.2908620 -0.0468633 0.2734556 0.0093596 -0.1188010 -0.1479547 -0.3594658 -0.0620088 0.2533395 0.0557900 -0.2020849 -0.5050290 -0.8521131 -0.1372914 0.9167322 0.0313771 -0.3982682 -0.3758642 -0.9131874 -0.1575273 0.7704179 0.1696601 -0.6145500
-0.1720392 -0.2913619 -0.0468859 0.2797423 0.0118509 -0.1205861 -0.1476299 -0.3599838 -0.0619873 0.2611618 0.0551312 -0.1962147 -0.5036341 -0.8529440 -0.1372557 0.9176210 0.0388738 -0.3955509 -0.3747081 -0.9136958 -0.1573337 0.7883462 0.1664197 -0.5922961
-0.1725963 -0.2912923 -0.0441402 0.2987606 0.0262997 -0.1317093 -0.1482262 -0.3598447 -0.0596153 0.2745711 0.0593826 -0.2061620 -0.5054783 -0.8531004 -0.1292723 0.9120732 0.0802892 -0.4020897 -0.3764788 -0.9139676 -0.1514166 0.7879755 0.1704186 -0.5916521
-0.1726448 -0.2913413 -0.0440400 0.3092532 0.0358372 -0.1348916 -0.1484750 -0.3599751 -0.0594679 0.3121512 0.0761500 -0.2355786 -0.5055413 -0.8531106 -0.1289586 0.9114721 0.1056241 -0.3975704 -0.3769283 -0.9138563 -0.1509692 0.7834826 0.1911324 -0.5912896
-0.1728202 -0.2915175 -0.0437284 0.3247914 0.0760192 -0.1473981 -0.1488533 -0.3602406 -0.0590748 0.3178007 0.0799523 -0.2369955 -0.5057603 -0.8531294 -0.1279716 0.8906101 0.2084521 -0.4041800 -0.3775760 -0.9137736 -0.1498470 0.7858161 0.1976956 -0.5860115
-0.1728527 -0.2918038 -0.0430264 0.3272757 0.0752271 -0.1505180 -0.1489517 -0.3605152 -0.0585275 0.3346557 0.0938067 -0.2506242 -0.5056015 -0.8535384 -0.1258540 0.8893356 0.2044213 -0.4090161 -0.3776279 -0.9139914 -0.1483811 0.7810054 0.2189222 -0.5848963
-0.1725507 -0.2925189 -0.0429727 0.3445507 0.0871044 -0.1493133 -0.1486311 -0.3612172 -0.0585057 0.3613382 0.1102273 -0.2641213 -0.5040525 -0.8545016 -0.1255312 0.8938165 0.2259620 -0.3873412 -0.3763211 -0.9145707 -0.1481315 0.7838980 0.2391304 -0.5729927
-0.1725861 -0.2935518 -0.0429173 0.3540099 0.0899843 -0.1569904 -0.1487309 -0.3622676 -0.0584754 0.3790167 0.1229038 -0.2768358 -0.5028427 -0.8552856 -0.1250428 0.8904221 0.2263327 -0.3948695 -0.3756285 -0.9149278 -0.1476831 0.7811921 0.2533173 -0.5705868
-0.1724129 -0.2936413 -0.0431522 0.3694257 0.1094055 -0.1713002 -0.1486124 -0.3623621 -0.0587727 0.3972848 0.1369041 -0.2824239 -0.5023104 -0.8554991 -0.1257204 0.8761431 0.2594700 -0.4062616 -0.3752478 -0.9149678 -0.1484015 0.7846802 0.2704004 -0.5578177
-0.1720642 -0.2945924 -0.0428362 0.4030632 0.1370363 -0.2322123 -0.1484496 -0.3633155 -0.0587235 0.4145154 0.1518391 -0.2905765 -0.5004200 -0.8567726 -0.1245820 0.8311705 0.2825872 -0.4788529 -0.3740770 -0.9155158 -0.1479769 0.7843235 0.2873017 -0.5498130
-0.1718499 -0.2958740 -0.0429069 0.3938589 0.1293013 -0.1719639 -0.1483037 -0.3646265 -0.0587706 0.4200655 0.1580282 -0.2957975 -0.4983464 -0.8580030 -0.1244253 0.8775957 0.2881089 -0.3831697 -0.3726266 -0.9161572 -0.1476664 0.7814931 0.2939969 -0.5503039
-0.1715306 -0.2970191 -0.0436004 0.4217379 0.1561171 -0.2380915 -0.1478860 -0.3657416 -0.0594454 0.4354731 0.1706243 -0.3062191 -0.4961096 -0.8590537 -0.1261034 0.8288145 0.3068069 -0.4679060 -0.3706767 -0.9167321 -0.1490001 0.7789735 0.3052125 -0.5477642
-0.1713459 -0.2982298 -0.0443650 0.4229417 0.1556517 -0.2378390 -0.1476496 -0.3669287 -0.0602331 0.4500071 0.1795071 -0.3042229 -0.4940803 -0.8599531 -0.1279274 0.8299766 0.3054494 -0.4667329 -0.3690489 -0.9171352 -0.1505522 0.7866094 0.3137772 -0.5317796
-0.1711340 -0.3002860 -0.0447024 0.4265541 0.1566915 -0.2396631 -0.1473909 -0.3688550 -0.0610535 0.4537947 0.1810741 -0.3044415 -0.4910496 -0.8616365 -0.1282686 0.8302757 0.3049957 -0.4664975 -0.3667557 -0.9178292 -0.1519206 0.7882824 0.3145421 -0.5288423
-0.1708387 -0.3018827 -0.0453558 0.4298297 0.1580161 -0.2416607 -0.1470676 -0.3703928 -0.0619094 0.4565566 0.1820108 -0.3067966 -0.4883575 -0.8629582 -0.1296536 0.8300987 0.3051650 -0.4667017 -0.3646587 -0.9184007 -0.1535064 0.7879915 0.3141406 -0.5295140
-0.1709739 -0.3020653 -0.0457287 0.4299309 0.1577615 -0.2417714 -0.1476672 -0.3706645 -0.0625701 0.4560055 0.1812592 -0.3073509 -0.4883641 -0.8628091 -0.1306180 0.8302011 0.3046391 -0.4668632 -0.3656284 -0.9177766 -0.1549256 0.7875514 0.3130465 -0.5308151
-0.1704800 -0.3033753 -0.0462086 0.4290264 0.1557750 -0.2428346 -0.1451255 -0.3817306 -0.0646521 0.4511213 0.1756214 -0.3110293 -0.4856306 -0.8641970 -0.1316301 0.8298241 0.3013004 -0.4696914 -0.3509918 -0.9232308 -0.1563637 0.7840047 0.3052128 -0.5405385
-0.1702840 -0.3036354 -0.0466786 0.4236995 0.1480277 -0.2407022 -0.1446178 -0.3820970 -0.0654817 0.4393503 0.1615287 -0.3121534 -0.4848073 -0.8644654 -0.1328963 0.8319500 0.2906580 -0.4726279 -0.3495180 -0.9234670 -0.1582587 0.7808775 0.2870924 -0.5548047
-0.1701671 -0.3037933 -0.0466780 0.3931612 0.1122011 -0.1800503 -0.1444834 -0.3819512 -0.0653847 0.4235123 0.1454601 -0.3034542 -0.4843644 -0.8647185 -0.1328645 0.8800533 0.2511513 -0.4030251 -0.3493594 -0.9235543 -0.1580996 0.7829330 0.2689072 -0.5609855
-0.1699029 -0.3044870 -0.0467140 0.3791640 0.1062098 -0.1595056 -0.1443589 -0.3822149 -0.0654997 0.3872471 0.1171199 -0.2809257 -0.4829564 -0.8655177 -0.1327867 0.8924894 0.2500003 -0.3754498 -0.3488743 -0.9237043 -0.1582941 0.7862231 0.2377871 -0.5703599
-0.1694769 -0.3042388 -0.0468135 0.3674696 0.0952902 -0.1612781 -0.1461610 -0.3730028 -0.0629589 0.3734312 0.1074409 -0.2806978 -0.4823038 -0.8658143 -0.1332236 0.8909178 0.2310279 -0.3910135 -0.3604160 -0.9197815 -0.1552493 0.7790210 0.2241342 -0.5855683
-0.1685773 -0.3044418 -0.0468912 0.3518521 0.0873936 -0.1508409 -0.1457437 -0.3732756 -0.0634251 0.3401882 0.0912648 -0.2579865 -0.4800807 -0.8670006 -0.1335384 0.8960480 0.2225619 -0.3841408 -0.3592335 -0.9200607 -0.1563320 0.7791866 0.2090381 -0.5909071
-0.1685300 -0.3044850 -0.0473202 0.3444115 0.0448493 -0.1416553 -0.1449496 -0.3731140 -0.0636583 0.3195605 0.0782415 -0.2395408 -0.4798472 -0.8669451 -0.1347325 0.9181958 0.1195676 -0.3776508 -0.3576258 -0.9205628 -0.1570604 0.7852287 0.1922561 -0.5886030
-0.1685891 -0.3042293 -0.0476500 0.3367702 0.0290977 -0.1357174 -0.1447558 -0.3728214 -0.0637781 0.2855808 0.0591759 -0.2237661 -0.4802186 -0.8665839 -0.1357290 0.9245509 0.0798833 -0.3725913 -0.3574297 -0.9205672 -0.1574804 0.7768801 0.1609792 -0.6087224
-0.1684516 -0.3037558 -0.0473071 0.3196592 0.0204891 -0.1315480 -0.1443267 -0.3724107 -0.0627210 0.2716414 0.0501737 -0.1953700 -0.4805427 -0.8665254 -0.1349532 0.9231356 0.0591699 -0.3798941 -0.3569843 -0.9211377 -0.1551370 0.8028584 0.1482925 -0.5774320
-0.1680726 -0.3026808 -0.0483028 0.3027696 0.0072407 -0.1207491 -0.1437715 -0.3714586 -0.0628717 0.2598436 0.0399943 -0.1605389 -0.4808020 -0.8658730 -0.1381788 0.9286266 0.0222080 -0.3703504 -0.3565386 -0.9211790 -0.1559153 0.8435281 0.1298331 -0.5211561
-0.1679467 -0.3024349 -0.0482013 0.3168110 -0.0154606 -0.1234578 -0.1442700 -0.3714950 -0.0624596 0.2077752 0.0265202 -0.1882354 -0.4808372 -0.8658816 -0.1380020 0.9307908 -0.0454233 -0.3627192 -0.3576439 -0.9209324 -0.1548366 0.7378015 0.0941722 -0.6684165
-0.1684457 -0.3013760 -0.0476730 0.3114001 -0.0167632 -0.1221195 -0.1443268 -0.3703103 -0.0617988 0.2705593 -0.0298750 -0.2131600 -0.4833013 -0.8647025 -0.1367826 0.9298044 -0.0500530 -0.3646347 -0.3588276 -0.9206714 -0.1536452 0.7825649 -0.0864103 -0.6165431
-0.1689069 -0.3005687 -0.0474841 0.3107832 -0.0176642 -0.1234865 -0.1447238 -0.3694750 -0.0616399 0.2707270 -0.0290867 -0.2151014 -0.4853209 -0.8636254 -0.1364362 0.9280331 -0.0527473 -0.3687443 -0.3603974 -0.9200826 -0.1534983 0.7801970 -0.0838238 -0.6198921
-0.1700672 -0.2995909 -0.0469132 0.3026825 -0.0160145 -0.1229302 -0.1456555 -0.3683864 -0.0612176 0.2636931 -0.0259557 -0.2151771 -0.4891546 -0.8616963 -0.1349339 0.9253923 -0.0489612 -0.3758348 -0.3633769 -0.9190390 -0.1527238 0.7725367 -0.0760419 -0.6304004
-0.1702207 -0.2991774 -0.0465602 0.2984366 -0.0196460 -0.1192457 -0.1460745 -0.3679679 -0.0613344 0.2597031 -0.0287433 -0.2116885 -0.4900593 -0.8613210 -0.1340451 0.9268847 -0.0610166 -0.3703534 -0.3646169 -0.9184856 -0.1530968 0.7722835 -0.0854744 -0.6295017
-0.1703635 -0.2988218 -0.0463975 0.2947984 -0.0211032 -0.1190256 -0.1461788 -0.3676024 -0.0611570 0.2568516 -0.0274652 -0.2120227 -0.4908349 -0.8609366 -0.1336761 0.9252358 -0.0662332 -0.3735663 -0.3651733 -0.9183177 -0.1527780 0.7685874 -0.0821852 -0.6344439
-0.1707761 -0.2982444 -0.0462683 0.2963855 -0.0191641 -0.1177874 -0.1465456 -0.3670127 -0.0610123 0.2402309 0.0342746 -0.1443055 -0.4924653 -0.8600442 -0.1334233 0.9276303 -0.0599800 -0.3686521 -0.3664827 -0.9178288 -0.1525800 0.8508896 0.1213995 -0.5111253
-0.1710063 -0.2975613 -0.0463071 0.2998764 -0.0123537 -0.1201297 -0.1467824 -0.3663181 -0.0611155 0.2332956 0.0381734 -0.1941379 -0.4937962 -0.8592354 -0.1337159 0.9276073 -0.0382137 -0.3715970 -0.3675663 -0.9173183 -0.1530429 0.7626582 0.1247913 -0.6346492
-0.1711230 -0.2974339 -0.0463657 0.2972581 -0.0012645 -0.1242696 -0.1466658 -0.3660878 -0.0612674 0.2370753 0.0374828 -0.1945668 -0.4941961 -0.8589764 -0.1339021 0.9226151 -0.0039247 -0.3857019 -0.3674868 -0.9172718 -0.1535119 0.7672945 0.1213132 -0.6297160
-0.1872858 -0.2480634 -0.0382124 0.3190866 0.0147139 -0.1336162 -0.1559160 -0.3418653 -0.0568147 0.2765014 0.0455499 -0.2070994 -0.5980441 -0.7921201 -0.1220205 0.9215613 0.0424956 -0.3859001 -0.4102917 -0.8996156 -0.1495074 0.7935163 0.1307212 -0.5943432
-0.1707619 -0.2965817 -0.0471650 0.3313339 0.0272548 -0.1349190 -0.1468491 -0.3656231 -0.0611298 0.2984514 0.0538488 -0.2276062 -0.4942982 -0.8585043 -0.1365269 0.9234836 0.0759637 -0.3760420 -0.3682965 -0.9169802 -0.1533131 0.7870967 0.1420138 -0.6002590
-0.1935427 -0.2322290 -0.0328488 0.3324712 0.0233743 -0.1376528 -0.1618284 -0.3255633 -0.0531423 0.3288145 0.0621678 -0.2406231 -0.6364742 -0.7636958 -0.1080247 0.9219966 0.0648207 -0.3817335 -0.4404347 -0.8860579 -0.1446327 0.7977661 0.1508308 -0.5837973
-0.1710191 -0.2957708 -0.0474031 0.3476015 0.0384063 -0.1364771 -0.1450460 -0.3638236 -0.0624953 0.3360570 0.0644239 -0.2447147 -0.4958119 -0.8574869 -0.1374293 0.9259408 0.1023067 -0.3635477 -0.3657005 -0.9172980 -0.1575675 0.7988460 0.1531430 -0.5817150
-0.1711592 -0.2959655 -0.0466688 0.3570611 0.0701589 -0.1389000 -0.1453485 -0.3640398 -0.0619441 0.3573522 0.0718297 -0.2515075 -0.4960219 -0.8577124 -0.1352470 0.9167230 0.1801268 -0.3566136 -0.3662576 -0.9173283 -0.1560904 0.8069373 0.1621987 -0.5679293
-0.1713786 -0.2979500 -0.0449377 0.3640431 0.0726669 -0.1594353 -0.1457960 -0.3660221 -0.0606012 0.3802694 0.0821790 -0.2711662 -0.4943893 -0.8595196 -0.1296354 0.9010651 0.1798622 -0.3946280 -0.3657481 -0.9182137 -0.1520260 0.8018755 0.1732912 -0.5718093
-0.1713691 -0.2997196 -0.0450283 0.3715136 0.0765641 -0.1588032 -0.1456122 -0.3675928 -0.0612604 0.3950938 0.0898324 -0.2748467 -0.4921905 -0.8608271 -0.1293262 0.9034398 0.1861872 -0.3861747 -0.3639394 -0.9187517 -0.1531127 0.8069701 0.1834806 -0.5613681
-0.1711130 -0.3001668 -0.0454390 0.3812322 0.0860296 -0.1616950 -0.1458169 -0.3682423 -0.0615488 0.4094764 0.0975254 -0.2847275 -0.4910143 -0.8613384 -0.1303886 0.9013706 0.2034051 -0.3823054 -0.3638003 -0.9187323 -0.1535589 0.8057626 0.1919093 -0.5602833
-0.1706776 -0.3019073 -0.0460640 0.4192841 0.1069108 -0.2343831 -0.1454437 -0.3700093 -0.0621567 0.4390988 0.1174130 -0.3053105 -0.4878480 -0.8629419 -0.1316648 0.8520266 0.2172533 -0.4762896 -0.3614424 -0.9195106 -0.1544656 0.8019377 0.2144344 -0.5575965
-0.1705380 -0.3032354 -0.0466933 0.4212418 0.1065529 -0.2375498 -0.1451894 -0.3711867 -0.0632337 0.4427200 0.1179639 -0.3078490 -0.4858352 -0.8638689 -0.1330217 0.8506411 0.2151692 -0.4796998 -0.3597744 -0.9197882 -0.1566909 0.8020507 0.2137085 -0.5577126
-0.1700857 -0.3043015 -0.0473714 0.4138341 0.1109613 -0.1749695 -0.1456226 -0.3725440 -0.0640476 0.4426439 0.1203051 -0.2709467 -0.4834544 -0.8649517 -0.1346492 0.8941932 0.2397599 -0.3780658 -0.3594831 -0.9196597 -0.1581074 0.8308712 0.2258204 -0.5085845
-0.1694495 -0.3090484 -0.0482617 0.4380879 0.1167422 -0.2500678 -0.1447532 -0.3770251 -0.0656615 0.4604457 0.1246134 -0.3205779 -0.4763254 -0.8687401 -0.1356643 0.8461086 0.2254720 -0.4829727 -0.3537804 -0.9214587 -0.1604783 0.8011582 0.2168226 -0.5577934
-0.1688647 -0.3103702 -0.0491565 0.4419615 0.1188158 -0.2490867 -0.1444851 -0.3785072 -0.0663731 0.4687023 0.1294175 -0.3176868 -0.4733591 -0.8700252 -0.1377947 0.8482160 0.2280322 -0.4780491 -0.3519330 -0.9219577 -0.1616699 0.8069620 0.2228174 -0.5469596
-0.1684502 -0.3108299 -0.0493766 0.4441044 0.1198741 -0.2487809 -0.1450391 -0.3792844 -0.0666753 0.4717067 0.1311397 -0.3169314 -0.4718867 -0.8707412 -0.1383207 0.8492078 0.2292209 -0.4757141 -0.3524578 -0.9216945 -0.1620268 0.8087915 0.2248530 -0.5434128
-0.1679659 -0.3115301 -0.0495730 0.4460182 0.1204112 -0.2480039 -0.1452333 -0.3805089 -0.0656484 0.4738356 0.1320010 -0.3160124 -0.4699914 -0.8717036 -0.1387120 0.8506208 0.2296415 -0.4729790 -0.3520465 -0.9223558 -0.1591321 0.8104690 0.2257802 -0.5405214
-0.1681260 -0.3099011 -0.0493174 0.4469290 0.1203121 -0.2471717 -0.1451417 -0.3787089 -0.0657610 0.4750796 0.1327150 -0.3148983 -0.4722618 -0.8705044 -0.1385312 0.8517734 0.2292951 -0.4710687 -0.3532579 -0.9217328 -0.1600546 0.8118056 0.2267805 -0.5380913
-0.1675365 -0.3112138 -0.0493224 0.4459107 0.1201773 -0.2457166 -0.1449608 -0.3801102 -0.0659574 0.4731456 0.1328071 -0.3137745 -0.4694626 -0.8720683 -0.1382088 0.8524045 0.2297314 -0.4697127 -0.3517391 -0.9223157 -0.1600419 0.8114871 0.2277761 -0.5381513
-0.1673686 -0.3103522 -0.0491170 0.4130897 0.1016380 -0.1818938 -0.1448220 -0.3792558 -0.0657641 0.4428529 0.1154404 -0.2770350 -0.4701231 -0.8717511 -0.1379651 0.8928487 0.2196796 -0.3931439 -0.3521437 -0.9221842 -0.1599095 0.8278079 0.2157883 -0.5178509
-0.1676519 -0.3109946 -0.0488022 0.4068189 0.1008374 -0.1765001 -0.1448546 -0.3797620 -0.0656708 0.4343065 0.1161994 -0.3060460 -0.4700608 -0.8719634 -0.1368311 0.8945460 0.2217293 -0.3881026 -0.3518266 -0.9223757 -0.1595028 0.7985565 0.2136551 -0.5627247
-0.1673446 -0.3111005 -0.0491115 0.3932909 0.0931440 -0.1784494 -0.1444022 -0.3798968 -0.0656629 0.4021868 0.1012431 -0.2869515 -0.4692115 -0.8722836 -0.1377021 0.8901773 0.2108228 -0.4039035 -0.3507582 -0.9227834 -0.1594976 0.7974726 0.2007490 -0.5689792
-0.1670827 -0.3113668 -0.0492848 0.3704938 0.0794575 -0.1702392 -0.1436014 -0.3801511 -0.0651144 0.3777226 0.0940530 -0.2796300 -0.4683019 -0.8727037 -0.1381362 0.8918877 0.1912776 -0.4098160 -0.3489253 -0.9236984 -0.1582162 0.7880975 0.1962364 -0.5834326
-0.1655543 -0.3166565 -0.0504563 0.3524996 0.0674440 -0.1680679 -0.1422364 -0.3854925 -0.0663027 0.3432863 0.0792155 -0.2581174 -0.4587675 -0.8774867 -0.1398195 0.8894829 0.1701854 -0.4240956 -0.3417410 -0.9261946 -0.1593006 0.7860130 0.1813775 -0.5910041
-0.1653903 -0.3157799 -0.0500606 0.3303137 0.0628605 -0.1624664 -0.1423783 -0.3846965 -0.0660026 0.3210807 0.0706717 -0.2465969 -0.4594582 -0.8772444 -0.1390696 0.8845272 0.1683304 -0.4350592 -0.3426881 -0.9259202 -0.1588606 0.7812730 0.1719626 -0.6000345
-0.1652703 -0.3151131 -0.0497861 0.3100100 0.0125638 -0.1416015 -0.1424749 -0.3840542 -0.0659345 0.2821504 0.0480288 -0.1999477 -0.4599916 -0.8770443 -0.1385680 0.9089873 0.0368386 -0.4151928 -0.3433937 -0.9256493 -0.1589155 0.8081431 0.1375655 -0.5726958
-0.1662145 -0.3108152 -0.0490437 0.3067517 0.0065730 -0.1338452 -0.1435434 -0.3797864 -0.0652402 0.2635471 0.0362601 -0.1741660 -0.4670742 -0.8734119 -0.1378161 0.9163737 0.0196358 -0.3998421 -0.3490705 -0.9235688 -0.1586518 0.8288397 0.1140358 -0.5477414
-0.1667670 -0.3093908 -0.0496381 0.2965112 -0.0212550 -0.1102240 -0.1447108 -0.3785547 -0.0658645 0.2540047 0.0314878 -0.1585791 -0.4698167 -0.8716173 -0.1398408 0.9352223 -0.0670401 -0.3476563 -0.3524472 -0.9219805 -0.1604149 0.8436079 0.1045782 -0.5266774
-0.1663166 -0.3079947 -0.0503033 0.2849949 -0.0279064 -0.1025772 -0.1437652 -0.3769618 -0.0666876 0.2407200 0.0242568 -0.1485573 -0.4703158 -0.8709582 -0.1422494 0.9369412 -0.0917443 -0.3372300 -0.3515726 -0.9218465 -0.1630820 0.8478800 0.0854389 -0.5232587
-0.1669496 -0.3067401 -0.0498340 0.2788073 -0.0388603 -0.0903978 -0.1444065 -0.3757705 -0.0659634 0.2435144 -0.0495984 -0.1840348 -0.4732563 -0.8695243 -0.1412658 0.9429967 -0.1314354 -0.3057481 -0.3539972 -0.9211614 -0.1617024 0.7874662 -0.1603891 -0.5951238
-0.1670878 -0.3056567 -0.0497100 0.2794023 -0.0393236 -0.0889136 -0.1439662 -0.3744446 -0.0660574 0.2411290 -0.0516560 -0.1811752 -0.4748510 -0.8686534 -0.1412721 0.9444571 -0.1329246 -0.3005526 -0.3540999 -0.9209859 -0.1624750 0.7880034 -0.1688103 -0.5920758
-0.1671785 -0.3043839 -0.0499857 0.2920406 -0.0347781 -0.1154573 -0.1442256 -0.3733075 -0.0659984 0.2543570 -0.0464029 -0.2080532 -0.4764936 -0.8675576 -0.1424696 0.9243104 -0.1100729 -0.3654233 -0.3555815 -0.9203724 -0.1627160 0.7664385 -0.1398231 -0.6269143
-0.1673308 -0.3028099 -0.0494509 0.3067053 -0.0165032 -0.1371460 -0.1443516 -0.3717149 -0.0655081 0.2693052 -0.0284370 -0.2298181 -0.4787944 -0.8664494 -0.1414971 0.9117902 -0.0490616 -0.4077152 -0.3572132 -0.9198479 -0.1621066 0.7582294 -0.0800644 -0.6470533
-0.1674238 -0.3023067 -0.0492130 0.3127557 -0.0142291 -0.1385967 -0.1445644 -0.3712535 -0.0652639 0.2754588 -0.0260147 -0.2313305 -0.4796436 -0.8660626 -0.1409877 0.9134615 -0.0415587 -0.4047975 -0.3580835 -0.9195885 -0.1616576 0.7637852 -0.0721329 -0.6414273
