-0.1627427 -0.3290969 -0.0493743 0.2242699 0.4233978 -0.2435549 -0.1373352 -0.4146822 -0.0733324 0.2079861 0.4684105 -0.2681404 -0.4393195 -0.8883882 -0.1332847 0.4172641 0.7877503 -0.4531447 -0.3100505 -0.9361943 -0.1655565 0.3595784 0.8098149 -0.4635765
-0.1641394 -0.3265406 -0.0482702 0.2378842 0.4391694 -0.2391371 -0.1376808 -0.4147516 -0.0738976 0.2274663 0.4987969 -0.2616522 -0.4452482 -0.8857816 -0.1309389 0.4295834 0.7930745 -0.4318460 -0.3106442 -0.9357887 -0.1667324 0.3744580 0.8211262 -0.4307354
-0.1641523 -0.3265754 -0.0485316 0.2477179 0.4538613 -0.2342695 -0.1386366 -0.4141442 -0.0736905 0.2393154 0.5144546 -0.2571542 -0.4451977 -0.8857057 -0.1316226 0.4363852 0.7995320 -0.4126942 -0.3130157 -0.9350610 -0.1663796 0.3841662 0.8258393 -0.4128023
-0.1646984 -0.3248357 -0.0482426 0.2553058 0.4606007 -0.2296658 -0.1386789 -0.4131931 -0.0742994 0.2509301 0.5270757 -0.2503304 -0.4483002 -0.8841853 -0.1313137 0.4443762 0.8017052 -0.3997481 -0.3136595 -0.9345467 -0.1680481 0.3950602 0.8298193 -0.3941160
-0.1645486 -0.3246243 -0.0491964 0.2626858 0.4662540 -0.2239831 -0.1385019 -0.4129243 -0.0750185 0.2588771 0.5326553 -0.2426287 -0.4480479 -0.8839167 -0.1339565 0.4527954 0.8036891 -0.3860831 -0.3133905 -0.9343302 -0.1697456 0.4044916 0.8322661 -0.3791038
-0.1646019 -0.3246112 -0.0497789 0.2701313 0.4712327 -0.2192787 -0.1389209 -0.4125554 -0.0752131 0.2719989 0.5423245 -0.2355992 -0.4480823 -0.8836626 -0.1355092 0.4611641 0.8044813 -0.3743493 -0.3144665 -0.9338758 -0.1702552 0.4179131 0.8332552 -0.3619867
-0.1644090 -0.3259653 -0.0507571 0.2760750 0.4730974 -0.2149715 -0.1389448 -0.4125221 -0.0754655 0.2765210 0.5432766 -0.2302138 -0.4460462 -0.8843529 -0.1377054 0.4691712 0.8039978 -0.3653299 -0.3145067 -0.9337593 -0.1708189 0.4243578 0.8337292 -0.3532933
-0.1638197 -0.3264048 -0.0518428 0.2788774 0.4742345 -0.2130680 -0.1387373 -0.4109558 -0.0753881 0.2794913 0.5453872 -0.2283586 -0.4441131 -0.8848789 -0.1405451 0.4726947 0.8038231 -0.3611483 -0.3151363 -0.9334697 -0.1712410 0.4273596 0.8339310 -0.3491745
-0.1636938 -0.3265481 -0.0524036 0.2804700 0.4746876 -0.2127991 -0.1384819 -0.4113354 -0.0758693 0.2802930 0.5455094 -0.2284232 -0.4435910 -0.8849073 -0.1420075 0.4745725 0.8032006 -0.3600691 -0.3143015 -0.9335757 -0.1721946 0.4282794 0.8335221 -0.3490238
-0.1631509 -0.3267509 -0.0527133 0.2795606 0.4745839 -0.2152946 -0.1376512 -0.4123008 -0.0764961 0.2788984 0.5443284 -0.2315173 -0.4421400 -0.8854971 -0.1428535 0.4727221 0.8024962 -0.3640517 -0.3118854 -0.9341771 -0.1733223 0.4264691 0.8323434 -0.3540178
-0.1630063 -0.3265020 -0.0530117 0.2712638 0.4696825 -0.2245874 -0.1373700 -0.4126347 -0.0769122 0.2679840 0.5339165 -0.2444567 -0.4420376 -0.8854022 -0.1437560 0.4620812 0.8000753 -0.3825709 -0.3110392 -0.9343057 -0.1741481 0.4151717 0.8271650 -0.3787221
-0.1628611 -0.3263364 -0.0534213 0.2588006 0.4561946 -0.2344295 -0.1369733 -0.4129101 -0.0787714 0.2438416 0.5063686 -0.2614560 -0.4418256 -0.8853172 -0.1449266 0.4504810 0.7940745 -0.4080594 -0.3098172 -0.9339530 -0.1781715 0.3933813 0.8169073 -0.4217981
-0.1619905 -0.3276066 -0.0542934 0.2356317 0.4319944 -0.2541751 -0.1367812 -0.4138689 -0.0798583 0.2159101 0.4703177 -0.2822738 -0.4384295 -0.8866716 -0.1469458 0.4254455 0.7799887 -0.4589267 -0.3086630 -0.9339441 -0.1802096 0.3662680 0.7978430 -0.4788469
-0.1621186 -0.3282188 -0.0539424 0.2253596 0.3963719 -0.2587543 -0.1368450 -0.4146380 -0.0795083 0.1961991 0.4263878 -0.2979303 -0.4381267 -0.8870137 -0.1457796 0.4298600 0.7560558 -0.4935585 -0.3083371 -0.9342562 -0.1791469 0.3529177 0.7669750 -0.5359090
-0.1619389 -0.3286365 -0.0536446 0.2150546 0.3640830 -0.2613214 -0.1367443 -0.4152859 -0.0794978 0.1710810 0.3784142 -0.3070567 -0.4373472 -0.8875460 -0.1448775 0.4326311 0.7324357 -0.5257074 -0.3077134 -0.9345105 -0.1788926 0.3312454 0.7326817 -0.5945200
-0.1619695 -0.3296631 -0.0538525 0.2059383 0.3460554 -0.2495424 -0.1371979 -0.4152737 -0.0792621 0.1449613 0.3327609 -0.3242417 -0.4363045 -0.8880284 -0.1450650 0.4347010 0.7304644 -0.5267417 -0.3086740 -0.9343017 -0.1783275 0.2978457 0.6837093 -0.6662053
-0.1619539 -0.3295951 -0.0537342 0.1572841 0.2972052 -0.3068982 -0.1369024 -0.4146615 -0.0792018 0.0700993 0.3013276 -0.4238040 -0.4363617 -0.8880470 -0.1447793 0.3454868 0.6528346 -0.6741260 -0.3084770 -0.9343410 -0.1784624 0.1335960 0.5742730 -0.8076897
-0.1621991 -0.3303204 -0.0533307 0.1607397 0.2863528 -0.3003297 -0.1369081 -0.4159314 -0.0796379 0.0670193 0.2918015 -0.4253690 -0.4362078 -0.8883424 -0.1434240 0.3612055 0.6434763 -0.6748844 -0.3076121 -0.9345359 -0.1789344 0.1288408 0.5609716 -0.8177475
-0.1618997 -0.3310270 -0.0536092 0.1610753 0.2809164 -0.2995683 -0.1358752 -0.4165074 -0.0802864 0.0663760 0.2860690 -0.4257719 -0.4347740 -0.8889576 -0.1439650 0.3651380 0.6368031 -0.6790847 -0.3050593 -0.9351188 -0.1802545 0.1283306 0.5530830 -0.8231831
-0.1615196 -0.3305457 -0.0535546 0.1778888 0.2656168 -0.2494571 -0.1347309 -0.4164667 -0.0805814 0.1170552 0.2830807 -0.3410377 -0.4344545 -0.8890999 -0.1440507 0.4386962 0.6550446 -0.6151928 -0.3027161 -0.9357260 -0.1810519 0.2553482 0.6175220 -0.7439515
-0.1611644 -0.3317121 -0.0533699 0.2089917 0.3178847 -0.2386740 -0.1346175 -0.4161545 -0.0793757 0.1194061 0.2864623 -0.3393693 -0.4325020 -0.8901848 -0.1432238 0.4653535 0.7078214 -0.5314461 -0.3028311 -0.9361674 -0.1785609 0.2596461 0.6229061 -0.7379511
-0.1606010 -0.3324177 -0.0532795 0.2075892 0.3210733 -0.2391800 -0.1344121 -0.4164765 -0.0794008 0.1338674 0.3138690 -0.3298647 -0.4305596 -0.8911877 -0.1428385 0.4603007 0.7119362 -0.5303490 -0.3022033 -0.9363781 -0.1785195 0.2820637 0.6613340 -0.6950377
-0.1605946 -0.3325307 -0.0535545 0.2163955 0.3239256 -0.2430292 -0.1345487 -0.4163896 -0.0794531 0.1526005 0.3401423 -0.3159761 -0.4303840 -0.8911626 -0.1435229 0.4712966 0.7054909 -0.5293034 -0.3025313 -0.9362474 -0.1786494 0.3122600 0.6960190 -0.6465688
-0.1604909 -0.3326949 -0.0535954 0.2130306 0.3567509 -0.2566281 -0.1344798 -0.4166333 -0.0796125 0.1682755 0.3732149 -0.3038461 -0.4299820 -0.8913456 -0.1435912 0.4362020 0.7304839 -0.5254722 -0.3022161 -0.9362989 -0.1789129 0.3300608 0.7320354 -0.5959732
-0.1610896 -0.3289969 -0.0528611 0.2173802 0.3698146 -0.2507578 -0.1342638 -0.4155993 -0.0797069 0.1783021 0.4179015 -0.2919323 -0.4352452 -0.8889110 -0.1428244 0.4374843 0.7442634 -0.5046578 -0.3024214 -0.9361135 -0.1795352 0.3301563 0.7738150 -0.5405619
-0.1606342 -0.3302434 -0.0534535 0.2291405 0.3945480 -0.2411516 -0.1345367 -0.4147689 -0.0793237 0.2001602 0.4373572 -0.2755864 -0.4328499 -0.8898844 -0.1440374 0.4440111 0.7645252 -0.4672852 -0.3035580 -0.9358519 -0.1789797 0.3610781 0.7889686 -0.4971429
-0.1607964 -0.3309495 -0.0535073 0.2392363 0.4223335 -0.2318678 -0.1344511 -0.4152790 -0.0787665 0.2163964 0.4677882 -0.2620880 -0.4324640 -0.8900928 -0.1439085 0.4447399 0.7851174 -0.4310419 -0.3031239 -0.9362589 -0.1775814 0.3742430 0.8090082 -0.4532636
-0.1605148 -0.3300470 -0.0538577 0.2448241 0.4395957 -0.2269456 -0.1339137 -0.4148845 -0.0786796 0.2265653 0.4969766 -0.2510427 -0.4327241 -0.8897578 -0.1451923 0.4435340 0.7963905 -0.4111445 -0.3022856 -0.9365255 -0.1776047 0.3769080 0.8267571 -0.4176280
-0.1608060 -0.3305438 -0.0535605 0.2484172 0.4473384 -0.2233810 -0.1348958 -0.4137832 -0.0780473 0.2340052 0.5074193 -0.2452917 -0.4328963 -0.8898375 -0.1441872 0.4449366 0.8012214 -0.4000946 -0.3050843 -0.9358239 -0.1765139 0.3834601 0.8314989 -0.4019551
-0.1608388 -0.3313067 -0.0536934 0.2560878 0.4573341 -0.2175523 -0.1351696 -0.4131019 -0.0774049 0.2438583 0.5214413 -0.2351731 -0.4321559 -0.8901842 -0.1442682 0.4512503 0.8058648 -0.3833473 -0.3061652 -0.9356943 -0.1753256 0.3921614 0.8385574 -0.3781943
-0.1614632 -0.3304139 -0.0532489 0.2643037 0.4668120 -0.2116441 -0.1352345 -0.4133653 -0.0772820 0.2546157 0.5312202 -0.2284272 -0.4345198 -0.8891893 -0.1433001 0.4583172 0.8094779 -0.3670026 -0.3061424 -0.9357720 -0.1749501 0.4029845 0.8407709 -0.3615354
-0.1615660 -0.3285966 -0.0528706 0.2675319 0.4698723 -0.2096050 -0.1355424 -0.4120499 -0.0769788 0.2586164 0.5341386 -0.2260167 -0.4367054 -0.8881813 -0.1429069 0.4613390 0.8102601 -0.3614483 -0.3076676 -0.9353120 -0.1747342 0.4072472 0.8411162 -0.3559119
-0.1617404 -0.3286817 -0.0529296 0.2678246 0.4707995 -0.2091105 -0.1358559 -0.4121031 -0.0770108 0.2590612 0.5345651 -0.2257091 -0.4369875 -0.8880269 -0.1430044 0.4612804 0.8108688 -0.3601558 -0.3082729 -0.9351104 -0.1747465 0.4076711 0.8412174 -0.3551866
-0.1652996 -0.3208122 -0.0484140 0.2681498 0.4719003 -0.2088052 -0.1362076 -0.4099878 -0.0763469 0.2592545 0.5357691 -0.2251584 -0.4539615 -0.8810453 -0.1329591 0.4610995 0.8114606 -0.3590530 -0.3104690 -0.9345185 -0.1740237 0.4074004 0.8419239 -0.3538207
-0.1653065 -0.3206940 -0.0484311 0.2653806 0.4710849 -0.2117578 -0.1362638 -0.4098963 -0.0763299 0.2561629 0.5351315 -0.2285003 -0.4541038 -0.8809594 -0.1330422 0.4570170 0.8112643 -0.3646721 -0.3106474 -0.9344611 -0.1740131 0.4029205 0.8417123 -0.3594098
-0.1650438 -0.3207808 -0.0485924 0.2568748 0.4664525 -0.2185494 -0.1361381 -0.4101633 -0.0760521 0.2424676 0.5229390 -0.2401931 -0.4534084 -0.8812493 -0.1334931 0.4462656 0.8103626 -0.3796834 -0.3102461 -0.9347240 -0.1733158 0.3882846 0.8374279 -0.3846422
-0.1640907 -0.3220847 -0.0490063 0.2411692 0.4552114 -0.2341869 -0.1355085 -0.4115467 -0.0763338 0.2178198 0.5018382 -0.2621364 -0.4498322 -0.8829511 -0.1343440 0.4261822 0.8044268 -0.4138433 -0.3080057 -0.9354298 -0.1735038 0.3590641 0.8272529 -0.4321175
-0.1636049 -0.3233939 -0.0497197 0.2235851 0.4350017 -0.2455859 -0.1355130 -0.4119931 -0.0766631 0.2000155 0.4747893 -0.2726326 -0.4472312 -0.8840314 -0.1359141 0.4085294 0.7948247 -0.4487287 -0.3076828 -0.9354320 -0.1740639 0.3431450 0.8145449 -0.4677265
-0.1642433 -0.3249577 -0.0493814 0.2158371 0.3953619 -0.2522443 -0.1362412 -0.4136820 -0.0763878 0.1774125 0.4296731 -0.2938377 -0.4469939 -0.8843839 -0.1343933 0.4180787 0.7658201 -0.4885998 -0.3081075 -0.9355358 -0.1727498 0.3226030 0.7813081 -0.5343080
-0.1644416 -0.3251017 -0.0500949 0.2117505 0.3680113 -0.2549640 -0.1369901 -0.4129322 -0.0769672 0.1696472 0.3779780 -0.3019438 -0.4471532 -0.8840239 -0.1362193 0.4275588 0.7430748 -0.5148139 -0.3100600 -0.9346204 -0.1742056 0.3309173 0.7372917 -0.5889777
-0.1628801 -0.3288603 -0.0538147 0.1930533 0.3138931 -0.2615749 -0.1372578 -0.4136458 -0.0777515 0.1562533 0.3392992 -0.3184367 -0.4391350 -0.8866284 -0.1450879 0.4271971 0.6945968 -0.5788247 -0.3100434 -0.9343596 -0.1756282 0.3183272 0.6912379 -0.6487357
-0.1627129 -0.3297566 -0.0546364 0.1847201 0.2958403 -0.2684304 -0.1365731 -0.4156117 -0.0790181 0.1491624 0.3140076 -0.3234612 -0.4376914 -0.8870322 -0.1469697 0.4197123 0.6721944 -0.6099150 -0.3072130 -0.9348938 -0.1777466 0.3141289 0.6612850 -0.6811939
-0.1623106 -0.3303347 -0.0550372 0.1545795 0.2832017 -0.3169005 -0.1360148 -0.4159395 -0.0807693 0.1473769 0.3057463 -0.3223058 -0.4361442 -0.8876411 -0.1478901 0.3418062 0.6262155 -0.7007301 -0.3056479 -0.9346852 -0.1815020 0.3148664 0.6532179 -0.6885967
-0.1614026 -0.3309073 -0.0555053 0.1540907 0.2837866 -0.3165619 -0.1345236 -0.4164615 -0.0812527 0.1460545 0.3013449 -0.3216021 -0.4334908 -0.8887421 -0.1490746 0.3407534 0.6275605 -0.7000393 -0.3022135 -0.9355998 -0.1825379 0.3145735 0.6490395 -0.6926697
-0.1604938 -0.3316427 -0.0552868 0.1527873 0.2846474 -0.3170984 -0.1334974 -0.4165985 -0.0808517 0.1437467 0.2986669 -0.3226377 -0.4307853 -0.8901699 -0.1483967 0.3375169 0.6288044 -0.7004908 -0.3000791 -0.9364416 -0.1817407 0.3107645 0.6456850 -0.6975072
-0.1599164 -0.3320747 -0.0554446 0.1786615 0.2839870 -0.2715185 -0.1325078 -0.4172138 -0.0810796 0.1432086 0.2986491 -0.3239186 -0.4290512 -0.8909470 -0.1487564 0.4139380 0.6579648 -0.6290768 -0.2976392 -0.9371461 -0.1821210 0.3091225 0.6446483 -0.6991938
-0.1596979 -0.3322254 -0.0553969 0.1799860 0.2866214 -0.2722053 -0.1323679 -0.4171395 -0.0806527 0.1441823 0.3027981 -0.3249877 -0.4284265 -0.8912712 -0.1486149 0.4143993 0.6599163 -0.6267246 -0.2974512 -0.9373768 -0.1812391 0.3087392 0.6483852 -0.6959000
