-0.2198707 -0.2309981 -0.0746106 0.2784458 0.0724886 -0.4020523 -0.2077249 -0.3284530 -0.0964067 0.2613254 0.0165957 -0.5544391 -0.6713180 -0.7052925 -0.2278039 0.5631979 0.1466189 -0.8132103 -0.5187851 -0.8202992 -0.2407723 0.4261923 0.0270657 -0.9042276
-0.2193064 -0.2304193 -0.0754024 0.2725010 0.0542511 -0.4259913 -0.2070424 -0.3278730 -0.0971377 0.2624437 -0.0060442 -0.5406731 -0.6708347 -0.7048279 -0.2306479 0.5357920 0.1066686 -0.8375851 -0.5179250 -0.8201876 -0.2429939 0.4366543 -0.0100564 -0.8995732
-0.2184398 -0.2293007 -0.0760952 0.2707147 0.0058393 -0.4486400 -0.2060635 -0.3267731 -0.0976859 0.2597439 -0.0254619 -0.5262101 -0.6706629 -0.7040085 -0.2336306 0.5166100 0.0111432 -0.8561483 -0.5171254 -0.8200513 -0.2451471 0.4422095 -0.0433484 -0.8958636
-0.2182743 -0.2296988 -0.0759134 0.2711212 0.0036241 -0.4471344 -0.2056210 -0.3270267 -0.0979919 0.2584678 -0.0391174 -0.5159703 -0.6698933 -0.7049557 -0.2329817 0.5184721 0.0069305 -0.8550665 -0.5159442 -0.8205754 -0.2458813 0.4468571 -0.0676289 -0.8920454
-0.2175292 -0.2299110 -0.0762417 0.2715418 -0.0015438 -0.4448705 -0.2048240 -0.3272021 -0.0984558 0.2569327 -0.0477499 -0.5105169 -0.6681645 -0.7061967 -0.2341846 0.5209957 -0.0029620 -0.8535541 -0.5141407 -0.8213291 -0.2471396 0.4479947 -0.0832580 -0.8901510
-0.2171653 -0.2296941 -0.0765636 0.2717186 -0.0051485 -0.4411419 -0.2044271 -0.3269907 -0.0987356 0.2564807 -0.0502079 -0.5079717 -0.6677045 -0.7062259 -0.2354052 0.5244168 -0.0099366 -0.8514037 -0.5135419 -0.8214341 -0.2480338 0.4489734 -0.0878897 -0.8892122
-0.2170970 -0.2298335 -0.0761572 0.2717001 -0.0041447 -0.4374786 -0.2043768 -0.3271647 -0.0981909 0.2564505 -0.0502564 -0.5078428 -0.6675817 -0.7067470 -0.2341864 0.5275724 -0.0080480 -0.8494719 -0.5134381 -0.8219076 -0.2466765 0.4490179 -0.0879937 -0.8891794
-0.2166668 -0.2294990 -0.0759884 0.2724996 -0.0029705 -0.4376551 -0.2040358 -0.3268714 -0.0978930 0.2577974 -0.0441505 -0.5086873 -0.6674147 -0.7069425 -0.2340725 0.5285461 -0.0057616 -0.8488850 -0.5132127 -0.8221819 -0.2462310 0.4507034 -0.0771877 -0.8893304
-0.2167128 -0.2294606 -0.0755784 0.2727778 0.0043750 -0.4414080 -0.2042698 -0.3268462 -0.0975356 0.2593810 -0.0306915 -0.5202574 -0.6677459 -0.7070250 -0.2328757 0.5256743 0.0084311 -0.8506441 -0.5137863 -0.8220945 -0.2453247 0.4455638 -0.0527218 -0.8936964
-0.2168961 -0.2293253 -0.0755707 0.2807609 0.0540839 -0.3840490 -0.2044156 -0.3266987 -0.0975608 0.2618356 -0.0056726 -0.5416106 -0.6682590 -0.7065538 -0.2328341 0.5863897 0.1129582 -0.8021144 -0.5142048 -0.8218064 -0.2454130 0.4352264 -0.0094291 -0.9002717
-0.2170749 -0.2289282 -0.0759390 0.2842476 0.0578805 -0.3854857 -0.2046419 -0.3263391 -0.0977892 0.2631850 0.0345208 -0.5611017 -0.6689643 -0.7054929 -0.2340227 0.5891904 0.1199751 -0.7990373 -0.5149332 -0.8211556 -0.2460636 0.4239997 0.0556141 -0.9039532
-0.2175751 -0.2288476 -0.0758065 0.2689431 0.0886365 -0.4471957 -0.2051729 -0.3262981 -0.0974972 0.2611267 0.0620997 -0.5697210 -0.6699956 -0.7047078 -0.2334368 0.5080997 0.1674562 -0.8448628 -0.5160507 -0.8207048 -0.2452248 0.4146302 0.0986051 -0.9046319
-0.2182046 -0.2286495 -0.0744302 0.2669491 0.0736004 -0.4178683 -0.2054968 -0.3261274 -0.0958188 0.2514399 0.1077610 -0.5686367 -0.6720077 -0.7041748 -0.2292236 0.5325232 0.1468217 -0.8335841 -0.5173611 -0.8210623 -0.2412345 0.3984679 0.1707736 -0.9011435
-0.2187143 -0.2288578 -0.0731639 0.2524385 0.1104560 -0.4828681 -0.2061564 -0.3263910 -0.0943927 0.2444979 0.1263841 -0.5609490 -0.6731589 -0.7043786 -0.2251839 0.4540619 0.1986775 -0.8685362 -0.5187388 -0.8212776 -0.2375146 0.3913013 0.2022687 -0.8977587
-0.2205274 -0.2312080 -0.0666907 0.2391724 0.1111994 -0.4819995 -0.2087801 -0.3288960 -0.0876701 0.2226604 0.1529324 -0.5589415 -0.6756349 -0.7083573 -0.2043218 0.4352963 0.2023841 -0.8772444 -0.5228534 -0.8236626 -0.2195544 0.3586720 0.2463508 -0.9003698
-0.2208956 -0.2332367 -0.0658381 0.2337034 0.1207919 -0.4859715 -0.2095047 -0.3310975 -0.0862042 0.2171965 0.1650990 -0.5551481 -0.6736347 -0.7112698 -0.2007775 0.4229095 0.2185849 -0.8794135 -0.5222154 -0.8253000 -0.2148742 0.3511302 0.2669069 -0.8974788
-0.2207067 -0.2335676 -0.0655121 0.2294416 0.1308191 -0.4882049 -0.2093728 -0.3314437 -0.0858410 0.2179959 0.1773120 -0.5502380 -0.6729703 -0.7121854 -0.1997571 0.4133571 0.2356810 -0.8795399 -0.5217057 -0.8258766 -0.2138948 0.3528367 0.2869879 -0.8905864
-0.2175143 -0.2337340 -0.0842332 0.2638895 0.1387741 -0.4840493 -0.2040207 -0.3315514 -0.1035030 0.2602987 0.1828297 -0.5271224 -0.6587132 -0.7078322 -0.2550892 0.4641802 0.2441029 -0.8514402 -0.5064815 -0.8230767 -0.2569462 0.4227946 0.2969642 -0.8561875
-0.2174769 -0.2350070 -0.0839910 0.2631732 0.1388965 -0.4850690 -0.2040909 -0.3327963 -0.1034826 0.2596446 0.1823000 -0.5275067 -0.6569760 -0.7099327 -0.2537283 0.4624594 0.2440749 -0.8523842 -0.5053316 -0.8240079 -0.2562244 0.4218035 0.2961540 -0.8569566
-0.2212449 -0.2356196 -0.0642912 0.2224172 0.1350546 -0.4988664 -0.2099159 -0.3334741 -0.0847393 0.2115945 0.1768723 -0.5523376 -0.6713668 -0.7149867 -0.1950915 0.3953018 0.2400324 -0.8866346 -0.5208168 -0.8273736 -0.2102444 0.3427410 0.2864980 -0.8946773
-0.2211765 -0.2357342 -0.0674872 0.2176951 0.1281369 -0.5154598 -0.2095016 -0.3336826 -0.0872833 0.2204578 0.1476859 -0.5648937 -0.6697885 -0.7138737 -0.2043714 0.3792407 0.2232238 -0.8979686 -0.5191453 -0.8268661 -0.2162883 0.3532336 0.2366331 -0.9051137
-0.2209716 -0.2351114 -0.0708261 0.2474689 0.0794338 -0.4441047 -0.2088811 -0.3330743 -0.0902993 0.2379617 0.1061434 -0.5603331 -0.6689289 -0.7117332 -0.2144060 0.4809262 0.1543701 -0.8630642 -0.5178137 -0.8256874 -0.2238510 0.3850808 0.1717663 -0.9067575
-0.2205282 -0.2339286 -0.0736989 0.2658433 0.0511655 -0.4231846 -0.2080544 -0.3318153 -0.0933122 0.2467986 0.0611168 -0.5794832 -0.6686147 -0.7092434 -0.2234461 0.5291782 0.1018482 -0.8423760 -0.5167635 -0.8241596 -0.2317678 0.3900057 0.0965804 -0.9157335
-0.2199919 -0.2335108 -0.0758851 0.2710505 0.0579633 -0.4219611 -0.2074518 -0.3314330 -0.0952775 0.2489769 0.0344604 -0.5624294 -0.6673094 -0.7083169 -0.2301852 0.5368870 0.1148116 -0.8358054 -0.5154788 -0.8235488 -0.2367466 0.4041578 0.0559387 -0.9129772
-0.2181942 -0.2332932 -0.0765669 0.2693734 0.0506582 -0.4359896 -0.2063545 -0.3312403 -0.0962713 0.2464106 -0.0019311 -0.5404311 -0.6642608 -0.7102277 -0.2330970 0.5230648 0.0983672 -0.8465973 -0.5133728 -0.8240664 -0.2395057 0.4148611 -0.0032512 -0.9098790
-0.2180847 -0.2330845 -0.0770565 0.2594063 0.0104628 -0.4631767 -0.2059884 -0.3310448 -0.0965414 0.2466075 -0.0123090 -0.5319545 -0.6641427 -0.7098222 -0.2346635 0.4885477 0.0197049 -0.8723146 -0.5128247 -0.8241625 -0.2403476 0.4204975 -0.0209884 -0.9070509
-0.2182598 -0.2326726 -0.0771971 0.2668825 0.0446757 -0.4216982 -0.2057641 -0.3305211 -0.0969892 0.2496962 -0.0195856 -0.5251508 -0.6649651 -0.7088760 -0.2351940 0.5326460 0.0891641 -0.8416282 -0.5128262 -0.8237583 -0.2417263 0.4291637 -0.0336626 -0.9025992
-0.2179501 -0.2320482 -0.0769877 0.2694681 0.0049114 -0.4469484 -0.2055002 -0.3297814 -0.0973735 0.2512381 -0.0230664 -0.5222600 -0.6654361 -0.7084799 -0.2350555 0.5163020 0.0094103 -0.8563549 -0.5130012 -0.8232512 -0.2430787 0.4331639 -0.0397692 -0.9004374
-0.2180357 -0.2318008 -0.0769465 0.2689706 0.0425378 -0.4191097 -0.2054824 -0.3294700 -0.0975727 0.2521681 -0.0227632 -0.5211596 -0.6659575 -0.7080010 -0.2350217 0.5381484 0.0851084 -0.8385421 -0.5132348 -0.8229194 -0.2437080 0.4352165 -0.0392870 -0.8994682
-0.2181861 -0.2314561 -0.0765724 0.2694435 0.0429962 -0.4192085 -0.2059088 -0.3293066 -0.0964926 0.2528138 -0.0213431 -0.5220014 -0.6668884 -0.7074483 -0.2340445 0.5386886 0.0859607 -0.8381082 -0.5145275 -0.8228755 -0.2411170 0.4355909 -0.0367735 -0.8993933
-0.2181929 -0.2311683 -0.0765676 0.2772889 0.0528548 -0.3852028 -0.2062795 -0.3291422 -0.0960986 0.2573067 -0.0113677 -0.5342400 -0.6673172 -0.7070012 -0.2341730 0.5806363 0.1106767 -0.8066054 -0.5155043 -0.8225451 -0.2401560 0.4338455 -0.0191671 -0.9007834
-0.2185735 -0.2307577 -0.0763290 0.2826729 0.0530901 -0.3843767 -0.2068875 -0.3288580 -0.0953571 0.2613305 0.0134053 -0.5481063 -0.6686688 -0.7059431 -0.2335087 0.5888150 0.1105881 -0.8006667 -0.5171494 -0.8220345 -0.2383607 0.4302684 0.0220712 -0.9024311
-0.2190463 -0.2306726 -0.0762765 0.2859951 0.0573964 -0.3896777 -0.2072688 -0.3287214 -0.0955110 0.2651580 0.0401089 -0.5645422 -0.6696152 -0.7051563 -0.2331739 0.5875473 0.1179150 -0.8005525 -0.5179448 -0.8214430 -0.2386727 0.4242525 0.0641742 -0.9032671
-0.2194090 -0.2306060 -0.0760154 0.2899714 0.0454748 -0.4075540 -0.2076852 -0.3284541 -0.0962781 0.2631096 0.0757284 -0.5589311 -0.6704466 -0.7046612 -0.2322797 0.5773487 0.0905428 -0.8114620 -0.5187517 -0.8204056 -0.2404814 0.4227428 0.1216742 -0.8980445
-0.2197984 -0.2306298 -0.0748687 0.2668501 0.0807121 -0.4175146 -0.2081987 -0.3284860 -0.0951633 0.2575912 0.1015636 -0.5595299 -0.6716084 -0.7047044 -0.2287660 0.5315339 0.1607690 -0.8316400 -0.5200000 -0.8204314 -0.2376812 0.4126124 0.1626857 -0.8962613
-0.2206966 -0.2310828 -0.0723273 0.2508744 0.1110822 -0.4640241 -0.2091409 -0.3288552 -0.0930498 0.2405841 0.1330711 -0.5576654 -0.6736277 -0.7053292 -0.2207633 0.4653844 0.2060630 -0.8607877 -0.5219657 -0.8207442 -0.2322301 0.3869436 0.2140250 -0.8969214
-0.2219687 -0.2322727 -0.0664670 0.2345081 0.1145600 -0.4950558 -0.2109347 -0.3300538 -0.0874358 0.2245523 0.1494195 -0.5637894 -0.6765622 -0.7079690 -0.2025918 0.4190330 0.2047026 -0.8845949 -0.5255758 -0.8223791 -0.2178596 0.3592913 0.2390763 -0.9020822
-0.2223244 -0.2339919 -0.0653483 0.2309448 0.1182318 -0.4953124 -0.2114307 -0.3318511 -0.0860278 0.2215541 0.1578117 -0.5587489 -0.6751042 -0.7105335 -0.1984348 0.4130284 0.2114492 -0.8858311 -0.5249332 -0.8239089 -0.2135868 0.3565157 0.2539441 -0.8991157
-0.2228036 -0.2352117 -0.0636632 0.2266098 0.1224209 -0.4973297 -0.2120080 -0.3330587 -0.0844556 0.2171684 0.1658433 -0.5575076 -0.6747939 -0.7123736 -0.1928135 0.4046115 0.2185824 -0.8879816 -0.5251066 -0.8249279 -0.2091817 0.3497803 0.2671139 -0.8979443
-0.2230249 -0.2356069 -0.0638646 0.2265482 0.1243390 -0.4975975 -0.2121627 -0.3334577 -0.0846078 0.2179250 0.1674658 -0.5568192 -0.6745046 -0.7125568 -0.1931486 0.4040433 0.2217557 -0.8874533 -0.5249148 -0.8250126 -0.2093293 0.3509519 0.2696912 -0.8967159
-0.2235022 -0.2361492 -0.0634940 0.2256742 0.1241351 -0.4988779 -0.2125668 -0.3339617 -0.0843835 0.2168096 0.1666218 -0.5580541 -0.6746480 -0.7128233 -0.1916586 0.4019543 0.2211004 -0.8885648 -0.5251595 -0.8250732 -0.2084747 0.3488800 0.2681200 -0.8979947
-0.2236210 -0.2361444 -0.0654983 0.2308492 0.1192628 -0.4983381 -0.2125507 -0.3340445 -0.0859047 0.2226772 0.1490807 -0.5659507 -0.6740571 -0.7118063 -0.1974304 0.4107559 0.2122074 -0.8867060 -0.5246277 -0.8245043 -0.2120340 0.3556081 0.2380769 -0.9038043
-0.2231500 -0.2352656 -0.0701497 0.2597849 0.0785133 -0.4086030 -0.2115402 -0.3331439 -0.0903602 0.2367917 0.1078942 -0.5683423 -0.6726183 -0.7091372 -0.2114451 0.5296123 0.1600617 -0.8330013 -0.5225221 -0.8228935 -0.2231972 0.3788185 0.1726088 -0.9092319
-0.2225757 -0.2346181 -0.0726703 0.2625439 0.0784799 -0.4525436 -0.2107246 -0.3324885 -0.0927789 0.2558880 0.0543811 -0.5784722 -0.6714984 -0.7078296 -0.2192421 0.4962641 0.1483438 -0.8554041 -0.5210446 -0.8221219 -0.2294082 0.4030527 0.0856564 -0.9111594
-0.2217804 -0.2338463 -0.0740650 0.2764758 0.0728410 -0.3990412 -0.2096238 -0.3316790 -0.0941745 0.2582647 0.0242665 -0.5576526 -0.6706583 -0.7071454 -0.2239707 0.5632068 0.1483839 -0.8128840 -0.5194983 -0.8219805 -0.2333871 0.4199199 0.0394556 -0.9067031
-0.2210491 -0.2332894 -0.0755020 0.2711845 0.0249595 -0.4529773 -0.2084534 -0.3309971 -0.0959481 0.2597979 -0.0050973 -0.5393527 -0.6695778 -0.7066547 -0.2287025 0.5130842 0.0472237 -0.8570382 -0.5175587 -0.8218163 -0.2382247 0.4339485 -0.0085142 -0.9008975
-0.2199433 -0.2328291 -0.0763602 0.2680987 0.0462781 -0.4181454 -0.2077354 -0.3306158 -0.0966632 0.2594938 -0.0144787 -0.5304139 -0.6679830 -0.7071180 -0.2319111 0.5374196 0.0927672 -0.8381971 -0.5164343 -0.8219175 -0.2403065 0.4393246 -0.0245125 -0.8979939
-0.2193802 -0.2324376 -0.0765828 0.2689272 0.0015141 -0.4456623 -0.2067536 -0.3301091 -0.0971845 0.2580946 -0.0282375 -0.5221972 -0.6674914 -0.7072201 -0.2330126 0.5166531 0.0029088 -0.8561899 -0.5150141 -0.8222874 -0.2420824 0.4425635 -0.0484198 -0.8954290
-0.2189728 -0.2326273 -0.0764800 0.2753844 0.0406070 -0.3824893 -0.2063544 -0.3303348 -0.0969156 0.2571586 -0.0360821 -0.5176839 -0.6665793 -0.7081452 -0.2328142 0.5821370 0.0858394 -0.8085469 -0.5141284 -0.8230233 -0.2414635 0.4440182 -0.0623005 -0.8938493
-0.2184004 -0.2324625 -0.0762428 0.2737308 -0.0037179 -0.4387619 -0.2055651 -0.3302225 -0.0962942 0.2572297 -0.0389791 -0.5154313 -0.6659586 -0.7088374 -0.2324837 0.5292963 -0.0071891 -0.8484066 -0.5129895 -0.8240729 -0.2403031 0.4455199 -0.0675115 -0.8927229
-0.2181996 -0.2323698 -0.0764019 0.2717264 -0.0029655 -0.4419656 -0.2054242 -0.3301740 -0.0962779 0.2580262 -0.0400271 -0.5142095 -0.6656757 -0.7089059 -0.2330842 0.5237359 -0.0057158 -0.8518615 -0.5127865 -0.8241908 -0.2403319 0.4474129 -0.0694063 -0.8916302
-0.2180420 -0.2321515 -0.0761381 0.2721479 -0.0013669 -0.4415919 -0.2059930 -0.3301990 -0.0952590 0.2585422 -0.0380413 -0.5139589 -0.6658473 -0.7089343 -0.2325071 0.5246536 -0.0026351 -0.8513118 -0.5141176 -0.8241112 -0.2377475 0.4484062 -0.0659774 -0.8913915
-0.2181046 -0.2320222 -0.0760767 0.2729739 0.0030069 -0.4440746 -0.2061685 -0.3300925 -0.0951551 0.2590495 -0.0291447 -0.5173133 -0.6661691 -0.7086784 -0.2323654 0.5236674 0.0057684 -0.8519033 -0.5145841 -0.8238909 -0.2375014 0.4471897 -0.0503117 -0.8930230
-0.2181293 -0.2319570 -0.0761502 0.2871801 0.0495166 -0.3841621 -0.2062444 -0.3300158 -0.0953179 0.2632812 -0.0138927 -0.5345520 -0.6662703 -0.7085067 -0.2325988 0.5955777 0.1026916 -0.7967068 -0.5147548 -0.8236695 -0.2378991 0.4417223 -0.0233086 -0.8968490
-0.2183276 -0.2319066 -0.0761590 0.2854184 0.0623599 -0.3961037 -0.2064629 -0.3299491 -0.0954233 0.2646239 0.0106298 -0.5521710 -0.6666754 -0.7081397 -0.2325556 0.5798953 0.1266989 -0.8047787 -0.5151938 -0.8233332 -0.2381130 0.4321109 0.0173577 -0.9016534
-0.2187008 -0.2311998 -0.0761905 0.2735192 0.0726339 -0.4459698 -0.2067684 -0.3292334 -0.0954580 0.2689622 0.0395555 -0.5688059 -0.6683119 -0.7065067 -0.2328250 0.5178492 0.1375165 -0.8443468 -0.5165015 -0.8224155 -0.2384512 0.4266311 0.0627434 -0.9022468
