-0.2167477 0.2635752 -0.3926150 0.2827224 0.3854761 -0.2714058 -0.2326682 0.3414423 -0.4214279 0.2894217 0.4384431 -0.2807251 -0.4166699 0.5066899 -0.7547526 0.5143087 0.7012309 -0.4937223 -0.3942290 0.5785339 -0.7140602 0.4858888 0.7360699 -0.4712888 0.0050978 0.0032913 0.0194800 -0.0024501 0.0004769 0.0037172 0.0130486 0.0105119 0.0307794 -0.0054013 0.0055241 0.0051713 -0.0022596 0.0215327 0.0161872 -0.0018940 0.0043970 0.0043141 0.0088191 0.0391094 0.0285123 -0.0083273 0.0104315 0.0079632
-0.2116499 0.2668664 -0.3731350 0.2802723 0.3859529 -0.2676886 -0.2196196 0.3519541 -0.3906485 0.2840204 0.4439671 -0.2755538 -0.4189296 0.5282226 -0.7385654 0.5124148 0.7056279 -0.4894082 -0.3854099 0.6176433 -0.6855480 0.4775616 0.7465014 -0.4633255 0.0034942 0.0136191 0.0303557 -0.0215254 -0.0076192 0.0272156 0.0103310 0.0072482 0.0373615 -0.0353286 0.0012542 0.0261776 -0.0064111 0.0449151 0.0381380 -0.0125209 0.0253053 0.0248193 0.0017908 0.0407626 0.0379848 -0.0394755 0.0377837 0.0240337
-0.2081557 0.2804855 -0.3427793 0.2587470 0.3783338 -0.2404730 -0.2092886 0.3592024 -0.3532870 0.2486918 0.4452213 -0.2493763 -0.4253406 0.5731377 -0.7004274 0.4998939 0.7309332 -0.4645889 -0.3836191 0.6584059 -0.6475632 0.4380861 0.7842852 -0.4392919 -0.0038429 0.0081571 0.0169502 -0.0075722 0.0092691 0.0040082 -0.0027343 -0.0225652 0.0362868 -0.0121258 0.0110988 0.0063528 -0.0125174 0.0230194 0.0274660 -0.0158264 0.0160605 0.0088707 -0.0331813 0.0033644 0.0243958 -0.0220014 0.0183146 0.0118494
-0.2119986 0.2886426 -0.3258290 0.2511747 0.3876029 -0.2364648 -0.2120230 0.3366372 -0.3170002 0.2365660 0.4563201 -0.2430235 -0.4378580 0.5961571 -0.6729614 0.4840674 0.7469937 -0.4557182 -0.4168004 0.6617703 -0.6231674 0.4160847 0.8025998 -0.4274425 -0.0161616 0.0032006 0.0163428 -0.0145320 0.0010881 -0.0105363 -0.0185982 0.0236083 0.0105166 -0.0167994 0.0011547 -0.0104731 -0.0348048 0.0084331 0.0318214 -0.0270290 0.0037025 -0.0213259 -0.0214693 0.0228361 0.0407295 -0.0287015 0.0037927 -0.0193968
-0.2281602 0.2918432 -0.3094863 0.2366427 0.3886910 -0.2470011 -0.2306211 0.3602455 -0.3064836 0.2197665 0.4574748 -0.2534966 -0.4726628 0.6045902 -0.6411400 0.4570385 0.7506962 -0.4770441 -0.4382697 0.6846063 -0.5824378 0.3873833 0.8063925 -0.4468393 -0.0003366 0.0007466 0.0002719 -0.0043989 0.0062743 -0.0019284 -0.0005201 0.0114239 0.0002660 -0.0009906 -0.0026601 -0.0001153 -0.0002694 0.0009987 0.0011422 -0.0116499 0.0067535 -0.0003436 0.0055557 0.0111870 0.0091751 -0.0000559 -0.0011753 -0.0021626
-0.2284968 0.2925898 -0.3092144 0.2322438 0.3949653 -0.2489295 -0.2311412 0.3716694 -0.3062176 0.2187760 0.4548147 -0.2536119 -0.4729322 0.6055889 -0.6399978 0.4453885 0.7574497 -0.4773877 -0.4327140 0.6957934 -0.5732628 0.3873274 0.8052172 -0.4490019 -0.0328998 -0.0013110 0.0137752 -0.0240325 0.0022976 -0.0311752 -0.0351265 0.0034668 0.0030283 -0.0174252 -0.0043524 -0.0362522 -0.0601354 -0.0115825 0.0375070 -0.0516448 -0.0061948 -0.0523121 -0.0505716 -0.0149077 0.0229631 -0.0354744 -0.0180513 -0.0575248
-0.2613967 0.2912787 -0.2954392 0.2082113 0.3972629 -0.2801047 -0.2662677 0.3751362 -0.3031893 0.2013508 0.4504623 -0.2898641 -0.5330677 0.5940064 -0.6024908 0.3937437 0.7512549 -0.5296998 -0.4832855 0.6808857 -0.5502997 0.3518529 0.7871659 -0.5065267 -0.0063238 -0.0111961 -0.0243705 0.0136533 -0.0053312 -0.0298703 -0.0105323 -0.0485274 -0.0328980 0.0202075 0.0009499 -0.0332395 0.0001773 -0.0365093 -0.0340818 0.0120556 -0.0343960 -0.0372571 -0.0252716 -0.0808165 -0.0671844 0.0188257 -0.0319295 -0.0340427
-0.2677204 0.2800826 -0.3198096 0.2218646 0.3919316 -0.3099750 -0.2768000 0.3266088 -0.3360874 0.2215583 0.4514122 -0.3231036 -0.5328904 0.5574971 -0.6365727 0.4057994 0.7168589 -0.5669569 -0.5085571 0.6000693 -0.6174840 0.3706787 0.7552364 -0.5405695 -0.0041780 -0.0016132 -0.0078260 0.0087615 -0.0034077 -0.0114726 -0.0025707 -0.0031725 -0.0049051 0.0136431 -0.0143975 -0.0145071 -0.0015613 -0.0101291 -0.0074379 0.0101195 -0.0161818 -0.0127526 -0.0024096 -0.0085071 -0.0061883 0.0211699 -0.0271643 -0.0218945
-0.2718984 0.2784695 -0.3276356 0.2306261 0.3885240 -0.3214477 -0.2793707 0.3234362 -0.3409925 0.2352014 0.4370147 -0.3376108 -0.5344517 0.5473680 -0.6440106 0.4159189 0.7006771 -0.5797095 -0.5109667 0.5915622 -0.6236724 0.3918486 0.7280721 -0.5624639 -0.0008282 -0.0018335 -0.0044914 0.0028831 -0.0014398 -0.0014635 -0.0108825 0.0226097 -0.0151045 0.0024844 -0.0016796 -0.0009400 0.0008368 -0.0061041 -0.0058268 0.0044042 -0.0039147 -0.0015398 0.0063118 0.0100978 0.0045369 0.0039495 -0.0031455 -0.0012960
-0.2727266 0.2766359 -0.3321270 0.2335092 0.3870841 -0.3229112 -0.2902532 0.3460459 -0.3560970 0.2376858 0.4353350 -0.3385508 -0.5336149 0.5412639 -0.6498373 0.4203231 0.6967624 -0.5812493 -0.5046549 0.6016600 -0.6191355 0.3957981 0.7249266 -0.5637600 -0.0030025 -0.0004080 0.0020906 -0.0026467 -0.0006957 -0.0023951 -0.0011744 0.0033853 0.0066790 -0.0028671 -0.0005987 -0.0024953 -0.0058366 -0.0008364 0.0041360 -0.0046196 -0.0010104 -0.0045150 -0.0033294 0.0074295 0.0100690 -0.0046768 -0.0008164 -0.0042968
-0.2757291 0.2762279 -0.3300364 0.2308625 0.3863884 -0.3253063 -0.2914277 0.3494312 -0.3494180 0.2348187 0.4347363 -0.3410460 -0.5394515 0.5404275 -0.6457013 0.4157035 0.6957520 -0.5857642 -0.5079842 0.6090895 -0.6090665 0.3911213 0.7241102 -0.5680568 0.0010382 0.0010355 0.0040591 -0.0002360 0.0004799 0.0033483 0.0056207 0.0056882 0.0146128 -0.0026577 0.0011484 0.0057329 -0.0007271 0.0048099 0.0046683 0.0008636 0.0030255 0.0042303 0.0026572 0.0187868 0.0171071 -0.0021982 0.0060968 0.0063304
-0.2746909 0.2772634 -0.3259772 0.2306265 0.3868683 -0.3219580 -0.2858070 0.3551194 -0.3348052 0.2321611 0.4358847 -0.3353131 -0.5401786 0.5452374 -0.6410330 0.4165672 0.6987775 -0.5815340 -0.5053270 0.6278763 -0.5919594 0.3889231 0.7302070 -0.5617264 0.0000476 0.0035681 0.0138675 -0.0092190 -0.0005036 0.0117049 0.0043959 0.0041589 0.0162846 -0.0128933 0.0099049 0.0144819 -0.0072415 0.0145170 0.0189347 -0.0086157 0.0131135 0.0098813 -0.0003238 0.0176893 0.0196288 -0.0181548 0.0235957 0.0192208
-0.2746433 0.2808315 -0.3121098 0.2214075 0.3863647 -0.3102531 -0.2814111 0.3592783 -0.3185205 0.2192678 0.4457896 -0.3208312 -0.5474201 0.5597544 -0.6220983 0.4079515 0.7118910 -0.5716527 -0.5056508 0.6455657 -0.5723305 0.3707683 0.7538027 -0.5425057 0.0022882 0.0094119 0.0101306 -0.0065744 0.0076259 0.0120488 0.0051891 0.0115645 0.0139249 -0.0088792 -0.0004018 0.0140374 0.0022844 0.0211857 0.0176682 -0.0092278 0.0193433 0.0181947 0.0067994 0.0241688 0.0222369 -0.0082211 0.0137012 0.0138306
-0.2723551 0.2902433 -0.3019792 0.2148332 0.3939905 -0.2982043 -0.2762220 0.3708427 -0.3045956 0.2103886 0.4453877 -0.3067937 -0.5451356 0.5809401 -0.6044301 0.3987237 0.7312343 -0.5534580 -0.4988514 0.6697345 -0.5500936 0.3625472 0.7675039 -0.5286751 -0.0002338 0.0009581 0.0018604 -0.0036118 0.0018175 0.0035326 0.0005437 0.0003090 0.0009780 -0.0035269 0.0037768 0.0024411 -0.0009448 0.0024269 0.0031988 -0.0052111 0.0061697 0.0044744 0.0004405 0.0012868 0.0011701 -0.0062972 0.0060317 0.0045295
-0.2725889 0.2912014 -0.3001188 0.2112213 0.3958080 -0.2946717 -0.2756784 0.3711517 -0.3036176 0.2068617 0.4491645 -0.3043526 -0.5460804 0.5833670 -0.6012313 0.3935126 0.7374041 -0.5489836 -0.4984109 0.6710213 -0.5489235 0.3562500 0.7735356 -0.5241456 -0.0014480 -0.0017833 -0.0059048 -0.0003245 -0.0009001 -0.0011614 -0.0018520 -0.0015844 -0.0040687 0.0006072 -0.0014449 -0.0016226 0.0007368 -0.0074143 -0.0077670 -0.0004935 -0.0014689 -0.0023197 -0.0014419 -0.0054033 -0.0052424 0.0010744 -0.0024266 -0.0028366
-0.2740369 0.2894181 -0.3060236 0.2108968 0.3949079 -0.2958331 -0.2775304 0.3695673 -0.3076863 0.2074689 0.4477196 -0.3059752 -0.5453436 0.5759527 -0.6089983 0.3930192 0.7359352 -0.5513033 -0.4998528 0.6656180 -0.5541659 0.3573244 0.7711090 -0.5269822 -0.0040806 -0.0080585 -0.0159289 0.0020251 -0.0019580 -0.0127978 -0.0062240 -0.0518393 -0.0332986 0.0045074 -0.0043721 -0.0131308 0.0000842 -0.0243372 -0.0222011 -0.0009970 -0.0124539 -0.0169339 -0.0201735 -0.0833298 -0.0707446 0.0044502 -0.0144592 -0.0176280
-0.2781175 0.2813595 -0.3219525 0.2129219 0.3929498 -0.3086309 -0.2837544 0.3177279 -0.3409849 0.2119764 0.4433474 -0.3191061 -0.5452593 0.5516155 -0.6311994 0.3920221 0.7234813 -0.5682371 -0.5200263 0.5822883 -0.6249105 0.3617746 0.7566498 -0.5446102 -0.0046699 -0.0169069 -0.0144885 0.0103545 -0.0095794 -0.0223730 -0.0049422 -0.0013192 -0.0109241 0.0145928 -0.0118874 -0.0291128 -0.0060592 -0.0360422 -0.0247214 0.0113505 -0.0308819 -0.0297567 -0.0007610 -0.0115105 -0.0099072 0.0164991 -0.0362957 -0.0367666
-0.2827875 0.2644526 -0.3364410 0.2232764 0.3833704 -0.3310039 -0.2886967 0.3164087 -0.3519090 0.2265692 0.4314600 -0.3482188 -0.5513186 0.5155732 -0.6559208 0.4033726 0.6925994 -0.5979938 -0.5207872 0.5707777 -0.6348176 0.3782738 0.7203541 -0.5813768 0.0184272 -0.0014258 -0.0159567 0.0224895 -0.0050983 0.0050750 0.0180213 -0.0014744 -0.0197827 0.0276337 -0.0080794 -0.0001525 0.0360792 -0.0029328 -0.0309039 0.0382353 -0.0128960 0.0123439 0.0351125 -0.0056888 -0.0321116 0.0423516 -0.0197929 0.0049322
-0.2643603 0.2630268 -0.3523977 0.2457660 0.3782721 -0.3259290 -0.2706754 0.3149343 -0.3716918 0.2542028 0.4233806 -0.3483714 -0.5152394 0.5126405 -0.6868247 0.4416079 0.6797034 -0.5856499 -0.4856748 0.5650889 -0.6669292 0.4206254 0.7005612 -0.5764446 0.0507701 -0.0066218 -0.0281842 0.0457602 -0.0064792 0.0313334 0.0414022 0.0200052 -0.0402303 0.0484560 -0.0053530 0.0334718 0.0932651 -0.0060803 -0.0650626 0.0819852 -0.0119480 0.0565441 0.0892139 0.0140910 -0.0453695 0.0799886 -0.0091210 0.0555837
-0.2135902 0.2564050 -0.3805819 0.2915262 0.3717929 -0.2945956 -0.2292731 0.3349395 -0.4119220 0.3026588 0.4180276 -0.3148996 -0.4219743 0.5065602 -0.7518873 0.5235931 0.6677554 -0.5291058 -0.3964609 0.5791799 -0.7122987 0.5006140 0.6914402 -0.5208609 0.0001005 0.0010356 0.0038396 -0.0004974 -0.0007465 0.0007919 0.0020291 0.0098956 0.0220407 -0.0024411 -0.0027071 0.0043483 -0.0018063 0.0044638 0.0040474 0.0002147 0.0000721 0.0003036 -0.0036573 0.0279858 0.0258183 0.0004006 0.0016624 0.0026012
-0.2134897 0.2574406 -0.3767423 0.2910287 0.3710464 -0.2938037 -0.2272441 0.3448351 -0.3898813 0.3002177 0.4153205 -0.3105512 -0.4237806 0.5110240 -0.7478399 0.5238078 0.6678275 -0.5288022 -0.4001182 0.6071656 -0.6864804 0.5010147 0.6931026 -0.5182596 -0.0009775 0.0160753 0.0329460 -0.0096331 -0.0089953 0.0196906 -0.0065748 0.0089492 0.0265820 -0.0157694 0.0058405 0.0135306 -0.0149107 0.0484513 0.0446064 0.0029227 0.0098780 0.0157035 -0.0186049 0.0263917 0.0358836 -0.0177932 0.0223669 0.0136803
-0.2144672 0.2735159 -0.3437963 0.2813956 0.3620511 -0.2741131 -0.2338189 0.3537843 -0.3632993 0.2844483 0.4211610 -0.2970206 -0.4386913 0.5594753 -0.7032335 0.5267305 0.6777055 -0.5130987 -0.4187230 0.6335573 -0.6505968 0.4832215 0.7154695 -0.5045794 0.0006966 0.0041951 0.0146486 -0.0114671 -0.0006388 0.0222191 -0.0044853 0.0156691 0.0503027 -0.0210310 0.0039478 0.0281343 -0.0059318 0.0181381 0.0186364 -0.0042748 0.0218200 0.0255495 -0.0228449 0.0510247 0.0706268 -0.0193020 0.0332145 0.0310280
-0.2137706 0.2777110 -0.3291477 0.2699285 0.3614123 -0.2518940 -0.2383042 0.3694534 -0.3129966 0.2634172 0.4251088 -0.2688862 -0.4446231 0.5776134 -0.6845970 0.5224556 0.6995255 -0.4875492 -0.4415680 0.6845821 -0.5799700 0.4639195 0.7486841 -0.4735513 -0.0032976 0.0017082 0.0179617 -0.0125713 0.0109380 0.0150521 0.0006688 0.0009567 0.0116538 -0.0139307 0.0101580 0.0192701 -0.0160468 0.0153803 0.0241868 -0.0186770 0.0293530 0.0239295 -0.0039692 0.0098914 0.0149893 -0.0186980 0.0280718 0.0280986
-0.2170681 0.2794193 -0.3111860 0.2573572 0.3723503 -0.2368419 -0.2376354 0.3704101 -0.3013428 0.2494866 0.4352668 -0.2496162 -0.4606699 0.5929937 -0.6604103 0.5037786 0.7288785 -0.4636197 -0.4455372 0.6944735 -0.5649807 0.4452215 0.7767559 -0.4454528 -0.0219188 0.0069549 0.0285178 -0.0221814 0.0111407 -0.0025528 -0.0181508 0.0079077 0.0262510 -0.0281053 0.0037222 0.0053277 -0.0499834 0.0189137 0.0564214 -0.0422793 0.0236684 -0.0061585 -0.0342457 0.0151445 0.0489859 -0.0419748 0.0228640 0.0004806
-0.2389870 0.2863741 -0.2826682 0.2351758 0.3834910 -0.2393947 -0.2557862 0.3783179 -0.2750918 0.2213813 0.4389890 -0.2442885 -0.5106533 0.6119074 -0.6039889 0.4614993 0.7525469 -0.4697782 -0.4797829 0.7096180 -0.5159948 0.4032467 0.7996198 -0.4449722 -0.0052457 0.0013985 0.0088678 -0.0065715 0.0091732 0.0100459 -0.0022712 0.0036623 0.0073374 -0.0127541 0.0327190 0.0234698 -0.0131215 0.0052422 0.0168038 -0.0123446 0.0189478 0.0191608 -0.0042871 0.0069092 0.0137350 -0.0314058 0.0411161 0.0514020
-0.2442326 0.2877727 -0.2738004 0.2286043 0.3926642 -0.2293487 -0.2580574 0.3819802 -0.2677543 0.2086271 0.4717080 -0.2208187 -0.5237748 0.6171496 -0.5871851 0.4491547 0.7714947 -0.4506174 -0.4840700 0.7165273 -0.5022598 0.3718409 0.8407359 -0.3935702 -0.0017387 0.0005844 0.0018254 0.0028019 -0.0138023 0.0191502 -0.0010243 0.0016950 0.0010085 -0.0036474 -0.0003160 0.0053577 -0.0034951 0.0009794 0.0041731 0.0219577 -0.0001819 0.0226809 -0.0008234 0.0015536 0.0030221 -0.0040721 0.0050221 0.0069962
-0.2459713 0.2883571 -0.2719750 0.2314062 0.3788620 -0.2101986 -0.2590816 0.3836752 -0.2667459 0.2049798 0.4713921 -0.2154610 -0.5272699 0.6181290 -0.5830120 0.4711125 0.7713128 -0.4279365 -0.4848934 0.7180809 -0.4992377 0.3677688 0.8457580 -0.3865740 -0.0011255 -0.0001785 0.0011146 -0.0010258 -0.0023551 0.0026019 -0.0005177 0.0005362 0.0002965 -0.0011083 -0.0010227 0.0018427 -0.0025990 -0.0001654 0.0021850 0.0011919 0.0005662 0.0023411 -0.0005252 0.0003468 0.0010103 -0.0006822 0.0011789 0.0019374
-0.2470968 0.2881785 -0.2708604 0.2303804 0.3765068 -0.2075967 -0.2595993 0.3842113 -0.2664494 0.2038715 0.4703693 -0.2136184 -0.5298689 0.6179636 -0.5808270 0.4723044 0.7718790 -0.4255954 -0.4854186 0.7184277 -0.4982273 0.3670866 0.8469369 -0.3846366 -0.0003921 0.0004313 0.0010375 -0.0009599 0.0021964 0.0032250 -0.0014446 0.0005453 -0.0004944 0.0015375 0.0037727 0.0105301 -0.0009852 0.0010933 0.0020675 -0.0018580 0.0046844 0.0065136 -0.0014811 -0.0007786 0.0003232 0.0028855 0.0070635 0.0188444
-0.2474889 0.2886099 -0.2698229 0.2294205 0.3787033 -0.2043718 -0.2610439 0.3847567 -0.2669438 0.2054090 0.4741421 -0.2030883 -0.5308540 0.6190569 -0.5787595 0.4704463 0.7765634 -0.4190818 -0.4868997 0.7176490 -0.4979041 0.3699721 0.8540004 -0.3657922 0.0019924 0.0013002 -0.0002448 -0.0005581 0.0086219 0.0026909 0.0009603 0.0024597 -0.0008019 0.0010983 0.0051764 0.0055830 0.0041550 0.0029289 -0.0006555 -0.0062463 0.0090457 0.0100137 0.0033256 0.0023032 0.0000840 0.0000913 0.0049439 0.0118604
-0.2454965 0.2899101 -0.2700677 0.2288624 0.3873252 -0.2016809 -0.2600837 0.3872164 -0.2677457 0.2065073 0.4793185 -0.1975053 -0.5266991 0.6219858 -0.5794150 0.4642001 0.7856091 -0.4090680 -0.4835741 0.7199522 -0.4978201 0.3700634 0.8589443 -0.3539318 -0.0110478 -0.0253158 -0.0141274 0.0018779 -0.0001971 -0.0000060 0.0052626 -0.0355074 -0.0224903 0.0015682 -0.0004002 0.0010819 -0.0245416 -0.0534481 -0.0312393 0.0031241 -0.0015486 0.0005864 -0.0042435 -0.0466568 -0.0577942 0.0029058 -0.0004973 0.0018485
-0.2565443 0.2645943 -0.2841951 0.2307403 0.3871281 -0.2016869 -0.2548210 0.3517090 -0.2902359 0.2080755 0.4789183 -0.1964234 -0.5512406 0.5685377 -0.6106543 0.4673242 0.7840605 -0.4084816 -0.4878176 0.6732954 -0.5556143 0.3729692 0.8584470 -0.3520833 0.0134566 0.0216561 -0.0018013 -0.0010531 -0.0008766 -0.0012959 -0.0057858 0.0315520 0.0205776 -0.0011964 -0.0048440 -0.0027868 0.0362715 0.0378694 0.0047853 -0.0015226 -0.0007491 -0.0031640 0.0018007 0.0414645 0.0527168 0.0002678 -0.0031548 -0.0073181
-0.2430877 0.2862504 -0.2859964 0.2296871 0.3862515 -0.2029828 -0.2606068 0.3832610 -0.2696584 0.2068791 0.4740743 -0.1992102 -0.5149691 0.6064071 -0.6058690 0.4658016 0.7833114 -0.4116456 -0.4860169 0.7147599 -0.5028975 0.3732370 0.8552922 -0.3594013 -0.0012259 0.0025682 -0.0048406 -0.0002290 0.0102353 -0.0172309 -0.0056518 0.0014547 -0.0174272 0.0023981 0.0001845 -0.0186569 0.0029640 -0.0011335 -0.0036346 -0.0143598 -0.0032530 -0.0216086 0.0009616 -0.0139061 -0.0200991 -0.0010582 -0.0118698 -0.0280537
-0.2443137 0.2888186 -0.2908370 0.2294581 0.3964868 -0.2202137 -0.2662587 0.3847157 -0.2870856 0.2092772 0.4742588 -0.2178671 -0.5120052 0.6052736 -0.6095036 0.4514418 0.7800584 -0.4332542 -0.4850553 0.7008537 -0.5229966 0.3721788 0.8434225 -0.3874551 -0.0211595 -0.0025950 -0.0202970 -0.0086417 0.0153764 -0.0455931 -0.0087773 -0.0546951 -0.0317528 0.0079769 -0.0030792 -0.0547749 -0.0197881 -0.0319132 -0.0137570 -0.0407189 -0.0139844 -0.0611519 -0.0290385 -0.0839833 -0.0729720 -0.0015176 -0.0395340 -0.0777046
-0.2654732 0.2862236 -0.3111340 0.2208164 0.4118632 -0.2658068 -0.2750360 0.3300206 -0.3188383 0.2172540 0.4711796 -0.2726420 -0.5317933 0.5733603 -0.6232606 0.4107229 0.7660740 -0.4944061 -0.5140938 0.6168704 -0.5959686 0.3706612 0.8038885 -0.4651597 -0.0034462 -0.0028235 -0.0087066 0.0139362 -0.0092341 -0.0302968 -0.0211687 0.0318153 -0.0331675 0.0178294 -0.0151986 -0.0417857 -0.0008182 -0.0120688 -0.0102035 0.0144193 -0.0369035 -0.0418443 0.0080163 0.0013406 -0.0054472 0.0200350 -0.0460723 -0.0574024
-0.2689194 0.2834001 -0.3198406 0.2347526 0.4026291 -0.2961036 -0.2962047 0.3618359 -0.3520058 0.2350835 0.4559810 -0.3144277 -0.5326115 0.5612915 -0.6334641 0.4251423 0.7291705 -0.5362503 -0.5060774 0.6182109 -0.6014157 0.3906962 0.7578162 -0.5225621 -0.0054559 -0.0031380 -0.0047588 0.0043343 -0.0077703 -0.0193907 -0.0046255 -0.0021211 0.0007595 0.0049408 -0.0100219 -0.0176358 -0.0063193 -0.0107977 -0.0041174 0.0024723 -0.0229529 -0.0280213 -0.0073808 -0.0042483 0.0019072 0.0056418 -0.0214300 -0.0257550
-0.2743753 0.2802621 -0.3245994 0.2390869 0.3948588 -0.3154943 -0.3008302 0.3597148 -0.3512463 0.2400243 0.4459591 -0.3320635 -0.5389308 0.5504938 -0.6375815 0.4276146 0.7062176 -0.5642716 -0.5134582 0.6139627 -0.5995085 0.3963380 0.7363862 -0.5483171 0.0002749 -0.0006036 0.0008805 0.0025916 -0.0006439 -0.0087177 -0.0002995 -0.0004747 0.0007858 0.0022408 -0.0000421 -0.0063722 -0.0005639 -0.0000594 0.0004257 0.0003345 -0.0081666 -0.0098227 -0.0010454 -0.0001730 0.0007195 0.0008322 -0.0053483 -0.0065157
-0.2741003 0.2796585 -0.3237189 0.2416785 0.3942149 -0.3242120 -0.3011297 0.3592401 -0.3504604 0.2422651 0.4459170 -0.3384357 -0.5394946 0.5504344 -0.6371558 0.4279491 0.6980511 -0.5740943 -0.5145036 0.6137897 -0.5987890 0.3971703 0.7310379 -0.5548328 0.0020328 0.0055216 0.0127768 -0.0026790 0.0012120 -0.0041795 0.0082058 0.0064956 0.0316924 -0.0027896 -0.0046717 -0.0032648 -0.0024409 0.0176203 0.0177854 -0.0063252 -0.0004702 -0.0052280 -0.0023654 0.0315569 0.0363175 -0.0028377 -0.0044610 -0.0078287
-0.2720676 0.2851801 -0.3109421 0.2389994 0.3954269 -0.3283915 -0.2929239 0.3657357 -0.3187681 0.2394755 0.4412453 -0.3417006 -0.5419356 0.5680547 -0.6193704 0.4216239 0.6975808 -0.5793223 -0.5168690 0.6453466 -0.5624715 0.3943325 0.7265769 -0.5626615 0.0019014 0.0052088 0.0232817 -0.0076984 0.0015017 0.0063414 0.0010153 0.0110712 0.0398734 -0.0086165 0.0030428 0.0066930 -0.0094653 0.0246202 0.0322644 -0.0093538 0.0099031 0.0053015 -0.0117147 0.0369698 0.0574531 -0.0111174 0.0109206 0.0065647
-0.2701662 0.2903889 -0.2876604 0.2313011 0.3969286 -0.3220502 -0.2919086 0.3768069 -0.2788947 0.2308590 0.4442881 -0.3350076 -0.5514008 0.5926749 -0.5871061 0.4122701 0.7074839 -0.5740208 -0.5285837 0.6823164 -0.5050184 0.3832152 0.7374975 -0.5560968 -0.0000658 0.0017059 0.0127685 -0.0175344 0.0014257 0.0256487 0.0033811 0.0025213 0.0132997 -0.0219199 -0.0026073 0.0335963 -0.0073421 0.0112727 0.0187280 -0.0168370 0.0294059 0.0257271 -0.0002428 0.0129341 0.0182235 -0.0192706 0.0318526 0.0310780
-0.2702320 0.2920949 -0.2748919 0.2137667 0.3983544 -0.2964014 -0.2885275 0.3793283 -0.2655950 0.2089392 0.4416809 -0.3014112 -0.5587430 0.6039476 -0.5683780 0.3954331 0.7368898 -0.5482937 -0.5288265 0.6952504 -0.4867949 0.3639446 0.7693501 -0.5250188 0.0004791 0.0003698 0.0043844 -0.0035086 -0.0044851 0.0163605 0.0017075 0.0008744 0.0055551 -0.0046543 0.0016551 0.0113168 -0.0019338 0.0039354 0.0061327 0.0035132 0.0104426 0.0169407 0.0002467 0.0054242 0.0075680 -0.0041821 0.0114011 0.0141387
-0.2697529 0.2924647 -0.2705076 0.2102581 0.3938693 -0.2800409 -0.2868200 0.3802027 -0.2600399 0.2042849 0.4433360 -0.2900944 -0.5606768 0.6078830 -0.5622454 0.3989463 0.7473324 -0.5313531 -0.5285798 0.7006746 -0.4792269 0.3597625 0.7807512 -0.5108801 0.0314555 0.0003519 -0.0272366 0.0273788 0.0012324 0.0328439 0.0308870 0.0009122 -0.0298828 0.0212092 0.0187740 0.0410205 0.0650608 0.0011232 -0.0570092 0.0552985 0.0079075 0.0588340 0.0572135 0.0012463 -0.0547402 0.0349124 0.0280646 0.0749343
-0.2382974 0.2928166 -0.2977441 0.2376369 0.3951017 -0.2471970 -0.2559330 0.3811149 -0.2899227 0.2254941 0.4621100 -0.2490739 -0.4956160 0.6090062 -0.6192546 0.4542448 0.7552400 -0.4725191 -0.4713663 0.7019209 -0.5339671 0.3946749 0.8088158 -0.4359458 -0.0200767 0.0027800 0.0090312 -0.0164958 0.0008775 -0.0116051 -0.0112447 -0.0379231 -0.0166499 -0.0159846 0.0000835 -0.0124920 -0.0345679 -0.0024416 0.0268153 -0.0307562 0.0030662 -0.0230909 -0.0307346 -0.0569686 -0.0421676 -0.0276977 0.0007630 -0.0222134
-0.2583740 0.2955966 -0.2887129 0.2211411 0.3959792 -0.2588021 -0.2671777 0.3431918 -0.3065726 0.2095095 0.4621935 -0.2615659 -0.5301839 0.6065646 -0.5924394 0.4234886 0.7583061 -0.4956100 -0.5021009 0.6449523 -0.5761347 0.3669772 0.8095788 -0.4581593 -0.0164337 -0.0021489 -0.0229916 -0.0059401 0.0062256 -0.0079203 -0.0177476 0.0281284 -0.0118521 -0.0032979 0.0014099 -0.0068927 -0.0100163 -0.0297231 -0.0202903 -0.0162300 0.0028490 -0.0091507 -0.0012227 0.0109887 0.0136342 -0.0077482 -0.0019630 -0.0095065
-0.2748077 0.2934477 -0.3117045 0.2152010 0.4022048 -0.2667224 -0.2849254 0.3713202 -0.3184247 0.2062116 0.4636034 -0.2684587 -0.5402002 0.5768415 -0.6127297 0.4072586 0.7611552 -0.5047606 -0.5033236 0.6559409 -0.5625005 0.3592289 0.8076158 -0.4676658 -0.0078843 -0.0112896 -0.0156711 0.0064772 0.0019399 -0.0215214 -0.0134383 -0.0020037 -0.0191986 0.0169689 -0.0029630 -0.0359466 -0.0071936 -0.0304817 -0.0211875 0.0004982 -0.0177680 -0.0254375 -0.0088142 -0.0220135 -0.0170259 0.0155276 -0.0341255 -0.0434802
-0.2826921 0.2821581 -0.3273756 0.2216782 0.4041447 -0.2882438 -0.2983637 0.3693165 -0.3376233 0.2231805 0.4606404 -0.3044053 -0.5473938 0.5463598 -0.6339172 0.4077568 0.7433871 -0.5301981 -0.5121378 0.6339275 -0.5795264 0.3747565 0.7734903 -0.5111461 -0.0006012 -0.0088427 -0.0086582 0.0121235 -0.0046000 -0.0180115 -0.0008094 -0.0092588 -0.0120659 0.0116981 -0.0064810 -0.0146983 0.0000375 -0.0182821 -0.0153401 0.0134621 -0.0235646 -0.0215538 0.0001347 -0.0177268 -0.0189296 0.0149497 -0.0199578 -0.0183044
-0.2832933 0.2733154 -0.3360338 0.2338017 0.3995447 -0.3062554 -0.2991731 0.3600577 -0.3496891 0.2348786 0.4541594 -0.3191035 -0.5473563 0.5280777 -0.6492572 0.4212189 0.7198226 -0.5517519 -0.5120031 0.6162007 -0.5984560 0.3897061 0.7535326 -0.5294505 -0.0037696 -0.0039370 -0.0017552 0.0075880 -0.0035863 -0.0149379 -0.0033745 -0.0019102 -0.0038739 0.0092744 -0.0085264 -0.0167695 -0.0060491 -0.0087649 -0.0019390 0.0066956 -0.0179024 -0.0176313 -0.0032289 -0.0062832 -0.0036542 0.0111321 -0.0219144 -0.0219692
-0.2870630 0.2693784 -0.3377891 0.2413898 0.3959584 -0.3211933 -0.3025475 0.3581475 -0.3535630 0.2441530 0.4456330 -0.3358730 -0.5534055 0.5193128 -0.6511962 0.4279145 0.7019202 -0.5693832 -0.5152320 0.6099175 -0.6021102 0.4008382 0.7316181 -0.5514196 -0.0001966 0.0004135 -0.0009523 0.0025958 -0.0030274 -0.0057692 -0.0003627 -0.0015400 -0.0002033 0.0044295 -0.0060979 -0.0062156 0.0006269 -0.0001475 -0.0006497 0.0028380 -0.0082069 -0.0078638 -0.0011701 -0.0019722 -0.0009913 0.0067238 -0.0109806 -0.0094499
-0.2872595 0.2697919 -0.3387413 0.2439856 0.3929310 -0.3269625 -0.3029103 0.3566075 -0.3537663 0.2485825 0.4395351 -0.3420886 -0.5527786 0.5191654 -0.6518460 0.4307526 0.6937133 -0.5772470 -0.5164021 0.6079453 -0.6031015 0.4075621 0.7206375 -0.5608696 0.0003936 0.0000427 0.0054979 -0.0030536 -0.0016734 0.0016667 -0.0000204 0.0007385 0.0048714 -0.0023042 -0.0005600 0.0007862 -0.0032696 0.0038702 0.0059016 -0.0027954 0.0012610 -0.0005621 -0.0022123 0.0038277 0.0057969 -0.0025952 0.0011898 -0.0003498
-0.2868659 0.2698347 -0.3332434 0.2409320 0.3912577 -0.3252958 -0.3029307 0.3573461 -0.3488949 0.2462783 0.4389752 -0.3413023 -0.5560482 0.5230356 -0.6459444 0.4279572 0.6949743 -0.5778091 -0.5186144 0.6117730 -0.5973046 0.4049668 0.7218273 -0.5612193 0.0024924 0.0080061 0.0103292 -0.0059711 0.0006108 0.0066441 0.0079698 0.0041496 0.0272686 -0.0072423 0.0008745 0.0068867 0.0008359 0.0194221 0.0154850 -0.0061635 0.0084947 0.0057763 -0.0018940 0.0261472 0.0297408 -0.0079168 0.0087840 0.0057390
-0.2843735 0.2778408 -0.3229143 0.2349608 0.3918685 -0.3186518 -0.2949609 0.3614957 -0.3216262 0.2390359 0.4398497 -0.3344156 -0.5552122 0.5424577 -0.6304594 0.4217937 0.7034690 -0.5720328 -0.5205084 0.6379203 -0.5675639 0.3970501 0.7306113 -0.5554803 0.0141070 0.0119858 0.0226895 -0.0063348 0.0062590 0.0212512 0.0221982 -0.0276036 0.0276153 -0.0145425 0.0051563 0.0297773 0.0116027 0.0404946 0.0265924 -0.0038395 0.0243528 0.0283511 -0.0021773 0.0019055 0.0041611 -0.0127428 0.0311885 0.0339739
-0.2702666 0.2898266 -0.3002247 0.2286261 0.3981275 -0.2974006 -0.2727627 0.3338921 -0.2940109 0.2244934 0.4450060 -0.3046384 -0.5436096 0.5829523 -0.6038669 0.4179541 0.7278218 -0.5436817 -0.5226857 0.6398257 -0.5634028 0.3843073 0.7617999 -0.5215064 0.0296543 0.0037197 -0.0064320 0.0168748 0.0061811 0.0279776 0.0280972 0.0024416 -0.0121811 0.0171190 0.0138687 0.0309351 0.0505082 0.0186299 -0.0245834 0.0330380 0.0149047 0.0487439 0.0489537 0.0113980 -0.0294594 0.0277247 0.0207388 0.0547485
-0.2406123 0.2935463 -0.3066568 0.2455009 0.4043086 -0.2694230 -0.2446656 0.3363337 -0.3061920 0.2416124 0.4588747 -0.2737033 -0.4931014 0.6015822 -0.6284504 0.4509921 0.7427265 -0.4949378 -0.4737320 0.6512238 -0.5928622 0.4120319 0.7825387 -0.4667579 0.0025634 0.0019384 0.0060717 -0.0035899 0.0030893 0.0078386 0.0083352 -0.0277508 0.0099024 -0.0023817 -0.0016495 0.0082294 0.0013424 0.0088272 0.0075047 -0.0040197 0.0100118 0.0116153 -0.0098221 -0.0198341 -0.0133742 0.0002127 0.0053561 0.0092908
-0.2380489 0.2954847 -0.3005851 0.2419110 0.4073979 -0.2615843 -0.2363304 0.3085829 -0.2962896 0.2392307 0.4572252 -0.2654739 -0.4917590 0.6104094 -0.6209457 0.4469725 0.7527383 -0.4833225 -0.4835542 0.6313896 -0.6062363 0.4122446 0.7878948 -0.4574671 0.0144125 0.0031967 -0.0081297 0.0105461 -0.0026042 0.0136348 0.0143721 0.0334027 -0.0088254 0.0099220 -0.0004023 0.0113920 0.0299690 0.0063422 -0.0165240 0.0225808 0.0001510 0.0221528 0.0476834 0.0401849 0.0070666 0.0180191 0.0009961 0.0186912
-0.2236364 0.2986814 -0.3087148 0.2524571 0.4047937 -0.2479496 -0.2219583 0.3419856 -0.3051150 0.2491527 0.4568229 -0.2540819 -0.4617900 0.6167516 -0.6374696 0.4695532 0.7528893 -0.4611697 -0.4358708 0.6715745 -0.5991697 0.4302637 0.7888909 -0.4387760 0.0055862 -0.0003991 -0.0078953 0.0040254 0.0009264 0.0031598 0.0036319 -0.0024220 -0.0175268 0.0038892 0.0021884 0.0026118 0.0136620 -0.0037336 -0.0132149 0.0064650 0.0001063 0.0068524 0.0134009 -0.0145061 -0.0251542 0.0050081 0.0006807 0.0062079
-0.2180502 0.2982823 -0.3166101 0.2564825 0.4057201 -0.2447898 -0.2183264 0.3395636 -0.3226417 0.2530419 0.4590113 -0.2514701 -0.4481280 0.6130179 -0.6506845 0.4760183 0.7529956 -0.4543173 -0.4224699 0.6570684 -0.6243239 0.4352718 0.7895716 -0.4325681 0.0015444 -0.0109812 -0.0324107 0.0145567 -0.0028735 -0.0224254 -0.0066328 0.0315690 -0.0340220 0.0231885 -0.0081637 -0.0294120 0.0161796 -0.0398265 -0.0456432 0.0130345 -0.0261147 -0.0278356 0.0220034 0.0036121 -0.0105996 0.0260991 -0.0365482 -0.0365723
-0.2165057 0.2873011 -0.3490208 0.2710392 0.4028466 -0.2672152 -0.2249592 0.3711326 -0.3566638 0.2762304 0.4508476 -0.2808821 -0.4319483 0.5731914 -0.6963277 0.4890528 0.7268809 -0.4821529 -0.4004665 0.6606805 -0.6349235 0.4613709 0.7530234 -0.4691404 0.0083946 -0.0185344 -0.0167558 0.0205016 -0.0133330 -0.0094333 0.0088925 -0.0108066 -0.0146736 0.0225628 -0.0134705 -0.0086126 0.0151740 -0.0349452 -0.0361955 0.0318455 -0.0309339 -0.0121372 0.0151311 -0.0180717 -0.0273231 0.0336135 -0.0284593 -0.0104400
-0.2081112 0.2687667 -0.3657765 0.2915408 0.3895136 -0.2766485 -0.2160667 0.3603260 -0.3713374 0.2987932 0.4373771 -0.2894947 -0.4167743 0.5382462 -0.7325232 0.5208983 0.6959470 -0.4942901 -0.3853354 0.6426087 -0.6622466 0.4949844 0.7245641 -0.4795804 0.0004571 -0.0016929 -0.0167303 0.0144183 -0.0069130 -0.0146072 -0.0032862 -0.0089648 -0.0260881 0.0181687 -0.0067245 -0.0181357 0.0101252 -0.0152353 -0.0165403 0.0159348 -0.0246395 -0.0167445 0.0032115 -0.0305198 -0.0300889 0.0188152 -0.0264703 -0.0190929
-0.2076540 0.2670737 -0.3825068 0.3059591 0.3826005 -0.2912557 -0.2193529 0.3513612 -0.3974256 0.3169619 0.4306525 -0.3076304 -0.4066491 0.5230108 -0.7490635 0.5368331 0.6713076 -0.5110346 -0.3821239 0.6120890 -0.6923355 0.5137996 0.6980938 -0.4986732 -0.0005557 -0.0011084 -0.0022195 0.0018403 -0.0032033 -0.0043362 -0.0004974 -0.0021449 -0.0038503 0.0023793 -0.0034394 -0.0049471 -0.0000421 -0.0035068 -0.0024135 0.0022066 -0.0068806 -0.0066265 0.0001702 -0.0053831 -0.0048154 0.0027508 -0.0070551 -0.0069365
-0.2082097 0.2659654 -0.3847263 0.3077993 0.3793973 -0.2955919 -0.2198503 0.3492163 -0.4012759 0.3193412 0.4272132 -0.3125775 -0.4066912 0.5195041 -0.7514771 0.5390397 0.6644270 -0.5176611 -0.3819537 0.6067059 -0.6971509 0.5165504 0.6910387 -0.5056097 -0.0045350 -0.0065609 0.0094877 -0.0035667 0.0000224 0.0023871 -0.0015449 0.0004586 0.0019298 -0.0057764 -0.0007984 0.0041205 -0.0159715 -0.0041416 0.0059855 -0.0033042 0.0037085 0.0013449 -0.0029995 0.0012950 0.0027836 -0.0047046 0.0050170 0.0021017
-0.2127447 0.2594045 -0.3752386 0.3042326 0.3794197 -0.2932048 -0.2213952 0.3496749 -0.3993461 0.3135648 0.4264148 -0.3084570 -0.4226628 0.5153624 -0.7454916 0.5357355 0.6681355 -0.5163162 -0.3849532 0.6080009 -0.6943673 0.5118458 0.6960557 -0.5035080 0.0013571 0.0020241 0.0034309 -0.0090169 -0.0002805 0.0070510 0.0039237 0.0041691 0.0140114 -0.0130944 0.0007620 0.0102760 0.0009578 0.0061711 0.0037587 -0.0078765 0.0097826 0.0046601 0.0011030 0.0165549 0.0142283 -0.0122222 0.0142556 0.0076914
-0.2113876 0.2614286 -0.3718076 0.2952157 0.3791392 -0.2861539 -0.2174715 0.3538440 -0.3853347 0.3004705 0.4271768 -0.2981810 -0.4217050 0.5215335 -0.7417329 0.5278590 0.6779180 -0.5116561 -0.3838502 0.6245558 -0.6801390 0.4996236 0.7103113 -0.4958166 0.0038582 0.0055787 0.0069495 -0.0125245 -0.0006813 0.0087637 0.0054775 0.0063404 0.0189514 -0.0183751 -0.0037805 0.0117201 0.0045407 0.0151899 0.0083149 -0.0118152 0.0129447 0.0052892 0.0024273 0.0234937 0.0209362 -0.0164745 0.0148460 0.0051906
-0.2075294 0.2670073 -0.3648582 0.2826912 0.3784579 -0.2773902 -0.2119939 0.3601844 -0.3663833 0.2820954 0.4233963 -0.2864609 -0.4171643 0.5367234 -0.7334179 0.5160438 0.6908628 -0.5063669 -0.3814229 0.6480496 -0.6592028 0.4831491 0.7251573 -0.4906259 0.0016798 0.0051224 0.0022079 -0.0092460 0.0022076 0.0079555 0.0006151 0.0019595 0.0056092 -0.0087604 0.0057127 0.0092660 0.0037614 0.0097880 0.0051163 -0.0102475 0.0132606 0.0079891 -0.0007059 0.0066312 0.0069983 -0.0113792 0.0154749 0.0121940
-0.2058497 0.2721297 -0.3626502 0.2734453 0.3806655 -0.2694347 -0.2113788 0.3621439 -0.3607741 0.2733350 0.4291090 -0.2771949 -0.4134029 0.5465115 -0.7283016 0.5057963 0.7041234 -0.4983778 -0.3821289 0.6546807 -0.6522045 0.4717699 0.7406322 -0.4784319 0.0010673 0.0012073 0.0020341 -0.0042779 0.0034257 0.0029109 0.0007526 0.0011241 0.0032218 -0.0027089 0.0026042 0.0022645 0.0011021 0.0038147 0.0022512 -0.0068349 0.0078749 0.0043170 0.0002253 0.0039902 0.0038972 -0.0043399 0.0050304 0.0035673
-0.2047823 0.2733371 -0.3606161 0.2691674 0.3840912 -0.2665237 -0.2106262 0.3632681 -0.3575523 0.2706260 0.4317132 -0.2749304 -0.4123007 0.5503261 -0.7260504 0.4989613 0.7119983 -0.4940608 -0.3819036 0.6586710 -0.6483072 0.4674300 0.7456627 -0.4748646 0.0015223 0.0002705 -0.0020000 0.0002247 0.0015529 -0.0015072 0.0092926 -0.0453134 -0.0124876 0.0015109 0.0099917 -0.0048668 0.0038698 -0.0005388 -0.0025908 -0.0013942 0.0002864 -0.0009922 0.0004366 -0.0562419 -0.0528077 -0.0057485 0.0036917 0.0001876
-0.2032601 0.2736076 -0.3626162 0.2693921 0.3856442 -0.2680309 -0.2013336 0.3179547 -0.3700399 0.2721370 0.4417050 -0.2797972 -0.4084310 0.5497873 -0.7286412 0.4975671 0.7122847 -0.4950530 -0.3814670 0.6024291 -0.7011149 0.4616815 0.7493543 -0.4746771 0.0007363 -0.0060376 -0.0147251 0.0001703 -0.0027191 -0.0023702 -0.0018874 -0.0034357 -0.0089621 0.0017318 -0.0063136 -0.0041910 0.0073709 -0.0199157 -0.0186117 0.0009287 -0.0041498 -0.0049939 0.0000378 -0.0121028 -0.0102406 0.0044357 -0.0083300 -0.0086631
-0.2025238 0.2675699 -0.3773412 0.2695624 0.3829250 -0.2704011 -0.2032210 0.3145189 -0.3790020 0.2738687 0.4353913 -0.2839881 -0.4010601 0.5298716 -0.7472529 0.4984958 0.7081349 -0.5000469 -0.3814291 0.5903262 -0.7113556 0.4661172 0.7410243 -0.4833402 0.0056106 -0.0075374 -0.0054009 0.0090391 -0.0056276 -0.0107093 0.0061592 -0.0060629 -0.0160729 0.0112575 -0.0103887 -0.0108640 0.0094853 -0.0127798 -0.0138550 0.0110125 -0.0181307 -0.0140498 0.0155341 -0.0175996 -0.0222008 0.0166196 -0.0214680 -0.0158631
-0.1969132 0.2600326 -0.3827422 0.2786015 0.3772975 -0.2811104 -0.1970618 0.3084561 -0.3950749 0.2851263 0.4250027 -0.2948522 -0.3915748 0.5170918 -0.7611079 0.5095083 0.6900042 -0.5140967 -0.3658950 0.5727267 -0.7335564 0.4827368 0.7195563 -0.4992033 0.0059135 -0.0082940 -0.0033586 0.0109151 -0.0057465 -0.0093453 0.0062681 -0.0030105 -0.0104392 0.0109715 -0.0066243 -0.0088366 0.0087529 -0.0125308 -0.0127561 0.0136660 -0.0185888 -0.0107746 0.0141028 -0.0095351 -0.0141451 0.0142639 -0.0173076 -0.0105389
-0.1909997 0.2517386 -0.3861008 0.2895166 0.3715510 -0.2904557 -0.1907936 0.3054456 -0.4055140 0.2960978 0.4183784 -0.3036888 -0.3828219 0.5045611 -0.7738640 0.5231743 0.6714154 -0.5248713 -0.3517922 0.5631916 -0.7477015 0.4970007 0.7022487 -0.5097421 0.0013291 -0.0078093 0.0005111 0.0038297 -0.0085909 -0.0058816 0.0023923 -0.0057516 -0.0032265 0.0062777 -0.0078978 -0.0081209 -0.0010325 -0.0108983 -0.0064903 0.0074637 -0.0148522 -0.0111772 0.0033668 -0.0089439 -0.0082147 0.0089649 -0.0153908 -0.0120097
-0.1896706 0.2439293 -0.3855896 0.2933463 0.3629601 -0.2963373 -0.1884013 0.2996940 -0.4087406 0.3023755 0.4104806 -0.3118097 -0.3838544 0.4936628 -0.7803543 0.5306380 0.6565633 -0.5360485 -0.3484254 0.5542477 -0.7559162 0.5059656 0.6868580 -0.5217518 0.0001274 -0.0054557 0.0013991 0.0011056 -0.0064093 -0.0047138 0.0050968 -0.0187928 0.0018645 0.0010982 -0.0089354 -0.0035396 -0.0027282 -0.0072845 -0.0032209 0.0030012 -0.0103815 -0.0095505 0.0008025 -0.0215402 -0.0156932 0.0049734 -0.0108024 -0.0091815
-0.1895432 0.2384735 -0.3841905 0.2944519 0.3565507 -0.3010511 -0.1833045 0.2809011 -0.4068761 0.3034737 0.4015451 -0.3153494 -0.3865826 0.4863783 -0.7835752 0.5336392 0.6461818 -0.5455990 -0.3476229 0.5327075 -0.7716094 0.5109390 0.6760556 -0.5309333 0.0057526 0.0022248 0.0007462 0.0016411 0.0032019 -0.0008726 0.0043465 -0.0040179 0.0021256 0.0014142 0.0018607 -0.0001068 0.0104361 0.0062355 -0.0011831 -0.0003338 0.0017835 0.0017918 0.0048100 -0.0023084 -0.0037332 0.0006254 0.0008099 0.0016366
-0.1837906 0.2406983 -0.3834443 0.2960931 0.3597526 -0.3019237 -0.1789580 0.2768832 -0.4047506 0.3048879 0.4034058 -0.3154561 -0.3761464 0.4926138 -0.7847582 0.5333054 0.6479653 -0.5438073 -0.3428129 0.5303991 -0.7753426 0.5115644 0.6768655 -0.5292967 0.0000000 0.0000000 0.0000000 0.0000000 0.0000000 0.0000000 0.0000000 0.0000000 0.0000000 0.0000000 0.0000000 0.0000000 0.0000000 0.0000000 0.0000000 0.0000000 0.0000000 0.0000000 0.0000000 0.0000000 0.0000000 0.0000000 0.0000000 0.0000000
