-0.1764998 0.0351205 -0.2405579 0.1796837 -0.0637118 -0.1231402 -0.1544058 0.0391555 -0.3113946 0.1277202 -0.0936622 -0.2038303 -0.5875052 0.1169037 -0.8007317 0.7917124 -0.2807232 -0.5425735 -0.4414461 0.1119456 -0.8902772 0.4947874 -0.3628469 -0.7896376 -0.0072453 -0.0287299 -0.0396771 -0.0016416 -0.0102696 -0.0020982 -0.0132263 -0.0153380 0.0021295 -0.0098733 -0.0080660 -0.0148104 0.0392803 -0.0978366 -0.0353819 -0.0173005 -0.0410661 -0.0021631 -0.0339979 -0.0443935 0.0131286 -0.0557207 -0.0161657 -0.0249604
-0.1837451 0.0063906 -0.2802350 0.1780421 -0.0739814 -0.1252383 -0.1676321 0.0238175 -0.3092652 0.1178469 -0.1017282 -0.2186407 -0.5482249 0.0190671 -0.8361136 0.7744118 -0.3217893 -0.5447365 -0.4754440 0.0675520 -0.8771486 0.4390667 -0.3790126 -0.8145980 -0.0001035 -0.0072789 -0.0308729 -0.0302326 -0.0244399 -0.0430388 -0.0039038 -0.0181496 -0.0403140 -0.0019569 -0.0127688 -0.0147899 0.0394722 -0.0215252 -0.0247956 -0.1702343 -0.0805116 -0.1431031 0.0349741 -0.0529980 -0.0205008 -0.0319458 -0.0232147 -0.0054421
-0.1838487 -0.0008883 -0.3111079 0.1478096 -0.0984213 -0.1682772 -0.1715359 0.0056679 -0.3495792 0.1158900 -0.1144970 -0.2334306 -0.5087527 -0.0024581 -0.8609092 0.6041776 -0.4023009 -0.6878397 -0.4404699 0.0145540 -0.8976494 0.4071209 -0.4022273 -0.8200401 0.0374130 0.0150575 0.0159100 0.0006220 -0.0017577 -0.0013688 -0.0109112 -0.0182009 -0.0442450 -0.0004253 -0.0116471 -0.0089158 0.0647758 0.0454176 -0.0340986 -0.0024430 -0.0038197 0.0001031 0.0202917 -0.0434177 -0.0093331 -0.0178369 -0.0230619 0.0029801
-0.1464356 0.0141692 -0.2951979 0.1484316 -0.1001789 -0.1696459 -0.1824471 -0.0125330 -0.3938242 0.1154647 -0.1261441 -0.2423464 -0.4439769 0.0429595 -0.8950078 0.6017346 -0.4061206 -0.6877365 -0.4201782 -0.0288637 -0.9069824 0.3892840 -0.4252891 -0.8170600 -0.0416547 -0.0132678 -0.0187544 0.0032614 0.0001869 -0.0053769 -0.0003259 0.0006554 -0.0035533 -0.0149528 -0.0429369 -0.0407221 -0.0699526 -0.0404965 0.0371789 -0.0004320 0.0097579 -0.0060443 0.0024655 0.0017184 -0.0011911 -0.0976926 -0.0652259 -0.0041400
-0.1880903 0.0009014 -0.3139523 0.1516930 -0.0999920 -0.1750229 -0.1827730 -0.0118776 -0.3973775 0.1005119 -0.1690810 -0.2830685 -0.5139295 0.0024629 -0.8578289 0.6013026 -0.3963627 -0.6937808 -0.4177127 -0.0271453 -0.9081736 0.2915914 -0.4905150 -0.8212000 -0.0623892 0.0254870 0.0533960 0.0272971 -0.0027442 -0.0112017 -0.0078261 -0.0023235 -0.0145523 0.0339949 0.0128127 0.0242939 -0.1772599 0.0703549 0.1388332 0.0425977 0.0267787 0.0238553 -0.0020074 -0.0041271 0.0010589 0.1149310 0.0182224 0.0391008
-0.2504795 0.0263884 -0.2605562 0.1789901 -0.1027362 -0.1862245 -0.1905991 -0.0142011 -0.4119299 0.1345068 -0.1562683 -0.2587746 -0.6911894 0.0728179 -0.7189957 0.6439002 -0.3695841 -0.6699255 -0.4197201 -0.0312724 -0.9071147 0.4065224 -0.4722926 -0.7820992 0.0337396 -0.0294530 -0.0835550 -0.0316673 -0.0181906 -0.0800493 -0.0155479 -0.0087905 -0.0390309 -0.0232633 -0.0269762 -0.0258564 0.1582552 -0.0803533 -0.1271275 -0.1940027 0.0002949 -0.1432275 0.0044174 -0.0150464 -0.0013886 -0.0943269 -0.0419678 -0.0166937
-0.2167399 -0.0030646 -0.3441113 0.1473227 -0.1209269 -0.2662738 -0.2061471 -0.0229916 -0.4509608 0.1112435 -0.1832445 -0.2846310 -0.5329342 -0.0075354 -0.8461231 0.4498975 -0.3692892 -0.8131529 -0.4153028 -0.0463188 -0.9085033 0.3121956 -0.5142604 -0.7987929 -0.0599707 0.0333075 0.0400658 0.0114679 0.0022548 0.0017793 -0.0113954 -0.0039894 -0.0105767 0.0085605 -0.0021179 -0.0442108 -0.1383317 0.0809010 0.1085463 0.0305041 0.0102613 0.0129572 -0.0104583 -0.0064868 0.0052098 -0.0096922 0.0462228 -0.0315278
-0.2767107 0.0302429 -0.3040455 0.1587907 -0.1186721 -0.2644945 -0.2175425 -0.0269810 -0.4615375 0.1198040 -0.1853624 -0.3288417 -0.6712659 0.0733655 -0.7375768 0.4804016 -0.3590279 -0.8001957 -0.4257611 -0.0528056 -0.9032935 0.3025034 -0.4680376 -0.8303207 -0.0116085 -0.0224054 -0.0469837 0.0024176 0.0002279 -0.0056973 -0.0074381 -0.0026478 -0.0171578 0.0073320 0.0009060 -0.0090959 0.0366555 -0.0561147 -0.0350628 -0.0008801 0.0067100 -0.0035027 0.0010753 -0.0031234 -0.0003181 0.0110642 0.0130949 -0.0031674
-0.2883191 0.0078375 -0.3510292 0.1612083 -0.1184442 -0.2701919 -0.2249806 -0.0296288 -0.4786953 0.1271359 -0.1844565 -0.3379376 -0.6346104 0.0172509 -0.7726396 0.4795216 -0.3523179 -0.8036984 -0.4246858 -0.0559290 -0.9036116 0.3135676 -0.4549427 -0.8334881 0.0090026 -0.0014660 -0.0222270 0.0015408 0.0015591 -0.0080687 -0.0171455 -0.0054687 -0.0107469 0.0044791 0.0024087 -0.0102698 0.0355256 -0.0035851 -0.0279293 -0.0048919 0.0114426 -0.0078007 -0.0178089 -0.0082131 0.0091373 0.0040502 0.0156190 -0.0068175
-0.2793165 0.0063715 -0.3732562 0.1627491 -0.1168851 -0.2782606 -0.2421260 -0.0350975 -0.4894421 0.1316151 -0.1820478 -0.3482074 -0.5990848 0.0136657 -0.8005689 0.4746296 -0.3408753 -0.8114991 -0.4424946 -0.0641420 -0.8944743 0.3176179 -0.4393237 -0.8403056 0.0126022 -0.0251952 -0.0714729 0.0007274 -0.0007173 -0.0151606 -0.0056589 -0.0006924 -0.0078081 0.0011322 -0.0025333 -0.0136060 0.0851022 -0.0499407 -0.0564643 -0.0152718 0.0104204 -0.0129947 -0.0025861 -0.0001452 0.0012944 -0.0069660 0.0073716 -0.0064014
-0.2667143 -0.0188237 -0.4447292 0.1634765 -0.1176024 -0.2934212 -0.2477849 -0.0357899 -0.4972502 0.1327473 -0.1845811 -0.3618134 -0.5139826 -0.0362750 -0.8570333 0.4593578 -0.3304550 -0.8244937 -0.4450807 -0.0642872 -0.8931799 0.3106519 -0.4319522 -0.8467070 0.0019181 -0.0005974 -0.0131044 0.0004307 0.0029860 -0.0052323 -0.0090221 -0.0007166 -0.0087574 -0.0023644 -0.0070083 -0.0156355 0.0136592 -0.0004205 -0.0080274 -0.0033495 0.0115791 -0.0063941 -0.0065530 0.0000850 0.0032894 -0.0162776 -0.0006123 -0.0054853
-0.2647963 -0.0194211 -0.4578336 0.1639072 -0.1146164 -0.2986535 -0.2568070 -0.0365065 -0.5060076 0.1303829 -0.1915894 -0.3774490 -0.5003234 -0.0366955 -0.8650607 0.4560083 -0.3188759 -0.8308878 -0.4516338 -0.0642022 -0.8898905 0.2943743 -0.4325645 -0.8521923 -0.0025350 -0.0019245 -0.0044304 0.0001531 0.0022116 -0.0036975 -0.0045213 0.0009653 -0.0020983 0.0009901 0.0034592 -0.0059923 0.0001007 -0.0032458 0.0000855 -0.0026695 0.0082737 -0.0045822 -0.0048551 0.0021187 0.0023300 -0.0003794 0.0115547 -0.0058973
-0.2673312 -0.0213456 -0.4622640 0.1640603 -0.1124049 -0.3023510 -0.2613283 -0.0355412 -0.5081059 0.1313730 -0.1881302 -0.3834413 -0.5002226 -0.0399413 -0.8649752 0.4533388 -0.3106022 -0.8354700 -0.4564888 -0.0620834 -0.8875605 0.2939949 -0.4210098 -0.8580896 -0.0020452 -0.0004863 -0.0025399 0.0000713 0.0021842 -0.0041408 -0.0014649 0.0012408 -0.0020976 0.0002338 0.0033710 -0.0021178 -0.0007896 -0.0006638 0.0004881 -0.0033254 0.0084009 -0.0048646 -0.0005985 0.0024233 0.0001418 0.0002043 0.0079915 -0.0038053
-0.2693764 -0.0218319 -0.4648039 0.1641316 -0.1102206 -0.3064918 -0.2627932 -0.0343004 -0.5102035 0.1316067 -0.1847592 -0.3855592 -0.5010122 -0.0406051 -0.8644871 0.4500135 -0.3022012 -0.8403346 -0.4570873 -0.0596601 -0.8874186 0.2941992 -0.4130183 -0.8618948 -0.0197416 0.0622390 0.1349486 0.0013771 0.0031655 -0.0010914 0.0033471 0.0138914 0.0180026 0.0016510 0.0102661 0.0009180 -0.1553516 0.1323384 0.1156403 0.0030332 0.0091595 -0.0016126 -0.0088987 0.0230039 0.0033862 0.0066809 0.0190337 -0.0065793
-0.2891180 0.0404071 -0.3298553 0.1655087 -0.1070551 -0.3075832 -0.2594460 -0.0204090 -0.4922008 0.1332577 -0.1744931 -0.3846412 -0.6563638 0.0917333 -0.7488468 0.4530467 -0.2930418 -0.8419473 -0.4659860 -0.0366562 -0.8840324 0.3008801 -0.3939846 -0.8684741 -0.0103253 0.0046383 0.0022360 0.0025653 0.0052805 0.0091832 0.0009887 0.0037640 0.0050267 0.0011181 0.0140266 0.0074278 -0.0148418 0.0092364 0.0144844 0.0173788 0.0081830 0.0067495 -0.0024554 0.0064880 0.0010531 0.0106157 0.0220081 -0.0059422
-0.2994433 0.0450454 -0.3276193 0.1680740 -0.1017746 -0.2984000 -0.2584574 -0.0166450 -0.4871741 0.1343758 -0.1604665 -0.3772133 -0.6712056 0.1009698 -0.7343624 0.4704256 -0.2848588 -0.8351977 -0.4684414 -0.0301683 -0.8829793 0.3114958 -0.3719766 -0.8744163 -0.0060535 0.0460749 0.0271183 -0.0013277 -0.0000159 0.0006964 0.0019951 0.0063489 0.0098389 0.0023778 0.0187348 0.0215045 -0.0261156 0.1070197 0.0484444 -0.0021425 -0.0010051 -0.0008602 -0.0047654 0.0111706 0.0022328 0.0248442 0.0233932 -0.0004352
-0.3054968 0.0911203 -0.3005010 0.1667463 -0.1017905 -0.2977037 -0.2564623 -0.0102961 -0.4773352 0.1367536 -0.1417317 -0.3557088 -0.6973212 0.2079895 -0.6859180 0.4682830 -0.2858638 -0.8360579 -0.4732068 -0.0189977 -0.8807465 0.3363400 -0.3485834 -0.8748515 0.0024298 -0.0153487 -0.0034161 -0.0160362 -0.0083409 -0.0182798 0.0154540 0.0130377 0.0544175 -0.0119566 -0.0051100 -0.0194552 0.0019584 -0.0341376 -0.0113955 -0.0576271 -0.0142227 -0.0249356 -0.0219034 0.0246298 0.0119346 -0.0404470 0.0004226 -0.0146604
-0.3030670 0.0757716 -0.3039172 0.1507102 -0.1101313 -0.3159834 -0.2410083 0.0027416 -0.4229177 0.1247970 -0.1468417 -0.3751640 -0.6953628 0.1738518 -0.6973135 0.4106559 -0.3000865 -0.8609935 -0.4951103 0.0056321 -0.8688119 0.2958930 -0.3481608 -0.8895119 0.0840199 -0.0482816 -0.0500894 0.0393183 0.0429791 0.0908593 0.0028208 0.0053305 0.0181509 0.0247458 0.0418325 0.0661680 0.1703251 -0.1079606 -0.1512110 0.2182427 0.0778463 0.1159459 -0.0119763 0.0115529 0.0070881 0.1206809 0.0556420 0.0287570
-0.2190471 0.0274900 -0.3540066 0.1900285 -0.0671523 -0.2251241 -0.2381875 0.0080721 -0.4047668 0.1495428 -0.1050092 -0.3089961 -0.5250377 0.0658913 -0.8485244 0.6288986 -0.2222402 -0.7450476 -0.5070866 0.0171850 -0.8617238 0.4165738 -0.2925188 -0.8607549 -0.0147677 -0.0421827 0.0973159 -0.0177611 -0.0138590 -0.0218996 0.0031349 0.0047304 0.0176980 -0.0050206 -0.0001788 -0.0025821 -0.1477573 -0.1081691 0.1099045 -0.0765200 -0.0375239 -0.0470387 -0.0117593 0.0110747 0.0073232 -0.0142410 -0.0003122 -0.0066425
-0.2338147 -0.0146927 -0.2566907 0.1722673 -0.0810112 -0.2470237 -0.2350526 0.0128025 -0.3870687 0.1445222 -0.1051879 -0.3115782 -0.6727950 -0.0422778 -0.7386199 0.5523785 -0.2597641 -0.7920862 -0.5188460 0.0282597 -0.8544005 0.4023329 -0.2928310 -0.8673974 -0.0010559 0.0018560 0.0062053 0.0099989 0.0135440 0.0326037 0.0048325 0.0062778 0.0248090 -0.0082964 0.0006189 0.0024638 -0.0107315 0.0049201 0.0096509 0.0774425 0.0266312 0.0511581 -0.0169881 0.0161494 0.0112459 -0.0170958 -0.0028830 -0.0067568
-0.2348706 -0.0128367 -0.2504854 0.1822663 -0.0674672 -0.2144200 -0.2302201 0.0190803 -0.3622598 0.1362258 -0.1045690 -0.3091144 -0.6835265 -0.0373577 -0.7289691 0.6298211 -0.2331329 -0.7409281 -0.5358341 0.0444091 -0.8431546 0.3852371 -0.2957140 -0.8741542 0.0080591 0.0478303 -0.0444406 -0.0165034 0.0079030 -0.0051630 0.0160360 0.0101226 0.0051208 -0.0059171 0.0097429 0.0199948 0.0765868 0.1309994 -0.0602428 -0.0409641 0.0215367 -0.0391197 0.0227735 0.0255440 -0.0123426 0.0084419 0.0092321 0.0006870
-0.2268115 0.0349936 -0.2949260 0.1657628 -0.0595642 -0.2195829 -0.2141841 0.0292029 -0.3571389 0.1303086 -0.0948262 -0.2891196 -0.6069397 0.0936417 -0.7892119 0.5888569 -0.2115962 -0.7800478 -0.5130605 0.0699532 -0.8554972 0.3936790 -0.2864819 -0.8734672 0.0168351 -0.0186073 -0.0032975 0.0038914 -0.0081092 0.0177903 0.0090703 0.0086283 0.0084327 -0.0024748 0.0060662 0.0222909 0.0318150 -0.0487596 -0.0276217 0.0344570 -0.0370376 0.0386565 0.0082565 0.0231529 -0.0027010 0.0201606 -0.0008630 0.0096560
-0.2099764 0.0163863 -0.2982235 0.1696542 -0.0676734 -0.2017926 -0.2051138 0.0378312 -0.3487063 0.1278338 -0.0887600 -0.2668287 -0.5751247 0.0448820 -0.8168336 0.6233139 -0.2486338 -0.7413913 -0.5048040 0.0931061 -0.8581982 0.4138396 -0.2873449 -0.8638112 0.0198985 0.0282385 -0.0139511 0.0083665 -0.0116768 0.0386009 0.0121875 0.0135933 0.0316839 0.0006128 -0.0152882 0.0197355 0.0588946 0.0763139 -0.0309977 0.0769943 -0.0635188 0.0994183 -0.0101366 0.0441513 0.0120324 0.0182229 -0.0626474 0.0326509
-0.1900779 0.0446248 -0.3121746 0.1780207 -0.0793502 -0.1631917 -0.1929264 0.0514245 -0.3170223 0.1284466 -0.1040482 -0.2470932 -0.5162302 0.1211960 -0.8478313 0.7003082 -0.3121526 -0.6419729 -0.5149407 0.1372574 -0.8461658 0.4320624 -0.3499923 -0.8311603 0.0208578 0.0185219 0.0477976 -0.0060993 0.0119440 0.0030697 0.0089722 0.0042630 0.0332301 -0.0082897 0.0131403 0.0040558 -0.0122777 0.0760237 0.0221293 0.0030858 0.0363686 -0.0131455 -0.0217584 0.0252148 0.0181822 -0.0118645 0.0320803 -0.0187607
-0.1692201 0.0631467 -0.2643771 0.1719213 -0.0674062 -0.1601220 -0.1839542 0.0556875 -0.2837922 0.1201569 -0.0909079 -0.2430374 -0.5285079 0.1972197 -0.8257020 0.7033940 -0.2757839 -0.6551184 -0.5366991 0.1624722 -0.8279836 0.4201980 -0.3179120 -0.8499210 -0.0013011 -0.0024965 0.0018056 -0.0415131 -0.0141338 -0.0341476 0.0040652 0.0003281 0.0069167 0.0010654 0.0208475 -0.0240700 -0.0062023 -0.0070364 0.0023459 -0.1770911 -0.0532963 -0.1289170 -0.0004435 0.0047886 0.0012421 -0.0182390 0.0855999 -0.0357765
-0.1705212 0.0606502 -0.2625715 0.1304082 -0.0815401 -0.1942696 -0.1798889 0.0560156 -0.2768755 0.1212222 -0.0700604 -0.2671074 -0.5347102 0.1901833 -0.8233561 0.5263029 -0.3290802 -0.7840354 -0.5371426 0.1672608 -0.8267416 0.4019590 -0.2323122 -0.8856975 0.0028203 -0.0017029 0.0024074 0.0098366 0.0081788 0.0247058 0.0025542 -0.0150082 -0.0547509 -0.0089039 -0.0142624 0.0295625 0.0024838 -0.0031044 -0.0023173 0.0783221 0.0128043 0.0530100 0.0683659 -0.0588595 -0.0498983 0.0050521 -0.0732507 0.0248994
-0.1677009 0.0589473 -0.2601641 0.1402448 -0.0733613 -0.1695638 -0.1773348 0.0410074 -0.3316264 0.1123183 -0.0843228 -0.2375449 -0.5322264 0.1870789 -0.8256734 0.6046251 -0.3162759 -0.7310254 -0.4687768 0.1084013 -0.8766399 0.4070111 -0.3055629 -0.8607980 0.0033237 -0.0022050 0.0069643 0.0230052 0.0065925 0.0419855 0.0150651 0.0146973 0.0762159 0.0122763 0.0041785 0.0387605 -0.0029186 -0.0023493 0.0013586 0.1453268 0.0095479 0.1449451 -0.0586153 0.0726444 0.0465314 0.0955575 -0.0177096 0.0589753
-0.1643773 0.0567423 -0.2531998 0.1632500 -0.0667687 -0.1275783 -0.1622697 0.0557047 -0.2554104 0.1245946 -0.0801443 -0.1987844 -0.5351450 0.1847297 -0.8243147 0.7499519 -0.3067279 -0.5860803 -0.5273920 0.1810456 -0.8301085 0.5025686 -0.3232725 -0.8018227 0.0044140 -0.0051496 0.0065911 -0.0120873 -0.0009885 -0.0141424 0.0044703 -0.0025695 0.0076882 -0.0063857 -0.0042520 -0.0074243 -0.0008547 -0.0118545 -0.0020136 -0.0565595 -0.0040785 -0.0640015 -0.0012846 -0.0030263 0.0001626 -0.0339065 -0.0113331 -0.0157315
-0.1599632 0.0515927 -0.2466087 0.1511627 -0.0677572 -0.1417208 -0.1577994 0.0531352 -0.2477222 0.1182090 -0.0843964 -0.2062088 -0.5359997 0.1728752 -0.8263283 0.6933924 -0.3108064 -0.6500818 -0.5286766 0.1780193 -0.8299459 0.4686622 -0.3346056 -0.8175542 0.0076938 0.0038204 0.0121610 -0.0018509 -0.0011858 -0.0015218 0.0014419 -0.0017927 0.0025001 -0.0031728 -0.0018323 -0.0006565 0.0017121 0.0215600 0.0036913 -0.0087754 -0.0053078 -0.0067069 -0.0007633 -0.0041692 -0.0003972 -0.0120181 -0.0076849 -0.0036117
-0.1522694 0.0554131 -0.2344476 0.1493118 -0.0689431 -0.1432426 -0.1563575 0.0513425 -0.2452221 0.1150362 -0.0862286 -0.2068653 -0.5342876 0.1944352 -0.8226371 0.6846170 -0.3161142 -0.6567887 -0.5294399 0.1738501 -0.8303430 0.4566441 -0.3422904 -0.8211659 0.0011240 -0.0022052 -0.0006586 0.0033006 -0.0002872 0.0039014 0.0013277 -0.0020452 0.0008105 0.0004612 -0.0001735 0.0054834 0.0030558 -0.0074251 -0.0036922 0.0156215 -0.0015381 0.0174429 0.0014110 -0.0059443 -0.0021190 0.0096188 -0.0065147 0.0081875
-0.1511454 0.0532079 -0.2351062 0.1526124 -0.0692302 -0.1393412 -0.1550298 0.0492973 -0.2444116 0.1154974 -0.0864021 -0.2013819 -0.5312317 0.1870101 -0.8263293 0.7002385 -0.3176524 -0.6393457 -0.5280289 0.1679058 -0.8324621 0.4662628 -0.3488051 -0.8129784 -0.0027719 -0.0101517 -0.0053162 -0.0038057 -0.0066090 -0.0025511 -0.0008689 -0.0069463 -0.0006463 -0.0030630 -0.0022347 -0.0040302 -0.0019087 -0.0378716 -0.0064486 -0.0212333 -0.0284022 -0.0081094 -0.0031138 -0.0236170 -0.0024440 -0.0172148 -0.0051985 -0.0074100
-0.1539173 0.0430562 -0.2404224 0.1488067 -0.0758392 -0.1418923 -0.1558986 0.0423510 -0.2450579 0.1124344 -0.0886368 -0.2054120 -0.5331404 0.1491385 -0.8327779 0.6790053 -0.3460545 -0.6474551 -0.5311428 0.1442888 -0.8349061 0.4490480 -0.3540037 -0.8203885 -0.0009865 -0.0019484 -0.0068555 0.0006408 -0.0023107 0.0012683 -0.0028688 -0.0129304 -0.0063894 0.0009400 -0.0012795 0.0008995 0.0074579 -0.0096348 -0.0063863 0.0015889 -0.0098454 0.0070437 -0.0001571 -0.0458356 -0.0065376 0.0034945 -0.0049040 0.0040610
-0.1549038 0.0411078 -0.2472779 0.1494475 -0.0781499 -0.1406240 -0.1587675 0.0294206 -0.2514473 0.1133744 -0.0899163 -0.2045125 -0.5256826 0.1395037 -0.8391642 0.6805942 -0.3558999 -0.6404114 -0.5312998 0.0984532 -0.8414437 0.4525426 -0.3589077 -0.8163274 -0.0060722 -0.0328231 -0.0258691 -0.0008664 -0.0030839 0.0001014 -0.0037709 -0.0197799 -0.0168434 0.0024035 -0.0085724 -0.0004132 0.0181299 -0.1133823 -0.0220605 -0.0053780 -0.0132610 0.0018166 0.0133873 -0.0677340 -0.0134382 0.0012300 -0.0271023 0.0131546
-0.1609760 0.0082847 -0.2731470 0.1485811 -0.0812337 -0.1405226 -0.1625384 0.0096407 -0.2682907 0.1157779 -0.0984886 -0.2049257 -0.5075527 0.0261214 -0.8612247 0.6752162 -0.3691609 -0.6385948 -0.5179125 0.0307191 -0.8548818 0.4537726 -0.3860101 -0.8031729 -0.0179345 -0.0336879 0.0056903 0.0347876 -0.0029687 0.0272108 -0.0087441 -0.0365944 -0.0415207 0.0153974 -0.0174132 0.0117543 -0.0467262 -0.1048225 0.0326228 0.1171583 0.0053045 0.1489509 0.0354693 -0.1066384 -0.0177491 0.0494267 -0.0585991 0.0621512
-0.1789105 -0.0254032 -0.2674567 0.1833687 -0.0842024 -0.1133118 -0.1712824 -0.0269537 -0.3098113 0.1311753 -0.1159018 -0.1931714 -0.5542788 -0.0787011 -0.8286019 0.7923745 -0.3638564 -0.4896439 -0.4824432 -0.0759192 -0.8726310 0.5031993 -0.4446092 -0.7410217 -0.0131177 -0.0082330 -0.0013654 -0.0008296 -0.0043818 -0.0003830 -0.0053912 -0.0174932 -0.0198763 -0.0068506 0.0007410 -0.0134259 -0.0239946 -0.0225909 0.0190713 -0.0075357 -0.0170177 0.0008056 0.0134068 -0.0420792 -0.0026297 -0.0379294 0.0136337 -0.0321433
-0.1920282 -0.0336362 -0.2688222 0.1825391 -0.0885843 -0.1136948 -0.1766737 -0.0444469 -0.3296876 0.1243247 -0.1151609 -0.2065973 -0.5782734 -0.1012920 -0.8095306 0.7848389 -0.3808740 -0.4888384 -0.4690364 -0.1179984 -0.8752606 0.4652698 -0.4309754 -0.7731650 -0.0631321 0.0028111 0.0634025 -0.0058381 -0.0117444 -0.0117780 -0.0150641 -0.0187887 -0.0181544 -0.0065870 -0.0211497 -0.0194500 -0.1972425 0.0076044 0.1851928 -0.0449309 -0.0392368 -0.0365597 -0.0076987 -0.0392300 0.0103891 -0.0579195 -0.0406335 -0.0089160
-0.2551603 -0.0308251 -0.2054196 0.1767009 -0.1003287 -0.1254728 -0.1917377 -0.0632356 -0.3478420 0.1177377 -0.1363106 -0.2260473 -0.7755160 -0.0936876 -0.6243378 0.7399079 -0.4201108 -0.5253981 -0.4767352 -0.1572285 -0.8648716 0.4073503 -0.4716090 -0.7820810 0.0060815 -0.0129372 -0.0482345 -0.0018743 -0.0052103 -0.0168270 -0.0049513 -0.0058457 -0.0129258 0.0150240 -0.0188898 0.0071264 0.0801226 -0.0284906 -0.0838293 -0.0375159 -0.0039079 -0.0463130 0.0046831 -0.0085660 -0.0009685 0.0360786 -0.0467657 0.0508775
-0.2490788 -0.0437623 -0.2536541 0.1748266 -0.1055390 -0.1422999 -0.1966890 -0.0690813 -0.3607678 0.1327618 -0.1552004 -0.2189209 -0.6953933 -0.1221783 -0.7081671 0.7023921 -0.4240187 -0.5717110 -0.4720521 -0.1657945 -0.8658401 0.4434289 -0.5183747 -0.7312035 -0.0095509 0.0019831 -0.0033320 -0.0136736 -0.0073506 -0.0507996 -0.0194755 -0.0097616 -0.0395764 -0.0179063 -0.0148544 -0.0426999 -0.0093519 0.0083333 0.0079004 -0.1178353 0.0145299 -0.1287262 0.0039166 -0.0049512 -0.0011634 -0.0979985 0.0069308 -0.0556275
-0.2586297 -0.0417792 -0.2569862 0.1611530 -0.1128896 -0.1930994 -0.2161645 -0.0788429 -0.4003442 0.1148554 -0.1700548 -0.2616208 -0.7047453 -0.1138450 -0.7002667 0.5845568 -0.4094888 -0.7004372 -0.4681355 -0.1707457 -0.8670035 0.3454304 -0.5114439 -0.7868309 -0.0066686 0.0066402 -0.0271376 -0.0162852 -0.0178481 -0.0474686 -0.0137965 -0.0042994 -0.0322689 -0.0086100 -0.0161002 -0.0099077 0.0250387 0.0238172 -0.0276714 -0.1168808 -0.0125708 -0.0761868 0.0053811 0.0034369 -0.0035516 -0.0383032 -0.0266808 0.0019140
-0.2652983 -0.0351390 -0.2841237 0.1448679 -0.1307377 -0.2405680 -0.2299609 -0.0831423 -0.4326132 0.1062454 -0.1861550 -0.2715285 -0.6797066 -0.0900277 -0.7279381 0.4676760 -0.4220596 -0.7766240 -0.4627544 -0.1673088 -0.8705551 0.3071273 -0.5381247 -0.7849170 0.0028052 -0.0049562 -0.0436506 -0.0035716 -0.0073002 -0.0148242 -0.0117944 0.0016514 -0.0155006 0.0055771 -0.0046014 -0.0271457 0.0574442 -0.0050213 -0.0490787 -0.0300484 -0.0054758 -0.0143852 -0.0060839 0.0092727 0.0015239 -0.0062187 0.0248090 -0.0188001
-0.2624932 -0.0400952 -0.3277743 0.1412963 -0.1380378 -0.2553922 -0.2417553 -0.0814909 -0.4481138 0.1118225 -0.1907563 -0.2986741 -0.6222624 -0.0950491 -0.7770168 0.4376276 -0.4275354 -0.7910092 -0.4688383 -0.1580361 -0.8690312 0.3009086 -0.5133156 -0.8037170 -0.0017818 -0.0087643 -0.0157758 0.0027026 0.0009200 -0.0067482 -0.0114163 0.0018033 -0.0165024 -0.0029360 -0.0077056 -0.0195823 0.0163807 -0.0169671 -0.0106124 0.0000316 0.0107901 -0.0057202 -0.0043058 0.0091105 0.0007249 -0.0221068 0.0051576 -0.0111725
-0.2642750 -0.0488595 -0.3435501 0.1439989 -0.1371178 -0.2621405 -0.2531716 -0.0796876 -0.4646162 0.1088865 -0.1984619 -0.3182564 -0.6058817 -0.1120162 -0.7876292 0.4376592 -0.4167453 -0.7967295 -0.4731441 -0.1489256 -0.8683063 0.2788018 -0.5081580 -0.8148896 -0.0144613 0.0207637 -0.0113164 0.0038849 0.0030358 -0.0055906 -0.0043065 0.0035416 -0.0040320 0.0022820 0.0011221 -0.0126582 -0.0106263 0.0498740 0.0027367 0.0051633 0.0152508 -0.0049628 -0.0035654 0.0079446 0.0006241 -0.0015779 0.0160463 -0.0103213
-0.2787363 -0.0280958 -0.3548664 0.1478838 -0.1340820 -0.2677311 -0.2574780 -0.0761460 -0.4686482 0.1111685 -0.1973398 -0.3309146 -0.6165080 -0.0621422 -0.7848925 0.4428224 -0.4014944 -0.8016923 -0.4767096 -0.1409810 -0.8676822 0.2772240 -0.4921117 -0.8252109 -0.0007406 0.0049904 0.0002248 0.0020551 0.0105042 -0.0104621 -0.0039540 0.0041868 -0.0015440 0.0075757 0.0163009 0.0174164 -0.0016405 0.0110376 0.0004942 -0.0009543 0.0373123 -0.0181394 -0.0049479 0.0084048 0.0014087 0.0344455 0.0169365 0.0023678
-0.2794769 -0.0231054 -0.3546417 0.1499390 -0.1235778 -0.2781932 -0.2614320 -0.0719591 -0.4701923 0.1187442 -0.1810389 -0.3134982 -0.6181485 -0.0511046 -0.7843983 0.4418681 -0.3641821 -0.8198316 -0.4816574 -0.1325762 -0.8662734 0.3116694 -0.4751752 -0.8228430 -0.0016132 0.0027108 0.0003102 -0.0001367 0.0046950 -0.0044010 -0.0079990 0.0084952 0.0041977 -0.0032363 0.0054038 -0.0026304 -0.0027084 0.0060581 0.0017697 -0.0028528 0.0157803 -0.0083481 -0.0154413 0.0154856 0.0065161 -0.0074138 0.0125402 -0.0098618
-0.2810901 -0.0203946 -0.3543315 0.1498022 -0.1188828 -0.2825942 -0.2694310 -0.0634639 -0.4659945 0.1155078 -0.1756351 -0.3161287 -0.6208569 -0.0450465 -0.7826286 0.4390153 -0.3484018 -0.8281798 -0.4970987 -0.1170906 -0.8597573 0.3042556 -0.4626350 -0.8327049 -0.0036399 0.0068633 -0.0033375 -0.0015537 0.0000282 -0.0022105 -0.0020264 0.0058428 -0.0067754 -0.0031466 0.0024982 -0.0045539 -0.0016894 0.0154611 0.0006051 -0.0060095 0.0012502 -0.0036806 0.0019171 0.0119805 -0.0026504 -0.0096259 0.0086416 -0.0081776
-0.2847299 -0.0135313 -0.3576690 0.1482485 -0.1188546 -0.2848047 -0.2714574 -0.0576211 -0.4727699 0.1123613 -0.1731369 -0.3206826 -0.6225463 -0.0295854 -0.7820235 0.4330058 -0.3471516 -0.8318604 -0.4951817 -0.1051101 -0.8624077 0.2946297 -0.4539934 -0.8408825 -0.0114256 0.0021805 -0.0034503 0.0294824 0.0287979 0.0587841 0.0067131 0.0147707 0.0005865 0.0236111 0.0332875 0.0179551 -0.0113943 0.0052883 0.0090236 0.1568677 0.0482614 0.0817178 0.0076510 0.0262004 -0.0071250 0.0829399 0.0656580 0.0002655
-0.2961555 -0.0113508 -0.3611193 0.1777309 -0.0900567 -0.2260205 -0.2647443 -0.0428504 -0.4721834 0.1359724 -0.1398494 -0.3027274 -0.6339406 -0.0242971 -0.7730000 0.5898735 -0.2988903 -0.7501426 -0.4875306 -0.0789096 -0.8695327 0.3775697 -0.3883353 -0.8406169 -0.0033303 0.0003382 0.0029439 0.0021165 0.0018053 0.0005717 0.0033262 0.0138609 0.0036441 -0.0246613 -0.0086628 -0.0361598 -0.0073365 0.0007163 0.0060530 0.0064441 0.0062766 0.0026250 0.0010051 0.0249573 -0.0024662 -0.0894836 0.0039686 -0.0364627
-0.2994858 -0.0110126 -0.3581754 0.1798474 -0.0882513 -0.2254488 -0.2614181 -0.0289895 -0.4685392 0.1113111 -0.1485122 -0.3388872 -0.6412772 -0.0235808 -0.7669469 0.5963176 -0.2926137 -0.7475176 -0.4865255 -0.0539524 -0.8719989 0.2880860 -0.3843668 -0.8770796 0.0368696 0.0141750 -0.0178866 0.0055827 -0.0220855 0.0167528 0.0046591 0.0199506 0.0515466 0.0031144 0.0154545 0.0103013 0.0687465 0.0304752 -0.0529074 0.0213965 -0.0749459 0.0522988 -0.0377019 0.0354976 0.0206206 0.0190854 0.0271779 -0.0049985
-0.2626162 0.0031624 -0.3760620 0.1854301 -0.1103368 -0.2086960 -0.2567590 -0.0090389 -0.4169927 0.1144254 -0.1330576 -0.3285859 -0.5725306 0.0068944 -0.8198543 0.6177142 -0.3675596 -0.6952187 -0.5242275 -0.0184548 -0.8513783 0.3071714 -0.3571889 -0.8820781 0.0000000 0.0000000 0.0000000 0.0000000 0.0000000 0.0000000 0.0000000 0.0000000 0.0000000 0.0000000 0.0000000 0.0000000 0.0000000 0.0000000 0.0000000 0.0000000 0.0000000 0.0000000 0.0000000 0.0000000 0.0000000 0.0000000 0.0000000 0.0000000
