-0.0792552 0.1430809 -0.2336994 0.0336822 -0.0355475 -0.1650524 0.0000801 0.1832263 -0.2742065 -0.0081933 -0.0201473 -0.2519773 -0.2778424 0.5015941 -0.8192722 0.1956403 -0.2064748 -0.9586934 0.0002429 0.5555856 -0.8314593 -0.0323958 -0.0796606 -0.9962955 0.0016796 -0.0091569 -0.0166239 0.0004368 -0.0111533 -0.0040427 -0.0031822 -0.0169864 -0.0442328 0.0011677 -0.0100168 -0.0041822 0.0142531 -0.0465421 -0.0312855 -0.0047248 -0.0548431 0.0125093 -0.0088781 -0.0928232 -0.0549810 0.0051670 -0.0372432 0.0035256
-0.0775756 0.1339240 -0.2503233 0.0341190 -0.0467008 -0.1690951 -0.0031021 0.1662399 -0.3184393 -0.0070257 -0.0301641 -0.2561595 -0.2635893 0.4550519 -0.8505577 0.1909155 -0.2613178 -0.9461840 -0.0086353 0.4627624 -0.8864403 -0.0272287 -0.1169038 -0.9927699 0.0460246 0.0022328 -0.0770780 0.0045983 -0.0201859 -0.0079240 0.0086360 -0.0129618 -0.0330306 0.0051776 -0.0188078 -0.0079231 0.1749593 -0.0725735 -0.0691460 0.0095319 -0.0849684 0.0297198 0.0230661 -0.0630581 -0.0300902 0.0203479 -0.0654249 0.0095564
-0.0315510 0.1361568 -0.3274012 0.0387173 -0.0668867 -0.1770191 0.0055339 0.1532781 -0.3514699 -0.0018481 -0.0489719 -0.2640826 -0.0886300 0.3824785 -0.9197037 0.2004474 -0.3462863 -0.9164642 0.0144308 0.3997043 -0.9165305 -0.0068809 -0.1823287 -0.9832136 -0.0045027 -0.0122230 -0.0168734 0.0064401 -0.0183622 -0.0123985 -0.0079856 -0.0159901 -0.0269007 0.0070316 -0.0183252 -0.0126634 -0.0094288 -0.0454036 -0.0166536 0.0119888 -0.0547549 0.0253768 -0.0205219 -0.0586289 -0.0234857 0.0250777 -0.0539191 0.0116911
-0.0360537 0.1239338 -0.3442747 0.0451574 -0.0852489 -0.1894176 -0.0024517 0.1372880 -0.3783707 0.0051835 -0.0672971 -0.2767460 -0.0980588 0.3370748 -0.9363573 0.2124362 -0.4010412 -0.8910874 -0.0060910 0.3410754 -0.9400162 0.0181968 -0.2362478 -0.9715224 -0.0477348 -0.0184225 0.0011370 0.0193204 -0.0059781 -0.0273388 0.0093102 -0.0153014 -0.0383513 0.0193238 -0.0057541 -0.0272932 -0.1292312 -0.0508583 0.0055408 0.0519789 0.0269307 0.0021971 0.0218843 -0.0601710 -0.0195896 0.0599389 0.0033419 0.0021672
-0.0837885 0.1055113 -0.3431377 0.0644778 -0.0912271 -0.2167564 0.0068584 0.1219866 -0.4167220 0.0245073 -0.0730512 -0.3040393 -0.2272899 0.2862165 -0.9308165 0.2644152 -0.3741104 -0.8888903 0.0157933 0.2809044 -0.9596058 0.0781356 -0.2329059 -0.9693553 -0.0054807 -0.0150491 -0.0233107 -0.0087571 -0.0114100 -0.0195405 0.0030613 -0.0143692 -0.0455693 -0.0084972 -0.0114100 -0.0196601 -0.0028674 -0.0529835 -0.0139744 -0.0530172 -0.0152830 -0.0075937 0.0051012 -0.0542250 -0.0141395 -0.0303328 -0.0192774 0.0028572
-0.0892693 0.0904622 -0.3664484 0.0557207 -0.1026370 -0.2362969 0.0099198 0.1076174 -0.4622912 0.0160101 -0.0844612 -0.3236993 -0.2301574 0.2332330 -0.9447910 0.2113980 -0.3893934 -0.8964841 0.0208945 0.2266795 -0.9737453 0.0478028 -0.2521833 -0.9664981 0.0175843 0.0018831 -0.0496157 0.0073718 -0.0047323 -0.0207857 0.0018542 -0.0103725 -0.0463704 -0.0096285 -0.0525207 -0.0789395 0.0642873 -0.0195576 -0.0179291 0.0094694 0.0135263 -0.0034834 0.0018349 -0.0389508 -0.0082126 -0.0327997 -0.0698616 0.0198925
-0.0716850 0.0923453 -0.4160641 0.0630925 -0.1073693 -0.2570826 0.0117740 0.0972449 -0.5086616 0.0063816 -0.1369819 -0.4026389 -0.1658701 0.2136754 -0.9627201 0.2208675 -0.3758672 -0.8999675 0.0227294 0.1877287 -0.9819579 0.0150031 -0.3220449 -0.9466055 -0.0135152 -0.0007447 0.0003238 -0.0042266 -0.0056941 -0.0181360 0.0081533 -0.0141153 -0.0510775 0.0033982 -0.0073933 -0.0082640 -0.0303741 -0.0026890 0.0051330 -0.0267858 0.0030955 -0.0074319 0.0124635 -0.0409161 -0.0065802 0.0074461 -0.0093655 0.0033859
-0.0852002 0.0916006 -0.4157402 0.0588659 -0.1130635 -0.2752186 0.0199273 0.0831296 -0.5597391 0.0097798 -0.1443752 -0.4109029 -0.1962442 0.2109864 -0.9575870 0.1940816 -0.3727717 -0.9073994 0.0351930 0.1468126 -0.9885381 0.0224492 -0.3314104 -0.9432196 0.0124947 0.0126682 -0.0434314 -0.0000848 -0.0087667 -0.0214430 -0.0010440 -0.0006077 -0.0255348 0.0062486 -0.0135998 -0.0114266 0.0436431 0.0078626 -0.0061650 -0.0137970 -0.0008879 -0.0024775 -0.0032613 -0.0072677 -0.0011627 0.0130752 -0.0187168 0.0071913
-0.0727055 0.1042688 -0.4591716 0.0587811 -0.1218302 -0.2966616 0.0188832 0.0825219 -0.5852739 0.0160284 -0.1579750 -0.4223295 -0.1526010 0.2188491 -0.9637520 0.1802847 -0.3736596 -0.9098769 0.0319316 0.1395449 -0.9897008 0.0355245 -0.3501272 -0.9360283 0.0057188 -0.0011974 -0.0064338 -0.0006769 -0.0130423 -0.0223885 0.0029149 -0.0020146 -0.0037484 0.0079867 -0.0088164 -0.0060271 0.0134974 -0.0048122 -0.0031184 -0.0148523 -0.0103453 0.0014869 0.0047101 -0.0042153 -0.0004221 0.0166472 -0.0122183 0.0054458
-0.0669867 0.1030714 -0.4656054 0.0581041 -0.1348725 -0.3190501 0.0217981 0.0805073 -0.5890223 0.0240151 -0.1667913 -0.4283566 -0.1391037 0.2140368 -0.9668704 0.1654324 -0.3840049 -0.9083900 0.0366417 0.1353295 -0.9901229 0.0521716 -0.3623455 -0.9305825 0.0160507 0.0125100 -0.0106818 -0.0004592 0.0122039 -0.0251028 -0.0077040 0.0027351 -0.0057452 0.0164974 -0.0454834 -0.0510759 0.0357329 0.0205270 0.0002814 -0.0095851 0.0523613 -0.0220530 -0.0131801 0.0032392 0.0000480 0.0248648 -0.0413052 0.0189184
-0.0509360 0.1155814 -0.4762872 0.0576449 -0.1226686 -0.3441529 0.0140941 0.0832424 -0.5947676 0.0405125 -0.2122748 -0.4794325 -0.1033708 0.2345638 -0.9665890 0.1558473 -0.3316436 -0.9304430 0.0234616 0.1385688 -0.9900749 0.0770365 -0.4036507 -0.9116641 0.0184988 0.0091535 -0.0033354 0.0049657 -0.0310967 -0.0562158 0.0057183 0.0042748 -0.0253456 0.0182477 -0.0120789 -0.0118541 0.0380572 0.0165951 0.0008492 -0.0113925 -0.0231227 0.0067148 0.0081587 0.0011075 0.0003826 0.0311224 -0.0093130 0.0073618
-0.0324372 0.1247349 -0.4796226 0.0626106 -0.1537653 -0.4003687 0.0198124 0.0875172 -0.6201132 0.0587602 -0.2243537 -0.4912867 -0.0653136 0.2511589 -0.9657398 0.1444548 -0.3547663 -0.9237282 0.0316204 0.1396763 -0.9896922 0.1081588 -0.4129637 -0.9043023 0.0470989 0.0156818 0.0113769 0.0180943 -0.0016007 0.0000477 0.0058948 0.0103531 -0.0082100 0.0264631 -0.0111182 -0.0064414 0.0952927 0.0359530 0.0083120 0.0402537 -0.0008184 0.0075173 0.0087732 0.0141065 0.0024135 0.0447974 -0.0096542 0.0109947
0.0146617 0.1404167 -0.4682456 0.0807049 -0.1553660 -0.4003210 0.0257072 0.0978703 -0.6283232 0.0852233 -0.2354719 -0.4977281 0.0299791 0.2871118 -0.9574278 0.1847085 -0.3555846 -0.9162109 0.0403935 0.1537827 -0.9872787 0.1529562 -0.4226179 -0.8933076 -0.0204627 0.0601788 -0.0046969 0.0242932 -0.0017629 -0.0007324 0.0224939 0.0033616 -0.0020069 0.0275696 -0.0071913 -0.0004642 -0.0412704 0.1033360 0.0368720 0.0521211 0.0011707 0.0116101 0.0348943 0.0043367 0.0027331 0.0464967 -0.0064860 0.0123488
-0.0058010 0.2005955 -0.4729425 0.1049981 -0.1571289 -0.4010534 0.0482011 0.1012319 -0.6303301 0.1127929 -0.2426632 -0.4981923 -0.0112913 0.3904478 -0.9205558 0.2368296 -0.3544140 -0.9046007 0.0752878 0.1581194 -0.9845456 0.1994529 -0.4291039 -0.8809588 -0.0004758 -0.0739929 -0.0637098 0.0119686 -0.0033005 0.0012939 -0.0008862 0.0054332 -0.0157113 0.0160916 -0.0144668 -0.0019405 -0.0000916 -0.1608538 -0.0526641 0.0252230 -0.0050129 0.0089776 -0.0032158 0.0043572 0.0004689 0.0239403 -0.0165749 0.0140875
-0.0062768 0.1266026 -0.5366523 0.1169666 -0.1604295 -0.3997595 0.0473149 0.1066651 -0.6460415 0.1288845 -0.2571299 -0.5001328 -0.0113829 0.2295940 -0.9732199 0.2620526 -0.3594269 -0.8956231 0.0720720 0.1624766 -0.9840767 0.2233932 -0.4456788 -0.8668713 0.0190342 -0.0040656 -0.0396490 0.0093074 -0.0019709 0.0007953 0.0068752 0.0012733 0.0001628 0.0114240 -0.0070874 0.0004679 0.0330306 -0.0216655 -0.0046845 0.0192577 -0.0023649 0.0068199 0.0103999 0.0017946 0.0011152 0.0175309 -0.0080096 0.0088955
0.0127575 0.1225370 -0.5763013 0.1262740 -0.1624004 -0.3989643 0.0541902 0.1079384 -0.6458787 0.1403085 -0.2642174 -0.4996648 0.0216477 0.2079285 -0.9779045 0.2813103 -0.3617918 -0.8888032 0.0824719 0.1642712 -0.9829615 0.2409241 -0.4536884 -0.8579758 0.0004325 -0.0038471 -0.0132042 0.0021564 -0.0014851 0.0010882 -0.0033293 0.0007939 0.0001907 0.0016691 -0.0029465 0.0006387 0.0002816 -0.0105987 -0.0021874 0.0046856 -0.0031575 0.0027906 -0.0050288 0.0012896 -0.0001927 0.0023648 -0.0041162 0.0028586
0.0131900 0.1186899 -0.5895055 0.1284304 -0.1638855 -0.3978761 0.0508609 0.1087323 -0.6456879 0.1419777 -0.2671639 -0.4990262 0.0219292 0.1973298 -0.9800919 0.2859960 -0.3649493 -0.8860126 0.0774431 0.1655608 -0.9831542 0.2432889 -0.4578046 -0.8551172 -0.0045090 -0.0001356 0.0011761 0.0022968 -0.0051327 0.0006725 -0.0043360 0.0013354 0.0000970 -0.0016982 -0.0021783 0.0026751 -0.0074661 0.0001888 -0.0001006 0.0038460 -0.0097894 0.0053523 -0.0065812 0.0020830 -0.0001434 -0.0022105 -0.0050757 0.0021090
0.0086810 0.1185543 -0.5883295 0.1307272 -0.1690181 -0.3972036 0.0465249 0.1100677 -0.6455909 0.1402795 -0.2693422 -0.4963511 0.0144631 0.1975186 -0.9801924 0.2898420 -0.3747387 -0.8806603 0.0708619 0.1676438 -0.9832976 0.2410785 -0.4628803 -0.8530082 -0.0016044 0.0019373 -0.0068372 -0.0016916 0.0005852 0.0092605 -0.0091461 0.0027699 0.0037285 -0.0067911 -0.0018347 0.0020313 -0.0028102 0.0008926 0.0001428 0.0019775 -0.0061796 0.0033105 -0.0136007 0.0052142 0.0000167 -0.0106890 -0.0051477 -0.0001451
0.0070766 0.1204916 -0.5951666 0.1290356 -0.1684329 -0.3879431 0.0373788 0.1128376 -0.6418624 0.1334884 -0.2711769 -0.4943198 0.0116529 0.1984112 -0.9800496 0.2918195 -0.3809183 -0.8773498 0.0572612 0.1728580 -0.9832809 0.2303895 -0.4680279 -0.8531533 -0.0664217 0.0071248 0.0739935 -0.0002527 -0.0009380 0.0087594 -0.0118819 0.0052222 0.0229565 -0.0051567 0.0078939 0.0195721 -0.1215834 0.0379847 0.0146314 0.0043688 -0.0086185 0.0052640 -0.0168273 0.0143658 0.0017961 -0.0003335 -0.0039507 0.0020890
-0.0593450 0.1276164 -0.5211731 0.1287829 -0.1693709 -0.3791837 0.0254968 0.1180598 -0.6189059 0.1283318 -0.2632830 -0.4747477 -0.1099304 0.2363959 -0.9654182 0.2961883 -0.3895367 -0.8720858 0.0404339 0.1872238 -0.9814848 0.2300561 -0.4719787 -0.8510642 -0.0071038 -0.0062442 -0.0003652 -0.0019517 0.0023874 0.0212274 -0.0020500 0.0003287 0.0058089 -0.0055936 0.0072490 0.0121905 -0.0132183 -0.0114585 -0.0011415 0.0095379 -0.0129766 0.0092333 -0.0029106 0.0022394 0.0003142 -0.0039146 0.0002437 -0.0011835
-0.0664488 0.1213722 -0.5215383 0.1268312 -0.1669835 -0.3579563 0.0234469 0.1183885 -0.6130971 0.1227382 -0.2560340 -0.4625572 -0.1231487 0.2249374 -0.9665596 0.3057262 -0.4025133 -0.8628526 0.0375232 0.1894632 -0.9811706 0.2261414 -0.4717350 -0.8522477 -0.0195235 -0.0155496 0.0144220 0.0007510 0.0057958 0.0186841 -0.0018457 0.0011808 0.0103970 -0.0075872 0.0149385 0.0217340 -0.0405690 -0.0234187 0.0008544 0.0158892 -0.0038167 0.0075985 -0.0023894 0.0050135 0.0008929 -0.0027522 0.0040175 -0.0029351
-0.0859723 0.1058226 -0.5071163 0.1275822 -0.1611877 -0.3392722 0.0216012 0.1195693 -0.6027000 0.1151510 -0.2410955 -0.4408232 -0.1637177 0.2015188 -0.9657053 0.3216154 -0.4063300 -0.8552541 0.0351338 0.1944767 -0.9802777 0.2233892 -0.4677175 -0.8551828 0.0321016 0.0073501 0.0407018 -0.0011439 0.0029430 0.0084241 0.0026431 0.0016491 0.0380018 -0.0041102 0.0194058 0.0252601 0.0521755 0.0328116 -0.0000316 0.0043164 -0.0015926 0.0023955 0.0068062 0.0152180 0.0034107 0.0060765 0.0095959 -0.0035780
-0.0538706 0.1131727 -0.4664145 0.1264382 -0.1582447 -0.3308481 0.0242443 0.1212184 -0.5646983 0.1110408 -0.2216898 -0.4155632 -0.1115421 0.2343303 -0.9657368 0.3259318 -0.4079225 -0.8528585 0.0419400 0.2096947 -0.9768670 0.2294657 -0.4581216 -0.8587608 -0.0058486 0.0017011 0.0229290 -0.0032382 0.0146986 0.0344907 0.0002782 0.0021568 0.0472213 -0.0008805 0.0337846 0.0384069 -0.0177209 0.0143156 0.0058065 0.0244822 -0.0003614 0.0099384 0.0041077 0.0219758 0.0051632 0.0234654 0.0266861 -0.0072007
-0.0597192 0.1148738 -0.4434855 0.1232000 -0.1435462 -0.2963574 0.0245225 0.1233752 -0.5174769 0.1101603 -0.1879052 -0.3771563 -0.1292630 0.2486459 -0.9599304 0.3504140 -0.4082839 -0.8429201 0.0460477 0.2316705 -0.9717039 0.2529311 -0.4314356 -0.8659614 -0.0109161 -0.0103645 0.0443521 0.0008569 0.0034853 0.0081654 0.0045714 -0.0003585 0.0516757 -0.0011303 0.0074295 0.0167839 -0.0394821 0.0010229 0.0064155 0.0106351 0.0006576 0.0041803 0.0142320 0.0232075 0.0066113 0.0082028 -0.0008156 0.0028461
-0.0706353 0.1045093 -0.3991334 0.1240569 -0.1400609 -0.2881920 0.0290940 0.1230167 -0.4658012 0.1090300 -0.1804757 -0.3603723 -0.1687451 0.2496688 -0.9535148 0.3610491 -0.4076263 -0.8387398 0.0602797 0.2548780 -0.9650925 0.2611339 -0.4322511 -0.8631153 -0.0131987 0.0051926 0.0169918 -0.0045497 0.0003904 0.0013543 -0.0023761 -0.0024991 0.0463710 -0.0146378 0.0117852 0.0123606 -0.0375806 0.0203210 0.0130175 -0.0102630 -0.0023443 -0.0032064 0.0008290 0.0207681 0.0057777 -0.0240234 0.0085053 -0.0110804
-0.0838340 0.1097019 -0.3821416 0.1195072 -0.1396704 -0.2868376 0.0267179 0.1205176 -0.4194303 0.0943922 -0.1686906 -0.3480118 -0.2063257 0.2699898 -0.9404973 0.3507861 -0.4099705 -0.8419461 0.0611087 0.2756461 -0.9593148 0.2371105 -0.4237459 -0.8741957 0.0163879 0.0087021 0.0532295 -0.0062672 0.0055019 0.0032356 -0.0097594 0.0019071 0.0508827 -0.0164312 0.0087847 0.0068942 0.0168820 0.0625851 0.0166440 -0.0112852 0.0077246 -0.0083111 -0.0174822 0.0392976 0.0112077 -0.0344667 0.0081030 -0.0124703
-0.0674461 0.1184040 -0.3289121 0.1132400 -0.1341685 -0.2836020 0.0169585 0.1224247 -0.3685475 0.0779610 -0.1599059 -0.3411176 -0.1894437 0.3325750 -0.9238533 0.3395009 -0.4022459 -0.8502573 0.0436265 0.3149437 -0.9481072 0.2026438 -0.4156429 -0.8866659 0.0512381 0.0139611 0.0096205 -0.0084033 0.0292529 0.0312710 0.0340661 -0.0080383 0.0299791 0.0006377 0.0245616 0.0287805 0.1426024 0.0499602 0.0011005 0.0186793 0.0437960 -0.0118452 0.0977183 0.0019218 0.0102277 0.0223373 0.0282332 -0.0073683
-0.0162080 0.1323651 -0.3192916 0.1048367 -0.1049156 -0.2523310 0.0510246 0.1143864 -0.3385684 0.0785987 -0.1353442 -0.3123370 -0.0468413 0.3825352 -0.9227528 0.3581801 -0.3584499 -0.8621025 0.1413449 0.3168655 -0.9378795 0.2249811 -0.3874097 -0.8940342 -0.0058449 0.0031017 0.0186018 -0.0056265 0.0417806 0.0319734 -0.0068968 0.0172226 0.0665203 0.0130492 0.0271309 0.0360699 -0.0198781 0.0273086 0.0130404 0.0390224 0.1056796 -0.0201318 0.0031397 0.1140530 0.0471306 0.0701463 0.0389377 0.0043899
-0.0220529 0.1354668 -0.3006897 0.0992102 -0.0631350 -0.2203576 0.0441278 0.1316090 -0.2720481 0.0916479 -0.1082133 -0.2762672 -0.0667194 0.4098438 -0.9097124 0.3972025 -0.2527703 -0.8822343 0.1444846 0.4309185 -0.8907488 0.2951274 -0.3484720 -0.8896443 -0.0602006 -0.0044951 0.0745202 0.0055257 0.0214823 0.0211927 -0.0370688 0.0164709 0.0101495 -0.0117842 0.0343783 0.0174299 -0.2334841 0.0681683 0.0842535 0.0604641 0.0707596 0.0119393 -0.1210287 0.0611299 0.0204970 -0.0106727 0.0854898 -0.0322699
-0.0822535 0.1309717 -0.2261695 0.1047359 -0.0416527 -0.1991649 0.0070590 0.1480799 -0.2618986 0.0798637 -0.0738350 -0.2588372 -0.3002035 0.4780120 -0.8254589 0.4576666 -0.1820107 -0.8702950 0.0234559 0.4920484 -0.8702518 0.2844547 -0.2629822 -0.9219143 -0.0022711 0.0025582 0.0096566 -0.0018353 0.0146481 0.0053650 -0.0015771 0.0035786 0.0119776 -0.0136814 0.0254348 0.0066505 -0.0151242 0.0201351 0.0177350 0.0077795 0.0598619 -0.0063119 -0.0047072 0.0266404 0.0154943 -0.0348805 0.0804640 -0.0290851
-0.0845246 0.1335299 -0.2165129 0.1029006 -0.0270046 -0.1937998 0.0054819 0.1516585 -0.2499210 0.0661823 -0.0484003 -0.2521867 -0.3153277 0.4981472 -0.8077239 0.4654461 -0.1221488 -0.8766069 0.0187487 0.5186888 -0.8547575 0.2495742 -0.1825182 -0.9509994 -0.0074845 0.0026007 0.0113150 -0.0102963 0.0084640 -0.0049862 -0.0320814 -0.0032956 0.0247654 -0.0101537 0.0045480 -0.0034897 -0.0346827 0.0197053 0.0271334 -0.0446704 0.0379040 -0.0266376 -0.1169197 0.0288759 0.0237729 -0.0384576 0.0172819 -0.0123940
-0.0920091 0.1361306 -0.2051979 0.0926043 -0.0185406 -0.1987860 -0.0265995 0.1483629 -0.2251557 0.0560285 -0.0438523 -0.2556764 -0.3500104 0.5178525 -0.7805905 0.4207757 -0.0842448 -0.9032445 -0.0981710 0.5475646 -0.8309846 0.2111166 -0.1652363 -0.9633934 0.0469229 0.0234648 0.0144225 -0.0034684 0.0042307 0.0016273 0.0595983 0.0386490 -0.0016420 -0.0189682 0.0426667 0.0102387 0.1716505 0.1135035 0.0258870 -0.0097167 0.0182533 -0.0059725 0.2097278 0.0846526 0.0642666 -0.0618140 0.1604599 -0.0253867
-0.0450862 0.1595954 -0.1907754 0.0891359 -0.0143099 -0.1971587 0.0329989 0.1870119 -0.2267977 0.0370603 -0.0011856 -0.2454377 -0.1783599 0.6313560 -0.7547035 0.4110590 -0.0659915 -0.9092170 0.1115568 0.6322172 -0.7667180 0.1493026 -0.0047764 -0.9887800 -0.0015293 0.0005255 0.0025850 -0.0107344 0.0397824 0.0103992 -0.0017824 0.0005255 0.0020411 -0.0110392 0.0478712 0.0137212 -0.0070264 0.0054330 0.0062840 -0.0270089 0.1907687 -0.0056251 -0.0055159 0.0048392 0.0032297 -0.0398787 0.2010987 0.0143653
-0.0466155 0.1601209 -0.1881904 0.0784015 0.0254725 -0.1867595 0.0312164 0.1875374 -0.2247566 0.0260211 0.0466856 -0.2317165 -0.1853863 0.6367890 -0.7484194 0.3840501 0.1247772 -0.9148422 0.1060409 0.6370564 -0.7634883 0.1094239 0.1963224 -0.9744147 -0.0019307 0.0012664 0.0021823 -0.0035075 0.0019779 0.0040680 -0.0021489 0.0012664 0.0017216 -0.0034340 0.0008721 0.0034791 -0.0080236 0.0061852 0.0073549 -0.0083516 0.0129252 -0.0016122 -0.0070573 0.0058761 0.0039885 -0.0129931 0.0067151 0.0000036
-0.0485461 0.1613873 -0.1860081 0.0748940 0.0274504 -0.1826915 0.0290676 0.1888038 -0.2230350 0.0225871 0.0475577 -0.2282375 -0.1934099 0.6429743 -0.7410646 0.3756986 0.1377023 -0.9164544 0.0989836 0.6429326 -0.7594998 0.0964308 0.2030374 -0.9744111 0.0003612 0.0014637 0.0027555 -0.0029495 0.0011181 0.0079722 0.0002388 0.0014637 0.0025001 -0.0030952 0.0001467 0.0077223 0.0005524 0.0088275 0.0076067 0.0007779 0.0117931 0.0021697 0.0011273 0.0070232 0.0061504 -0.0103574 0.0076184 0.0006475
-0.0481849 0.1628510 -0.1832526 0.0719444 0.0285685 -0.1747193 0.0293064 0.1902675 -0.2205348 0.0194919 0.0477044 -0.2205151 -0.1928575 0.6518018 -0.7334579 0.3764764 0.1494955 -0.9142847 0.1001109 0.6499558 -0.7533493 0.0860734 0.2106559 -0.9737636 0.0012694 0.0000511 0.0031451 -0.0000352 -0.0001419 0.0033048 0.0011925 0.0000512 0.0029865 -0.0002192 -0.0004971 0.0033696 0.0031767 0.0068155 0.0052790 0.0059227 0.0016715 0.0027369 0.0048216 0.0048430 0.0048658 0.0003310 0.0009868 0.0002433
-0.0469156 0.1629021 -0.1801074 0.0719093 0.0284266 -0.1714145 0.0304988 0.1903187 -0.2175484 0.0192727 0.0472073 -0.2171455 -0.1896808 0.6586173 -0.7281789 0.3823992 0.1511670 -0.9115478 0.1049325 0.6547988 -0.7484836 0.0864044 0.2116427 -0.9735202 -0.0011023 -0.0002840 0.0020285 -0.0013684 0.0004349 0.0006672 -0.0012487 -0.0002840 0.0017272 -0.0015609 0.0003229 0.0008440 -0.0056000 0.0027246 0.0039604 -0.0051464 0.0031845 -0.0016093 -0.0037371 0.0026562 0.0018161 -0.0066826 0.0022943 -0.0000687
-0.0480178 0.1626181 -0.1780789 0.0705408 0.0288615 -0.1707472 0.0292501 0.1900347 -0.2158212 0.0177117 0.0475302 -0.2163015 -0.1952808 0.6613419 -0.7242185 0.3772528 0.1543515 -0.9131571 0.1011954 0.6574550 -0.7466675 0.0797218 0.2139370 -0.9735889 -0.0003295 -0.0003568 0.0014438 -0.0014521 0.0002415 0.0000384 -0.0004640 -0.0003568 0.0011699 -0.0016324 0.0001795 0.0002242 -0.0023168 0.0018272 0.0023029 -0.0066944 0.0017428 -0.0024416 -0.0012059 0.0013969 0.0010696 -0.0072484 0.0011022 -0.0003237
-0.0483473 0.1622613 -0.1766351 0.0690888 0.0291030 -0.1707088 0.0287861 0.1896779 -0.2146513 0.0160793 0.0477097 -0.2160773 -0.1975976 0.6631690 -0.7219155 0.3705584 0.1560943 -0.9155987 0.0999894 0.6588519 -0.7455979 0.0724734 0.2150392 -0.9739126 -0.0003696 -0.0000846 0.0001500 -0.0034810 0.0101116 0.0051222 -0.0004367 -0.0000846 0.0000133 -0.0035505 0.0092768 0.0048705 -0.0015848 -0.0000990 0.0003447 -0.0108199 0.0589261 0.0076591 -0.0014795 -0.0000444 -0.0002362 -0.0152949 0.0450329 0.0100178
-0.0487169 0.1621767 -0.1764851 0.0656077 0.0392146 -0.1655866 0.0283494 0.1895933 -0.2146380 0.0125288 0.0569865 -0.2112068 -0.1991824 0.6630701 -0.7215708 0.3597385 0.2150204 -0.9079397 0.0985099 0.6588075 -0.7458341 0.0571785 0.2600721 -0.9638948 0.0009716 -0.0000791 -0.0012540 -0.0020930 0.0052355 0.0049843 0.0009525 -0.0000791 -0.0012927 -0.0021689 0.0051967 0.0050580 0.0045004 -0.0021153 -0.0031621 -0.0035826 0.0342316 0.0073696 0.0029541 -0.0025746 -0.0018714 -0.0091206 0.0283843 0.0076085
-0.0477453 0.1620976 -0.1777390 0.0635147 0.0444501 -0.1606022 0.0293019 0.1895142 -0.2159307 0.0103600 0.0621832 -0.2061488 -0.1946819 0.6609547 -0.7247329 0.3561559 0.2492520 -0.9005700 0.1014640 0.6562328 -0.7477055 0.0480579 0.2884564 -0.9562862 0.0095331 -0.0010512 -0.0089899 -0.0023074 -0.0022875 0.0003538 0.0095258 -0.0010512 -0.0090040 -0.0023482 -0.0023296 0.0003848 0.0415434 -0.0155484 -0.0235981 -0.0096574 -0.0105669 -0.0066059 0.0297064 -0.0195536 -0.0121852 -0.0106969 -0.0093434 -0.0032450
-0.0382122 0.1610464 -0.1867289 0.0612074 0.0421626 -0.1602484 0.0388277 0.1884630 -0.2249347 0.0080118 0.0598536 -0.2057640 -0.1531386 0.6454063 -0.7483310 0.3464985 0.2386850 -0.9071760 0.1311704 0.6366793 -0.7598907 0.0373610 0.2791130 -0.9595312 0.0086405 0.0031469 -0.0026088 -0.0023235 -0.0020910 -0.0026219 0.0086390 0.0031468 -0.0026118 -0.0023381 -0.0020997 -0.0026064 0.0359551 0.0052397 -0.0019542 -0.0152500 -0.0132639 -0.0090444 0.0264011 -0.0006065 0.0045214 -0.0111303 -0.0121053 -0.0038062
-0.0295717 0.1641933 -0.1893377 0.0588838 0.0400716 -0.1628703 0.0474666 0.1916098 -0.2275465 0.0056737 0.0577539 -0.2083703 -0.1171834 0.6506460 -0.7502852 0.3312485 0.2254212 -0.9162204 0.1575715 0.6360728 -0.7553692 0.0262307 0.2670077 -0.9633373 -0.0456652 -0.0207458 0.0225423 -0.0004613 -0.0034101 -0.0050283 -0.0741762 -0.0357963 0.0334068 -0.0003025 -0.0034171 -0.0052167 -0.2064098 -0.0336802 0.0329006 -0.0093856 -0.0234446 -0.0087714 -0.2642551 -0.0137216 -0.0200646 -0.0018664 -0.0205329 -0.0055055
-0.0752370 0.1434475 -0.1667954 0.0584225 0.0366615 -0.1678987 -0.0267096 0.1558135 -0.1941397 0.0053713 0.0543368 -0.2135870 -0.3235932 0.6169658 -0.7173846 0.3218629 0.2019765 -0.9249918 -0.1066836 0.6223512 -0.7754338 0.0243643 0.2464748 -0.9688429 0.0060395 -0.0135395 -0.0195567 0.0014514 0.0034348 -0.0114237 0.0263428 0.0055118 -0.0298161 0.0259353 -0.0027193 -0.0310445 0.0321974 -0.0699131 -0.0673586 -0.0120514 0.0054977 -0.0028936 0.1053546 -0.0378629 -0.0359673 0.0998825 -0.0416194 -0.0020314
-0.0691975 0.1299080 -0.1863521 0.0598739 0.0400963 -0.1793224 -0.0003668 0.1613253 -0.2239558 0.0313065 0.0516175 -0.2446315 -0.2913959 0.5470527 -0.7847432 0.3098115 0.2074742 -0.9278854 -0.0013290 0.5844882 -0.8114011 0.1242468 0.2048555 -0.9708743 0.0078290 -0.0077036 -0.0167569 0.0083391 0.0041449 0.0028327 0.0206574 -0.0025118 -0.0183432 0.0079016 -0.0040955 0.0020955 0.0407627 -0.0479610 -0.0447690 0.0412292 0.0202017 0.0196266 0.0711960 -0.0376425 -0.0229120 0.0324362 -0.0149487 0.0016551
-0.0613684 0.1222044 -0.2031090 0.0682130 0.0442412 -0.1764897 0.0202906 0.1588135 -0.2422990 0.0392081 0.0475220 -0.2425361 -0.2506332 0.4990917 -0.8295122 0.3510408 0.2276759 -0.9082588 0.0698670 0.5468457 -0.8343131 0.1566830 0.1899067 -0.9692192 0.0104380 0.0038652 -0.0197441 -0.0056558 0.0042139 -0.0112308 0.0080828 0.0007153 -0.0267669 0.0077818 -0.0057256 -0.0103094 0.0555404 -0.0161727 -0.0241435 -0.0439606 0.0101800 -0.0132217 0.0204690 -0.0389337 -0.0223460 0.0236667 -0.0294901 -0.0012139
-0.0509304 0.1260696 -0.2228532 0.0625572 0.0484551 -0.1877205 0.0283734 0.1595288 -0.2690659 0.0469900 0.0417964 -0.2528455 -0.1950928 0.4829190 -0.8536557 0.3070802 0.2378559 -0.9214805 0.0903360 0.5079120 -0.8566591 0.1803497 0.1604166 -0.9704331 0.0068878 -0.0099423 -0.0209960 -0.0169406 -0.0568792 -0.0084458 0.0175689 -0.0056725 -0.0481599 0.0197802 -0.0574637 0.0253012 0.0341514 -0.0585643 -0.0374229 -0.0807809 -0.2796470 -0.0516804 0.0388794 -0.0751825 -0.0355564 0.1006041 -0.2263410 0.0129787
-0.0440426 0.1161273 -0.2438492 0.0456166 -0.0084241 -0.1961663 0.0459423 0.1538563 -0.3172258 0.0667702 -0.0156673 -0.2275443 -0.1609414 0.4243546 -0.8910786 0.2262993 -0.0417911 -0.9731609 0.1292154 0.4327295 -0.8922155 0.2809538 -0.0659244 -0.9574544 0.0016471 -0.0004455 -0.0101057 -0.0037510 -0.0194465 -0.0094444 0.0054181 -0.0010321 -0.0338448 0.0008882 -0.0129332 -0.0057895 0.0107430 -0.0145187 -0.0086297 -0.0285145 -0.0898774 0.0017987 0.0037322 -0.0371406 -0.0165388 -0.0043711 -0.0509924 0.0036030
-0.0423956 0.1156818 -0.2539550 0.0418656 -0.0278706 -0.2056106 0.0513604 0.1528242 -0.3510706 0.0676584 -0.0286005 -0.2333337 -0.1501985 0.4098359 -0.8997082 0.1977848 -0.1316685 -0.9713622 0.1329476 0.3955889 -0.9087543 0.2765827 -0.1169168 -0.9538514 0.0034467 0.0067255 -0.0316600 -0.0030006 -0.0079768 -0.0286939 -0.0000820 -0.0015420 -0.0279259 -0.0071623 -0.0074963 -0.0285379 0.0258295 -0.0189727 -0.0122996 -0.0359795 -0.0175738 -0.0041099 -0.0082687 -0.0277594 -0.0127427 -0.0534995 -0.0161925 -0.0118172
-0.0389488 0.1224073 -0.2856150 0.0388650 -0.0358474 -0.2343045 0.0512784 0.1512822 -0.3789965 0.0604961 -0.0360968 -0.2618716 -0.1243689 0.3908633 -0.9120078 0.1618053 -0.1492423 -0.9754721 0.1246789 0.3678295 -0.9214970 0.2230832 -0.1331093 -0.9656686 0.0455915 0.0226138 -0.0931684 0.0056810 -0.0189491 -0.0085842 0.0079155 0.0020280 -0.0237317 0.0079772 -0.0118642 -0.0046077 0.1407444 -0.0333604 -0.0217606 0.0143029 -0.0673905 0.0152345 0.0114087 -0.0153670 -0.0043812 0.0220903 -0.0386186 0.0115200
0.0066427 0.1450211 -0.3787833 0.0445459 -0.0547965 -0.2428888 0.0591939 0.1533102 -0.4027282 0.0684732 -0.0479610 -0.2664793 0.0163754 0.3575029 -0.9337685 0.1761081 -0.2166327 -0.9602376 0.1360876 0.3524625 -0.9258782 0.2451734 -0.1717279 -0.9541486 -0.0434131 -0.0114874 0.0115217 0.0129780 -0.0231048 -0.0185616 0.0069602 -0.0001846 -0.0481878 -0.0504820 -0.0498589 -0.0472526 -0.1100556 -0.0172987 -0.0019052 0.0302129 -0.0627755 0.0224942 0.0015099 -0.0339681 -0.0120068 -0.1905089 -0.1254886 0.0009046
-0.0367704 0.1335337 -0.3672616 0.0575239 -0.0779013 -0.2614504 0.0661541 0.1531256 -0.4509160 0.0179912 -0.0978199 -0.3137318 -0.0936802 0.3402042 -0.9356736 0.2063210 -0.2794082 -0.9377434 0.1375975 0.3184944 -0.9378850 0.0546645 -0.2972165 -0.9532440 0.0199978 0.0066976 -0.0394460 0.0109200 -0.0060272 -0.0211066 0.0064682 0.0029952 -0.0242321 0.0270123 0.0638706 -0.1269207 0.0547222 -0.0144874 -0.0089908 0.0198650 0.0020509 0.0039807 0.0060996 -0.0095794 -0.0022867 0.0466390 0.2207961 -0.0386721
-0.0167726 0.1402313 -0.4067077 0.0684440 -0.0839285 -0.2825570 0.0726223 0.1561208 -0.4751481 0.0450035 -0.0339493 -0.4406526 -0.0389579 0.3257168 -0.9446644 0.2261860 -0.2773574 -0.9337627 0.1436970 0.3089149 -0.9401716 0.1013035 -0.0764204 -0.9919161 0.0051060 0.0014917 -0.0198489 0.0046554 0.0033056 -0.0166238 0.0038448 -0.0008192 -0.0328839 0.0154022 -0.0116020 -0.0177661 0.0130111 -0.0105215 -0.0040076 0.0034268 0.0241127 -0.0059953 -0.0012245 -0.0195588 -0.0063877 0.0287074 -0.0216195 0.0052625
-0.0116666 0.1417230 -0.4265566 0.0730994 -0.0806228 -0.2991807 0.0764671 0.1553016 -0.5080320 0.0604056 -0.0455513 -0.4584187 -0.0259468 0.3151953 -0.9486721 0.2296128 -0.2532447 -0.9397580 0.1424725 0.2893561 -0.9465594 0.1300109 -0.0980400 -0.9866536 0.0229266 -0.0006819 -0.0359971 -0.0043946 -0.0158515 -0.0119955 0.0059324 0.0015231 -0.0346189 0.0144457 -0.0137880 -0.0206999 0.0492252 -0.0236134 -0.0075905 -0.0232635 -0.0365081 0.0051654 0.0018762 -0.0146280 -0.0040657 0.0232012 -0.0234207 0.0059532
0.0112600 0.1410411 -0.4625537 0.0687048 -0.0964743 -0.3111762 0.0823994 0.1568247 -0.5426510 0.0748514 -0.0593393 -0.4791186 0.0232784 0.2915820 -0.9562626 0.2063493 -0.2897528 -0.9345926 0.1443487 0.2747281 -0.9506250 0.1532121 -0.1214607 -0.9807004 -0.0043889 0.0077732 -0.0286728 0.0222656 0.0030421 -0.0146380 0.0049611 -0.0011647 -0.0443972 0.0257377 -0.0256193 -0.0266246 -0.0098927 -0.0016759 -0.0006989 0.0528686 0.0235198 0.0061928 -0.0019717 -0.0210390 -0.0061250 0.0392656 -0.0411080 0.0129588
0.0068711 0.1488143 -0.4912266 0.0909704 -0.0934323 -0.3258142 0.0873605 0.1556600 -0.5870482 0.1005891 -0.0849586 -0.5057432 0.0133857 0.2899061 -0.9569615 0.2592179 -0.2662329 -0.9283997 0.1423771 0.2536891 -0.9567500 0.1924776 -0.1625687 -0.9677416 0.0268803 0.0003415 -0.0513508 0.0198858 0.0108757 -0.0232669 0.0105435 0.0073192 -0.0308905 0.0259899 -0.0191154 -0.0130315 0.0464873 -0.0253126 -0.0055381 0.0360446 0.0463457 -0.0013688 0.0090539 -0.0016045 0.0009666 0.0401868 -0.0287294 0.0141839
0.0337514 0.1491558 -0.5425773 0.1108562 -0.0825565 -0.3490811 0.0979040 0.1629792 -0.6179387 0.1265790 -0.1040741 -0.5187747 0.0598730 0.2645934 -0.9624996 0.2952626 -0.2198872 -0.9297686 0.1514310 0.2520846 -0.9557835 0.2326644 -0.1912981 -0.9535577 -0.0078899 0.0042340 0.0316203 0.0048898 -0.0098732 -0.0115663 -0.0091336 0.0015396 -0.0172292 0.0190510 -0.0400008 -0.0270409 -0.0114533 0.0225938 0.0058497 0.0016128 -0.0171847 0.0047486 -0.0173582 -0.0036067 -0.0035305 0.0171330 -0.0558317 0.0173269
0.0258615 0.1533898 -0.5109571 0.1157460 -0.0924298 -0.3606474 0.0887705 0.1645188 -0.6351678 0.1456300 -0.1440748 -0.5458155 0.0484197 0.2871872 -0.9566499 0.2968754 -0.2370720 -0.9250199 0.1340728 0.2484779 -0.9593139 0.2497974 -0.2471298 -0.9362308 0.0072640 0.0023824 0.0036152 0.0359638 -0.0009895 -0.0674996 0.0014094 0.0043237 -0.0068019 0.0055619 -0.0147510 -0.0019550 0.0138756 0.0057554 0.0025514 0.0302700 0.0356235 0.0017679 0.0005441 0.0035636 0.0010064 0.0064463 -0.0220521 0.0078558
0.0331255 0.1557722 -0.5073418 0.1517098 -0.0934193 -0.4281470 0.0901798 0.1688425 -0.6419697 0.1511919 -0.1588258 -0.5477706 0.0622953 0.2929426 -0.9540985 0.3271455 -0.2014484 -0.9232521 0.1346170 0.2520416 -0.9583075 0.2562438 -0.2691819 -0.9283750 0.0010899 -0.0012575 0.0015486 -0.0041289 -0.0002123 0.0031729 -0.0021839 0.0057918 -0.0049618 0.0036333 -0.0135381 0.0027524 0.0022653 -0.0013910 -0.0002754 -0.0059758 -0.0023154 -0.0015887 -0.0044149 0.0063541 0.0010828 0.0051880 -0.0218650 0.0080788
0.0342154 0.1545147 -0.5057932 0.1475808 -0.0936316 -0.4249741 0.0879959 0.1746343 -0.6469315 0.1548252 -0.1723639 -0.5450181 0.0645606 0.2915516 -0.9543739 0.3211697 -0.2037638 -0.9248407 0.1302021 0.2583956 -0.9572247 0.2614317 -0.2910470 -0.9202962 -0.0019114 -0.0022535 0.0001818 -0.0271078 0.0245842 0.0365024 0.0008391 0.0074662 -0.0019264 0.0096921 -0.0460814 0.0009260 -0.0034975 -0.0037381 -0.0013638 -0.0291440 0.0363935 -0.0168111 0.0004844 0.0094952 0.0026800 0.0087336 -0.0676773 0.0268044
0.0323040 0.1522612 -0.5056115 0.1204731 -0.0690474 -0.3884717 0.0888350 0.1821005 -0.6488578 0.1645173 -0.2184453 -0.5440922 0.0610630 0.2878135 -0.9557378 0.2920256 -0.1673703 -0.9416519 0.1306865 0.2678908 -0.9545447 0.2701654 -0.3587243 -0.8934918 -0.0126638 0.0228228 -0.0194036 -0.0027664 -0.0005380 0.0008975 -0.0025357 0.0033689 0.0021300 -0.0029181 -0.0017684 0.0014000 -0.0255977 0.0283437 0.0076941 -0.0056259 -0.0019424 -0.0013797 -0.0034595 0.0055382 0.0011036 -0.0041826 -0.0037345 0.0002523
0.0196402 0.1750840 -0.5250150 0.1177067 -0.0695854 -0.3875742 0.0862992 0.1854694 -0.6467279 0.1615992 -0.2202137 -0.5426922 0.0354653 0.3161572 -0.9480437 0.2863997 -0.1693127 -0.9430315 0.1272270 0.2734290 -0.9534411 0.2659828 -0.3624588 -0.8932395 -0.0006107 -0.0023040 -0.0018968 0.0013717 -0.0113459 -0.0014285 0.0016030 0.0048998 0.0012730 -0.0004425 -0.0066970 0.0017980 -0.0011681 -0.0047540 -0.0016151 0.0006799 -0.0258002 0.0052062 0.0022962 0.0070785 0.0023684 -0.0010523 -0.0105668 0.0040467
0.0190296 0.1727800 -0.5269119 0.1190784 -0.0809313 -0.3890027 0.0879022 0.1903692 -0.6454549 0.1611566 -0.2269107 -0.5408942 0.0342972 0.3114032 -0.9496588 0.2870796 -0.1951128 -0.9378253 0.1295232 0.2805075 -0.9510727 0.2649304 -0.3730256 -0.8891928 0.0088649 0.0000916 -0.0053995 -0.0052010 -0.0088901 0.0089917 0.0094728 0.0082105 0.0023186 0.0036221 -0.0010442 0.0047690 0.0154811 -0.0029095 -0.0002643 -0.0071095 -0.0257151 0.0035600 0.0136536 0.0114772 0.0054272 0.0072377 -0.0034917 0.0036651
0.0278944 0.1728716 -0.5323114 0.1138774 -0.0898214 -0.3800109 0.0973750 0.1985797 -0.6431364 0.1647788 -0.2279549 -0.5361251 0.0497783 0.3084937 -0.9499230 0.2799701 -0.2208280 -0.9342653 0.1431768 0.2919847 -0.9456455 0.2721681 -0.3765173 -0.8855277 0.0000000 0.0000000 0.0000000 0.0000000 0.0000000 0.0000000 0.0000000 0.0000000 0.0000000 0.0000000 0.0000000 0.0000000 0.0000000 0.0000000 0.0000000 0.0000000 0.0000000 0.0000000 0.0000000 0.0000000 0.0000000 0.0000000 0.0000000 0.0000000
