-0.2493523 -0.2069872 -0.0173866 0.3418212 0.3842825 -0.3555901 -0.2433371 -0.2803141 -0.0233896 0.3630338 0.4311198 -0.3766928 -0.7683386 -0.6377974 -0.0535741 0.5466802 0.6145892 -0.5687010 -0.6542454 -0.7536633 -0.0628862 0.5355230 0.6359589 -0.5556719 0.0000014 -0.0009462 -0.0002769 -0.0090050 -0.0087494 0.0036280 -0.0011509 0.0002041 -0.0004987 -0.0076041 -0.0052838 -0.0011134 0.0014650 -0.0016975 -0.0007498 -0.0036777 -0.0018926 -0.0055387 -0.0019791 0.0018266 -0.0012318 -0.0059174 -0.0014450 -0.0072756
-0.2493510 -0.2079334 -0.0176636 0.3328163 0.3755331 -0.3519622 -0.2444880 -0.2801100 -0.0238883 0.3554297 0.4258360 -0.3778062 -0.7668736 -0.6394949 -0.0543239 0.5430025 0.6126965 -0.5742397 -0.6562244 -0.7518367 -0.0641180 0.5296056 0.6345140 -0.5629475 0.0007162 -0.0006777 0.0004069 -0.0064718 0.0004138 -0.0046680 -0.0003348 0.0005093 0.0000959 -0.0133403 -0.0032714 -0.0008348 0.0018822 -0.0023533 0.0012292 -0.0100997 0.0012042 -0.0081180 -0.0011966 0.0010267 0.0002283 -0.0132729 0.0032839 -0.0085544
-0.2486347 -0.2086112 -0.0172567 0.3263444 0.3759468 -0.3566302 -0.2448228 -0.2796008 -0.0237925 0.3420894 0.4225645 -0.3786410 -0.7649914 -0.6418482 -0.0530948 0.5329028 0.6139007 -0.5823577 -0.6574210 -0.7508100 -0.0638897 0.5163328 0.6377978 -0.5715019 0.0006855 -0.0006899 0.0001900 -0.0133860 -0.0007184 -0.0025955 0.0003419 -0.0003011 0.0001451 -0.0166984 -0.0011409 0.0015953 0.0018974 -0.0023014 0.0005700 -0.0168535 0.0048279 -0.0099834 0.0009046 -0.0008240 0.0003883 -0.0175814 0.0081498 -0.0064244
-0.2479492 -0.2093011 -0.0170667 0.3129585 0.3752284 -0.3592257 -0.2444809 -0.2799019 -0.0236474 0.3253911 0.4214236 -0.3770457 -0.7630940 -0.6441496 -0.0525248 0.5160493 0.6187286 -0.5923411 -0.6565164 -0.7516340 -0.0635014 0.4987513 0.6459476 -0.5779263 0.0012636 -0.0004419 -0.0002746 -0.0320986 -0.0238375 0.0209244 0.0000726 -0.0004006 -0.0004124 -0.0324075 -0.0069826 0.0025727 0.0023366 -0.0026797 -0.0009542 -0.0170577 0.0055725 -0.0087042 0.0006880 -0.0005103 -0.0010589 -0.0342424 0.0111253 -0.0157796
-0.2466856 -0.2097429 -0.0173413 0.2808598 0.3513910 -0.3383013 -0.2444083 -0.2803024 -0.0240597 0.2929835 0.4144411 -0.3744730 -0.7607574 -0.6468293 -0.0534790 0.4989916 0.6243011 -0.6010453 -0.6558284 -0.7521443 -0.0645602 0.4645089 0.6570729 -0.5937058 0.0015313 0.0006849 0.0006914 -0.0037937 -0.0018068 0.0002123 0.0013875 -0.0000741 0.0008406 -0.0103971 -0.0047544 0.0016156 0.0008697 -0.0011732 0.0018706 -0.0039772 0.0002762 -0.0029944 0.0021338 -0.0020324 0.0021039 -0.0100941 0.0017262 -0.0058697
-0.2451543 -0.2090580 -0.0166499 0.2770661 0.3495842 -0.3380890 -0.2430208 -0.2803765 -0.0232191 0.2825864 0.4096867 -0.3728574 -0.7598877 -0.6480025 -0.0516084 0.4950144 0.6245773 -0.6040397 -0.6536946 -0.7541767 -0.0624564 0.4544148 0.6587992 -0.5995755 -0.0004718 0.0011786 0.0012151 -0.0106291 -0.0057923 -0.0008580 -0.0010719 -0.0003480 0.0011483 -0.0260070 -0.0096389 0.0009806 -0.0025577 0.0027261 0.0036974 -0.0118330 -0.0011135 -0.0106380 -0.0013084 0.0008751 0.0032312 -0.0292340 0.0041246 -0.0166658
-0.2456261 -0.2078794 -0.0154348 0.2664370 0.3437919 -0.3389470 -0.2440927 -0.2807245 -0.0220708 0.2565794 0.4000478 -0.3718768 -0.7624454 -0.6452764 -0.0479110 0.4831813 0.6234638 -0.6146777 -0.6550031 -0.7533016 -0.0592252 0.4251807 0.6629238 -0.6162413 -0.0004617 0.0004560 0.0017529 -0.0111860 -0.0045098 -0.0025853 0.0001820 0.0003560 0.0024544 -0.0118656 -0.0048525 0.0003607 -0.0014825 0.0013740 0.0054383 -0.0147400 -0.0008070 -0.0121087 -0.0004347 -0.0001057 0.0065120 -0.0139337 0.0012106 -0.0080995
-0.2460878 -0.2074234 -0.0136819 0.2552510 0.3392821 -0.3415323 -0.2439107 -0.2803685 -0.0196164 0.2447139 0.3951953 -0.3715161 -0.7639279 -0.6439023 -0.0424726 0.4684414 0.6226568 -0.6267864 -0.6554377 -0.7534074 -0.0527131 0.4112470 0.6641344 -0.6243408 -0.0013729 -0.0043695 0.0001064 -0.0052420 -0.0045275 0.0001489 0.0014727 -0.0013225 0.0017093 -0.0099207 -0.0036364 0.0005586 0.0048507 -0.0057651 0.0008303 -0.0050705 -0.0022170 -0.0059394 0.0038703 -0.0036551 0.0045868 -0.0121187 0.0014823 -0.0062550
-0.2474607 -0.2117929 -0.0135755 0.2500090 0.3347546 -0.3413834 -0.2424379 -0.2816910 -0.0179070 0.2347932 0.3915589 -0.3709574 -0.7590772 -0.6496674 -0.0416423 0.4633709 0.6204398 -0.6327258 -0.6515675 -0.7570625 -0.0481263 0.3991283 0.6656166 -0.6305959 0.0018094 -0.0024362 0.0007753 -0.0053317 -0.0026496 0.0007663 0.0002299 -0.0019916 -0.0011603 -0.0060272 -0.0038440 -0.0008986 0.0059938 -0.0070863 0.0024013 -0.0059948 0.0003652 -0.0039910 0.0030898 -0.0024574 -0.0029239 -0.0073354 -0.0016021 -0.0062582
-0.2456513 -0.2142291 -0.0128002 0.2446773 0.3321050 -0.3406171 -0.2422080 -0.2836826 -0.0190674 0.2287660 0.3877149 -0.3718561 -0.7530834 -0.6567537 -0.0392410 0.4573761 0.6208050 -0.6367168 -0.6484777 -0.7595200 -0.0510502 0.3917929 0.6640145 -0.6368541 -0.0026911 0.0038187 -0.0009988 -0.0058880 -0.0023515 -0.0017156 -0.0013606 0.0003274 0.0010807 -0.0038268 -0.0016288 -0.0009056 -0.0092020 0.0109001 -0.0031148 -0.0084649 -0.0008859 -0.0068506 -0.0026279 0.0020573 0.0029683 -0.0052351 -0.0005260 -0.0037364
-0.2483423 -0.2104104 -0.0137990 0.2387893 0.3297535 -0.3423327 -0.2435686 -0.2833552 -0.0179867 0.2249392 0.3860861 -0.3727616 -0.7622854 -0.6458536 -0.0423559 0.4489112 0.6199191 -0.6435674 -0.6511055 -0.7574627 -0.0480819 0.3865578 0.6634885 -0.6405904 -0.0016545 -0.0003307 0.0020080 -0.0033596 -0.0000201 -0.0003594 -0.0014888 -0.0005843 0.0014306 -0.0031919 -0.0001832 -0.0012889 -0.0018014 0.0017475 0.0063181 -0.0052482 0.0014576 -0.0022299 -0.0016297 0.0011612 0.0039829 -0.0051446 0.0002781 -0.0027896
-0.2499969 -0.2107411 -0.0117910 0.2354296 0.3297334 -0.3426921 -0.2450575 -0.2839395 -0.0165562 0.2217473 0.3859029 -0.3740505 -0.7640868 -0.6441061 -0.0360377 0.4436630 0.6213767 -0.6457973 -0.6527352 -0.7563015 -0.0440990 0.3814133 0.6637666 -0.6433800 -0.0024511 -0.0007905 0.0031933 -0.0018128 0.0009402 -0.0005344 -0.0050100 0.0021455 0.0012452 -0.0012848 0.0004533 -0.0002385 -0.0021410 0.0020671 0.0099420 -0.0035233 0.0016200 -0.0008495 -0.0104640 0.0089610 0.0034931 -0.0021877 0.0008186 -0.0004480
-0.2524479 -0.2115316 -0.0085977 0.2336169 0.3306736 -0.3432265 -0.2500675 -0.2817940 -0.0153110 0.2204625 0.3863562 -0.3742890 -0.7662278 -0.6420390 -0.0260957 0.4401397 0.6229968 -0.6466468 -0.6631992 -0.7473406 -0.0406059 0.3792255 0.6645852 -0.6438280 -0.0034687 -0.0004468 0.0042703 -0.0006501 0.0007873 0.0005363 -0.0039768 -0.0016549 0.0031512 0.0001397 0.0003814 0.0003565 -0.0038272 0.0041943 0.0130744 -0.0011081 0.0016495 0.0008386 -0.0038855 0.0030433 0.0086762 0.0001899 0.0005678 0.0006986
-0.2559166 -0.2119784 -0.0043274 0.2329667 0.3314609 -0.3426902 -0.2540443 -0.2834489 -0.0121597 0.2206022 0.3867375 -0.3739324 -0.7700549 -0.6378447 -0.0130212 0.4390317 0.6246462 -0.6458082 -0.6670848 -0.7442972 -0.0319297 0.3794155 0.6651530 -0.6431294 -0.0030883 -0.0000839 0.0018691 0.0017789 -0.0000321 0.0024833 -0.0010637 -0.0007910 0.0033423 0.0020160 -0.0000140 0.0017671 -0.0036629 0.0043569 0.0056774 0.0040493 0.0009235 0.0036698 -0.0006773 0.0002804 0.0088496 0.0037143 0.0004050 0.0026263
-0.2590049 -0.2120624 -0.0024584 0.2347456 0.3314287 -0.3402069 -0.2551081 -0.2842400 -0.0088174 0.2226182 0.3867235 -0.3721653 -0.7737179 -0.6334878 -0.0073438 0.4430810 0.6255697 -0.6421384 -0.6677621 -0.7440168 -0.0230801 0.3831298 0.6655580 -0.6405030 -0.0032959 -0.0006605 0.0002147 0.0045921 -0.0022885 0.0089421 -0.0001842 -0.0009200 0.0019081 0.0033974 0.0021971 0.0021371 -0.0029534 0.0036166 0.0007004 0.0130261 0.0016746 0.0108454 0.0008595 -0.0009094 0.0050309 0.0049044 0.0021593 0.0052212
-0.2623008 -0.2127228 -0.0022436 0.2393377 0.3291403 -0.3312648 -0.2552923 -0.2851599 -0.0069093 0.2260155 0.3889206 -0.3700282 -0.7766712 -0.6298712 -0.0066434 0.4561071 0.6272443 -0.6312931 -0.6669026 -0.7449262 -0.0180492 0.3880341 0.6677173 -0.6352819 -0.0016516 0.0000249 0.0007453 0.0025043 0.0058670 -0.0020020 -0.0007573 -0.0002388 0.0010417 0.0069610 0.0047144 0.0038534 -0.0019747 0.0024231 0.0022235 -0.0005179 0.0038523 0.0034750 -0.0008168 0.0006705 0.0027478 0.0095862 0.0040983 0.0103325
-0.2639524 -0.2126980 -0.0014983 0.2418420 0.3350072 -0.3332668 -0.2560495 -0.2853988 -0.0058676 0.2329765 0.3936350 -0.3661748 -0.7786459 -0.6274480 -0.0044199 0.4555892 0.6310966 -0.6278181 -0.6677195 -0.7442557 -0.0153014 0.3976203 0.6718157 -0.6249494 -0.0011476 -0.0002358 0.0004777 0.0030061 0.0036590 0.0004063 -0.0008873 0.0001509 0.0009385 0.0060560 0.0028435 0.0019083 -0.0009930 0.0012259 0.0014184 0.0026984 0.0027925 0.0047956 -0.0014976 0.0012997 0.0024631 0.0081485 0.0012249 0.0065903
-0.2651000 -0.2129338 -0.0010206 0.2448481 0.3386662 -0.3328605 -0.2569368 -0.2852479 -0.0049291 0.2390325 0.3964785 -0.3642665 -0.7796389 -0.6262221 -0.0030016 0.4582876 0.6338891 -0.6230225 -0.6692171 -0.7429560 -0.0128383 0.4057688 0.6730406 -0.6183592 -0.0008213 -0.0003160 0.0001947 0.0025409 0.0028280 -0.0000594 -0.0007716 0.0000233 0.0001206 0.0056962 0.0018698 0.0021300 -0.0004934 0.0006122 0.0005784 0.0021709 0.0017251 0.0033674 -0.0011403 0.0010230 0.0003303 0.0080660 0.0005640 0.0059887
-0.2659213 -0.2132497 -0.0008260 0.2473889 0.3414943 -0.3329200 -0.2577084 -0.2852245 -0.0048085 0.2447287 0.3983484 -0.3621364 -0.7801323 -0.6256099 -0.0024231 0.4604585 0.6356143 -0.6196551 -0.6703574 -0.7419330 -0.0125079 0.4138347 0.6736046 -0.6123705 -0.0003925 -0.0002824 0.0006646 0.0009583 0.0012073 0.0002251 -0.0004564 -0.0000229 0.0003056 0.0010856 0.0003966 0.0011511 -0.0000484 0.0000559 0.0019504 0.0008647 0.0009789 0.0016502 -0.0006297 0.0005563 0.0008046 0.0018262 0.0006549 0.0019607
-0.2663138 -0.2135322 -0.0001614 0.2483473 0.3427015 -0.3326948 -0.2581648 -0.2852475 -0.0045029 0.2458143 0.3987449 -0.3609853 -0.7801807 -0.6255540 -0.0004728 0.4613232 0.6365931 -0.6180050 -0.6709870 -0.7413767 -0.0117034 0.4156609 0.6742596 -0.6104098 0.0002929 -0.0004003 0.0006001 0.0000273 0.0009964 0.0005855 0.0000322 -0.0001432 0.0006823 -0.0001890 0.0003365 0.0010321 0.0009093 -0.0011313 0.0017580 -0.0001945 0.0015116 0.0014155 0.0002182 -0.0002233 0.0017754 0.0000185 0.0011182 0.0012500
-0.2660210 -0.2139324 0.0004388 0.2483746 0.3436980 -0.3321094 -0.2581326 -0.2853906 -0.0038206 0.2456254 0.3990815 -0.3599532 -0.7792714 -0.6266853 0.0012853 0.4611287 0.6381048 -0.6165895 -0.6707689 -0.7416000 -0.0099280 0.4156793 0.6753778 -0.6091597 0.0004562 0.0002528 0.0001132 -0.0033310 -0.0004722 0.0007171 -0.0000004 0.0001542 0.0001938 -0.0058025 -0.0017428 0.0004072 0.0001638 -0.0002028 0.0003341 -0.0042561 0.0018243 -0.0012763 -0.0002032 0.0001773 0.0005007 -0.0071802 0.0014239 -0.0032682
-0.2655648 -0.2136796 0.0005520 0.2450436 0.3432258 -0.3313922 -0.2581330 -0.2852364 -0.0036268 0.2398229 0.3973387 -0.3595460 -0.7791076 -0.6268881 0.0016193 0.4568727 0.6399290 -0.6178658 -0.6709721 -0.7414227 -0.0094273 0.4084991 0.6768017 -0.6124279 0.0016421 0.0002508 -0.0002461 -0.0038092 0.0003891 0.0015335 0.0013532 0.0000441 -0.0014162 -0.0097632 0.0004168 0.0015134 0.0015420 -0.0019131 -0.0007181 -0.0050564 0.0036394 0.0000619 0.0019115 -0.0016690 -0.0037127 -0.0135573 0.0060223 -0.0022040
-0.2639227 -0.2134288 0.0003059 0.2412343 0.3436149 -0.3298587 -0.2567798 -0.2851923 -0.0050430 0.2300597 0.3977555 -0.3580326 -0.7775656 -0.6288012 0.0009013 0.4518162 0.6435684 -0.6178040 -0.6690606 -0.7430917 -0.0131400 0.3949418 0.6828240 -0.6146319 0.0049852 -0.0001693 -0.0008487 -0.0058479 0.0009727 0.0035306 0.0018822 0.0004361 -0.0015405 -0.0068438 -0.0000539 0.0038521 0.0061563 -0.0075361 -0.0025183 -0.0074831 0.0069009 0.0018026 0.0021965 -0.0018886 -0.0040837 -0.0083798 0.0059096 0.0012675
-0.2589375 -0.2135981 -0.0005428 0.2353864 0.3445876 -0.3263281 -0.2548977 -0.2847562 -0.0065835 0.2232160 0.3977016 -0.3541805 -0.7714093 -0.6363373 -0.0016170 0.4443331 0.6504694 -0.6160014 -0.6668641 -0.7449802 -0.0172237 0.3865620 0.6887335 -0.6133644 0.0025852 0.0000207 -0.0008869 -0.0018811 0.0023949 0.0025320 0.0048718 -0.0015169 -0.0015229 -0.0016251 0.0021407 0.0026020 0.0031221 -0.0037537 -0.0026676 -0.0028646 0.0055406 0.0038278 0.0091995 -0.0080288 -0.0040992 -0.0023231 0.0045935 0.0037267
-0.2563523 -0.2135775 -0.0014296 0.2335053 0.3469824 -0.3237961 -0.2500259 -0.2862732 -0.0081064 0.2215909 0.3998422 -0.3515785 -0.7682871 -0.6400910 -0.0042846 0.4414685 0.6560100 -0.6121736 -0.6576646 -0.7530090 -0.0213229 0.3842389 0.6933270 -0.6096377 0.0034498 -0.0015551 -0.0021059 0.0022732 0.0053761 0.0032619 0.0023211 0.0003075 -0.0015973 0.0051895 0.0058355 0.0041851 0.0066368 -0.0078098 -0.0063632 0.0021427 0.0069436 0.0090967 0.0031488 -0.0026044 -0.0043175 0.0065956 0.0058203 0.0109379
-0.2529026 -0.2151325 -0.0035356 0.2357785 0.3523585 -0.3205342 -0.2477048 -0.2859657 -0.0097037 0.2267804 0.4056778 -0.3473934 -0.7616503 -0.6479008 -0.0106478 0.4436112 0.6629535 -0.6030769 -0.6545158 -0.7556134 -0.0256404 0.3908346 0.6991473 -0.5986998 0.0022093 -0.0004725 -0.0010691 0.0178079 0.0404417 -0.0200186 0.0012639 0.0001276 -0.0011784 0.0209255 0.0162452 0.0028483 0.0035519 -0.0040907 -0.0032768 -0.0052020 0.0161335 0.0143170 0.0018038 -0.0014443 -0.0031816 0.0231089 0.0059320 0.0229272
-0.2506933 -0.2156051 -0.0046047 0.2535864 0.3928002 -0.3405528 -0.2464408 -0.2858381 -0.0108821 0.2477058 0.4219229 -0.3445452 -0.7580984 -0.6519915 -0.0139246 0.4384093 0.6790870 -0.5887598 -0.6527120 -0.7570577 -0.0288220 0.4139435 0.7050793 -0.5757726 0.0027250 -0.0011092 -0.0013894 0.0157662 -0.0121096 0.0142963 0.0008810 0.0002973 -0.0009999 0.0278614 0.0125759 0.0009637 0.0052584 -0.0059605 -0.0042737 0.0348539 -0.0101987 0.0155143 0.0010050 -0.0007573 -0.0027126 0.0314624 -0.0027885 0.0204336
-0.2479683 -0.2167143 -0.0059941 0.2693526 0.3806906 -0.3262565 -0.2455598 -0.2855408 -0.0118821 0.2755672 0.4344988 -0.3435815 -0.7528400 -0.6579520 -0.0181984 0.4732632 0.6688883 -0.5732455 -0.6517069 -0.7578150 -0.0315346 0.4454058 0.7022907 -0.5553390 0.0001688 0.0036252 -0.0019535 0.0173956 0.0121629 -0.0083849 -0.0002201 0.0004618 -0.0006430 0.0217242 0.0089147 -0.0022246 -0.0051491 0.0061379 -0.0061126 0.0124416 -0.0034585 0.0064175 -0.0009053 0.0008532 -0.0017229 0.0219852 -0.0051717 0.0116748
-0.2477995 -0.2130891 -0.0079477 0.2867482 0.3928535 -0.3346414 -0.2457800 -0.2850790 -0.0125251 0.2972914 0.4434135 -0.3458061 -0.7579890 -0.6518141 -0.0243110 0.4857048 0.6654299 -0.5668280 -0.6526123 -0.7569618 -0.0332575 0.4673911 0.6971190 -0.5436641 -0.0003472 0.0006933 -0.0009598 0.0106019 0.0012110 -0.0013644 0.0003380 -0.0001085 -0.0007069 0.0300405 0.0017705 -0.0022478 -0.0014410 0.0017965 -0.0029494 0.0122331 -0.0055356 0.0041580 0.0006998 -0.0005176 -0.0018877 0.0338433 -0.0154210 0.0106988
-0.2481467 -0.2123957 -0.0089074 0.2973502 0.3940646 -0.3360058 -0.2454420 -0.2851874 -0.0132320 0.3273319 0.4451841 -0.3480539 -0.7594301 -0.6500176 -0.0272603 0.4979378 0.6598943 -0.5626699 -0.6519124 -0.7574794 -0.0351452 0.5012343 0.6816980 -0.5329653 0.0002852 -0.0006480 -0.0013303 0.0114169 -0.0033909 -0.0000937 -0.0001003 0.0001882 -0.0012882 0.0129164 -0.0060881 -0.0008802 0.0014395 -0.0014962 -0.0040478 0.0160135 -0.0096072 0.0032231 -0.0003177 0.0004403 -0.0034245 0.0174410 -0.0123391 0.0010493
-0.2478614 -0.2130437 -0.0102377 0.3087671 0.3906737 -0.3360995 -0.2455423 -0.2849992 -0.0145202 0.3402483 0.4390960 -0.3489342 -0.7579905 -0.6515137 -0.0313082 0.5139513 0.6502871 -0.5594469 -0.6522302 -0.7570391 -0.0385697 0.5186753 0.6693589 -0.5319160 -0.0013600 0.0013556 -0.0005658 0.0062975 -0.0132921 0.0075479 -0.0005648 0.0007644 -0.0005610 0.0111523 -0.0028768 -0.0047995 -0.0037597 0.0044850 -0.0017130 0.0188877 -0.0120572 0.0037985 -0.0018254 0.0016551 -0.0015101 0.0117463 -0.0109079 -0.0020271
-0.2492215 -0.2116881 -0.0108035 0.3150646 0.3773816 -0.3285516 -0.2461071 -0.2842348 -0.0150811 0.3514007 0.4362192 -0.3537336 -0.7617502 -0.6470288 -0.0330211 0.5328391 0.6382299 -0.5556484 -0.6540556 -0.7553839 -0.0400797 0.5304216 0.6584509 -0.5339431 0.0006201 0.0000881 -0.0009076 0.0059382 0.0025917 -0.0075789 -0.0003732 0.0003287 -0.0009366 0.0027875 -0.0038686 -0.0019580 0.0007371 -0.0007164 -0.0028288 0.0018640 -0.0052980 -0.0042533 -0.0009312 0.0009434 -0.0024853 0.0042101 -0.0058363 -0.0029582
-0.2486014 -0.2116000 -0.0117112 0.3210028 0.3799733 -0.3361305 -0.2464803 -0.2839061 -0.0160178 0.3541881 0.4323506 -0.3556917 -0.7610131 -0.6477452 -0.0358500 0.5347030 0.6329319 -0.5599017 -0.6549868 -0.7544405 -0.0425650 0.5346318 0.6526147 -0.5369013 -0.0003355 -0.0002246 -0.0009823 0.0023459 0.0014262 -0.0026642 -0.0003368 -0.0002085 -0.0007376 0.0024330 -0.0002310 -0.0010738 -0.0000080 0.0001797 -0.0029550 0.0006528 -0.0014634 -0.0010275 -0.0001812 0.0002677 -0.0019117 0.0022707 -0.0020472 -0.0002185
-0.2489369 -0.2118246 -0.0126935 0.3233486 0.3813995 -0.3387947 -0.2468171 -0.2841146 -0.0167554 0.3566211 0.4321196 -0.3567654 -0.7610211 -0.6475655 -0.0388050 0.5353559 0.6314685 -0.5609293 -0.6551681 -0.7541728 -0.0444767 0.5369025 0.6505675 -0.5371197 -0.0005460 0.0001200 -0.0007526 -0.0016736 0.0007666 -0.0012092 -0.0003599 0.0000704 -0.0008205 -0.0021864 0.0001080 -0.0005985 -0.0008117 0.0010944 -0.0022545 -0.0030092 0.0009861 -0.0017502 -0.0005721 0.0006274 -0.0021506 -0.0026653 0.0009264 -0.0015326
-0.2494829 -0.2117046 -0.0134461 0.3216750 0.3821661 -0.3400039 -0.2471771 -0.2840442 -0.0175759 0.3544348 0.4322276 -0.3573639 -0.7618328 -0.6464711 -0.0410595 0.5323466 0.6324546 -0.5626795 -0.6557402 -0.7535454 -0.0466273 0.5342372 0.6514939 -0.5386523 -0.0002236 0.0005517 -0.0008338 -0.0030379 0.0011619 -0.0006320 -0.0003537 0.0002490 -0.0007567 -0.0086855 0.0027879 -0.0025064 -0.0010333 0.0013881 -0.0025661 -0.0045752 0.0024671 -0.0015295 -0.0007980 0.0008215 -0.0019970 -0.0119834 0.0055966 -0.0049313
-0.2497064 -0.2111529 -0.0142798 0.3186371 0.3833281 -0.3406359 -0.2475308 -0.2837951 -0.0183325 0.3457493 0.4350156 -0.3598703 -0.7628661 -0.6450831 -0.0436256 0.5277714 0.6349217 -0.5642090 -0.6565382 -0.7527239 -0.0486243 0.5222538 0.6570905 -0.5435836 -0.0008721 0.0005442 0.0000395 -0.0110951 0.0053520 -0.0037676 -0.0006115 0.0007782 0.0001329 -0.0240072 0.0069570 -0.0003027 -0.0019307 0.0022792 0.0001625 -0.0182131 0.0090722 -0.0064242 -0.0019529 0.0016866 0.0003283 -0.0307909 0.0180253 -0.0065827
-0.2505785 -0.2106087 -0.0142403 0.3075420 0.3886801 -0.3444035 -0.2481423 -0.2830170 -0.0181996 0.3217421 0.4419726 -0.3601730 -0.7647968 -0.6428039 -0.0434631 0.5095583 0.6439939 -0.5706331 -0.6584911 -0.7510373 -0.0482960 0.4914629 0.6751157 -0.5501663 -0.0009427 0.0007079 -0.0000164 -0.0129165 0.0066857 -0.0022350 -0.0004963 0.0000370 -0.0000305 -0.0124804 0.0051324 0.0007930 -0.0022483 0.0026855 -0.0000145 -0.0207353 0.0119707 -0.0044864 -0.0007909 0.0006969 -0.0000423 -0.0169094 0.0109545 -0.0012923
-0.2515212 -0.2099008 -0.0142567 0.2946255 0.3953658 -0.3466385 -0.2486387 -0.2829800 -0.0182301 0.3092617 0.4471050 -0.3593800 -0.7670451 -0.6401184 -0.0434776 0.4888230 0.6559646 -0.5751196 -0.6592820 -0.7503404 -0.0483383 0.4745535 0.6860702 -0.5514586 -0.0013451 0.0001282 0.0004372 -0.0159103 0.0043830 -0.0014637 -0.0013835 -0.0000405 0.0002546 -0.0266133 -0.0016587 0.0022207 -0.0019154 0.0022049 0.0014527 -0.0234283 0.0115302 -0.0061365 -0.0020348 0.0017420 0.0007927 -0.0308936 0.0131259 -0.0091576
-0.2528664 -0.2097726 -0.0138195 0.2787152 0.3997488 -0.3481022 -0.2500222 -0.2830205 -0.0179754 0.2826484 0.4454463 -0.3571593 -0.7689605 -0.6379135 -0.0420248 0.4653947 0.6674947 -0.5812560 -0.6613168 -0.7485984 -0.0475456 0.4436599 0.6991962 -0.5606163 -0.0005205 0.0006046 0.0006684 -0.0172769 -0.0017714 -0.0002624 -0.0004541 -0.0000171 0.0000621 -0.0204025 -0.0061151 0.0015017 -0.0016106 0.0018155 0.0020311 -0.0222749 0.0070491 -0.0091976 -0.0006578 0.0005687 0.0002032 -0.0227998 0.0058558 -0.0101538
-0.2533868 -0.2091680 -0.0131511 0.2614384 0.3979774 -0.3483646 -0.2504763 -0.2830376 -0.0179133 0.2622459 0.4393312 -0.3556576 -0.7705711 -0.6360980 -0.0399937 0.4431198 0.6745439 -0.5904536 -0.6619746 -0.7480297 -0.0473424 0.4208601 0.7050519 -0.5707701 -0.0008134 0.0003878 0.0002955 -0.0181473 -0.0051485 -0.0001079 -0.0009679 0.0002089 -0.0000639 -0.0199974 -0.0103409 0.0005821 -0.0016061 0.0018919 0.0009424 -0.0227381 0.0042238 -0.0116708 -0.0017013 0.0015159 -0.0001076 -0.0219563 0.0013544 -0.0139228
-0.2542002 -0.2087802 -0.0128556 0.2432910 0.3928289 -0.3484725 -0.2514442 -0.2828287 -0.0179772 0.2422485 0.4289903 -0.3550755 -0.7721772 -0.6342061 -0.0390513 0.4203817 0.6787676 -0.6021243 -0.6636758 -0.7465138 -0.0474501 0.3989038 0.7064063 -0.5846929 -0.0002011 0.0002828 0.0002586 -0.0102136 -0.0294599 0.0197340 -0.0002095 0.0002667 0.0005184 -0.0118920 -0.0078703 -0.0008454 -0.0006904 0.0007939 0.0007816 0.0091630 -0.0091050 -0.0037166 -0.0007006 0.0005383 0.0013582 -0.0134129 -0.0016815 -0.0109241
-0.2544012 -0.2084974 -0.0125970 0.2330774 0.3633690 -0.3287384 -0.2516537 -0.2825620 -0.0174588 0.2303565 0.4211200 -0.3559209 -0.7728676 -0.6334122 -0.0382697 0.4295447 0.6696626 -0.6058410 -0.6643764 -0.7459755 -0.0460919 0.3854909 0.7047248 -0.5956171 -0.0002486 -0.0000213 -0.0000035 -0.0001551 -0.0005846 0.0006281 -0.0001228 0.0001894 -0.0001687 -0.0046979 -0.0031207 -0.0000777 -0.0002718 0.0003310 0.0000133 0.0003786 -0.0000425 0.0002216 -0.0004152 0.0003981 -0.0004518 -0.0053486 -0.0005673 -0.0040946
-0.2546498 -0.2085187 -0.0126006 0.2329223 0.3627844 -0.3281103 -0.2517766 -0.2823726 -0.0176275 0.2256586 0.4179993 -0.3559986 -0.7731395 -0.6330812 -0.0382564 0.4299233 0.6696201 -0.6056194 -0.6647917 -0.7455774 -0.0465437 0.3801423 0.7041575 -0.5997117 0.0000371 0.0001562 -0.0006549 0.0000666 0.0002753 0.0001383 0.0001123 0.0006621 -0.0006984 -0.0039564 0.0014520 -0.0000728 -0.0001263 0.0002784 -0.0020007 0.0000203 0.0003483 0.0003997 -0.0006434 0.0006961 -0.0019124 -0.0063985 0.0029500 -0.0005505
-0.2546127 -0.2083625 -0.0132554 0.2329889 0.3630597 -0.3279720 -0.2516643 -0.2817105 -0.0183259 0.2217023 0.4194513 -0.3560714 -0.7732658 -0.6328028 -0.0402571 0.4299436 0.6699684 -0.6052197 -0.6654351 -0.7448813 -0.0484561 0.3737438 0.7071074 -0.6002622 0.0006076 0.0001423 -0.0000155 0.0002737 -0.0005134 -0.0003726 0.0000082 0.0006402 -0.0003915 -0.0000104 -0.0003228 0.0000822 0.0005330 -0.0006434 -0.0001156 0.0005053 -0.0009470 -0.0006880 -0.0007938 0.0007820 -0.0010959 0.0001599 -0.0002088 -0.0001463
-0.2540051 -0.2082202 -0.0132709 0.2332626 0.3625463 -0.3283446 -0.2516561 -0.2810703 -0.0187174 0.2216919 0.4191285 -0.3559892 -0.7727328 -0.6334462 -0.0403727 0.4304490 0.6690214 -0.6059076 -0.6662288 -0.7440993 -0.0495521 0.3739037 0.7068986 -0.6004085 0.0001251 0.0000399 -0.0001551 0.0011720 0.0006100 -0.0000996 0.0000019 0.0007569 -0.0003987 0.0023370 -0.0000413 0.0001624 0.0001088 -0.0001015 -0.0004863 0.0013868 -0.0000762 0.0009033 -0.0009561 0.0009333 -0.0011286 0.0034634 -0.0009641 0.0010334
-0.2538800 -0.2081803 -0.0134260 0.2344346 0.3631563 -0.3284442 -0.2516542 -0.2803134 -0.0191162 0.2240289 0.4190872 -0.3558268 -0.7726240 -0.6335477 -0.0408590 0.4318357 0.6689452 -0.6050043 -0.6671849 -0.7431660 -0.0506807 0.3773671 0.7059345 -0.5993751 -0.0001995 0.0000942 -0.0003008 0.0111769 0.0057518 0.0018702 0.0000739 0.0002319 -0.0003723 0.0152333 0.0066853 0.0013302 -0.0003556 0.0004928 -0.0009019 0.0143114 0.0011672 0.0117909 -0.0001625 0.0002158 -0.0010148 0.0190992 -0.0004138 0.0119613
-0.2540795 -0.2080860 -0.0137269 0.2456115 0.3689082 -0.3265740 -0.2515802 -0.2800814 -0.0194885 0.2392623 0.4257726 -0.3544966 -0.7729797 -0.6330549 -0.0417609 0.4461471 0.6701123 -0.5932135 -0.6673474 -0.7429502 -0.0516955 0.3964663 0.7055207 -0.5874138 -0.0000367 0.0000595 -0.0002709 0.0163626 0.0238376 -0.0168227 0.0000905 0.0002284 -0.0001237 0.0152143 0.0053388 0.0007033 -0.0001067 0.0001852 -0.0008240 0.0026065 0.0026491 0.0049854 -0.0001561 0.0001653 -0.0003590 0.0186579 -0.0022545 0.0102755
-0.2541162 -0.2080265 -0.0139978 0.2619741 0.3927457 -0.3433967 -0.2514898 -0.2798530 -0.0196121 0.2544765 0.4311113 -0.3537933 -0.7730864 -0.6328697 -0.0425849 0.4487536 0.6727614 -0.5882280 -0.6675034 -0.7427850 -0.0520545 0.4151242 0.7032662 -0.5771383 0.0000436 0.0001641 -0.0000016 0.0049558 0.0037281 0.0000832 -0.0000091 0.0002306 -0.0003573 0.0186092 0.0126521 0.0007237 -0.0001909 0.0002348 -0.0000228 0.0048395 0.0009653 0.0048366 -0.0002836 0.0003235 -0.0009690 0.0187499 0.0017779 0.0161872
-0.2540726 -0.2078623 -0.0139995 0.2669299 0.3964739 -0.3433135 -0.2514988 -0.2796223 -0.0199694 0.2730857 0.4437635 -0.3530695 -0.7732772 -0.6326349 -0.0426077 0.4535931 0.6737267 -0.5833915 -0.6677871 -0.7424614 -0.0530235 0.4338741 0.7050441 -0.5609511 -0.0001049 0.0001482 -0.0004874 0.0118803 0.0031225 0.0007724 -0.0000975 -0.0000691 -0.0003076 0.0159269 0.0030761 0.0008588 -0.0002992 0.0004675 -0.0014824 0.0145185 -0.0028198 0.0082781 -0.0000233 0.0000784 -0.0007979 0.0190113 -0.0048426 0.0090338
-0.2541776 -0.2077141 -0.0144869 0.2788102 0.3995964 -0.3425411 -0.2515963 -0.2796915 -0.0202771 0.2890126 0.4468396 -0.3522107 -0.7735764 -0.6321674 -0.0440901 0.4681116 0.6709069 -0.5751134 -0.6678103 -0.7423831 -0.0538213 0.4528854 0.7002015 -0.5519173 -0.0000984 -0.0000048 -0.0003012 0.0172296 -0.0021314 0.0021056 -0.0001079 0.0000115 -0.0001322 0.0240662 0.0004802 -0.0004307 -0.0000815 0.0001635 -0.0009040 0.0242535 -0.0098541 0.0089105 -0.0001612 0.0001698 -0.0003408 0.0287919 -0.0119922 0.0093724
-0.2542759 -0.2077189 -0.0147881 0.2960397 0.3974650 -0.3404355 -0.2517042 -0.2796799 -0.0204093 0.3130788 0.4473198 -0.3526414 -0.7736579 -0.6320039 -0.0449941 0.4923652 0.6610528 -0.5662029 -0.6679715 -0.7422133 -0.0541621 0.4816773 0.6882093 -0.5425449 -0.0001700 0.0002452 -0.0004953 0.0138137 0.0019142 -0.0026760 -0.0001845 -0.0002080 -0.0004366 0.0152687 0.0005965 -0.0021649 -0.0005188 0.0007448 -0.0015070 0.0148161 -0.0073320 0.0045835 0.0000449 0.0000418 -0.0011145 0.0165467 -0.0085556 0.0041734
-0.2544459 -0.2074737 -0.0152833 0.3098535 0.3993792 -0.3431115 -0.2518887 -0.2798879 -0.0208459 0.3283475 0.4479163 -0.3548062 -0.7741767 -0.6312591 -0.0465011 0.5071813 0.6537208 -0.5616194 -0.6679266 -0.7421715 -0.0552766 0.4982239 0.6796537 -0.5383715 -0.0000552 0.0000114 0.0002226 0.0097720 -0.0078236 0.0001030 -0.0002841 -0.0001464 0.0005256 0.0147241 -0.0099567 -0.0020018 -0.0001085 0.0000833 0.0006809 0.0160704 -0.0127138 0.0000878 -0.0002754 0.0001426 0.0014323 0.0208560 -0.0170048 -0.0014920
-0.2545011 -0.2074623 -0.0150607 0.3196254 0.3915556 -0.3430085 -0.2521728 -0.2800343 -0.0203203 0.3430716 0.4379596 -0.3568080 -0.7742852 -0.6311758 -0.0458202 0.5232517 0.6410070 -0.5615316 -0.6682021 -0.7420288 -0.0538443 0.5190799 0.6626488 -0.5398635 -0.0004784 -0.0000021 0.0003320 0.0095520 -0.0058414 -0.0008420 0.0000454 -0.0002543 -0.0001976 0.0151582 -0.0045501 -0.0023413 -0.0006140 0.0006780 0.0010588 0.0140304 -0.0114458 0.0003002 0.0004195 -0.0003411 -0.0004994 0.0178324 -0.0130578 0.0015730
-0.2549795 -0.2074644 -0.0147287 0.3291775 0.3857143 -0.3438505 -0.2521274 -0.2802885 -0.0205179 0.3582298 0.4334095 -0.3591493 -0.7748993 -0.6304979 -0.0447614 0.5372821 0.6295612 -0.5612313 -0.6677826 -0.7423700 -0.0543436 0.5369123 0.6495911 -0.5382904 -0.0006134 0.0001973 0.0003214 0.0125558 -0.0062035 -0.0001368 0.0000384 -0.0000428 -0.0002368 0.0241573 -0.0077359 -0.0031823 -0.0010691 0.0012444 0.0010217 0.0177128 -0.0132134 0.0025758 0.0001355 -0.0000759 -0.0006245 0.0276838 -0.0210823 0.0033064
-0.2555929 -0.2072671 -0.0144072 0.3417333 0.3795108 -0.3439872 -0.2520889 -0.2803313 -0.0207548 0.3823871 0.4256736 -0.3623316 -0.7759683 -0.6292535 -0.0437397 0.5549949 0.6163479 -0.5586555 -0.6676471 -0.7424458 -0.0549681 0.5645962 0.6285088 -0.5349840 -0.0003210 0.0000830 -0.0002122 0.0052066 -0.0271716 0.0206230 -0.0000997 0.0001683 0.0000455 0.0086375 -0.0053370 -0.0003951 -0.0004881 0.0006456 -0.0006164 0.0322173 -0.0199971 0.0113461 -0.0003716 0.0003261 0.0001117 0.0112166 -0.0095321 0.0008422
-0.2559138 -0.2071841 -0.0146194 0.3469399 0.3523392 -0.3233643 -0.2521886 -0.2801630 -0.0207092 0.3910247 0.4203366 -0.3627266 -0.7764565 -0.6286079 -0.0443561 0.5872122 0.5963508 -0.5473094 -0.6680187 -0.7421198 -0.0548564 0.5758128 0.6189767 -0.5341418 0.0000858 0.0000056 0.0006986 0.0023440 -0.0008796 -0.0002967 -0.0000408 0.0004658 -0.0002863 0.0083008 -0.0073400 -0.0003574 0.0000239 -0.0001746 0.0021066 0.0029498 -0.0025128 0.0004408 -0.0006437 0.0006398 -0.0008030 0.0117757 -0.0112719 -0.0001191
-0.2558280 -0.2071786 -0.0139209 0.3492839 0.3514595 -0.3236609 -0.2522294 -0.2796973 -0.0209956 0.3993255 0.4129965 -0.3630840 -0.7764326 -0.6287825 -0.0422495 0.5901620 0.5938380 -0.5468686 -0.6686624 -0.7414800 -0.0556594 0.5875885 0.6077048 -0.5342609 0.0000086 -0.0001043 -0.0006829 0.0022013 -0.0002268 0.0003693 0.0001719 0.0004230 -0.0003407 0.0036427 -0.0016856 0.0005031 0.0002346 -0.0001478 -0.0020608 0.0027517 -0.0013503 0.0015140 -0.0002703 0.0003169 -0.0009646 0.0046118 -0.0032442 0.0014136
-0.2558194 -0.2072829 -0.0146038 0.3514852 0.3512327 -0.3232917 -0.2520575 -0.2792743 -0.0213362 0.4029682 0.4113109 -0.3625809 -0.7761980 -0.6289303 -0.0443103 0.5929137 0.5924877 -0.5453546 -0.6689327 -0.7411631 -0.0566240 0.5922003 0.6044606 -0.5328473 -0.0002577 0.0001387 0.0009224 0.0009731 -0.0007420 -0.0006373 -0.0001507 0.0000007 0.0002037 0.0011976 -0.0017814 -0.0007964 -0.0006091 0.0005607 0.0028080 0.0011541 -0.0017362 -0.0006272 -0.0002423 0.0001766 0.0005538 0.0017071 -0.0026716 -0.0011227
-0.2560771 -0.2071442 -0.0136814 0.3524582 0.3504907 -0.3239290 -0.2522082 -0.2792736 -0.0211326 0.4041659 0.4095295 -0.3633773 -0.7768071 -0.6283696 -0.0415023 0.5940678 0.5907515 -0.5459818 -0.6691749 -0.7409865 -0.0560702 0.5939073 0.6017891 -0.5339700 -0.0003555 -0.0001250 0.0002202 0.0004055 -0.0001685 -0.0004067 -0.0001605 -0.0002621 -0.0001184 0.0007178 -0.0012552 -0.0001839 -0.0002635 0.0002793 0.0007108 0.0003192 -0.0006457 -0.0003507 0.0001214 -0.0000893 -0.0002680 0.0012554 -0.0016423 -0.0004503
-0.2564326 -0.2072692 -0.0134612 0.3528637 0.3503222 -0.3243357 -0.2523687 -0.2795357 -0.0212509 0.4048837 0.4082743 -0.3635612 -0.7770706 -0.6280903 -0.0407915 0.5943870 0.5901059 -0.5463325 -0.6690535 -0.7410759 -0.0563382 0.5951628 0.6001468 -0.5344204 -0.0002135 0.0000837 0.0000284 0.0069081 0.0146038 -0.0173993 -0.0001542 -0.0000156 0.0000774 -0.0001106 0.0002540 -0.0004647 -0.0003826 0.0004671 0.0000999 -0.0102906 0.0023583 -0.0084807 -0.0002130 0.0001755 0.0002217 -0.0004555 0.0000778 -0.0004196
-0.2566461 -0.2071855 -0.0134328 0.3597719 0.3649260 -0.3417350 -0.2525229 -0.2795513 -0.0211735 0.4047730 0.4085283 -0.3640259 -0.7774531 -0.6276231 -0.0406916 0.5840964 0.5924642 -0.5548132 -0.6692665 -0.7409003 -0.0561165 0.5947072 0.6002245 -0.5348400 -0.0000012 0.0000847 0.0000815 -0.0025398 0.0020655 -0.0021184 -0.0001546 -0.0000256 0.0000278 -0.0044728 0.0031448 -0.0016460 -0.0001344 0.0001510 0.0002400 -0.0049951 0.0024578 -0.0026002 -0.0001952 0.0001694 0.0000916 -0.0066856 0.0045033 -0.0023143
-0.2566473 -0.2071009 -0.0133513 0.3572321 0.3669914 -0.3438534 -0.2526775 -0.2795769 -0.0211457 0.4003002 0.4116730 -0.3656719 -0.7775875 -0.6274722 -0.0404516 0.5791012 0.5949219 -0.5574134 -0.6694617 -0.7407309 -0.0560249 0.5880216 0.6047278 -0.5371543 -0.0002039 -0.0000026 0.0006068 -0.0067665 0.0057827 -0.0030499 -0.0000807 -0.0000279 -0.0000019 -0.0141625 0.0052874 -0.0011345 -0.0002966 0.0002509 0.0018543 -0.0121566 0.0081109 -0.0037686 -0.0000811 0.0000728 0.0000061 -0.0171425 0.0117206 -0.0051447
-0.2568512 -0.2071035 -0.0127445 0.3504656 0.3727741 -0.3469033 -0.2527582 -0.2796049 -0.0211476 0.3861377 0.4169604 -0.3668064 -0.7778841 -0.6272213 -0.0385972 0.5669447 0.6030328 -0.5611819 -0.6695428 -0.7406581 -0.0560188 0.5708792 0.6164485 -0.5422990 0.0000583 -0.0002920 0.0002354 -0.0080768 0.0063049 -0.0020261 -0.0000052 -0.0000419 0.0002353 -0.0196729 0.0113729 -0.0015169 0.0004800 -0.0006392 0.0007276 -0.0134670 0.0097552 -0.0028688 0.0000243 -0.0000690 0.0006264 -0.0266546 0.0196550 -0.0046855
-0.2567929 -0.2073955 -0.0125091 0.3423888 0.3790790 -0.3489295 -0.2527634 -0.2796468 -0.0209123 0.3664648 0.4283333 -0.3683233 -0.7774041 -0.6278604 -0.0378697 0.5534777 0.6127881 -0.5640508 -0.6695185 -0.7407271 -0.0553924 0.5442246 0.6361034 -0.5469845 -0.0000327 -0.0000083 -0.0000029 -0.0117009 0.0052623 0.0009324 -0.0000918 -0.0000745 0.0000674 -0.0142132 0.0089292 -0.0003363 -0.0000266 0.0000333 -0.0000052 -0.0157380 0.0121988 -0.0018357 -0.0000430 0.0000243 0.0001951 -0.0198116 0.0148692 -0.0018558
-0.2568257 -0.2074038 -0.0125120 0.3306879 0.3843414 -0.3479971 -0.2528552 -0.2797212 -0.0208449 0.3522516 0.4372626 -0.3686596 -0.7774308 -0.6278271 -0.0378749 0.5377397 0.6249868 -0.5658865 -0.6695615 -0.7407028 -0.0551973 0.5244130 0.6509726 -0.5488403 -0.0000938 0.0001343 -0.0002373 -0.0137620 0.0111455 -0.0025522 0.0000858 -0.0001956 0.0000092 -0.0193957 0.0122282 0.0002090 -0.0002893 0.0004022 -0.0007185 -0.0234397 0.0168000 -0.0029766 0.0003814 -0.0003473 0.0000372 -0.0274420 0.0201402 -0.0012755
-0.2569195 -0.2072696 -0.0127493 0.3169259 0.3954869 -0.3505492 -0.2527694 -0.2799168 -0.0208357 0.3328559 0.4494907 -0.3684506 -0.7777200 -0.6274250 -0.0385934 0.5143000 0.6417868 -0.5688631 -0.6691801 -0.7410501 -0.0551602 0.4969710 0.6711129 -0.5501157 0.0000908 0.0000041 -0.0000527 -0.0131823 0.0016238 -0.0002709 -0.0000331 -0.0000983 0.0001028 -0.0215804 -0.0055535 0.0037030 0.0001074 -0.0001228 -0.0001678 -0.0169819 0.0084006 -0.0055332 0.0000707 -0.0000850 0.0002852 -0.0206232 0.0082483 -0.0080609
-0.2568287 -0.2072655 -0.0128020 0.3037436 0.3971106 -0.3508202 -0.2528025 -0.2800152 -0.0207328 0.3112755 0.4439372 -0.3647476 -0.7776126 -0.6275478 -0.0387611 0.4973181 0.6501874 -0.5743963 -0.6691094 -0.7411351 -0.0548750 0.4763478 0.6793612 -0.5581766 0.0000047 0.0000224 -0.0001669 -0.0155150 0.0028287 -0.0006951 -0.0000022 -0.0001249 0.0001588 -0.0144571 0.0009735 0.0014627 -0.0000120 0.0000464 -0.0005067 -0.0212745 0.0103595 -0.0061727 0.0001454 -0.0001631 0.0004326 -0.0172651 0.0087727 -0.0037084
-0.2568239 -0.2072431 -0.0129689 0.2882286 0.3999393 -0.3515153 -0.2528047 -0.2801401 -0.0205740 0.2968184 0.4449107 -0.3632849 -0.7776247 -0.6275013 -0.0392678 0.4760436 0.6605469 -0.5805690 -0.6689641 -0.7412983 -0.0544424 0.4590827 0.6881339 -0.5618851 0.0000311 -0.0001479 -0.0002045 -0.0261633 -0.0323460 0.0219761 -0.0002924 -0.0000987 -0.0000120 -0.0297174 -0.0146494 0.0027788 0.0002749 -0.0003020 -0.0006099 -0.0071712 -0.0028699 -0.0090238 -0.0002964 0.0002671 0.0000072 -0.0294090 0.0040086 -0.0180454
-0.2567928 -0.2073910 -0.0131734 0.2620653 0.3675932 -0.3295392 -0.2530970 -0.2802389 -0.0205860 0.2671010 0.4302613 -0.3605061 -0.7773498 -0.6278034 -0.0398777 0.4688724 0.6576770 -0.5895928 -0.6692605 -0.7410312 -0.0544352 0.4296737 0.6921425 -0.5799304 0.0006313 -0.0000177 0.0001664 -0.0031086 -0.0013569 -0.0012492 0.0000992 -0.0003037 0.0001989 -0.0201292 -0.0074608 -0.0018330 0.0007686 -0.0009786 0.0004458 -0.0042283 -0.0005418 -0.0039383 0.0005240 -0.0005129 0.0005472 -0.0242267 0.0019578 -0.0149120
-0.2561615 -0.2074087 -0.0130069 0.2589567 0.3662364 -0.3307884 -0.2529978 -0.2805425 -0.0203871 0.2469718 0.4228005 -0.3623391 -0.7765812 -0.6287820 -0.0394319 0.4646441 0.6571352 -0.5935311 -0.6687365 -0.7415441 -0.0538881 0.4054470 0.6941003 -0.5948424 0.0001575 -0.0000549 -0.0000433 -0.0056172 -0.0048576 -0.0018252 0.0000712 -0.0004015 0.0002474 -0.0088879 -0.0079318 -0.0003888 0.0002750 -0.0003306 -0.0001415 -0.0062244 -0.0032178 -0.0083355 0.0006068 -0.0005964 0.0006874 -0.0088451 -0.0030090 -0.0093924
-0.2560040 -0.2074637 -0.0130502 0.2533395 0.3613787 -0.3326135 -0.2529266 -0.2809441 -0.0201396 0.2380839 0.4148686 -0.3627279 -0.7763062 -0.6291126 -0.0395734 0.4584197 0.6539174 -0.6018666 -0.6681296 -0.7421405 -0.0532007 0.3966019 0.6910913 -0.6042349 0.0000409 -0.0001511 -0.0001199 -0.0060532 -0.0055225 -0.0023203 0.0000466 0.0000301 0.0000469 -0.0074268 -0.0074895 -0.0013896 0.0002843 -0.0003283 -0.0003553 -0.0069123 -0.0041777 -0.0096719 0.0000243 -0.0000302 0.0001159 -0.0076869 -0.0042021 -0.0097101
-0.2559631 -0.2076148 -0.0131701 0.2472863 0.3558562 -0.3349338 -0.2528800 -0.2809140 -0.0200928 0.2306570 0.4073791 -0.3641175 -0.7760219 -0.6294408 -0.0399288 0.4515074 0.6497397 -0.6115385 -0.6681053 -0.7421707 -0.0530848 0.3889149 0.6868892 -0.6139450 0.0000330 0.0000611 -0.0003484 -0.0021276 -0.0031968 -0.0007505 0.0001299 -0.0000364 -0.0000360 -0.0024790 -0.0028577 -0.0005399 -0.0000176 0.0000900 -0.0010625 -0.0017736 -0.0028002 -0.0042608 0.0002410 -0.0002095 -0.0001033 -0.0024931 -0.0018279 -0.0036061
-0.2559301 -0.2075537 -0.0135185 0.2451587 0.3526594 -0.3356843 -0.2527501 -0.2809504 -0.0201288 0.2281780 0.4045214 -0.3646574 -0.7760394 -0.6293509 -0.0409913 0.4497338 0.6469395 -0.6157993 -0.6678643 -0.7423802 -0.0531881 0.3864218 0.6850613 -0.6175510 0.0003878 0.0000046 -0.0002334 -0.0009973 -0.0012357 -0.0002451 0.0003927 -0.0005714 0.0001780 -0.0009397 -0.0013139 -0.0005450 0.0004844 -0.0005479 -0.0007450 -0.0009274 -0.0009684 -0.0016909 0.0013074 -0.0012091 0.0004916 -0.0009876 -0.0011539 -0.0018933
-0.2555423 -0.2075491 -0.0137519 0.2441614 0.3514237 -0.3359294 -0.2523575 -0.2815218 -0.0199508 0.2272383 0.4032075 -0.3652024 -0.7755550 -0.6298988 -0.0417363 0.4488064 0.6459711 -0.6174902 -0.6665569 -0.7435893 -0.0526966 0.3854342 0.6839073 -0.6194443 0.0003765 -0.0015550 -0.0001966 -0.0003448 -0.0004089 -0.0003667 -0.0000642 -0.0000374 -0.0000987 -0.0000634 -0.0000659 -0.0003893 0.0027818 -0.0033761 -0.0005072 -0.0004756 -0.0005237 -0.0008925 -0.0000361 0.0000501 -0.0002500 -0.0002197 -0.0003109 -0.0004797
-0.2551657 -0.2091041 -0.0139486 0.2438165 0.3510148 -0.3362962 -0.2524216 -0.2815592 -0.0200495 0.2271749 0.4031416 -0.3655917 -0.7727732 -0.6332749 -0.0422435 0.4483308 0.6454474 -0.6183827 -0.6665929 -0.7435392 -0.0529465 0.3852145 0.6835964 -0.6199240 -0.0003261 -0.0008869 -0.0002236 -0.0108384 0.0312601 -0.0291961 -0.0000542 -0.0000437 0.0001040 0.0004163 0.0012545 -0.0005297 0.0009374 -0.0011039 -0.0005703 -0.0452022 0.0160135 -0.0140387 -0.0000319 0.0000085 0.0002834 -0.0001732 0.0005652 0.0005161
-0.2554918 -0.2099910 -0.0141722 0.2329782 0.3822749 -0.3654923 -0.2524758 -0.2816029 -0.0199455 0.2275913 0.4043961 -0.3661213 -0.7718358 -0.6343788 -0.0428139 0.4031286 0.6614609 -0.6324214 -0.6666249 -0.7435307 -0.0526631 0.3850413 0.6841616 -0.6194079 0.0000421 -0.0010164 0.0003451 0.0045458 0.0009918 0.0008826 0.0000737 -0.0001974 0.0001589 0.0077848 0.0054296 -0.0012468 0.0015204 -0.0019196 0.0011180 0.0064860 -0.0005100 0.0036450 0.0003518 -0.0003457 0.0004319 0.0081716 0.0004822 0.0056926
-0.2554497 -0.2110074 -0.0138271 0.2375240 0.3832667 -0.3646097 -0.2524021 -0.2818002 -0.0197866 0.2353760 0.4098257 -0.3673682 -0.7703154 -0.6362984 -0.0416959 0.4096146 0.6609509 -0.6287764 -0.6662731 -0.7438764 -0.0522312 0.3932129 0.6846438 -0.6137153 -0.0001377 -0.0005980 0.0001011 0.0081873 0.0022217 0.0022028 0.0000111 -0.0000757 0.0001122 0.0121602 0.0070908 0.0010512 0.0007049 -0.0008761 0.0003649 0.0115822 -0.0001489 0.0075406 0.0001051 -0.0001153 0.0003020 0.0141299 0.0014290 0.0109086
-0.2555873 -0.2116054 -0.0137260 0.2457113 0.3854884 -0.3624069 -0.2523909 -0.2818760 -0.0196744 0.2475363 0.4169165 -0.3663169 -0.7696105 -0.6371745 -0.0413310 0.4211968 0.6608020 -0.6212359 -0.6661680 -0.7439917 -0.0519292 0.4073427 0.6860728 -0.6028068 0.0000997 -0.0001983 0.0000719 0.0111047 0.0048634 0.0012019 0.0001487 0.0001691 -0.0000828 0.0155687 0.0120822 -0.0007827 0.0004086 -0.0005075 0.0002223 0.0136487 0.0001488 0.0096368 0.0000048 0.0000131 -0.0002490 0.0150326 0.0026198 0.0134838
-0.2554876 -0.2118037 -0.0136541 0.2568159 0.3903518 -0.3612051 -0.2522422 -0.2817069 -0.0197573 0.2631050 0.4289987 -0.3670996 -0.7692020 -0.6376821 -0.0411086 0.4348455 0.6609508 -0.6115991 -0.6661632 -0.7439785 -0.0521782 0.4223753 0.6886926 -0.5893230 -0.0003578 0.0023329 0.0005621 0.0177182 0.0021672 0.0041100 0.0001051 -0.0002054 -0.0002066 0.0192899 0.0049672 0.0018516 -0.0039378 0.0046815 0.0015461 0.0246576 -0.0039700 0.0139092 0.0004423 -0.0003583 -0.0005326 0.0233068 -0.0037976 0.0128802
-0.2558454 -0.2094709 -0.0130919 0.2745341 0.3925189 -0.3570951 -0.2521371 -0.2819124 -0.0199639 0.2823949 0.4339658 -0.3652480 -0.7731398 -0.6330006 -0.0395626 0.4595031 0.6569808 -0.5976899 -0.6657208 -0.7443368 -0.0527108 0.4456821 0.6848950 -0.5764428 -0.0000327 -0.0008316 0.0000896 0.0105888 0.0022644 -0.0004694 -0.0000157 0.0000251 0.0000723 0.0190056 0.0059750 -0.0014670 0.0011813 -0.0014610 0.0003358 0.0124350 -0.0035320 0.0058460 -0.0000626 0.0000426 0.0001893 0.0200158 -0.0051365 0.0098266
-0.2558781 -0.2103025 -0.0130023 0.2851230 0.3947833 -0.3575645 -0.2521528 -0.2818873 -0.0198915 0.3014005 0.4399408 -0.3667150 -0.7719584 -0.6344615 -0.0392267 0.4719380 0.6534488 -0.5918439 -0.6657835 -0.7442942 -0.0525215 0.4656979 0.6797584 -0.5666162 0.0002875 0.0024192 0.0021621 0.0159329 -0.0001091 -0.0019164 -0.0000105 -0.0000120 0.0002080 0.0131210 0.0006410 -0.0024652 -0.0034150 0.0038154 0.0063412 0.0192724 -0.0094883 0.0053056 -0.0000188 -0.0000218 0.0005499 0.0143169 -0.0073535 0.0031827
-0.2555906 -0.2078833 -0.0108402 0.3010559 0.3946742 -0.3594809 -0.2521633 -0.2818993 -0.0196835 0.3145214 0.4405818 -0.3691801 -0.7753735 -0.6306461 -0.0328855 0.4912105 0.6439605 -0.5865383 -0.6658022 -0.7443160 -0.0519716 0.4800148 0.6724050 -0.5634335 -0.0000531 -0.0000059 0.0003834 0.0108949 -0.0064162 0.0006292 0.0000364 0.0000849 0.0001605 0.0155247 -0.0038746 -0.0037930 -0.0000845 0.0000442 0.0011663 0.0169632 -0.0114810 0.0019622 -0.0000722 0.0000360 0.0004107 0.0182553 -0.0131089 0.0003566
-0.2556437 -0.2078893 -0.0104568 0.3119508 0.3882579 -0.3588517 -0.2521269 -0.2818145 -0.0195230 0.3300462 0.4367071 -0.3729732 -0.7754580 -0.6306019 -0.0317192 0.5081737 0.6324794 -0.5845761 -0.6658744 -0.7442800 -0.0515609 0.4982701 0.6592960 -0.5630769 -0.0000681 -0.0000575 0.0003700 0.0124882 -0.0064425 -0.0004143 0.0002997 0.0000053 0.0002216 0.0181983 -0.0065373 -0.0034289 -0.0000241 -0.0000261 0.0011295 0.0180558 -0.0131874 0.0018585 0.0004140 -0.0004085 0.0005563 0.0220203 -0.0166061 0.0007180
-0.2557118 -0.2079468 -0.0100868 0.3244390 0.3818154 -0.3592660 -0.2518273 -0.2818092 -0.0193015 0.3482445 0.4301698 -0.3764021 -0.7754822 -0.6306280 -0.0305897 0.5262295 0.6192921 -0.5827177 -0.6654605 -0.7446885 -0.0510046 0.5202904 0.6426899 -0.5623589 -0.0000876 0.0000096 -0.0001239 0.0098659 -0.0055940 -0.0014163 -0.0000347 -0.0001110 0.0001058 0.0140833 -0.0073931 -0.0019104 -0.0001112 0.0001548 -0.0003695 0.0136789 -0.0116878 0.0002093 0.0000848 -0.0000957 0.0002929 0.0179601 -0.0146403 0.0003625
-0.2557994 -0.2079372 -0.0102107 0.3343050 0.3762215 -0.3606823 -0.2518620 -0.2819201 -0.0191957 0.3623278 0.4227768 -0.3783125 -0.7755934 -0.6304732 -0.0309591 0.5399084 0.6076043 -0.5825083 -0.6653757 -0.7447842 -0.0507117 0.5382506 0.6280496 -0.5619964 0.0000330 -0.0000406 -0.0002525 0.0075674 -0.0060182 -0.0007477 0.0000047 -0.0000430 0.0000430 0.0142221 -0.0097883 -0.0030755 0.0001186 -0.0001079 -0.0007647 0.0113848 -0.0106256 -0.0003229 0.0000593 -0.0000610 0.0001172 0.0182706 -0.0176740 -0.0016753
-0.2557664 -0.2079777 -0.0104631 0.3418724 0.3702033 -0.3614300 -0.2518573 -0.2819631 -0.0191527 0.3765498 0.4129885 -0.3813880 -0.7754747 -0.6305811 -0.0317238 0.5512932 0.5969787 -0.5828312 -0.6653164 -0.7448452 -0.0505945 0.5565211 0.6103756 -0.5636718 0.0000888 -0.0000157 -0.0002823 0.0012423 -0.0287266 0.0233249 0.0002141 -0.0002362 -0.0001595 0.0112069 -0.0071322 0.0005466 0.0001520 -0.0001430 -0.0008610 0.0297991 -0.0186606 0.0102232 0.0006388 -0.0005418 -0.0004156 0.0151236 -0.0120479 0.0022217
-0.2556776 -0.2079935 -0.0107455 0.3431147 0.3414766 -0.3381051 -0.2516432 -0.2821994 -0.0193122 0.3877567 0.4058562 -0.3808415 -0.7753227 -0.6307241 -0.0325848 0.5810922 0.5783181 -0.5726081 -0.6646775 -0.7453870 -0.0510101 0.5716448 0.5983277 -0.5614500 0.0000876 -0.0000797 -0.0005028 0.0001931 -0.0007803 0.0013568 0.0000223 -0.0003162 -0.0002439 0.0025752 -0.0019495 0.0003117 0.0002636 -0.0002433 -0.0015248 0.0014269 -0.0002300 0.0012190 0.0004684 -0.0003753 -0.0006123 0.0036790 -0.0029955 0.0005739
-0.2555900 -0.2080731 -0.0112483 0.3433078 0.3406964 -0.3367483 -0.2516210 -0.2825155 -0.0195560 0.3903319 0.4039068 -0.3805298 -0.7750591 -0.6309674 -0.0341096 0.5825192 0.5780881 -0.5713891 -0.6642092 -0.7457622 -0.0516225 0.5753238 0.5953322 -0.5608761 0.0002614 0.0000723 -0.0008232 0.0005401 0.0000311 0.0005249 0.0002702 0.0000149 -0.0000897 0.0007155 -0.0020504 0.0004333 0.0002781 -0.0002002 -0.0025207 0.0008837 0.0000202 0.0009227 0.0003876 -0.0003268 -0.0002623 0.0019474 -0.0021047 -0.0002291
-0.2553286 -0.2080009 -0.0120715 0.3438479 0.3407274 -0.3362234 -0.2513507 -0.2825007 -0.0196458 0.3910474 0.4018563 -0.3800965 -0.7747811 -0.6311676 -0.0366303 0.5834028 0.5781083 -0.5704664 -0.6638216 -0.7460890 -0.0518848 0.5772712 0.5932275 -0.5611052 0.0000904 -0.0000252 -0.0000286 0.0002683 0.0000856 0.0002629 0.0001253 -0.0001188 -0.0005393 0.0010245 -0.0001993 -0.0000198 0.0001495 -0.0001781 -0.0000928 0.0003996 0.0000901 0.0005003 0.0003902 -0.0002470 -0.0014195 0.0010984 -0.0007183 0.0003722
-0.2552382 -0.2080261 -0.0121001 0.3441162 0.3408130 -0.3359605 -0.2512255 -0.2826195 -0.0201850 0.3920719 0.4016570 -0.3801162 -0.7746315 -0.6313457 -0.0367232 0.5838024 0.5781984 -0.5699660 -0.6634314 -0.7463360 -0.0533042 0.5783695 0.5925092 -0.5607330 -0.0000278 -0.0010407 -0.0000099 -0.0021023 0.0013995 -0.0000989 0.0000030 -0.0001769 0.0001030 -0.0005021 0.0002482 -0.0003924 0.0015110 -0.0018520 0.0000457 -0.0032155 0.0027256 -0.0005128 0.0002262 -0.0002216 0.0002895 -0.0008063 0.0002987 -0.0005151
-0.2552660 -0.2090668 -0.0121100 0.3420139 0.3422125 -0.3360594 -0.2512224 -0.2827964 -0.0200820 0.3915698 0.4019052 -0.3805086 -0.7731205 -0.6331978 -0.0366775 0.5805869 0.5809240 -0.5704789 -0.6632052 -0.7465577 -0.0530147 0.5775632 0.5928080 -0.5612481 -0.0003170 -0.0008120 -0.0004650 -0.0001540 0.0220882 -0.0169525 -0.0000009 -0.0001122 -0.0000373 -0.0055335 0.0050536 -0.0004286 0.0008570 -0.0009672 -0.0013191 -0.0217360 0.0146116 -0.0066026 0.0001487 -0.0001260 -0.0000864 -0.0082307 0.0073815 -0.0005642
-0.2555829 -0.2098788 -0.0125751 0.3418599 0.3643007 -0.3530119 -0.2512233 -0.2829086 -0.0201193 0.3860363 0.4069588 -0.3809372 -0.7722636 -0.6341650 -0.0379966 0.5588509 0.5955356 -0.5770814 -0.6630564 -0.7466836 -0.0531011 0.5693326 0.6001894 -0.5618123 0.0003988 -0.0006627 0.0000079 -0.0038063 0.0091759 -0.0044612 -0.0000962 -0.0001352 -0.0000057 -0.0169340 0.0132133 -0.0002061 0.0014679 -0.0017855 0.0000370 -0.0115720 0.0090899 -0.0016359 0.0000349 -0.0000316 0.0000080 -0.0239645 0.0206370 -0.0013469
-0.2551841 -0.2105415 -0.0125671 0.3380537 0.3734766 -0.3574731 -0.2513195 -0.2830438 -0.0201250 0.3691023 0.4201721 -0.3811433 -0.7707957 -0.6359505 -0.0379596 0.5472789 0.6046256 -0.5787173 -0.6630215 -0.7467152 -0.0530931 0.5453680 0.6208264 -0.5631592 0.0001006 -0.0010356 -0.0001194 -0.0079427 0.0093997 -0.0023557 0.0002684 -0.0006392 -0.0002514 -0.0148319 0.0078365 0.0004862 0.0016670 -0.0019976 -0.0002927 -0.0152875 0.0124000 -0.0011660 0.0012550 -0.0010683 -0.0006189 -0.0193521 0.0146752 -0.0020354
-0.2550835 -0.2115771 -0.0126865 0.3301110 0.3828763 -0.3598288 -0.2510512 -0.2836830 -0.0203765 0.3542703 0.4280086 -0.3806570 -0.7691287 -0.6379481 -0.0382523 0.5319915 0.6170255 -0.5798833 -0.6617665 -0.7477835 -0.0537120 0.5260160 0.6355016 -0.5651946 0.0001901 -0.0001065 -0.0000986 -0.0104267 0.0082219 -0.0004979 -0.0000008 -0.0000008 -0.0000445 -0.0200397 0.0126643 0.0005792 0.0004007 -0.0004644 -0.0003061 -0.0167676 0.0132935 -0.0008424 0.0000040 0.0000049 -0.0001168 -0.0279746 0.0211508 -0.0011643
-0.2548934 -0.2116836 -0.0127851 0.3196843 0.3910982 -0.3603267 -0.2510520 -0.2836838 -0.0204210 0.3342306 0.4406729 -0.3800778 -0.7687280 -0.6384125 -0.0385584 0.5152238 0.6303191 -0.5807257 -0.6617625 -0.7477786 -0.0538288 0.4980413 0.6566524 -0.5663589 0.0004002 0.0012825 -0.0003613 -0.0166399 0.0052996 0.0002267 0.0000633 -0.0003063 -0.0000178 -0.0164733 0.0062441 0.0010466 -0.0013744 0.0017338 -0.0012228 -0.0227382 0.0138776 -0.0044825 0.0004948 -0.0004361 -0.0000202 -0.0213650 0.0137798 -0.0022361
-0.2544932 -0.2104010 -0.0131464 0.3030444 0.3963978 -0.3601000 -0.2509887 -0.2839900 -0.0204388 0.3177573 0.4469170 -0.3790312 -0.7701025 -0.6366786 -0.0397813 0.4924856 0.6441966 -0.5852082 -0.6612677 -0.7482147 -0.0538491 0.4766764 0.6704322 -0.5685950 0.0005528 -0.0010167 -0.0001273 -0.0183158 0.0036521 -0.0006712 0.0000280 -0.0000833 -0.0000131 -0.0293618 -0.0013107 0.0025426 0.0022040 -0.0026342 -0.0003575 -0.0251936 0.0123589 -0.0068839 0.0001514 -0.0001317 -0.0000282 -0.0335050 0.0143217 -0.0099473
-0.2539404 -0.2114177 -0.0132737 0.2847286 0.4000499 -0.3607712 -0.2509606 -0.2840733 -0.0204519 0.2883955 0.4456063 -0.3764886 -0.7678984 -0.6393128 -0.0401388 0.4672920 0.6565555 -0.5920920 -0.6611163 -0.7483465 -0.0538772 0.4431714 0.6847540 -0.5785422 0.0000521 -0.0005377 -0.0000118 -0.0142262 -0.0071082 0.0017598 -0.0000625 -0.0000910 0.0000518 -0.0218995 -0.0137549 0.0045580 0.0008639 -0.0010363 0.0000012 -0.0142242 0.0015875 -0.0092209 0.0000211 -0.0000296 0.0001515 -0.0196002 0.0016346 -0.0126077
-0.2538883 -0.2119554 -0.0132855 0.2705023 0.3929417 -0.3590115 -0.2510231 -0.2841643 -0.0204001 0.2664960 0.4318514 -0.3719306 -0.7670346 -0.6403491 -0.0401376 0.4530679 0.6581431 -0.6013129 -0.6610952 -0.7483760 -0.0537258 0.4235712 0.6863885 -0.5911499 0.0003668 0.0018478 -0.0000951 -0.0215947 -0.0311637 0.0241737 0.0000056 -0.0000958 0.0000219 -0.0225168 -0.0087954 0.0004243 -0.0022820 0.0027729 -0.0004664 -0.0023336 -0.0030176 -0.0050280 0.0001311 -0.0001206 0.0000670 -0.0259594 0.0030639 -0.0142923
-0.2535215 -0.2101076 -0.0133807 0.2489076 0.3617779 -0.3348378 -0.2510175 -0.2842601 -0.0203782 0.2439792 0.4230559 -0.3715063 -0.7693166 -0.6375761 -0.0406040 0.4507343 0.6551254 -0.6063409 -0.6609641 -0.7484966 -0.0536588 0.3976119 0.6894524 -0.6054422 0.0000948 -0.0010002 -0.0003551 -0.0027785 -0.0053952 -0.0018119 0.0000257 -0.0000427 -0.0000190 -0.0121202 -0.0124147 -0.0001766 0.0016398 -0.0019089 -0.0010044 -0.0020544 -0.0054592 -0.0073530 0.0000955 -0.0000809 -0.0000478 -0.0114659 -0.0055564 -0.0135712
-0.2534267 -0.2111078 -0.0137358 0.2461291 0.3563827 -0.3366496 -0.2509918 -0.2843028 -0.0203973 0.2318590 0.4106412 -0.3716829 -0.7676768 -0.6394850 -0.0416084 0.4486799 0.6496662 -0.6136939 -0.6608686 -0.7485775 -0.0537066 0.3861460 0.6838960 -0.6190134 0.0002020 -0.0003771 -0.0002804 -0.0031068 -0.0049129 0.0004190 0.0002111 -0.0000210 -0.0001037 -0.0093406 -0.0072577 -0.0007754 0.0008398 -0.0009519 -0.0008369 -0.0017255 -0.0032607 -0.0046845 0.0003503 -0.0002883 -0.0002899 -0.0105349 -0.0029845 -0.0096963
-0.2532247 -0.2114849 -0.0140163 0.2430223 0.3514698 -0.3362306 -0.2507807 -0.2843238 -0.0205010 0.2225184 0.4033835 -0.3724582 -0.7668370 -0.6404369 -0.0424453 0.4469543 0.6464055 -0.6183784 -0.6605183 -0.7488658 -0.0539965 0.3756111 0.6809115 -0.6287097 0.0000758 0.0012801 -0.0002696 -0.0019148 -0.0034609 -0.0000411 0.0000155 -0.0000644 0.0000614 -0.0039987 -0.0033674 -0.0008769 -0.0017840 0.0022046 -0.0009302 -0.0010104 -0.0027406 -0.0035779 0.0001011 -0.0001012 0.0001666 -0.0047286 -0.0019841 -0.0049335
-0.2531489 -0.2102048 -0.0142859 0.2411075 0.3480089 -0.3362717 -0.2507652 -0.2843882 -0.0204396 0.2185197 0.4000161 -0.3733352 -0.7686210 -0.6382322 -0.0433754 0.4459439 0.6436649 -0.6219562 -0.6604172 -0.7489669 -0.0538298 0.3708825 0.6789274 -0.6336432 0.0004349 -0.0005742 0.0006458 -0.0026586 -0.0021004 -0.0002214 0.0001730 -0.0001339 0.0003355 -0.0015562 -0.0019645 -0.0004319 0.0013336 -0.0017326 0.0019615 -0.0029554 -0.0010388 -0.0031781 0.0004004 -0.0004155 0.0008791 -0.0016171 -0.0014554 -0.0024973
-0.2527140 -0.2107790 -0.0136401 0.2384489 0.3459085 -0.3364932 -0.2505922 -0.2845221 -0.0201041 0.2169635 0.3980516 -0.3737670 -0.7672873 -0.6399649 -0.0414140 0.4429885 0.6426260 -0.6251344 -0.6600168 -0.7493824 -0.0529507 0.3692654 0.6774720 -0.6361405 0.0004188 -0.0009561 0.0003706 -0.0004585 -0.0016303 -0.0004894 0.0003380 -0.0006105 0.0004187 0.0005825 -0.0011213 -0.0000127 0.0019150 -0.0023628 0.0011590 -0.0000761 -0.0019065 -0.0020077 0.0012599 -0.0011868 0.0011318 0.0013290 -0.0012923 -0.0006018
-0.2522952 -0.2117351 -0.0132695 0.2379904 0.3442782 -0.3369826 -0.2502542 -0.2851326 -0.0196854 0.2175459 0.3969303 -0.3737797 -0.7653723 -0.6423276 -0.0402549 0.4429124 0.6407195 -0.6271420 -0.6587569 -0.7505692 -0.0518190 0.3705944 0.6761797 -0.6367423 0.0002070 -0.0016329 0.0006027 0.0006734 -0.0002685 0.0005040 0.0002134 0.0000770 0.0001471 0.0009111 0.0000005 -0.0002540 0.0026403 -0.0032504 0.0019294 0.0014096 -0.0002742 0.0007174 0.0002047 -0.0002043 0.0003592 0.0012352 -0.0005749 0.0001099
-0.2520883 -0.2133681 -0.0126669 0.2386637 0.3440097 -0.3364786 -0.2500409 -0.2850556 -0.0195384 0.2184570 0.3969307 -0.3740337 -0.7627320 -0.6455780 -0.0383255 0.4443220 0.6404453 -0.6264246 -0.6585523 -0.7507735 -0.0514598 0.3718297 0.6756048 -0.6366324 -0.0005383 0.0016345 -0.0001678 -0.0013717 0.0275545 -0.0312189 0.0002086 0.0000623 -0.0004940 0.0054567 0.0009222 0.0005644 -0.0030984 0.0037136 -0.0005824 -0.0309795 0.0067878 -0.0140730 0.0002748 -0.0001491 -0.0013231 0.0077921 -0.0010876 0.0034549
-0.2526265 -0.2117335 -0.0128347 0.2372920 0.3715641 -0.3676975 -0.2498323 -0.2849934 -0.0200324 0.2239137 0.3978529 -0.3734693 -0.7658304 -0.6418644 -0.0389079 0.4133425 0.6472331 -0.6404977 -0.6582775 -0.7509226 -0.0527829 0.3796218 0.6745173 -0.6331775 -0.0001233 -0.0000253 0.0010504 0.0029541 0.0014113 0.0005978 0.0000188 0.0003390 0.0004854 0.0114837 0.0055434 -0.0007054 -0.0002077 0.0000623 0.0031920 0.0038677 0.0004742 0.0029941 -0.0004576 0.0003153 0.0012392 0.0137206 -0.0004533 0.0079420
-0.2527498 -0.2117589 -0.0117843 0.2402461 0.3729754 -0.3670997 -0.2498135 -0.2846544 -0.0195470 0.2353974 0.4033963 -0.3741747 -0.7660381 -0.6418021 -0.0357159 0.4172103 0.6477073 -0.6375036 -0.6587351 -0.7506073 -0.0515436 0.3933425 0.6740640 -0.6252355 0.0000000 0.0000000 0.0000000 0.0000000 0.0000000 0.0000000 0.0000000 0.0000000 0.0000000 0.0000000 0.0000000 0.0000000 0.0000000 0.0000000 0.0000000 0.0000000 0.0000000 0.0000000 0.0000000 0.0000000 0.0000000 0.0000000 0.0000000 0.0000000
