-0.2160200 -0.2524411 -0.0392337 0.3218046 0.4764597 -0.2779135 -0.2036326 -0.3471207 -0.0565123 0.2995165 0.5921044 -0.2682304 -0.6456837 -0.7545464 -0.1172696 0.5039233 0.7461022 -0.4351929 -0.5010771 -0.8541570 -0.1390595 0.4184868 0.8272929 -0.3747737 -0.0002539 -0.0036981 -0.0016085 0.0144502 0.0008140 0.0074652 -0.0000926 -0.0036336 -0.0018452 0.0406330 -0.0196920 0.0164820 0.0052755 -0.0039068 -0.0036681 0.0186756 -0.0043353 0.0148689 0.0039470 -0.0017534 -0.0033446 0.0593498 -0.0231770 0.0211214
-0.2162739 -0.2561392 -0.0408422 0.3362549 0.4772737 -0.2704483 -0.2037252 -0.3507543 -0.0583576 0.3401495 0.5724124 -0.2517484 -0.6404083 -0.7584532 -0.1209377 0.5225989 0.7417669 -0.4203240 -0.4971301 -0.8559105 -0.1424041 0.4778366 0.8041159 -0.3536522 0.0048347 -0.0437558 -0.0135969 0.0301158 -0.0066964 -0.0046658 0.0054054 -0.0442807 -0.0099558 0.0232434 -0.0058952 -0.0091214 0.0704211 -0.0499884 -0.0258164 0.0352308 -0.0252739 0.0014399 0.0537292 -0.0273041 -0.0103301 0.0255910 -0.0192892 -0.0077448
-0.2114393 -0.2998950 -0.0544391 0.3663706 0.4705773 -0.2751142 -0.1983197 -0.3950350 -0.0683134 0.3633929 0.5665172 -0.2608699 -0.5699872 -0.8084416 -0.1467541 0.5578297 0.7164930 -0.4188841 -0.4434009 -0.8832145 -0.1527342 0.5034276 0.7848266 -0.3613970 -0.0020385 0.0209183 0.0040218 0.0022131 -0.0008720 0.0032582 -0.0025568 0.0211032 0.0023718 0.0204149 -0.0060208 0.0196974 -0.0315551 0.0223349 0.0046872 0.0040053 -0.0005176 0.0044920 -0.0242287 0.0127217 -0.0007741 0.0290081 -0.0072804 0.0268315
-0.2134777 -0.2789767 -0.0504173 0.3685838 0.4697053 -0.2718560 -0.2008765 -0.3739318 -0.0659415 0.3838078 0.5604964 -0.2411725 -0.6015423 -0.7861067 -0.1420670 0.5618350 0.7159753 -0.4143921 -0.4676295 -0.8704929 -0.1535083 0.5324357 0.7775462 -0.3345656 -0.0005190 0.0038847 -0.0006060 0.0034734 -0.0002371 0.0031344 -0.0002970 0.0040480 -0.0014021 0.0053578 -0.0001097 0.0017312 -0.0059874 0.0051297 -0.0027864 0.0048631 -0.0009057 0.0050893 -0.0041619 0.0030427 -0.0044257 0.0057849 -0.0025248 0.0034154
-0.2139968 -0.2750920 -0.0510233 0.3720571 0.4694682 -0.2687216 -0.2011735 -0.3698838 -0.0673436 0.3891656 0.5603867 -0.2394413 -0.6075298 -0.7809770 -0.1448533 0.5666981 0.7150696 -0.4093027 -0.4717914 -0.8674501 -0.1579339 0.5382206 0.7750214 -0.3311502 -0.0027440 0.0278512 0.0042579 0.0015593 -0.0016748 0.0016889 -0.0034436 0.0277889 0.0040860 0.0022069 -0.0023832 0.0034433 -0.0451039 0.0365040 0.0040369 0.0032430 -0.0014642 0.0019521 -0.0351798 0.0198561 0.0012032 0.0043926 -0.0013848 0.0039538
-0.2167408 -0.2472408 -0.0467654 0.3736164 0.4677934 -0.2670327 -0.2046171 -0.3420949 -0.0632576 0.3913725 0.5580035 -0.2359981 -0.6526337 -0.7444730 -0.1408164 0.5699411 0.7136054 -0.4073506 -0.5069712 -0.8475940 -0.1567307 0.5426132 0.7736365 -0.3271964 0.0015744 -0.0058660 -0.0023894 -0.0000565 -0.0000991 -0.0002491 0.0018332 -0.0059495 -0.0017025 -0.0020830 0.0018427 -0.0052664 0.0119164 -0.0092223 -0.0055555 -0.0000849 -0.0001497 -0.0003808 0.0099698 -0.0054251 -0.0024795 -0.0044103 0.0003655 -0.0063580
-0.2151664 -0.2531068 -0.0491548 0.3735600 0.4676943 -0.2672817 -0.2027839 -0.3480444 -0.0649601 0.3892895 0.5598462 -0.2412645 -0.6407173 -0.7536953 -0.1463720 0.5698562 0.7134557 -0.4077315 -0.4970014 -0.8530192 -0.1592102 0.5382029 0.7740020 -0.3335544 0.0002726 -0.0005777 0.0002047 -0.0009111 -0.0052240 0.0003896 0.0003054 -0.0004852 -0.0003162 -0.0071797 -0.0035284 -0.0028377 0.0012524 -0.0012002 0.0007098 0.0024501 -0.0032036 -0.0021558 0.0011288 -0.0005347 -0.0006523 -0.0057889 0.0011453 -0.0065662
-0.2148938 -0.2536845 -0.0489502 0.3726489 0.4624703 -0.2668921 -0.2024785 -0.3485296 -0.0652763 0.3821098 0.5563178 -0.2441022 -0.6394649 -0.7548955 -0.1456622 0.5723063 0.7102521 -0.4098872 -0.4958726 -0.8535539 -0.1598625 0.5324140 0.7751473 -0.3401206 0.0042927 -0.0462303 -0.0068898 -0.0246066 0.0128673 0.0108591 0.0060314 -0.0458133 -0.0078736 -0.0315564 0.0135251 0.0047371 0.0713503 -0.0541506 -0.0049709 -0.0304919 0.0297290 0.0113083 0.0559968 -0.0294414 -0.0039315 -0.0390702 0.0268089 0.0032553
-0.2106011 -0.2999148 -0.0558400 0.3480424 0.4753376 -0.2560330 -0.1964471 -0.3943429 -0.0731499 0.3505533 0.5698429 -0.2393650 -0.5681146 -0.8090460 -0.1506331 0.5418144 0.7399811 -0.3985790 -0.4398758 -0.8829954 -0.1637940 0.4933437 0.8019562 -0.3368653 0.0000816 0.0003935 0.0010355 -0.0078750 -0.0051957 -0.0051341 -0.0004099 0.0002756 0.0012775 -0.0277566 -0.0084636 -0.0169403 -0.0005768 -0.0000721 0.0025860 -0.0072636 -0.0011837 -0.0118281 -0.0011847 0.0000828 0.0027631 -0.0298523 0.0041069 -0.0311537
-0.2105195 -0.2995213 -0.0548044 0.3401673 0.4701419 -0.2611671 -0.1968570 -0.3940673 -0.0718724 0.3227967 0.5613793 -0.2563053 -0.5686913 -0.8091182 -0.1480471 0.5345508 0.7387974 -0.4104070 -0.4410605 -0.8829126 -0.1610309 0.4634915 0.8060631 -0.3680190 -0.0025580 0.0344114 0.0039502 -0.0263679 0.0031435 -0.0122927 -0.0042058 0.0338506 0.0059405 -0.0416116 0.0006905 -0.0183684 -0.0508890 0.0382395 0.0001746 -0.0366755 0.0121189 -0.0234651 -0.0402191 0.0206697 0.0032113 -0.0535297 0.0134225 -0.0324492
-0.2130775 -0.2651099 -0.0508543 0.3137994 0.4732854 -0.2734597 -0.2010628 -0.3602167 -0.0659318 0.2811851 0.5620698 -0.2746737 -0.6195803 -0.7708787 -0.1478726 0.4978753 0.7509162 -0.4338721 -0.4812797 -0.8622429 -0.1578196 0.4099618 0.8194855 -0.4004683 0.0001453 0.0047834 0.0027411 -0.0233821 -0.0117314 -0.0111635 -0.0004749 0.0047703 0.0023477 -0.0304016 -0.0089999 -0.0126496 -0.0071656 0.0046318 0.0062559 -0.0257516 -0.0005804 -0.0288322 -0.0060861 0.0026895 0.0040581 -0.0366684 0.0037637 -0.0272148
-0.2129322 -0.2603265 -0.0481132 0.2904174 0.4615540 -0.2846232 -0.2015377 -0.3554464 -0.0635841 0.2507836 0.5530699 -0.2873233 -0.6267460 -0.7662468 -0.1416167 0.4721237 0.7503359 -0.4627043 -0.4873658 -0.8595534 -0.1537615 0.3732934 0.8232492 -0.4276831 -0.0002003 0.0010354 0.0020186 -0.0121174 -0.0109570 -0.0042176 -0.0004551 0.0010238 0.0019043 -0.0311154 -0.0157046 -0.0134384 -0.0023438 0.0009134 0.0055621 -0.0107938 -0.0033940 -0.0160989 -0.0022208 0.0005102 0.0042630 -0.0373140 -0.0013563 -0.0323277
-0.2131325 -0.2592911 -0.0460946 0.2782999 0.4505970 -0.2888408 -0.2019928 -0.3544226 -0.0616798 0.2196682 0.5373653 -0.3007616 -0.6290898 -0.7653334 -0.1360546 0.4613299 0.7469419 -0.4788032 -0.4895865 -0.8590432 -0.1494985 0.3359795 0.8218929 -0.4600108 -0.0030550 0.0198160 0.0063391 -0.0129141 -0.0233434 -0.0084786 -0.0032304 0.0199188 0.0056031 -0.0191779 -0.0130907 -0.0077197 -0.0359738 0.0286293 0.0137534 -0.0071139 -0.0156842 -0.0300681 -0.0280964 0.0152454 0.0080429 -0.0229506 -0.0033340 -0.0216263
-0.2161874 -0.2394751 -0.0397556 0.2653858 0.4272536 -0.2973194 -0.2052232 -0.3345038 -0.0560767 0.2004903 0.5242746 -0.3084813 -0.6650635 -0.7367041 -0.1223012 0.4542160 0.7312577 -0.5088713 -0.5176829 -0.8437978 -0.1414556 0.3130289 0.8185589 -0.4816371 0.0007659 -0.0012718 -0.0008388 -0.0108945 -0.0030589 -0.0034690 0.0000038 -0.0015074 0.0000653 -0.0357128 0.0002025 -0.0000832 0.0034434 -0.0026973 -0.0023755 -0.0146404 0.0014416 -0.0106718 0.0016519 -0.0011136 0.0006129 -0.0516550 0.0133788 -0.0078150
-0.2154216 -0.2407469 -0.0405943 0.2544913 0.4241947 -0.3007884 -0.2052194 -0.3360112 -0.0560115 0.1647775 0.5244771 -0.3085645 -0.6616202 -0.7394014 -0.1246766 0.4395756 0.7326993 -0.5195431 -0.5160310 -0.8449114 -0.1408428 0.2613739 0.8319377 -0.4894521 -0.0003336 -0.0018617 0.0009751 -0.0713940 0.0467442 -0.0128814 -0.0003140 -0.0018180 0.0007046 -0.0039384 -0.0014593 -0.0002408 0.0019724 -0.0023479 0.0035453 -0.1317062 0.0591618 -0.0078775 0.0012820 -0.0011663 0.0023291 -0.0053883 0.0004780 -0.0020309
-0.2157551 -0.2426086 -0.0396192 0.1830973 0.4709389 -0.3136697 -0.2055334 -0.3378292 -0.0553069 0.1608391 0.5230178 -0.3088053 -0.6596478 -0.7417493 -0.1211314 0.3078694 0.7918611 -0.5274206 -0.5147490 -0.8460777 -0.1385136 0.2559856 0.8324157 -0.4914830 -0.0001290 -0.0006620 0.0004733 0.0513065 -0.0536134 0.0090581 -0.0001414 -0.0006437 0.0003528 -0.0016176 -0.0013344 0.0001568 0.0006521 -0.0008446 0.0016368 0.1052811 -0.0563004 -0.0094753 0.0003786 -0.0004062 0.0010795 -0.0019274 -0.0000035 -0.0010050
-0.2158842 -0.2432706 -0.0391459 0.2344038 0.4173255 -0.3046116 -0.2056749 -0.3384729 -0.0549541 0.1592215 0.5216834 -0.3086485 -0.6589957 -0.7425939 -0.1194945 0.4131505 0.7355607 -0.5368959 -0.5143704 -0.8464839 -0.1374341 0.2540582 0.8324122 -0.4924880 0.0000634 -0.0019289 0.0000810 0.0005585 0.0005292 -0.0000902 0.0000775 -0.0018780 -0.0002146 -0.0004476 -0.0001172 -0.0000622 0.0029645 -0.0027399 0.0007489 0.0004970 0.0000659 0.0004731 0.0022183 -0.0013451 0.0000066 -0.0006411 0.0000527 -0.0002411
-0.2158208 -0.2451995 -0.0390649 0.2349624 0.4178547 -0.3047019 -0.2055974 -0.3403509 -0.0551686 0.1587740 0.5215662 -0.3087107 -0.6560312 -0.7453338 -0.1187457 0.4136475 0.7356265 -0.5364228 -0.5121521 -0.8478289 -0.1374275 0.2534170 0.8324649 -0.4927291 0.0001528 -0.0000289 0.0005285 0.0065305 0.0034153 0.0014982 -0.0000240 -0.0000727 0.0006761 0.0124602 -0.0021733 0.0036101 0.0001832 -0.0004075 0.0015563 0.0081976 0.0002573 0.0067798 -0.0000833 -0.0002200 0.0016780 0.0200152 -0.0030818 0.0055347
-0.2156680 -0.2452284 -0.0385364 0.2414929 0.4212700 -0.3032037 -0.2056214 -0.3404236 -0.0544925 0.1712342 0.5193929 -0.3051006 -0.6558480 -0.7457413 -0.1171894 0.4218451 0.7358838 -0.5296430 -0.5122354 -0.8480489 -0.1357495 0.2734322 0.8293832 -0.4871944 0.0008602 -0.0035845 -0.0005308 0.0183799 0.0160021 0.0130117 0.0007409 -0.0036261 -0.0003569 0.0326126 0.0049738 0.0114703 0.0069277 -0.0059062 -0.0008299 0.0219106 0.0107970 0.0341144 0.0053208 -0.0031977 0.0000413 0.0477824 -0.0031043 0.0245019
-0.2148078 -0.2488129 -0.0390671 0.2598727 0.4372721 -0.2901920 -0.2048805 -0.3440497 -0.0548494 0.2038468 0.5243667 -0.2936303 -0.6489203 -0.7516475 -0.1180193 0.4437557 0.7466808 -0.4955286 -0.5069146 -0.8512467 -0.1357082 0.3212147 0.8262789 -0.4626925 0.0001772 -0.0000180 -0.0001357 0.0099003 0.0075459 0.0060069 0.0004135 -0.0000059 -0.0000580 0.0367901 0.0007212 0.0138161 0.0003680 -0.0002483 -0.0004404 0.0113335 0.0036977 0.0161271 0.0007770 -0.0004288 -0.0002095 0.0537204 -0.0081422 0.0267154
-0.2146306 -0.2488309 -0.0392028 0.2697730 0.4448180 -0.2841851 -0.2044670 -0.3440556 -0.0549074 0.2406369 0.5250879 -0.2798142 -0.6485523 -0.7518957 -0.1184596 0.4550892 0.7503786 -0.4794015 -0.5061376 -0.8516755 -0.1359177 0.3749351 0.8181367 -0.4359771 0.0004288 0.0008543 -0.0005896 0.0260808 0.0213253 0.0123826 0.0004631 0.0008690 -0.0006574 0.0353270 0.0330974 0.0224143 -0.0003705 0.0006523 -0.0020910 0.0256749 0.0071068 0.0377209 0.0000384 0.0002873 -0.0019290 0.0346396 0.0102998 0.0539543
-0.2142018 -0.2479766 -0.0397923 0.2958538 0.4661433 -0.2718025 -0.2040039 -0.3431866 -0.0555647 0.2759639 0.5581853 -0.2573999 -0.6489229 -0.7512434 -0.1205506 0.4807641 0.7574854 -0.4416805 -0.5060993 -0.8513882 -0.1378467 0.4095747 0.8284365 -0.3820228 0.0002979 0.0003463 -0.0008283 0.0239070 0.0037426 0.0122397 0.0003588 0.0003519 -0.0008221 0.0380855 0.0011712 0.0163784 0.0002099 0.0002472 -0.0026407 0.0309924 -0.0054635 0.0262671 0.0004298 0.0000982 -0.0021670 0.0487094 -0.0121822 0.0303064
-0.2139038 -0.2476303 -0.0406206 0.3197608 0.4698859 -0.2595628 -0.2036451 -0.3428347 -0.0563869 0.3140495 0.5593565 -0.2410216 -0.6487130 -0.7509963 -0.1231914 0.5117565 0.7520219 -0.4154134 -0.5056694 -0.8512899 -0.1400137 0.4582842 0.8162543 -0.3517165 -0.0000123 0.0000997 -0.0012528 0.0280037 -0.0334427 0.0017053 0.0001306 0.0001037 -0.0011831 0.0366116 -0.0276720 0.0015598 0.0001394 0.0005068 -0.0037647 0.0539474 -0.0420656 -0.0040400 0.0003407 0.0002852 -0.0029332 0.0570633 -0.0348667 -0.0002074
-0.2139161 -0.2475306 -0.0418734 0.3477645 0.4364432 -0.2578575 -0.2035145 -0.3427310 -0.0575700 0.3506611 0.5316845 -0.2394617 -0.6485736 -0.7504895 -0.1269561 0.5657039 0.7099563 -0.4194534 -0.5053288 -0.8510047 -0.1429469 0.5153474 0.7813876 -0.3519238 0.0003741 -0.0003273 -0.0008429 0.0056963 0.0043769 0.0039385 0.0004240 -0.0003129 -0.0008976 0.0165356 0.0013331 0.0125362 0.0013530 -0.0007385 -0.0025120 0.0048903 0.0016626 0.0095501 0.0012802 -0.0003930 -0.0021634 0.0200155 -0.0042622 0.0210724
-0.2135420 -0.2478579 -0.0427163 0.3534608 0.4408201 -0.2539191 -0.2030905 -0.3430439 -0.0584676 0.3671967 0.5330176 -0.2269256 -0.6472206 -0.7512281 -0.1294680 0.5705942 0.7116189 -0.4099033 -0.5040486 -0.8513977 -0.1451103 0.5353629 0.7771254 -0.3308514 0.0002783 -0.0005898 -0.0007430 0.0059023 -0.0072604 0.0057976 0.0003835 -0.0006237 -0.0004662 0.0095790 -0.0084081 0.0075182 0.0015488 -0.0009659 -0.0021083 0.0133848 -0.0070676 0.0066963 0.0014583 -0.0006892 -0.0010097 0.0169809 -0.0080608 0.0092056
-0.2132637 -0.2484477 -0.0434593 0.3593631 0.4335597 -0.2481215 -0.2027070 -0.3436676 -0.0589338 0.3767756 0.5246095 -0.2194074 -0.6456717 -0.7521939 -0.1315763 0.5839790 0.7045513 -0.4032070 -0.5025902 -0.8520869 -0.1461200 0.5523438 0.7690646 -0.3216458 -0.0004204 -0.0012808 -0.0003350 0.0016818 -0.0016995 0.0017789 -0.0002580 -0.0012198 -0.0005973 0.0054313 -0.0031765 0.0038334 0.0012233 -0.0009604 -0.0005027 0.0036172 -0.0017041 0.0022875 0.0009235 -0.0003682 -0.0010224 0.0084854 -0.0039427 0.0053244
-0.2136841 -0.2497285 -0.0437943 0.3610450 0.4318602 -0.2463426 -0.2029650 -0.3448874 -0.0595311 0.3822069 0.5214330 -0.2155740 -0.6444484 -0.7531543 -0.1320790 0.5875963 0.7028472 -0.4009195 -0.5016667 -0.8524551 -0.1471424 0.5608292 0.7651218 -0.3163214 -0.0000528 -0.0009919 -0.0003866 0.0007212 -0.0002740 0.0001492 0.0001023 -0.0009515 -0.0005239 -0.0006667 0.0003041 -0.0006258 0.0014557 -0.0010970 -0.0008320 0.0010091 -0.0006424 0.0003548 0.0012886 -0.0005860 -0.0009882 -0.0010255 0.0003818 -0.0008916
-0.2137370 -0.2507204 -0.0441809 0.3617662 0.4315862 -0.2461934 -0.2028627 -0.3458389 -0.0600549 0.3815402 0.5217371 -0.2161999 -0.6429927 -0.7542513 -0.1329110 0.5886054 0.7022048 -0.4005647 -0.5003781 -0.8530411 -0.1481306 0.5598037 0.7655036 -0.3172130 -0.0000074 0.0000818 -0.0001539 -0.0022091 -0.0014642 -0.0011092 -0.0001601 0.0000627 -0.0001428 -0.0129916 0.0026109 -0.0096928 -0.0000927 0.0001634 -0.0004777 -0.0017991 -0.0002347 -0.0030394 -0.0003358 0.0002553 -0.0003347 -0.0174664 0.0061002 -0.0151992
-0.2137443 -0.2506386 -0.0443348 0.3595571 0.4301220 -0.2473025 -0.2030228 -0.3457762 -0.0601978 0.3685486 0.5243480 -0.2258927 -0.6430854 -0.7540879 -0.1333887 0.5868063 0.7019701 -0.4036041 -0.5007139 -0.8527858 -0.1484654 0.5423373 0.7716038 -0.3324122 -0.0002977 -0.0012003 0.0001015 -0.0074908 -0.0016541 -0.0044347 -0.0003125 -0.0011977 0.0000748 -0.0195984 0.0000144 -0.0112736 0.0011970 -0.0011492 0.0007378 -0.0087211 0.0015650 -0.0097431 0.0006684 -0.0004980 0.0006100 -0.0238613 0.0075027 -0.0199736
-0.2140420 -0.2518389 -0.0442333 0.3520662 0.4284679 -0.2517372 -0.2033353 -0.3469739 -0.0601230 0.3489501 0.5243624 -0.2371663 -0.6418884 -0.7552371 -0.1326509 0.5780852 0.7035351 -0.4133472 -0.5000455 -0.8532838 -0.1478554 0.5184760 0.7791065 -0.3523857 -0.0002694 -0.0018861 -0.0008384 -0.0281255 0.0356404 -0.0092610 -0.0004193 -0.0020098 -0.0001847 -0.0361875 0.0314763 -0.0132540 0.0024725 -0.0017726 -0.0018244 -0.0583339 0.0411101 -0.0054153 0.0013633 -0.0008415 0.0002545 -0.0620159 0.0321100 -0.0130892
-0.2143114 -0.2537250 -0.0450718 0.3239407 0.4641083 -0.2609983 -0.2037546 -0.3489837 -0.0603077 0.3127626 0.5558387 -0.2504203 -0.6394159 -0.7570097 -0.1344754 0.5197514 0.7446452 -0.4187625 -0.4986822 -0.8541253 -0.1476009 0.4564601 0.8112165 -0.3654750 -0.0004486 -0.0006043 0.0003685 -0.0146880 0.0007161 -0.0059563 -0.0004273 -0.0005995 0.0003517 -0.0336513 0.0012785 -0.0174010 -0.0000124 -0.0002326 0.0013756 -0.0200221 0.0064761 -0.0126161 -0.0002234 -0.0000593 0.0011023 -0.0449379 0.0101982 -0.0294014
-0.2147600 -0.2543293 -0.0447032 0.3092528 0.4648244 -0.2669546 -0.2041819 -0.3495832 -0.0599560 0.2791113 0.5571172 -0.2678213 -0.6394283 -0.7572423 -0.1330998 0.4997292 0.7511213 -0.4313785 -0.4989056 -0.8541846 -0.1464986 0.4115222 0.8214147 -0.3948763 -0.0000828 -0.0001029 0.0002621 -0.0196041 -0.0088912 -0.0079349 -0.0003339 -0.0001534 0.0004059 -0.0344113 -0.0073953 -0.0132786 -0.0000636 -0.0000897 0.0008183 -0.0218260 0.0011417 -0.0221729 -0.0005249 0.0001228 0.0010764 -0.0430790 0.0062982 -0.0283741
-0.2148428 -0.2544322 -0.0444411 0.2896486 0.4559332 -0.2748894 -0.2045158 -0.3497366 -0.0595501 0.2446999 0.5497219 -0.2810999 -0.6394919 -0.7573320 -0.1322815 0.4779032 0.7522630 -0.4535514 -0.4994305 -0.8540618 -0.1454222 0.3684432 0.8277129 -0.4232505 -0.0001208 0.0000129 0.0006085 -0.0150966 -0.0086119 -0.0071350 -0.0001951 0.0000103 0.0005726 -0.0296638 -0.0201493 -0.0180507 -0.0003832 0.0000104 0.0018063 -0.0171137 -0.0015093 -0.0197792 -0.0004694 0.0000373 0.0014004 -0.0351154 -0.0068219 -0.0404633
-0.2149636 -0.2544193 -0.0438326 0.2745521 0.4473213 -0.2820244 -0.2047109 -0.3497263 -0.0589775 0.2150361 0.5295726 -0.2991507 -0.6398751 -0.7573216 -0.1304752 0.4607895 0.7507537 -0.4733306 -0.4998999 -0.8540245 -0.1440218 0.3333278 0.8208911 -0.4637138 -0.0004652 -0.0008419 0.0003763 -0.0118901 -0.0243760 -0.0063271 -0.0006553 -0.0008714 0.0004339 -0.0204444 -0.0102600 -0.0051067 0.0003032 -0.0005061 0.0014606 -0.0042591 -0.0156363 -0.0278504 -0.0003667 -0.0000221 0.0014112 -0.0256989 0.0000869 -0.0172848
-0.2154288 -0.2552612 -0.0434563 0.2626620 0.4229453 -0.2883515 -0.2053662 -0.3505977 -0.0585436 0.1945917 0.5193126 -0.3042574 -0.6395720 -0.7578278 -0.1290146 0.4565304 0.7351174 -0.5011811 -0.5002666 -0.8540465 -0.1426106 0.3076288 0.8209780 -0.4809986 -0.0006278 -0.0012861 0.0002033 -0.0723540 0.0487802 -0.0196228 -0.0007970 -0.0013032 0.0001921 -0.0283700 0.0001269 -0.0044974 0.0006974 -0.0007771 0.0011162 -0.1364885 0.0581858 -0.0167409 -0.0001319 -0.0000858 0.0009801 -0.0424034 0.0078457 -0.0116541
-0.2160566 -0.2565473 -0.0432531 0.1903080 0.4717255 -0.3079743 -0.2061632 -0.3519009 -0.0583515 0.1662218 0.5194395 -0.3087548 -0.6388746 -0.7586048 -0.1278984 0.3200419 0.7933032 -0.5179220 -0.5003985 -0.8541324 -0.1416305 0.2652254 0.8288237 -0.4926527 -0.0006485 0.0000718 0.0002657 -0.0047145 -0.0020603 -0.0021517 -0.0007715 0.0000477 0.0003315 -0.0048263 -0.0064269 -0.0004840 -0.0012997 0.0009437 0.0009083 -0.0068719 -0.0007911 -0.0053840 -0.0015082 0.0007353 0.0009069 -0.0050654 -0.0018777 -0.0058220
-0.2167051 -0.2564755 -0.0429874 0.1855935 0.4696652 -0.3101260 -0.2069347 -0.3518532 -0.0580200 0.1613955 0.5130126 -0.3092388 -0.6401743 -0.7576612 -0.1269901 0.3131700 0.7925121 -0.5233060 -0.5019067 -0.8533971 -0.1407236 0.2601600 0.8269460 -0.4984747 -0.0009843 -0.0011649 0.0004395 -0.0021022 -0.0024513 -0.0002197 -0.0010298 -0.0011779 0.0004847 -0.0032410 -0.0019464 -0.0001564 -0.0001508 -0.0001783 0.0018371 -0.0022448 -0.0008200 -0.0025735 -0.0007245 0.0001533 0.0016662 -0.0042475 0.0000188 -0.0021628
-0.2176894 -0.2576404 -0.0425479 0.1834913 0.4672139 -0.3103457 -0.2079646 -0.3530311 -0.0575353 0.1581545 0.5110662 -0.3093952 -0.6403250 -0.7578394 -0.1251530 0.3109252 0.7916920 -0.5258795 -0.5026312 -0.8532437 -0.1390574 0.2559125 0.8269648 -0.5006376 0.0000163 0.0001397 0.0001140 0.0002263 0.0003104 0.0004927 0.0002597 0.0002455 -0.0003970 -0.0003878 -0.0007902 0.0003799 -0.0001981 0.0001200 0.0002873 0.0003532 0.0004490 0.0008858 0.0002822 0.0000065 -0.0010559 -0.0002374 -0.0000170 -0.0001493
-0.2176731 -0.2575007 -0.0424339 0.1837176 0.4675243 -0.3098530 -0.2077048 -0.3527856 -0.0579323 0.1577667 0.5102760 -0.3090153 -0.6405231 -0.7577194 -0.1248657 0.3112784 0.7921410 -0.5249937 -0.5023490 -0.8532372 -0.1401134 0.2556751 0.8269478 -0.5007869 0.0000892 0.0006562 0.0001425 0.0635204 -0.0435671 0.0185181 -0.0000764 0.0006449 0.0001057 0.0121583 0.0005068 0.0071735 -0.0008170 0.0006568 0.0002096 0.1219113 -0.0493188 0.0145411 -0.0008255 0.0004739 0.0000774 0.0196604 0.0006913 0.0117022
-0.2175840 -0.2568445 -0.0422914 0.2472380 0.4239572 -0.2913349 -0.2077813 -0.3521407 -0.0578266 0.1699251 0.5107828 -0.3018417 -0.6413401 -0.7570626 -0.1246561 0.4331897 0.7428222 -0.5104526 -0.5031745 -0.8527633 -0.1400360 0.2753355 0.8276391 -0.4890847 0.0005263 0.0025316 0.0008157 0.0093800 0.0142620 0.0157537 0.0002396 0.0024780 0.0009659 0.0340205 0.0110523 0.0221039 -0.0029172 0.0022265 0.0015505 0.0109524 0.0156265 0.0334899 -0.0023175 0.0011189 0.0015453 0.0503386 0.0056625 0.0423803
-0.2170577 -0.2543129 -0.0414757 0.2566180 0.4382192 -0.2755812 -0.2075417 -0.3496627 -0.0568606 0.2039456 0.5218351 -0.2797379 -0.6442573 -0.7548361 -0.1231057 0.4441421 0.7584487 -0.4769627 -0.5054920 -0.8516444 -0.1384907 0.3256741 0.8333016 -0.4467044 0.0006271 0.0032073 0.0015942 0.0108690 0.0141271 0.0068863 0.0007250 0.0033066 0.0010500 0.0270045 0.0137660 0.0138260 -0.0039396 0.0027895 0.0036629 0.0090543 0.0079500 0.0217197 -0.0023482 0.0011637 0.0014473 0.0346072 0.0022343 0.0318827
-0.2164306 -0.2511056 -0.0398815 0.2674870 0.4523463 -0.2686949 -0.2068166 -0.3463561 -0.0558106 0.2309501 0.5356011 -0.2659119 -0.6481970 -0.7520466 -0.1194428 0.4531964 0.7663987 -0.4552429 -0.5078402 -0.8504807 -0.1370434 0.3602814 0.8355359 -0.4148217 0.0009034 0.0028722 0.0000105 0.0316105 0.0254750 0.0220686 0.0010885 0.0029084 -0.0000933 0.0458797 0.0256720 0.0300579 -0.0026441 0.0024404 -0.0009581 0.0329021 0.0101646 0.0544216 -0.0010922 0.0008560 -0.0012522 0.0536407 0.0036920 0.0621675
-0.2155271 -0.2482334 -0.0398710 0.2990976 0.4778213 -0.2466263 -0.2057281 -0.3434477 -0.0559038 0.2768298 0.5612731 -0.2358541 -0.6508411 -0.7496062 -0.1204009 0.4860984 0.7765633 -0.4008213 -0.5089324 -0.8496247 -0.1382955 0.4139220 0.8392279 -0.3526542 0.0004896 0.0031880 0.0014218 0.0217405 -0.0095034 0.0120015 0.0008739 0.0033548 0.0006871 0.0362438 -0.0019990 0.0178479 -0.0042051 0.0031502 0.0032773 0.0362233 -0.0141455 0.0188539 -0.0021225 0.0011864 0.0005449 0.0485204 -0.0131217 0.0306363
-0.2150375 -0.2450454 -0.0384492 0.3208380 0.4683179 -0.2346249 -0.2048542 -0.3400929 -0.0552167 0.3130736 0.5592741 -0.2180062 -0.6550462 -0.7464560 -0.1171236 0.5223217 0.7624178 -0.3819674 -0.5110549 -0.8484383 -0.1377506 0.4624424 0.8261062 -0.3220179 0.0007188 0.0012216 -0.0007560 0.0243795 -0.0331744 0.0038592 0.0006805 0.0011834 -0.0005605 0.0283018 -0.0294148 0.0080505 -0.0003915 0.0007847 -0.0027751 0.0516254 -0.0389627 -0.0016959 0.0000737 0.0002567 -0.0018419 0.0514014 -0.0285534 0.0059893
-0.2143187 -0.2438238 -0.0392051 0.3452175 0.4351435 -0.2307657 -0.2041737 -0.3389095 -0.0557772 0.3413754 0.5298593 -0.2099557 -0.6554377 -0.7456713 -0.1198987 0.5739471 0.7234551 -0.3836633 -0.5109813 -0.8481816 -0.1395925 0.5138438 0.7975528 -0.3160287 0.0005136 0.0012459 -0.0008975 0.0074623 0.0046237 0.0028895 0.0006318 0.0012707 -0.0009679 0.0364116 -0.0020535 0.0142926 -0.0007494 0.0011781 -0.0031799 0.0060856 -0.0001946 0.0088882 -0.0000350 0.0004990 -0.0028731 0.0434236 -0.0189952 0.0274093
-0.2138051 -0.2425779 -0.0401026 0.3526798 0.4397672 -0.2278761 -0.2035419 -0.3376388 -0.0567452 0.3777870 0.5278058 -0.1956631 -0.6561871 -0.7444932 -0.1230785 0.5800327 0.7232605 -0.3747751 -0.5110163 -0.8476827 -0.1424655 0.5572673 0.7785576 -0.2886194 0.0000000 0.0000000 0.0000000 0.0000000 0.0000000 0.0000000 0.0000000 0.0000000 0.0000000 0.0000000 0.0000000 0.0000000 0.0000000 0.0000000 0.0000000 0.0000000 0.0000000 0.0000000 0.0000000 0.0000000 0.0000000 0.0000000 0.0000000 0.0000000
