-0.2387180 -0.2533921 -0.0013517 0.2729883 0.4086931 -0.2839034 -0.2340358 -0.3440540 -0.0154533 0.2323196 0.4529859 -0.2946980 -0.6857119 -0.7278627 -0.0038828 0.4809638 0.7200550 -0.5001946 -0.5620526 -0.8262685 -0.0371122 0.3949463 0.7700818 -0.5009904 0.0002182 0.0000584 0.0000022 0.0010228 0.0001454 0.0006233 0.0002330 0.0000634 -0.0000313 0.0005796 0.0010876 0.0007545 0.0002484 -0.0002340 0.0000041 0.0015588 -0.0001066 0.0013496 0.0003138 -0.0002093 -0.0000914 0.0005216 0.0009447 0.0018679
-0.2384999 -0.2533337 -0.0013495 0.2740110 0.4088385 -0.2832800 -0.2338029 -0.3439906 -0.0154846 0.2328992 0.4540735 -0.2939436 -0.6854634 -0.7280967 -0.0038786 0.4825226 0.7199484 -0.4988449 -0.5617388 -0.8264777 -0.0372036 0.3954678 0.7710266 -0.4991225 0.0004674 -0.0052008 -0.0016913 0.0039429 0.0061147 0.0019184 0.0001747 -0.0054053 -0.0004192 0.0068879 0.0107797 0.0032263 0.0081538 -0.0075505 -0.0047739 0.0023562 0.0039197 0.0080216 0.0062876 -0.0042113 -0.0006078 0.0052345 0.0057783 0.0133119
-0.2380324 -0.2585345 -0.0030408 0.2779540 0.4149532 -0.2813616 -0.2336282 -0.3493959 -0.0159038 0.2397871 0.4648532 -0.2907173 -0.6773096 -0.7356472 -0.0086525 0.4848788 0.7238681 -0.4908233 -0.5554512 -0.8306890 -0.0378113 0.4007023 0.7768049 -0.4858105 -0.0086004 0.0041791 0.0201408 0.0135113 0.0131416 0.0028231 -0.0022678 0.0080732 0.0053926 0.0284553 0.0371368 0.0054733 -0.0180053 0.0185607 0.0568612 0.0107697 0.0041244 0.0171573 -0.0129175 0.0083049 0.0124857 0.0206376 0.0116927 0.0377655
-0.2466329 -0.2543554 0.0170999 0.2914652 0.4280948 -0.2785385 -0.2358960 -0.3413227 -0.0105112 0.2682423 0.5019900 -0.2852439 -0.6953149 -0.7170865 0.0482087 0.4956484 0.7279925 -0.4736660 -0.5683687 -0.8223841 -0.0253257 0.4213399 0.7884975 -0.4480450 0.0030071 -0.0024506 -0.0061428 0.0165982 0.0060333 0.0021099 0.0005662 -0.0039870 -0.0017587 0.0193633 0.0026840 0.0026367 0.0073998 -0.0080449 -0.0172695 0.0179454 -0.0042276 0.0128128 0.0054520 -0.0036082 -0.0040243 0.0238894 -0.0072344 0.0105535
-0.2436258 -0.2568060 0.0109572 0.3080635 0.4341281 -0.2764286 -0.2353298 -0.3453097 -0.0122699 0.2876056 0.5046740 -0.2826072 -0.6879151 -0.7251314 0.0309392 0.5135938 0.7237649 -0.4608533 -0.5629168 -0.8259923 -0.0293500 0.4452293 0.7812631 -0.4374915 0.0014691 -0.0013198 -0.0039360 0.0101009 0.0119738 0.0022591 0.0004649 -0.0020713 -0.0012451 0.0176641 0.0097191 0.0035953 0.0038624 -0.0040314 -0.0111055 0.0056865 0.0043239 0.0133775 0.0031077 -0.0020030 -0.0028634 0.0172807 -0.0019132 0.0147644
-0.2421567 -0.2581258 0.0070212 0.3181644 0.4461019 -0.2741695 -0.2348649 -0.3473810 -0.0135150 0.3052697 0.5143931 -0.2790119 -0.6840527 -0.7291629 0.0198337 0.5192804 0.7280888 -0.4474757 -0.5598090 -0.8279953 -0.0322134 0.4625100 0.7793499 -0.4227271 0.0014420 -0.0022778 -0.0040153 0.0034722 0.0010530 0.0010905 0.0004802 -0.0029648 -0.0011385 0.0058488 -0.0004488 0.0016848 0.0052762 -0.0051331 -0.0113575 0.0038825 -0.0007623 0.0032948 0.0040971 -0.0026534 -0.0025291 0.0076723 -0.0026443 0.0036126
-0.2407147 -0.2604036 0.0030059 0.3216366 0.4471549 -0.2730791 -0.2343847 -0.3503458 -0.0146535 0.3111185 0.5139443 -0.2773271 -0.6787765 -0.7342960 0.0084762 0.5231628 0.7273266 -0.4441809 -0.5557119 -0.8306487 -0.0347425 0.4701823 0.7767056 -0.4191145 0.0004284 -0.0002369 -0.0005531 0.0016482 -0.0003341 0.0009925 0.0003350 -0.0003425 -0.0000442 0.0021910 -0.0005761 0.0007537 0.0009773 -0.0009185 -0.0015573 0.0025257 -0.0007580 0.0017449 0.0009260 -0.0006147 -0.0000965 0.0031173 -0.0011883 0.0013103
-0.2402863 -0.2606405 0.0024528 0.3232848 0.4468208 -0.2720866 -0.2340497 -0.3506883 -0.0146977 0.3133095 0.5133682 -0.2765733 -0.6777992 -0.7352145 0.0069190 0.5256886 0.7265686 -0.4424360 -0.5547859 -0.8312634 -0.0348390 0.4732995 0.7755173 -0.4178043 0.0002035 -0.0004484 -0.0006235 0.0004346 0.0006070 0.0000094 0.0001735 -0.0005207 -0.0002548 0.0003886 0.0005371 -0.0001753 0.0009334 -0.0008739 -0.0017616 0.0001377 0.0002007 0.0004935 0.0008652 -0.0005525 -0.0005750 0.0001052 0.0000221 0.0001602
-0.2400828 -0.2610889 0.0018293 0.3237194 0.4474278 -0.2720772 -0.2338762 -0.3512090 -0.0149525 0.3136981 0.5139053 -0.2767487 -0.6768658 -0.7360884 0.0051574 0.5258263 0.7267693 -0.4419424 -0.5539207 -0.8318159 -0.0354140 0.4734048 0.7755394 -0.4176441 0.0001064 -0.0001954 -0.0002125 -0.0037802 0.0013128 -0.0002499 0.0001425 -0.0001856 -0.0002537 -0.0121585 -0.0026115 -0.0022717 0.0004351 -0.0004038 -0.0006001 -0.0053703 0.0032124 -0.0010614 0.0004484 -0.0002730 -0.0005938 -0.0136680 0.0039952 -0.0077592
-0.2399764 -0.2612843 0.0016168 0.3199391 0.4487406 -0.2723271 -0.2337336 -0.3513946 -0.0152062 0.3015396 0.5112938 -0.2790204 -0.6764307 -0.7364922 0.0045573 0.5204559 0.7299817 -0.4430038 -0.5534722 -0.8320889 -0.0360078 0.4597367 0.7795346 -0.4254033 0.0002525 -0.0001207 0.0003600 -0.0127006 -0.0072160 -0.0019864 -0.0000041 -0.0001289 0.0003060 -0.0229473 -0.0071227 -0.0037877 0.0005594 -0.0005064 0.0010160 -0.0116234 0.0012484 -0.0113000 0.0001195 -0.0001109 0.0007327 -0.0255914 0.0061422 -0.0153118
-0.2397239 -0.2614050 0.0019768 0.3072386 0.4415246 -0.2743135 -0.2337377 -0.3515235 -0.0149003 0.2785923 0.5041711 -0.2828081 -0.6758713 -0.7369986 0.0055733 0.5088326 0.7312301 -0.4543038 -0.5533527 -0.8321998 -0.0352750 0.4341453 0.7856768 -0.4407150 0.0004554 -0.0002796 -0.0001784 -0.0175982 -0.0090639 -0.0025898 0.0002665 -0.0003028 -0.0001210 -0.0278931 -0.0257566 -0.0033016 0.0010893 -0.0010011 -0.0005015 -0.0175561 0.0022925 -0.0153685 0.0007736 -0.0005020 -0.0002772 -0.0239830 -0.0029556 -0.0273815
-0.2392685 -0.2616846 0.0017984 0.2896404 0.4324607 -0.2769033 -0.2334712 -0.3518263 -0.0150212 0.2506992 0.4784145 -0.2861098 -0.6747820 -0.7379997 0.0050718 0.4912764 0.7335226 -0.4696723 -0.5525791 -0.8327018 -0.0355522 0.4101623 0.7827212 -0.4680965 0.0000478 -0.0003140 -0.0001014 -0.0047228 -0.0031877 -0.0002350 -0.0000554 -0.0003207 -0.0001027 -0.0047322 -0.0024527 -0.0000953 0.0005134 -0.0004710 -0.0002886 -0.0042620 0.0002410 -0.0040449 0.0002628 -0.0001650 -0.0002174 -0.0052215 0.0008649 -0.0030890
-0.2392206 -0.2619986 0.0016970 0.2849176 0.4292730 -0.2771383 -0.2335266 -0.3521470 -0.0151239 0.2459671 0.4759618 -0.2862051 -0.6742686 -0.7384707 0.0047833 0.4870144 0.7337636 -0.4737172 -0.5523163 -0.8328669 -0.0357697 0.4049408 0.7835861 -0.4711855 -0.0002415 0.0003008 -0.0001257 -0.0020707 -0.0043498 0.0000393 -0.0003310 0.0002266 0.0002444 -0.0020436 -0.0022229 -0.0001418 -0.0007943 0.0007238 -0.0003536 -0.0000317 -0.0021653 -0.0033695 -0.0008016 0.0005076 0.0005768 -0.0017047 -0.0004361 -0.0021819
-0.2394622 -0.2616978 0.0015713 0.2828469 0.4249232 -0.2770991 -0.2338575 -0.3519204 -0.0148795 0.2439234 0.4737389 -0.2863469 -0.6750629 -0.7377469 0.0044296 0.4869828 0.7315983 -0.4770867 -0.5531179 -0.8323593 -0.0351929 0.4032361 0.7831500 -0.4733674 -0.0002447 -0.0004573 0.0007134 -0.0001485 -0.0003031 -0.0005535 -0.0002121 -0.0003350 0.0000631 -0.0021633 0.0030232 -0.0002712 0.0002735 -0.0002355 0.0020019 -0.0002308 -0.0004845 -0.0009773 0.0000136 -0.0000167 0.0001818 -0.0046521 0.0028758 0.0008272
-0.2397069 -0.2621551 0.0022847 0.2826984 0.4246201 -0.2776525 -0.2340697 -0.3522554 -0.0148165 0.2417602 0.4767621 -0.2866181 -0.6747894 -0.7379824 0.0064315 0.4867520 0.7311138 -0.4780640 -0.5531043 -0.8323760 -0.0350111 0.3985840 0.7860258 -0.4725402 0.0005160 -0.0008494 -0.0010258 0.0006030 0.0003212 -0.0006093 0.0002628 -0.0009328 -0.0006680 0.0013836 0.0033826 -0.0010888 0.0019732 -0.0018188 -0.0028904 0.0003507 -0.0004783 -0.0003738 0.0014755 -0.0009133 -0.0015218 -0.0001660 0.0007446 0.0011004
-0.2391909 -0.2630045 0.0012589 0.2833014 0.4249413 -0.2782619 -0.2338069 -0.3531882 -0.0154844 0.2431437 0.4801447 -0.2877069 -0.6728162 -0.7398012 0.0035411 0.4871026 0.7306355 -0.4784378 -0.5516288 -0.8332893 -0.0365330 0.3984180 0.7867704 -0.4714397 -0.0001013 -0.0038026 -0.0006544 0.0089764 0.0121731 -0.0005552 0.0000240 -0.0037088 -0.0011157 0.0212924 0.0242259 0.0007586 0.0051395 -0.0046482 -0.0018544 0.0039754 0.0037935 0.0099762 0.0040925 -0.0025890 -0.0023458 0.0162567 0.0041566 0.0214627
-0.2392921 -0.2668071 0.0006045 0.2922778 0.4371144 -0.2788171 -0.2337829 -0.3568970 -0.0166002 0.2644361 0.5043706 -0.2869483 -0.6676767 -0.7444494 0.0016867 0.4910781 0.7344290 -0.4684617 -0.5475363 -0.8358783 -0.0388788 0.4146746 0.7909271 -0.4499771 -0.0001344 -0.0012895 -0.0008224 0.0123042 0.0101601 0.0010535 -0.0000063 -0.0013211 -0.0006168 0.0184603 0.0093525 0.0018654 0.0015766 -0.0014127 -0.0022929 0.0096670 0.0009083 0.0118072 0.0014340 -0.0008744 -0.0013379 0.0191594 -0.0031102 0.0127899
-0.2394265 -0.2680966 -0.0002179 0.3045820 0.4472745 -0.2777636 -0.2337892 -0.3582181 -0.0172170 0.2828964 0.5137231 -0.2850829 -0.6661001 -0.7458621 -0.0006062 0.5007451 0.7353373 -0.4566545 -0.5461022 -0.8367526 -0.0402167 0.4338340 0.7878169 -0.4371872 -0.0016787 -0.0015301 0.0035296 0.0107083 0.0046410 0.0003993 0.0000853 -0.0005967 -0.0002900 0.0201339 0.0033067 0.0003930 -0.0004522 0.0004601 0.0097617 0.0103424 -0.0027794 0.0070453 0.0007911 -0.0004851 -0.0006330 0.0228999 -0.0085383 0.0080962
-0.2411052 -0.2696267 0.0033117 0.3152903 0.4519155 -0.2773643 -0.2337039 -0.3588148 -0.0175069 0.3030303 0.5170298 -0.2846900 -0.6665523 -0.7454021 0.0091555 0.5110875 0.7325579 -0.4496093 -0.5453112 -0.8372377 -0.0408497 0.4567339 0.7792786 -0.4290910 0.0003272 -0.0030023 -0.0027388 0.0054035 0.0013693 0.0006976 0.0001502 -0.0033266 -0.0013637 0.0065398 -0.0008466 0.0013143 0.0045868 -0.0041306 -0.0075803 0.0058539 -0.0018867 0.0036372 0.0038440 -0.0023450 -0.0028997 0.0085981 -0.0033751 0.0031333
-0.2407780 -0.2726290 0.0005729 0.3206937 0.4532848 -0.2766667 -0.2335537 -0.3621414 -0.0188706 0.3095701 0.5161832 -0.2833757 -0.6619655 -0.7495327 0.0015751 0.5169414 0.7306712 -0.4459721 -0.5414672 -0.8395828 -0.0437494 0.4653320 0.7759035 -0.4259576 0.0005361 -0.0000530 -0.0010849 0.0038275 -0.0028271 0.0015847 0.0012731 0.0005610 -0.0034681 0.0036332 -0.0012143 0.0007305 0.0009014 -0.0007954 -0.0029838 0.0068232 -0.0036500 0.0020005 0.0017081 -0.0006348 -0.0081599 0.0051440 -0.0023469 0.0013843
-0.2402419 -0.2726820 -0.0005119 0.3245212 0.4504577 -0.2750819 -0.2322807 -0.3615804 -0.0223387 0.3132033 0.5149689 -0.2826452 -0.6610641 -0.7503281 -0.0014087 0.5237646 0.7270212 -0.4439716 -0.5397591 -0.8402176 -0.0519093 0.4704760 0.7735566 -0.4245733 -0.0007923 -0.0001113 0.0016342 0.0001698 0.0002997 0.0000166 -0.0017745 -0.0002370 0.0018122 0.0001717 0.0000170 -0.0000043 -0.0010706 0.0009496 0.0044916 0.0000209 0.0001322 0.0002413 -0.0027756 0.0015327 0.0043292 0.0001901 -0.0000857 0.0000545
-0.2410343 -0.2727933 0.0011223 0.3246910 0.4507574 -0.2750653 -0.2340551 -0.3618174 -0.0205265 0.3133750 0.5149859 -0.2826495 -0.6621347 -0.7493785 0.0030829 0.5237855 0.7271535 -0.4437303 -0.5425347 -0.8386848 -0.0475800 0.4706661 0.7734709 -0.4245188 -0.0017479 -0.0011301 0.0027580 -0.0030026 -0.0006282 -0.0006590 -0.0000439 -0.0002484 -0.0000525 -0.0104934 -0.0037007 -0.0019540 -0.0011148 0.0010552 0.0075176 -0.0033902 0.0010207 -0.0023091 0.0001932 -0.0001195 -0.0000958 -0.0109884 0.0024971 -0.0074187
-0.2427822 -0.2739234 0.0038803 0.3216884 0.4501292 -0.2757243 -0.2340991 -0.3620658 -0.0205790 0.3028816 0.5112852 -0.2846035 -0.6632495 -0.7483233 0.0106005 0.5203954 0.7281741 -0.4460393 -0.5423415 -0.8388043 -0.0476758 0.4596778 0.7759680 -0.4319374 0.0005175 0.0000454 -0.0011346 -0.0143864 -0.0050421 -0.0025578 -0.0012022 -0.0005112 0.0007924 -0.0229854 -0.0059646 -0.0034288 0.0007127 -0.0006685 -0.0030916 -0.0151791 0.0035663 -0.0114674 -0.0014693 0.0008433 0.0019465 -0.0260576 0.0068838 -0.0142873
-0.2422647 -0.2738780 0.0027457 0.3073019 0.4450871 -0.2782822 -0.2353013 -0.3625770 -0.0197866 0.2798962 0.5053206 -0.2880323 -0.6625367 -0.7489918 0.0075089 0.5052163 0.7317405 -0.4575067 -0.5438108 -0.8379610 -0.0457293 0.4336202 0.7828518 -0.4462248 -0.0079142 0.0054457 0.0262327 -0.0127950 -0.0102521 -0.0008213 -0.0021018 0.0132776 0.0070498 -0.0255823 -0.0124133 -0.0033520 -0.0171437 0.0197207 0.0712191 -0.0100295 -0.0006047 -0.0117806 -0.0180486 0.0112777 0.0155852 -0.0277107 0.0038759 -0.0188526
-0.2501788 -0.2684323 0.0289785 0.2945069 0.4348350 -0.2791035 -0.2374031 -0.3492994 -0.0127368 0.2543139 0.4929073 -0.2913842 -0.6796805 -0.7292711 0.0787281 0.4951868 0.7311357 -0.4692873 -0.5618594 -0.8266833 -0.0301440 0.4059095 0.7867277 -0.4650774 0.0089039 0.0037753 -0.0161980 -0.0078814 -0.0060372 -0.0017228 0.0005539 -0.0026219 -0.0029151 -0.0092861 -0.0040284 -0.0000195 0.0064009 -0.0092563 -0.0430641 -0.0071218 -0.0009804 -0.0089028 0.0038968 -0.0023632 -0.0067283 -0.0104757 0.0022411 -0.0051995
-0.2412750 -0.2646570 0.0127805 0.2866255 0.4287978 -0.2808263 -0.2368491 -0.3519213 -0.0156519 0.2450278 0.4888789 -0.2914037 -0.6732796 -0.7385274 0.0356640 0.4880650 0.7301554 -0.4781900 -0.5579626 -0.8290465 -0.0368723 0.3954339 0.7889688 -0.4702769 0.0007001 0.0007409 -0.0023543 -0.0020272 -0.0067767 -0.0001629 -0.0002765 -0.0000378 0.0000073 -0.0039808 -0.0147768 -0.0003135 -0.0001040 -0.0001897 -0.0064806 0.0014208 -0.0043139 -0.0050883 -0.0004076 0.0002730 0.0000333 0.0019336 -0.0074085 -0.0106208
-0.2405749 -0.2639161 0.0104261 0.2845984 0.4220211 -0.2809892 -0.2371256 -0.3519591 -0.0156446 0.2410470 0.4741021 -0.2917172 -0.6733836 -0.7387170 0.0291833 0.4894857 0.7258415 -0.4832783 -0.5583702 -0.8287736 -0.0368391 0.3973675 0.7815603 -0.4808976 -0.0009257 0.0007960 0.0009127 -0.0003725 -0.0014505 -0.0002032 -0.0010528 0.0008631 0.0006687 -0.0011336 -0.0021257 -0.0001354 -0.0024678 0.0023625 0.0025490 0.0003164 -0.0010786 -0.0012964 -0.0026765 0.0017415 0.0015623 -0.0005308 -0.0008719 -0.0018510
-0.2415006 -0.2631201 0.0113388 0.2842259 0.4205706 -0.2811925 -0.2381785 -0.3510960 -0.0149759 0.2399133 0.4719764 -0.2918526 -0.6758514 -0.7363545 0.0317323 0.4898021 0.7247629 -0.4845747 -0.5610467 -0.8270321 -0.0352768 0.3968367 0.7806884 -0.4827487 0.0006365 -0.0032987 -0.0053435 -0.0002456 0.0003077 -0.0003662 -0.0004480 -0.0041959 -0.0022663 -0.0005184 0.0034499 0.0001589 0.0053093 -0.0053292 -0.0150420 -0.0006596 0.0001801 -0.0003967 0.0039462 -0.0024368 -0.0049770 -0.0024337 0.0025761 0.0021834
-0.2408641 -0.2664188 0.0059953 0.2839803 0.4208783 -0.2815586 -0.2386265 -0.3552919 -0.0172422 0.2393949 0.4754263 -0.2916938 -0.6705421 -0.7416837 0.0166903 0.4891426 0.7249429 -0.4849714 -0.5571005 -0.8294689 -0.0402538 0.3944030 0.7832645 -0.4805653 -0.0000009 0.0001746 -0.0002202 0.0051347 0.0035421 -0.0000671 -0.0000586 0.0001761 -0.0002340 0.0128333 0.0073481 0.0018979 -0.0002500 0.0002127 -0.0006070 0.0044884 -0.0002931 0.0041273 -0.0002721 0.0002100 -0.0005562 0.0144040 -0.0007925 0.0108693
-0.2408651 -0.2662442 0.0057751 0.2891149 0.4244204 -0.2816258 -0.2386852 -0.3551158 -0.0174761 0.2522283 0.4827744 -0.2897959 -0.6707921 -0.7414711 0.0160833 0.4936310 0.7246498 -0.4808441 -0.5573726 -0.8292589 -0.0408099 0.4088070 0.7824721 -0.4696960 -0.0005914 -0.0032922 -0.0064558 0.0154477 0.0083968 0.0016257 0.0000676 -0.0044668 -0.0012947 0.0256701 0.0218047 0.0018454 0.0035498 -0.0033673 -0.0179644 0.0150418 -0.0017693 0.0131950 0.0049672 -0.0031832 -0.0026450 0.0227085 0.0010292 0.0225716
-0.2414565 -0.2695364 -0.0006807 0.3045626 0.4328172 -0.2800000 -0.2386176 -0.3595826 -0.0187708 0.2778983 0.5045791 -0.2879505 -0.6672423 -0.7448384 -0.0018811 0.5086729 0.7228805 -0.4676491 -0.5524054 -0.8324422 -0.0434549 0.4315155 0.7835013 -0.4471243 -0.0040568 0.0018545 0.0099888 0.0116099 0.0080479 -0.0002858 -0.0002735 0.0042515 0.0012938 0.0178749 0.0010782 0.0002342 -0.0084674 0.0081158 0.0274991 0.0090953 -0.0009142 0.0086493 -0.0050662 0.0032485 0.0026708 0.0216727 -0.0087254 0.0062810
-0.2455134 -0.2676819 0.0093081 0.3161725 0.4408651 -0.2802859 -0.2388911 -0.3553311 -0.0174771 0.2957732 0.5056573 -0.2877163 -0.6757096 -0.7367226 0.0256180 0.5177681 0.7219663 -0.4589998 -0.5574716 -0.8291936 -0.0407841 0.4531882 0.7747758 -0.4408433 -0.0020100 -0.0015393 0.0044217 0.0125975 0.0077361 -0.0001537 -0.0001058 0.0000018 0.0002793 0.0178148 0.0077013 0.0001554 -0.0006333 0.0010917 0.0118978 0.0100545 -0.0017611 0.0087691 -0.0001868 0.0000936 0.0006562 0.0171296 -0.0048430 0.0095608
-0.2475234 -0.2692212 0.0137298 0.3287700 0.4486012 -0.2804395 -0.2389969 -0.3553293 -0.0171977 0.3135880 0.5133586 -0.2875609 -0.6763429 -0.7356309 0.0375158 0.5278226 0.7202052 -0.4502307 -0.5576584 -0.8291001 -0.0401279 0.4703178 0.7699328 -0.4312825 0.0034132 -0.0032998 -0.0086423 0.0047548 0.0023323 0.0006464 0.0008085 -0.0055646 -0.0021880 0.0067588 0.0034152 -0.0001811 0.0091944 -0.0091640 -0.0236119 0.0042942 -0.0007706 0.0038392 0.0073714 -0.0046735 -0.0046590 0.0059204 -0.0016798 0.0035157
-0.2441101 -0.2725210 0.0050874 0.3335248 0.4509335 -0.2797932 -0.2381884 -0.3608939 -0.0193858 0.3203468 0.5167738 -0.2877420 -0.6671486 -0.7447949 0.0139039 0.5321169 0.7194347 -0.4463915 -0.5502870 -0.8337736 -0.0447870 0.4762382 0.7682531 -0.4277668 0.0009744 -0.0008131 -0.0032954 0.0018487 0.0016155 0.0004627 0.0012318 -0.0015366 -0.0004424 0.0021595 0.0015929 0.0000883 0.0025299 -0.0023718 -0.0090054 0.0012973 0.0003480 0.0021143 0.0036381 -0.0023381 -0.0009557 0.0016360 -0.0001625 0.0015355
-0.2431357 -0.2733341 0.0017920 0.3353735 0.4525490 -0.2793304 -0.2369567 -0.3624305 -0.0198281 0.3225064 0.5183667 -0.2876537 -0.6646186 -0.7471667 0.0048985 0.5334141 0.7197827 -0.4442772 -0.5466488 -0.8361116 -0.0457427 0.4778742 0.7680906 -0.4262313 0.0015666 0.0016557 -0.0007094 -0.0000425 -0.0000691 0.0000574 0.0004934 0.0015262 -0.0004536 -0.0002503 -0.0013833 -0.0001168 0.0001391 -0.0001338 -0.0019205 0.0000154 0.0000022 0.0000221 -0.0007871 0.0005823 -0.0012116 0.0004312 -0.0007628 -0.0008893
-0.2415691 -0.2716784 0.0010827 0.3353310 0.4524799 -0.2792730 -0.2364632 -0.3609043 -0.0202818 0.3222560 0.5169834 -0.2877705 -0.6644795 -0.7473006 0.0029780 0.5334296 0.7197849 -0.4442551 -0.5474359 -0.8355293 -0.0469543 0.4783055 0.7673277 -0.4271206 0.0015067 -0.0035973 -0.0021429 -0.0047183 -0.0069396 -0.0013592 0.0019582 -0.0032806 -0.0010637 -0.0108916 -0.0081823 -0.0036470 0.0072251 -0.0063626 -0.0058807 -0.0016789 -0.0031870 -0.0071081 0.0067037 -0.0042243 -0.0022650 -0.0093057 -0.0009346 -0.0118336
-0.2400624 -0.2752757 -0.0010602 0.3306127 0.4455403 -0.2806322 -0.2345051 -0.3641849 -0.0213455 0.3113645 0.5088011 -0.2914175 -0.6572545 -0.7536632 -0.0029027 0.5317507 0.7165979 -0.4513631 -0.5407322 -0.8397536 -0.0492193 0.4689998 0.7663931 -0.4389542 0.0001741 -0.0002584 -0.0001199 -0.0136731 -0.0076791 -0.0028070 -0.0008902 0.0009764 0.0008100 -0.0248514 -0.0064687 -0.0043570 0.0006219 -0.0005406 -0.0003276 -0.0124642 0.0008113 -0.0130350 -0.0025234 0.0015250 0.0018266 -0.0279024 0.0069660 -0.0164015
-0.2398883 -0.2755341 -0.0011801 0.3169396 0.4378612 -0.2834392 -0.2353953 -0.3632085 -0.0205355 0.2865130 0.5023324 -0.2957745 -0.6566325 -0.7542037 -0.0032303 0.5192865 0.7174092 -0.4643981 -0.5432556 -0.8382286 -0.0473928 0.4410973 0.7733591 -0.4553557 -0.0011582 0.0019486 0.0041301 -0.0213466 -0.0083807 -0.0033076 -0.0008842 0.0006918 0.0008500 -0.0301524 -0.0149296 -0.0035033 -0.0044239 0.0039111 0.0113203 -0.0225108 0.0043788 -0.0175107 -0.0022137 0.0013308 0.0019472 -0.0320833 0.0042743 -0.0221312
-0.2410466 -0.2735855 0.0029499 0.2955930 0.4294805 -0.2867469 -0.2362794 -0.3625167 -0.0196855 0.2563606 0.4874028 -0.2992778 -0.6610564 -0.7502926 0.0080900 0.4967757 0.7217879 -0.4819088 -0.5454693 -0.8368978 -0.0454456 0.4090140 0.7776334 -0.4774869 0.0007735 0.0021908 -0.0001133 -0.0075779 -0.0048786 0.0002735 -0.0000763 0.0019029 0.0008772 -0.0116976 -0.0135293 -0.0007073 -0.0017960 0.0015834 -0.0002644 -0.0066438 0.0007814 -0.0055994 -0.0021847 0.0013286 0.0018653 -0.0091648 -0.0031888 -0.0127744
-0.2402731 -0.2713947 0.0028367 0.2880152 0.4246019 -0.2864734 -0.2363558 -0.3606138 -0.0188083 0.2446630 0.4738735 -0.2999851 -0.6628524 -0.7487092 0.0078256 0.4901319 0.7225694 -0.4875081 -0.5476540 -0.8355692 -0.0435803 0.3998492 0.7744446 -0.4902613 0.0003096 0.0015830 -0.0000707 -0.0076468 -0.0161797 0.0030829 0.0001393 0.0013508 0.0008790 -0.0092692 -0.0260888 0.0008814 -0.0016943 0.0015017 -0.0001657 0.0011189 -0.0069475 -0.0090379 -0.0012569 0.0007273 0.0019169 0.0006887 -0.0125097 -0.0186832
-0.2399635 -0.2698117 0.0027659 0.2803683 0.4084222 -0.2833905 -0.2362165 -0.3592630 -0.0179293 0.2353938 0.4477847 -0.2991037 -0.6645468 -0.7472074 0.0076599 0.4912508 0.7156219 -0.4965461 -0.5489109 -0.8348419 -0.0416634 0.4005379 0.7619349 -0.5089445 0.0002932 -0.0002421 -0.0001705 -0.0052329 -0.0046535 -0.0001908 -0.0001552 -0.0003898 0.0004002 -0.0057469 -0.0009179 0.0014170 0.0007844 -0.0007015 -0.0004718 -0.0042259 -0.0008997 -0.0054291 0.0001420 -0.0001411 0.0009672 -0.0073006 0.0032602 -0.0008013
-0.2396703 -0.2700538 0.0025955 0.2751354 0.4037687 -0.2835813 -0.2363716 -0.3596528 -0.0175291 0.2296469 0.4468668 -0.2976867 -0.6637624 -0.7479089 0.0071882 0.4870248 0.7147222 -0.5019751 -0.5487689 -0.8349829 -0.0406962 0.3932373 0.7651952 -0.5097458 0.0011663 0.0075605 0.0006078 -0.0002473 -0.0016666 0.0008681 -0.0002937 0.0073011 0.0016007 0.0007552 -0.0023637 0.0013328 -0.0086880 0.0078218 0.0018432 0.0010715 -0.0007423 -0.0000156 -0.0084133 0.0054399 0.0031959 0.0027772 -0.0011845 0.0003734
-0.2385040 -0.2624933 0.0032033 0.2748881 0.4021021 -0.2827131 -0.2366654 -0.3523517 -0.0159284 0.2304021 0.4445031 -0.2963539 -0.6724504 -0.7400871 0.0090314 0.4880963 0.7139799 -0.5019907 -0.5571822 -0.8295431 -0.0375003 0.3960145 0.7640107 -0.5093723 0.0000191 -0.0005698 -0.0002511 0.0012577 0.0002792 0.0006881 0.0022491 0.0000275 -0.0025654 0.0004818 0.0027357 0.0012230 0.0008244 -0.0007566 -0.0007175 0.0018247 -0.0000993 0.0016389 0.0037737 -0.0022218 -0.0061597 -0.0003033 0.0025105 0.0035484
-0.2384848 -0.2630631 0.0029522 0.2761457 0.4023813 -0.2820250 -0.2344163 -0.3523242 -0.0184938 0.2308839 0.4472388 -0.2951309 -0.6716260 -0.7408437 0.0083139 0.4899211 0.7138806 -0.5003517 -0.5534085 -0.8317649 -0.0436600 0.3957112 0.7665212 -0.5058239 0.0002887 -0.0011953 -0.0015557 0.0032859 0.0100311 -0.0001813 0.0002115 -0.0014987 -0.0002730 0.0096715 0.0316934 0.0031204 0.0021020 -0.0019363 -0.0043888 -0.0018683 0.0064353 0.0074526 0.0019869 -0.0012908 -0.0005253 -0.0015768 0.0181781 0.0273838
-0.2381961 -0.2642584 0.0013965 0.2794316 0.4124124 -0.2822063 -0.2342048 -0.3538229 -0.0187668 0.2405554 0.4789322 -0.2920104 -0.6695240 -0.7427801 0.0039252 0.4880528 0.7203159 -0.4928991 -0.5514217 -0.8330557 -0.0441853 0.3941344 0.7846993 -0.4784402 -0.0000936 -0.0010104 -0.0009769 0.0169226 0.0124708 0.0006490 -0.0001074 -0.0012079 -0.0000863 0.0232073 0.0141214 0.0024891 0.0012607 -0.0011438 -0.0027486 0.0145848 0.0003158 0.0153581 0.0011331 -0.0007440 -0.0000917 0.0247502 -0.0016752 0.0186480
-0.2382897 -0.2652688 0.0004196 0.2963542 0.4248832 -0.2815574 -0.2343122 -0.3550308 -0.0188531 0.2637627 0.4930536 -0.2895213 -0.6682633 -0.7439239 0.0011766 0.5026375 0.7206317 -0.4775411 -0.5502886 -0.8337997 -0.0442770 0.4188846 0.7830242 -0.4597922 0.0002874 -0.0031260 -0.0007773 0.0237622 0.0098574 0.0024192 -0.0001768 -0.0033111 0.0000080 0.0387074 0.0127603 0.0014638 0.0047892 -0.0042747 -0.0021739 0.0240636 -0.0053346 0.0182633 0.0032604 -0.0021592 0.0003141 0.0422102 -0.0119458 0.0206683
-0.2380023 -0.2683948 -0.0003578 0.3201165 0.4347406 -0.2791382 -0.2344889 -0.3583419 -0.0188451 0.3024701 0.5058139 -0.2880575 -0.6634741 -0.7481986 -0.0009973 0.5267011 0.7152970 -0.4592778 -0.5470282 -0.8359590 -0.0439628 0.4610948 0.7710784 -0.4391238 -0.0002759 -0.0030505 -0.0009361 0.0163707 0.0107786 0.0001034 0.0006593 -0.0031092 -0.0004434 0.0209593 0.0090336 0.0021458 0.0037773 -0.0033247 -0.0025848 0.0124059 -0.0015030 0.0122189 0.0044041 -0.0028232 -0.0007980 0.0202864 -0.0047972 0.0135826
-0.2382782 -0.2714453 -0.0012938 0.3364871 0.4455192 -0.2790347 -0.2338296 -0.3614511 -0.0192885 0.3234294 0.5148475 -0.2859118 -0.6596968 -0.7515233 -0.0035821 0.5391070 0.7137941 -0.4470589 -0.5426242 -0.8387821 -0.0447608 0.4813812 0.7662812 -0.4255412 -0.0001643 0.0001774 0.0001133 0.0187865 0.0062330 0.0009125 -0.0001616 0.0001536 0.0002303 0.0245927 0.0088546 0.0006667 -0.0005010 0.0004386 0.0003135 0.0173332 -0.0062462 0.0114556 -0.0004398 0.0002566 0.0005292 0.0226558 -0.0078087 0.0124235
-0.2384425 -0.2712679 -0.0011805 0.3552736 0.4517522 -0.2781222 -0.2339912 -0.3612975 -0.0190582 0.3480221 0.5237021 -0.2852451 -0.6601978 -0.7510846 -0.0032687 0.5564402 0.7075479 -0.4356033 -0.5430639 -0.8385256 -0.0442316 0.5040369 0.7584725 -0.4131177 0.0008928 -0.0030647 -0.0013976 0.0115084 0.0041297 0.0010026 0.0005489 -0.0033344 -0.0000715 0.0121005 0.0016305 0.0022938 0.0056068 -0.0048652 -0.0038356 0.0100885 -0.0033962 0.0075665 0.0044080 -0.0028432 0.0000910 0.0126834 -0.0047013 0.0071262
-0.2375497 -0.2743326 -0.0025781 0.3667820 0.4558819 -0.2771196 -0.2334424 -0.3646319 -0.0191296 0.3601226 0.5253326 -0.2829513 -0.6545910 -0.7559498 -0.0071043 0.5665287 0.7041517 -0.4280368 -0.5386559 -0.8413688 -0.0441406 0.5167203 0.7537712 -0.4059914 0.0001589 0.0016849 -0.0011709 0.0081056 0.0036058 -0.0006394 0.0003379 0.0014980 -0.0000702 0.0085423 0.0046265 -0.0011574 -0.0020340 0.0018039 -0.0032656 0.0059558 -0.0024760 0.0038758 -0.0010122 0.0006652 -0.0003096 0.0059651 -0.0024062 0.0031881
-0.2373908 -0.2726477 -0.0037491 0.3748877 0.4594877 -0.2777590 -0.2331045 -0.3631339 -0.0191998 0.3686649 0.5299591 -0.2841087 -0.6566250 -0.7541459 -0.0103699 0.5724845 0.7016758 -0.4241610 -0.5396681 -0.8407036 -0.0444502 0.5226854 0.7513650 -0.4028034 0.0009237 0.0023143 0.0002464 0.0040087 0.0021811 -0.0000042 0.0001919 0.0022181 0.0006264 0.0043517 0.0023741 0.0000579 -0.0017306 0.0015021 0.0006182 0.0027556 -0.0007706 0.0024612 -0.0020572 0.0012588 0.0012506 0.0031572 -0.0009334 0.0023762
-0.2364671 -0.2703334 -0.0035026 0.3788964 0.4616688 -0.2777632 -0.2329126 -0.3609158 -0.0185735 0.3730166 0.5323332 -0.2840508 -0.6583556 -0.7526439 -0.0097517 0.5752401 0.7009051 -0.4216999 -0.5417253 -0.8394448 -0.0431996 0.5258426 0.7504316 -0.4004272 0.0005115 0.0010758 0.0005873 0.0010158 -0.0001015 0.0007629 0.0003438 0.0009805 0.0011304 0.0009161 -0.0003353 0.0008527 -0.0006889 0.0005840 0.0016091 0.0013735 -0.0003590 0.0012812 -0.0005331 0.0002179 0.0025291 0.0013733 -0.0003562 0.0011401
-0.2359556 -0.2692576 -0.0029153 0.3799122 0.4615673 -0.2770003 -0.2325687 -0.3599353 -0.0174431 0.3739327 0.5319979 -0.2831980 -0.6590445 -0.7520599 -0.0081426 0.5766136 0.7005461 -0.4204187 -0.5422584 -0.8392269 -0.0406705 0.5272159 0.7500755 -0.3992871 0.0000602 0.0002459 0.0004895 -0.0001396 -0.0006033 -0.0005473 0.0005298 0.0001434 0.0012641 0.0002149 -0.0031301 -0.0008622 -0.0002522 0.0002075 0.0013628 0.0000267 -0.0006261 -0.0010050 0.0006581 -0.0005606 0.0029071 0.0017089 -0.0024259 -0.0022830
-0.2358954 -0.2690117 -0.0024258 0.3797726 0.4609640 -0.2775477 -0.2320390 -0.3597919 -0.0161791 0.3741476 0.5288678 -0.2840602 -0.6592966 -0.7518524 -0.0067798 0.5766403 0.6999200 -0.4214237 -0.5416003 -0.8397875 -0.0377634 0.5289249 0.7476496 -0.4015701 -0.0000087 -0.0000937 0.0001324 -0.0050518 -0.0033789 -0.0010987 0.0000277 -0.0001729 0.0006769 -0.0101863 -0.0103043 -0.0023105 0.0001144 -0.0001036 0.0003713 -0.0034902 -0.0000257 -0.0047768 0.0001976 -0.0001973 0.0015889 -0.0054341 -0.0017923 -0.0103210
-0.2359041 -0.2691054 -0.0022934 0.3747208 0.4575851 -0.2786463 -0.2320113 -0.3599648 -0.0155021 0.3639613 0.5185635 -0.2863707 -0.6591822 -0.7519560 -0.0064085 0.5731502 0.6998943 -0.4262005 -0.5414028 -0.8399848 -0.0361745 0.5234908 0.7458573 -0.4118911 -0.0001557 0.0009459 0.0006904 -0.0195963 -0.0184990 -0.0006226 -0.0006436 0.0008886 0.0009516 -0.0283283 -0.0160974 -0.0033178 -0.0015644 0.0013603 0.0019214 -0.0094613 -0.0029333 -0.0170829 -0.0020474 0.0012317 0.0021864 -0.0226247 0.0039742 -0.0204119
-0.2360598 -0.2681595 -0.0016031 0.3551245 0.4390861 -0.2792690 -0.2326549 -0.3590762 -0.0145506 0.3356331 0.5024661 -0.2896886 -0.6607466 -0.7505956 -0.0044871 0.5636889 0.6969610 -0.4432834 -0.5434501 -0.8387531 -0.0339881 0.5008661 0.7498315 -0.4323030 0.0001315 -0.0057263 0.0009259 -0.0221374 -0.0072079 -0.0016856 0.0000618 -0.0056040 0.0005253 -0.0289880 -0.0159322 -0.0018225 0.0080939 -0.0070593 0.0026139 -0.0208882 0.0070414 -0.0146991 0.0059953 -0.0039164 0.0015799 -0.0252759 0.0047566 -0.0198151
-0.2359284 -0.2738858 -0.0006771 0.3329872 0.4318782 -0.2809545 -0.2325931 -0.3646802 -0.0140252 0.3066451 0.4865339 -0.2915111 -0.6526527 -0.7576549 -0.0018732 0.5428007 0.7040024 -0.4579825 -0.5374549 -0.8426696 -0.0324082 0.4755902 0.7545881 -0.4521182 0.0004034 0.0015598 0.0002599 -0.0291899 -0.0091514 -0.0028258 -0.0003371 0.0012685 0.0017082 -0.0360113 -0.0173878 -0.0058250 -0.0014985 0.0012920 0.0007144 -0.0304024 0.0089877 -0.0206541 -0.0019490 0.0011056 0.0038853 -0.0375713 0.0047215 -0.0291182
-0.2355250 -0.2723260 -0.0004172 0.3037973 0.4227268 -0.2837803 -0.2329302 -0.3634117 -0.0123170 0.2706338 0.4691461 -0.2973361 -0.6541511 -0.7563630 -0.0011588 0.5123983 0.7129901 -0.4786367 -0.5394039 -0.8415639 -0.0285229 0.4380189 0.7593096 -0.4812364 -0.0000614 0.0016229 0.0001965 -0.0184599 -0.0127204 0.0008800 -0.0001311 0.0015317 0.0009026 -0.0293575 -0.0173756 0.0012630 -0.0023326 0.0020230 0.0005436 -0.0153546 0.0012208 -0.0141617 -0.0018605 0.0011295 0.0020139 -0.0301700 0.0043545 -0.0192399
-0.2355863 -0.2707031 -0.0002207 0.2853374 0.4100064 -0.2829003 -0.2330613 -0.3618800 -0.0114144 0.2412764 0.4517705 -0.2960731 -0.6564837 -0.7543400 -0.0006151 0.4970437 0.7142110 -0.4927984 -0.5412644 -0.8404345 -0.0265091 0.4078489 0.7636641 -0.5004763 -0.0002960 0.0014187 -0.0008867 -0.0206352 -0.0106617 0.0045869 -0.0005855 0.0013038 0.0000249 -0.0206279 -0.0105032 0.0069020 -0.0024266 0.0021248 -0.0024785 -0.0193087 0.0065271 -0.0095022 -0.0023418 0.0015125 0.0000100 -0.0220047 0.0079727 -0.0051925
-0.2358823 -0.2692844 -0.0011075 0.2647022 0.3993447 -0.2783134 -0.2336468 -0.3605762 -0.0113895 0.2206484 0.4412673 -0.2891712 -0.6589102 -0.7522152 -0.0030936 0.4777350 0.7207381 -0.5023006 -0.5436062 -0.8389220 -0.0264991 0.3858442 0.7716368 -0.5056688 -0.0005086 0.0003712 0.0002539 -0.0182508 -0.0023740 0.0035419 -0.0002740 0.0003746 0.0002828 -0.0043318 -0.0148644 0.0047714 -0.0013180 0.0011539 0.0007097 -0.0230737 0.0116061 -0.0046067 -0.0008561 0.0005351 0.0006475 0.0029883 -0.0051706 -0.0055443
-0.2363909 -0.2689132 -0.0008535 0.2464513 0.3969707 -0.2747715 -0.2339209 -0.3602016 -0.0111068 0.2163166 0.4264029 -0.2843997 -0.6602282 -0.7510613 -0.0023839 0.4546613 0.7323442 -0.5069073 -0.5444623 -0.8383869 -0.0258516 0.3888325 0.7664662 -0.5112131 -0.0005328 0.0020006 -0.0006939 -0.0015882 -0.0010518 0.0010797 0.0026049 0.0024270 -0.0029850 -0.0064155 0.0009087 0.0031906 -0.0036098 0.0031974 -0.0019520 -0.0012243 0.0008176 0.0000853 0.0018142 -0.0009225 -0.0072066 -0.0092170 0.0063463 0.0026337
-0.2369238 -0.2669126 -0.0015475 0.2448631 0.3959189 -0.2736918 -0.2313160 -0.3577746 -0.0140918 0.2099010 0.4273116 -0.2812091 -0.6638380 -0.7478639 -0.0043359 0.4534371 0.7331618 -0.5068220 -0.5426480 -0.8393094 -0.0330582 0.3796155 0.7728124 -0.5085794 0.0008298 -0.0026360 -0.0019498 0.0068201 -0.0024552 0.0010617 -0.0003575 -0.0026855 -0.0020616 0.0054817 0.0005740 0.0002716 0.0049871 -0.0043464 -0.0054239 0.0119370 -0.0056289 0.0027161 0.0023582 -0.0013259 -0.0046135 0.0082244 -0.0023184 0.0026950
-0.2360940 -0.2695486 -0.0034973 0.2516832 0.3934637 -0.2726301 -0.2316735 -0.3604601 -0.0161534 0.2153828 0.4278856 -0.2809375 -0.6588509 -0.7522103 -0.0097598 0.4653741 0.7275329 -0.5041059 -0.5402898 -0.8406353 -0.0376717 0.3878400 0.7704941 -0.5058844 0.0010359 0.0079454 -0.0010165 0.0067236 0.0060331 -0.0002359 -0.0003811 0.0076359 0.0009490 0.0117223 0.0117754 0.0002548 -0.0094541 0.0084336 -0.0030737 0.0057605 0.0008411 0.0066087 -0.0088609 0.0056869 0.0016909 0.0113516 0.0023156 0.0125172
-0.2350581 -0.2616032 -0.0045138 0.2584068 0.3994968 -0.2728660 -0.2320546 -0.3528242 -0.0152044 0.2271050 0.4396610 -0.2806827 -0.6683050 -0.7437767 -0.0128335 0.4711346 0.7283740 -0.4974972 -0.5491507 -0.8349485 -0.0359808 0.3991916 0.7728097 -0.4933672 0.0004003 -0.0052532 -0.0016474 0.0172185 0.0137684 0.0010574 -0.0002237 -0.0053825 -0.0006539 0.0172788 0.0254123 0.0008358 0.0080553 -0.0070694 -0.0045021 0.0156221 0.0014561 0.0174806 0.0054532 -0.0035115 -0.0011390 0.0113602 0.0084885 0.0232393
-0.2346577 -0.2668564 -0.0061612 0.2756252 0.4132652 -0.2718087 -0.2322783 -0.3582067 -0.0158583 0.2443839 0.4650733 -0.2798470 -0.6602497 -0.7508461 -0.0173357 0.4867567 0.7298301 -0.4800166 -0.5436975 -0.8384600 -0.0371198 0.4105518 0.7812982 -0.4701279 0.0000000 0.0000000 0.0000000 0.0000000 0.0000000 0.0000000 0.0000000 0.0000000 0.0000000 0.0000000 0.0000000 0.0000000 0.0000000 0.0000000 0.0000000 0.0000000 0.0000000 0.0000000 0.0000000 0.0000000 0.0000000 0.0000000 0.0000000 0.0000000
