-0.0772605 0.0792894 -0.3124093 0.1670076 -0.0325374 -0.2056528 0.0120222 0.0927328 -0.3399234 0.0978265 -0.0676977 -0.2593819 -0.2331022 0.2392237 -0.9425685 0.6256972 -0.1219019 -0.7704823 0.0341006 0.2630342 -0.9641837 0.3428144 -0.2372336 -0.9089546 0.0067446 0.0095349 0.0069023 -0.0407262 -0.0300122 -0.0120741 0.0076270 0.0092349 0.0097857 -0.0391322 -0.0354316 -0.0102529 0.0167153 0.0333452 0.0050810 -0.1387896 -0.1192728 -0.0690150 0.0226751 0.0315984 0.0102611 -0.1435743 -0.1128429 -0.0063321
-0.0705158 0.0888243 -0.3055069 0.1262814 -0.0625496 -0.2177269 0.0196492 0.1019677 -0.3301377 0.0586943 -0.1031293 -0.2696349 -0.2163869 0.2725689 -0.9374876 0.4869076 -0.2411747 -0.8394973 0.0567756 0.2946325 -0.9539225 0.1992401 -0.3500766 -0.9152867 -0.0089536 -0.0207785 -0.0107988 -0.0136680 -0.0084080 0.0054892 -0.0110946 -0.0174338 -0.0159852 -0.0156619 -0.0179957 0.0180167 -0.0221462 -0.0683247 -0.0119261 -0.0373938 -0.0420636 -0.0076824 -0.0327730 -0.0574435 -0.0172444 -0.0469402 -0.0786080 0.0247620
-0.0794694 0.0680458 -0.3163057 0.1126134 -0.0709576 -0.2122377 0.0085545 0.0845339 -0.3461229 0.0430324 -0.1211250 -0.2516181 -0.2385331 0.2042442 -0.9494136 0.4495138 -0.2832383 -0.8471797 0.0240027 0.2371890 -0.9711670 0.1522999 -0.4286845 -0.8905247 0.0135558 0.0179288 0.0061179 -0.0015585 -0.0008718 0.0070581 0.0151952 0.0150320 0.0097632 -0.0092909 0.0008043 0.0234190 0.0379204 0.0574255 0.0053355 0.0054177 -0.0110077 0.0066699 0.0435468 0.0459989 0.0144843 -0.0226116 -0.0337783 0.0134221
-0.0659136 0.0859746 -0.3101878 0.1110548 -0.0718294 -0.2051796 0.0237497 0.0995659 -0.3363597 0.0337415 -0.1203207 -0.2281991 -0.2006127 0.2616697 -0.9440781 0.4549315 -0.2942460 -0.8405097 0.0675495 0.2831878 -0.9566827 0.1296884 -0.4624628 -0.8771027 -0.0192402 -0.0229691 -0.0083331 -0.0636941 -0.0088189 0.0088748 -0.0210581 -0.0211872 -0.0130820 -0.0033170 -0.0177453 -0.0039324 -0.0530681 -0.0739707 -0.0048239 -0.2371268 -0.0766429 -0.0622652 -0.0600339 -0.0643348 -0.0190462 -0.0177494 -0.0455143 0.0230365
-0.0851538 0.0630055 -0.3185209 0.0473608 -0.0806483 -0.1963048 0.0026916 0.0783787 -0.3494417 0.0304245 -0.1380660 -0.2321316 -0.2536808 0.1876990 -0.9489021 0.2178047 -0.3708889 -0.9027749 0.0075155 0.2188530 -0.9757289 0.1119389 -0.5079771 -0.8540661 0.0826817 0.0257017 -0.0112669 0.0485785 0.0371581 0.0202086 0.0629040 0.0245345 0.0139770 -0.0005245 0.2097777 -0.1192539 0.2464423 0.0720443 -0.0167485 0.2497437 0.1589447 0.0445919 0.1762390 0.0694402 0.0359836 -0.0288540 0.7072467 -0.1223500
-0.0024721 0.0887072 -0.3297877 0.0959393 -0.0434902 -0.1760961 0.0655956 0.1029132 -0.3354647 0.0299000 0.0717117 -0.3513854 -0.0072385 0.2597433 -0.9656506 0.4675485 -0.2119442 -0.8581830 0.1837546 0.2882932 -0.9397453 0.0830849 0.1992697 -0.9764161 -0.0838920 -0.0288460 0.0138298 -0.0685985 0.0151935 -0.0287081 -0.0644533 -0.0343302 -0.0147830 -0.0728552 0.0126743 -0.0306590 -0.2521334 -0.0799658 0.0167532 -0.3364486 0.0762610 -0.1238571 -0.1805539 -0.0961307 -0.0416126 -0.1922180 0.0151235 0.0057846
-0.0863641 0.0598612 -0.3159580 0.0273408 -0.0282967 -0.2048042 0.0011423 0.0685830 -0.3502477 -0.0429552 0.0843860 -0.3820444 -0.2593719 0.1797775 -0.9488974 0.1310999 -0.1356832 -0.9820402 0.0032007 0.1921625 -0.9813579 -0.1091331 0.2143931 -0.9706315 0.0003477 -0.0008791 0.0019461 0.0226086 0.0416373 0.0033071 0.0007680 -0.0026237 0.0026288 0.0429029 -0.0246244 0.0371975 -0.0005910 -0.0015189 -0.0001248 0.1090137 0.1998133 0.0134160 0.0021984 -0.0057454 -0.0010980 0.1089835 -0.0436394 -0.0146822
-0.0860164 0.0589821 -0.3140118 0.0499494 0.0133406 -0.2014972 0.0019103 0.0659593 -0.3476188 -0.0000523 0.0597616 -0.3448470 -0.2599629 0.1782586 -0.9490222 0.2401136 0.0641301 -0.9686242 0.0053991 0.1864171 -0.9824559 -0.0001496 0.1707538 -0.9853137 0.0104529 -0.0087776 0.0184970 0.0479520 0.0212358 -0.0311894 0.0064972 -0.0042292 0.0105677 0.0678023 0.0022275 0.0270221 0.0155214 -0.0158512 -0.0069444 0.1441143 0.0715699 0.0554131 0.0191298 -0.0063202 -0.0008871 0.2049402 0.0166234 0.0246105
-0.0755634 0.0502045 -0.2955149 0.0979014 0.0345764 -0.2326865 0.0084075 0.0617301 -0.3370511 0.0677499 0.0619891 -0.3178249 -0.2444415 0.1624075 -0.9559666 0.3842279 0.1356999 -0.9132111 0.0245289 0.1800969 -0.9833430 0.2047907 0.1873771 -0.9607032 0.0139669 0.0219556 0.0187809 -0.0047103 0.0526988 -0.0058973 0.0070488 0.0080384 0.0058535 -0.0016006 0.0697766 -0.0440800 0.0338880 0.0842553 0.0100149 -0.0398395 0.1868261 0.0315231 0.0210894 0.0258197 0.0058373 -0.0355177 0.1498047 0.0346065
-0.0615965 0.0721601 -0.2767340 0.0931911 0.0872752 -0.2385838 0.0154563 0.0697685 -0.3311977 0.0661494 0.1317657 -0.3619049 -0.2105535 0.2466628 -0.9459517 0.3443884 0.3225260 -0.8816879 0.0456183 0.2059166 -0.9775057 0.1692729 0.3371819 -0.9260967 0.0025805 0.0025096 0.0004348 -0.0884781 0.0478882 0.0132497 0.0027674 -0.0012508 0.0009968 -0.1238188 0.0522026 -0.0121590 0.0086047 0.0088522 0.0004737 -0.3264550 0.1917833 0.0242707 0.0083417 -0.0030376 -0.0002103 -0.3063117 0.0999789 0.0372149
-0.0590160 0.0746697 -0.2762991 0.0047130 0.1351634 -0.2253341 0.0182237 0.0685177 -0.3302009 -0.0576694 0.1839683 -0.3740639 -0.2019488 0.2555150 -0.9454781 0.0179334 0.5143094 -0.8574172 0.0539600 0.2028790 -0.9777159 -0.1370388 0.4371608 -0.8888818 -0.0008218 0.0124747 0.0105985 -0.0194163 0.0526194 -0.0304530 -0.0025191 0.0066610 0.0091890 -0.0095374 0.0499175 -0.0242634 -0.0073055 0.0492313 0.0163159 -0.0642201 0.0768413 0.0521853 -0.0063804 0.0248859 0.0051629 -0.0069407 0.0639010 0.0355313
-0.0598378 0.0871444 -0.2657006 -0.0147033 0.1877828 -0.2557871 0.0157047 0.0751787 -0.3210119 -0.0672068 0.2338858 -0.3983273 -0.2092543 0.3047463 -0.9291622 -0.0462867 0.5911507 -0.8052319 0.0475796 0.2277650 -0.9725530 -0.1439795 0.5010617 -0.8533505 0.0008894 0.0024610 -0.0004991 0.0119136 0.0224492 -0.0172726 0.0007849 0.0024318 -0.0006354 0.0116156 0.0224492 -0.0171614 0.0038558 0.0074727 0.0016220 0.0381919 0.0188794 0.0128950 0.0021944 0.0065034 0.0016560 0.0308407 0.0206293 0.0077512
-0.0589484 0.0896054 -0.2661997 -0.0027897 0.2102320 -0.2730596 0.0164896 0.0776105 -0.3216473 -0.0555912 0.2563350 -0.4154886 -0.2053986 0.3122190 -0.9275401 -0.0080948 0.6100301 -0.7923369 0.0497740 0.2342684 -0.9708969 -0.1131388 0.5216910 -0.8455993 0.0803767 -0.0026952 -0.0433086 0.0452571 0.0494594 -0.0378220 0.0072859 -0.0553256 -0.0140384 0.0457182 0.0371949 0.1359542 0.2719063 -0.0424727 -0.0330918 0.1123614 0.0275678 0.0290562 0.0207213 -0.1681928 -0.0244243 0.0887886 0.2022542 0.1561716
0.0214283 0.0869102 -0.3095083 0.0424675 0.2596914 -0.3108816 0.0237755 0.0222849 -0.3356857 -0.0098730 0.2935299 -0.2795345 0.0665078 0.2697463 -0.9606319 0.1042667 0.6375978 -0.7632807 0.0704953 0.0660756 -0.9953213 -0.0243502 0.7239452 -0.6894276 -0.0785109 -0.0143607 0.0076769 0.0720375 0.0105966 -0.0142862 0.0099255 0.0492251 0.0080393 0.0348750 -0.0000762 -0.0432308 -0.2473591 -0.0398921 0.0043579 0.1571213 -0.0205937 0.0209989 0.0294933 0.1460898 0.0232163 0.0815707 -0.0523360 -0.0492651
-0.0570826 0.0725495 -0.3018314 0.1145050 0.2702880 -0.3251678 0.0337010 0.0715100 -0.3276464 0.0250020 0.2934537 -0.3227653 -0.1808513 0.2298541 -0.9562740 0.2613880 0.6170041 -0.7422818 0.0999886 0.2121654 -0.9721050 0.0572205 0.6716091 -0.7386928 -0.0093222 -0.0020852 0.0020581 0.0109801 0.0047549 -0.0165809 -0.0096433 0.0061243 0.0019061 0.0039394 0.0264107 -0.0396276 -0.0299428 -0.0061735 0.0046791 0.0136325 -0.0142039 -0.0067147 -0.0283301 0.0190769 0.0018514 0.0025473 -0.0110473 -0.0096961
-0.0664048 0.0704643 -0.2997733 0.1254851 0.2750429 -0.3417487 0.0240577 0.0776343 -0.3257404 0.0289414 0.3198644 -0.3623929 -0.2107941 0.2236806 -0.9515949 0.2750205 0.6028002 -0.7489965 0.0716585 0.2312423 -0.9702536 0.0597679 0.6605619 -0.7483888 0.0006648 -0.0057258 -0.0012223 0.0026708 0.0009682 -0.0238520 0.0005358 -0.0055904 -0.0016321 0.0337930 -0.0034309 -0.0321675 0.0019759 -0.0180436 -0.0044953 -0.0056033 -0.0225528 -0.0195915 0.0015131 -0.0168942 -0.0037591 0.0633253 -0.0396786 -0.0257895
-0.0657400 0.0647385 -0.3009956 0.1281559 0.2760111 -0.3656006 0.0245935 0.0720439 -0.3273724 0.0627345 0.3164335 -0.3945604 -0.2088182 0.2056370 -0.9560901 0.2694172 0.5802473 -0.7685879 0.0731716 0.2143481 -0.9740127 0.1230931 0.6208833 -0.7741783 0.0011318 0.0033997 -0.0001636 0.0387731 -0.0118370 -0.0201057 0.0006830 0.0042605 -0.0014143 0.0099934 0.0018748 -0.0317697 0.0040107 0.0103605 0.0014180 0.0668556 -0.0480779 -0.0084039 0.0015070 0.0110910 0.0026218 0.0123410 -0.0281282 -0.0197354
-0.0646082 0.0681382 -0.3011592 0.1669291 0.2641741 -0.3857063 0.0252765 0.0763044 -0.3287867 0.0727279 0.3183083 -0.4263301 -0.2048075 0.2159975 -0.9546722 0.3362727 0.5321694 -0.7769918 0.0746786 0.2254391 -0.9713909 0.1354342 0.5927551 -0.7939137 0.0014462 0.0041676 0.0003158 0.0041583 -0.0100710 -0.0102540 0.0014348 0.0033767 0.0000574 0.0081310 -0.0063227 -0.0340290 0.0047959 0.0129693 0.0020077 0.0054759 -0.0245962 -0.0139426 0.0040458 0.0093995 0.0025497 0.0084520 -0.0375851 -0.0252829
-0.0631620 0.0723058 -0.3008435 0.1710874 0.2541031 -0.3959604 0.0267113 0.0796811 -0.3287293 0.0808589 0.3119856 -0.4603591 -0.2000116 0.2289668 -0.9526645 0.3417486 0.5075733 -0.7909344 0.0787243 0.2348386 -0.9688412 0.1438862 0.5551700 -0.8191966 -0.0022501 0.0027224 0.0016578 -0.0331800 0.0015331 -0.0689133 -0.0022328 0.0022836 0.0016010 0.0212745 -0.0313596 -0.0427300 -0.0074422 0.0089842 0.0038008 -0.0901648 -0.0412172 -0.0571326 -0.0063300 0.0075689 0.0013715 0.0306865 -0.0755065 -0.0407146
-0.0654121 0.0750282 -0.2991856 0.1379074 0.2556362 -0.4648737 0.0244785 0.0819647 -0.3271283 0.1021333 0.2806260 -0.5030890 -0.2074538 0.2379510 -0.9488637 0.2515839 0.4663560 -0.8480670 0.0723943 0.2424075 -0.9674697 0.1745727 0.4796635 -0.8599112 0.0027327 0.0036823 -0.0005555 0.0319369 -0.0428650 -0.0180574 0.0027874 0.0055087 0.0001410 0.0076348 -0.0424461 -0.0306785 0.0092130 0.0109922 0.0008511 0.0547823 -0.0825582 -0.0230467 0.0078983 0.0151841 0.0045576 0.0099999 -0.0791696 -0.0376063
-0.0626794 0.0787105 -0.2997412 0.1698443 0.2127712 -0.4829310 0.0272659 0.0874734 -0.3269873 0.1097681 0.2381799 -0.5337675 -0.1982407 0.2489433 -0.9480126 0.3063661 0.3837979 -0.8711137 0.0802926 0.2575916 -0.9629121 0.1845725 0.4004939 -0.8975175 0.0021711 0.0044360 -0.0005308 -0.0315992 -0.0404938 -0.0358848 0.0021723 0.0068091 0.0003558 0.0121817 -0.0582272 -0.0186019 0.0075987 0.0130244 0.0019531 -0.0611986 -0.0782767 -0.0489677 0.0059760 0.0187031 0.0057188 0.0208669 -0.0973415 -0.0330164
-0.0605083 0.0831465 -0.3002719 0.1382451 0.1722774 -0.5188158 0.0294382 0.0942825 -0.3266315 0.1219498 0.1799527 -0.5523694 -0.1906420 0.2619677 -0.9460595 0.2451675 0.3055212 -0.9200813 0.0862686 0.2762947 -0.9571933 0.2054394 0.3031524 -0.9305339 0.0050297 0.0072272 0.0002617 0.0314714 -0.0537679 0.0498555 0.0049662 0.0072464 0.0000560 0.0273532 -0.0708255 0.0068669 0.0162908 0.0220475 0.0032249 0.0859138 -0.0743341 0.0052384 0.0138258 0.0190879 0.0070721 0.0537684 -0.1136946 -0.0165232
-0.0554786 0.0903737 -0.3000102 0.1697166 0.1185095 -0.4689603 0.0344044 0.1015289 -0.3265756 0.1493030 0.1091272 -0.5455025 -0.1743512 0.2840152 -0.9428346 0.3310813 0.2311871 -0.9148430 0.1000944 0.2953827 -0.9501212 0.2592078 0.1894578 -0.9470571 0.0020696 0.0027068 -0.0004920 -0.1104205 -0.0072611 0.1424961 0.0019400 0.0040121 -0.0003496 0.0117388 -0.0521262 0.0109455 0.0069718 0.0076914 0.0010855 -0.1616439 0.0867029 -0.0180219 0.0051127 0.0101295 0.0037630 0.0277570 -0.0878862 -0.0054840
-0.0534090 0.0930805 -0.3005022 0.0592961 0.1112484 -0.3264643 0.0363444 0.1055410 -0.3269251 0.1610419 0.0570010 -0.5345569 -0.1673795 0.2917066 -0.9417491 0.1694374 0.3178900 -0.9328649 0.1052071 0.3055121 -0.9463582 0.2869648 0.1015716 -0.9525410 0.0032551 0.0035600 -0.0012106 -0.0018435 0.0004404 -0.0023922 0.0033791 0.0034715 -0.0008278 0.0050868 -0.0648017 0.0363019 0.0110187 0.0095817 0.0011234 -0.0062315 -0.0006150 -0.0013195 0.0090450 0.0080275 0.0036815 0.0293030 -0.1164222 0.0039873
-0.0501539 0.0966405 -0.3017128 0.0574526 0.1116888 -0.3288564 0.0397235 0.1090125 -0.3277529 0.1661287 -0.0078007 -0.4982551 -0.1563608 0.3012883 -0.9406257 0.1632059 0.3172750 -0.9341843 0.1142521 0.3135397 -0.9426767 0.3162677 -0.0148507 -0.9485537 0.0016495 0.0013076 -0.0007931 0.1499420 -0.1253264 -0.0514869 0.0014779 0.0023972 -0.0008460 -0.0037831 -0.0558562 0.0353255 0.0055603 0.0032329 0.0001332 0.3152928 -0.3487396 0.0566600 0.0036652 0.0053118 0.0022357 0.0119127 -0.1138314 0.0127447
-0.0485044 0.0979481 -0.3025058 0.2073946 -0.0136376 -0.3803433 0.0412014 0.1114097 -0.3285990 0.1623456 -0.0636569 -0.4629296 -0.1508004 0.3045212 -0.9404925 0.4784988 -0.0314646 -0.8775243 0.1179173 0.3188514 -0.9404410 0.3281805 -0.1286821 -0.9358090 0.0015483 0.0014015 -0.0011619 -0.0163892 -0.0483641 0.0214566 0.0018204 0.0022566 0.0002670 -0.0211616 -0.0638061 0.0387785 0.0053977 0.0031212 0.0001658 -0.0140485 -0.1192993 0.0048524 0.0049657 0.0058130 0.0026282 -0.0244600 -0.1455214 0.0233583
-0.0469561 0.0993496 -0.3036677 0.1910054 -0.0620017 -0.3588867 0.0430218 0.1136663 -0.3283319 0.1411839 -0.1274630 -0.4241511 -0.1454027 0.3076424 -0.9403266 0.4644503 -0.1507639 -0.8726719 0.1228830 0.3246645 -0.9378128 0.3037205 -0.2742035 -0.9124507 0.0013345 0.0007200 -0.0011942 -0.0077568 -0.0283769 0.0238487 0.0014672 0.0006040 -0.0007729 -0.0046480 -0.0314972 0.0441266 0.0046355 0.0011261 -0.0003362 0.0025122 -0.0795430 0.0189127 0.0037914 0.0006993 0.0007471 0.0109010 -0.0920905 0.0367556
-0.0456216 0.1000696 -0.3048619 0.1832486 -0.0903786 -0.3350380 0.0444890 0.1142703 -0.3291048 0.1365360 -0.1589602 -0.3800245 -0.1407672 0.3087685 -0.9406628 0.4669625 -0.2303069 -0.8537592 0.1266744 0.3253638 -0.9370656 0.3146215 -0.3662940 -0.8756952 0.0008298 0.0005822 -0.0011341 -0.0257343 -0.0557201 0.0169011 0.0009366 -0.0000347 -0.0010909 -0.0176594 -0.0377262 0.0249265 0.0030410 0.0007160 -0.0002148 -0.0566447 -0.1502737 0.0250266 0.0022518 -0.0011426 -0.0000889 -0.0335760 -0.0987081 0.0361795
-0.0447919 0.1006518 -0.3059960 0.1575143 -0.1460987 -0.3181369 0.0454257 0.1142356 -0.3301957 0.1188765 -0.1966864 -0.3550980 -0.1377262 0.3094845 -0.9408777 0.4103178 -0.3805806 -0.8287326 0.1289262 0.3242211 -0.9371546 0.2810455 -0.4650020 -0.8395156 0.0023606 0.0007576 -0.0018431 -0.0008442 -0.0077250 0.0195699 0.0025962 -0.0004352 -0.0016043 -0.0109966 -0.0215776 0.0204489 0.0079185 0.0007517 -0.0008778 0.0124213 -0.0344781 0.0231161 0.0067115 -0.0027919 -0.0000144 -0.0203680 -0.0624038 0.0308808
-0.0424313 0.1014094 -0.3078391 0.1566701 -0.1538237 -0.2985671 0.0480219 0.1138004 -0.3318000 0.1078800 -0.2182640 -0.3346491 -0.1298077 0.3102362 -0.9417555 0.4227391 -0.4150587 -0.8056165 0.1356377 0.3214292 -0.9371690 0.2606775 -0.5274058 -0.8086349 -0.0001287 0.0002210 -0.0006817 -0.0055846 -0.0101380 0.0206971 -0.0001302 -0.0005849 -0.0010886 -0.0021379 -0.0079438 0.0151727 -0.0001046 -0.0000141 0.0000098 0.0013473 -0.0451702 0.0256549 -0.0006788 -0.0023872 -0.0009133 0.0001029 -0.0304666 0.0207440
-0.0425600 0.1016304 -0.3085208 0.1510855 -0.1639617 -0.2778700 0.0478916 0.1132155 -0.3328886 0.1057420 -0.2262078 -0.3194764 -0.1299124 0.3102222 -0.9417457 0.4240864 -0.4602289 -0.7799616 0.1349589 0.3190420 -0.9380822 0.2607804 -0.5578724 -0.7878908 0.0007364 0.0002718 -0.0007608 -0.0020196 0.0003083 0.0215888 0.0008416 -0.0002477 -0.0006135 -0.0006748 0.0007593 0.0070257 0.0025225 0.0001606 -0.0002916 0.0160918 -0.0230247 0.0231861 0.0021354 -0.0012453 -0.0001130 0.0023059 -0.0066465 0.0055201
-0.0418235 0.1019022 -0.3092816 0.1490659 -0.1636533 -0.2562812 0.0487332 0.1129678 -0.3335021 0.1050672 -0.2254485 -0.3124507 -0.1273899 0.3103828 -0.9420373 0.4401782 -0.4832536 -0.7567755 0.1370943 0.3177967 -0.9381953 0.2630863 -0.5645189 -0.7823708 -0.0004896 -0.0004908 -0.0001816 -0.0010591 -0.0000715 0.0011762 -0.0006059 -0.0013061 -0.0009649 -0.0023303 -0.0006780 0.0028807 -0.0014590 -0.0015720 -0.0003181 -0.0014164 -0.0021040 0.0005241 -0.0018610 -0.0040371 -0.0016275 -0.0042315 -0.0052272 0.0023813
-0.0423131 0.1014114 -0.3094632 0.1480068 -0.1637248 -0.2551050 0.0481272 0.1116617 -0.3344670 0.1027369 -0.2261265 -0.3095700 -0.1288489 0.3088108 -0.9423555 0.4387618 -0.4853576 -0.7562513 0.1352333 0.3137596 -0.9398228 0.2588548 -0.5697461 -0.7799894 -0.0028676 -0.0009049 0.0008635 0.0005897 0.0046208 0.0067759 -0.0030545 -0.0019587 -0.0002013 0.0019795 0.0051011 0.0051156 -0.0090301 -0.0020928 0.0005946 0.0111953 0.0035831 0.0042993 -0.0082900 -0.0047912 -0.0027396 0.0092873 0.0037770 0.0003878
-0.0451807 0.1005065 -0.3085997 0.1485965 -0.1591040 -0.2483290 0.0450728 0.1097030 -0.3346683 0.1047164 -0.2210254 -0.3044544 -0.1378790 0.3067180 -0.9417608 0.4499571 -0.4817745 -0.7519520 0.1269433 0.3089684 -0.9425624 0.2681422 -0.5659691 -0.7796017 0.0000931 -0.0003232 -0.0005447 -0.0036922 0.0020783 -0.0124909 0.0001525 -0.0011615 -0.0006239 -0.0056714 0.0004015 -0.0089211 0.0004524 -0.0013603 -0.0005080 -0.0201866 0.0160532 -0.0216118 0.0003396 -0.0034872 -0.0010902 -0.0179273 0.0086124 -0.0120712
-0.0450876 0.1001833 -0.3091444 0.1449043 -0.1570257 -0.2608199 0.0452253 0.1085415 -0.3352922 0.0990450 -0.2206239 -0.3133755 -0.1374266 0.3053577 -0.9422689 0.4297705 -0.4657213 -0.7735638 0.1272829 0.3054812 -0.9436526 0.2502148 -0.5573568 -0.7916729 0.0567472 0.0034398 -0.0254292 -0.0012145 0.0018500 -0.0066012 0.0355451 0.0018471 -0.0060299 -0.0020653 0.0026451 -0.0068081 0.1706970 -0.0096694 -0.0124361 -0.0083191 0.0105809 -0.0107995 0.0923752 -0.0052752 0.0154141 -0.0073384 0.0114491 -0.0101973
0.0116595 0.1036231 -0.3345736 0.1436898 -0.1551757 -0.2674211 0.0807704 0.1103886 -0.3413221 0.0969796 -0.2179788 -0.3201837 0.0332705 0.2956883 -0.9547049 0.4214515 -0.4551404 -0.7843633 0.2196581 0.3002060 -0.9282385 0.2428765 -0.5459077 -0.8018702 -0.0519295 -0.0099829 0.0238435 -0.0033671 0.0012604 -0.0130483 -0.0313294 -0.0033684 0.0044593 -0.0050211 -0.0010499 -0.0085669 -0.1564120 -0.0093460 0.0045237 -0.0197803 0.0145605 -0.0184751 -0.0811273 -0.0003416 -0.0156315 -0.0161512 0.0058887 -0.0086698
-0.0402700 0.0936402 -0.3107301 0.1403227 -0.1539154 -0.2804694 0.0494410 0.1070202 -0.3368628 0.0919585 -0.2190287 -0.3287505 -0.1231415 0.2863422 -0.9501812 0.4016712 -0.4405799 -0.8028385 0.1385308 0.2998644 -0.9438700 0.2267252 -0.5400190 -0.8105400 -0.0003049 0.0001258 0.0005728 0.0001133 0.0016323 -0.0049938 -0.0003061 -0.0001078 0.0004488 -0.0009757 0.0042841 -0.0073399 -0.0011110 0.0007977 0.0003854 -0.0035041 0.0088237 -0.0065128 -0.0006652 0.0001167 -0.0000603 -0.0043191 0.0150791 -0.0110278
-0.0405748 0.0937660 -0.3101573 0.1404360 -0.1522831 -0.2854632 0.0491349 0.1069124 -0.3364140 0.0909828 -0.2147446 -0.3360904 -0.1242525 0.2871400 -0.9497958 0.3981671 -0.4317562 -0.8093513 0.1378656 0.2999811 -0.9439303 0.2224061 -0.5249399 -0.8215678 0.0001424 0.0001608 0.0006213 0.0044398 0.0077269 0.0007416 0.0002603 -0.0003075 0.0007931 0.0089374 0.0123353 -0.0008670 0.0002229 0.0009878 0.0002700 0.0150024 0.0194983 -0.0026428 0.0010441 -0.0001858 0.0000941 0.0239586 0.0258766 -0.0092392
-0.0404324 0.0939268 -0.3095360 0.1448758 -0.1445562 -0.2847217 0.0493952 0.1066049 -0.3356209 0.0999202 -0.2024093 -0.3369573 -0.1240295 0.2881278 -0.9495257 0.4131695 -0.4122579 -0.8119941 0.1389097 0.2997953 -0.9438363 0.2463648 -0.4990633 -0.8308070 0.0014543 0.0019605 -0.0002710 -0.0003503 0.0037715 -0.0011512 0.0017891 0.0007858 0.0003459 0.0018051 0.0108535 0.0011626 0.0046994 0.0054284 0.0010611 -0.0001235 0.0099032 -0.0050149 0.0049654 0.0020714 0.0014051 0.0081079 0.0198738 -0.0092056
-0.0389780 0.0958873 -0.3098069 0.1445255 -0.1407846 -0.2858729 0.0511843 0.1073907 -0.3352751 0.1017254 -0.1915558 -0.3357947 -0.1193301 0.2935561 -0.9484646 0.4130460 -0.4023547 -0.8170090 0.1438751 0.3018667 -0.9424312 0.2544727 -0.4791895 -0.8400126 -0.0000062 0.0008842 0.0006414 -0.0011872 0.0080570 -0.0033516 0.0002354 0.0001414 0.0011782 -0.0011294 0.0162847 0.0012374 -0.0001457 0.0030215 0.0009588 -0.0023552 0.0220655 -0.0116726 0.0010826 0.0012779 0.0005763 0.0029009 0.0307601 -0.0159488
-0.0389843 0.0967715 -0.3091655 0.1433383 -0.1327276 -0.2892244 0.0514197 0.1075321 -0.3340969 0.1005959 -0.1752712 -0.3345573 -0.1194759 0.2965776 -0.9475058 0.4106908 -0.3802892 -0.8286816 0.1449577 0.3031446 -0.9418549 0.2573736 -0.4484294 -0.8559614 0.0000000 0.0000000 0.0000000 0.0000000 0.0000000 0.0000000 0.0000000 0.0000000 0.0000000 0.0000000 0.0000000 0.0000000 0.0000000 0.0000000 0.0000000 0.0000000 0.0000000 0.0000000 0.0000000 0.0000000 0.0000000 0.0000000 0.0000000 0.0000000
