-0.0898470 0.0564100 -0.3276686 0.2796014 0.0151552 -0.0591439 -0.0560405 0.0382451 -0.3809139 0.3247505 -0.0273686 -0.0376692 -0.2608688 0.1637854 -0.9513789 0.9769788 0.0529552 -0.2066597 -0.1448415 0.0988478 -0.9845050 0.9898773 -0.0834225 -0.1148201 0.0432310 -0.0085553 0.0462440 0.0591475 0.2542468 0.0901706 0.0695414 0.0049573 0.0698414 0.0562829 0.3124677 0.1163776 0.0997048 0.0016614 -0.0215823 -0.1963165 0.5678941 0.2781621 0.1877903 0.0385871 -0.0050743 -0.1999276 0.6744834 0.2779965
-0.0466160 0.0478547 -0.2814246 0.3387489 0.2694020 0.0310266 0.0135009 0.0432024 -0.3110725 0.3810334 0.2850991 0.0787084 -0.1611640 0.1654468 -0.9729612 0.7806623 0.6208493 0.0715023 0.0429487 0.1374350 -0.9895792 0.7899497 0.5910609 0.1631764 -0.0492813 -0.0064412 -0.0382130 -0.2189428 0.0369386 -0.2272861 -0.0283999 -0.0178178 -0.0465980 -0.2718796 0.0161595 -0.2758959 -0.1240127 -0.0422922 0.0224312 -0.4678812 0.1789225 -0.5838821 -0.0844642 -0.0667020 -0.0070518 -0.4998297 0.2096542 -0.6872810
-0.0958972 0.0414136 -0.3196377 0.1198061 0.3063407 -0.1962594 -0.0148991 0.0253846 -0.3576705 0.1091539 0.3012587 -0.1971876 -0.2851766 0.1231546 -0.9505300 0.3127811 0.7997718 -0.5123798 -0.0415155 0.0707330 -0.9966310 0.2901200 0.8007151 -0.5241047 0.0044735 0.0085950 0.0003204 0.0190255 0.0092242 -0.0079475 -0.0422687 0.0056629 -0.0143240 0.0093331 0.0066425 -0.0084887 0.0129937 0.0257288 -0.0001278 0.0336967 -0.0122266 0.0027469 -0.1098661 0.0114816 0.0115805 0.0146511 -0.0087347 -0.0049338
-0.0914238 0.0500086 -0.3193173 0.1388317 0.3155649 -0.2042070 -0.0571678 0.0310475 -0.3719945 0.1184870 0.3079012 -0.2056762 -0.2721829 0.1488834 -0.9506578 0.3464778 0.7875452 -0.5096329 -0.1513816 0.0822146 -0.9850504 0.3047710 0.7919804 -0.5290384 -0.0012519 0.0031699 -0.0014100 0.0152909 0.0033905 -0.0167324 0.0169242 0.0176952 0.0094834 0.0163715 0.0098972 -0.0209721 -0.0019591 0.0084227 0.0019213 0.0226842 -0.0235678 -0.0195720 0.0420184 0.0502456 -0.0000861 0.0217789 -0.0224547 -0.0197742
-0.0926757 0.0531785 -0.3207273 0.1541226 0.3189554 -0.2209394 -0.0402435 0.0487428 -0.3625110 0.1348585 0.3177984 -0.2266484 -0.2741420 0.1573061 -0.9487365 0.3691620 0.7639775 -0.5292049 -0.1093632 0.1324602 -0.9851365 0.3265500 0.7695257 -0.5488126 -0.0094027 -0.0019283 -0.0032280 0.0181939 0.0157895 -0.0219517 -0.0748700 -0.0497664 -0.0015965 0.0143384 -0.0051093 -0.0203305 -0.0230277 -0.0081069 0.0056406 0.0154356 -0.0168520 -0.0129097 -0.1920819 -0.1351409 0.0316568 0.0241059 -0.0346157 -0.0316594
-0.1020784 0.0512502 -0.3239553 0.1723166 0.3347449 -0.2428911 -0.1151135 -0.0010237 -0.3641075 0.1491969 0.3126891 -0.2469789 -0.2971696 0.1491992 -0.9430959 0.3845976 0.7471254 -0.5421146 -0.3014451 -0.0026807 -0.9534798 0.3506559 0.7349100 -0.5804720 0.0010646 -0.0025967 0.0024571 0.0231077 -0.0222212 -0.0116073 0.0712150 0.0361819 0.0098925 0.0063104 -0.0092753 -0.0520837 0.0004962 -0.0063056 -0.0011320 0.0516965 -0.0494012 -0.0260652 0.1790464 0.1007095 -0.0341482 -0.0077668 -0.0658911 -0.0789526
-0.1010137 0.0486535 -0.3214982 0.1954243 0.3125237 -0.2544984 -0.0438986 0.0351583 -0.3542150 0.1555072 0.3034138 -0.2990626 -0.2966734 0.1428936 -0.9442279 0.4362941 0.6977242 -0.5681799 -0.1223987 0.0980288 -0.9876279 0.3428890 0.6690189 -0.6594246 0.0373863 -0.0019509 -0.0083384 0.0045396 0.0399157 0.0678928 0.0358227 -0.0007921 -0.0113507 0.0455401 -0.0127371 0.0170426 0.1090643 -0.0051880 -0.0283152 0.0119374 0.0922907 0.1498919 0.1004095 -0.0044561 -0.0077417 0.1017490 -0.0261557 0.0357067
-0.0636274 0.0467027 -0.3298366 0.1999639 0.3524395 -0.1866056 -0.0080759 0.0343661 -0.3655657 0.2010474 0.2906768 -0.2820201 -0.1876092 0.1377056 -0.9725430 0.4482315 0.7900150 -0.4182880 -0.0219893 0.0935728 -0.9953696 0.4446380 0.6428632 -0.6237179 -0.0049942 0.0006876 0.0004150 -0.0000776 -0.0087192 -0.0535758 -0.0047207 0.0066810 -0.0007075 0.0094588 -0.0167019 -0.0170879 -0.0143297 0.0017538 0.0031248 -0.0179307 -0.0500787 -0.0987570 -0.0127098 0.0177300 0.0021890 0.0159975 -0.0433439 -0.0307985
-0.0686216 0.0473902 -0.3294216 0.1998863 0.3437203 -0.2401813 -0.0127966 0.0410471 -0.3662732 0.2105062 0.2739748 -0.2991080 -0.2019389 0.1394594 -0.9694183 0.4303008 0.7399362 -0.5170450 -0.0346991 0.1113027 -0.9931806 0.4606355 0.5995192 -0.6545163 -0.0349435 0.0011384 0.0095642 -0.0011642 -0.0626473 -0.0785963 -0.0364730 0.0054683 0.0068855 -0.0273059 -0.0164713 -0.0307990 -0.1029421 0.0034020 0.0278036 -0.0067314 -0.1408386 -0.1624187 -0.1000205 0.0158862 0.0104936 -0.0596251 -0.0358653 -0.0676228
-0.1035651 0.0485286 -0.3198574 0.1987221 0.2810730 -0.3187776 -0.0492696 0.0465154 -0.3593876 0.1832003 0.2575035 -0.3299070 -0.3048810 0.1428614 -0.9416147 0.4235694 0.5990977 -0.6794637 -0.1347196 0.1271889 -0.9826869 0.4010104 0.5636539 -0.7221391 -0.0044409 0.0014449 0.0015476 0.0145817 -0.0278522 -0.0071248 -0.0047228 0.0021734 0.0011334 0.0075435 -0.0132586 -0.0055743 -0.0129437 0.0041936 0.0049385 0.0355661 -0.0540407 -0.0220400 -0.0129792 0.0060020 0.0026639 0.0166348 -0.0288649 -0.0124173
-0.1080061 0.0499736 -0.3183098 0.2133038 0.2532209 -0.3259024 -0.0539923 0.0486889 -0.3582542 0.1907439 0.2442450 -0.3354813 -0.3178247 0.1470550 -0.9366762 0.4591355 0.5450570 -0.7015037 -0.1476988 0.1331909 -0.9800231 0.4176452 0.5347891 -0.7345564 -0.0007845 0.0020774 0.0030260 0.0122507 -0.0194747 -0.0067295 -0.0008627 0.0032851 0.0029001 0.0044836 -0.0160370 -0.0074042 -0.0044579 0.0071415 0.0026755 0.0260052 -0.0422968 -0.0139477 -0.0032922 0.0098699 0.0018946 0.0106632 -0.0341247 -0.0176983
-0.1087905 0.0520510 -0.3152837 0.2255545 0.2337462 -0.3326319 -0.0548550 0.0519740 -0.3553541 0.1952274 0.2282080 -0.3428855 -0.3222826 0.1541965 -0.9340007 0.4851407 0.5027601 -0.7154514 -0.1509910 0.1430608 -0.9781285 0.4283085 0.5006643 -0.7522547 -0.0014450 0.0012771 0.0003009 0.0072157 -0.0094186 -0.0073629 0.0004986 0.0015523 0.0030586 0.0038208 -0.0087555 -0.0065704 -0.0039067 0.0036024 0.0019599 0.0110127 -0.0246021 -0.0092532 0.0001938 0.0054334 0.0007802 0.0061549 -0.0216646 -0.0105040
-0.1102355 0.0533281 -0.3149828 0.2327701 0.2243276 -0.3399948 -0.0543564 0.0535263 -0.3522955 0.1990483 0.2194525 -0.3494559 -0.3261893 0.1577989 -0.9320408 0.4961534 0.4781580 -0.7247046 -0.1507972 0.1484942 -0.9773483 0.4344634 0.4789997 -0.7627587 -0.0003221 0.0029257 -0.0027193 0.0028116 -0.0082841 -0.0032715 -0.0002169 0.0021178 -0.0025570 0.0032337 -0.0064748 -0.0047567 0.0020307 0.0071390 0.0005277 0.0061024 -0.0175573 -0.0071329 0.0005859 0.0046641 0.0006298 0.0051304 -0.0161624 -0.0070067
-0.1105576 0.0562538 -0.3177021 0.2355817 0.2160435 -0.3432663 -0.0545734 0.0556441 -0.3548525 0.2022820 0.2129777 -0.3542127 -0.3241586 0.1649379 -0.9315131 0.5022558 0.4606007 -0.7318375 -0.1502112 0.1531583 -0.9767185 0.4395938 0.4628374 -0.7697654 -0.0004600 0.0004506 0.0008806 -0.0062038 -0.0116029 0.0013601 -0.0003083 -0.0001010 0.0011222 0.0050458 -0.0082508 -0.0011622 -0.0019181 0.0016121 0.0009568 -0.0032662 -0.0158598 -0.0119467 -0.0012927 0.0001715 0.0002266 0.0115570 -0.0173463 -0.0035396
-0.1110176 0.0567044 -0.3168216 0.2293779 0.2044406 -0.3419062 -0.0548817 0.0555431 -0.3537302 0.2073278 0.2047269 -0.3553748 -0.3260767 0.1665500 -0.9305563 0.4989896 0.4447409 -0.7437842 -0.1515039 0.1533298 -0.9764920 0.4511508 0.4454911 -0.7733050 0.0014272 0.0040385 -0.0041436 0.0061905 -0.0015330 -0.0077930 0.0014487 0.0035934 -0.0040943 0.0028872 -0.0056260 -0.0064551 0.0080134 0.0097436 -0.0009780 0.0044427 -0.0111079 -0.0035566 0.0057485 0.0079839 0.0004114 0.0024719 -0.0158517 -0.0074872
-0.1095904 0.0607429 -0.3209652 0.2355684 0.2029076 -0.3496993 -0.0534329 0.0591365 -0.3578245 0.2102151 0.1991009 -0.3618300 -0.3180633 0.1762936 -0.9315344 0.5034323 0.4336330 -0.7473408 -0.1457554 0.1613137 -0.9760806 0.4536227 0.4296394 -0.7807922 -0.0008382 0.0041932 -0.0018333 0.0008009 -0.0032455 -0.0041647 -0.0009766 0.0037434 -0.0020211 -0.0001224 -0.0063042 -0.0043707 0.0000906 0.0106860 0.0020550 -0.0005816 -0.0088731 -0.0054673 -0.0015649 0.0089411 0.0017551 -0.0009590 -0.0142415 -0.0082200
-0.1104286 0.0649361 -0.3227984 0.2363693 0.1996621 -0.3538640 -0.0544095 0.0628799 -0.3598456 0.2100927 0.1927968 -0.3662006 -0.3179727 0.1869796 -0.9294794 0.5028507 0.4247599 -0.7528082 -0.1473203 0.1702548 -0.9743254 0.4526636 0.4153979 -0.7890122 -0.0023232 0.0002724 0.0025555 0.0075360 -0.0184164 0.0287215 -0.0256273 -0.0083615 -0.0181060 0.0034110 -0.0054474 -0.0012558 -0.0081657 0.0016381 0.0031657 0.0452062 -0.0174996 0.0222107 -0.0578176 -0.0305218 0.0056185 0.0070342 -0.0120134 -0.0021634
-0.1127518 0.0652085 -0.3202429 0.2439053 0.1812457 -0.3251424 -0.0800368 0.0545184 -0.3779517 0.2135037 0.1873494 -0.3674564 -0.3261384 0.1886177 -0.9263137 0.5480569 0.4072603 -0.7305974 -0.2051379 0.1397330 -0.9687069 0.4596978 0.4033846 -0.7911756 -0.0000280 0.0015842 -0.0005391 -0.0030620 -0.0049966 -0.0176730 -0.0253183 -0.0099561 -0.0058029 0.0041133 -0.0098541 -0.0020219 0.0006819 0.0041306 0.0006107 -0.0181762 -0.0194936 -0.0236329 -0.0579597 -0.0284499 0.0103773 0.0092173 -0.0209226 -0.0049660
-0.1127798 0.0667927 -0.3207820 0.2408432 0.1762491 -0.3428154 -0.1053551 0.0445623 -0.3837546 0.2176170 0.1774953 -0.3694783 -0.3254565 0.1927483 -0.9257031 0.5298808 0.3877667 -0.7542303 -0.2630976 0.1112831 -0.9583297 0.4689151 0.3824620 -0.7961416 0.0040226 0.0020171 -0.0019617 0.0043151 0.0022085 0.0212875 0.0010510 0.0005839 -0.0017192 0.0030427 -0.0178160 -0.0022248 0.0124476 0.0052899 -0.0031706 0.0248245 0.0160187 0.0267281 0.0035573 0.0010544 -0.0008466 0.0099304 -0.0359477 -0.0104778
-0.1087572 0.0688098 -0.3227438 0.2451583 0.1784576 -0.3215279 -0.1043041 0.0451462 -0.3854738 0.2206596 0.1596793 -0.3717031 -0.3130089 0.1980382 -0.9288737 0.5547053 0.4037854 -0.7275022 -0.2595403 0.1123374 -0.9591763 0.4788455 0.3465142 -0.8066194 -0.0001067 0.0014576 -0.0010631 0.0009636 -0.0127793 -0.0022468 -0.0043113 -0.0003602 -0.0005063 0.0017831 -0.0239448 -0.0081078 0.0008713 0.0034343 0.0004454 0.0057416 -0.0265178 -0.0097688 -0.0096664 -0.0013339 0.0025123 0.0040860 -0.0518297 -0.0179643
-0.1088639 0.0702673 -0.3238069 0.2461219 0.1656782 -0.3237747 -0.1086154 0.0447860 -0.3859801 0.2224427 0.1357344 -0.3798109 -0.3121376 0.2014724 -0.9284282 0.5604469 0.3772677 -0.7372709 -0.2692067 0.1110035 -0.9566640 0.4829315 0.2946845 -0.8245837 -0.0007468 0.0024067 -0.0010766 -0.0037580 -0.0341533 -0.0077975 -0.0141735 0.0043028 -0.0004247 0.0017365 -0.0230711 0.0028280 -0.0005953 0.0058756 0.0014952 0.0015525 -0.0722845 -0.0315867 -0.0314474 0.0091927 0.0105350 0.0121187 -0.0458926 -0.0078993
-0.1096107 0.0726740 -0.3248835 0.2423639 0.1315249 -0.3315722 -0.1227889 0.0490888 -0.3864048 0.2241793 0.1126633 -0.3769829 -0.3127329 0.2073480 -0.9269331 0.5619993 0.3049831 -0.7688576 -0.3006540 0.1201962 -0.9461290 0.4950502 0.2487919 -0.8324830 -0.0083714 0.0005321 -0.0035086 0.0047595 -0.0172400 0.0159289 -0.0038240 -0.0016544 -0.0034382 0.0080031 -0.0235042 0.0147749 -0.0181762 -0.0020238 0.0058787 0.0308397 -0.0308182 0.0116421 -0.0061942 -0.0052380 0.0013386 0.0333846 -0.0458704 0.0081169
-0.1179821 0.0732061 -0.3283920 0.2471234 0.1142849 -0.3156433 -0.1266129 0.0474345 -0.3898430 0.2321824 0.0891591 -0.3622079 -0.3309091 0.2053242 -0.9210543 0.5928391 0.2741650 -0.7572156 -0.3068482 0.1149582 -0.9447903 0.5284348 0.2029215 -0.8243661 0.0002246 -0.0006555 0.0006329 -0.0024304 -0.0189864 0.0073321 -0.0005491 0.0053568 -0.0014457 -0.0067177 -0.0417473 0.0108617 -0.0001048 -0.0013859 -0.0002702 0.0113646 -0.0388509 -0.0040763 0.0002904 0.0123093 0.0014848 0.0081936 -0.0900766 -0.0118731
-0.1177575 0.0725506 -0.3277591 0.2446929 0.0952985 -0.3083112 -0.1271620 0.0527913 -0.3912886 0.2254647 0.0474119 -0.3513463 -0.3310140 0.2039383 -0.9213245 0.6042036 0.2353141 -0.7612918 -0.3065578 0.1272675 -0.9433055 0.5366284 0.1128449 -0.8362392 -0.0004270 0.0006239 -0.0012951 0.0162916 -0.0302358 0.0476823 0.0003389 0.0025871 -0.0019805 0.0020263 -0.0094702 0.0339565 0.0001595 0.0009120 0.0001451 0.0926265 -0.0615962 0.0654112 0.0023579 0.0055641 0.0000038 0.0432078 -0.0161381 0.0272659
-0.1181845 0.0731745 -0.3290543 0.2609845 0.0650627 -0.2606289 -0.1268231 0.0553785 -0.3932691 0.2274910 0.0379416 -0.3173898 -0.3308545 0.2048504 -0.9211795 0.6968302 0.1737179 -0.6958806 -0.3041999 0.1328317 -0.9433017 0.5798362 0.0967068 -0.8089733 -0.0054427 0.0001231 -0.0046394 -0.0117766 -0.0094859 0.0148302 -0.0044631 0.0010581 -0.0050149 -0.0126358 -0.0292706 0.0237388 -0.0094082 -0.0031110 0.0027447 0.0063216 -0.0169053 0.0023480 -0.0060632 0.0005426 0.0020536 0.0104858 -0.0728828 0.0021571
-0.1236272 0.0732977 -0.3336937 0.2492079 0.0555768 -0.2457987 -0.1312862 0.0564366 -0.3982840 0.2148552 0.0086711 -0.2936510 -0.3402627 0.2017394 -0.9184348 0.7031517 0.1568126 -0.6935326 -0.3102631 0.1333743 -0.9412482 0.5903220 0.0238240 -0.8068162 0.0092037 0.0028888 -0.0114099 -0.0089963 -0.0164797 0.0238573 0.0956795 0.0336873 0.0100768 -0.0051174 -0.0210839 0.0276981 0.0322379 0.0033524 -0.0105744 0.0261425 -0.0381119 0.0197076 0.2212729 0.0918685 -0.0289819 0.0284975 -0.0604474 0.0221372
-0.1144235 0.0761865 -0.3451036 0.2402116 0.0390971 -0.2219414 -0.0356067 0.0901239 -0.3882072 0.2097378 -0.0124128 -0.2659529 -0.3080248 0.2050918 -0.9290092 0.7292942 0.1187007 -0.6738250 -0.0889903 0.2252428 -0.9702301 0.6188195 -0.0366234 -0.7846790 0.0085616 0.0074611 -0.0044178 -0.0171277 -0.0101452 0.0143479 0.0103290 0.0045721 -0.0019138 -0.0212417 -0.0066065 0.0262881 0.0254689 0.0181719 -0.0038978 -0.0005097 -0.0241189 -0.0043545 0.0261487 0.0101761 0.0003698 -0.0018159 -0.0256327 0.0001851
-0.1058619 0.0836476 -0.3495214 0.2230839 0.0289519 -0.2075935 -0.0252777 0.0946960 -0.3901210 0.1884961 -0.0190194 -0.2396648 -0.2825560 0.2232637 -0.9329070 0.7287845 0.0945818 -0.6781795 -0.0628416 0.2354189 -0.9698602 0.6170036 -0.0622561 -0.7844939 0.0063764 0.0063845 -0.0056403 -0.0276383 -0.0122824 0.0052064 0.0056356 0.0043098 -0.0075701 -0.0276708 -0.0120320 0.0050441 0.0205187 0.0138740 -0.0025620 -0.0353373 -0.0354379 -0.0398963 0.0149691 0.0058820 0.0005914 -0.0549517 -0.0462624 -0.0354581
-0.0994855 0.0900321 -0.3551617 0.1954456 0.0166695 -0.2023871 -0.0196421 0.0990058 -0.3976912 0.1608253 -0.0310514 -0.2346207 -0.2620373 0.2371377 -0.9354690 0.6934473 0.0591439 -0.7180758 -0.0478725 0.2413009 -0.9692689 0.5620519 -0.1085185 -0.8199520 0.0001917 -0.0023896 -0.0034598 -0.0129458 -0.0593441 -0.0284607 -0.0016802 -0.0024833 -0.0068198 -0.0293921 -0.0511158 -0.0148693 0.0023069 -0.0078843 -0.0026051 -0.0796965 -0.2026594 -0.0582703 -0.0033320 -0.0095061 -0.0021473 -0.1145740 -0.1712285 -0.0294625
-0.0992938 0.0876425 -0.3586215 0.1824998 -0.0426746 -0.2308478 -0.0213223 0.0965225 -0.4045109 0.1314332 -0.0821673 -0.2494900 -0.2597304 0.2292534 -0.9380741 0.6137508 -0.1435155 -0.7763461 -0.0512045 0.2317948 -0.9714161 0.4474779 -0.2797470 -0.8494146 -0.0003012 -0.0024676 -0.0052625 0.0541589 0.0009334 0.0663714 -0.0464119 -0.0280093 -0.0142813 0.0596783 -0.0029465 0.0613664 0.0022213 -0.0090282 -0.0027712 0.1989282 0.0001776 0.2115389 -0.1064153 -0.0723621 -0.0031285 0.2317853 -0.0227710 0.1807710
-0.0995949 0.0851749 -0.3638839 0.2366587 -0.0417411 -0.1644764 -0.0677342 0.0685132 -0.4187923 0.1911115 -0.0851138 -0.1881236 -0.2575091 0.2202252 -0.9408453 0.8126790 -0.1433378 -0.5648072 -0.1576198 0.1594327 -0.9745446 0.6792633 -0.3025180 -0.6686436 -0.0055924 0.0025709 -0.0069539 0.0450933 0.0414251 0.0894172 -0.0077003 0.0037035 -0.0084485 0.1352587 0.0407146 0.1323911 -0.0085668 0.0017317 0.0027948 0.1536191 0.1422541 0.3073835 -0.0138929 0.0047639 0.0031421 0.2977227 0.1696096 0.5018088
-0.1051873 0.0877458 -0.3708379 0.2817519 -0.0003160 -0.0750593 -0.0754345 0.0722167 -0.4272408 0.3263701 -0.0443991 -0.0557325 -0.2660759 0.2219568 -0.9380505 0.9662980 -0.0010837 -0.2574236 -0.1715127 0.1641966 -0.9714025 0.9769859 -0.1329084 -0.1668348 -0.0008749 -0.0019101 -0.0013534 -0.0003108 0.0002680 0.0003989 -0.0013181 -0.0023752 -0.0014556 -0.0003416 0.0002078 0.0003337 -0.0014790 -0.0054259 -0.0008471 0.0002701 0.0009189 0.0010138 -0.0024987 -0.0058537 -0.0005273 0.0001969 0.0004568 0.0007918
-0.1060623 0.0858357 -0.3721913 0.2814412 -0.0000480 -0.0746603 -0.0767525 0.0698415 -0.4286964 0.3260285 -0.0441913 -0.0553988 -0.2675549 0.2165309 -0.9388976 0.9665681 -0.0001648 -0.2564098 -0.1740114 0.1583429 -0.9719298 0.9771828 -0.1324516 -0.1660430 -0.0003813 -0.0038959 -0.0008444 0.0002103 0.0002508 0.0003232 -0.0009982 -0.0048185 -0.0008924 0.0002056 0.0002381 0.0003074 -0.0009136 -0.0098652 -0.0019605 0.0003214 0.0008610 0.0012157 -0.0021407 -0.0110268 -0.0013473 0.0002688 0.0007605 0.0009801
-0.1064436 0.0819398 -0.3730357 0.2816514 0.0002028 -0.0743371 -0.0777507 0.0650230 -0.4295888 0.3262341 -0.0439532 -0.0550914 -0.2684685 0.2066657 -0.9408581 0.9668896 0.0006962 -0.2551941 -0.1761521 0.1473161 -0.9732771 0.9774516 -0.1316911 -0.1650629 0.0019376 -0.0090516 0.0010410 0.0000633 0.0003584 0.0000407 0.0284021 0.0142675 0.0197584 0.0000388 0.0003449 0.0000647 0.0026920 -0.0212987 -0.0051873 0.0000470 0.0012299 0.0001846 0.0587497 0.0413194 -0.0017271 0.0001689 0.0010262 0.0001851
-0.1045060 0.0728882 -0.3719947 0.2817147 0.0005612 -0.0742964 -0.0493486 0.0792905 -0.4098304 0.3262729 -0.0436083 -0.0550266 -0.2657765 0.1853670 -0.9460454 0.9669366 0.0019261 -0.2550095 -0.1174024 0.1886355 -0.9750043 0.9776206 -0.1306649 -0.1648778 0.0012655 -0.0013577 -0.0013439 -0.2466158 0.2456171 -0.1695069 0.0019850 -0.0108232 -0.0007001 -0.3367097 0.2464143 -0.2124439 0.0036779 -0.0037712 -0.0017559 -0.8661491 0.7049816 -0.4450786 0.0043323 -0.0251849 -0.0050463 -1.0086985 0.7345652 -0.6315759
-0.1032405 0.0715305 -0.3733386 0.0350989 0.2461782 -0.2438034 -0.0473636 0.0684673 -0.4105305 -0.0104368 0.2028059 -0.2674705 -0.2620985 0.1815958 -0.9478013 0.1007875 0.7069077 -0.7000881 -0.1130701 0.1634506 -0.9800505 -0.0310779 0.6039004 -0.7964537 0.0000626 -0.0029491 0.0029301 -0.0042815 0.0029646 0.0083035 -0.0274080 -0.0193977 -0.0157364 -0.0042664 0.0029645 0.0082745 -0.0020683 -0.0060065 -0.0005574 -0.0112573 0.0168982 0.0159176 -0.0586023 -0.0507888 0.0013596 -0.0133065 0.0172547 0.0140239
-0.1031779 0.0685814 -0.3704085 0.0308174 0.2491428 -0.2354998 -0.0747716 0.0490696 -0.4262668 -0.0147032 0.2057704 -0.2591960 -0.2641668 0.1755893 -0.9483587 0.0895302 0.7238059 -0.6841705 -0.1716724 0.1126618 -0.9786909 -0.0443843 0.6211550 -0.7824298 -0.0005027 -0.0000159 0.0019011 0.0656934 0.0408624 0.0007510 -0.0007556 0.0006840 0.0015339 0.0936423 0.1370092 -0.0103941 -0.0024280 0.0007139 0.0008122 0.1608945 0.0286949 0.0750482 -0.0022509 0.0019105 0.0006194 0.2225043 0.1523004 0.1741208
-0.1036806 0.0685655 -0.3685074 0.0965108 0.2900052 -0.2347488 -0.0755271 0.0497536 -0.4247329 0.0789391 0.3427796 -0.2695901 -0.2665949 0.1763032 -0.9475465 0.2504247 0.7525008 -0.6091223 -0.1739233 0.1145723 -0.9780715 0.1781200 0.7734555 -0.6083091 0.0022104 0.0023547 0.0034032 0.0964914 0.0543397 0.0777948 0.0028616 0.0038047 0.0032666 0.1291308 0.0653927 0.1152532 0.0033927 0.0076560 0.0005071 0.2039084 0.0580977 0.2396477 0.0053356 0.0096857 0.0002484 0.2522715 0.0708465 0.2890641
-0.1014701 0.0709202 -0.3651042 0.1930022 0.3443449 -0.1569540 -0.0726655 0.0535583 -0.4214663 0.2080699 0.4081723 -0.1543369 -0.2632022 0.1839591 -0.9470394 0.4543330 0.8105986 -0.3694746 -0.1685877 0.1242580 -0.9778232 0.4303914 0.8443020 -0.3192450 -0.0021119 -0.0053786 0.0215235 -0.0001798 -0.0064064 0.0141079 0.0505791 -0.0005387 0.0395985 0.0012657 -0.0067368 0.0133045 -0.0207466 -0.0042902 0.0051837 0.0108899 0.0047464 0.0248295 0.1113931 0.0130404 -0.0110539 0.0110622 0.0022580 0.0218313
-0.1035820 0.0655417 -0.3435807 0.1928224 0.3379386 -0.1428461 -0.0220864 0.0530196 -0.3818678 0.2093356 0.4014356 -0.1410325 -0.2839488 0.1796690 -0.9418557 0.4652229 0.8153450 -0.3446451 -0.0571946 0.1372984 -0.9888771 0.4414536 0.8465600 -0.2974137 0.0497878 -0.0146473 0.0545915 0.0448212 -0.0237729 0.0395344 0.0286371 0.0040255 0.0639737 0.0602070 -0.0316751 0.0518458 0.1036290 -0.0090695 -0.0268448 0.1183179 -0.0439021 0.0909602 0.0774728 0.0392908 0.0048014 0.1367321 -0.0534008 0.1061027
-0.0537942 0.0508944 -0.2889892 0.2376436 0.3141657 -0.1033117 0.0065506 0.0570451 -0.3178940 0.2695426 0.3697605 -0.0891867 -0.1803198 0.1705994 -0.9687005 0.5835408 0.7714429 -0.2536849 0.0202782 0.1765892 -0.9840757 0.5781857 0.7931591 -0.1913110 -0.0021316 0.0018359 0.0024753 -0.0187961 0.0094455 -0.0844331 -0.0019321 0.0025501 0.0030579 -0.0249794 0.0125850 -0.1125897 -0.0082079 0.0071558 0.0028535 -0.0786274 -0.0248243 -0.1794701 -0.0058660 0.0093782 0.0016255 -0.0858115 -0.0233909 -0.2149212
-0.0559258 0.0527303 -0.2865139 0.2188475 0.3236111 -0.1877448 0.0046186 0.0595951 -0.3148361 0.2445633 0.3823454 -0.2017764 -0.1885277 0.1777553 -0.9658470 0.5049134 0.7466185 -0.4331550 0.0144123 0.1859674 -0.9824502 0.4923742 0.7697682 -0.4062322 -0.0030257 0.0018241 0.0019478 -0.0742626 -0.0061429 -0.0514468 -0.0028762 0.0023687 0.0024098 -0.1011781 -0.0931019 -0.0407721 -0.0108455 0.0067467 0.0034492 -0.1630808 0.0039509 -0.1323501 -0.0089421 0.0085715 0.0015707 -0.1372807 -0.0534564 -0.1944391
-0.0589515 0.0545544 -0.2845660 0.1445849 0.3174683 -0.2391916 0.0017423 0.0619639 -0.3124263 0.1433852 0.2892436 -0.2425484 -0.1993732 0.1845020 -0.9623977 0.3418327 0.7505694 -0.5655051 0.0054702 0.1945389 -0.9808795 0.3550935 0.7163118 -0.6006713 -0.0084777 -0.0035699 0.0034901 0.0360653 -0.0173313 -0.0330670 -0.0083370 -0.0018285 0.0043256 -0.0000926 -0.0160307 -0.0589527 -0.0303587 -0.0107977 0.0047704 0.0653415 -0.0740797 -0.0481486 -0.0264734 -0.0030152 -0.0003837 -0.0229139 -0.0829525 -0.0982656
-0.0674293 0.0509845 -0.2810759 0.1806502 0.3001369 -0.2722586 -0.0065947 0.0601354 -0.3081007 0.1432926 0.2732128 -0.3015011 -0.2297319 0.1737043 -0.9576273 0.4071742 0.6764897 -0.6136537 -0.0210032 0.1915237 -0.9812632 0.3321796 0.6333593 -0.6989369 -0.0006060 -0.0010034 0.0012826 0.0123592 -0.0428376 -0.0169808 -0.0019149 0.0102382 0.0047320 0.0097732 -0.0110197 -0.0019072 -0.0030647 -0.0026838 0.0002571 0.0390203 -0.0816715 -0.0550030 -0.0063113 0.0343651 0.0074931 0.0244333 -0.0225017 -0.0079438
-0.0680353 0.0499811 -0.2797934 0.1930094 0.2572993 -0.2892394 -0.0085096 0.0703735 -0.3033688 0.1530658 0.2621931 -0.3034083 -0.2327966 0.1710205 -0.9573702 0.4461945 0.5948182 -0.6686567 -0.0273145 0.2258888 -0.9737701 0.3566128 0.6108576 -0.7068807 -0.0097093 -0.0137781 -0.0227107 -0.0061186 -0.0061410 -0.0315903 -0.0275270 -0.0627651 -0.0465718 0.0142208 -0.0160111 -0.0254898 -0.0144622 -0.0558804 -0.0047139 -0.0292729 -0.0345270 -0.0470598 -0.0750990 -0.2042662 -0.0207368 0.0205145 -0.0558702 -0.0345800
-0.0777446 0.0362030 -0.3025041 0.1868908 0.2511583 -0.3208298 -0.0360366 0.0076084 -0.3499406 0.1672866 0.2461820 -0.3288981 -0.2472588 0.1151402 -0.9620841 0.4169216 0.5602913 -0.7157165 -0.1024135 0.0216226 -0.9945069 0.3771273 0.5549873 -0.7414607 -0.0270013 0.0399683 -0.0238272 0.0088078 -0.0135437 -0.0108185 -0.0224681 0.0544239 -0.0230469 0.0183444 -0.0244431 -0.0070384 -0.0510838 0.1018149 0.0326100 0.0155691 -0.0351671 -0.0172204 -0.0504959 0.1405067 0.0196567 0.0416576 -0.0547428 -0.0164143
-0.1047458 0.0761713 -0.3263313 0.1956987 0.2376146 -0.3316482 -0.0585047 0.0620323 -0.3729874 0.1856310 0.2217389 -0.3359365 -0.2983426 0.2169551 -0.9294741 0.4324907 0.5251241 -0.7329369 -0.1529094 0.1621293 -0.9748501 0.4187850 0.5002445 -0.7578750 -0.0040516 -0.0037395 0.0016836 0.0328728 -0.0368110 0.0231624 -0.0039252 -0.0032336 0.0016579 0.0044843 -0.0144462 -0.0016669 -0.0125334 -0.0099896 0.0018312 0.0950484 -0.0616729 0.0209569 -0.0109037 -0.0078442 0.0004984 0.0138654 -0.0285031 -0.0104177
-0.1087974 0.0724318 -0.3246477 0.2285715 0.2008036 -0.3084859 -0.0624299 0.0587987 -0.3713296 0.1901153 0.2072927 -0.3376033 -0.3108760 0.2069654 -0.9276429 0.5275391 0.4634512 -0.7119800 -0.1638132 0.1542851 -0.9743518 0.4326504 0.4717414 -0.7682927 0.0000107 0.0024093 -0.0036208 -0.0047348 -0.0128899 0.0022215 -0.0000673 0.0031513 -0.0039083 -0.0022430 -0.0084759 -0.0109346 0.0034216 0.0045514 -0.0001137 0.0012073 -0.0195621 -0.0114768 0.0016589 0.0064494 0.0007654 -0.0086176 -0.0230066 -0.0183669
-0.1087867 0.0748411 -0.3282685 0.2238367 0.1879137 -0.3062644 -0.0624972 0.0619500 -0.3752378 0.1878723 0.1988168 -0.3485380 -0.3074544 0.2115168 -0.9277567 0.5287464 0.4438892 -0.7234568 -0.1621542 0.1607345 -0.9735864 0.4240328 0.4487348 -0.7866596 -0.0005926 0.0015908 -0.0019539 0.0051811 -0.0085243 0.0012230 -0.0005959 0.0023357 -0.0021553 0.0036782 -0.0093511 -0.0034444 0.0003502 0.0030809 0.0005917 0.0145665 -0.0183127 -0.0002115 -0.0004596 0.0049531 0.0009074 0.0081064 -0.0212989 -0.0074149
-0.1093793 0.0764319 -0.3302224 0.2290178 0.1793894 -0.3050414 -0.0630931 0.0642857 -0.3773931 0.1915505 0.1894657 -0.3519823 -0.3071041 0.2145977 -0.9271650 0.5433129 0.4255764 -0.7236683 -0.1626138 0.1656875 -0.9726790 0.4321392 0.4274359 -0.7940745 -0.0000707 0.0009981 -0.0009658 0.0155453 -0.0096457 -0.0039071 -0.0000020 0.0016696 -0.0010669 0.0021776 -0.0055852 0.0016625 0.0007755 0.0021134 0.0002351 0.0267144 -0.0299381 0.0035717 0.0005451 0.0037279 0.0005513 0.0076223 -0.0100284 -0.0011493
-0.1094500 0.0774300 -0.3311882 0.2445631 0.1697437 -0.3089485 -0.0630951 0.0659553 -0.3784600 0.1937281 0.1838805 -0.3503199 -0.3063286 0.2167111 -0.9269299 0.5700273 0.3956383 -0.7200966 -0.1620687 0.1694154 -0.9721276 0.4397615 0.4174075 -0.7952238 0.0015791 0.0017510 -0.0007935 0.0037245 -0.0061771 0.0002177 0.0018199 0.0022954 -0.0006859 0.0004579 -0.0021447 -0.0012281 0.0049589 0.0045048 -0.0005612 0.0092443 -0.0140266 -0.0001928 0.0049860 0.0055492 0.0001645 0.0007496 -0.0051398 -0.0022631
-0.1078708 0.0791809 -0.3319817 0.2482876 0.1635666 -0.3087307 -0.0612752 0.0682506 -0.3791459 0.1941860 0.1817358 -0.3515479 -0.3013698 0.2212159 -0.9274911 0.5792716 0.3816117 -0.7202895 -0.1570827 0.1749646 -0.9719632 0.4405111 0.4122677 -0.7974869 -0.0001259 0.0014057 0.0000481 0.0020744 -0.0037577 0.0009987 -0.0000170 0.0018868 0.0000464 0.0031914 -0.0053109 -0.0005509 -0.0000932 0.0037343 0.0009289 0.0061099 -0.0079561 0.0007688 0.0000740 0.0047024 0.0008463 0.0075452 -0.0117747 -0.0017946
-0.1079967 0.0805866 -0.3319336 0.2503620 0.1598089 -0.3077320 -0.0612922 0.0701375 -0.3790994 0.1973774 0.1764249 -0.3520988 -0.3014629 0.2249502 -0.9265622 0.5853815 0.3736556 -0.7195207 -0.1570087 0.1796670 -0.9711169 0.4480563 0.4004930 -0.7992815 -0.0003735 0.0012198 0.0000360 -0.0109972 0.0009006 0.0004427 -0.0002923 0.0018242 -0.0000128 0.0024458 -0.0079181 -0.0009269 -0.0007426 0.0031786 0.0010196 -0.0173137 0.0077452 -0.0097477 -0.0005912 0.0044890 0.0009371 0.0068505 -0.0168795 -0.0043979
-0.1083703 0.0818065 -0.3318976 0.2393648 0.1607095 -0.3072893 -0.0615845 0.0719617 -0.3791122 0.1998232 0.1685068 -0.3530257 -0.3022055 0.2281288 -0.9255426 0.5680678 0.3814007 -0.7292684 -0.1575998 0.1841560 -0.9701798 0.4549068 0.3836135 -0.8036794 0.0077862 0.0039928 -0.0064097 -0.0019663 -0.0058052 0.0025516 0.0079015 0.0043107 -0.0063601 0.0034293 -0.0147954 -0.0005610 0.0252842 0.0080883 -0.0058628 0.0023340 -0.0092092 -0.0029305 0.0222404 0.0081618 -0.0017727 0.0114327 -0.0309404 -0.0075845
-0.1005841 0.0857993 -0.3383073 0.2373985 0.1549043 -0.3047376 -0.0536830 0.0762724 -0.3854723 0.2032525 0.1537114 -0.3535867 -0.2769214 0.2362170 -0.9314054 0.5704018 0.3721915 -0.7321989 -0.1353594 0.1923178 -0.9719525 0.4663395 0.3526731 -0.8112639 0.0322823 0.0252323 -0.0164397 0.0061577 -0.0048664 0.0005808 0.0323128 0.0254671 -0.0164561 0.0014775 -0.0304086 -0.0166289 0.0962001 0.0575641 -0.0072279 0.0129059 -0.0128565 0.0037551 0.0838844 0.0527459 0.0038130 -0.0017364 -0.0728566 -0.0288829
-0.0683018 0.1110316 -0.3547470 0.2435562 0.1500379 -0.3041568 -0.0213701 0.1017395 -0.4019284 0.2047301 0.1233028 -0.3702156 -0.1807213 0.2937811 -0.9386333 0.5833078 0.3593350 -0.7284438 -0.0514750 0.2450636 -0.9681395 0.4646031 0.2798166 -0.8401468 0.0005041 0.0077177 -0.0009620 0.0050614 -0.0121032 0.0058361 0.0005784 0.0081696 -0.0009746 0.0085759 -0.0114435 0.0052154 0.0028148 0.0178263 0.0052255 0.0199768 -0.0246287 0.0045520 0.0017509 0.0177872 0.0045852 0.0231690 -0.0240251 0.0054917
-0.0677977 0.1187493 -0.3557090 0.2486176 0.1379347 -0.2983207 -0.0207918 0.1099091 -0.4029030 0.2133060 0.1118593 -0.3650002 -0.1779065 0.3116074 -0.9334078 0.6032846 0.3347063 -0.7238918 -0.0497242 0.2628509 -0.9635543 0.4877721 0.2557915 -0.8346551 -0.0008503 0.0094870 -0.0017951 -0.0038930 -0.0223605 -0.0048261 -0.0008239 0.0096565 -0.0018001 0.0066902 -0.0192058 0.0033946 0.0000442 0.0206442 0.0071390 -0.0010797 -0.0503077 -0.0220751 -0.0014313 0.0201117 0.0057885 0.0199603 -0.0419551 0.0001002
-0.0686480 0.1282363 -0.3575041 0.2447247 0.1155742 -0.3031468 -0.0216157 0.1195656 -0.4047031 0.2199962 0.0926535 -0.3616056 -0.1778623 0.3322515 -0.9262688 0.6022049 0.2843986 -0.7459669 -0.0511554 0.2829626 -0.9577658 0.5077324 0.2138363 -0.8345549 0.0007335 0.0044256 -0.0001619 -0.0009625 -0.0130911 0.0015117 0.0007276 0.0045155 -0.0001838 0.0011956 -0.0316412 0.0076052 0.0025877 0.0101243 0.0031991 0.0054815 -0.0289136 -0.0059936 0.0018897 0.0096897 0.0028168 0.0165945 -0.0692090 -0.0045900
-0.0679145 0.1326619 -0.3576659 0.2437622 0.1024831 -0.3016351 -0.0208881 0.1240811 -0.4048869 0.2211917 0.0610123 -0.3540004 -0.1752747 0.3423758 -0.9230697 0.6076864 0.2554850 -0.7519605 -0.0492657 0.2926523 -0.9549489 0.5243269 0.1446274 -0.8391449 -0.0035144 0.0055495 -0.0026899 0.0062663 -0.0153215 0.0173645 -0.0035245 0.0057342 -0.0027330 -0.0009593 -0.0117973 0.0134579 -0.0067069 0.0097500 0.0049792 0.0359113 -0.0311226 0.0202205 -0.0077080 0.0103090 0.0036507 0.0147633 -0.0241579 0.0055570
-0.0714288 0.1382114 -0.3603558 0.2500285 0.0871616 -0.2842706 -0.0244126 0.1298153 -0.4076199 0.2202325 0.0492150 -0.3405425 -0.1819816 0.3521258 -0.9180905 0.6435977 0.2243624 -0.7317401 -0.0569738 0.3029613 -0.9512983 0.5390902 0.1204695 -0.8335879 -0.0359982 -0.0654093 0.0129269 0.0013368 -0.0156220 0.0249788 -0.0359022 -0.0653028 0.0130041 -0.0005848 -0.0137976 0.0285493 -0.1076774 -0.1558270 -0.0186936 0.0391815 -0.0300406 0.0274307 -0.0921808 -0.1434260 -0.0245610 0.0341088 -0.0280433 0.0194011
-0.1074270 0.0728021 -0.3474288 0.2513654 0.0715396 -0.2592917 -0.0603148 0.0645125 -0.3946158 0.2196476 0.0354174 -0.3119932 -0.2896590 0.1962988 -0.9367841 0.6827791 0.1943218 -0.7043094 -0.1491545 0.1595353 -0.9758593 0.5731990 0.0924263 -0.8141869 -0.0023369 0.0001032 -0.0017892 -0.0090555 -0.0106512 0.0116099 0.0301329 0.0190090 0.0027561 -0.0070894 -0.0152850 0.0199411 -0.0044161 -0.0009739 0.0011731 0.0059799 -0.0212482 0.0002806 0.0740374 0.0483346 0.0005914 0.0143444 -0.0367773 0.0069100
-0.1097639 0.0729053 -0.3492180 0.2423099 0.0608884 -0.2476819 -0.0301818 0.0835215 -0.3918597 0.2125582 0.0201324 -0.2920521 -0.2940751 0.1953250 -0.9356110 0.6887591 0.1730735 -0.7040288 -0.0751172 0.2078699 -0.9752679 0.5875434 0.0556490 -0.8072769 -0.0004327 0.0007993 -0.0028541 -0.0090623 -0.0071660 0.0111552 -0.0037766 -0.0117929 -0.0096915 -0.0062087 -0.0116707 0.0137781 0.0011588 0.0005910 -0.0002399 0.0043891 -0.0134252 0.0011361 -0.0078464 -0.0326307 -0.0057562 0.0079175 -0.0312312 0.0042637
-0.1101967 0.0737046 -0.3520721 0.2332476 0.0537224 -0.2365266 -0.0339585 0.0717286 -0.4015512 0.2063495 0.0084617 -0.2782741 -0.2929163 0.1959159 -0.9358510 0.6931481 0.1596483 -0.7028926 -0.0829635 0.1752392 -0.9810241 0.5954609 0.0244178 -0.8030131 0.0046501 0.0124783 -0.0016042 -0.0243845 -0.0118535 0.0169693 0.0057263 0.0141056 0.0000560 -0.0322136 -0.0099131 0.0208720 0.0144423 0.0314689 0.0027120 -0.0103928 -0.0227826 -0.0148211 0.0143617 0.0333305 0.0054256 -0.0351334 -0.0290881 -0.0252449
-0.1055466 0.0861829 -0.3536763 0.2088631 0.0418689 -0.2195573 -0.0282322 0.0858342 -0.4014952 0.1741359 -0.0014514 -0.2574020 -0.2784739 0.2273848 -0.9331390 0.6827553 0.1368657 -0.7177137 -0.0686018 0.2085696 -0.9755985 0.5603275 -0.0046703 -0.8282580 -0.0014277 0.0050127 -0.0027063 -0.0405355 -0.0684539 -0.0282365 -0.0012672 0.0055622 -0.0024459 -0.0279577 -0.0702056 -0.0350327 -0.0007563 0.0106593 0.0028888 -0.1230383 -0.2252652 -0.1062417 -0.0024466 0.0115561 0.0027179 -0.1235772 -0.2094260 -0.0454765
-0.1069742 0.0911956 -0.3563826 0.1683276 -0.0265850 -0.2477938 -0.0294994 0.0913964 -0.4039411 0.1461782 -0.0716570 -0.2924347 -0.2792303 0.2380441 -0.9302502 0.5597170 -0.0883995 -0.8239553 -0.0710484 0.2201257 -0.9728807 0.4367503 -0.2140963 -0.8737345 0.0018289 -0.0004185 -0.0014953 -0.0112635 0.0000305 0.0019677 -0.0465402 -0.0148838 -0.0110079 -0.0248697 0.0022449 0.0091959 0.0053368 -0.0015784 -0.0019871 -0.0235238 -0.0022536 -0.0152579 -0.1063070 -0.0416668 0.0050493 -0.0526742 -0.0056702 -0.0230310
-0.1051454 0.0907772 -0.3578779 0.1570641 -0.0265545 -0.2458260 -0.0760395 0.0765127 -0.4149490 0.1213085 -0.0694121 -0.2832389 -0.2738935 0.2364657 -0.9322373 0.5361932 -0.0906530 -0.8392133 -0.1773554 0.1784589 -0.9678313 0.3840761 -0.2197664 -0.8967654 0.0003669 -0.0029368 -0.0069604 -0.0627595 0.2404681 -0.0730189 -0.0006303 -0.0034844 -0.0073199 -0.0608773 0.2385271 -0.0724920 0.0049668 -0.0110125 -0.0041650 -0.2976686 0.6317048 0.0327587 0.0012412 -0.0107096 -0.0021398 -0.2324264 0.6441534 0.0040740
-0.1047784 0.0878404 -0.3648382 0.0943046 0.2139136 -0.3188450 -0.0766699 0.0730283 -0.4222689 0.0604313 0.1691150 -0.3557308 -0.2689267 0.2254532 -0.9364023 0.2385245 0.5410517 -0.8064546 -0.1761142 0.1677494 -0.9699711 0.1516497 0.4243869 -0.8926915 0.0002130 -0.0094479 -0.0007556 0.0014261 -0.0033557 0.0011693 -0.0005308 -0.0113659 -0.0005882 0.0015288 -0.0033557 0.0010753 -0.0003981 -0.0235409 -0.0052428 0.0050903 -0.0052251 -0.0019646 -0.0016664 -0.0257509 -0.0038002 0.0046757 -0.0061757 -0.0021056
-0.1045654 0.0783925 -0.3655939 0.0957306 0.2105579 -0.3176756 -0.0772007 0.0616624 -0.4228572 0.0619601 0.1657593 -0.3546556 -0.2693248 0.2019123 -0.9416451 0.2436148 0.5358266 -0.8084192 -0.1777807 0.1419985 -0.9737713 0.1563254 0.4182112 -0.8947970 0.0077969 0.0006178 0.0004983 0.0000584 -0.0000166 0.0002347 0.0607550 0.0116146 0.0155745 0.0000830 -0.0000166 0.0002122 0.0185496 0.0028425 -0.0044982 0.0002631 0.0002092 0.0002181 0.1380710 0.0349356 -0.0096501 0.0002820 0.0001522 0.0001204
-0.0967685 0.0790103 -0.3650955 0.0957891 0.2105413 -0.3174409 -0.0164457 0.0732770 -0.4072826 0.0620430 0.1657427 -0.3544433 -0.2507751 0.2047548 -0.9461434 0.2438779 0.5360359 -0.8082012 -0.0397096 0.1769340 -0.9834213 0.1566074 0.4183634 -0.8946766 0.0017221 -0.0074857 0.0002775 0.0002406 -0.0006783 -0.0004895 -0.0489788 -0.0192877 -0.0134183 0.0002662 -0.0006783 -0.0005129 0.0030785 -0.0183575 -0.0045944 0.0005555 -0.0018517 -0.0010575 -0.1127355 -0.0511340 0.0031485 0.0005856 -0.0019411 -0.0008025
-0.0950464 0.0715246 -0.3648180 0.0960297 0.2098630 -0.3179304 -0.0654245 0.0539893 -0.4207009 0.0623092 0.1650644 -0.3549562 -0.2476966 0.1863974 -0.9507378 0.2444334 0.5341842 -0.8092586 -0.1524452 0.1258001 -0.9802728 0.1571930 0.4164223 -0.8954791 0.0020015 -0.0052524 0.0021399 0.0003241 -0.0000818 -0.0007877 0.0024546 -0.0065579 0.0028105 0.0002554 -0.0000822 -0.0007251 0.0029981 -0.0121085 -0.0030683 0.0004054 -0.0011219 -0.0006170 0.0043718 -0.0142655 -0.0023941 0.0003838 -0.0008946 -0.0003480
-0.0930449 0.0662721 -0.3626781 0.0963538 0.2097811 -0.3187182 -0.0629699 0.0474314 -0.4178904 0.0625647 0.1649821 -0.3556814 -0.2446985 0.1742889 -0.9538061 0.2448388 0.5330623 -0.8098756 -0.1480734 0.1115346 -0.9826669 0.1575768 0.4155277 -0.8958271 0.0001670 -0.0021935 0.0089378 -0.0532653 0.0510063 0.0764877 0.0009865 -0.0018988 0.0092916 -0.0529945 0.0510065 0.0762420 -0.0054432 -0.0017104 0.0011016 -0.1246572 0.1943214 0.1342505 -0.0010062 -0.0020218 -0.0000753 -0.1304897 0.1957985 0.1049122
-0.0928779 0.0640786 -0.3537404 0.0430885 0.2607874 -0.2422305 -0.0619835 0.0455326 -0.4085989 0.0095702 0.2159886 -0.2794394 -0.2501417 0.1725785 -0.9527045 0.1201816 0.7273837 -0.6756251 -0.1490796 0.1095128 -0.9827422 0.0270871 0.6113263 -0.7909150 -0.0007303 -0.0008545 0.0056185 -0.0051873 0.0005507 0.0084743 -0.0000287 -0.0006169 0.0059389 -0.0050438 0.0005507 0.0083456 -0.0056255 0.0001697 0.0015256 -0.0127123 0.0136437 0.0128064 -0.0022154 0.0000709 0.0003465 -0.0140424 0.0127255 0.0096408
-0.0936082 0.0632241 -0.3481219 0.0379012 0.2613381 -0.2337562 -0.0620121 0.0449157 -0.4026599 0.0045264 0.2165393 -0.2710938 -0.2557672 0.1727482 -0.9511789 0.1074693 0.7410274 -0.6628188 -0.1512951 0.1095837 -0.9823956 0.0130447 0.6240517 -0.7812741 -0.0014780 0.0020129 0.0002669 -0.0022656 -0.0003418 0.0012694 -0.0018844 0.0029981 -0.0002861 -0.0022706 -0.0003418 0.0012738 -0.0036980 0.0052662 0.0019746 -0.0060412 0.0018342 0.0011021 -0.0042524 0.0070559 0.0014776 -0.0065205 0.0012320 0.0009039
-0.0950862 0.0652370 -0.3478550 0.0356356 0.2609963 -0.2324869 -0.0638965 0.0479138 -0.4029460 0.0022558 0.2161975 -0.2698200 -0.2594652 0.1780144 -0.9492042 0.1014280 0.7428616 -0.6617167 -0.1555475 0.1166396 -0.9809180 0.0065242 0.6252838 -0.7803702 -0.0013875 0.0011504 0.0076116 0.1339480 0.0608396 0.0353258 -0.0009616 0.0009482 0.0079189 0.1737348 0.1672120 0.0508507 -0.0086415 0.0064804 0.0036459 0.3084175 0.0349431 0.1852228 -0.0052762 0.0045196 0.0013997 0.3637377 0.1813614 0.3196864
-0.0964737 0.0663874 -0.3402433 0.1695837 0.3218359 -0.1971611 -0.0648581 0.0488620 -0.3950271 0.1759906 0.3834095 -0.2189693 -0.2681067 0.1844948 -0.9455583 0.4098455 0.7778048 -0.4764939 -0.1608237 0.1211593 -0.9795183 0.3702620 0.8066452 -0.4606838 -0.0034262 0.0015882 0.0049562 0.0207677 -0.0017779 0.0062053 0.0437466 0.0045611 0.0167869 0.0281298 -0.0025568 0.0074611 -0.0121993 0.0062357 0.0047871 0.0450060 -0.0130145 0.0201980 0.1056414 0.0184808 -0.0091452 0.0540235 -0.0150033 0.0210421
-0.0998999 0.0679756 -0.3352872 0.1903514 0.3200580 -0.1909558 -0.0211115 0.0534231 -0.3782403 0.2041204 0.3808527 -0.2115082 -0.2803059 0.1907306 -0.9407712 0.4548515 0.7647903 -0.4562958 -0.0551823 0.1396401 -0.9886635 0.4242854 0.7916419 -0.4396418 -0.0062170 0.0013299 0.0077656 -0.0377124 -0.0132861 -0.0377699 -0.0323801 0.0099700 0.0093601 -0.1072832 -0.0715386 -0.0545632 -0.0218578 0.0066143 0.0081662 -0.0843458 -0.0201524 -0.0988978 -0.0862958 0.0280265 0.0130243 -0.1933582 -0.0540219 -0.1948574
-0.1061169 0.0693056 -0.3275216 0.1526390 0.3067720 -0.2287257 -0.0534916 0.0633932 -0.3688801 0.0968372 0.3093142 -0.2660714 -0.3021638 0.1973449 -0.9326050 0.3705057 0.7446379 -0.5551936 -0.1414781 0.1676665 -0.9756392 0.2309273 0.7376200 -0.6344992 0.0029449 0.0045223 -0.0062424 0.0888747 -0.0009369 0.0298207 0.0040521 0.0052341 -0.0048932 0.1747561 0.0512061 0.0468506 0.0132170 0.0094198 -0.0021453 0.1814955 -0.0456245 0.1005784 0.0124686 0.0114123 0.0002996 0.3103193 -0.0191550 0.1976238
-0.1031720 0.0738279 -0.3337640 0.2415137 0.3058350 -0.1989050 -0.0494395 0.0686273 -0.3737733 0.2715934 0.3605202 -0.2192208 -0.2889468 0.2067647 -0.9347503 0.5520012 0.6990134 -0.4546152 -0.1290095 0.1790788 -0.9753396 0.5412466 0.7184650 -0.4368754 0.0198241 -0.0067508 0.0135354 0.0072304 -0.0057996 -0.0069825 0.0561512 -0.0026839 0.0411983 0.0093725 -0.0077621 -0.0088060 0.0420837 -0.0080931 -0.0137159 0.0123295 -0.0183170 -0.0124859 0.1488013 0.0153778 -0.0053718 0.0147386 -0.0204147 -0.0143519
-0.0833478 0.0670770 -0.3202286 0.2487441 0.3000355 -0.2058875 0.0067117 0.0659434 -0.3325750 0.2809658 0.3527582 -0.2280267 -0.2468631 0.1986716 -0.9484662 0.5643306 0.6806964 -0.4671011 0.0197918 0.1944566 -0.9807114 0.5559852 0.6980504 -0.4512274 -0.0019955 0.0017559 0.0015256 0.0125397 -0.0076342 -0.0001502 -0.0019259 0.0021301 0.0020167 0.0167673 -0.0103623 0.0000791 -0.0063544 0.0055590 0.0028602 0.0255194 -0.0205983 0.0019694 -0.0056127 0.0072254 0.0013630 0.0303582 -0.0237501 0.0023169
-0.0853433 0.0688330 -0.3187029 0.2612838 0.2924013 -0.2060377 0.0047859 0.0680735 -0.3305583 0.2977332 0.3423959 -0.2279476 -0.2532176 0.2042305 -0.9456060 0.5898501 0.6600980 -0.4651316 0.0141791 0.2016820 -0.9793484 0.5863433 0.6743002 -0.4489105 -0.0340895 0.0070995 -0.0188134 -0.0601830 -0.0318870 -0.1298472 -0.0338852 0.0085941 -0.0171554 -0.1202500 -0.0926764 -0.1146753 -0.0731123 0.0032421 0.0234000 -0.1621965 -0.1060980 -0.2491487 -0.0956322 0.0129213 0.0060495 -0.2001914 -0.1309830 -0.2965377
-0.1194328 0.0759325 -0.3375163 0.2011008 0.2605143 -0.3358849 -0.0290993 0.0766676 -0.3477137 0.1774831 0.2497195 -0.3426229 -0.3263299 0.2074726 -0.9222060 0.4276536 0.5540000 -0.7142803 -0.0814530 0.2146032 -0.9732990 0.3861519 0.5433173 -0.7454482 0.0010272 0.0006141 -0.0008304 0.0117481 -0.0164081 -0.0058439 -0.0437494 -0.0114419 -0.0387105 0.0064284 -0.0149096 -0.0081591 0.0033013 0.0013582 -0.0008553 0.0244281 -0.0355292 -0.0115365 -0.1013067 -0.0509677 0.0038546 0.0132718 -0.0333514 -0.0163887
-0.1184056 0.0765466 -0.3383467 0.2128489 0.2441062 -0.3417288 -0.0728487 0.0652257 -0.3864242 0.1839116 0.2348099 -0.3507820 -0.3230286 0.2088308 -0.9230613 0.4520817 0.5184709 -0.7258169 -0.1827598 0.1636355 -0.9694443 0.3994237 0.5099659 -0.7618369 0.0007408 0.0010809 -0.0006824 0.0090544 -0.0168142 -0.0088963 0.0008694 0.0009692 -0.0005336 0.0114931 -0.0133032 -0.0020636 0.0025619 0.0025920 -0.0003029 0.0169414 -0.0380579 -0.0152774 0.0024159 0.0022155 -0.0000759 0.0252204 -0.0285981 -0.0049502
-0.1176649 0.0776275 -0.3390291 0.2219033 0.2272920 -0.3506251 -0.0719794 0.0661949 -0.3869578 0.1954047 0.2215067 -0.3528455 -0.3204667 0.2114228 -0.9233642 0.4690231 0.4804130 -0.7410943 -0.1803439 0.1658510 -0.9695203 0.4246441 0.4813679 -0.7667871 0.0006214 0.0008777 0.0001421 0.0170062 -0.0224218 -0.0041959 0.0010119 0.0006919 0.0005625 0.0079818 -0.0136371 -0.0004436 0.0015680 0.0024740 0.0000269 0.0347011 -0.0484581 -0.0070213 0.0022625 0.0019906 -0.0000756 0.0198285 -0.0270978 -0.0052769
-0.1170435 0.0785052 -0.3388869 0.2389094 0.2048703 -0.3548210 -0.0709675 0.0668868 -0.3863953 0.2033864 0.2078696 -0.3532891 -0.3188987 0.2138968 -0.9233373 0.5037241 0.4319549 -0.7481156 -0.1780814 0.1678416 -0.9695959 0.4444726 0.4542700 -0.7720640 -0.0002297 0.0019486 -0.0007730 0.0030683 -0.0053318 -0.0010530 -0.0000378 0.0015461 -0.0004858 0.0046523 -0.0087338 -0.0043747 0.0004222 0.0045903 0.0009295 0.0063926 -0.0113049 -0.0021074 0.0002354 0.0035616 0.0005800 0.0085798 -0.0206056 -0.0068318
-0.1172732 0.0804539 -0.3396599 0.2419777 0.1995385 -0.3558740 -0.0710053 0.0684330 -0.3868811 0.2080387 0.1991359 -0.3576639 -0.3184766 0.2184871 -0.9224078 0.5101167 0.4206500 -0.7502230 -0.1778459 0.1714032 -0.9690159 0.4530524 0.4336644 -0.7788958 -0.0032061 0.0011082 0.0049751 -0.0010341 -0.0161926 0.0020778 -0.0029501 0.0007486 0.0053208 0.0007031 -0.0061212 -0.0018100 -0.0116577 0.0050072 0.0053136 0.0073048 -0.0269184 -0.0095470 -0.0094916 0.0038419 0.0024789 0.0024062 -0.0125213 -0.0054485
-0.1204793 0.0815621 -0.3346848 0.2409436 0.1833459 -0.3537962 -0.0739553 0.0691816 -0.3815603 0.2087419 0.1930147 -0.3594739 -0.3301342 0.2234942 -0.9170942 0.5174215 0.3937316 -0.7597700 -0.1873376 0.1752451 -0.9665370 0.4554586 0.4211431 -0.7843443 0.0064888 0.0024612 -0.0054741 0.0057701 -0.0072899 0.0002077 0.0065996 0.0023640 -0.0053382 0.0037451 -0.0042863 0.0003514 0.0207630 0.0045457 -0.0060999 0.0123339 -0.0156957 0.0005282 0.0186029 0.0039856 -0.0026920 0.0085154 -0.0090469 0.0001856
-0.1139905 0.0840233 -0.3401589 0.2467137 0.1760560 -0.3535884 -0.0673558 0.0715456 -0.3868985 0.2124870 0.1887284 -0.3591225 -0.3093712 0.2280400 -0.9231940 0.5297554 0.3780358 -0.7592418 -0.1687346 0.1792308 -0.9692291 0.4639740 0.4120963 -0.7841586 0.0000000 0.0000000 0.0000000 0.0000000 0.0000000 0.0000000 0.0000000 0.0000000 0.0000000 0.0000000 0.0000000 0.0000000 0.0000000 0.0000000 0.0000000 0.0000000 0.0000000 0.0000000 0.0000000 0.0000000 0.0000000 0.0000000 0.0000000 0.0000000
