-0.2642664 -0.2040954 0.0165059 0.3063358 0.1838595 -0.5133712 -0.2562805 -0.2573126 0.0131761 0.3061269 0.1881775 -0.4696452 -0.7904798 -0.6104949 0.0493727 0.4897796 0.2939605 -0.8207943 -0.7052205 -0.7080604 0.0362573 0.5176775 0.3182185 -0.7941958 -0.0017593 -0.0022459 -0.0069834 0.0124314 -0.0495924 0.0068963 -0.0020501 -0.0023430 -0.0065249 0.0188304 -0.0658499 -0.1266474 0.0006272 -0.0021498 -0.0210997 0.0299640 -0.0750407 -0.0050028 0.0000409 -0.0007359 -0.0181011 -0.0467377 -0.1409370 -0.0699726
-0.2660256 -0.2063413 0.0095225 0.3187672 0.1342671 -0.5064749 -0.2583307 -0.2596556 0.0066512 0.3249574 0.1223276 -0.5962926 -0.7898525 -0.6126448 0.0282730 0.5197435 0.2189198 -0.8257971 -0.7051795 -0.7087963 0.0181561 0.4709397 0.1772815 -0.8641684 -0.0003457 -0.0008026 -0.0021524 -0.0246372 -0.0140451 0.0753357 -0.0022805 -0.0000982 -0.0010156 -0.0133474 0.0038933 0.1626632 0.0006400 -0.0010870 -0.0064367 0.0294361 0.0055506 0.0208034 -0.0030083 0.0029383 -0.0028418 0.0969706 0.0527567 0.0738771
-0.2663714 -0.2071439 0.0073701 0.2941301 0.1202220 -0.4311392 -0.2606111 -0.2597538 0.0056356 0.3116100 0.1262209 -0.4336294 -0.7892126 -0.6137318 0.0218363 0.5491797 0.2244704 -0.8049936 -0.7081878 -0.7058580 0.0153143 0.5679104 0.2300381 -0.7902913 -0.0005115 -0.0007867 -0.0026583 0.0106355 -0.0214207 0.0263771 -0.0023182 -0.0018866 -0.0024907 -0.0046820 -0.0271656 0.0209098 0.0004457 -0.0008029 -0.0079107 0.0412074 -0.0330740 0.0208951 -0.0006289 0.0005162 -0.0068362 0.0180668 -0.0409248 0.0023402
-0.2668828 -0.2079306 0.0047118 0.3047656 0.0988013 -0.4047620 -0.2629293 -0.2616404 0.0031449 0.3069280 0.0990553 -0.4127196 -0.7887669 -0.6145347 0.0139256 0.5903870 0.1913964 -0.7840986 -0.7088167 -0.7053418 0.0084781 0.5859771 0.1891133 -0.7879511 -0.0006601 -0.0002828 -0.0040065 -0.0270044 -0.0315830 0.0186414 -0.0013506 -0.0002344 -0.0034401 -0.0105886 -0.0381127 -0.0063508 -0.0004057 0.0003667 -0.0118453 -0.0121678 -0.0514671 -0.0196939 -0.0015148 0.0014750 -0.0092717 -0.0126389 -0.0712055 -0.0228392
-0.2675429 -0.2082134 0.0007053 0.2777612 0.0672183 -0.3861206 -0.2642800 -0.2618748 -0.0002952 0.2963393 0.0609426 -0.4190704 -0.7891726 -0.6141680 0.0020804 0.5782193 0.1399293 -0.8037924 -0.7103315 -0.7038668 -0.0007936 0.5733382 0.1179078 -0.8107904 -0.0004425 -0.0001898 -0.0006723 -0.0019632 -0.0083859 0.0206057 -0.0003209 -0.0002296 -0.0008666 -0.0157390 -0.0285812 -0.0141290 -0.0002223 0.0002822 -0.0019831 0.0191900 -0.0124918 0.0120464 -0.0001153 0.0001229 -0.0023260 -0.0307498 -0.0553316 -0.0268743
-0.2679854 -0.2084032 0.0000330 0.2757980 0.0588324 -0.3655149 -0.2646008 -0.2621044 -0.0011619 0.2806003 0.0323614 -0.4331994 -0.7893948 -0.6138858 0.0000973 0.5974093 0.1274375 -0.7917461 -0.7104468 -0.7037440 -0.0031196 0.5425884 0.0625762 -0.8376646 -0.0007754 -0.0015956 -0.0019434 -0.0088967 -0.0075803 0.0137227 -0.0024684 -0.0019084 -0.0013452 -0.0128260 -0.0098239 0.0011225 0.0014247 -0.0018021 -0.0056982 0.0029821 -0.0121465 0.0003939 -0.0007018 0.0007340 -0.0035563 -0.0163268 -0.0182829 -0.0115037
-0.2687608 -0.2099988 -0.0019104 0.2669014 0.0512521 -0.3517922 -0.2670692 -0.2640128 -0.0025071 0.2677743 0.0225375 -0.4320768 -0.7879702 -0.6156879 -0.0056009 0.6003913 0.1152910 -0.7913522 -0.7111487 -0.7030100 -0.0066758 0.5262616 0.0442934 -0.8491683 -0.0011666 -0.0004681 -0.0027071 -0.0176037 0.0039499 0.0098413 -0.0002689 -0.0002797 -0.0015229 -0.0194356 -0.0041877 0.0051616 -0.0005687 0.0008510 -0.0078881 -0.0162324 0.0140594 -0.0099136 0.0000435 0.0000061 -0.0040436 -0.0237879 -0.0071655 -0.0146266
-0.2699274 -0.2104669 -0.0046175 0.2492977 0.0552020 -0.3419509 -0.2673381 -0.2642925 -0.0040299 0.2483387 0.0183498 -0.4269153 -0.7885389 -0.6148369 -0.0134890 0.5841590 0.1293504 -0.8012657 -0.7111052 -0.7030039 -0.0107194 0.5024737 0.0371279 -0.8637949 -0.0004281 -0.0000211 -0.0010060 -0.0135651 -0.0004363 -0.0014542 0.0003639 0.0000087 -0.0015353 -0.0202751 -0.0006481 -0.0095330 -0.0004078 0.0005944 -0.0029214 -0.0230439 0.0010085 -0.0161426 0.0005046 -0.0004358 -0.0040935 -0.0396458 -0.0012043 -0.0219250
-0.2703555 -0.2104880 -0.0056235 0.2357326 0.0547657 -0.3434051 -0.2669742 -0.2642838 -0.0055652 0.2280635 0.0177017 -0.4364482 -0.7889467 -0.6142425 -0.0164104 0.5611151 0.1303589 -0.8174083 -0.7106006 -0.7034397 -0.0148129 0.4628279 0.0359236 -0.8857199 0.0002400 0.0001777 -0.0008904 -0.0330122 0.0182608 -0.0003363 0.0003915 0.0004724 -0.0017396 -0.0173234 0.0105733 -0.0068060 0.0000495 0.0000119 -0.0026142 -0.0614257 0.0496456 -0.0298867 -0.0000563 0.0001705 -0.0046605 -0.0341588 0.0215910 -0.0159091
-0.2701155 -0.2103103 -0.0065140 0.2027203 0.0730265 -0.3437414 -0.2665827 -0.2638114 -0.0073049 0.2107401 0.0282750 -0.4432542 -0.7888972 -0.6142306 -0.0190246 0.4996894 0.1800045 -0.8472950 -0.7106569 -0.7032692 -0.0194734 0.4286691 0.0575146 -0.9016290 0.0013257 -0.0011050 -0.0005666 0.0039262 0.0271108 -0.0121074 -0.0000961 -0.0019726 -0.0009037 -0.0169580 0.0265519 -0.0017780 0.0030646 -0.0038621 -0.0016762 -0.0117488 0.0564431 0.0070531 0.0025311 -0.0024806 -0.0023233 -0.0319636 0.0547257 -0.0094291
-0.2687898 -0.2114153 -0.0070806 0.2066465 0.1001373 -0.3558487 -0.2666788 -0.2657840 -0.0082086 0.1937821 0.0548269 -0.4450322 -0.7858326 -0.6180927 -0.0207008 0.4879407 0.2364476 -0.8402419 -0.7081258 -0.7057498 -0.0217967 0.3967055 0.1122403 -0.9110581 0.0004884 -0.0002206 -0.0008477 -0.0154999 0.0053065 -0.0623671 0.0006842 -0.0002724 -0.0005219 -0.0106150 0.0364032 0.0035449 0.0009035 -0.0010586 -0.0024939 -0.0827652 -0.0129372 -0.0462546 0.0012915 -0.0012488 -0.0014031 -0.0202869 0.0752428 0.0037769
-0.2683014 -0.2116359 -0.0079283 0.1911466 0.1054438 -0.4182159 -0.2659945 -0.2660564 -0.0087305 0.1831671 0.0912301 -0.4414874 -0.7849291 -0.6191513 -0.0231947 0.4051754 0.2235104 -0.8864965 -0.7068343 -0.7069986 -0.0231998 0.3764186 0.1874830 -0.9072812 0.0004576 -0.0002991 0.0015084 -0.0063783 0.0245824 0.0142657 0.0001433 -0.0009209 0.0005424 -0.0108872 0.0278480 -0.0079412 0.0008679 -0.0012477 0.0044017 -0.0059707 0.0574201 0.0137344 0.0013900 -0.0014337 0.0014723 -0.0289601 0.0526768 0.0008619
-0.2678438 -0.2119350 -0.0064199 0.1847683 0.1300262 -0.4039502 -0.2658513 -0.2669773 -0.0081881 0.1722799 0.1190781 -0.4494286 -0.7840611 -0.6203990 -0.0187930 0.3992047 0.2809305 -0.8727621 -0.7054443 -0.7084323 -0.0217275 0.3474585 0.2401598 -0.9064192 -0.0007610 -0.0022424 0.0033790 -0.0091293 0.0316609 -0.0160672 -0.0006105 -0.0026106 0.0027541 -0.0146515 0.0365947 -0.0123380 0.0022209 -0.0030170 0.0099417 -0.0356541 0.0537412 0.0033796 0.0025454 -0.0027130 0.0073931 -0.0396875 0.0637930 0.0048153
-0.2686048 -0.2141774 -0.0030409 0.1756391 0.1616871 -0.4200174 -0.2664618 -0.2695879 -0.0054340 0.1576284 0.1556728 -0.4617665 -0.7818402 -0.6234160 -0.0088513 0.3635505 0.3346717 -0.8693825 -0.7028989 -0.7111453 -0.0143344 0.3077711 0.3039528 -0.9016039 -0.0006718 -0.0002452 0.0022775 -0.0074920 0.0209271 -0.0138192 0.0003681 -0.0028734 0.0012166 -0.0110166 0.0241660 -0.0167817 -0.0004399 0.0004931 0.0066334 -0.0271456 0.0306769 0.0014238 0.0042443 -0.0042281 0.0032612 -0.0320981 0.0341968 0.0017933
-0.2692766 -0.2144226 -0.0007634 0.1681471 0.1826142 -0.4338365 -0.2660937 -0.2724613 -0.0042174 0.1466118 0.1798388 -0.4785482 -0.7822801 -0.6229229 -0.0022179 0.3364049 0.3653486 -0.8679586 -0.6986546 -0.7153734 -0.0110731 0.2756730 0.3381496 -0.8998107 -0.0006357 0.0000963 0.0044639 -0.0073339 0.0266192 -0.0072376 0.0000775 -0.0029534 0.0050430 -0.0078803 0.0359841 -0.0144972 -0.0008079 0.0011047 0.0129539 -0.0235328 0.0417280 0.0098213 0.0039285 -0.0038978 0.0132293 -0.0260687 0.0501569 0.0127280
-0.2699123 -0.2143263 0.0037004 0.1608132 0.2092334 -0.4410742 -0.2660162 -0.2754147 0.0008256 0.1387314 0.2158229 -0.4930455 -0.7830880 -0.6218182 0.0107360 0.3128721 0.4070766 -0.8581373 -0.6947261 -0.7192712 0.0021562 0.2496043 0.3883065 -0.8870827 -0.0009720 -0.0051636 0.0104847 -0.0019057 0.0310809 -0.0034218 -0.0002271 -0.0085640 0.0083660 -0.0030259 0.0186565 0.0004431 0.0067698 -0.0072107 0.0299167 -0.0128752 0.0466056 0.0189864 0.0109575 -0.0100458 0.0214498 -0.0082154 0.0287781 0.0108568
-0.2708843 -0.2194900 0.0141851 0.1589076 0.2403142 -0.4444960 -0.2662433 -0.2839788 0.0091916 0.1357055 0.2344793 -0.4926024 -0.7763182 -0.6290289 0.0406527 0.2999969 0.4536822 -0.8391509 -0.6837686 -0.7293170 0.0236060 0.2413888 0.4170846 -0.8762259 0.0018005 -0.0028774 0.0045701 0.0067419 0.0221808 -0.0035822 0.0035635 -0.0036079 0.0019684 0.0129368 0.0202552 0.0162828 0.0065802 -0.0070725 0.0129984 0.0038997 0.0278851 0.0171170 0.0096350 -0.0087370 0.0050347 0.0239319 0.0376067 0.0260138
-0.2690838 -0.2223674 0.0187553 0.1656494 0.2624950 -0.4480782 -0.2626798 -0.2875867 0.0111600 0.1486423 0.2547345 -0.4763196 -0.7697379 -0.6361015 0.0536511 0.3038966 0.4815674 -0.8220339 -0.6741336 -0.7380539 0.0286407 0.2653208 0.4546913 -0.8502121 0.0017148 -0.0071369 0.0072548 -0.0048943 0.0219097 -0.0089650 0.0021578 -0.0063298 0.0089066 -0.0150263 0.0354525 -0.0423367 0.0130044 -0.0134638 0.0199651 -0.0177525 0.0246732 0.0084971 0.0116828 -0.0093117 0.0223844 -0.0459732 0.0216874 -0.0012278
-0.2673690 -0.2295043 0.0260101 0.1607551 0.2844048 -0.4570431 -0.2605220 -0.2939164 0.0200666 0.1336160 0.2901871 -0.5186563 -0.7567335 -0.6495653 0.0736162 0.2861441 0.5062405 -0.8135368 -0.6624508 -0.7473656 0.0510251 0.2193475 0.4763788 -0.8514399 0.0056491 -0.0019303 -0.0040616 0.0072510 0.0142895 -0.0009304 -0.0000425 0.0005059 0.0010289 0.0082849 0.0159268 -0.0049113 0.0090876 -0.0115659 -0.0109167 0.0075729 0.0159522 0.0128838 -0.0006069 0.0007247 0.0026566 0.0084710 0.0150799 0.0108644
-0.2617199 -0.2314346 0.0219485 0.1680061 0.2986943 -0.4579736 -0.2605645 -0.2934105 0.0210955 0.1419009 0.3061139 -0.5235676 -0.7476459 -0.6611312 0.0626995 0.2937170 0.5221927 -0.8006529 -0.6630578 -0.7466409 0.0536817 0.2278185 0.4914586 -0.8405755 -0.0020422 0.0007694 0.0030033 0.0319303 0.0237149 0.0215688 0.0010142 0.0010836 0.0022989 0.0112181 0.0277790 -0.0178655 -0.0032085 0.0044940 0.0083310 0.0520452 0.0353689 0.0459519 0.0003024 0.0001915 0.0060554 0.0062089 0.0188641 0.0130479
-0.2637621 -0.2306652 0.0249518 0.1999365 0.3224092 -0.4364048 -0.2595504 -0.2923269 0.0233944 0.1531190 0.3338929 -0.5414330 -0.7508544 -0.6566372 0.0710305 0.3457621 0.5575616 -0.7547010 -0.6627553 -0.7464495 0.0597371 0.2340274 0.5103227 -0.8275276 0.0006275 -0.0011319 0.0032851 0.0106369 -0.0076142 0.0287660 0.0007778 -0.0010304 0.0023424 0.0352899 0.0168075 0.0180271 0.0028995 -0.0022417 0.0092322 0.0326791 0.0081862 0.0220949 0.0026646 -0.0018621 0.0059139 0.0524810 0.0229779 0.0315983
-0.2631346 -0.2317972 0.0282369 0.2105733 0.3147949 -0.4076387 -0.2587725 -0.2933574 0.0257369 0.1884089 0.3507003 -0.5234059 -0.7479549 -0.6588789 0.0802628 0.3784413 0.5657478 -0.7326061 -0.6600907 -0.7483115 0.0656510 0.2865084 0.5333006 -0.7959293 -0.0042459 0.0070302 -0.0358443 0.0676101 0.0199609 0.0118257 -0.0037917 0.0070845 -0.0358937 0.0832237 0.0135099 0.0276077 -0.0173324 0.0155584 -0.1020364 0.0944058 0.0032594 0.0598160 -0.0156092 0.0115983 -0.0917891 0.1174094 0.0082803 0.0586772
-0.2673805 -0.2247670 -0.0076074 0.2781834 0.3347559 -0.3958130 -0.2625643 -0.2862729 -0.0101568 0.2716326 0.3642103 -0.4957982 -0.7652873 -0.6433205 -0.0217736 0.4728471 0.5690071 -0.6727901 -0.6756999 -0.7367133 -0.0261381 0.4039178 0.5415808 -0.7372521 0.0004310 0.0032511 0.0002802 0.0138725 0.0066855 -0.0098927 -0.0007491 0.0045009 0.0002317 0.0243813 0.0085946 -0.0017775 -0.0040962 0.0048825 0.0006556 0.0095928 -0.0049886 0.0026148 -0.0068443 0.0063219 0.0004109 0.0259513 -0.0001964 0.0146765
-0.2669495 -0.2215159 -0.0073272 0.2920559 0.3414414 -0.4057058 -0.2633134 -0.2817720 -0.0099251 0.2960139 0.3728049 -0.4975756 -0.7693835 -0.6384380 -0.0211180 0.4824399 0.5640185 -0.6701753 -0.6825442 -0.7303914 -0.0257272 0.4298691 0.5413844 -0.7225756 -0.0012733 0.0019168 0.0010046 0.0160490 0.0062918 -0.0253708 -0.0031370 -0.0298426 0.0009706 0.0233240 -0.0043179 0.0063630 -0.0042414 0.0050567 0.0028820 0.0037005 -0.0153509 -0.0099949 0.0328192 -0.0294643 0.0038922 0.0315126 -0.0089917 0.0128680
-0.2682228 -0.2195991 -0.0063226 0.3081049 0.3477332 -0.4310766 -0.2664504 -0.3116147 -0.0089545 0.3193379 0.3684870 -0.4912126 -0.7736249 -0.6333814 -0.0182360 0.4861403 0.5486676 -0.6801701 -0.6497250 -0.7598557 -0.0218351 0.4613817 0.5323928 -0.7097076 -0.0001811 0.0006357 0.0027917 0.0416062 -0.0111361 0.0039336 -0.0009549 0.0006284 0.0026269 0.0444763 -0.0227893 0.0181329 -0.0011966 0.0012835 0.0080430 0.0547348 -0.0280749 0.0195361 -0.0021766 0.0017090 0.0064091 0.0661223 -0.0311563 0.0237765
-0.2684039 -0.2189634 -0.0035309 0.3497111 0.3365971 -0.4271430 -0.2674053 -0.3109863 -0.0063276 0.3638143 0.3456977 -0.4730798 -0.7748215 -0.6320979 -0.0101930 0.5408751 0.5205927 -0.6606340 -0.6519016 -0.7581467 -0.0154260 0.5275041 0.5012364 -0.6859311 -0.0004473 0.0004555 0.0013269 0.0365231 -0.0146580 -0.0398413 -0.0000722 0.0004994 0.0002531 0.0141830 -0.0149670 0.0019056 -0.0011833 0.0014029 0.0038313 0.0219691 -0.0514431 -0.0198842 -0.0007092 0.0005983 0.0006048 0.0213740 -0.0209926 0.0017538
-0.2688512 -0.2185078 -0.0022040 0.3862342 0.3219392 -0.4669843 -0.2674775 -0.3104869 -0.0060746 0.3779973 0.3307308 -0.4711741 -0.7760048 -0.6306950 -0.0063617 0.5628442 0.4691496 -0.6805182 -0.6526108 -0.7575483 -0.0148212 0.5488781 0.4802439 -0.6841773 -0.0019906 0.0007335 0.0021610 -0.0006094 -0.0394589 0.0645677 0.0026976 0.0328893 0.0004832 0.0282130 -0.0368880 0.0144464 -0.0033164 0.0040703 0.0062379 0.0543011 -0.0170745 0.0364997 -0.0375193 0.0340097 0.0002478 0.0500785 -0.0469731 0.0107329
-0.2708418 -0.2177743 -0.0000430 0.3856249 0.2824803 -0.4024166 -0.2647799 -0.2775976 -0.0055913 0.4062103 0.2938428 -0.4567277 -0.7793212 -0.6266247 -0.0001238 0.6171453 0.4520750 -0.6440185 -0.6901301 -0.7235386 -0.0145734 0.5989566 0.4332708 -0.6734444 -0.0001625 0.0001991 0.0015704 0.0549198 -0.0204875 -0.0537996 -0.0001878 -0.0007940 0.0024182 0.0101573 -0.0193436 -0.0103312 -0.0004556 0.0005824 0.0045186 0.0248728 -0.0702657 -0.0208382 0.0007265 -0.0007918 0.0063174 0.0104196 -0.0315266 -0.0101214
-0.2710043 -0.2175753 0.0015274 0.4405447 0.2619927 -0.4562162 -0.2649677 -0.2783917 -0.0031731 0.4163676 0.2744991 -0.4670590 -0.7797767 -0.6260423 0.0043948 0.6420181 0.3818094 -0.6648567 -0.6894035 -0.7243304 -0.0082560 0.6093763 0.4017442 -0.6835658 -0.0002284 -0.0000664 0.0019000 -0.0323289 -0.0359377 0.0669987 -0.0002837 -0.0000746 0.0015991 0.0126522 -0.0450686 0.0273927 -0.0001338 0.0002289 0.0054605 0.0297827 -0.0097905 0.0243213 -0.0003079 0.0002577 0.0041631 0.0448707 -0.0518670 0.0130832
-0.2712326 -0.2176416 0.0034274 0.4082157 0.2260550 -0.3892175 -0.2652515 -0.2784663 -0.0015741 0.4290198 0.2294306 -0.4396663 -0.7799105 -0.6258134 0.0098553 0.6718008 0.3720189 -0.6405354 -0.6897115 -0.7240727 -0.0040929 0.6542469 0.3498772 -0.6704826 0.0000294 0.0001212 0.0014317 -0.0005072 -0.0206448 0.0052042 0.0001483 0.0005751 0.0014417 0.0022845 -0.0241314 0.0079509 -0.0000987 0.0002015 0.0041199 0.0116298 -0.0276952 -0.0031755 -0.0005510 0.0005137 0.0037483 0.0156310 -0.0310179 -0.0000338
-0.2712032 -0.2175204 0.0048591 0.4077085 0.2054103 -0.3840133 -0.2651032 -0.2778911 -0.0001323 0.4313043 0.2052992 -0.4317154 -0.7800093 -0.6256119 0.0139752 0.6834307 0.3443236 -0.6437109 -0.6902624 -0.7235590 -0.0003446 0.6698780 0.3188593 -0.6705164 -0.0001399 0.0004024 0.0006321 0.0258990 -0.0169084 -0.0424303 -0.0001850 0.0011882 0.0006521 0.0141469 -0.0481612 -0.0094663 -0.0007010 0.0009184 0.0018239 -0.0024205 -0.0482686 -0.0260477 -0.0017980 0.0017207 0.0017005 0.0193081 -0.0757411 -0.0120640
-0.2713431 -0.2171180 0.0054911 0.4336075 0.1885019 -0.4264436 -0.2652882 -0.2767029 0.0005198 0.4454512 0.1571380 -0.4411817 -0.7807102 -0.6246935 0.0157991 0.6810101 0.2960550 -0.6697586 -0.6920605 -0.7218383 0.0013559 0.6891861 0.2431182 -0.6825805 -0.0011306 0.0001905 0.0005810 -0.0076996 -0.0045931 0.0819609 -0.0012600 0.0000020 0.0011512 -0.0050129 -0.0191856 0.0130273 -0.0015102 0.0019356 0.0016328 0.0560707 0.0222194 0.0735932 -0.0017035 0.0016489 0.0029934 0.0104223 -0.0239896 0.0024843
-0.2724737 -0.2169276 0.0060721 0.4259080 0.1839087 -0.3444827 -0.2665482 -0.2767010 0.0016710 0.4404382 0.1379523 -0.4281544 -0.7822204 -0.6227579 0.0174319 0.7370808 0.3182744 -0.5961654 -0.6937639 -0.7201893 0.0043493 0.6996083 0.2191286 -0.6800962 -0.0009727 0.0003269 -0.0002298 -0.0010769 -0.0681750 -0.0434246 -0.0002659 0.0003525 -0.0001591 -0.0136558 -0.0288062 0.0203987 -0.0015450 0.0019266 -0.0006863 -0.0131157 -0.1210498 -0.0648769 -0.0008183 0.0007867 -0.0004135 0.0113790 -0.0372994 0.0008060
-0.2734464 -0.2166007 0.0058423 0.4248311 0.1157337 -0.3879073 -0.2668141 -0.2763485 0.0015119 0.4267825 0.1091461 -0.4077556 -0.7837653 -0.6208313 0.0167455 0.7239651 0.1972247 -0.6610423 -0.6945822 -0.7194026 0.0039358 0.7109874 0.1818292 -0.6792901 -0.0002257 0.0003647 0.0000022 -0.0221787 -0.0046693 0.0442116 -0.0002226 0.0005543 -0.0000045 -0.0057584 -0.0239888 0.0015291 -0.0007575 0.0009578 0.0000087 0.0204237 0.0081015 0.0256476 -0.0010209 0.0009870 -0.0000093 0.0011484 -0.0377910 -0.0078165
-0.2736721 -0.2162360 0.0058445 0.4026524 0.1110644 -0.3436957 -0.2670367 -0.2757942 0.0015074 0.4210241 0.0851573 -0.4062266 -0.7845229 -0.6198735 0.0167543 0.7443888 0.2053262 -0.6353948 -0.6956031 -0.7184155 0.0039265 0.7121358 0.1440382 -0.6871067 -0.0000619 -0.0004353 0.0005592 0.0060178 -0.0158405 0.0068381 -0.0002809 0.0001285 0.0002335 -0.0128316 -0.0202465 0.0075365 0.0005604 -0.0006638 0.0015857 0.0150797 -0.0283632 0.0093822 -0.0005427 0.0005295 0.0006071 -0.0013358 -0.0310068 -0.0071464
-0.2737341 -0.2166713 0.0064037 0.4086702 0.0952239 -0.3368576 -0.2673175 -0.2756657 0.0017409 0.4081925 0.0649108 -0.3986901 -0.7839625 -0.6205372 0.0183399 0.7594684 0.1769630 -0.6260126 -0.6961458 -0.7178861 0.0045336 0.7108000 0.1130314 -0.6942531 -0.0011293 -0.0000160 -0.0009045 0.0072873 -0.0101774 0.0050903 -0.0004506 0.0000441 -0.0016156 -0.0096624 -0.0132742 0.0030881 -0.0012540 0.0015152 -0.0026301 0.0125153 -0.0191236 0.0102791 -0.0006684 0.0006345 -0.0042074 -0.0040724 -0.0214625 -0.0072819
-0.2748634 -0.2166873 0.0054992 0.4159576 0.0850465 -0.3317673 -0.2677681 -0.2756216 0.0001253 0.3985301 0.0516366 -0.3956019 -0.7852165 -0.6190220 0.0157099 0.7719838 0.1578394 -0.6157335 -0.6968142 -0.7172516 0.0003261 0.7067276 0.0915689 -0.7015349 -0.0007694 0.0003786 -0.0016161 -0.0251646 -0.0049909 -0.0128519 -0.0006869 0.0055334 -0.0090154 -0.0155156 -0.0094311 0.0016601 -0.0014137 0.0016971 -0.0046278 -0.0306566 -0.0059754 -0.0380029 -0.0079529 0.0081968 -0.0236649 -0.0116822 -0.0149799 -0.0133399
-0.2756327 -0.2163087 0.0038831 0.3907930 0.0800556 -0.3446192 -0.2684550 -0.2700882 -0.0088901 0.3830145 0.0422055 -0.3939419 -0.7866302 -0.6173250 0.0110821 0.7413272 0.1518640 -0.6537364 -0.7047671 -0.7090547 -0.0233388 0.6950454 0.0765890 -0.7148749 0.0003264 0.0010423 -0.0028697 -0.0118265 -0.0020559 -0.0053114 -0.0001183 0.0005354 -0.0008898 -0.0184046 -0.0046176 -0.0023269 -0.0011362 0.0013577 -0.0081822 -0.0148938 -0.0023480 -0.0170389 -0.0008184 0.0008959 -0.0023545 -0.0195895 -0.0069559 -0.0192304
-0.2753063 -0.2152665 0.0010134 0.3789665 0.0779996 -0.3499307 -0.2685733 -0.2695529 -0.0097799 0.3646099 0.0375878 -0.3962688 -0.7877664 -0.6159673 0.0028999 0.7264334 0.1495160 -0.6707753 -0.7055855 -0.7081589 -0.0256933 0.6754559 0.0696331 -0.7341053 0.0003040 0.0000610 -0.0010007 -0.0185033 0.0051578 -0.0101098 -0.0000978 0.0003915 -0.0001821 -0.0110842 0.0003588 -0.0052237 0.0002422 -0.0003164 -0.0028635 -0.0281525 0.0115748 -0.0266869 -0.0006341 0.0006505 -0.0004925 -0.0162606 0.0011233 -0.0145302
-0.2750023 -0.2152054 0.0000127 0.3604632 0.0831575 -0.3600405 -0.2686711 -0.2691614 -0.0099620 0.3535257 0.0379466 -0.4014924 -0.7875242 -0.6162837 0.0000364 0.6982809 0.1610908 -0.6974622 -0.7062196 -0.7075084 -0.0261857 0.6591953 0.0707564 -0.7486355 0.0003699 -0.0000313 -0.0013444 -0.0155210 0.0038316 -0.0112983 0.0007014 -0.0008105 -0.0013294 -0.0122234 0.0080170 -0.0044580 0.0004522 -0.0005656 -0.0038530 -0.0275029 0.0080690 -0.0246471 0.0020598 -0.0019129 -0.0034854 -0.0180704 0.0155846 -0.0139287
-0.2746324 -0.2152368 -0.0013317 0.3449422 0.0869890 -0.3713388 -0.2679697 -0.2699720 -0.0112914 0.3413023 0.0459635 -0.4059505 -0.7870720 -0.6168493 -0.0038166 0.6707780 0.1691598 -0.7221093 -0.7041598 -0.7094213 -0.0296711 0.6411249 0.0863410 -0.7625642 0.0048607 0.0000265 -0.0048992 -0.0276815 0.0206626 -0.0182138 -0.0000380 -0.0130012 -0.0010066 -0.0107914 0.0112133 -0.0086182 0.0054732 -0.0066708 -0.0142361 -0.0533038 0.0403591 -0.0360644 0.0168548 -0.0162626 -0.0018671 -0.0213400 0.0208789 -0.0148486
-0.2697717 -0.2152103 -0.0062309 0.3172607 0.1076516 -0.3895526 -0.2680077 -0.2829732 -0.0122980 0.3305109 0.0571768 -0.4145686 -0.7815989 -0.6235201 -0.0180527 0.6174743 0.2095189 -0.7581737 -0.6873050 -0.7256839 -0.0315383 0.6197849 0.1072199 -0.7774127 0.0002351 -0.0003571 -0.0014127 0.0004366 -0.0052570 0.0013854 -0.0000002 -0.0004761 -0.0000303 -0.0106893 0.0311315 -0.0009475 0.0008339 -0.0009123 -0.0040888 0.0030922 -0.0095087 -0.0000434 0.0006100 -0.0005751 -0.0000495 -0.0183124 0.0588572 -0.0040278
-0.2695366 -0.2155673 -0.0076437 0.3176973 0.1023947 -0.3881672 -0.2680080 -0.2834492 -0.0123283 0.3198216 0.0883084 -0.4155162 -0.7807649 -0.6244324 -0.0221414 0.6205665 0.2000102 -0.7582171 -0.6866951 -0.7262590 -0.0315878 0.6014725 0.1660771 -0.7814405 -0.0002981 -0.0002140 -0.0001157 -0.0338699 0.0245676 -0.0301871 0.0018298 0.0120177 -0.0011342 -0.0011354 0.0180009 -0.0086649 -0.0000291 0.0000476 -0.0003112 -0.0760496 0.0435643 -0.0443867 -0.0130301 0.0127240 -0.0038023 -0.0125156 0.0303908 -0.0024792
-0.2698348 -0.2157813 -0.0077594 0.2838274 0.1269623 -0.4183543 -0.2661782 -0.2714315 -0.0134625 0.3186862 0.1063093 -0.4241811 -0.7807941 -0.6243849 -0.0224527 0.5445169 0.2435745 -0.8026038 -0.6997252 -0.7135350 -0.0353901 0.5889569 0.1964679 -0.7839197 0.0007193 -0.0003430 -0.0006683 0.0292511 0.0207131 -0.0223787 0.0004325 -0.0124781 -0.0001252 -0.0161265 0.0358843 -0.0856565 0.0013347 -0.0015922 -0.0019570 0.0141318 0.0199335 0.0161719 0.0167752 -0.0160950 0.0004706 -0.0926878 0.0367632 -0.0523340
-0.2691154 -0.2161243 -0.0084277 0.3130785 0.1476754 -0.4407330 -0.2657457 -0.2839096 -0.0135877 0.3025596 0.1421936 -0.5098376 -0.7794594 -0.6259770 -0.0244097 0.5586487 0.2635080 -0.7864319 -0.6829500 -0.7296300 -0.0349195 0.4962691 0.2332311 -0.8362537 -0.0001120 -0.0001120 0.0011289 0.0056437 0.0189904 -0.0022853 0.0011477 0.0098425 0.0012570 0.0074688 0.0195588 -0.0005026 -0.0000270 -0.0000856 0.0032778 -0.0001111 0.0285618 0.0100745 -0.0112559 0.0105809 0.0025685 0.0048674 0.0282290 0.0113290
-0.2692274 -0.2162362 -0.0072988 0.3187222 0.1666659 -0.4430183 -0.2645980 -0.2740670 -0.0123307 0.3100284 0.1617525 -0.5103403 -0.7794864 -0.6260626 -0.0211319 0.5585376 0.2920699 -0.7763575 -0.6942059 -0.7190490 -0.0323510 0.5011365 0.2614601 -0.8249248 0.0010634 -0.0003672 0.0007945 0.0070593 0.0327577 -0.0102623 0.0018298 -0.0022519 0.0009632 0.0132529 0.0390850 0.0286048 0.0016970 -0.0021792 0.0022669 -0.0089383 0.0443614 0.0116650 0.0053969 -0.0052811 0.0025528 0.0254365 0.0656717 0.0402556
-0.2681640 -0.2166034 -0.0065042 0.3257815 0.1994236 -0.4532806 -0.2627682 -0.2763189 -0.0113675 0.3232813 0.2008375 -0.4817355 -0.7777894 -0.6282418 -0.0188650 0.5495993 0.3364312 -0.7646925 -0.6888090 -0.7243302 -0.0297982 0.5265730 0.3271318 -0.7846691 0.0011526 -0.0000798 0.0000547 -0.0041400 0.0306222 -0.0277572 0.0004276 0.0001249 0.0002358 0.0042866 0.0240857 -0.0053789 0.0014369 -0.0017781 0.0001127 -0.0330830 0.0329938 -0.0077944 0.0004137 -0.0004171 0.0005881 -0.0054880 0.0306691 0.0097827
-0.2670114 -0.2166832 -0.0064495 0.3216415 0.2300458 -0.4810378 -0.2623406 -0.2761940 -0.0111317 0.3275680 0.2249232 -0.4871144 -0.7763525 -0.6300199 -0.0187523 0.5165164 0.3694250 -0.7724869 -0.6883954 -0.7247473 -0.0292102 0.5210850 0.3578009 -0.7748864 0.0008591 -0.0009933 -0.0015587 0.0198651 0.0414681 -0.0025572 -0.0003853 -0.0010302 0.0002171 0.0145057 0.0402810 0.0137663 0.0024846 -0.0028989 -0.0045323 0.0078181 0.0474457 0.0299963 0.0008037 -0.0007882 0.0006450 0.0122306 0.0556702 0.0369053
-0.2661523 -0.2176764 -0.0080082 0.3415067 0.2715140 -0.4835949 -0.2627259 -0.2772241 -0.0109146 0.3420737 0.2652043 -0.4733481 -0.7738679 -0.6329189 -0.0232846 0.5243345 0.4168707 -0.7424905 -0.6875916 -0.7255355 -0.0285652 0.5333156 0.4134711 -0.7379811 0.0014142 -0.0010043 -0.0020265 0.0088443 0.0148886 0.0044474 -0.0005135 -0.0006911 0.0007533 0.0123928 0.0208143 0.0015818 0.0032123 -0.0036632 -0.0059263 0.0072608 0.0176943 0.0154694 0.0001561 -0.0002250 0.0020295 0.0072303 0.0226948 0.0185581
-0.2647380 -0.2186807 -0.0100346 0.3503510 0.2864026 -0.4791475 -0.2632394 -0.2779152 -0.0101613 0.3544665 0.2860186 -0.4717664 -0.7706556 -0.6365821 -0.0292109 0.5315953 0.4345650 -0.7270211 -0.6874355 -0.7257605 -0.0265357 0.5405459 0.4361658 -0.7194230 0.0007449 -0.0005430 0.0006658 0.0120166 0.0224456 0.0542893 0.0001288 -0.0005243 0.0002972 0.0169456 0.0327051 0.0015292 0.0016176 -0.0020381 0.0019185 0.0362688 0.0494292 0.0612284 0.0008464 -0.0008294 0.0007951 0.0066821 0.0334326 0.0265891
-0.2639931 -0.2192237 -0.0093689 0.3623676 0.3088482 -0.4248582 -0.2631106 -0.2784395 -0.0098641 0.3714121 0.3187237 -0.4702371 -0.7690380 -0.6386202 -0.0272925 0.5678641 0.4839942 -0.6657928 -0.6865891 -0.7265899 -0.0257405 0.5472280 0.4695984 -0.6928340 0.0007827 -0.0004612 0.0004966 0.0317297 0.0430373 0.0229049 0.0000614 -0.0005491 0.0000516 0.0202918 0.0271086 0.0102596 0.0015658 -0.0019399 0.0014227 0.0257862 0.0460701 0.0603085 0.0007969 -0.0007578 0.0001583 0.0154517 0.0271869 0.0320799
-0.2632104 -0.2196849 -0.0088722 0.3940973 0.3518855 -0.4019534 -0.2630492 -0.2789886 -0.0098126 0.3917039 0.3458323 -0.4599775 -0.7674722 -0.6405601 -0.0258698 0.5936503 0.5300643 -0.6054842 -0.6857922 -0.7273476 -0.0255822 0.5626796 0.4967853 -0.6607541 -0.0001672 -0.0004348 0.0001715 0.0041464 0.0170973 0.0109788 0.0000039 -0.0001213 0.0006118 0.0189855 0.0200477 0.0172790 0.0004128 -0.0005154 0.0005297 0.0016009 0.0214508 0.0210982 0.0001361 -0.0001828 0.0015993 0.0189869 0.0214166 0.0337526
-0.2633776 -0.2201198 -0.0087008 0.3982437 0.3689827 -0.3909745 -0.2630453 -0.2791100 -0.0092008 0.4106895 0.3658799 -0.4426985 -0.7670594 -0.6410755 -0.0253401 0.5952512 0.5515151 -0.5843860 -0.6856561 -0.7275304 -0.0239829 0.5816665 0.5182020 -0.6270015 0.0002045 -0.0010330 0.0009354 0.0111372 0.0109488 0.0128172 -0.0000018 -0.0010888 0.0008175 0.0233796 0.0201709 0.0083526 0.0016749 -0.0021014 0.0027560 0.0116930 0.0117677 0.0237337 0.0013784 -0.0013649 0.0021750 0.0167748 0.0140377 0.0281784
-0.2631732 -0.2211528 -0.0077654 0.4093809 0.3799316 -0.3781573 -0.2630471 -0.2801987 -0.0083833 0.4340690 0.3860509 -0.4343460 -0.7653845 -0.6431769 -0.0225841 0.6069443 0.5632829 -0.5606524 -0.6842778 -0.7288953 -0.0218079 0.5984412 0.5322396 -0.5988230 0.0004089 -0.0012940 -0.0004151 0.0215324 0.0107566 0.0156008 0.0003250 -0.0013605 0.0000536 0.0327686 0.0163083 0.0230600 0.0023679 -0.0027653 -0.0011706 0.0217607 0.0067334 0.0316803 0.0022113 -0.0020751 0.0001828 0.0316233 0.0108020 0.0437334
-0.2627643 -0.2224467 -0.0081805 0.4309133 0.3906882 -0.3625565 -0.2627221 -0.2815592 -0.0083297 0.4668376 0.4023592 -0.4112860 -0.7630166 -0.6459422 -0.0237547 0.6287050 0.5700163 -0.5289721 -0.6820664 -0.7309704 -0.0216252 0.6300645 0.5430416 -0.5550896 -0.0017801 -0.0010140 0.0005640 0.0201475 0.0040784 0.0105768 -0.0001875 -0.0012327 0.0008342 0.0176904 0.0028058 0.0087632 -0.0007322 0.0008033 0.0017654 0.0201951 -0.0021016 0.0226109 0.0013027 -0.0012755 0.0022167 0.0168644 -0.0020761 0.0176519
-0.2645444 -0.2234607 -0.0076166 0.4510608 0.3947666 -0.3519797 -0.2629097 -0.2827919 -0.0074955 0.4845280 0.4051650 -0.4025228 -0.7637488 -0.6451389 -0.0219893 0.6489001 0.5679147 -0.5063612 -0.6807638 -0.7322459 -0.0194084 0.6469289 0.5409655 -0.5374378 0.0001492 -0.0006653 0.0009796 0.0184355 0.0025669 0.0155878 0.0001775 -0.0010838 0.0011310 0.0332137 0.0046136 0.0195793 0.0010817 -0.0013689 0.0028445 0.0208118 -0.0011393 0.0265157 0.0016088 -0.0015647 0.0029563 0.0313686 -0.0041114 0.0357405
-0.2643952 -0.2241260 -0.0066370 0.4694963 0.3973335 -0.3363919 -0.2627321 -0.2838757 -0.0063645 0.5177417 0.4097786 -0.3829434 -0.7626671 -0.6465079 -0.0191448 0.6697119 0.5667754 -0.4798455 -0.6791549 -0.7338105 -0.0164521 0.6782975 0.5368541 -0.5016972 0.0001675 -0.0002996 0.0030203 0.0304325 -0.0056161 0.0202797 0.0001430 -0.0003096 0.0030012 0.0198931 -0.0021801 0.0089332 0.0005304 -0.0008242 0.0087130 0.0349738 -0.0146215 0.0342625 0.0005320 -0.0006248 0.0077602 0.0186544 -0.0084722 0.0168566
-0.2642277 -0.2244257 -0.0036167 0.4999288 0.3917173 -0.3161122 -0.2625891 -0.2841854 -0.0033633 0.5376348 0.4075984 -0.3740103 -0.7621367 -0.6473321 -0.0104318 0.7046857 0.5521538 -0.4455830 -0.6786230 -0.7344354 -0.0086919 0.6969520 0.5283820 -0.4848407 0.0008051 -0.0008179 -0.0000734 0.0108479 -0.0024825 0.0097092 -0.0017805 0.0034966 -0.0021877 0.0318506 -0.0054365 0.0216891 0.0021436 -0.0025118 -0.0002143 0.0131680 -0.0051170 0.0149593 -0.0069346 0.0065593 -0.0057029 0.0320929 -0.0135415 0.0338054
-0.2634226 -0.2252436 -0.0036901 0.5107766 0.3892348 -0.3064030 -0.2643696 -0.2806888 -0.0055510 0.5694853 0.4021619 -0.3523212 -0.7599931 -0.6498439 -0.0106462 0.7178537 0.5470368 -0.4306237 -0.6855575 -0.7278761 -0.0143948 0.7290449 0.5148405 -0.4510353 -0.0013970 -0.0010238 0.0022179 0.0211404 -0.0099482 0.0205908 -0.0000040 -0.0015727 0.0026444 0.0164800 -0.0032797 0.0118173 -0.0002784 0.0002522 0.0064197 0.0280896 -0.0151376 0.0298099 0.0019751 -0.0019585 0.0068793 0.0160907 -0.0076068 0.0180377
-0.2648196 -0.2262674 -0.0014722 0.5319171 0.3792866 -0.2858122 -0.2643736 -0.2822615 -0.0029066 0.5859653 0.3988822 -0.3405039 -0.7602715 -0.6495917 -0.0042265 0.7459433 0.5318993 -0.4008138 -0.6835824 -0.7298347 -0.0075156 0.7451356 0.5072337 -0.4329976 -0.0020108 -0.0002347 0.0020280 0.0047031 -0.0036672 0.0098983 -0.0000866 -0.0010816 0.0025906 0.0073311 -0.0157197 0.0304981 -0.0020949 0.0024480 0.0058145 0.0090517 -0.0034235 0.0126182 0.0012553 -0.0012119 0.0067002 0.0240715 -0.0104646 0.0310760
-0.2668304 -0.2265021 0.0005558 0.5366202 0.3756194 -0.2759139 -0.2644602 -0.2833431 -0.0003160 0.5932964 0.3831625 -0.3100058 -0.7623664 -0.6471437 0.0015880 0.7549951 0.5284758 -0.3881956 -0.6823271 -0.7310465 -0.0008154 0.7692071 0.4967690 -0.4019216 -0.0005224 -0.0003543 0.0017139 0.0066773 -0.0051998 0.0101615 -0.0000856 -0.0006771 0.0020935 0.0083942 -0.0027916 0.0052093 -0.0001105 0.0001606 0.0048851 0.0110435 -0.0061916 0.0134901 0.0007596 -0.0006944 0.0053948 0.0078218 -0.0055545 0.0083046
-0.2673528 -0.2268564 0.0022697 0.5432975 0.3704196 -0.2657523 -0.2645458 -0.2840202 0.0017775 0.6016907 0.3803709 -0.3047964 -0.7624769 -0.6469831 0.0064731 0.7660386 0.5222842 -0.3747054 -0.6815675 -0.7317409 0.0045794 0.7770290 0.4912145 -0.3936170 -0.0004459 -0.0002219 0.0013463 0.0033456 -0.0046830 0.0090409 -0.0002672 0.0003121 0.0014881 0.0060985 -0.0051270 0.0073873 -0.0001953 0.0002798 0.0038249 0.0082072 -0.0042679 0.0111086 -0.0007524 0.0007356 0.0038348 0.0084960 -0.0062380 0.0092365
-0.2677987 -0.2270783 0.0036160 0.5466431 0.3657366 -0.2567114 -0.2648130 -0.2837081 0.0032656 0.6077891 0.3752439 -0.2974091 -0.7626722 -0.6467033 0.0102981 0.7742458 0.5180162 -0.3635968 -0.6823199 -0.7310053 0.0084142 0.7855250 0.4849765 -0.3843805 -0.0001642 0.0001611 0.0008917 0.0011874 -0.0028618 0.0037021 -0.0002139 -0.0006496 0.0009160 0.0040869 -0.0036351 0.0049305 -0.0003994 0.0005167 0.0025384 0.0037702 -0.0026700 0.0042790 0.0005550 -0.0004870 0.0023427 0.0057042 -0.0044417 0.0061705
-0.2679629 -0.2269172 0.0045077 0.5478305 0.3628748 -0.2530093 -0.2650269 -0.2843577 0.0041816 0.6118760 0.3716088 -0.2924787 -0.7630715 -0.6461866 0.0128365 0.7780160 0.5153462 -0.3593178 -0.6817649 -0.7314923 0.0107569 0.7912291 0.4805348 -0.3782100 -0.0018222 -0.0002605 0.0019018 0.0003197 -0.0022906 0.0004487 -0.0007252 -0.0007009 0.0012274 -0.0019521 -0.0029329 -0.0000191 -0.0017270 0.0021733 0.0053333 0.0016608 -0.0024592 0.0000813 -0.0000725 0.0001202 0.0031208 0.0004901 -0.0019706 -0.0014702
-0.2697851 -0.2271778 0.0064095 0.5481503 0.3605842 -0.2525606 -0.2657521 -0.2850586 0.0054090 0.6099240 0.3686759 -0.2924977 -0.7647985 -0.6440133 0.0181698 0.7796768 0.5128871 -0.3592366 -0.6818374 -0.7313721 0.0138777 0.7917192 0.4785642 -0.3796802 -0.0010124 0.0003176 0.0006067 0.0008229 -0.0018819 0.0004869 0.0000115 0.0000604 0.0006361 -0.0015726 -0.0031732 0.0009921 -0.0016047 0.0019604 0.0016872 0.0017212 -0.0023169 0.0004397 -0.0000452 0.0000749 0.0016336 0.0011884 -0.0021786 -0.0002598
-0.2707975 -0.2268601 0.0070162 0.5489732 0.3587024 -0.2520736 -0.2657406 -0.2849982 0.0060450 0.6083514 0.3655027 -0.2915056 -0.7664032 -0.6420528 0.0198571 0.7813981 0.5105702 -0.3587968 -0.6818826 -0.7312972 0.0155113 0.7929075 0.4763856 -0.3799400 -0.0021563 -0.0000326 -0.0010078 -0.0016012 -0.0012862 -0.0013635 -0.0011307 0.0001801 0.0008368 -0.0017593 -0.0018691 -0.0011712 -0.0024955 0.0029063 -0.0029317 -0.0007059 -0.0008035 -0.0026692 -0.0017536 0.0016871 0.0021176 -0.0003951 -0.0012984 -0.0024422
-0.2729538 -0.2268927 0.0060084 0.5473720 0.3574162 -0.2534371 -0.2668713 -0.2848181 0.0068818 0.6065921 0.3636336 -0.2926768 -0.7688987 -0.6391466 0.0169253 0.7806921 0.5097667 -0.3614660 -0.6836361 -0.7296101 0.0176290 0.7925125 0.4750872 -0.3823822 -0.0007445 0.0000358 0.0006290 -0.0014745 -0.0007117 -0.0016844 -0.0002347 -0.0008448 0.0015533 -0.0007098 -0.0002746 -0.0025399 -0.0008805 0.0011094 0.0017425 -0.0011004 -0.0003600 -0.0028710 0.0008111 -0.0006536 0.0039344 -0.0012196 -0.0005341 -0.0031759
-0.2736984 -0.2268569 0.0066374 0.5458975 0.3567045 -0.2551216 -0.2671060 -0.2856629 0.0084351 0.6058823 0.3633590 -0.2952167 -0.7697792 -0.6380372 0.0186678 0.7795917 0.5094068 -0.3643370 -0.6828250 -0.7302637 0.0215634 0.7912928 0.4745531 -0.3855581 -0.0000311 0.0005497 -0.0003065 -0.0015375 -0.0016407 -0.0027917 -0.0007457 0.0026178 -0.0027117 -0.0011240 -0.0000322 -0.0032292 -0.0008072 0.0009509 -0.0008453 -0.0010741 -0.0016115 -0.0045182 -0.0044446 0.0040097 -0.0068780 -0.0018267 -0.0002575 -0.0040403
-0.2737294 -0.2263072 0.0063309 0.5443600 0.3550638 -0.2579133 -0.2678516 -0.2830451 0.0057234 0.6047583 0.3633268 -0.2984458 -0.7705864 -0.6370863 0.0178225 0.7785177 0.5077953 -0.3688553 -0.6872696 -0.7262540 0.0146854 0.7894662 0.4742956 -0.3895984 0.0000426 -0.0000814 -0.0009621 -0.0015539 -0.0013253 -0.0027774 0.0000146 -0.0002560 -0.0005330 -0.0042457 -0.0009887 -0.0048608 0.0001269 -0.0002235 -0.0027086 -0.0012771 -0.0012795 -0.0044260 0.0003345 -0.0003428 -0.0013735 -0.0035916 -0.0001136 -0.0073307
-0.2736868 -0.2263886 0.0053688 0.5428061 0.3537385 -0.2606906 -0.2678370 -0.2833011 0.0051903 0.6005127 0.3623381 -0.3033067 -0.7704595 -0.6373098 0.0151139 0.7772405 0.5065158 -0.3732812 -0.6869352 -0.7265968 0.0133119 0.7858745 0.4741819 -0.3969291 -0.0000256 -0.0000635 -0.0003153 -0.0051583 -0.0019909 -0.0069108 -0.0000159 -0.0002900 -0.0002754 -0.0088102 0.0025698 -0.0127076 0.0000485 -0.0000791 -0.0008897 -0.0047469 -0.0011241 -0.0112091 0.0003433 -0.0003371 -0.0007135 -0.0110221 0.0036760 -0.0169011
-0.2737124 -0.2264522 0.0050536 0.5376478 0.3517475 -0.2676014 -0.2678529 -0.2835912 0.0049149 0.5917025 0.3649078 -0.3160142 -0.7704109 -0.6373889 0.0142241 0.7724936 0.5053917 -0.3844903 -0.6865919 -0.7269339 0.0125985 0.7748524 0.4778579 -0.4138303 0.0000798 -0.0003054 -0.0002299 -0.0085517 -0.0018405 -0.0114052 0.0000784 -0.0002599 -0.0001912 -0.0131500 0.0036046 -0.0122834 0.0005065 -0.0006259 -0.0006521 -0.0089860 -0.0004613 -0.0181277 0.0004346 -0.0004186 -0.0004943 -0.0140625 0.0067317 -0.0178774
-0.2736326 -0.2267575 0.0048237 0.5290961 0.3499070 -0.2790065 -0.2677745 -0.2838510 0.0047237 0.5785525 0.3685124 -0.3282976 -0.7699044 -0.6380149 0.0135720 0.7635077 0.5049304 -0.4026181 -0.6861573 -0.7273525 0.0121041 0.7607899 0.4845897 -0.4317077 0.0001379 -0.0002918 -0.0003650 -0.0146523 0.0004250 -0.0137213 0.0000011 -0.0003383 0.0001128 -0.0239840 0.0113937 -0.0145431 0.0005512 -0.0006856 -0.0010297 -0.0155567 0.0044181 -0.0229796 0.0004364 -0.0004067 0.0002813 -0.0258686 0.0188669 -0.0226293
-0.2734947 -0.2270494 0.0044586 0.5144438 0.3503320 -0.2927278 -0.2677734 -0.2841894 0.0048365 0.5545685 0.3799061 -0.3428407 -0.7693533 -0.6387005 0.0125423 0.7479510 0.5093486 -0.4255976 -0.6857209 -0.7277592 0.0123854 0.7349214 0.5034565 -0.4543370 0.0001207 -0.0002165 0.0007699 -0.0206161 0.0007993 -0.0157172 0.0003375 -0.0001325 0.0006701 -0.0384252 0.0028872 -0.0088613 0.0004607 -0.0005085 0.0021635 -0.0216532 0.0070784 -0.0280484 0.0006431 -0.0005742 0.0017206 -0.0303366 0.0190928 -0.0257699
-0.2733739 -0.2272659 0.0052285 0.4938276 0.3511313 -0.3084450 -0.2674360 -0.2843218 0.0055066 0.5161433 0.3827933 -0.3517020 -0.7688925 -0.6392089 0.0147058 0.7262978 0.5164269 -0.4536460 -0.6850778 -0.7283334 0.0141060 0.7045848 0.5225493 -0.4801068 0.0007495 -0.0003283 0.0002990 -0.0379643 0.0017894 -0.0194714 0.0003330 -0.0000173 0.0001934 -0.0439849 0.0026177 -0.0141643 0.0013283 -0.0015742 0.0008567 -0.0389748 0.0156854 -0.0407663 0.0004801 -0.0004414 0.0005034 -0.0403850 0.0196203 -0.0345686
-0.2726245 -0.2275942 0.0055275 0.4558634 0.3529207 -0.3279164 -0.2671029 -0.2843391 0.0057000 0.4721584 0.3854110 -0.3658663 -0.7675642 -0.6407831 0.0155625 0.6873230 0.5321123 -0.4944123 -0.6845977 -0.7287747 0.0146094 0.6641998 0.5421696 -0.5146754 0.0009600 -0.0002041 -0.0009041 -0.0263717 -0.0018938 -0.0076287 0.0000864 0.0049037 -0.0050064 -0.0477865 -0.0033549 -0.0127346 0.0013693 -0.0016928 -0.0025227 -0.0248186 0.0093577 -0.0231765 -0.0062597 0.0057859 -0.0128148 -0.0447923 0.0154744 -0.0379254
-0.2716645 -0.2277983 0.0046234 0.4294917 0.3510269 -0.3355451 -0.2670166 -0.2794354 0.0006936 0.4243719 0.3820561 -0.3786009 -0.7661949 -0.6424759 0.0130397 0.6625044 0.5414700 -0.5175888 -0.6908574 -0.7229888 0.0017946 0.6194074 0.5576439 -0.5526008 0.0005703 0.0000594 0.0025374 -0.0530705 -0.0035783 -0.0164319 0.0008840 0.0000236 0.0023510 -0.0520187 0.0008651 -0.0178583 0.0006742 -0.0006175 0.0071811 -0.0568693 0.0175502 -0.0487173 0.0011883 -0.0010928 0.0060953 -0.0596237 0.0180274 -0.0434232
-0.2710941 -0.2277389 0.0071608 0.3764212 0.3474486 -0.3519771 -0.2661325 -0.2794118 0.0030446 0.3723532 0.3829212 -0.3964592 -0.7655207 -0.6430934 0.0202209 0.6056351 0.5590202 -0.5663061 -0.6896691 -0.7240817 0.0078899 0.5597838 0.5756714 -0.5960240 0.0003805 -0.0003186 0.0014830 -0.0371296 -0.0028131 -0.0138998 0.0005196 -0.0003286 0.0021135 -0.0494511 -0.0104393 -0.0096823 0.0009602 -0.0009960 0.0041915 -0.0461456 0.0092813 -0.0370222 0.0011727 -0.0010348 0.0054805 -0.0542358 0.0075006 -0.0398468
-0.2707137 -0.2280575 0.0086439 0.3392916 0.3446355 -0.3658769 -0.2656129 -0.2797404 0.0051581 0.3229021 0.3724819 -0.4061415 -0.7645606 -0.6440894 0.0244123 0.5594895 0.5683014 -0.6033283 -0.6884965 -0.7251164 0.0133704 0.5055479 0.5831720 -0.6358708 0.0001040 -0.0003353 -0.0011569 -0.0522758 -0.0042810 -0.0169639 0.0004062 -0.0012869 -0.0005808 -0.0570843 -0.0093791 -0.0067808 0.0005316 -0.0007462 -0.0032740 -0.0706898 0.0113361 -0.0486650 0.0022056 -0.0021143 -0.0015255 -0.0703115 0.0113539 -0.0402270
-0.2706097 -0.2283928 0.0074870 0.2870159 0.3403544 -0.3828407 -0.2652068 -0.2810274 0.0045773 0.2658178 0.3631027 -0.4129223 -0.7640289 -0.6448356 0.0211384 0.4887997 0.5796375 -0.6519933 -0.6862909 -0.7272307 0.0118449 0.4352364 0.5945258 -0.6760979 -0.0006625 -0.0022228 -0.0030188 -0.0694780 -0.0029976 -0.0150804 -0.0007197 -0.0029748 -0.0033500 -0.0744568 -0.0029748 -0.0048240 0.0021971 -0.0028177 -0.0085901 -0.1039268 0.0172220 -0.0520178 0.0027987 -0.0027203 -0.0086904 -0.1074516 0.0223423 -0.0394655
-0.2712722 -0.2306157 0.0044682 0.2175378 0.3373569 -0.3979211 -0.2659264 -0.2840022 0.0012273 0.1913610 0.3601280 -0.4177463 -0.7618318 -0.6476533 0.0125483 0.3848729 0.5968594 -0.7040111 -0.6834922 -0.7299510 0.0031545 0.3277848 0.6168681 -0.7155633 -0.0011534 -0.0011472 -0.0030025 -0.0245078 -0.0083480 0.0013599 -0.0010423 -0.0020547 -0.0024691 -0.0403965 -0.0207818 0.0050189 0.0001764 -0.0003160 -0.0084505 -0.0340647 0.0010735 -0.0166898 0.0012015 -0.0011231 -0.0063280 -0.0558937 -0.0056965 -0.0277700
-0.2724256 -0.2317629 0.0014657 0.1930300 0.3290088 -0.3965612 -0.2669688 -0.2860569 -0.0012417 0.1509645 0.3393461 -0.4127274 -0.7616554 -0.6479693 0.0040977 0.3508082 0.5979329 -0.7207010 -0.6822907 -0.7310741 -0.0031735 0.2718911 0.6111716 -0.7433333 0.0018520 0.0015430 -0.0033162 -0.0357249 -0.0238423 0.0180912 0.0010971 -0.0006931 -0.0024898 -0.0336823 -0.0175665 0.0015342 0.0000491 -0.0000498 -0.0093066 -0.0429646 -0.0007267 -0.0199590 0.0024148 -0.0021910 -0.0063687 -0.0527303 -0.0098741 -0.0250479
-0.2705736 -0.2302199 -0.0018505 0.1573051 0.3051665 -0.3784700 -0.2658717 -0.2867500 -0.0037316 0.1172822 0.3217796 -0.4111932 -0.7616063 -0.6480191 -0.0052089 0.3078436 0.5972062 -0.7406599 -0.6798759 -0.7332651 -0.0095422 0.2191609 0.6012975 -0.7683813 0.0051847 0.0035942 0.0035100 -0.0244748 0.0003632 -0.0041117 0.0032143 0.0035309 0.0040150 -0.0356250 -0.0100219 -0.0050933 0.0011553 -0.0013588 0.0099638 -0.0460099 0.0050512 -0.0134815 -0.0001137 0.0000437 0.0102759 -0.0640532 -0.0091148 -0.0223534
-0.2653889 -0.2266257 0.0016594 0.1328303 0.3055298 -0.3825817 -0.2626574 -0.2832191 0.0002834 0.0816572 0.3117577 -0.4162865 -0.7604510 -0.6493779 0.0047549 0.2618337 0.6022573 -0.7541414 -0.6799896 -0.7332214 0.0007337 0.1551076 0.5921827 -0.7907347 0.0039016 0.0080114 0.0049135 -0.0351017 -0.0028267 -0.0030465 0.0050037 0.0072322 0.0037158 -0.0166536 -0.0028240 0.0023112 -0.0066049 0.0080874 0.0145263 -0.0663333 0.0032832 -0.0172861 -0.0023837 0.0022943 0.0098578 -0.0302486 0.0012177 -0.0044296
-0.2614873 -0.2186142 0.0065729 0.0977286 0.3027031 -0.3856282 -0.2576536 -0.2759868 0.0039992 0.0650036 0.3089338 -0.4139753 -0.7670559 -0.6412905 0.0192812 0.1955005 0.6055405 -0.7714274 -0.6823733 -0.7309272 0.0105915 0.1248590 0.5934004 -0.7951643 0.0008855 0.0078989 0.0057236 -0.0433249 -0.0130228 -0.0146425 0.0024797 0.0026606 0.0043776 -0.0375488 -0.0110833 -0.0000885 -0.0100279 0.0129623 0.0173854 -0.0860545 -0.0227796 -0.0338125 0.0001270 0.0001479 0.0118052 -0.0711105 -0.0102955 -0.0154526
-0.2606018 -0.2107153 0.0122965 0.0544037 0.2896802 -0.4002707 -0.2551739 -0.2733262 0.0083768 0.0274548 0.2978504 -0.4140638 -0.7770838 -0.6283282 0.0366666 0.1094460 0.5827609 -0.8052399 -0.6822463 -0.7307793 0.0223967 0.0537485 0.5831049 -0.8106169 -0.0003804 0.0036966 0.0042484 0.0036101 -0.0027107 0.0047314 -0.0004963 -0.0001016 0.0051299 -0.0105266 -0.0061620 -0.0011532 -0.0054014 0.0076380 0.0129386 0.0084428 0.0003847 0.0014716 -0.0002998 0.0008268 0.0136614 -0.0204066 -0.0085920 -0.0071992
-0.2609823 -0.2070188 0.0165448 0.0580138 0.2869695 -0.3955393 -0.2556703 -0.2734279 0.0135068 0.0169282 0.2916884 -0.4152169 -0.7824852 -0.6206902 0.0496053 0.1178888 0.5831456 -0.8037683 -0.6825461 -0.7299525 0.0360581 0.0333419 0.5745129 -0.8178161 0.0014520 0.0154181 0.0017512 0.0026956 -0.0015019 0.0029449 -0.0008635 -0.0102147 0.0047364 -0.0098860 -0.0007032 -0.0060242 -0.0207350 0.0277053 0.0070191 0.0062129 0.0004049 0.0012301 0.0125316 -0.0108648 0.0115895 -0.0195883 -0.0062063 -0.0048858
-0.2595303 -0.1916007 0.0182960 0.0607094 0.2854676 -0.3925944 -0.2565337 -0.2836426 0.0182432 0.0070421 0.2909852 -0.4212411 -0.8032202 -0.5929848 0.0566244 0.1241016 0.5835506 -0.8025382 -0.6700145 -0.7408173 0.0476476 0.0137535 0.5683066 -0.8227019 -0.0025214 0.0018961 0.0014091 0.0068889 -0.0021269 0.0024091 -0.0010957 0.0019542 0.0017895 0.0089750 -0.0006024 0.0007299 -0.0053071 0.0076753 0.0041733 0.0147253 -0.0016526 0.0012131 -0.0039497 0.0039144 0.0047583 0.0175738 -0.0003553 0.0002362
-0.2620517 -0.1897046 0.0197051 0.0675983 0.2833407 -0.3901852 -0.2576295 -0.2816884 0.0200327 0.0160171 0.2903828 -0.4205112 -0.8085273 -0.5853095 0.0607977 0.1388269 0.5818980 -0.8013251 -0.6739642 -0.7369029 0.0524059 0.0313274 0.5679513 -0.8224657 -0.0012429 0.0018778 -0.0120522 0.0264634 0.0024094 0.0034640 0.0002274 0.0019592 -0.0124445 0.0292928 0.0051755 -0.0028710 -0.0053303 0.0047269 -0.0371420 0.0531541 0.0013214 0.0120225 -0.0030304 0.0011855 -0.0324481 0.0560887 0.0022675 0.0056371
-0.2632946 -0.1878268 0.0076530 0.0940617 0.2857501 -0.3867212 -0.2574020 -0.2797292 0.0075882 0.0453099 0.2955583 -0.4233822 -0.8138576 -0.5805826 0.0236557 0.1919810 0.5832193 -0.7893026 -0.6769946 -0.7357174 0.0199578 0.0874161 0.5702188 -0.8168286 -0.0003503 -0.0007400 0.0020051 -0.0045195 0.0112635 -0.0180873 -0.0031418 -0.0008669 0.0034339 -0.0031154 0.0114980 -0.0187660 0.0008484 -0.0009060 0.0061272 -0.0164096 -0.0008451 -0.0044322 -0.0031613 0.0032148 0.0088158 -0.0092726 -0.0015559 -0.0020219
-0.2636449 -0.1885668 0.0096581 0.0895422 0.2970136 -0.4048085 -0.2605439 -0.2805961 0.0110221 0.0421945 0.3070563 -0.4421482 -0.8130092 -0.5814886 0.0297829 0.1755713 0.5823743 -0.7937348 -0.6801559 -0.7325026 0.0287735 0.0781435 0.5686629 -0.8188505 0.0038971 -0.0055194 0.0059068 0.0042016 0.0041053 -0.0028069 0.0031967 -0.0054805 0.0081435 0.0058288 0.0039351 -0.0026512 0.0128591 -0.0163916 0.0181646 0.0063232 0.0018979 0.0028236 0.0121939 -0.0100283 0.0209722 0.0099960 0.0021141 0.0024897
-0.2597478 -0.1940862 0.0155649 0.0937438 0.3011189 -0.4076154 -0.2573472 -0.2860765 0.0191656 0.0480234 0.3109915 -0.4447993 -0.8001502 -0.5978802 0.0479475 0.1818945 0.5842721 -0.7909112 -0.6679620 -0.7425309 0.0497457 0.0881395 0.5707770 -0.8163608 0.0014697 -0.0040364 0.0009065 0.0137797 0.0046061 -0.0060513 -0.0137427 0.0219408 0.0078388 0.0129634 0.0068292 -0.0130784 0.0077199 -0.0099851 0.0025889 0.0227177 -0.0024917 0.0037229 -0.0464557 0.0464399 0.0214205 0.0206300 -0.0039459 -0.0002613
-0.2582781 -0.1981226 0.0164714 0.1075235 0.3057250 -0.4136667 -0.2710899 -0.2641358 0.0270044 0.0609867 0.3178206 -0.4578777 -0.7924303 -0.6078654 0.0505364 0.2046122 0.5817804 -0.7871883 -0.7144177 -0.6960910 0.0711662 0.1087695 0.5668312 -0.8166221 0.0010553 -0.0034750 0.0042068 0.0092871 0.0009640 -0.0082134 0.0011855 -0.0037824 0.0022217 0.0210720 0.0017547 -0.0141263 0.0069310 -0.0077672 0.0126101 0.0139314 -0.0079890 -0.0021165 0.0067908 -0.0063283 0.0054579 0.0337207 -0.0119073 -0.0029852
-0.2572228 -0.2015975 0.0206782 0.1168107 0.3066891 -0.4218801 -0.2699045 -0.2679181 0.0292261 0.0820588 0.3195754 -0.4720040 -0.7854993 -0.6156325 0.0631465 0.2185436 0.5737914 -0.7893048 -0.7076270 -0.7024193 0.0766241 0.1424902 0.5549239 -0.8196072 0.0014182 -0.0002962 0.0017568 0.0169583 0.0034973 -0.0209091 0.0010778 -0.0002653 0.0014441 0.0210890 0.0008210 -0.0145894 0.0023846 -0.0024405 0.0055354 0.0216458 -0.0168347 -0.0057475 0.0019716 -0.0015474 0.0038834 0.0318448 -0.0134065 -0.0028076
-0.2558046 -0.2018937 0.0224350 0.1337689 0.3101864 -0.4427892 -0.2688267 -0.2681834 0.0306701 0.1031478 0.3203964 -0.4865934 -0.7831146 -0.6180730 0.0686819 0.2401894 0.5569568 -0.7950523 -0.7056553 -0.7039667 0.0805075 0.1743350 0.5415174 -0.8224149 0.0012267 0.0000794 0.0003355 0.0224628 -0.0016586 -0.0209657 0.0015973 -0.0001850 -0.0013956 0.0323100 -0.0030216 -0.0123639 0.0013965 -0.0016268 0.0012381 0.0298724 -0.0236362 -0.0065934 0.0021524 -0.0025347 -0.0034398 0.0489503 -0.0183646 -0.0000539
-0.2545779 -0.2018143 0.0227705 0.1562318 0.3085278 -0.4637549 -0.2672294 -0.2683684 0.0292745 0.1354578 0.3173748 -0.4989572 -0.7817182 -0.6196998 0.0699201 0.2700619 0.5333205 -0.8016457 -0.7035030 -0.7065014 0.0770676 0.2232853 0.5231528 -0.8224687 0.0011716 0.0003431 0.0003074 0.0262896 -0.0060866 -0.0127597 0.0033002 -0.0002914 -0.0035713 0.0344688 -0.0073672 -0.0117238 0.0009448 -0.0010553 0.0011855 0.0376430 -0.0234480 -0.0016897 0.0043308 -0.0052023 -0.0089775 0.0503011 -0.0240323 0.0002588
-0.2534063 -0.2014711 0.0230779 0.1825213 0.3024412 -0.4765146 -0.2639292 -0.2686597 0.0257032 0.1699266 0.3100076 -0.5106810 -0.7807734 -0.6207551 0.0711056 0.3077048 0.5098725 -0.8033354 -0.6991721 -0.7117036 0.0680902 0.2735864 0.4991205 -0.8222100 -0.0002357 0.0015732 0.0019917 0.0242467 -0.0107623 -0.0456760 -0.0002676 0.0015387 0.0006527 0.0282657 -0.0156655 -0.0176648 -0.0022740 0.0036273 0.0062898 0.0190149 -0.0489830 -0.0217919 -0.0023083 0.0024589 0.0018887 0.0378172 -0.0366446 -0.0079370
-0.2536420 -0.1998979 0.0250696 0.2067681 0.2916789 -0.5221906 -0.2641968 -0.2671210 0.0263560 0.1981924 0.2943421 -0.5283458 -0.7830473 -0.6171279 0.0773954 0.3267197 0.4608895 -0.8251273 -0.7014805 -0.7092447 0.0699789 0.3114036 0.4624758 -0.8301469 -0.0009029 0.0013286 0.0051256 0.0140992 -0.0118626 -0.0183800 -0.0000742 0.0012292 0.0061150 0.0366530 -0.0305489 0.0170063 -0.0019921 0.0047221 0.0157295 0.0143718 -0.0287614 -0.0096912 -0.0008316 0.0026251 0.0163142 0.0664920 -0.0379997 0.0073377
-0.2545449 -0.1985694 0.0301953 0.2208673 0.2798162 -0.5405706 -0.2642710 -0.2658919 0.0324710 0.2348454 0.2637931 -0.5113395 -0.7850394 -0.6124058 0.0931249 0.3410916 0.4321281 -0.8348184 -0.7023120 -0.7066196 0.0862931 0.3778956 0.4244761 -0.8228092 0.0002611 -0.0003801 0.0048903 0.0379373 -0.0467465 0.0246253 -0.0001090 -0.0002902 0.0057832 0.0141096 -0.0203386 0.0068051 0.0020610 -0.0001898 0.0149089 0.0746617 -0.0577163 0.0059849 0.0012462 0.0007750 0.0151470 0.0282112 -0.0273419 -0.0002107
-0.2542839 -0.1989495 0.0350856 0.2588046 0.2330697 -0.5159453 -0.2643800 -0.2661821 0.0382542 0.2489549 0.2434545 -0.5045344 -0.7829785 -0.6125956 0.1080338 0.4157532 0.3744118 -0.8288336 -0.7010658 -0.7058446 0.1014400 0.4061068 0.3971342 -0.8230199 -0.0026454 -0.0027783 -0.0118201 0.0264591 -0.0270006 0.0005132 -0.0036951 -0.0026243 -0.0120904 0.0348376 -0.0357779 -0.0996188 -0.0015684 -0.0033907 -0.0369913 0.0413214 -0.0442297 0.0029628 -0.0034060 -0.0005491 -0.0326845 -0.0001370 -0.1000496 -0.0412309
-0.2569293 -0.2017278 0.0232655 0.2852637 0.2060691 -0.5154321 -0.2680751 -0.2688064 0.0261638 0.2837926 0.2076766 -0.6041532 -0.7845469 -0.6159863 0.0710425 0.4570747 0.3301821 -0.8258708 -0.7044718 -0.7063938 0.0687556 0.4059698 0.2970846 -0.8642507 -0.0018180 -0.0019330 -0.0031670 0.0177745 -0.0284958 0.0552304 -0.0047084 -0.0251212 0.0054674 0.0192189 -0.0301638 0.1477390 0.0002188 -0.0013610 -0.0101187 0.0663784 -0.0234509 0.0309413 0.0263273 -0.0243158 0.0098802 0.1201992 0.0111601 0.0717033
-0.2587473 -0.2036609 0.0200985 0.3030382 0.1775732 -0.4602017 -0.2727834 -0.2939277 0.0316312 0.3030115 0.1775127 -0.4564142 -0.7843281 -0.6173474 0.0609238 0.5234531 0.3067311 -0.7949295 -0.6781445 -0.7307095 0.0786358 0.5261690 0.3082447 -0.7925474 -0.0015383 -0.0032034 -0.0056555 -0.0227825 0.0185985 0.0186959 0.0003814 -0.0035154 -0.0059214 0.0064591 -0.0319076 0.0163269 0.0021994 -0.0042563 -0.0175241 -0.0216779 0.0444985 0.0044490 0.0041303 -0.0052647 -0.0150210 0.0290751 -0.0470038 0.0029544
-0.2602856 -0.2068643 0.0144430 0.2802557 0.1961717 -0.4415058 -0.2724020 -0.2974431 0.0257098 0.3094706 0.1456051 -0.4400873 -0.7821287 -0.6216037 0.0433996 0.5017752 0.3512296 -0.7904805 -0.6740142 -0.7359742 0.0636148 0.5552441 0.2612409 -0.7895931 -0.0011533 -0.0006097 -0.0006559 0.0399111 -0.1082664 -0.0039031 0.0039278 -0.0013898 -0.0028880 0.0124566 -0.0809679 -0.0808126 -0.0005178 0.0005072 -0.0021263 0.0745425 -0.1929952 -0.0112799 0.0067793 -0.0067106 -0.0068961 -0.0324253 -0.1562682 -0.0563628
-0.2614389 -0.2074740 0.0137871 0.3201668 0.0879053 -0.4454089 -0.2684742 -0.2988329 0.0228218 0.3219272 0.0646372 -0.5208999 -0.7826466 -0.6210965 0.0412733 0.5763178 0.1582344 -0.8017604 -0.6672349 -0.7426847 0.0567187 0.5228188 0.1049727 -0.8459558 -0.0006694 0.0000953 -0.0015334 -0.0406268 -0.0196094 0.0557619 0.0002231 0.0000004 -0.0018415 -0.0146506 0.0150436 0.1122403 -0.0010529 0.0010379 -0.0046349 0.0007815 -0.0172400 -0.0026506 0.0001409 -0.0004596 -0.0045442 0.0709921 0.0490103 0.0562230
-0.2621083 -0.2073786 0.0122537 0.2795400 0.0682960 -0.3896470 -0.2682511 -0.2988324 0.0209804 0.3072767 0.0796809 -0.4086595 -0.7836995 -0.6200587 0.0366384 0.5770993 0.1409944 -0.8044109 -0.6670939 -0.7431443 0.0521745 0.5938109 0.1539829 -0.7897328 -0.0000805 -0.0004764 -0.0022832 0.0222686 -0.0289933 0.0002242 0.0057234 0.0418772 -0.0065199 -0.0097361 -0.0383199 0.0025792 0.0004218 -0.0008993 -0.0068520 0.0335400 -0.0614746 0.0165047 -0.0470037 0.0442042 -0.0128408 -0.0047572 -0.0720989 -0.0142017
-0.2621888 -0.2078551 0.0099705 0.3018086 0.0393026 -0.3894228 -0.2625277 -0.2569553 0.0144605 0.2975405 0.0413609 -0.4060803 -0.7832777 -0.6209580 0.0297864 0.6106393 0.0795197 -0.7879062 -0.7140977 -0.6989402 0.0393337 0.5890537 0.0818840 -0.8039345 0.0003368 -0.0005415 -0.0022178 -0.0261856 -0.0148520 0.0305723 0.0003519 -0.0029902 -0.0022218 -0.0119215 -0.0230144 0.0012654 0.0010397 -0.0015911 -0.0066265 -0.0023935 -0.0255620 -0.0040063 0.0043667 -0.0047531 -0.0062027 -0.0129441 -0.0448779 -0.0125997
-0.2618520 -0.2083966 0.0077527 0.2756230 0.0244506 -0.3588504 -0.2621758 -0.2599455 0.0122386 0.2856191 0.0183466 -0.4048149 -0.7822380 -0.6225491 0.0231600 0.6082459 0.0539577 -0.7919126 -0.7097310 -0.7036933 0.0331310 0.5761097 0.0370061 -0.8165343 -0.0004054 -0.0005872 -0.0006693 -0.0103875 -0.0104785 -0.0018773 0.0005434 -0.0036276 -0.0021658 -0.0170649 -0.0146609 0.0041605 0.0003491 -0.0005110 -0.0020415 -0.0161516 -0.0227673 -0.0133523 0.0055008 -0.0057606 -0.0060181 -0.0193445 -0.0293649 -0.0141005
-0.2622574 -0.2089838 0.0070835 0.2652354 0.0139721 -0.3607277 -0.2616324 -0.2635731 0.0100729 0.2685541 0.0036857 -0.4006544 -0.7818888 -0.6230601 0.0211185 0.5920942 0.0311904 -0.8052649 -0.7042302 -0.7094539 0.0271129 0.5567652 0.0076412 -0.8306348 0.0004490 -0.0005840 -0.0014933 -0.0270209 -0.0036579 0.0050683 0.0002324 -0.0014644 -0.0028345 -0.0142480 -0.0042198 0.0000482 0.0013047 -0.0017684 -0.0044515 -0.0357644 -0.0071026 -0.0253474 0.0021588 -0.0023873 -0.0076719 -0.0208280 -0.0087667 -0.0136223
-0.2618084 -0.2095678 0.0055901 0.2382145 0.0103142 -0.3556593 -0.2614000 -0.2650375 0.0072384 0.2543061 -0.0005341 -0.4006062 -0.7805841 -0.6248285 0.0166670 0.5563299 0.0240879 -0.8306123 -0.7020713 -0.7118412 0.0194410 0.5359371 -0.0011256 -0.8442571 0.0003312 -0.0006533 -0.0017178 -0.0099426 0.0005858 -0.0064259 0.0034357 -0.0059428 -0.0048858 -0.0171956 0.0016521 -0.0025155 0.0012808 -0.0017121 -0.0051259 -0.0232005 0.0013691 -0.0150383 0.0125872 -0.0124323 -0.0131530 -0.0289501 0.0035160 -0.0176932
-0.2614771 -0.2102212 0.0038724 0.2282719 0.0109000 -0.3620852 -0.2579642 -0.2709804 0.0023526 0.2371105 0.0011180 -0.4031217 -0.7793033 -0.6265406 0.0115412 0.5331294 0.0254570 -0.8456506 -0.6894841 -0.7242735 0.0062880 0.5069871 0.0023905 -0.8619504 0.0006124 -0.0008830 -0.0034278 -0.0073807 0.0114428 -0.0053229 0.0012592 -0.0007810 -0.0039092 -0.0133779 0.0090039 -0.0070246 0.0019541 -0.0025274 -0.0102164 -0.0185666 0.0265903 -0.0102210 0.0028079 -0.0026779 -0.0104519 -0.0282201 0.0192694 -0.0157244
-0.2608647 -0.2111042 0.0004446 0.2208912 0.0223428 -0.3674081 -0.2567050 -0.2717614 -0.0015566 0.2237326 0.0101219 -0.4101463 -0.7773492 -0.6290680 0.0013248 0.5145627 0.0520473 -0.8558716 -0.6866763 -0.7269514 -0.0041640 0.4787670 0.0216598 -0.8776748 0.0011205 -0.0013294 -0.0036796 -0.0040411 0.0270164 -0.0102477 0.0000635 -0.0000739 -0.0015678 -0.0171857 0.0218036 -0.0087649 0.0033045 -0.0039896 -0.0109651 -0.0197809 0.0605745 -0.0058170 0.0002065 -0.0001589 -0.0041934 -0.0375718 0.0465345 -0.0171416
-0.2597442 -0.2124336 -0.0032350 0.2168501 0.0493592 -0.3776558 -0.2566415 -0.2718353 -0.0031244 0.2065469 0.0319254 -0.4189112 -0.7740446 -0.6330576 -0.0096404 0.4947819 0.1126218 -0.8616886 -0.6864698 -0.7271103 -0.0083573 0.4411952 0.0681944 -0.8948164 0.0001444 -0.0009569 -0.0003969 -0.0197080 0.0551975 -0.0162490 0.0003241 -0.0018326 -0.0039788 -0.0096428 0.0306306 -0.0100260 0.0015791 -0.0019071 -0.0011666 -0.0593233 0.1183290 -0.0083904 0.0030008 -0.0026235 -0.0105833 -0.0276183 0.0631982 -0.0061221
-0.2595999 -0.2133905 -0.0036319 0.1971421 0.1045567 -0.3939048 -0.2563175 -0.2736678 -0.0071032 0.1969041 0.0625560 -0.4289372 -0.7724655 -0.6349647 -0.0108070 0.4354586 0.2309508 -0.8700790 -0.6834690 -0.7297337 -0.0189407 0.4135769 0.1313926 -0.9009385 0.0013024 -0.0021219 -0.0032633 -0.0031664 0.0020714 -0.0080362 0.0000685 -0.0016263 -0.0010114 -0.0063583 0.0329412 -0.0078299 0.0047923 -0.0055490 -0.0096857 -0.0127249 0.0014253 -0.0058762 0.0022937 -0.0020687 -0.0026299 -0.0215048 0.0651051 0.0022349
-0.2582975 -0.2155124 -0.0068952 0.1939757 0.1066281 -0.4019410 -0.2562489 -0.2752942 -0.0081146 0.1905458 0.0954972 -0.4367670 -0.7676733 -0.6405137 -0.0204927 0.4227338 0.2323761 -0.8759552 -0.6811753 -0.7318025 -0.0215706 0.3920721 0.1964977 -0.8987036 -0.0006347 -0.0018122 0.0052362 -0.0118229 0.0324519 -0.0352192 -0.0005159 -0.0035536 0.0018669 -0.0140163 0.0361276 -0.0162815 0.0017178 -0.0023612 0.0155855 -0.0536978 0.0493959 -0.0097180 0.0038896 -0.0037330 0.0050906 -0.0416254 0.0648044 -0.0006897
-0.2589321 -0.2173246 -0.0016589 0.1821528 0.1390801 -0.4371602 -0.2567648 -0.2788478 -0.0062477 0.1765294 0.1316249 -0.4530486 -0.7659555 -0.6428749 -0.0049073 0.3690359 0.2817720 -0.8856732 -0.6772857 -0.7355355 -0.0164800 0.3504467 0.2613021 -0.8993933 0.0002629 -0.0018811 0.0033634 0.0048936 0.0388103 0.0210995 0.0007501 -0.0022216 0.0028615 -0.0085454 0.0301471 -0.0128750 0.0030615 -0.0036292 0.0099343 0.0129796 0.0815437 0.0359286 0.0039242 -0.0037242 0.0075736 -0.0280398 0.0491821 0.0051599
-0.2586693 -0.2192057 0.0017045 0.1870464 0.1778904 -0.4160607 -0.2560147 -0.2810694 -0.0033862 0.1679841 0.1617720 -0.4659236 -0.7628940 -0.6465040 0.0050271 0.3820155 0.3633157 -0.8497446 -0.6733615 -0.7392597 -0.0089064 0.3224068 0.3104842 -0.8942334 -0.0003605 -0.0031482 0.0019201 -0.0180503 0.0209775 -0.0545431 0.0002334 -0.0035724 0.0025716 -0.0064836 0.0329430 -0.0206336 0.0041557 -0.0048050 0.0055898 -0.0679681 0.0062429 -0.0247842 0.0049707 -0.0045475 0.0067775 -0.0279088 0.0445809 0.0069907
-0.2590298 -0.2223539 0.0036246 0.1689960 0.1988679 -0.4706038 -0.2557813 -0.2846418 -0.0008147 0.1615005 0.1947150 -0.4865572 -0.7587383 -0.6513090 0.0106169 0.3140474 0.3695586 -0.8745288 -0.6683908 -0.7438072 -0.0021289 0.2944981 0.3550651 -0.8872427 -0.0044341 -0.0056439 -0.0022891 0.0117874 0.0092691 0.0051949 -0.0059478 -0.0054635 -0.0039484 0.0130479 0.0193302 0.0000248 0.0025755 -0.0030633 -0.0067840 0.0201590 0.0152151 0.0141479 -0.0014205 0.0013760 -0.0100607 0.0174959 0.0275269 0.0175974
-0.2634638 -0.2279978 0.0013355 0.1807835 0.2081370 -0.4654089 -0.2617290 -0.2901053 -0.0047631 0.1745484 0.2140452 -0.4865324 -0.7561628 -0.6543723 0.0038330 0.3342064 0.3847737 -0.8603809 -0.6698114 -0.7424313 -0.0121895 0.3119940 0.3825920 -0.8696454 0.0043851 -0.0017260 -0.0028292 0.0097982 0.0143142 0.0028908 0.0007914 -0.0006364 -0.0002026 0.0140248 0.0371186 -0.0065242 0.0079459 -0.0090679 -0.0081468 0.0139038 0.0215484 0.0155604 0.0019335 -0.0017311 -0.0005201 0.0105782 0.0470474 0.0262255
-0.2590787 -0.2297238 -0.0014937 0.1905817 0.2224512 -0.4625181 -0.2609376 -0.2907417 -0.0049656 0.1885732 0.2511638 -0.4930566 -0.7482169 -0.6634402 -0.0043139 0.3481103 0.4063220 -0.8448205 -0.6678779 -0.7441623 -0.0127097 0.3225722 0.4296394 -0.8434199 -0.0006408 -0.0010257 0.0051658 0.0209385 0.0571124 0.0172130 0.0006490 -0.0002746 0.0032931 0.0057495 0.0243503 -0.0037828 0.0006889 -0.0007061 0.0148829 0.0251130 0.0869623 0.0590884 0.0012234 -0.0011922 0.0084261 0.0010659 0.0292202 0.0159501
-0.2597195 -0.2307495 0.0036721 0.2115202 0.2795636 -0.4453051 -0.2602887 -0.2910163 -0.0016725 0.1943227 0.2755141 -0.4968395 -0.7475279 -0.6641463 0.0105690 0.3732232 0.4932844 -0.7857321 -0.6666545 -0.7453546 -0.0042836 0.3236381 0.4588596 -0.8274698 0.0000996 -0.0035781 0.0021008 0.0064509 0.0065972 -0.0045299 -0.0006241 -0.0041388 0.0007180 0.0206348 0.0188664 0.0089919 0.0052879 -0.0057845 0.0059354 0.0052131 0.0035412 0.0047390 0.0043475 -0.0038741 0.0018607 0.0293391 0.0245362 0.0263858
-0.2596199 -0.2343276 0.0057729 0.2179711 0.2861608 -0.4498350 -0.2609128 -0.2951551 -0.0009545 0.2149575 0.2943805 -0.4878476 -0.7422401 -0.6699308 0.0165044 0.3784363 0.4968256 -0.7809931 -0.6623070 -0.7492287 -0.0024229 0.3529772 0.4833958 -0.8010840 0.0004902 0.0056073 0.0012275 0.0293904 0.0416184 -0.0009060 0.0006208 0.0137468 -0.0083612 0.0216403 0.0289147 0.0024018 -0.0073342 0.0083204 0.0037454 0.0272409 0.0407380 0.0417697 -0.0165194 0.0153318 -0.0218718 0.0229275 0.0302528 0.0298118
-0.2591297 -0.2287204 0.0070004 0.2473615 0.3277792 -0.4507411 -0.2602919 -0.2814083 -0.0093156 0.2365978 0.3232952 -0.4854457 -0.7495743 -0.6616104 0.0202498 0.4056772 0.5375637 -0.7392234 -0.6788264 -0.7338968 -0.0242946 0.3759046 0.5136487 -0.7712722 -0.0022727 0.0022979 -0.0017806 0.0017488 0.0010726 -0.0000606 0.0010626 -0.0009440 0.0010583 0.0167322 0.0150436 -0.0091044 -0.0062094 0.0069630 -0.0051578 0.0019770 0.0005828 0.0015132 0.0026828 -0.0025583 0.0027570 0.0134980 0.0064239 0.0110813
-0.2614024 -0.2264225 0.0052198 0.2491103 0.3288517 -0.4508017 -0.2592293 -0.2823524 -0.0082574 0.2533300 0.3383387 -0.4945502 -0.7557837 -0.6546474 0.0150919 0.4076542 0.5381464 -0.7377103 -0.6761435 -0.7364551 -0.0215376 0.3894026 0.5200726 -0.7601908 -0.0026468 0.0014809 -0.0018049 0.0325916 0.0087725 0.0135346 -0.0018130 0.0001320 0.0006088 0.0240211 0.0173811 -0.0114609 -0.0054073 0.0061943 -0.0052474 0.0466159 0.0063036 0.0325770 -0.0027479 0.0024859 0.0016459 0.0197483 0.0046887 0.0137184
-0.2640492 -0.2249416 0.0034150 0.2817018 0.3376242 -0.4372671 -0.2610423 -0.2822204 -0.0076486 0.2773511 0.3557198 -0.5060111 -0.7611909 -0.6484531 0.0098445 0.4542701 0.5444500 -0.7051332 -0.6788914 -0.7339692 -0.0198917 0.4091509 0.5247613 -0.7464724 0.0019685 0.0007520 -0.0000429 0.0210422 0.0010231 -0.0027203 0.0006911 -0.0009198 0.0015739 0.0201266 0.0022001 0.0061094 0.0013250 -0.0015531 -0.0000676 0.0244553 -0.0089513 0.0093868 0.0021134 -0.0020485 0.0041005 0.0263889 -0.0007273 0.0145616
-0.2620806 -0.2241896 0.0033721 0.3027440 0.3386473 -0.4399874 -0.2603511 -0.2831402 -0.0060747 0.2974776 0.3579199 -0.4999017 -0.7598660 -0.6500062 0.0097769 0.4787253 0.5354987 -0.6957465 -0.6767780 -0.7360178 -0.0157912 0.4355398 0.5240340 -0.7319108 -0.0001359 0.0001376 0.0024899 0.0442213 0.0169391 -0.0589213 -0.0001297 0.0001073 0.0026500 0.0416453 -0.0154673 0.0260277 -0.0002900 0.0004879 0.0072168 0.0140632 -0.0304658 -0.0128445 -0.0003792 0.0002333 0.0068881 0.0661988 -0.0173689 0.0308054
-0.2622165 -0.2240520 0.0058620 0.3469654 0.3555864 -0.4989087 -0.2604808 -0.2830329 -0.0034247 0.3391229 0.3424526 -0.4738740 -0.7601560 -0.6495184 0.0169937 0.4927886 0.5050329 -0.7085910 -0.6771572 -0.7357845 -0.0089031 0.5017387 0.5066651 -0.7011054 -0.0005248 0.0008248 0.0006914 0.0147160 -0.0299121 0.0278029 -0.0001245 0.0003473 0.0021199 0.0080306 -0.0081318 0.0032484 -0.0017930 0.0021603 0.0020111 0.0411680 -0.0242342 0.0130891 -0.0006482 0.0005510 0.0055095 0.0136105 -0.0103660 0.0024621
-0.2627413 -0.2232272 0.0065534 0.3616814 0.3256743 -0.4711058 -0.2606054 -0.2826856 -0.0013048 0.3471535 0.3343208 -0.4706256 -0.7619490 -0.6473581 0.0190047 0.5339566 0.4807988 -0.6955019 -0.6778054 -0.7352335 -0.0033936 0.5153491 0.4962990 -0.6986434 -0.0003149 0.0004323 0.0017619 -0.0004511 -0.0340391 0.0578883 -0.0001264 -0.0002089 0.0022611 0.0276846 -0.0289581 0.0057730 -0.0009166 0.0012509 0.0051097 0.0472479 -0.0115697 0.0306519 0.0000913 -0.0000878 0.0058794 0.0435272 -0.0410091 0.0055572
-0.2630562 -0.2227948 0.0083153 0.3612303 0.2916353 -0.4132176 -0.2607317 -0.2828945 0.0009564 0.3748381 0.3053628 -0.4648526 -0.7628656 -0.6461072 0.0241144 0.5812045 0.4692291 -0.6648499 -0.6777141 -0.7353213 0.0024858 0.5588763 0.4552899 -0.6930861 -0.0002598 -0.0001135 0.0010409 0.0446375 -0.0102579 -0.0610031 -0.0000917 -0.0003774 0.0013017 0.0172957 -0.0185430 -0.0021900 -0.0000936 0.0002293 0.0029951 0.0115798 -0.0582674 -0.0277663 0.0003693 -0.0003210 0.0033783 0.0229968 -0.0296885 0.0000586
-0.2633160 -0.2229083 0.0093562 0.4058677 0.2813774 -0.4742207 -0.2608235 -0.2832719 0.0022581 0.3921338 0.2868198 -0.4670426 -0.7629592 -0.6458779 0.0271096 0.5927843 0.4109617 -0.6926162 -0.6773448 -0.7356423 0.0058641 0.5818731 0.4256014 -0.6930275 -0.0000039 -0.0001662 0.0010841 0.0129180 -0.0317368 0.0226816 0.0002008 -0.0005599 0.0016747 0.0226005 -0.0424096 0.0191273 0.0003012 -0.0002168 0.0031286 0.0374217 -0.0352923 0.0131216 0.0010303 -0.0009000 0.0043413 0.0488557 -0.0539019 0.0118369
-0.2633199 -0.2230745 0.0104402 0.4187857 0.2496406 -0.4515391 -0.2606226 -0.2838318 0.0039327 0.4147343 0.2444102 -0.4479153 -0.7626581 -0.6460947 0.0302382 0.6302060 0.3756694 -0.6794946 -0.6763145 -0.7365423 0.0102055 0.6307288 0.3716995 -0.6811906 0.0000381 -0.0000859 0.0016603 0.0088708 -0.0305384 0.0019156 -0.0006051 -0.0005331 0.0029133 0.0020152 -0.0198514 -0.0038717 0.0002884 -0.0000979 0.0048005 0.0196580 -0.0427232 -0.0037503 -0.0000914 0.0002265 0.0075213 0.0061290 -0.0285389 -0.0092099
-0.2632818 -0.2231604 0.0121005 0.4276565 0.2191022 -0.4496235 -0.2612278 -0.2843649 0.0068461 0.4167495 0.2245588 -0.4517870 -0.7623696 -0.6461926 0.0350387 0.6498640 0.3329462 -0.6832449 -0.6764059 -0.7363157 0.0177268 0.6368579 0.3431606 -0.6904005 0.0001758 -0.0001646 0.0007169 0.0012311 -0.0377013 0.0083482 0.0000781 -0.0000663 0.0006341 0.0073604 -0.0402713 0.0074335 0.0005053 -0.0004799 0.0020759 0.0186633 -0.0501882 -0.0045917 0.0002159 -0.0001569 0.0016415 0.0244582 -0.0558006 -0.0024814
-0.2631060 -0.2233251 0.0128173 0.4288876 0.1814008 -0.4412753 -0.2611497 -0.2844313 0.0074802 0.4241100 0.1842874 -0.4443535 -0.7618644 -0.6466724 0.0371146 0.6685273 0.2827580 -0.6878366 -0.6761900 -0.7364726 0.0193683 0.6613161 0.2873600 -0.6928819 -0.0001734 -0.0001095 0.0008649 -0.0197243 0.0063339 0.0725540 -0.0002216 -0.0000706 0.0010247 -0.0104584 -0.0255331 0.0258539 0.0000187 0.0001249 0.0024773 0.0346162 0.0398625 0.0541922 -0.0001831 0.0002423 0.0026405 0.0173921 -0.0268803 0.0062193
-0.2632795 -0.2234346 0.0136822 0.4091633 0.1877347 -0.3687213 -0.2613712 -0.2845019 0.0085049 0.4136516 0.1587543 -0.4184996 -0.7618456 -0.6465475 0.0395919 0.7031436 0.3226205 -0.6336444 -0.6763731 -0.7362303 0.0220088 0.6787082 0.2604797 -0.6866626 -0.0004381 -0.0000352 -0.0001325 -0.0062982 -0.0595018 -0.0205261 -0.0003081 0.0002788 0.0004659 -0.0015214 -0.0283038 0.0062986 -0.0004926 0.0005551 -0.0004231 -0.0021189 -0.0994826 -0.0436842 -0.0007730 0.0007479 0.0012048 0.0112698 -0.0420827 -0.0034339
-0.2637176 -0.2234698 0.0135498 0.4028651 0.1282329 -0.3892474 -0.2616793 -0.2842231 0.0089708 0.4121302 0.1304505 -0.4122009 -0.7623383 -0.6459924 0.0391688 0.7010247 0.2231378 -0.6773285 -0.6771461 -0.7354824 0.0232136 0.6899780 0.2183970 -0.6900964 -0.0007501 0.0000389 -0.0007563 -0.0167432 -0.0037302 0.0334278 -0.0004177 0.0018732 -0.0008548 -0.0069176 -0.0321551 0.0141387 -0.0010244 0.0010786 -0.0022416 0.0145085 0.0075815 0.0179494 -0.0030356 0.0027415 -0.0021514 0.0129478 -0.0478832 -0.0004254
-0.2644676 -0.2234309 0.0127935 0.3861219 0.1245027 -0.3558196 -0.2620971 -0.2823499 0.0081160 0.4052126 0.0982954 -0.3980622 -0.7633627 -0.6449138 0.0369272 0.7155332 0.2307194 -0.6593791 -0.6801817 -0.7327409 0.0210622 0.7029258 0.1705138 -0.6905218 -0.0003634 0.0003603 -0.0008346 -0.0069064 -0.0248255 0.0045265 -0.0002807 0.0002502 -0.0010200 -0.0061462 -0.0322130 0.0012027 -0.0010144 0.0010689 -0.0024105 0.0047963 -0.0413801 -0.0079110 -0.0007502 0.0006257 -0.0026464 0.0013012 -0.0538992 -0.0098106
-0.2648310 -0.2230707 0.0119589 0.3792155 0.0996771 -0.3512931 -0.2623777 -0.2820997 0.0070960 0.3990664 0.0660824 -0.3968595 -0.7643771 -0.6438449 0.0345167 0.7203295 0.1893393 -0.6672901 -0.6809319 -0.7321152 0.0184158 0.7042269 0.1166146 -0.7003324 -0.0008430 0.0005580 -0.0005115 -0.0022186 -0.0070040 0.0002025 -0.0004654 0.0005325 -0.0007676 -0.0101270 -0.0147547 0.0047592 -0.0018378 0.0021092 -0.0015021 -0.0000871 -0.0122897 -0.0034590 -0.0013596 0.0012195 -0.0019885 -0.0030093 -0.0240762 -0.0065838
-0.2656740 -0.2225127 0.0114474 0.3769969 0.0926732 -0.3510906 -0.2628431 -0.2815672 0.0063284 0.3889394 0.0513277 -0.3921002 -0.7662149 -0.6417357 0.0330146 0.7202424 0.1770496 -0.6707491 -0.6822914 -0.7308957 0.0164273 0.7012176 0.0925384 -0.7069162 -0.0004640 0.0000992 -0.0022764 -0.0203598 -0.0214061 0.0019220 0.0004628 0.0011773 -0.0010635 -0.0215696 -0.0203922 0.0011182 -0.0008418 0.0007012 -0.0065824 -0.0128682 -0.0356944 -0.0218117 -0.0009127 0.0007970 -0.0027181 -0.0175949 -0.0349719 -0.0206456
-0.2661381 -0.2224134 0.0091709 0.3566371 0.0712671 -0.3491686 -0.2623803 -0.2803899 0.0052649 0.3673698 0.0309355 -0.3909820 -0.7670567 -0.6410346 0.0264322 0.7073742 0.1413552 -0.6925608 -0.6832041 -0.7300987 0.0137092 0.6836227 0.0575665 -0.7275617 -0.0004904 0.0001570 0.0002619 -0.0169172 -0.0239582 0.0064964 -0.0004307 0.0008596 -0.0004551 -0.0176415 -0.0110457 -0.0011558 -0.0007875 0.0009742 0.0007327 -0.0066929 -0.0437793 -0.0142098 -0.0017248 0.0015967 -0.0011741 -0.0185014 -0.0197396 -0.0182149
-0.2666284 -0.2222564 0.0094328 0.3397199 0.0473089 -0.3426722 -0.2628111 -0.2795303 0.0048098 0.3497283 0.0198898 -0.3921378 -0.7678442 -0.6400604 0.0271650 0.7006813 0.0975759 -0.7067706 -0.6849290 -0.7285020 0.0125351 0.6651213 0.0378269 -0.7457767 -0.0003701 0.0002350 -0.0013051 -0.0091614 -0.0002164 -0.0061211 -0.0003230 0.0003968 -0.0006692 -0.0101526 -0.0033594 -0.0044287 -0.0008422 0.0008627 -0.0037653 -0.0160816 -0.0000455 -0.0155943 -0.0009765 0.0008914 -0.0017420 -0.0150295 -0.0061806 -0.0134198
-0.2669985 -0.2220214 0.0081277 0.3305585 0.0470925 -0.3487934 -0.2631341 -0.2791335 0.0041406 0.3395757 0.0165305 -0.3965665 -0.7686864 -0.6391977 0.0233997 0.6845997 0.0975304 -0.7223649 -0.6859054 -0.7276107 0.0107931 0.6500917 0.0316463 -0.7591964 -0.0006435 0.0002313 -0.0007161 -0.0119620 0.0062935 -0.0072145 -0.0003334 0.0004967 -0.0006949 -0.0130216 0.0067837 -0.0015114 -0.0011184 0.0012743 -0.0020819 -0.0218564 0.0135228 -0.0182014 -0.0011182 0.0010311 -0.0018081 -0.0165102 0.0135879 -0.0131560
-0.2676421 -0.2217902 0.0074116 0.3185965 0.0533859 -0.3560079 -0.2634675 -0.2786369 0.0034457 0.3265540 0.0233141 -0.3980780 -0.7698047 -0.6379234 0.0213177 0.6627434 0.1110532 -0.7405663 -0.6870236 -0.7265796 0.0089850 0.6335815 0.0452342 -0.7723525 -0.0002065 0.0006826 -0.0008215 -0.0070699 0.0072789 -0.0086667 -0.0004092 0.0052674 -0.0042687 -0.0124889 0.0120204 -0.0051483 -0.0012424 0.0014280 -0.0023470 -0.0183509 0.0144318 -0.0137625 -0.0074791 0.0070927 -0.0111512 -0.0205620 0.0237348 -0.0146992
-0.2678486 -0.2211076 0.0065901 0.3115267 0.0606648 -0.3646745 -0.2638767 -0.2733695 -0.0008231 0.3140652 0.0353345 -0.4032262 -0.7710472 -0.6364954 0.0189707 0.6443925 0.1254851 -0.7543287 -0.6945027 -0.7194869 -0.0021662 0.6130195 0.0689689 -0.7870517 -0.0005748 0.0005508 -0.0018557 -0.0137602 0.0332241 -0.0187842 -0.0003463 0.0019173 -0.0022320 -0.0165409 0.0226724 -0.0131805 -0.0015140 0.0017013 -0.0053444 -0.0422240 0.0643849 -0.0211340 -0.0029753 0.0029260 -0.0058983 -0.0353624 0.0436542 -0.0214212
-0.2684234 -0.2205567 0.0047344 0.2977664 0.0938889 -0.3834588 -0.2642231 -0.2714521 -0.0030551 0.2975243 0.0580070 -0.4164067 -0.7725612 -0.6347940 0.0136262 0.6021685 0.1898700 -0.7754628 -0.6974780 -0.7165608 -0.0080645 0.5776571 0.1126232 -0.8084728 -0.0003896 -0.0000012 -0.0015773 -0.0071089 0.0120872 -0.0088057 0.0026834 -0.0058679 -0.0003915 -0.0046169 0.0420179 0.0092708 -0.0004895 0.0005149 -0.0045472 -0.0203694 0.0222586 -0.0097195 0.0114009 -0.0109118 -0.0009766 -0.0049333 0.0829560 0.0123973
-0.2688130 -0.2205580 0.0031571 0.2906575 0.1059760 -0.3922645 -0.2615397 -0.2773201 -0.0034466 0.2929074 0.1000248 -0.4071359 -0.7730508 -0.6342792 0.0090791 0.5817991 0.2121286 -0.7851823 -0.6860771 -0.7274727 -0.0090411 0.5727238 0.1955792 -0.7960755 0.0000302 0.0003987 -0.0015450 -0.0070307 0.0751475 -0.0359665 -0.0004270 0.0001273 -0.0012921 -0.0027453 0.0232106 -0.0206531 -0.0005510 0.0006241 -0.0044393 -0.0610380 0.1204284 -0.0010834 -0.0007338 0.0007427 -0.0033825 -0.0266890 0.0363284 -0.0089492
-0.2687828 -0.2201593 0.0016121 0.2836268 0.1811235 -0.4282310 -0.2619667 -0.2771928 -0.0047387 0.2901621 0.1232354 -0.4277890 -0.7736017 -0.6336551 0.0046398 0.5207611 0.3325570 -0.7862657 -0.6868109 -0.7267300 -0.0124237 0.5460348 0.2319077 -0.8050247 0.0002433 0.0002790 0.0013466 0.0038121 -0.0157016 -0.0119515 -0.0004879 -0.0004527 0.0018071 -0.0134221 0.0440458 -0.0816821 -0.0000928 0.0001536 0.0038845 0.0007820 -0.0324074 -0.0124226 -0.0001159 0.0000439 0.0047507 -0.0874238 0.0453092 -0.0392660
-0.2685395 -0.2198803 0.0029587 0.2874390 0.1654219 -0.4401825 -0.2624546 -0.2776455 -0.0029316 0.2767400 0.1672812 -0.5094711 -0.7736945 -0.6335015 0.0085244 0.5215431 0.3001495 -0.7986883 -0.6869268 -0.7266861 -0.0076729 0.4586109 0.2772169 -0.8442907 0.0000906 -0.0000148 0.0033079 0.0082083 0.1246042 0.0403794 -0.0004249 -0.0001665 0.0034373 0.0122848 0.0158268 0.0748131 0.0002237 -0.0000732 0.0095313 -0.0079483 0.2036802 0.1041554 -0.0003889 0.0003285 0.0089951 0.0638821 0.0538019 0.0585251
-0.2684489 -0.2198951 0.0062666 0.2956473 0.2900261 -0.3998031 -0.2628796 -0.2778120 0.0005057 0.2890248 0.1831080 -0.4346579 -0.7734708 -0.6335747 0.0180556 0.5135948 0.5038297 -0.6945329 -0.6873157 -0.7263576 0.0013221 0.5224930 0.3310188 -0.7857656 0.0006893 -0.0000322 0.0028431 0.0270603 -0.0589818 -0.0264515 0.0013216 -0.0005588 0.0036888 0.0015796 0.0348310 -0.0255880 0.0009858 -0.0009142 0.0082257 0.0404844 -0.1071335 -0.0373334 0.0026007 -0.0023706 0.0096582 -0.0268542 0.0406859 0.0007957
-0.2677596 -0.2199273 0.0091096 0.3227076 0.2310443 -0.4262546 -0.2615580 -0.2783708 0.0041944 0.2906044 0.2179390 -0.4602459 -0.7724850 -0.6344889 0.0262813 0.5540792 0.3966962 -0.7318664 -0.6847151 -0.7287281 0.0109804 0.4956388 0.3717047 -0.7849699 -0.0000989 0.0000508 -0.0012946 0.0068364 -0.0194114 0.0037240 0.0004157 0.0000752 -0.0011258 0.0079931 0.0254890 -0.0058433 -0.0002573 0.0001696 -0.0037356 0.0179217 -0.0293575 -0.0015348 0.0004611 -0.0004713 -0.0029399 -0.0018407 0.0308582 0.0141868
-0.2678586 -0.2198765 0.0078151 0.3295440 0.2116329 -0.4225307 -0.2611423 -0.2782956 0.0030686 0.2985976 0.2434280 -0.4660892 -0.7727423 -0.6343193 0.0225457 0.5720009 0.3673387 -0.7334012 -0.6842540 -0.7291995 0.0080405 0.4937981 0.4025629 -0.7707831 -0.0005680 -0.0014452 -0.0006268 0.0120691 0.0543175 0.0141867 -0.0008412 -0.0010424 -0.0006826 0.0214743 0.0408425 -0.0122034 0.0013498 -0.0017050 -0.0018883 0.0020180 0.0795428 0.0472531 0.0001812 -0.0001877 -0.0018102 0.0048436 0.0403038 0.0256485
-0.2684266 -0.2213216 0.0071883 0.3416131 0.2659504 -0.4083440 -0.2619836 -0.2793379 0.0023860 0.3200719 0.2842706 -0.4782926 -0.7713925 -0.6360243 0.0206573 0.5740189 0.4468815 -0.6861481 -0.6840728 -0.7293872 0.0062303 0.4986417 0.4428667 -0.7451346 0.0011910 -0.0004190 -0.0012339 -0.0145919 0.0396063 0.0099057 -0.0002629 -0.0004181 -0.0000978 0.0178803 0.0202877 0.0103725 0.0019325 -0.0024406 -0.0035127 -0.0282712 0.0630453 0.0212164 0.0001783 -0.0001693 -0.0002628 0.0191951 0.0238014 0.0281506
-0.2672356 -0.2217406 0.0059544 0.3270212 0.3055567 -0.3984382 -0.2622465 -0.2797560 0.0022883 0.3379521 0.3045583 -0.4679201 -0.7694600 -0.6384649 0.0171446 0.5457477 0.5099267 -0.6649317 -0.6838945 -0.7295565 0.0059675 0.5178368 0.4666681 -0.7169840 -0.0003397 -0.0001949 -0.0004363 0.0352649 0.0267142 -0.0110076 0.0010429 0.0000488 -0.0015108 0.0333932 0.0357791 0.0086374 -0.0001391 0.0001347 -0.0012736 0.0205310 0.0094360 0.0249389 0.0013774 -0.0013103 -0.0039360 0.0269253 0.0326053 0.0432181
-0.2675753 -0.2219356 0.0055181 0.3622861 0.3322708 -0.4094459 -0.2612035 -0.2797073 0.0007775 0.3713454 0.3403373 -0.4592827 -0.7695991 -0.6383302 0.0158711 0.5662787 0.5193628 -0.6399928 -0.6825171 -0.7308668 0.0020315 0.5447621 0.4992734 -0.6737658 0.0043019 -0.0000743 0.0002239 0.0130963 0.0238767 0.0199155 0.0009713 0.0000960 -0.0002176 0.0148827 0.0148785 0.0146674 0.0052320 -0.0062356 0.0007997 0.0133031 0.0305208 0.0385669 0.0012333 -0.0011511 -0.0005657 0.0168004 0.0171982 0.0273103
-0.2632735 -0.2220099 0.0057420 0.3753824 0.3561475 -0.3895303 -0.2602322 -0.2796113 0.0005599 0.3862281 0.3552158 -0.4446153 -0.7643671 -0.6445658 0.0166708 0.5795818 0.5498835 -0.6014259 -0.6812838 -0.7320179 0.0014658 0.5615624 0.5164716 -0.6464555 -0.0008307 -0.0005213 0.0005122 0.0177639 0.0209594 0.0158295 0.0003467 -0.0002802 0.0006815 0.0321555 0.0220687 0.0210818 -0.0002365 0.0003193 0.0014356 0.0155305 0.0209497 0.0357485 0.0008556 -0.0007896 0.0017844 0.0320423 0.0188215 0.0455440
-0.2641042 -0.2225312 0.0062542 0.3931463 0.3771069 -0.3737008 -0.2598855 -0.2798915 0.0012414 0.4183836 0.3772845 -0.4235335 -0.7646036 -0.6442465 0.0181064 0.5951123 0.5708332 -0.5656773 -0.6804282 -0.7328075 0.0032502 0.5936048 0.5352931 -0.6009115 0.0000449 -0.0009570 0.0018937 0.0364529 0.0039210 0.0157311 0.0000107 -0.0000675 0.0019708 0.0261306 0.0099085 0.0164770 0.0015053 -0.0016069 0.0054399 0.0397618 -0.0077392 0.0366594 0.0001237 -0.0000738 0.0051587 0.0268922 0.0051892 0.0327017
-0.2640592 -0.2234883 0.0081479 0.4295992 0.3810278 -0.3579696 -0.2598749 -0.2799591 0.0032122 0.4445142 0.3871929 -0.4070565 -0.7630983 -0.6458533 0.0235463 0.6348741 0.5630940 -0.5290179 -0.6803045 -0.7328813 0.0084089 0.6204970 0.5404823 -0.5682098 0.0001446 -0.0008678 0.0032910 0.0130220 0.0026723 0.0061703 0.0002509 -0.0004840 0.0013272 0.0352844 0.0123844 0.0088009 0.0016149 -0.0014902 0.0094588 0.0128935 -0.0015561 0.0141663 0.0010086 -0.0008870 0.0034681 0.0273613 -0.0009444 0.0304567
-0.2639146 -0.2243560 0.0114389 0.4426211 0.3837002 -0.3517993 -0.2596240 -0.2804430 0.0045393 0.4797986 0.3995774 -0.3982556 -0.7614835 -0.6473435 0.0330052 0.6477676 0.5615379 -0.5148517 -0.6792960 -0.7337683 0.0118770 0.6478583 0.5395379 -0.5377532 -0.0005961 -0.0004070 0.0008410 0.0395972 0.0004613 0.0265341 -0.0001759 -0.0008554 0.0009242 0.0298152 -0.0002445 0.0187448 -0.0000806 0.0002189 0.0023506 0.0440074 -0.0104321 0.0482365 0.0008878 -0.0007784 0.0023899 0.0312035 -0.0074257 0.0320540
-0.2645108 -0.2247630 0.0122800 0.4822184 0.3841615 -0.3252653 -0.2597999 -0.2812984 0.0054636 0.5096138 0.3993329 -0.3795108 -0.7615640 -0.6471246 0.0353557 0.6917750 0.5511058 -0.4666151 -0.6784081 -0.7345467 0.0142669 0.6790618 0.5321122 -0.5056992 -0.0001283 -0.0005743 0.0007612 0.0124138 -0.0021504 0.0082046 -0.0002760 -0.0004988 0.0006094 0.0401530 -0.0012599 0.0148088 0.0007198 -0.0007260 0.0021381 0.0140355 -0.0059987 0.0141886 0.0002758 -0.0002225 0.0015681 0.0344319 -0.0154884 0.0323847
-0.2646391 -0.2253373 0.0130412 0.4946322 0.3820111 -0.3170606 -0.2600759 -0.2817972 0.0060730 0.5497668 0.3980730 -0.3647020 -0.7608442 -0.6478505 0.0374938 0.7058105 0.5451071 -0.4524266 -0.6781323 -0.7347692 0.0158350 0.7134937 0.5166238 -0.4733145 -0.0004149 -0.0002104 0.0020611 0.0299521 -0.0097627 0.0280576 -0.0008905 -0.0004050 0.0026710 0.0280542 -0.0066060 0.0183863 -0.0000219 0.0003915 0.0058590 0.0380896 -0.0172306 0.0425984 -0.0006351 0.0007681 0.0069080 0.0281208 -0.0141886 0.0288296
-0.2650539 -0.2255476 0.0151023 0.5245843 0.3722485 -0.2890030 -0.2609664 -0.2822021 0.0087440 0.5778210 0.3914670 -0.3463157 -0.7608661 -0.6474591 0.0433528 0.7439001 0.5278764 -0.4098281 -0.6787674 -0.7340011 0.0227429 0.7416145 0.5024352 -0.4444849 -0.0006500 -0.0005390 0.0010753 0.0099812 -0.0064322 0.0131161 -0.0002078 -0.0001714 0.0014572 0.0235878 -0.0193299 0.0329424 0.0000816 0.0001097 0.0029683 0.0153650 -0.0082927 0.0179746 -0.0000060 0.0001320 0.0037692 0.0358503 -0.0213589 0.0393749
-0.2657039 -0.2260867 0.0161777 0.5345654 0.3658162 -0.2758870 -0.2611742 -0.2823736 0.0102012 0.6014088 0.3721371 -0.3133733 -0.7607845 -0.6473494 0.0463211 0.7592651 0.5195837 -0.3918535 -0.6787734 -0.7338691 0.0265121 0.7774648 0.4810763 -0.4051100 -0.0007311 -0.0003887 0.0017723 0.0147787 -0.0134561 0.0237290 -0.0010734 -0.0003695 0.0019347 0.0090855 -0.0120506 0.0213018 -0.0001450 0.0005433 0.0049433 0.0258966 -0.0159655 0.0314514 -0.0009241 0.0010512 0.0049418 0.0189042 -0.0113556 0.0241127
-0.2664350 -0.2264753 0.0179499 0.5493441 0.3523602 -0.2521580 -0.2622476 -0.2827430 0.0121358 0.6104943 0.3600866 -0.2920715 -0.7609296 -0.6468061 0.0512644 0.7851617 0.5036182 -0.3604022 -0.6796974 -0.7328179 0.0314539 0.7963690 0.4697207 -0.3809973 -0.0010002 -0.0000244 0.0017673 0.0075133 -0.0116753 0.0145481 -0.0003635 0.0005713 0.0023272 0.0206988 -0.0176312 0.0227249 -0.0009586 0.0015378 0.0049075 0.0164124 -0.0132160 0.0183722 -0.0011022 0.0013085 0.0060404 0.0266112 -0.0232108 0.0298101
-0.2674352 -0.2264997 0.0197173 0.5568574 0.3406848 -0.2376099 -0.2626111 -0.2821718 0.0144630 0.6311930 0.3424553 -0.2693466 -0.7618882 -0.6452683 0.0561720 0.8015741 0.4904023 -0.3420300 -0.6807996 -0.7315094 0.0374943 0.8229802 0.4465099 -0.3511873 0.0000000 0.0000000 0.0000000 0.0000000 0.0000000 0.0000000 0.0000000 0.0000000 0.0000000 0.0000000 0.0000000 0.0000000 0.0000000 0.0000000 0.0000000 0.0000000 0.0000000 0.0000000 0.0000000 0.0000000 0.0000000 0.0000000 0.0000000 0.0000000
