-0.2070024 -0.2493871 0.0167446 0.2222159 -0.0412836 -0.2370411 -0.1852969 -0.3206041 0.0130962 0.1587015 -0.0813079 -0.3106828 -0.6378391 -0.7684395 0.0515953 0.6784699 -0.1260471 -0.7237339 -0.5000844 -0.8652551 0.0353444 0.4430291 -0.2269780 -0.8672982 -0.0023680 0.0023329 -0.0016785 -0.0500647 -0.0013196 0.0136441 -0.0025779 0.0023790 -0.0019824 -0.0279602 -0.0037007 -0.0006566 -0.0079886 0.0063720 -0.0051221 -0.0749218 -0.0233162 -0.0594776 -0.0080796 0.0045195 -0.0052838 -0.0675650 -0.0171504 -0.0268092
-0.2093705 -0.2470542 0.0150661 0.1721512 -0.0426032 -0.2233970 -0.1878748 -0.3182251 0.0111138 0.1307413 -0.0850086 -0.3113394 -0.6458277 -0.7620675 0.0464732 0.6035481 -0.1493633 -0.7832115 -0.5081640 -0.8607355 0.0300606 0.3754640 -0.2441284 -0.8941074 -0.0004469 0.0010098 -0.0008192 -0.0099216 0.0006287 -0.0018757 -0.0005190 0.0011041 -0.0009766 -0.0384527 0.0065232 -0.0035075 -0.0024111 0.0019037 -0.0024566 -0.0257320 -0.0001380 -0.0191462 -0.0023888 0.0013282 -0.0025884 -0.1018956 0.0114766 -0.0391843
-0.2098173 -0.2460444 0.0142470 0.1622296 -0.0419745 -0.2252727 -0.1883938 -0.3171210 0.0101372 0.0922886 -0.0784853 -0.3148469 -0.6482388 -0.7601638 0.0440166 0.5778160 -0.1495013 -0.8023578 -0.5105529 -0.8594074 0.0274722 0.2735685 -0.2326518 -0.9332917 -0.0006730 0.0006202 -0.0022946 -0.0026661 0.0048856 -0.0135438 -0.0007822 0.0009488 -0.0026640 -0.0209109 0.0134662 -0.0063279 -0.0023340 0.0016189 -0.0070747 -0.0268414 0.0214329 -0.0222788 -0.0027847 0.0014602 -0.0071932 -0.0607381 0.0387812 -0.0243708
-0.2104903 -0.2454242 0.0119524 0.1595634 -0.0370889 -0.2388165 -0.1891761 -0.3161722 0.0074732 0.0713777 -0.0650191 -0.3211747 -0.6505728 -0.7585448 0.0369419 0.5509746 -0.1280685 -0.8246365 -0.5133376 -0.8579471 0.0202790 0.2128304 -0.1938706 -0.9576625 0.0025192 -0.0010110 -0.0030575 -0.0185008 0.0295236 -0.0149824 0.0028433 -0.0012299 -0.0037193 -0.0392733 0.0310310 -0.0291604 0.0058722 -0.0053929 -0.0093681 -0.0653301 0.1020230 -0.0491317 0.0070995 -0.0043863 -0.0100800 -0.1219967 0.0977072 -0.0335498
-0.2079711 -0.2464352 0.0088949 0.1410627 -0.0075653 -0.2537990 -0.1863328 -0.3174021 0.0037540 0.0321043 -0.0339881 -0.3503351 -0.6447006 -0.7639377 0.0275738 0.4856446 -0.0260455 -0.8737683 -0.5062380 -0.8623335 0.0101990 0.0908337 -0.0961634 -0.9912123 0.0014003 -0.0022632 -0.0042341 -0.0391049 0.0262309 0.0241680 0.0014421 -0.0025357 -0.0049765 -0.0117362 0.0253018 -0.0102310 0.0058209 -0.0052339 -0.0131588 -0.0809551 0.1001327 -0.0376798 0.0058867 -0.0034826 -0.0135074 -0.0344504 0.0721180 -0.0069073
-0.2065708 -0.2486984 0.0046609 0.1019578 0.0186656 -0.2296310 -0.1848907 -0.3199378 -0.0012225 0.0203682 -0.0086863 -0.3605661 -0.6388797 -0.7691716 0.0144151 0.4046895 0.0740872 -0.9114480 -0.5003513 -0.8658161 -0.0033084 0.0563832 -0.0240454 -0.9981196 0.0015631 -0.0019918 -0.0039570 -0.0295441 -0.0775175 0.0369508 0.0018716 -0.0025554 -0.0046597 -0.0047353 0.0416497 -0.0222133 0.0058330 -0.0049390 -0.0122416 -0.0664439 -0.3489853 0.0114364 0.0068439 -0.0037808 -0.0125530 -0.0157270 0.1097729 0.0026308
-0.2050077 -0.2506902 0.0007039 0.0724138 -0.0588519 -0.1926801 -0.1830191 -0.3224932 -0.0058823 0.0156329 0.0329634 -0.3827794 -0.6330467 -0.7741106 0.0021735 0.3382457 -0.2748980 -0.9000116 -0.4935075 -0.8695969 -0.0158615 0.0406562 0.0857274 -0.9954888 0.0002697 0.0002107 -0.0033267 0.0551112 0.1552208 -0.0730784 0.0002533 0.0004007 -0.0036451 -0.0032484 0.0334177 -0.0143088 0.0001997 -0.0001239 -0.0102807 0.0729600 0.5856407 0.0430700 0.0001539 0.0001483 -0.0098565 -0.0099093 0.0790763 0.0096417
-0.2047380 -0.2504795 -0.0026228 0.1275249 0.0963689 -0.2657586 -0.1827658 -0.3220925 -0.0095274 0.0123845 0.0663811 -0.3970882 -0.6328470 -0.7742344 -0.0081072 0.4112056 0.3107426 -0.8569416 -0.4933535 -0.8694486 -0.0257180 0.0307469 0.1648037 -0.9858470 -0.0004035 0.0005472 -0.0023627 -0.0467029 0.0261062 -0.0380313 -0.0006004 0.0009308 -0.0024919 0.0010623 0.0486156 -0.0155525 -0.0015214 0.0013573 -0.0073098 -0.1716429 0.0522830 -0.0435149 -0.0022083 0.0014835 -0.0067651 0.0006286 0.1035191 0.0230290
-0.2051415 -0.2499323 -0.0049855 0.0808220 0.1224751 -0.3037898 -0.1833662 -0.3211617 -0.0120193 0.0134468 0.1149967 -0.4126407 -0.6343684 -0.7728771 -0.0154170 0.2395628 0.3630257 -0.9004566 -0.4955618 -0.8679650 -0.0324831 0.0313756 0.2683228 -0.9628180 -0.0018851 0.0055462 -0.0020839 0.0053535 0.0148976 -0.0057612 -0.0027044 0.0073713 -0.0022772 0.0120334 0.0358278 -0.0008698 -0.0118500 0.0100437 -0.0066496 0.0070366 0.0300791 0.0146477 -0.0140943 0.0084785 -0.0066758 0.0264165 0.0737645 0.0249287
-0.2070266 -0.2443861 -0.0070694 0.0861756 0.1373727 -0.3095510 -0.1860706 -0.3137904 -0.0142966 0.0254802 0.1508245 -0.4135105 -0.6462184 -0.7628334 -0.0220666 0.2465994 0.3931047 -0.8858089 -0.5096561 -0.8594866 -0.0391589 0.0577921 0.3420873 -0.9378893 -0.0015426 -0.0010296 -0.0003137 0.0582487 0.0240214 -0.0395832 -0.0018107 -0.0007149 -0.0001342 0.0213800 0.0402907 0.0007953 -0.0011983 0.0010419 -0.0008510 0.1049226 -0.0002789 0.0360324 -0.0027917 0.0016707 -0.0002010 0.0446962 0.0759021 0.0352371
-0.2085692 -0.2454157 -0.0073830 0.1444243 0.1613941 -0.3491342 -0.1878813 -0.3145053 -0.0144307 0.0468602 0.1911152 -0.4127152 -0.6474167 -0.7617915 -0.0229176 0.3515220 0.3928258 -0.8497765 -0.5124478 -0.8578159 -0.0393599 0.1024883 0.4179894 -0.9026522 -0.0000847 0.0004518 -0.0007583 -0.0095626 0.0335306 -0.0121939 -0.0002032 0.0010179 -0.0007939 0.0151358 0.0293739 -0.0118172 -0.0008078 0.0007625 -0.0023751 -0.0394403 0.0582470 0.0136316 -0.0015865 0.0010560 -0.0022491 0.0260339 0.0391002 0.0225664
-0.2086539 -0.2449639 -0.0081414 0.1348617 0.1949247 -0.3613281 -0.1880845 -0.3134874 -0.0152247 0.0619961 0.2204891 -0.4245324 -0.6482246 -0.7610290 -0.0252927 0.3120817 0.4510728 -0.8361449 -0.5140342 -0.8567599 -0.0416090 0.1285222 0.4570896 -0.8800859 -0.0000911 0.0005530 -0.0007948 0.0090268 0.0107343 0.0014324 -0.0001546 0.0008559 -0.0009435 0.0142647 0.0440946 -0.0213039 -0.0009695 0.0009141 -0.0024986 0.0158497 0.0176378 0.0159185 -0.0012857 0.0009058 -0.0026526 0.0170098 0.0478281 0.0292753
-0.2087449 -0.2444109 -0.0089362 0.1438884 0.2056590 -0.3598957 -0.1882391 -0.3126315 -0.0161681 0.0762608 0.2645837 -0.4458362 -0.6491941 -0.7601149 -0.0277913 0.3279314 0.4687107 -0.8202264 -0.5153200 -0.8558541 -0.0442616 0.1455321 0.5049177 -0.8508105 -0.0006546 -0.0008006 0.0001881 0.0142934 0.0305082 -0.0191907 -0.0005532 -0.0007622 0.0002712 0.0330951 0.0145441 -0.0021835 0.0000403 -0.0000587 0.0006718 0.0059141 0.0297244 0.0201578 -0.0002083 0.0000818 0.0008525 0.0573295 0.0128808 0.0197077
-0.2093995 -0.2452116 -0.0087480 0.1581818 0.2361672 -0.3790864 -0.1887924 -0.3133937 -0.0158969 0.1093559 0.2791278 -0.4480197 -0.6491538 -0.7601736 -0.0271195 0.3338455 0.4984351 -0.8000685 -0.5155282 -0.8557723 -0.0434091 0.2028616 0.5177985 -0.8311028 -0.0022373 0.0015381 0.0014395 0.0131947 0.0009862 0.0015121 -0.0030729 0.0028660 0.0014378 0.0256366 0.0076034 -0.0021395 -0.0064102 0.0053734 0.0044808 0.0249263 -0.0019613 0.0096277 -0.0096890 0.0057252 0.0038284 0.0423439 0.0030310 0.0134165
-0.2116368 -0.2436735 -0.0073085 0.1713766 0.2371534 -0.3775743 -0.1918652 -0.3105277 -0.0144591 0.1349925 0.2867312 -0.4501592 -0.6555639 -0.7548002 -0.0226387 0.3587718 0.4964737 -0.7904408 -0.5252173 -0.8500472 -0.0395808 0.2452055 0.5208295 -0.8176863 -0.0008155 0.0013368 -0.0004822 0.0391565 -0.0014600 0.0164865 -0.0011467 0.0019403 -0.0005141 0.0362283 0.0042609 -0.0018716 -0.0034644 0.0030705 -0.0015280 0.0799721 -0.0052965 0.0379458 -0.0046197 0.0029443 -0.0015222 0.0582684 -0.0050715 0.0165014
-0.2124523 -0.2423367 -0.0077907 0.2105330 0.2356934 -0.3610878 -0.1930120 -0.3085874 -0.0149732 0.1712208 0.2909921 -0.4520308 -0.6590283 -0.7517298 -0.0241667 0.4387439 0.4911773 -0.7524950 -0.5298370 -0.8471029 -0.0411030 0.3034739 0.5157579 -0.8011850 0.0004245 -0.0009734 0.0015452 0.0121743 -0.0028140 -0.0055886 0.0005328 -0.0009613 0.0017327 0.0342127 -0.0081347 -0.0041151 0.0021723 -0.0020379 0.0048183 0.0174905 -0.0141045 0.0013281 0.0021380 -0.0015525 0.0048029 0.0539881 -0.0235755 0.0074739
-0.2120278 -0.2433101 -0.0062455 0.2227073 0.2328794 -0.3666764 -0.1924792 -0.3095487 -0.0132405 0.2054335 0.2828574 -0.4561460 -0.6568560 -0.7537677 -0.0193484 0.4562344 0.4770727 -0.7511669 -0.5276990 -0.8486554 -0.0363001 0.3574620 0.4921825 -0.7937111 -0.0002165 0.0009282 -0.0006919 0.0365630 -0.0281432 0.0069371 -0.0001775 0.0009412 -0.0007056 0.0318793 -0.0229906 0.0056925 -0.0017773 0.0016117 -0.0021795 0.0746045 -0.0578889 0.0146244 -0.0014704 0.0010044 -0.0020057 0.0576918 -0.0375727 0.0056900
-0.2122443 -0.2423819 -0.0069374 0.2592703 0.2047362 -0.3597393 -0.1926567 -0.3086075 -0.0139461 0.2373128 0.2598668 -0.4504534 -0.6586333 -0.7521560 -0.0215279 0.5308389 0.4191839 -0.7365425 -0.5291695 -0.8476511 -0.0383058 0.4151539 0.4546097 -0.7880211 -0.0007070 0.0007226 0.0010459 0.0012884 -0.0073761 0.0036839 -0.0007276 0.0006928 0.0012741 0.0262099 -0.0324825 -0.0064966 -0.0023931 0.0020163 0.0032400 0.0082409 -0.0108581 -0.0001141 -0.0023598 0.0013276 0.0034760 0.0436142 -0.0587552 -0.0074857
-0.2129513 -0.2416593 -0.0058915 0.2605587 0.1973601 -0.3560554 -0.1933843 -0.3079147 -0.0126720 0.2635227 0.2273843 -0.4569501 -0.6610264 -0.7501397 -0.0182879 0.5390798 0.4083258 -0.7366566 -0.5315293 -0.8463235 -0.0348298 0.4587681 0.3958545 -0.7955068 0.0000123 -0.0003792 -0.0002008 0.0117017 -0.0302168 -0.0041055 0.0005416 -0.0008932 -0.0119771 0.0164565 -0.0425260 0.0046633 0.0006126 -0.0005243 -0.0006069 0.0264401 -0.0611476 -0.0114440 0.0030607 0.0000623 -0.0327188 0.0384089 -0.0675898 -0.0076478
-0.2129389 -0.2420385 -0.0060923 0.2722604 0.1671433 -0.3601609 -0.1928427 -0.3088079 -0.0246491 0.2799792 0.1848583 -0.4522868 -0.6604138 -0.7506641 -0.0188948 0.5655199 0.3471782 -0.7481006 -0.5284686 -0.8462613 -0.0675486 0.4971770 0.3282647 -0.8031546 0.0003962 -0.0025905 -0.0007705 0.0249049 -0.0558982 0.0219840 0.0010134 -0.0029540 0.0013391 0.0002910 -0.0450619 0.0059228 0.0046954 -0.0040445 -0.0022778 0.0752942 -0.1072866 0.0188481 0.0054785 -0.0037050 0.0039980 0.0168120 -0.0718914 -0.0154345
-0.2125427 -0.2446291 -0.0068628 0.2971653 0.1112451 -0.3381769 -0.1918293 -0.3117619 -0.0233099 0.2802702 0.1397964 -0.4463640 -0.6557184 -0.7547086 -0.0211726 0.6408141 0.2398915 -0.7292526 -0.5229901 -0.8499663 -0.0635506 0.5139889 0.2563733 -0.8185891 0.0003213 -0.0004851 0.0022872 -0.0023781 -0.0128874 0.0268923 -0.0006101 -0.0008578 0.0026704 -0.0109056 -0.0488524 0.0218571 0.0012245 -0.0012270 0.0070614 0.0293787 -0.0162772 0.0215533 -0.0003953 -0.0002788 0.0074163 0.0132310 -0.0783711 -0.0122866
-0.2122214 -0.2451142 -0.0045756 0.2947872 0.0983577 -0.3112845 -0.1924394 -0.3126197 -0.0206395 0.2693646 0.0909440 -0.4245069 -0.6544939 -0.7559356 -0.0141112 0.6701928 0.2236143 -0.7076993 -0.5233855 -0.8502450 -0.0561342 0.5272199 0.1780022 -0.8308757 -0.0004558 -0.0001225 0.0007632 -0.0089395 -0.0243146 0.0261546 0.0002594 -0.0001081 0.0016185 -0.0053818 -0.0419542 0.0265232 -0.0006355 0.0005101 0.0023676 0.0261885 -0.0432307 0.0130663 0.0005191 -0.0005973 0.0043836 0.0226512 -0.0759574 0.0018831
-0.2126772 -0.2452367 -0.0038124 0.2858476 0.0740431 -0.2851300 -0.1921800 -0.3127278 -0.0190210 0.2639828 0.0489898 -0.3979838 -0.6551294 -0.7554254 -0.0117436 0.6963813 0.1803836 -0.6946329 -0.5228664 -0.8508423 -0.0517507 0.5498711 0.1020448 -0.8289926 0.0043826 -0.0100995 -0.0016771 0.0007272 -0.0524264 0.0174253 0.0019848 -0.0109781 -0.0007689 -0.0155039 -0.0284752 0.0150481 0.0231013 -0.0193411 -0.0049130 0.0332675 -0.1253453 0.0130293 0.0169841 -0.0101528 -0.0008866 -0.0060928 -0.0571501 -0.0090347
-0.2082946 -0.2553363 -0.0054895 0.2865748 0.0216167 -0.2677047 -0.1901951 -0.3237059 -0.0197899 0.2484789 0.0205146 -0.3829357 -0.6320280 -0.7747665 -0.0166567 0.7296488 0.0550383 -0.6816036 -0.5058822 -0.8609950 -0.0526373 0.5437783 0.0448947 -0.8380272 0.0005958 -0.0009880 0.0000400 -0.0156790 -0.0073288 0.0075136 -0.0015395 -0.0015693 0.0002858 -0.0233805 -0.0390540 0.0224852 0.0025527 -0.0020785 0.0001408 -0.0089571 -0.0170268 -0.0106093 -0.0012414 0.0006669 0.0010504 -0.0145926 -0.0884792 -0.0093587
-0.2076988 -0.2563242 -0.0054495 0.2708958 0.0142879 -0.2601911 -0.1917347 -0.3252752 -0.0195041 0.2250984 -0.0185394 -0.3604504 -0.6294753 -0.7768449 -0.0165158 0.7206917 0.0380116 -0.6922129 -0.5071236 -0.8603281 -0.0515869 0.5291857 -0.0435844 -0.8473859 0.0000513 -0.0003105 0.0006309 -0.0210794 -0.0044527 0.0165983 -0.0011764 -0.0008045 0.0017664 -0.0144376 -0.0036828 0.0171637 0.0005351 -0.0004717 0.0019208 -0.0050070 -0.0098353 -0.0056421 -0.0014939 0.0006066 0.0048206 -0.0069500 -0.0115052 -0.0036341
-0.2076475 -0.2566347 -0.0048186 0.2498164 0.0098352 -0.2435927 -0.1929111 -0.3260797 -0.0177377 0.2106608 -0.0222222 -0.3432867 -0.6289402 -0.7773167 -0.0145950 0.7156847 0.0281763 -0.6978550 -0.5086175 -0.8597215 -0.0467662 0.5222357 -0.0550896 -0.8510200 0.0010174 -0.0021198 -0.0004689 -0.0259278 -0.0016156 0.0064820 0.0210972 -0.0115119 -0.0001530 -0.0230701 -0.0110238 0.0066375 0.0050127 -0.0040025 -0.0013709 -0.0293590 -0.0029793 -0.0290028 0.0555463 -0.0305035 -0.0004114 -0.0372773 -0.0308577 -0.0192836
-0.2066301 -0.2587545 -0.0052876 0.2238886 0.0082196 -0.2371107 -0.1718139 -0.3375916 -0.0178907 0.1875907 -0.0332460 -0.3366492 -0.6239275 -0.7813191 -0.0159660 0.6863257 0.0251970 -0.7268577 -0.4530713 -0.8902251 -0.0471777 0.4849584 -0.0859474 -0.8703036 0.0001494 0.0019036 0.0006809 -0.0087496 -0.0001045 -0.0015232 -0.0172938 0.0153006 -0.0116690 -0.0312850 -0.0003773 0.0037365 -0.0025548 0.0020088 0.0019888 -0.0169411 0.0000524 -0.0156291 -0.0514276 0.0304215 -0.0316813 -0.0617260 -0.0050952 -0.0311317
-0.2064807 -0.2568509 -0.0046067 0.2151390 0.0081151 -0.2386340 -0.1891077 -0.3222910 -0.0295597 0.1563057 -0.0336233 -0.3329127 -0.6264823 -0.7793104 -0.0139772 0.6693846 0.0252494 -0.7424869 -0.5044989 -0.8598035 -0.0788590 0.4232324 -0.0910426 -0.9014353 0.0029592 -0.0018372 -0.0018861 -0.0025536 0.0064833 -0.0071622 0.0316102 -0.0187140 0.0045524 -0.0111692 0.0102028 0.0010788 0.0082805 -0.0064616 -0.0057450 -0.0158830 0.0196271 -0.0131068 0.0861242 -0.0460385 0.0124299 -0.0233436 0.0265130 -0.0128540
-0.2035215 -0.2586882 -0.0064928 0.2125854 0.0145984 -0.2457962 -0.1574975 -0.3410050 -0.0250073 0.1451364 -0.0234205 -0.3318339 -0.6182018 -0.7857720 -0.0197221 0.6535016 0.0448764 -0.7555936 -0.4183747 -0.9058421 -0.0664291 0.3998888 -0.0645296 -0.9142893 -0.0007385 0.0035690 -0.0010410 -0.0422840 0.0294811 -0.0017521 -0.0159083 0.0231879 -0.0005233 -0.0200127 0.0201085 -0.0095424 -0.0066345 0.0053564 -0.0033239 -0.0927219 0.1002714 -0.0595494 -0.0593995 0.0301802 -0.0039138 -0.0557638 0.0554207 -0.0245904
-0.2042600 -0.2551191 -0.0075338 0.1703014 0.0440795 -0.2475482 -0.1734057 -0.3178171 -0.0255306 0.1251237 -0.0033120 -0.3413764 -0.6248363 -0.7804156 -0.0230460 0.5607797 0.1451479 -0.8151431 -0.4777742 -0.8756619 -0.0703429 0.3441250 -0.0091089 -0.9388797 0.0031634 -0.0028773 -0.0025805 -0.0370756 0.0027996 -0.0567542 0.0014302 -0.0039800 -0.0015646 -0.0274854 0.0324047 -0.0188264 0.0103655 -0.0079184 -0.0078591 -0.1636596 -0.0054104 -0.0919231 0.0077327 -0.0038702 -0.0037133 -0.0832926 0.0868276 -0.0233710
-0.2010966 -0.2579964 -0.0101142 0.1332258 0.0468791 -0.3043025 -0.1719755 -0.3217971 -0.0270952 0.0976383 0.0290927 -0.3602027 -0.6144708 -0.7883340 -0.0309051 0.3971201 0.1397374 -0.9070662 -0.4700415 -0.8795321 -0.0740563 0.2608324 0.0777186 -0.9622506 0.0006606 0.0005338 -0.0008400 -0.0086842 0.0066450 -0.0228691 0.0011143 0.0007668 -0.0009299 -0.0033668 0.0154487 -0.0093147 0.0005185 -0.0002956 -0.0026486 -0.0454489 0.0113999 -0.0167763 0.0016022 -0.0006162 -0.0027783 -0.0152988 0.0382910 -0.0001708
-0.2004360 -0.2574626 -0.0109542 0.1245416 0.0535241 -0.3271716 -0.1708612 -0.3210303 -0.0280251 0.0942716 0.0445414 -0.3695174 -0.6139523 -0.7886296 -0.0335537 0.3516712 0.1511373 -0.9238424 -0.4684393 -0.8801483 -0.0768345 0.2455337 0.1160097 -0.9624214 -0.0004119 0.0006766 -0.0005188 0.0147941 0.0349825 -0.0073858 -0.0012703 0.0002159 -0.0002610 -0.0029213 0.0409193 -0.0457099 -0.0017558 0.0014407 -0.0016173 0.0218192 0.0861053 0.0270588 -0.0029306 0.0016209 -0.0006248 -0.0348848 0.0810582 0.0049292
-0.2008479 -0.2567860 -0.0114730 0.1393357 0.0885066 -0.3345574 -0.1721315 -0.3208144 -0.0282860 0.0913503 0.0854607 -0.4152273 -0.6157082 -0.7871890 -0.0351710 0.3734904 0.2372426 -0.8967836 -0.4713699 -0.8785274 -0.0774593 0.2106489 0.1970678 -0.9574922 -0.0008473 -0.0000171 -0.0005341 0.0116725 0.0389050 0.0390498 -0.0014092 -0.0003109 -0.0003629 0.0114767 0.0388059 0.0129429 -0.0015472 0.0012847 -0.0015748 0.0513174 0.1211845 0.0654785 -0.0026035 0.0014717 -0.0007866 0.0265996 0.0896474 0.0293179
-0.2016952 -0.2568031 -0.0120071 0.1510082 0.1274116 -0.2955075 -0.1735407 -0.3211253 -0.0286490 0.1028270 0.1242666 -0.4022844 -0.6172554 -0.7859043 -0.0367458 0.4248078 0.3584272 -0.8313052 -0.4739734 -0.8770558 -0.0782459 0.2372485 0.2867152 -0.9281743 -0.0013279 0.0021425 0.0004513 -0.0019606 0.0266463 -0.0571537 -0.0024428 0.0015183 0.0010410 0.0154075 0.0249712 0.0042015 -0.0057260 0.0044717 0.0012865 -0.0636529 0.0148681 -0.0232227 -0.0069905 0.0035681 0.0027932 0.0306913 0.0514836 0.0260492
-0.2030231 -0.2546606 -0.0115558 0.1490476 0.1540579 -0.3526613 -0.1759835 -0.3196070 -0.0276079 0.1182344 0.1492378 -0.3980829 -0.6229814 -0.7814325 -0.0354593 0.3611549 0.3732952 -0.8545278 -0.4809638 -0.8734877 -0.0754527 0.2679398 0.3381989 -0.9021251 -0.0017591 0.0046138 0.0022560 0.0372930 0.0182927 0.0263987 -0.0046200 0.0034277 0.0025376 0.0260967 0.0457124 -0.0049105 -0.0103620 0.0080963 0.0066972 0.0896291 0.0436450 0.0652530 -0.0138578 0.0072120 0.0067643 0.0389110 0.0762693 0.0453529
-0.2047822 -0.2500468 -0.0092998 0.1863406 0.1723506 -0.3262626 -0.1806035 -0.3161793 -0.0250703 0.1443311 0.1949502 -0.4029934 -0.6333434 -0.7733362 -0.0287620 0.4507840 0.4169402 -0.7892748 -0.4948217 -0.8662756 -0.0686883 0.3068509 0.4144682 -0.8567722 0.0025769 -0.0044406 -0.0012573 0.0153426 0.0108366 0.0035983 0.0007002 -0.0051172 -0.0011711 0.0158386 0.0311500 -0.0124066 0.0115772 -0.0091936 -0.0037003 0.0267872 0.0168339 0.0252291 0.0075013 -0.0040497 -0.0023942 0.0139169 0.0383369 0.0248614
-0.2022053 -0.2544874 -0.0105571 0.2016832 0.1831872 -0.3226643 -0.1799032 -0.3212965 -0.0262414 0.1601697 0.2261002 -0.4153999 -0.6217662 -0.7825299 -0.0324623 0.4775712 0.4337741 -0.7640457 -0.4873204 -0.8703253 -0.0710825 0.3207678 0.4528051 -0.8319108 -0.0021704 0.0041061 0.0013933 0.0176930 0.0344433 -0.0098877 -0.0026095 0.0038105 0.0020517 0.0224049 0.0305855 -0.0035046 -0.0103244 0.0081539 0.0041208 0.0056786 0.0456304 0.0314879 -0.0099814 0.0052550 0.0051717 0.0275771 0.0369408 0.0326581
-0.2043757 -0.2503813 -0.0091638 0.2193761 0.2176305 -0.3325520 -0.1825127 -0.3174860 -0.0241897 0.1825746 0.2566857 -0.4189045 -0.6320906 -0.7743760 -0.0283416 0.4832498 0.4794045 -0.7325578 -0.4973018 -0.8650704 -0.0659108 0.3483449 0.4897458 -0.7992527 0.0014461 -0.0070013 0.0006331 0.0103448 0.0157763 -0.0007235 0.0010396 -0.0073667 0.0017226 0.0237069 0.0303726 -0.0046622 0.0131581 -0.0106371 0.0023233 0.0083943 0.0201280 0.0192883 0.0104944 -0.0063574 0.0056422 0.0255625 0.0305783 0.0314923
-0.2029297 -0.2573826 -0.0085306 0.2297210 0.2334068 -0.3332755 -0.1814731 -0.3248527 -0.0224670 0.2062815 0.2870583 -0.4235667 -0.6189325 -0.7850131 -0.0260183 0.4916441 0.4995325 -0.7132695 -0.4868074 -0.8714277 -0.0602686 0.3739074 0.5203241 -0.7677604 -0.0005994 -0.0014822 0.0010630 0.0246627 0.0156696 0.0086142 -0.0028839 -0.0024631 0.0026011 0.0286953 0.0178641 0.0036211 0.0010158 -0.0009035 0.0033466 0.0363147 0.0174115 0.0394532 -0.0032582 0.0013432 0.0074602 0.0385573 0.0149191 0.0306121
-0.2035291 -0.2588648 -0.0074676 0.2543836 0.2490764 -0.3246613 -0.1843570 -0.3273158 -0.0198659 0.2349768 0.3049224 -0.4199456 -0.6179167 -0.7859167 -0.0226717 0.5279589 0.5169440 -0.6738163 -0.4900655 -0.8700845 -0.0528084 0.4124647 0.5352432 -0.7371483 -0.0009781 0.0000626 0.0020487 0.0174501 0.0094304 0.0006079 -0.0025748 -0.0006346 0.0036570 0.0229088 0.0090040 0.0061982 -0.0019980 0.0014194 0.0062456 0.0204120 0.0045423 0.0201026 -0.0046818 0.0021071 0.0099088 0.0322702 0.0061366 0.0236227
-0.2045071 -0.2588022 -0.0054189 0.2718338 0.2585068 -0.3240534 -0.1869318 -0.3279504 -0.0162089 0.2578856 0.3139264 -0.4137474 -0.6199147 -0.7844972 -0.0164261 0.5483708 0.5214863 -0.6537136 -0.4947473 -0.8679774 -0.0428996 0.4447350 0.5413798 -0.7135256 -0.0003510 0.0000203 0.0009394 0.0270320 0.0310791 -0.0217022 0.0086318 0.0035562 -0.0022851 0.0358653 0.0204079 0.0080199 -0.0007109 0.0005077 0.0028553 0.0040172 0.0137500 0.0146599 0.0136708 -0.0072800 -0.0069996 0.0430350 0.0137785 0.0398196
-0.2048581 -0.2587818 -0.0044795 0.2988657 0.2895859 -0.3457556 -0.1783000 -0.3243942 -0.0184940 0.2937509 0.3343343 -0.4057275 -0.6206257 -0.7839896 -0.0135708 0.5523880 0.5352363 -0.6390537 -0.4810765 -0.8752574 -0.0498991 0.4877700 0.5551583 -0.6737059 -0.0009548 0.0009120 0.0020650 0.0190039 -0.0085662 0.0176451 -0.0043630 0.0003118 -0.0008511 0.0175777 0.0011737 0.0063907 -0.0031599 0.0024283 0.0062529 0.0402670 -0.0112864 0.0273049 -0.0092709 0.0052788 -0.0020316 0.0247712 -0.0028105 0.0162765
-0.2058130 -0.2578698 -0.0024145 0.3178696 0.2810197 -0.3281105 -0.1826631 -0.3240824 -0.0193451 0.3113286 0.3355080 -0.3993369 -0.6237856 -0.7815613 -0.0073179 0.5926550 0.5239499 -0.6117488 -0.4903474 -0.8699785 -0.0519307 0.5125412 0.5523478 -0.6574294 0.0001540 -0.0011570 0.0010006 0.0151401 0.0015168 0.0013428 0.0001888 -0.0011689 0.0010970 0.0299977 -0.0036598 0.0119207 0.0019811 -0.0015996 0.0030432 0.0178846 -0.0059479 0.0126533 0.0016479 -0.0011038 0.0030588 0.0435698 -0.0116791 0.0262258
-0.2056589 -0.2590268 -0.0014138 0.3330097 0.2825365 -0.3267677 -0.1824743 -0.3252513 -0.0182482 0.3413263 0.3318482 -0.3874162 -0.6218044 -0.7831609 -0.0042747 0.6105396 0.5180020 -0.5990954 -0.4886995 -0.8710823 -0.0488719 0.5561109 0.5406687 -0.6312036 0.0000677 -0.0002004 0.0012006 0.0141512 -0.0005930 0.0010820 -0.0000566 -0.0001767 0.0009415 0.0212460 -0.0042389 0.0047082 0.0004151 -0.0003408 0.0036301 0.0169558 -0.0083876 0.0104167 0.0000274 -0.0001541 0.0025385 0.0280361 -0.0128511 0.0146156
-0.2055912 -0.2592273 -0.0002133 0.3471609 0.2819435 -0.3256857 -0.1825309 -0.3254280 -0.0173067 0.3625723 0.3276093 -0.3827080 -0.6213893 -0.7835017 -0.0006446 0.6274953 0.5096144 -0.5886788 -0.4886721 -0.8712364 -0.0463334 0.5841471 0.5278175 -0.6165881 -0.0001728 0.0008146 0.0013354 0.0193334 -0.0145577 0.0184011 -0.0003385 0.0007688 0.0012914 0.0131204 -0.0046605 0.0029927 -0.0015172 0.0012128 0.0040417 0.0413644 -0.0216298 0.0278779 -0.0016434 0.0007498 0.0033929 0.0177324 -0.0104365 0.0082642
-0.2057640 -0.2584127 0.0011222 0.3664943 0.2673858 -0.3072847 -0.1828695 -0.3246592 -0.0160152 0.3756927 0.3229488 -0.3797153 -0.6229065 -0.7822889 0.0033971 0.6688597 0.4879846 -0.5608009 -0.4903154 -0.8704866 -0.0429405 0.6018795 0.5173810 -0.6083239 -0.0000470 0.0010123 0.0002415 0.0065027 -0.0247055 0.0177372 -0.0002569 0.0009714 0.0001190 0.0134928 -0.0038112 -0.0036038 -0.0015811 0.0012651 0.0007407 0.0337109 -0.0308763 0.0154144 -0.0016440 0.0009164 0.0002362 0.0132863 -0.0129363 0.0024307
-0.2058111 -0.2574004 0.0013637 0.3729970 0.2426803 -0.2895475 -0.1831264 -0.3236878 -0.0158962 0.3891855 0.3191376 -0.3833191 -0.6244876 -0.7810238 0.0041378 0.7025706 0.4571084 -0.5453865 -0.4919594 -0.8695702 -0.0427043 0.6151658 0.5044447 -0.6058932 0.0008250 0.0000408 0.0002148 0.0103773 0.0017768 -0.0052432 0.0018632 0.0006760 -0.0007879 0.0136969 -0.0128753 0.0021996 0.0014720 -0.0011709 0.0006596 0.0049154 -0.0059827 0.0013744 0.0030779 -0.0016187 -0.0022940 0.0207647 -0.0210244 0.0043143
-0.2049861 -0.2573595 0.0015784 0.3833743 0.2444571 -0.2947907 -0.1812632 -0.3230118 -0.0166841 0.4028824 0.3062623 -0.3811195 -0.6230156 -0.7821947 0.0047974 0.7074860 0.4511256 -0.5440121 -0.4888815 -0.8711889 -0.0449983 0.6359305 0.4834203 -0.6015789 0.0011880 -0.0009405 -0.0008354 -0.0041337 -0.0105153 0.0118439 0.0011164 -0.0010035 -0.0007021 0.0011286 -0.0042012 -0.0017357 0.0036033 -0.0028679 -0.0025391 0.0109955 -0.0079166 0.0079618 0.0034870 -0.0018505 -0.0018477 0.0020350 -0.0064418 -0.0029800
-0.2037981 -0.2583001 0.0007430 0.3792406 0.2339418 -0.2829468 -0.1801468 -0.3240153 -0.0173862 0.4040110 0.3020611 -0.3828552 -0.6194123 -0.7850626 0.0022583 0.7184816 0.4432090 -0.5360504 -0.4853945 -0.8730393 -0.0468459 0.6379656 0.4769785 -0.6045589 0.0002198 0.0008637 0.0001547 -0.0003322 -0.0004684 -0.0073672 0.0040924 0.0026444 -0.0007263 -0.0000375 -0.0035481 -0.0029152 -0.0008658 0.0006854 0.0004768 -0.0054153 -0.0038364 -0.0102904 0.0055281 -0.0029122 -0.0025228 -0.0001224 -0.0056495 -0.0045430
-0.2035783 -0.2574363 0.0008977 0.3789084 0.2334734 -0.2903140 -0.1760544 -0.3213709 -0.0181125 0.4039735 0.2985130 -0.3857704 -0.6202781 -0.7843772 0.0027351 0.7130662 0.4393727 -0.5463407 -0.4798664 -0.8759515 -0.0493687 0.6378431 0.4713291 -0.6091018 -0.0000065 0.0001579 0.0002186 -0.0007697 -0.0006336 -0.0015792 0.0010606 -0.0006668 0.0000041 0.0012686 -0.0033028 -0.0004069 -0.0002450 0.0001964 0.0006674 -0.0015005 -0.0012244 -0.0029318 0.0029909 -0.0016331 0.0000214 0.0024983 -0.0048541 -0.0011145
-0.2035847 -0.2572784 0.0011163 0.3781387 0.2328398 -0.2918932 -0.1749938 -0.3220377 -0.0181084 0.4052421 0.2952102 -0.3861774 -0.6205231 -0.7841808 0.0034025 0.7115657 0.4381483 -0.5492726 -0.4768754 -0.8775846 -0.0493473 0.6403414 0.4664750 -0.6102163 0.0002296 0.0010076 -0.0012909 -0.0024471 -0.0001798 -0.0039494 0.0021789 -0.0019234 -0.0024023 -0.0008964 -0.0016515 -0.0026578 -0.0010701 0.0008407 -0.0039360 -0.0050960 -0.0006425 -0.0070450 0.0069443 -0.0033547 -0.0064270 -0.0017048 -0.0028190 -0.0039224
-0.2033552 -0.2562709 -0.0001745 0.3756916 0.2326600 -0.2958426 -0.1728149 -0.3239611 -0.0205107 0.4043458 0.2935587 -0.3888351 -0.6215932 -0.7833400 -0.0005335 0.7064697 0.4375058 -0.5563176 -0.4699311 -0.8809393 -0.0557743 0.6386367 0.4636560 -0.6141387 0.0000000 0.0000000 0.0000000 0.0000000 0.0000000 0.0000000 0.0000000 0.0000000 0.0000000 0.0000000 0.0000000 0.0000000 0.0000000 0.0000000 0.0000000 0.0000000 0.0000000 0.0000000 0.0000000 0.0000000 0.0000000 0.0000000 0.0000000 0.0000000
