-0.2552573 0.3141579 -0.0822386 0.3886095 0.4489402 -0.1004650 -0.3206289 0.3168933 -0.1053059 0.4363633 0.4408980 -0.0605417 -0.6179736 0.7605711 -0.1990983 0.6453048 0.7454868 -0.1668270 -0.6925926 0.6845232 -0.2274718 0.7001157 0.7073915 -0.0971351 0.0358602 -0.0534311 -0.0189411 -0.0008439 -0.0022008 0.0013850 0.0358919 -0.0534311 -0.0190246 -0.0010702 -0.0029686 0.0014935 0.0007512 -0.0270772 -0.0855473 0.0011912 -0.0006677 0.0016375 -0.0063816 -0.0377747 -0.0777353 0.0016514 -0.0013741 0.0019393
-0.2193971 0.2607268 -0.1011798 0.3877656 0.4467394 -0.0990800 -0.2847371 0.2634622 -0.1243305 0.4352930 0.4379294 -0.0590482 -0.6172224 0.7334939 -0.2846456 0.6464960 0.7448190 -0.1651895 -0.6989742 0.6467485 -0.3052072 0.7017672 0.7060174 -0.0951958 0.0029265 0.0037814 -0.0074813 -0.0149189 0.1815712 -0.1067384 0.0029082 0.0037813 -0.0074326 -0.0580451 0.2563571 -0.1677619 0.0136554 0.0040124 -0.0183252 -0.1552912 0.0829450 -0.1059647 0.0118076 0.0048554 -0.0160629 -0.2428649 0.1385455 -0.1807067
-0.2164705 0.2645081 -0.1086611 0.3728468 0.6283106 -0.2058183 -0.2818288 0.2672434 -0.1317631 0.3772479 0.6942864 -0.2268101 -0.6035670 0.7375063 -0.3029708 0.4912048 0.8277640 -0.2711542 -0.6871666 0.6516039 -0.3212701 0.4589023 0.8445629 -0.2759026 -0.0003930 0.0004791 -0.0008949 0.0219690 -0.1795494 0.1236207 -0.0003561 0.0004790 -0.0009901 0.0606303 -0.2542907 0.1894249 0.0003545 -0.0004363 -0.0017625 0.1631758 -0.0839727 0.1349171 0.0005976 -0.0002227 -0.0017246 0.2452211 -0.1370346 0.2157859
-0.2168635 0.2649872 -0.1095560 0.3948158 0.4487611 -0.0821976 -0.2821849 0.2677224 -0.1327532 0.4378783 0.4399957 -0.0373852 -0.6032125 0.7370700 -0.3047333 0.6543806 0.7437913 -0.1362370 -0.6865690 0.6513812 -0.3229947 0.7041233 0.7075283 -0.0601167 0.0012881 0.0010952 -0.0017089 0.0023147 -0.0020348 -0.0011376 0.0012589 0.0010951 -0.0016205 0.0024790 -0.0029564 -0.0014878 0.0045131 0.0018981 -0.0042732 0.0036564 -0.0035751 -0.0018478 0.0036924 0.0020622 -0.0036417 0.0042632 -0.0044792 -0.0024169
-0.2155754 0.2660824 -0.1112649 0.3971305 0.4467263 -0.0833353 -0.2809260 0.2688175 -0.1343737 0.4403573 0.4370393 -0.0388730 -0.5986994 0.7389682 -0.3090065 0.6580370 0.7402162 -0.1380848 -0.6828766 0.6534433 -0.3266364 0.7083866 0.7030491 -0.0625335 0.0004590 0.0040725 -0.0019067 -0.0007027 -0.0009050 -0.0004003 0.0004477 0.0040724 -0.0018685 -0.0013964 -0.0016724 0.0000926 0.0067601 0.0044214 -0.0024094 0.0000097 -0.0001792 -0.0009113 0.0059907 0.0051294 -0.0021606 0.0002281 -0.0002361 -0.0000696
-0.2151165 0.2701549 -0.1131716 0.3964278 0.4458213 -0.0837356 -0.2804783 0.2728899 -0.1362422 0.4389608 0.4353669 -0.0387803 -0.5919393 0.7433895 -0.3114159 0.6580467 0.7400369 -0.1389961 -0.6768859 0.6585727 -0.3287970 0.7086146 0.7028130 -0.0626031 -0.0075351 0.0060752 0.0041845 -0.0193806 0.1873283 -0.1433240 -0.0075750 0.0060752 0.0042980 -0.0389648 0.2622519 -0.1996344 -0.0079513 0.0008580 0.0177717 -0.1690751 0.0810596 -0.1554649 -0.0054722 0.0022566 0.0162397 -0.2317222 0.1289180 -0.2216452
-0.2226515 0.2762301 -0.1089871 0.3770472 0.6331496 -0.2270596 -0.2880533 0.2789651 -0.1319441 0.3999960 0.6976188 -0.2384148 -0.5998906 0.7442475 -0.2936442 0.4889716 0.8210965 -0.2944610 -0.6823581 0.6608294 -0.3125572 0.4768924 0.8317310 -0.2842483 0.0043380 -0.0060337 0.0182499 0.0198196 -0.2657410 0.0167025 0.0017640 -0.0060336 0.0276580 0.0483273 -0.3636306 0.0412812 -0.0081800 0.0083328 0.0409131 0.1949336 -0.1879556 -0.0680391 -0.0175159 0.0063895 0.0576152 0.2793974 -0.2683165 -0.0483021
-0.2183136 0.2701964 -0.0907372 0.3968668 0.3674086 -0.2103570 -0.2862894 0.2729315 -0.1042862 0.4483234 0.3339882 -0.1971336 -0.6080706 0.7525803 -0.2527311 0.6839051 0.6331409 -0.3625001 -0.6998740 0.6672189 -0.2549420 0.7562898 0.5634145 -0.3325504 -0.0295156 0.0273805 0.0229163 -0.0649448 0.2563521 -0.0939378 -0.0295307 0.0273805 0.0229871 -0.0924521 0.3534801 -0.1205636 -0.0222890 0.0043140 0.0802269 -0.2524535 0.1776596 -0.0330401 -0.0125116 0.0101858 0.0715581 -0.3309996 0.2581567 -0.0471192
-0.2478291 0.2975769 -0.0678210 0.3319221 0.6237607 -0.3042948 -0.3158200 0.3003120 -0.0812991 0.3558713 0.6874683 -0.3176972 -0.6303596 0.7568944 -0.1725043 0.4314516 0.8108005 -0.3955401 -0.7123856 0.6774047 -0.1833839 0.4252902 0.8215712 -0.3796696 0.0304344 -0.0378753 -0.0240510 0.0977789 -0.1269621 0.0302417 0.0303939 -0.0378754 -0.0238339 0.1354614 -0.1799629 0.0384795 0.0108628 -0.0168380 -0.0892978 0.1722915 -0.1127831 0.0104870 0.0019085 -0.0241528 -0.0783111 0.2215743 -0.1534144 0.0120654
-0.2173947 0.2597016 -0.0918719 0.4297009 0.4967986 -0.2740532 -0.2854262 0.2624366 -0.1051331 0.4913327 0.5075054 -0.2792177 -0.6194968 0.7400564 -0.2618020 0.6037431 0.6980174 -0.3850532 -0.7104770 0.6532519 -0.2616951 0.6468645 0.6681567 -0.3676042 0.0001540 -0.0004559 -0.0000941 -0.0021327 0.0113461 -0.0073636 0.0001423 -0.0004560 -0.0000235 -0.0030873 0.0151877 -0.0090157 -0.0002819 -0.0004391 -0.0005732 -0.0109386 0.0065028 -0.0051187 -0.0003406 -0.0004969 -0.0003147 -0.0137240 0.0096545 -0.0061672
-0.2172407 0.2592458 -0.0919661 0.4275683 0.5081448 -0.2814167 -0.2852839 0.2619807 -0.1051566 0.4882454 0.5226932 -0.2882334 -0.6197786 0.7396172 -0.2623753 0.5928045 0.7045202 -0.3901719 -0.7108177 0.6527550 -0.2620097 0.6331405 0.6778112 -0.3737715 -0.0001047 0.0000909 0.0001440 -0.1261887 0.1214274 -0.0502614 -0.0001063 0.0000908 0.0001521 -0.1490540 0.1645142 -0.0511793 -0.0001318 0.0000601 0.0004812 -0.2028145 0.1101563 -0.0390250 -0.0000965 0.0000717 0.0004409 -0.2284529 0.1420925 -0.0311802
-0.2173455 0.2593366 -0.0918221 0.3013796 0.6295722 -0.3316781 -0.2853902 0.2620715 -0.1050045 0.3391914 0.6872073 -0.3394127 -0.6199105 0.7396773 -0.2618940 0.3899900 0.8146766 -0.4291968 -0.7109142 0.6528268 -0.2615688 0.4046876 0.8199037 -0.4049516 0.0012594 0.0032203 0.0008697 -0.0038909 -0.0011048 0.0035255 0.0012949 0.0032203 0.0006825 -0.0191508 0.0055804 -0.0016168 0.0060238 0.0062301 0.0035042 -0.0030713 0.0027187 0.0023960 0.0050148 0.0063510 0.0023572 -0.0218053 0.0089167 -0.0030408
-0.2160861 0.2625569 -0.0909524 0.2974886 0.6284674 -0.3281526 -0.2840953 0.2652918 -0.1043220 0.3200406 0.6927877 -0.3410295 -0.6138867 0.7459074 -0.2583898 0.3869187 0.8173953 -0.4268008 -0.7058994 0.6591778 -0.2592117 0.3828823 0.8288204 -0.4079925 0.0011896 0.0006976 -0.0001697 0.0060854 -0.0068793 -0.0114453 0.0011996 0.0006977 -0.0002253 -0.0017793 -0.0043098 -0.0095986 0.0030962 0.0023292 -0.0006023 0.0070159 -0.0107878 -0.0138805 0.0024106 0.0022697 -0.0007705 -0.0020061 -0.0048908 -0.0116184
-0.2148965 0.2632546 -0.0911220 0.3035740 0.6215881 -0.3395980 -0.2828958 0.2659896 -0.1045473 0.3182613 0.6884780 -0.3506281 -0.6107905 0.7482366 -0.2589921 0.3939346 0.8066074 -0.4406813 -0.7034888 0.6614475 -0.2599822 0.3808763 0.8239296 -0.4196109 0.0002585 -0.0003840 -0.0008388 -0.0075878 -0.0057403 0.0012297 0.0002866 -0.0003840 -0.0009856 -0.0640494 -0.0184390 0.0008606 0.0003414 -0.0006096 -0.0025526 -0.0057437 0.0010874 -0.0030944 0.0003667 -0.0006296 -0.0025801 -0.0620919 0.0163061 -0.0190011
-0.2146379 0.2628706 -0.0919608 0.2959862 0.6158478 -0.3383682 -0.2826091 0.2656056 -0.1055329 0.2542120 0.6700390 -0.3497675 -0.6104492 0.7476271 -0.2615447 0.3881909 0.8076948 -0.4437757 -0.7031221 0.6608179 -0.2625623 0.3187844 0.8402357 -0.4386120 -0.0034915 0.0028145 0.0067129 -0.1233317 -0.3347500 0.0950751 -0.0033948 0.0028145 0.0062374 -0.0914324 -0.4508930 0.1087167 -0.0054403 0.0025360 0.0208467 0.0330213 -0.1219213 -0.1497687 -0.0037456 0.0025908 0.0171504 0.1281903 -0.2384851 -0.2232867
-0.2181295 0.2656851 -0.0852479 0.1726544 0.2810978 -0.2432932 -0.2860040 0.2684201 -0.0992955 0.1627796 0.2191460 -0.2410508 -0.6158895 0.7501631 -0.2406979 0.4212123 0.6857735 -0.5935444 -0.7068677 0.6634087 -0.2454119 0.4469747 0.6017506 -0.6618987 0.0058449 -0.0034190 -0.0119021 0.0309786 -0.0106767 -0.0057455 0.0057514 -0.0034191 -0.0114373 0.0456997 -0.0108973 -0.0007847 0.0112996 -0.0032250 -0.0359870 0.0633341 -0.0423043 0.0009550 0.0084779 -0.0030259 -0.0305344 0.0999240 -0.0554568 0.0274975
-0.2122845 0.2622661 -0.0971500 0.2036330 0.2704212 -0.2490387 -0.2802525 0.2650010 -0.1107328 0.2084793 0.2082487 -0.2418355 -0.6045899 0.7469381 -0.2766849 0.4845464 0.6434692 -0.5925894 -0.6983897 0.6603828 -0.2759463 0.5468987 0.5462938 -0.6344013 0.0051732 -0.0043526 -0.0050197 -0.0355413 -0.0097006 -0.0210908 0.0051564 -0.0043526 -0.0049249 -0.0368895 -0.0101998 -0.0272860 0.0063447 -0.0019500 -0.0184344 -0.0759013 -0.0096358 -0.0641179 0.0040923 -0.0025493 -0.0159546 -0.0900851 -0.0190396 -0.0820654
-0.2071114 0.2579134 -0.1021697 0.1680917 0.2607205 -0.2701295 -0.2750962 0.2606483 -0.1156577 0.1715897 0.1980488 -0.2691214 -0.5982452 0.7449881 -0.2951193 0.4086450 0.6338334 -0.6567073 -0.6942975 0.6578335 -0.2919009 0.4568135 0.5272541 -0.7164667 0.0010867 0.0032007 0.0005887 -0.1079432 0.0206672 -0.0601626 0.0011075 0.0032006 0.0004998 -0.1390611 0.0304435 -0.0806761 0.0058326 0.0058315 0.0030284 -0.2713361 0.0085278 -0.0972943 0.0048894 0.0060611 0.0021416 -0.3791938 0.0179739 -0.1182198
-0.2060246 0.2611141 -0.1015811 0.0601485 0.2813877 -0.3302920 -0.2739886 0.2638489 -0.1151579 0.0325286 0.2284923 -0.3497976 -0.5924127 0.7508196 -0.2920910 0.1373089 0.6423612 -0.7540016 -0.6894081 0.6638946 -0.2897593 0.0776198 0.5452281 -0.8346865 -0.0030341 0.0026225 0.0020149 -0.0470453 0.2151220 -0.0266859 -0.0030166 0.0026225 0.0019275 0.0199547 0.1959762 0.0356815 -0.0032567 0.0006430 0.0083977 -0.1158866 0.1693813 0.1703791 -0.0018962 0.0011211 0.0071774 0.0212828 0.2546643 0.2427485
-0.2090587 0.2637366 -0.0995662 0.0131032 0.4965097 -0.3569780 -0.2770052 0.2664714 -0.1132304 0.0524833 0.4244685 -0.3141160 -0.5956694 0.7514626 -0.2836933 0.0214223 0.8117425 -0.5836224 -0.6913043 0.6650157 -0.2825819 0.0989026 0.7998923 -0.5919379 -0.0012428 -0.0060212 0.0038132 -0.0533536 -0.2656867 0.1227540 -0.0012340 -0.0060214 0.0037900 -0.1392855 -0.2336800 0.0929896 -0.0118933 -0.0069207 0.0070620 -0.1429146 -0.1150251 -0.1233602 -0.0103977 -0.0081768 0.0065799 -0.3837957 -0.1737055 -0.1338209
-0.2103015 0.2577154 -0.0957531 -0.0402505 0.2308230 -0.2342239 -0.2782392 0.2604500 -0.1094404 -0.0868021 0.1907885 -0.2211265 -0.6075627 0.7445419 -0.2766313 -0.1214923 0.6967174 -0.7069827 -0.7017020 0.6568388 -0.2760020 -0.2848932 0.6261868 -0.7257589 0.0006948 0.0056032 -0.0011303 0.0160138 -0.0196611 -0.0095938 0.0005623 0.0056032 -0.0004393 0.0829079 0.1449661 -0.0754299 0.0090724 0.0073121 0.0000001 0.0465619 -0.0438872 -0.0468065 0.0074280 0.0083726 0.0012704 0.2762005 0.1232879 0.0637829
-0.2096067 0.2633186 -0.0968834 -0.0242367 0.2111619 -0.2438177 -0.2776769 0.2660532 -0.1098797 -0.0038942 0.3357546 -0.2965564 -0.5984903 0.7518540 -0.2766312 -0.0749304 0.6528302 -0.7537892 -0.6942739 0.6652114 -0.2747316 -0.0086927 0.7494747 -0.6619760 0.0009364 0.0016640 -0.0017403 0.1046984 -0.0354950 0.0333331 0.0009173 0.0016640 -0.0016505 0.0784092 -0.2184972 0.1083086 0.0046738 0.0022114 -0.0040236 0.3565394 -0.0380113 0.0171115 0.0038994 0.0026071 -0.0034795 0.3271820 -0.2482967 -0.1426265
-0.2086703 0.2649827 -0.0986236 0.0804617 0.1756670 -0.2104846 -0.2767596 0.2677173 -0.1115302 0.0745149 0.1172575 -0.1882478 -0.5938166 0.7540655 -0.2806548 0.2816090 0.6148189 -0.7366777 -0.6903746 0.6678185 -0.2782111 0.3184893 0.5011780 -0.8046025 -0.0060420 0.0063335 0.0052465 -0.0032778 0.0029123 0.0026732 -0.0060225 0.0063335 0.0051389 -0.0034910 0.0029133 0.0026191 -0.0053099 0.0030064 0.0200984 -0.0104683 0.0125148 0.0066537 -0.0028759 0.0040266 0.0173892 -0.0126906 0.0162257 0.0053650
-0.2147123 0.2713161 -0.0933771 0.0771839 0.1785792 -0.2078114 -0.2827821 0.2740507 -0.1063912 0.0710239 0.1201707 -0.1856286 -0.5991264 0.7570719 -0.2605564 0.2711407 0.6273338 -0.7300240 -0.6932504 0.6718450 -0.2608219 0.3057987 0.5174037 -0.7992375 -0.0460381 0.0345909 0.0406647 -0.0033917 0.0060515 0.0136600 -0.0460703 0.0345910 0.0408289 -0.0042677 0.0077814 0.0175463 -0.0440678 -0.0024896 0.1305307 -0.0056058 0.0370439 0.0313871 -0.0283233 0.0053818 0.1169639 -0.0044699 0.0601550 0.0405367
-0.2607504 0.3059071 -0.0527123 0.0737922 0.1846308 -0.1941514 -0.3288525 0.3086417 -0.0655623 0.0667563 0.1279522 -0.1680824 -0.6431942 0.7545823 -0.1300257 0.2655349 0.6643776 -0.6986369 -0.7215737 0.6772269 -0.1438580 0.3013288 0.5775586 -0.7587008 -0.0247188 -0.0049523 0.0232492 -0.0151117 0.0009588 -0.0040674 -0.0245607 -0.0049522 0.0224328 -0.0183229 0.0009891 -0.0050861 -0.0432708 -0.0308793 0.0591759 -0.0543083 0.0036707 -0.0148719 -0.0336442 -0.0282649 0.0516933 -0.0824375 0.0051826 -0.0239225
-0.2854692 0.3009547 -0.0294632 0.0586805 0.1855895 -0.1982188 -0.3534132 0.3036894 -0.0431296 0.0484334 0.1289412 -0.1731685 -0.6864650 0.7237030 -0.0708498 0.2112265 0.6680483 -0.7135088 -0.7552179 0.6489620 -0.0921647 0.2188914 0.5827412 -0.7826233 -0.0025806 0.0014058 0.0022510 -0.0120498 0.0020307 -0.0005069 -0.0025738 0.0014057 0.0022120 -0.0121293 0.0020082 -0.0005909 -0.0018401 -0.0012019 0.0058253 -0.0430365 0.0086698 -0.0032650 -0.0012019 -0.0006797 0.0052209 -0.0543111 0.0109029 -0.0050949
-0.2880498 0.3023605 -0.0272122 0.0466307 0.1876203 -0.1987257 -0.3559869 0.3050952 -0.0409176 0.0363040 0.1309494 -0.1737593 -0.6883052 0.7225011 -0.0650245 0.1681901 0.6767181 -0.7167738 -0.7564198 0.6482823 -0.0869438 0.1645802 0.5936441 -0.7877182 0.0321185 -0.0169766 -0.0305141 -0.0016725 0.0003132 -0.0002804 0.0321297 -0.0169765 -0.0305796 -0.0017018 0.0003071 -0.0003060 0.0281029 0.0136772 -0.0838867 -0.0061124 0.0007950 -0.0006569 0.0192521 0.0075368 -0.0757990 -0.0078215 0.0009873 -0.0008502
-0.2559313 0.2853839 -0.0577263 0.0449583 0.1879335 -0.1990061 -0.3238573 0.2881187 -0.0714972 0.0346023 0.1312565 -0.1740653 -0.6602022 0.7361783 -0.1489112 0.1620777 0.6775131 -0.7174307 -0.7371677 0.6558191 -0.1627428 0.1567588 0.5946314 -0.7885684 0.0288834 -0.0017260 -0.0227009 0.0313542 0.0661049 0.1195182 0.0289223 -0.0017260 -0.0228919 0.0422306 0.0677879 0.1320527 0.0500723 0.0260755 -0.0672152 0.1135114 0.2399013 0.4303741 0.0379411 0.0231555 -0.0610333 0.1965677 0.3207012 0.5953676
-0.2270480 0.2836578 -0.0804272 0.0763125 0.2540383 -0.0794879 -0.2949350 0.2863926 -0.0943891 0.0768329 0.1990443 -0.0420126 -0.6101300 0.7622538 -0.2161264 0.2755891 0.9174144 -0.2870565 -0.6992266 0.6789746 -0.2237761 0.3533264 0.9153326 -0.1932009 -0.0061759 0.0054591 0.0049710 0.0004629 0.0002802 0.0005425 -0.0061344 0.0054592 0.0047607 0.0002929 0.0001636 0.0007537 -0.0051623 0.0004958 0.0170575 0.0014417 0.0002502 0.0021958 -0.0029246 0.0016795 0.0147455 0.0011690 0.0002927 0.0035613
-0.2332239 0.2891169 -0.0754562 0.0767754 0.2543185 -0.0789454 -0.3010693 0.2918518 -0.0896284 0.0771258 0.1992079 -0.0412589 -0.6152923 0.7627496 -0.1990690 0.2770308 0.9176646 -0.2848608 -0.7021511 0.6806541 -0.2090306 0.3544954 0.9156254 -0.1896396 0.0036658 -0.0035136 -0.0046838 0.0000834 0.0003557 0.0002977 0.0036782 -0.0035136 -0.0047482 0.0000100 0.0002345 0.0004809 0.0032758 -0.0013129 -0.0145894 0.0000362 0.0004056 0.0013453 0.0021406 -0.0019526 -0.0131168 -0.0001619 0.0005401 0.0023202
-0.2295581 0.2856033 -0.0801400 0.0768588 0.2546742 -0.0786477 -0.2973911 0.2883382 -0.0943767 0.0771358 0.1994424 -0.0407780 -0.6120166 0.7614367 -0.2136584 0.2770670 0.9180702 -0.2835154 -0.7000106 0.6787015 -0.2221475 0.3543335 0.9161655 -0.1873194 -0.0002064 -0.0025853 -0.0003341 0.1261593 -0.0241098 -0.0702841 -0.0002001 -0.0025852 -0.0003690 0.1681879 -0.0324582 -0.0936356 -0.0034479 -0.0033234 -0.0019056 0.3175889 -0.2427292 -0.1527172 -0.0029982 -0.0036585 -0.0016731 0.3986947 -0.4036026 -0.2252673
-0.2297645 0.2830180 -0.0804741 0.2030181 0.2305644 -0.1489317 -0.2975912 0.2857530 -0.0947457 0.2453236 0.1669842 -0.1344136 -0.6154644 0.7581133 -0.2155639 0.5946559 0.6753410 -0.4362326 -0.7030088 0.6750430 -0.2238206 0.7530282 0.5125629 -0.4125867 -0.0024985 -0.0105563 0.0030771 0.0000176 0.0004847 0.0003124 -0.0024821 -0.0105562 0.0029900 -0.0001246 0.0003678 0.0006390 -0.0186234 -0.0142811 0.0042669 -0.0003000 0.0010197 0.0011724 -0.0159564 -0.0156811 0.0039773 0.0000061 0.0013944 0.0017495
-0.2322629 0.2724617 -0.0773970 0.2030357 0.2310491 -0.1486193 -0.3000733 0.2751968 -0.0917556 0.2451990 0.1673520 -0.1337746 -0.6340878 0.7438321 -0.2112971 0.5943559 0.6763607 -0.4350602 -0.7189652 0.6593618 -0.2198433 0.7530343 0.5139573 -0.4108372 0.0011998 0.0011153 -0.0011386 -0.0123812 0.0459475 0.0507248 0.0012087 0.0011151 -0.0011851 -0.0165549 0.0610871 0.0678161 0.0038170 0.0024037 -0.0029243 -0.0499832 0.1145432 0.1555436 0.0031218 0.0024630 -0.0027691 -0.0598966 0.1785588 0.2108830
-0.2310631 0.2735770 -0.0785355 0.1906545 0.2769966 -0.0978945 -0.2988647 0.2763119 -0.0929407 0.2286441 0.2284391 -0.0659585 -0.6302708 0.7462358 -0.2142214 0.5443727 0.7909038 -0.2795165 -0.7158433 0.6618248 -0.2226124 0.6931377 0.6925160 -0.1999542 0.0017464 0.0028178 -0.0019952 -0.0088258 -0.0035387 -0.0141617 0.0017330 0.0028180 -0.0019367 -0.0120409 -0.0053131 -0.0184391 0.0072230 0.0047222 -0.0045787 -0.0203456 -0.0028031 -0.0434275 0.0059732 0.0050376 -0.0040569 -0.0209142 -0.0000494 -0.0619723
-0.2293167 0.2763948 -0.0805308 0.1818287 0.2734579 -0.1120562 -0.2971317 0.2791299 -0.0948774 0.2166032 0.2231259 -0.0843977 -0.6230478 0.7509580 -0.2188001 0.5240271 0.7881007 -0.3229440 -0.7098701 0.6668624 -0.2266693 0.6722235 0.6924667 -0.2619265 0.0064443 -0.0012586 -0.0090941 -0.1003205 -0.0300168 -0.1535950 0.0063252 -0.0012586 -0.0085193 -0.1354965 -0.0390626 -0.2016616 0.0128499 0.0023321 -0.0265822 -0.3033941 -0.1291347 -0.3961421 0.0096331 0.0022279 -0.0223011 -0.4402890 -0.1661147 -0.5560955
-0.2228723 0.2751362 -0.0896249 0.0815082 0.2434411 -0.2656513 -0.2908065 0.2778714 -0.1033967 0.0811066 0.1840633 -0.2860593 -0.6101980 0.7532901 -0.2453823 0.2206330 0.6589660 -0.7190861 -0.7002370 0.6690903 -0.2489703 0.2319345 0.5263520 -0.8180220 0.0051535 -0.0041426 -0.0019783 0.0066664 0.0040385 -0.0001924 0.0051073 -0.0041426 -0.0017482 -0.0775765 0.1593732 -0.0083607 0.0045587 0.0005462 -0.0094350 0.0152818 0.0031757 0.0078108 0.0023854 -0.0004779 -0.0078575 -0.2241310 0.2328315 0.1671921
-0.2177188 0.2709935 -0.0916032 0.0881746 0.2474796 -0.2658436 -0.2856992 0.2737287 -0.1051448 0.0035301 0.3434365 -0.2944200 -0.6056393 0.7538363 -0.2548173 0.2359148 0.6621417 -0.7112753 -0.6978516 0.6686125 -0.2568278 0.0078035 0.7591835 -0.6508299 0.0156283 -0.0128723 -0.0144149 -0.0165327 0.0963087 -0.0067127 0.0156463 -0.0128724 -0.0145047 0.0189558 0.0459930 -0.0123941 0.0190856 -0.0046573 -0.0528928 -0.0747527 0.1112273 0.0981463 0.0125587 -0.0066570 -0.0467978 0.0375053 0.0255105 0.0326047
-0.2020905 0.2581212 -0.1060181 0.0716419 0.3437883 -0.2725563 -0.2700529 0.2608564 -0.1196496 0.0224859 0.3894296 -0.3068141 -0.5865537 0.7491790 -0.3077102 0.1611621 0.7733690 -0.6131290 -0.6852929 0.6619555 -0.3036257 0.0453088 0.7846940 -0.6182252 -0.0013549 0.0010178 0.0014581 0.0010717 0.0528468 -0.0248021 -0.0013213 0.0010178 0.0012966 0.0233288 0.0306746 -0.0102094 -0.0020293 0.0005301 0.0052100 -0.0160332 0.0182742 0.0196321 -0.0012806 0.0005832 0.0041939 0.0414140 0.0105210 0.0181317
-0.2034454 0.2591391 -0.1045600 0.0727136 0.3966352 -0.2973584 -0.2713742 0.2618742 -0.1183530 0.0458148 0.4201042 -0.3170235 -0.5885830 0.7497091 -0.3025002 0.1451289 0.7916432 -0.5934969 -0.6865735 0.6625386 -0.2994317 0.0867227 0.7952150 -0.6000935 0.0078527 0.0009965 -0.0199148 0.0194319 0.0651006 0.0019172 0.0096619 0.0009964 -0.0269147 0.0664455 0.0523012 -0.0068915 0.0272693 -0.0031695 -0.0547191 0.0206433 0.0390315 0.0619904 0.0296122 -0.0026697 -0.0652254 0.1056069 0.0141326 0.0451469
-0.1955927 0.2601356 -0.1244749 0.0921455 0.4617358 -0.2954413 -0.2617123 0.2628706 -0.1452677 0.1122603 0.4724054 -0.3239150 -0.5613137 0.7465396 -0.3572192 0.1657722 0.8306747 -0.5315065 -0.6569613 0.6598690 -0.3646572 0.1923297 0.8093476 -0.5549467 0.0069051 0.0061821 -0.0146807 0.0267100 0.0645879 -0.0082115 0.0093258 0.0061820 -0.0212040 0.0586780 0.0106323 0.0260974 0.0295196 0.0040462 -0.0349747 0.0261930 0.0193983 0.0410726 0.0333590 0.0049125 -0.0466649 0.0960980 0.0056920 0.0524329
-0.1886875 0.2663177 -0.1391556 0.1188555 0.5263237 -0.3036528 -0.2523864 0.2690526 -0.1664717 0.1709383 0.4830377 -0.2978176 -0.5317941 0.7505858 -0.3921940 0.1919652 0.8500729 -0.4904339 -0.6236022 0.6647815 -0.4113220 0.2884277 0.8150395 -0.5025137 0.0118125 0.0034706 -0.0071720 0.0613864 0.0323525 0.0527468 0.0121563 0.0034704 -0.0079551 0.0267423 0.0142598 0.0116974 0.0324782 0.0110230 -0.0208868 0.0903667 0.0250406 0.0974134 0.0274885 0.0114647 -0.0215054 0.0373298 0.0044560 0.0310169
-0.1768750 0.2697883 -0.1463275 0.1802419 0.5586762 -0.2509059 -0.2402301 0.2725230 -0.1744268 0.1976806 0.4972975 -0.2861202 -0.4993159 0.7616088 -0.4130807 0.2823319 0.8751135 -0.3930204 -0.5961137 0.6762461 -0.4328274 0.3257574 0.8194955 -0.4714968 -0.0117760 0.0030158 0.0080503 0.0688863 0.0033387 -0.0263992 -0.0117495 0.0030160 0.0079906 0.0476982 0.0280331 0.0168795 -0.0256636 -0.0024473 0.0282817 0.0870719 -0.0417657 -0.0181636 -0.0202766 -0.0022251 0.0256927 0.0580813 0.0022635 0.0503317
-0.1886510 0.2728041 -0.1382772 0.2491282 0.5620149 -0.2773051 -0.2519796 0.2755389 -0.1664361 0.2453788 0.5253306 -0.2692407 -0.5249795 0.7591615 -0.3847990 0.3694038 0.8333478 -0.4111841 -0.6163903 0.6740210 -0.4071347 0.3838387 0.8217590 -0.4211651 -0.0039994 0.0032648 0.0066297 -0.0065301 0.0037640 -0.0036222 -0.0049312 0.0032648 0.0088290 0.0010329 0.0035202 -0.0036156 -0.0079868 0.0045817 0.0205969 -0.0108852 0.0027769 -0.0039785 -0.0093384 0.0050301 0.0232686 -0.0012655 -0.0006773 -0.0024652
-0.1926504 0.2760690 -0.1316475 0.2425981 0.5657790 -0.2809273 -0.2569108 0.2788038 -0.1576072 0.2464117 0.5288509 -0.2728562 -0.5329663 0.7637432 -0.3642021 0.3585186 0.8361247 -0.4151625 -0.6257288 0.6790511 -0.3838661 0.3825732 0.8210817 -0.4236303 0.0066811 -0.0016184 -0.0051597 0.0471090 0.0013553 0.0352910 0.0071649 -0.0016187 -0.0063186 0.0526028 0.0999363 0.0198846 0.0144285 0.0015066 -0.0172573 0.0659141 -0.0052501 0.0552954 0.0128922 0.0011167 -0.0183815 0.0210667 0.0277185 0.0821437
-0.1859693 0.2744505 -0.1368073 0.2897072 0.5671342 -0.2456363 -0.2497459 0.2771850 -0.1639257 0.2990145 0.6287871 -0.2529716 -0.5185378 0.7652498 -0.3814594 0.4244327 0.8308746 -0.3598671 -0.6128366 0.6801678 -0.4022476 0.4036399 0.8488002 -0.3414866 -0.0001231 0.0022500 -0.0017388 0.0054956 -0.0313541 0.0029815 0.0002370 0.0022501 -0.0025681 0.0038276 -0.0944088 0.0050876 0.0031799 0.0010349 -0.0022253 0.0241404 -0.0167341 -0.0088571 0.0042038 0.0014646 -0.0038847 0.0535773 -0.0420203 -0.0327574
-0.1860924 0.2767005 -0.1385461 0.2952028 0.5357801 -0.2426548 -0.2495089 0.2794351 -0.1664939 0.3028421 0.5343783 -0.2478841 -0.5153579 0.7662847 -0.3836847 0.4485731 0.8141404 -0.3687242 -0.6086328 0.6816324 -0.4061323 0.4572172 0.8067799 -0.3742440 -0.0081159 -0.0029535 0.0152675 -0.0099306 -0.0168870 -0.0113603 -0.0097103 -0.0029536 0.0192089 -0.0097111 0.0025159 -0.0122563 -0.0277852 -0.0006955 0.0389112 -0.0058269 -0.0088115 -0.0255106 -0.0288846 -0.0016605 0.0439033 -0.0162338 0.0009185 -0.0171086
-0.1942083 0.2737470 -0.1232785 0.2852721 0.5188931 -0.2540151 -0.2592193 0.2764815 -0.1472850 0.2931310 0.5368942 -0.2601404 -0.5431431 0.7655892 -0.3447735 0.4427461 0.8053290 -0.3942349 -0.6375174 0.6799718 -0.3622290 0.4409834 0.8076984 -0.3913526 0.0051136 -0.0018813 -0.0109340 -0.0029748 0.0057681 0.0527294 0.0066238 -0.0018813 -0.0146783 0.0206711 0.0008374 0.0212648 0.0139470 -0.0047521 -0.0308306 0.0061502 0.0289634 0.0741594 0.0165013 -0.0048561 -0.0359642 0.0295906 -0.0013225 0.0331376
-0.1890947 0.2718657 -0.1342125 0.2822973 0.5246612 -0.2012858 -0.2525955 0.2746002 -0.1619632 0.3138021 0.5377316 -0.2388756 -0.5291961 0.7608371 -0.3756041 0.4488963 0.8342924 -0.3200755 -0.6210161 0.6751157 -0.3981932 0.4705740 0.8063759 -0.3582150 -0.0007625 -0.0006078 0.0005954 0.0293517 0.0044758 -0.0278909 -0.0007234 -0.0006080 0.0005087 0.0025230 -0.0001317 0.0015203 -0.0025519 -0.0011039 0.0013722 0.0265669 -0.0270215 -0.0295650 -0.0020272 -0.0012257 0.0010921 0.0033977 -0.0008531 0.0025693
-0.1898572 0.2712579 -0.1336171 0.3116490 0.5291370 -0.2291767 -0.2533189 0.2739923 -0.1614546 0.3163251 0.5375999 -0.2373553 -0.5317480 0.7597332 -0.3742319 0.4754632 0.8072709 -0.3496404 -0.6230433 0.6738900 -0.3971011 0.4739716 0.8055228 -0.3556457 0.0004701 -0.0024715 -0.0036665 -0.0182236 0.0021050 0.0317418 0.0008740 -0.0024716 -0.0045624 0.0070066 -0.0003756 0.0052780 0.0002319 -0.0053829 -0.0110553 -0.0156917 0.0251381 0.0402775 0.0015925 -0.0054798 -0.0115878 0.0096304 -0.0020051 0.0085314
-0.1893871 0.2687863 -0.1372836 0.2934254 0.5312419 -0.1974349 -0.2524448 0.2715206 -0.1660170 0.3233317 0.5372242 -0.2320773 -0.5315161 0.7543503 -0.3852872 0.4597715 0.8324090 -0.3093629 -0.6214508 0.6684102 -0.4086889 0.4836020 0.8035177 -0.3471143 0.0009007 -0.0021899 0.0005342 0.0296004 0.0030397 -0.0287134 0.0008832 -0.0021898 0.0005725 0.0010398 -0.0003160 0.0010957 -0.0009630 -0.0012086 -0.0010333 0.0266857 -0.0278132 -0.0312027 -0.0012680 -0.0017053 -0.0008544 0.0016493 -0.0003169 0.0015719
-0.1884865 0.2665964 -0.1367494 0.3230257 0.5342816 -0.2261483 -0.2515616 0.2693308 -0.1654445 0.3243715 0.5369082 -0.2309816 -0.5324791 0.7531417 -0.3863206 0.4864572 0.8045958 -0.3405656 -0.6227189 0.6667049 -0.4095433 0.4852514 0.8032008 -0.3455425 0.0032326 -0.0048005 -0.0005344 0.0061514 0.0336327 -0.0085626 0.0031929 -0.0048005 -0.0004469 -0.0003843 -0.0003546 0.0005329 0.0014519 -0.0027080 -0.0072013 -0.0142600 0.0100645 0.0038782 0.0002061 -0.0036848 -0.0062477 -0.0000993 0.0002572 0.0004589
-0.1852539 0.2617959 -0.1372838 0.3291771 0.5679143 -0.2347109 -0.2483688 0.2645303 -0.1658914 0.3239872 0.5365536 -0.2304487 -0.5310272 0.7504337 -0.3935218 0.4721972 0.8146603 -0.3366874 -0.6225127 0.6630201 -0.4157911 0.4851521 0.8034580 -0.3450836 -0.0006650 0.0019171 -0.0031677 -0.0096161 0.0073462 0.0214298 0.0000456 0.0019168 -0.0046770 0.0058592 -0.0003424 0.0076283 0.0027057 -0.0010464 -0.0055960 -0.0102439 0.0169287 0.0283712 0.0050762 -0.0005197 -0.0083143 0.0087705 -0.0005181 0.0114251
-0.1859189 0.2637130 -0.1404515 0.3195611 0.5752605 -0.2132810 -0.2483231 0.2664471 -0.1705684 0.3298464 0.5362112 -0.2228204 -0.5283215 0.7493873 -0.3991179 0.4619533 0.8315890 -0.3083162 -0.6174365 0.6625004 -0.4241053 0.4939226 0.8029399 -0.3336584 -0.0008432 0.0021471 -0.0008416 0.0059414 -0.0330527 -0.0027888 -0.0008039 0.0021471 -0.0009207 0.0017326 0.0014259 -0.0003906 0.0011853 0.0010032 0.0003179 0.0251058 -0.0202672 -0.0149954 0.0015390 0.0015243 0.0001461 0.0010147 -0.0004263 0.0004785
-0.1867621 0.2658601 -0.1412931 0.3255025 0.5422078 -0.2160698 -0.2491270 0.2685942 -0.1714891 0.3315790 0.5376371 -0.2232110 -0.5271362 0.7503905 -0.3988000 0.4870591 0.8113218 -0.3233117 -0.6158975 0.6640247 -0.4239592 0.4949374 0.8025136 -0.3331799 -0.0003624 -0.0040524 -0.0047093 0.0009255 0.0006328 -0.0001960 -0.0002999 -0.0040523 -0.0048382 0.0008897 -0.0013068 0.0005240 -0.0023955 -0.0095176 -0.0143628 0.0006349 -0.0003003 0.0002036 -0.0013606 -0.0093614 -0.0123989 0.0019075 -0.0010158 0.0003940
-0.1871245 0.2618077 -0.1460024 0.3264280 0.5428406 -0.2162658 -0.2494269 0.2645419 -0.1763273 0.3324687 0.5363303 -0.2226871 -0.5295317 0.7408729 -0.4131628 0.4876940 0.8110214 -0.3231081 -0.6172581 0.6546634 -0.4363581 0.4968448 0.8014978 -0.3327859 -0.0035007 -0.0054883 0.0021734 -0.0269224 -0.0049472 0.0192820 -0.0034783 -0.0054885 0.0021365 -0.0001184 -0.0015840 0.0003840 -0.0146137 -0.0092016 0.0025986 -0.0243513 0.0211131 0.0183693 -0.0122331 -0.0098689 0.0027902 0.0009059 -0.0006248 -0.0001505
-0.1906253 0.2563194 -0.1438290 0.2995056 0.5378934 -0.1969838 -0.2529051 0.2590534 -0.1741907 0.3323503 0.5347463 -0.2223031 -0.5441454 0.7316713 -0.4105642 0.4633426 0.8321345 -0.3047389 -0.6294911 0.6447944 -0.4335678 0.4977507 0.8008730 -0.3329364 -0.0006741 0.0011749 0.0000150 0.0258894 0.0033071 -0.0271613 -0.0006450 0.0011749 -0.0000467 -0.0009651 -0.0009551 -0.0003974 -0.0000278 0.0008013 0.0014684 0.0222562 -0.0244813 -0.0297610 0.0002494 0.0010206 0.0011585 -0.0006172 -0.0000963 -0.0011517
-0.1912993 0.2574943 -0.1438140 0.3253950 0.5412005 -0.2241451 -0.2535502 0.2602283 -0.1742374 0.3313851 0.5337912 -0.2227004 -0.5441732 0.7324726 -0.4090958 0.4855988 0.8076532 -0.3344998 -0.6292417 0.6458150 -0.4324093 0.4971335 0.8007767 -0.3340881 0.0005417 0.0015131 -0.0014832 -0.0362030 -0.0032173 0.0194549 0.0007094 0.0015129 -0.0018147 -0.0009907 -0.0019789 0.0000439 0.0037305 0.0013313 -0.0025513 -0.0366619 0.0275029 0.0167422 0.0038104 0.0016324 -0.0030761 0.0000738 -0.0004577 -0.0009854
-0.1907576 0.2590074 -0.1452972 0.2891921 0.5379832 -0.2046902 -0.2528408 0.2617412 -0.1760521 0.3303944 0.5318123 -0.2226565 -0.5404428 0.7338040 -0.4116471 0.4489369 0.8351561 -0.3177577 -0.6254313 0.6474475 -0.4354853 0.4972073 0.8003191 -0.3350736 -0.0004962 0.0017911 -0.0007465 0.0014038 -0.0003427 0.0007306 -0.0003981 0.0017910 -0.0009344 -0.0025583 -0.0011688 -0.0015509 0.0014808 0.0011384 0.0000894 0.0020995 -0.0006795 0.0011901 0.0018176 0.0015140 -0.0003529 -0.0025979 0.0002677 -0.0031902
-0.1912538 0.2607986 -0.1460437 0.2905959 0.5376405 -0.2039597 -0.2532390 0.2635323 -0.1769865 0.3278362 0.5306435 -0.2242074 -0.5389619 0.7349423 -0.4115578 0.4510364 0.8344766 -0.3165676 -0.6236137 0.6489615 -0.4358382 0.4946094 0.8005867 -0.3382638 -0.0003556 0.0015393 0.0000128 -0.0069252 -0.0036296 -0.0052689 -0.0003832 0.0015391 0.0000773 -0.0128540 -0.0054567 -0.0081548 0.0009970 0.0016006 0.0015599 -0.0076999 0.0001057 -0.0104265 0.0009047 0.0018582 0.0014798 -0.0137219 0.0012232 -0.0164868
-0.1916094 0.2623379 -0.1460308 0.2836707 0.5340110 -0.2092285 -0.2536222 0.2650714 -0.1769092 0.3149821 0.5251869 -0.2323623 -0.5379649 0.7365429 -0.4099979 0.4433365 0.8345823 -0.3269941 -0.6227090 0.6508197 -0.4343584 0.4808875 0.8018100 -0.3547506 -0.0006442 0.0014842 0.0004434 -0.0143472 -0.0025348 -0.0108061 -0.0006870 0.0014841 0.0005387 -0.0191672 -0.0045612 -0.0134600 0.0000935 0.0015565 0.0026854 -0.0193061 0.0021885 -0.0194346 0.0000890 0.0017824 0.0025542 -0.0238832 0.0025042 -0.0250200
-0.1922537 0.2638220 -0.1455874 0.2693235 0.5314761 -0.2200346 -0.2543092 0.2665554 -0.1763705 0.2958150 0.5206256 -0.2458223 -0.5378714 0.7380995 -0.4073125 0.4240304 0.8367708 -0.3464286 -0.6226200 0.6526021 -0.4318042 0.4570043 0.8043142 -0.3797706 0.0090342 0.0029856 -0.0053095 -0.0217347 -0.0036753 -0.0035460 0.0090729 0.0029853 -0.0053785 -0.0113608 -0.0043522 -0.0041760 0.0248057 0.0090363 -0.0152412 -0.0275011 0.0085363 -0.0116501 0.0203950 0.0093072 -0.0145154 -0.0127353 0.0020171 -0.0106842
-0.1832195 0.2668076 -0.1508970 0.2475888 0.5278009 -0.2235806 -0.2452363 0.2695408 -0.1817490 0.2844542 0.5162734 -0.2499983 -0.5130657 0.7471358 -0.4225537 0.3965293 0.8453071 -0.3580787 -0.6022249 0.6619093 -0.4463196 0.4442691 0.8063312 -0.3904548 0.0016459 0.0003027 -0.0022439 -0.0649748 -0.0233420 0.0108839 0.0020061 0.0003026 -0.0029508 -0.0390865 -0.0213188 -0.0168583 0.0050936 0.0001348 -0.0058748 -0.0801061 0.0287913 -0.0104703 0.0054024 0.0002150 -0.0068849 -0.0443300 0.0004241 -0.0445103
-0.1815735 0.2671103 -0.1531408 0.1826139 0.5044589 -0.2126967 -0.2432302 0.2698434 -0.1846998 0.2453677 0.4949546 -0.2668566 -0.5079721 0.7472706 -0.4284284 0.3164232 0.8740984 -0.3685490 -0.5968226 0.6621243 -0.4532044 0.3999391 0.8067553 -0.4349651 0.0002306 0.0012630 -0.0024711 -0.0053907 0.0090976 -0.0310443 0.0000680 0.0012629 -0.0021466 -0.0164715 -0.0107189 -0.0115058 0.0033152 -0.0004181 -0.0046220 -0.0187930 -0.0116272 -0.0407917 0.0027501 0.0002185 -0.0032822 -0.0207365 -0.0045427 -0.0261860
-0.1813429 0.2683732 -0.1556119 0.1772232 0.5135564 -0.2437410 -0.2431622 0.2711062 -0.1868464 0.2288962 0.4842356 -0.2783624 -0.5046569 0.7468525 -0.4330504 0.2976302 0.8624711 -0.4093407 -0.5940724 0.6623427 -0.4564866 0.3792026 0.8022126 -0.4611511 0.0021578 -0.0013347 -0.0001648 -0.0072415 0.0021227 -0.0178268 0.0019421 -0.0013349 0.0002749 -0.0326562 -0.0120433 -0.0145622 0.0031985 0.0004680 -0.0028984 -0.0155923 -0.0068434 -0.0246591 0.0016152 0.0002389 -0.0017491 -0.0462003 -0.0009429 -0.0359166
-0.1791851 0.2670386 -0.1557767 0.1699817 0.5156792 -0.2615678 -0.2412201 0.2697714 -0.1865716 0.1962400 0.4721924 -0.2929246 -0.5014584 0.7473206 -0.4359489 0.2820379 0.8556277 -0.4339998 -0.5924573 0.6625816 -0.4582358 0.3330023 0.8012697 -0.4970677 0.0061421 -0.0041646 -0.0019142 -0.0573182 -0.0378571 -0.0138780 0.0060147 -0.0041648 -0.0016446 -0.0396844 -0.0339258 -0.0040669 0.0098769 -0.0005468 -0.0120204 -0.0818961 -0.0067981 -0.0553175 0.0068068 -0.0012337 -0.0104138 -0.0494276 -0.0074221 -0.0408833
-0.1730430 0.2628739 -0.1576909 0.1126636 0.4778220 -0.2754458 -0.2352054 0.2656065 -0.1882162 0.1565556 0.4382665 -0.2969914 -0.4915816 0.7467738 -0.4479693 0.2001419 0.8488297 -0.4893173 -0.5856505 0.6613479 -0.4686496 0.2835747 0.7938476 -0.5379510 -0.0031086 0.0034661 0.0033341 0.0294429 -0.1102936 0.0126954 -0.0033722 0.0034659 0.0038841 -0.0255637 -0.0196350 -0.0021869 -0.0050786 0.0041731 0.0127596 0.0999059 -0.0728195 -0.0654615 -0.0047406 0.0045066 0.0124959 -0.0368672 -0.0054054 -0.0255153
-0.1761516 0.2663400 -0.1543568 0.1421065 0.3675284 -0.2627504 -0.2385776 0.2690724 -0.1843321 0.1309919 0.4186315 -0.2991783 -0.4966602 0.7509469 -0.4352096 0.3000478 0.7760102 -0.5547788 -0.5903911 0.6658545 -0.4561536 0.2467075 0.7884422 -0.5634663 -0.0008863 0.0018236 0.0018741 -0.0031549 -0.0404927 0.0049833 -0.0009984 0.0018236 0.0021086 -0.0417171 -0.0427605 0.0031420 -0.0010909 0.0030087 0.0064967 0.0164847 -0.0310208 -0.0324162 -0.0012236 0.0031026 0.0061665 -0.0632825 -0.0161730 -0.0447734
-0.1770379 0.2681636 -0.1524827 0.1389516 0.3270357 -0.2577671 -0.2395760 0.2708960 -0.1822235 0.0892748 0.3758710 -0.2960363 -0.4977511 0.7539556 -0.4287129 0.3165325 0.7449894 -0.5871950 -0.5916147 0.6689571 -0.4499871 0.1834250 0.7722692 -0.6082397 -0.0102742 -0.0159645 0.0227934 0.0227979 -0.0654821 0.0352438 -0.0103668 -0.0159645 0.0229911 -0.0221898 -0.0235341 -0.0054261 -0.0533827 -0.0119032 0.0471244 0.1095819 -0.0559499 0.0009774 -0.0477601 -0.0168206 0.0426571 -0.0402435 -0.0202657 -0.0351806
-0.1873122 0.2521991 -0.1296893 0.1617495 0.2615536 -0.2225233 -0.2499428 0.2549315 -0.1592324 0.0670850 0.3523369 -0.3014624 -0.5511337 0.7420525 -0.3815885 0.4261144 0.6890394 -0.5862176 -0.6393749 0.6521365 -0.4073300 0.1431816 0.7520035 -0.6434204 -0.0000299 0.0002002 -0.0001372 -0.0186475 -0.0090262 -0.0075837 -0.0000040 0.0002002 -0.0001920 -0.0325287 -0.0349360 -0.0012882 0.0002644 0.0001142 -0.0001596 -0.0397718 -0.0072733 -0.0350185 0.0003352 0.0001593 -0.0002708 -0.0646436 -0.0306292 -0.0446573
-0.1873421 0.2523993 -0.1298266 0.1431020 0.2525274 -0.2301070 -0.2499468 0.2551317 -0.1594244 0.0345563 0.3174009 -0.3027506 -0.5508693 0.7421667 -0.3817481 0.3863426 0.6817661 -0.6212362 -0.6390397 0.6522958 -0.4076008 0.0785380 0.7213743 -0.6880777 -0.0055260 -0.0005244 0.0024708 -0.0097178 -0.0081794 -0.0254336 -0.0055306 -0.0005243 0.0024806 -0.0195111 -0.0216184 -0.0020330 -0.0133267 -0.0053581 0.0091949 -0.0333685 -0.0351488 -0.0550000 -0.0104501 -0.0050180 0.0086090 -0.0431357 -0.0253802 -0.0290965
-0.1928680 0.2518749 -0.1273558 0.1333842 0.2443480 -0.2555406 -0.2554775 0.2546074 -0.1569438 0.0150452 0.2957825 -0.3047836 -0.5641960 0.7368086 -0.3725532 0.3529741 0.6466173 -0.6762361 -0.6494897 0.6472778 -0.3989918 0.0354023 0.6959941 -0.7171742 -0.0039094 -0.0020321 0.0015926 0.0004076 -0.0017081 -0.0011253 -0.0039262 -0.0020321 0.0016235 -0.0014718 -0.0015699 -0.0002710 -0.0111884 -0.0062589 0.0048172 0.0012604 -0.0041903 -0.0033266 -0.0089525 -0.0061678 0.0047435 -0.0033920 -0.0021496 -0.0022389
-0.1967774 0.2498428 -0.1257631 0.1337918 0.2426400 -0.2566658 -0.2594037 0.2525754 -0.1553203 0.0135734 0.2942127 -0.3050546 -0.5753845 0.7305497 -0.3677360 0.3542345 0.6424270 -0.6795627 -0.6584423 0.6411100 -0.3942483 0.0320103 0.6938445 -0.7194131 -0.0118439 0.0109650 0.0038852 -0.0102700 -0.0029967 -0.0092974 -0.0119110 0.0109651 0.0040277 -0.0161951 -0.0030742 -0.0084689 -0.0114139 0.0030360 0.0249247 -0.0280719 -0.0096425 -0.0227205 -0.0075643 0.0058129 0.0228644 -0.0381378 -0.0133942 -0.0133556
-0.2086213 0.2608078 -0.1218779 0.1235218 0.2396432 -0.2659632 -0.2713146 0.2635404 -0.1512926 -0.0026217 0.2911384 -0.3135234 -0.5867984 0.7335857 -0.3428113 0.3261626 0.6327845 -0.7022832 -0.6660066 0.6469229 -0.3713839 -0.0061274 0.6804503 -0.7327687 0.0003976 0.0008030 -0.0001234 -0.1015236 -0.0753282 -0.0283117 0.0004190 0.0008030 -0.0001713 -0.1029539 -0.0746125 -0.0257865 0.0017748 0.0014337 0.0000376 -0.2610329 -0.1462985 -0.1689742 0.0015259 0.0014857 -0.0001423 -0.2475830 -0.1601131 -0.0826332
-0.2082237 0.2616108 -0.1220012 0.0219981 0.1643150 -0.2942749 -0.2708957 0.2643434 -0.1514639 -0.1055756 0.2165259 -0.3393100 -0.5850236 0.7350194 -0.3427737 0.0651297 0.4864861 -0.8712574 -0.6644807 0.6484086 -0.3715262 -0.2537105 0.5203372 -0.8154019 -0.0006793 0.0019120 0.0031873 -0.0004617 -0.0004926 -0.0001714 -0.0007488 0.0019120 0.0033308 -0.0005651 -0.0004925 0.0001227 -0.0007079 0.0038575 0.0096378 -0.0013444 -0.0012866 -0.0008165 -0.0009907 0.0038608 0.0086316 -0.0014883 -0.0009186 -0.0001213
-0.2089030 0.2635228 -0.1188140 0.0215364 0.1638223 -0.2944463 -0.2716445 0.2662554 -0.1481331 -0.1061407 0.2160333 -0.3391873 -0.5857315 0.7388769 -0.3331358 0.0637853 0.4851994 -0.8720739 -0.6654714 0.6522694 -0.3628946 -0.2551988 0.5194186 -0.8155231 -0.0045003 0.0041388 0.0006097 -0.1589094 0.0428068 -0.0077791 -0.0044761 0.0041389 0.0005554 -0.1627253 0.0446916 -0.0104507 -0.0035288 0.0002041 0.0067442 -0.4150928 0.0432187 0.0991850 -0.0019951 0.0013553 0.0061548 -0.2695607 -0.0105483 0.1331167
-0.2134034 0.2676617 -0.1182043 -0.1373730 0.2066292 -0.3022255 -0.2761205 0.2703944 -0.1475777 -0.2688660 0.2607250 -0.3496380 -0.5892603 0.7390810 -0.3263917 -0.3513075 0.5284181 -0.7728890 -0.6674665 0.6536246 -0.3567398 -0.5247595 0.5088703 -0.6824064 -0.0172662 0.0060945 0.0380768 0.0883804 -0.0414870 0.0014420 -0.0212593 0.0060946 0.0488459 0.0865775 -0.0433719 0.0257157 -0.0395421 0.0071746 0.1079653 0.2099622 -0.0519773 -0.0948816 -0.0441623 0.0080123 0.1204750 0.1014015 -0.0040762 -0.0698907
-0.2306696 0.2737561 -0.0801274 -0.0489926 0.1651421 -0.3007834 -0.2973799 0.2764889 -0.0987318 -0.1822885 0.2173530 -0.3239223 -0.6288024 0.7462557 -0.2184264 -0.1413453 0.4764408 -0.8677705 -0.7116288 0.6616369 -0.2362648 -0.4233580 0.5047941 -0.7522971 0.0040366 -0.0117943 -0.0028282 -0.0073444 0.0888796 -0.0105450 0.0040556 -0.0117943 -0.0029038 -0.0073184 0.0888797 -0.0106944 -0.0074756 -0.0107913 -0.0144737 0.0024959 0.1496269 0.1004635 -0.0073720 -0.0128135 -0.0128659 0.0376861 0.1181017 0.0716665
-0.2266330 0.2619618 -0.0829556 -0.0563370 0.2540217 -0.3113284 -0.2933242 0.2646946 -0.1016356 -0.1896069 0.3062327 -0.3346167 -0.6362780 0.7354644 -0.2329001 -0.1388495 0.6260677 -0.7673070 -0.7190008 0.6488234 -0.2491307 -0.3856718 0.6228958 -0.6806306 -0.0006062 -0.0009651 -0.0003795 0.0179912 -0.0801068 0.0124679 -0.0005878 -0.0009650 -0.0004453 0.0180143 -0.0801069 0.0123360 -0.0021208 -0.0022283 -0.0012192 0.0286286 -0.1261686 -0.0917344 -0.0016011 -0.0022215 -0.0011471 -0.0138762 -0.0963690 -0.0697899
-0.2272392 0.2609967 -0.0833352 -0.0383458 0.1739149 -0.2988605 -0.2939120 0.2637296 -0.1020808 -0.1715926 0.2261258 -0.3222807 -0.6383988 0.7332361 -0.2341193 -0.1102209 0.4998991 -0.8590415 -0.7206019 0.6466018 -0.2502778 -0.3995480 0.5265268 -0.7504205 0.0033465 -0.0021712 -0.0014752 -0.0269063 0.0423831 -0.0117173 0.0033995 -0.0021712 -0.0016666 -0.0268385 0.0423832 -0.0120993 0.0033830 0.0008578 -0.0064243 -0.0596804 0.0632906 0.0503691 0.0022985 0.0001114 -0.0062418 -0.0203879 0.0417134 0.0427787
-0.2238928 0.2588255 -0.0848104 -0.0652521 0.2162980 -0.3105778 -0.2905125 0.2615584 -0.1037475 -0.1984311 0.2685090 -0.3343800 -0.6350158 0.7340938 -0.2405435 -0.1699013 0.5631897 -0.8086723 -0.7183034 0.6467132 -0.2565196 -0.4199359 0.5682402 -0.7076418 0.0043354 0.0009747 -0.0037514 0.0420790 0.0631197 0.0037213 0.0043299 0.0009746 -0.0037355 0.1185558 -0.0031675 0.0648204 0.0103671 0.0050471 -0.0114182 0.1141510 0.1090390 0.0704308 0.0081021 0.0047984 -0.0102141 0.2133185 0.1181313 0.0103590
-0.2195573 0.2598002 -0.0885618 -0.0231731 0.2794177 -0.3068565 -0.2861827 0.2625330 -0.1074830 -0.0798754 0.2653415 -0.2695597 -0.6246487 0.7391410 -0.2519617 -0.0557503 0.6722286 -0.7382415 -0.7102013 0.6515115 -0.2667337 -0.2066174 0.6863716 -0.6972828 -0.0003900 0.0033685 -0.0009247 0.1442010 -0.0394062 0.0788941 -0.0003736 0.0033685 -0.0009823 0.1441684 -0.0394063 0.0788456 0.0041362 0.0033071 -0.0004967 0.3991418 0.0087540 0.0914456 0.0038550 0.0039219 -0.0006275 0.4191030 0.0603344 0.0669813
-0.2199473 0.2631687 -0.0894866 0.1210279 0.2400115 -0.2279624 -0.2865563 0.2659016 -0.1084653 0.0642930 0.2259353 -0.1907141 -0.6205125 0.7424480 -0.2524584 0.3433915 0.6809826 -0.6467959 -0.7063462 0.6554334 -0.2673612 0.2124856 0.7467060 -0.6303016 -0.0334875 0.0109399 0.0309186 -0.0001945 0.0066784 -0.0049788 -0.0335017 0.0109400 0.0309574 -0.0798661 0.0890270 -0.1117243 -0.0501591 -0.0170669 0.0974682 -0.0078961 0.0039547 0.0000319 -0.0376009 -0.0119391 0.0872009 -0.2481271 -0.0258623 -0.0618791
-0.2534348 0.2741086 -0.0585680 0.1208334 0.2466899 -0.2329412 -0.3200580 0.2768415 -0.0775078 -0.0155730 0.3149622 -0.3024384 -0.6706715 0.7253811 -0.1549901 0.3354954 0.6849373 -0.6467640 -0.7439471 0.6434943 -0.1801603 -0.0356414 0.7208437 -0.6921807 0.0341860 -0.0068490 -0.0335390 -0.0331901 0.0532006 -0.0169234 0.0341709 -0.0068489 -0.0334856 0.0109765 0.0202148 -0.0024748 0.0578080 0.0216863 -0.1024755 -0.1164199 0.0646765 0.0221961 0.0442578 0.0172944 -0.0914887 0.0254978 0.0188311 0.0192926
-0.2192488 0.2672595 -0.0921070 0.0876433 0.2998904 -0.2498646 -0.2858871 0.2699926 -0.1109935 -0.0045965 0.3351770 -0.3049132 -0.6128635 0.7470674 -0.2574656 0.2190755 0.7496138 -0.6245679 -0.6996893 0.6607887 -0.2716490 -0.0101437 0.7396748 -0.6728880 0.0032390 -0.0012850 -0.0042636 0.0087659 0.0074486 -0.0046340 0.0032619 -0.0012851 -0.0043442 0.0331744 0.0429319 -0.0081195 0.0059842 0.0001877 -0.0132874 0.0157746 -0.0009446 0.0046164 0.0047213 -0.0000440 -0.0119633 0.0682637 0.0293024 0.0362593
-0.2160098 0.2659745 -0.0963705 0.0964092 0.3073390 -0.2544986 -0.2826252 0.2687075 -0.1153376 0.0285779 0.3781089 -0.3130327 -0.6068793 0.7472552 -0.2707529 0.2348501 0.7486692 -0.6199515 -0.6949680 0.6607447 -0.2836122 0.0581201 0.7689772 -0.6366287 0.0029455 -0.0017968 -0.0026499 0.0044077 0.0559527 -0.0238593 0.0029505 -0.0017968 -0.0026600 0.0225228 0.0341561 -0.0085370 0.0042214 -0.0000218 -0.0093288 -0.0197258 0.0265269 0.0259881 0.0030571 -0.0004118 -0.0083120 0.0391518 0.0157831 0.0245100
-0.2130643 0.2641777 -0.0990204 0.1008169 0.3632917 -0.2783579 -0.2796748 0.2669107 -0.1179976 0.0511007 0.4122650 -0.3215697 -0.6026579 0.7472333 -0.2800818 0.2151243 0.7751961 -0.5939634 -0.6919109 0.6603329 -0.2919242 0.0972719 0.7847604 -0.6121187 0.0153393 -0.0014575 -0.0364417 0.0708374 -0.0009315 0.0208506 0.0195978 -0.0014578 -0.0476079 0.0813967 0.0359406 0.0170312 0.0466602 -0.0084710 -0.1008341 0.1450934 -0.0147806 0.0535825 0.0526725 -0.0078809 -0.1151146 0.1402460 0.0187032 0.0661962
-0.1977251 0.2627202 -0.1354621 0.1716543 0.3623602 -0.2575073 -0.2600769 0.2654529 -0.1656055 0.1324974 0.4482056 -0.3045384 -0.5559977 0.7387623 -0.3809158 0.3602177 0.7604155 -0.5403809 -0.6392385 0.6524520 -0.4070388 0.2375179 0.8034636 -0.5459226 0.0005818 -0.0005326 -0.0012888 0.0076861 0.0492889 -0.0080919 0.0006394 -0.0005328 -0.0013982 0.0393412 0.0260768 0.0034022 0.0012885 -0.0010352 -0.0038652 -0.0164500 0.0286524 0.0312682 0.0012830 -0.0010149 -0.0036223 0.0549737 0.0038267 0.0333496
-0.1971432 0.2621876 -0.1367509 0.1793403 0.4116491 -0.2655992 -0.2594376 0.2649201 -0.1670037 0.1718386 0.4742825 -0.3011362 -0.5547092 0.7377271 -0.3847810 0.3437677 0.7890678 -0.5091127 -0.6379555 0.6514371 -0.4106611 0.2924916 0.8072903 -0.5125730 0.0001413 -0.0007490 -0.0004452 -0.0079549 0.0965343 0.0056882 0.0001206 -0.0007491 -0.0003954 0.0285601 0.0202996 0.0103479 -0.0003189 -0.0011565 -0.0017517 -0.0561925 0.0636356 0.0729965 -0.0003342 -0.0011995 -0.0013794 0.0372610 0.0065360 0.0340858
-0.1970019 0.2614386 -0.1371961 0.1713854 0.5081834 -0.2599110 -0.2593170 0.2641710 -0.1673991 0.2003987 0.4945820 -0.2907883 -0.5550281 0.7365706 -0.3865327 0.2875752 0.8527035 -0.4361161 -0.6382897 0.6502376 -0.4120405 0.3297526 0.8138263 -0.4784872 0.0007125 -0.0009357 -0.0012095 0.0434818 0.0166530 0.0091307 0.0008478 -0.0009358 -0.0014801 0.0348257 0.0235210 0.0113442 0.0010496 -0.0013651 -0.0040829 0.0589344 -0.0063163 0.0316907 0.0012471 -0.0014483 -0.0041917 0.0413125 0.0034784 0.0376656
-0.1962894 0.2605029 -0.1384055 0.2148672 0.5248364 -0.2507802 -0.2584692 0.2632352 -0.1688791 0.2352244 0.5181030 -0.2794441 -0.5539786 0.7352055 -0.3906157 0.3465096 0.8463872 -0.4044254 -0.6370425 0.6487893 -0.4162322 0.3710652 0.8173047 -0.4408215 -0.0510254 0.0158283 0.0276047 0.0337109 0.0014592 0.0136281 -0.0509756 0.0158282 0.0275124 0.0296829 0.0113421 0.0180175 -0.0850109 -0.0212462 0.1043385 0.0489969 -0.0090110 0.0270983 -0.0662102 -0.0145822 0.0949584 0.0382652 0.0007853 0.0368694
-0.2473148 0.2763312 -0.1108009 0.2485781 0.5262957 -0.2371522 -0.3094448 0.2790634 -0.1413667 0.2649073 0.5294452 -0.2614266 -0.6389894 0.7139593 -0.2862772 0.3955065 0.8373762 -0.3773271 -0.7032528 0.6342071 -0.3212738 0.4093304 0.8180900 -0.4039521 0.0504047 -0.0167062 -0.0280681 0.0119997 0.0042846 0.0058225 0.0504807 -0.0167064 -0.0282130 0.0118526 0.0024720 0.0055302 0.0830729 0.0190139 -0.1057777 0.0150025 -0.0015105 0.0128949 0.0650517 0.0123556 -0.0966448 0.0151925 -0.0021806 0.0114318
-0.1969101 0.2596250 -0.1388690 0.2605777 0.5305803 -0.2313297 -0.2589641 0.2623570 -0.1695797 0.2767599 0.5319172 -0.2558964 -0.5559166 0.7329732 -0.3920549 0.4105090 0.8358657 -0.3644322 -0.6382011 0.6465627 -0.4179187 0.4245229 0.8159094 -0.3925203 -0.0059314 0.0014273 0.0024718 0.0236313 0.0058142 0.0082132 -0.0059265 0.0014272 0.0024710 0.0364577 0.0123559 0.0153955 -0.0112706 -0.0030166 0.0106599 0.0289386 -0.0064859 0.0194467 -0.0086928 -0.0023707 0.0098195 0.0412679 -0.0065124 0.0348676
-0.2028415 0.2610523 -0.1363972 0.2842091 0.5363945 -0.2231165 -0.2648905 0.2637842 -0.1671087 0.3132176 0.5442731 -0.2405009 -0.5671871 0.7299566 -0.3813949 0.4394476 0.8293798 -0.3449855 -0.6468939 0.6441920 -0.4080991 0.4657908 0.8093970 -0.3576527 -0.0001008 0.0000079 0.0002241 0.0203406 0.0042712 0.0065305 -0.0001032 0.0000078 0.0002358 0.0103863 0.0034605 0.0034280 -0.0003175 0.0000679 0.0006028 0.0239210 -0.0067635 0.0154525 -0.0002905 0.0000574 0.0005516 0.0108529 -0.0026275 0.0084625
-0.2029423 0.2610602 -0.1361730 0.3045497 0.5406657 -0.2165860 -0.2649937 0.2637920 -0.1668729 0.3236039 0.5477336 -0.2370729 -0.5675047 0.7300245 -0.3807921 0.4633686 0.8226163 -0.3295330 -0.6471844 0.6442495 -0.4075475 0.4766437 0.8067695 -0.3491902 -0.0006760 -0.0005411 0.0005342 0.0059942 -0.0039711 0.0061539 -0.0005942 -0.0005413 0.0003763 0.0109883 0.0520015 0.0109110 -0.0022304 -0.0010780 0.0012674 0.0108905 -0.0029823 0.0081635 -0.0016359 -0.0011388 0.0008032 -0.0138846 0.0226965 0.0363960
-0.2036183 0.2605191 -0.1356388 0.3105439 0.5366946 -0.2104321 -0.2655879 0.2632507 -0.1664966 0.3345922 0.5997351 -0.2261619 -0.5697350 0.7289465 -0.3795247 0.4742591 0.8196340 -0.3213695 -0.6488203 0.6431106 -0.4067443 0.4627591 0.8294660 -0.3127942 -0.0005699 0.0001039 0.0007244 0.0078704 0.0014039 0.0033719 -0.0006438 0.0001038 0.0008802 0.0132122 -0.0437178 -0.0027318 -0.0013921 0.0000324 0.0021606 0.0091802 -0.0026544 0.0069959 -0.0013696 0.0000526 0.0022767 0.0379431 -0.0290189 -0.0167232
-0.2041882 0.2606230 -0.1349144 0.3184143 0.5380985 -0.2070602 -0.2662317 0.2633545 -0.1656164 0.3478045 0.5560173 -0.2288938 -0.5711271 0.7289788 -0.3773641 0.4834393 0.8169796 -0.3143735 -0.6501899 0.6431633 -0.4044677 0.5007022 0.8004471 -0.3295174 -0.0047249 0.0011658 0.0036259 0.0356692 0.0409517 -0.0167030 -0.0047466 0.0011657 0.0036721 0.0119614 0.0829886 -0.0291095 -0.0096021 -0.0012673 0.0124127 0.0120153 -0.0067380 0.0012709 -0.0077528 -0.0009009 0.0112624 -0.0379118 0.0215482 -0.0023691
-0.2089131 0.2617888 -0.1312886 0.3540834 0.5790502 -0.2237631 -0.2709783 0.2645202 -0.1619443 0.3597658 0.6390059 -0.2580032 -0.5807292 0.7277115 -0.3649514 0.4954546 0.8102416 -0.3131027 -0.6579427 0.6422624 -0.3932053 0.4627904 0.8219954 -0.3318865 -0.0396407 0.0063860 0.0311881 -0.0054921 -0.0420191 0.0079100 -0.0396256 0.0063862 0.0311553 0.0117902 -0.0418157 0.0165968 -0.0749124 -0.0203128 0.1009038 0.0204756 -0.0154123 -0.0063693 -0.0603805 -0.0157460 0.0907338 0.0368696 -0.0189075 0.0072486
-0.2485538 0.2681749 -0.1001004 0.3485914 0.5370312 -0.2158532 -0.3106039 0.2709065 -0.1307890 0.3715560 0.5971903 -0.2414065 -0.6556416 0.7073987 -0.2640476 0.5159303 0.7948293 -0.3194720 -0.7183233 0.6265164 -0.3024714 0.4996600 0.8030879 -0.3246379 0.0005549 -0.0006416 -0.0000055 0.0015810 -0.0001930 0.0006493 0.0005747 -0.0006416 -0.0000455 0.0074989 -0.0006409 0.0062038 0.0000524 -0.0001698 -0.0005843 0.0019897 -0.0008225 0.0011762 -0.0000014 -0.0003239 -0.0006666 0.0092077 -0.0022415 0.0088868
-0.2479988 0.2675333 -0.1001060 0.3501724 0.5368382 -0.2152039 -0.3100292 0.2702649 -0.1308345 0.3790549 0.5965494 -0.2352026 -0.6555892 0.7072289 -0.2646319 0.5179199 0.7940068 -0.3182958 -0.7183247 0.6261925 -0.3031381 0.5088677 0.8008463 -0.3157511 0.0085256 -0.0030532 -0.0038465 -0.0165490 -0.0164621 0.0151398 0.0085093 -0.0030534 -0.0038066 -0.0183163 -0.0380573 0.0126546 0.0111901 0.0044614 -0.0150941 -0.0044232 0.0069308 0.0103669 0.0085113 0.0028549 -0.0138230 0.0056478 -0.0042784 -0.0016654
-0.2394732 0.2644801 -0.1039524 0.3336233 0.5203761 -0.2000641 -0.3015199 0.2672115 -0.1346411 0.3607387 0.5584921 -0.2225481 -0.6443991 0.7116903 -0.2797260 0.5134967 0.8009375 -0.3079289 -0.7098134 0.6290474 -0.3169611 0.5145155 0.7965679 -0.3174166 0.0322676 -0.0043216 -0.0268762 0.0002282 0.0039117 0.0011549 0.0323018 -0.0043217 -0.0269406 -0.0007089 -0.0023737 0.0010913 0.0646363 0.0162351 -0.0863335 -0.0019329 0.0024337 0.0031384 0.0523974 0.0129151 -0.0776126 0.0009014 -0.0004315 0.0003802
-0.2072056 0.2601585 -0.1308286 0.3338515 0.5242878 -0.1989092 -0.2692181 0.2628898 -0.1615817 0.3600298 0.5561184 -0.2214567 -0.5797629 0.7279254 -0.3660595 0.5115638 0.8033712 -0.3047904 -0.6574159 0.6419625 -0.3945737 0.5154169 0.7961365 -0.3170364 0.0046452 -0.0025743 -0.0032120 0.0006218 0.0062801 0.0035083 0.0048419 -0.0025744 -0.0035987 0.0011659 -0.0011753 0.0025231 0.0076296 -0.0003772 -0.0125392 -0.0024173 0.0042771 0.0073446 0.0064550 -0.0010005 -0.0121420 0.0025063 -0.0003963 0.0031046
-0.2025604 0.2575842 -0.1340406 0.3344733 0.5305679 -0.1954009 -0.2643763 0.2603154 -0.1651804 0.3611957 0.5549431 -0.2189336 -0.5721333 0.7275483 -0.3785987 0.5091465 0.8076483 -0.2974459 -0.6509609 0.6409620 -0.4067156 0.5179232 0.7957401 -0.3139318 0.0003534 -0.0004186 0.0001242 -0.0025485 -0.0005714 -0.0005936 0.0003245 -0.0004187 0.0001885 -0.0024872 -0.0017448 -0.0007954 0.0001036 -0.0000444 -0.0002418 -0.0026621 0.0010740 -0.0016224 -0.0000927 -0.0001532 -0.0000930 -0.0017725 0.0002649 -0.0022395
-0.2022070 0.2571656 -0.1339165 0.3319248 0.5299964 -0.1959945 -0.2640518 0.2598967 -0.1649919 0.3587085 0.5531983 -0.2197291 -0.5720297 0.7275039 -0.3788405 0.5064844 0.8087223 -0.2990683 -0.6510536 0.6408088 -0.4068087 0.5161508 0.7960051 -0.3161713 -0.0009176 -0.0027474 0.0021596 0.0165132 0.0470692 -0.0109353 -0.0011234 -0.0027476 0.0025796 0.0022207 0.0853069 0.0119115 -0.0063275 -0.0030979 0.0036886 -0.0123500 0.0096388 0.0056124 -0.0061157 -0.0035300 0.0043112 -0.0426955 0.0415657 0.0435629
-0.2031246 0.2544183 -0.1317569 0.3484379 0.5770657 -0.2069298 -0.2651752 0.2571492 -0.1624123 0.3609291 0.6385053 -0.2078176 -0.5783572 0.7244060 -0.3751519 0.4941344 0.8183611 -0.2934558 -0.6571693 0.6372788 -0.4024975 0.4734553 0.8375708 -0.2726084 0.0026912 -0.0014149 -0.0015152 0.0004043 0.0369847 0.0604471 0.0027146 -0.0014150 -0.0015533 0.0064086 0.0396959 0.0429098 0.0043903 0.0001018 -0.0064899 -0.0104730 0.0330050 0.0903612 0.0034042 -0.0002688 -0.0059256 -0.0077196 0.0222986 0.0635272
-0.2004334 0.2530033 -0.1332721 0.3488422 0.6140503 -0.1464826 -0.2624606 0.2557341 -0.1639656 0.3673377 0.6782011 -0.1649078 -0.5739669 0.7245078 -0.3816418 0.4836614 0.8513661 -0.2030947 -0.6537650 0.6370101 -0.4084231 0.4657357 0.8598694 -0.2090812 0.0021217 0.0020341 -0.0017460 -0.0128534 0.0034001 -0.0108078 0.0021463 0.0020339 -0.0017864 -0.0117621 0.0030422 -0.0109080 0.0075967 0.0038689 -0.0039643 -0.0172234 0.0058123 -0.0152645 0.0063724 0.0040500 -0.0037962 -0.0146768 0.0043091 -0.0139466
-0.1983116 0.2550374 -0.1350180 0.3359888 0.6174504 -0.1572904 -0.2603143 0.2577680 -0.1657519 0.3555757 0.6812433 -0.1758158 -0.5663702 0.7283767 -0.3856061 0.4664380 0.8571784 -0.2183591 -0.6473927 0.6410600 -0.4122193 0.4510589 0.8641785 -0.2230278 0.0000814 0.0024961 -0.0001859 -0.0490289 0.0071196 -0.0270242 0.0001781 0.0024960 -0.0003712 -0.0516288 0.0075621 -0.0280203 0.0032043 0.0032678 0.0014962 -0.0631903 0.0204929 -0.0406473 0.0030748 0.0035744 0.0007575 -0.0613788 0.0189157 -0.0383036
-0.1982303 0.2575335 -0.1352039 0.2869599 0.6245700 -0.1843146 -0.2601362 0.2602640 -0.1661232 0.3039469 0.6888054 -0.2038361 -0.5631659 0.7316445 -0.3841100 0.4032478 0.8776713 -0.2590065 -0.6443179 0.6446344 -0.4114619 0.3896801 0.8830942 -0.2613314 0.0020355 0.0009494 -0.0015648 0.0054888 -0.0443116 -0.0762042 0.0021335 0.0009492 -0.0017512 0.0017207 -0.1601122 -0.0427562 0.0060360 0.0023636 -0.0042691 0.0144951 -0.0488120 -0.1131268 0.0052342 0.0024018 -0.0043700 0.0744356 -0.0803439 -0.1130862
-0.1961948 0.2584829 -0.1367687 0.2924487 0.5802584 -0.2605188 -0.2580027 0.2612132 -0.1678743 0.3056676 0.5286932 -0.2465923 -0.5571300 0.7340081 -0.3883791 0.4177429 0.8288593 -0.3721333 -0.6390837 0.6470362 -0.4158319 0.4641157 0.8027503 -0.3744176 0.0016715 -0.0016000 -0.0007631 -0.0153390 -0.0051439 0.0082302 0.0017366 -0.0016001 -0.0008853 -0.0196867 -0.0040822 -0.0118110 0.0018999 -0.0007842 -0.0041797 -0.0140502 0.0089661 0.0045998 0.0015015 -0.0011267 -0.0040370 -0.0248069 0.0031294 -0.0225279
-0.1945233 0.2568829 -0.1375319 0.2771097 0.5751145 -0.2522886 -0.2562661 0.2596131 -0.1687597 0.2859810 0.5246110 -0.2584033 -0.5552301 0.7332239 -0.3925587 0.4036927 0.8378254 -0.3675334 -0.6375823 0.6459095 -0.4198689 0.4393088 0.8058797 -0.3969455 0.0109760 0.0144065 -0.0161741 -0.0525838 -0.0138452 -0.0170214 0.0108971 0.0144063 -0.0160065 -0.0439480 -0.0260645 -0.0169614 0.0479399 0.0165691 -0.0322556 -0.0644210 0.0102854 -0.0394098 0.0414768 0.0198001 -0.0290065 -0.0481969 -0.0002560 -0.0480287
-0.1835473 0.2712895 -0.1537060 0.2245259 0.5612694 -0.2693100 -0.2453690 0.2740195 -0.1847661 0.2420330 0.4985466 -0.2753647 -0.5072902 0.7497929 -0.4248143 0.3392717 0.8481108 -0.4069432 -0.5961054 0.6657096 -0.4488753 0.3911119 0.8056237 -0.4449741 0.0018213 -0.0017810 -0.0013044 -0.0095256 -0.0094154 -0.0204902 0.0018578 -0.0017811 -0.0013679 -0.0144355 -0.0095004 -0.0068473 0.0026658 -0.0014105 -0.0056249 -0.0131961 -0.0111535 -0.0325760 0.0021003 -0.0016292 -0.0051677 -0.0172522 -0.0022991 -0.0185974
-0.1817260 0.2695085 -0.1550103 0.2150003 0.5518540 -0.2898002 -0.2435111 0.2722384 -0.1861340 0.2275975 0.4890461 -0.2822121 -0.5046244 0.7483824 -0.4304392 0.3260756 0.8369573 -0.4395193 -0.5940052 0.6640804 -0.4540430 0.3738597 0.8033246 -0.4635715 0.0054054 -0.0031945 -0.0025131 -0.0477540 -0.0216951 -0.0276921 0.0054100 -0.0031947 -0.0025133 -0.0368702 -0.0155904 -0.0162806 0.0095170 -0.0005742 -0.0118858 -0.0648301 -0.0088278 -0.0564166 0.0072437 -0.0010662 -0.0108474 -0.0513035 -0.0026208 -0.0412364
-0.1763206 0.2663139 -0.1575234 0.1672463 0.5301588 -0.3174924 -0.2381011 0.2690436 -0.1886472 0.1907273 0.4734557 -0.2984927 -0.4951074 0.7478082 -0.4423251 0.2612455 0.8281295 -0.4959359 -0.5867615 0.6630142 -0.4648904 0.3225562 0.8007037 -0.5048079 -0.0065896 0.0017518 0.0043771 -0.0640771 -0.0328716 -0.0258098 -0.0068119 0.0017516 0.0048338 -0.0421379 -0.0337475 -0.0013983 -0.0146129 -0.0007829 0.0155484 -0.0929491 -0.0169221 -0.0640811 -0.0123724 -0.0005644 0.0152252 -0.0536603 -0.0049827 -0.0378918
-0.1829102 0.2680657 -0.1531463 0.1031692 0.4972872 -0.3433022 -0.2449130 0.2707952 -0.1838135 0.1485894 0.4397082 -0.2998909 -0.5097203 0.7470254 -0.4267766 0.1682963 0.8112074 -0.5600169 -0.5991338 0.6624499 -0.4496652 0.2688959 0.7957211 -0.5426997 -0.0007232 0.0015481 0.0004012 0.0023892 0.0030259 -0.0285665 -0.0008719 0.0015482 0.0007037 -0.0214397 -0.0166210 -0.0044607 -0.0000894 0.0014865 0.0027200 -0.0013401 -0.0198877 -0.0281488 -0.0003231 0.0017820 0.0030698 -0.0318839 -0.0070704 -0.0246233
-0.1836334 0.2696138 -0.1527451 0.1055583 0.5003131 -0.3718687 -0.2457849 0.2723434 -0.1831097 0.1271497 0.4230872 -0.3043516 -0.5098097 0.7485119 -0.4240566 0.1669562 0.7913196 -0.5881657 -0.5994569 0.6642319 -0.4465954 0.2370119 0.7886507 -0.5673230 0.0019684 0.0016124 -0.0025256 0.0036266 0.0119033 -0.0005264 0.0019142 0.0016121 -0.0024076 -0.0229956 0.1437895 -0.0983440 0.0072643 0.0017895 -0.0054733 0.0029487 0.0057510 0.0086739 0.0061331 0.0022867 -0.0047580 -0.0888780 0.0175933 -0.0054134
-0.1816650 0.2712262 -0.1552707 0.1091849 0.5122164 -0.3723951 -0.2438706 0.2739555 -0.1855173 0.1041542 0.5668767 -0.4026957 -0.5025455 0.7503013 -0.4295300 0.1699050 0.7970706 -0.5794918 -0.5933237 0.6665186 -0.4513534 0.1481339 0.8062440 -0.5727364 -0.0033282 0.0008083 0.0047812 -0.1814811 -0.1712228 0.0891785 -0.0040565 0.0008084 0.0063273 -0.2059501 -0.2775250 0.1549021 -0.0088206 0.0016679 0.0135407 -0.3308754 -0.0378340 -0.0511018 -0.0096356 0.0017078 0.0155629 -0.4062893 -0.0724452 -0.0556704
-0.1849933 0.2720346 -0.1504895 -0.0722962 0.3409937 -0.2832166 -0.2479272 0.2747640 -0.1791900 -0.1017959 0.2893518 -0.2477936 -0.5113660 0.7519692 -0.4159893 -0.1609705 0.7592366 -0.6305936 -0.6029594 0.6682265 -0.4357905 -0.2581554 0.7337988 -0.6284068 -0.0004112 0.0004530 0.0007241 0.0766524 -0.0040309 -0.0194618 -0.0005158 0.0004529 0.0009619 0.0523362 0.0742737 -0.0728848 -0.0007816 0.0007302 0.0022884 0.1705876 -0.0153316 -0.0376225 -0.0009664 0.0007824 0.0025460 0.1566671 0.0123381 -0.0296053
-0.1854045 0.2724876 -0.1497654 0.0043562 0.3369628 -0.3026784 -0.2484430 0.2752169 -0.1782281 -0.0494598 0.3636255 -0.3206784 -0.5121476 0.7526994 -0.4137009 0.0096171 0.7439050 -0.6682161 -0.6039258 0.6690089 -0.4332445 -0.1014883 0.7461368 -0.6580121 0.0010218 -0.0000287 -0.0008090 -0.0195537 -0.0801068 0.0311037 0.0009288 -0.0000288 -0.0005947 0.0050193 -0.1584065 0.0847332 0.0025297 0.0003533 -0.0024737 -0.0502401 -0.0573275 -0.0577047 0.0017877 0.0004527 -0.0017853 -0.0392138 -0.0963970 -0.0890094
-0.1843827 0.2724589 -0.1505744 -0.0151975 0.2568560 -0.2715747 -0.2475142 0.2751881 -0.1788228 -0.0444405 0.2052190 -0.2359452 -0.5096179 0.7530527 -0.4161745 -0.0406229 0.6865776 -0.7259208 -0.6021381 0.6694615 -0.4350298 -0.1407022 0.6497398 -0.7470215 -0.0002970 0.0001563 0.0003629 0.0018189 0.0013847 -0.0000585 -0.0002588 0.0001561 0.0002853 0.0017757 0.0013872 -0.0000969 -0.0006540 0.0001856 0.0011387 0.0049502 0.0019984 0.0016346 -0.0004297 0.0001575 0.0008382 0.0059340 0.0028814 0.0014189
-0.1846797 0.2726151 -0.1502115 -0.0133786 0.2582406 -0.2716332 -0.2477730 0.2753441 -0.1785375 -0.0426648 0.2066061 -0.2360421 -0.5102719 0.7532383 -0.4150358 -0.0356728 0.6885760 -0.7242862 -0.6025679 0.6696190 -0.4341916 -0.1347682 0.6526212 -0.7456025 -0.0188171 0.0044014 0.0341864 -0.0410747 -0.1022837 0.0457759 -0.0223374 0.0044012 0.0439292 -0.0354290 -0.1022815 0.0497494 -0.0506619 0.0103508 0.0952155 -0.1589282 -0.1312287 -0.0828658 -0.0538283 0.0101911 0.1070795 -0.2087301 -0.1937453 -0.0738130
-0.2034968 0.2770165 -0.1160251 -0.0544533 0.1559569 -0.2258573 -0.2701104 0.2797453 -0.1346083 -0.0780937 0.1043246 -0.1862927 -0.5609338 0.7635891 -0.3198203 -0.1946010 0.5573473 -0.8071520 -0.6563962 0.6798101 -0.3271121 -0.3434983 0.4588759 -0.8194156 -0.0009909 0.0016691 0.0001661 -0.0011400 0.0017515 0.0004207 -0.0009653 0.0016691 0.0000895 -0.0011852 0.0017539 0.0003912 0.0000179 0.0008541 0.0020154 -0.0034616 0.0045220 0.0039870 0.0004277 0.0011769 0.0015939 -0.0038386 0.0058752 0.0049442
-0.2044877 0.2786856 -0.1158590 -0.0555932 0.1577084 -0.2254366 -0.2710757 0.2814144 -0.1345188 -0.0792790 0.1060785 -0.1859015 -0.5609159 0.7644432 -0.3178049 -0.1980626 0.5618693 -0.8031650 -0.6559685 0.6809870 -0.3255182 -0.3473369 0.4647511 -0.8144713 -0.0002362 0.0003781 0.0002706 -0.0008592 0.0006669 0.0001739 -0.0002377 0.0003780 0.0002837 -0.0008498 0.0006692 0.0001770 -0.0001312 0.0003328 0.0010339 -0.0027699 0.0015588 0.0017818 -0.0000653 0.0003851 0.0009388 -0.0030107 0.0019827 0.0024269
-0.2047239 0.2790638 -0.1155885 -0.0564525 0.1583754 -0.2252627 -0.2713134 0.2817925 -0.1342351 -0.0801288 0.1067478 -0.1857246 -0.5610471 0.7647760 -0.3167710 -0.2008325 0.5634281 -0.8013832 -0.6560338 0.6813720 -0.3245795 -0.3503476 0.4667338 -0.8120444 -0.0000021 0.0007113 -0.0005396 -0.0005737 0.0009280 -0.0003770 0.0000143 0.0007112 -0.0005869 -0.0006013 0.0009303 -0.0003959 0.0010937 0.0004467 -0.0008552 -0.0013640 0.0014105 0.0013370 0.0010896 0.0006211 -0.0008948 -0.0011426 0.0020846 0.0016964
-0.2047260 0.2797750 -0.1161281 -0.0570262 0.1593033 -0.2256397 -0.2712991 0.2825036 -0.1348220 -0.0807301 0.1076780 -0.1861204 -0.5599534 0.7652227 -0.3176261 -0.2021965 0.5648386 -0.8000462 -0.6549442 0.6819931 -0.3254743 -0.3514902 0.4688184 -0.8103480 -0.0206993 0.0050515 0.0105383 0.0003954 0.0003368 -0.0002318 -0.0206312 0.0050513 0.0103122 0.0002614 0.0003391 -0.0003149 -0.0359763 -0.0122610 0.0384911 0.0016126 0.0006004 0.0000182 -0.0267084 -0.0105568 0.0347458 0.0016297 0.0008166 -0.0002324
-0.2254253 0.2848265 -0.1055898 -0.0566307 0.1596401 -0.2258715 -0.2919302 0.2875549 -0.1245098 -0.0804687 0.1080171 -0.1864354 -0.5959297 0.7529617 -0.2791350 -0.2005839 0.5654390 -0.8000280 -0.6816526 0.6714363 -0.2907284 -0.3498605 0.4696350 -0.8105804 -0.0017069 -0.0007980 0.0016697 -0.0004371 -0.0000183 -0.0004776 -0.0016886 -0.0007982 0.0016167 -0.0004680 -0.0000160 -0.0004987 -0.0045780 -0.0020274 0.0043839 -0.0012194 -0.0009840 -0.0003881 -0.0036993 -0.0021016 0.0038769 -0.0011791 -0.0012117 -0.0001913
-0.2271321 0.2840285 -0.1039201 -0.0570678 0.1596218 -0.2263491 -0.2936188 0.2867567 -0.1228931 -0.0809368 0.1080011 -0.1869340 -0.6005077 0.7509343 -0.2747512 -0.2018033 0.5644550 -0.8004161 -0.6853519 0.6693347 -0.2868516 -0.3510396 0.4684233 -0.8107717 -0.0049943 0.0024513 0.0040630 -0.1644147 -0.0415421 -0.0262048 -0.0049800 0.0024513 0.0040095 -0.1644463 -0.0415426 -0.0262235 -0.0071514 -0.0009892 0.0133458 -0.4202287 -0.2328289 0.0911205 -0.0052723 -0.0004303 0.0118877 -0.3885974 -0.2681031 0.1682696
-0.2321264 0.2864798 -0.0998571 -0.2214825 0.1180797 -0.2525539 -0.2985989 0.2892080 -0.1188836 -0.2453831 0.0664585 -0.2131575 -0.6076591 0.7499451 -0.2614054 -0.6220320 0.3316261 -0.7092957 -0.6906243 0.6689044 -0.2749638 -0.7396370 0.2003202 -0.6425021 -0.0051540 -0.0010100 0.0076590 -0.0003465 0.0002937 0.0003125 -0.0051556 -0.0010099 0.0076612 -0.0003444 0.0002932 0.0003143 -0.0127045 -0.0035913 0.0203557 -0.0008129 0.0007393 0.0010602 -0.0105015 -0.0036858 0.0182404 -0.0007882 0.0008160 0.0011639
-0.2372804 0.2854699 -0.0921981 -0.2218291 0.1183735 -0.2522413 -0.3037545 0.2881982 -0.1112224 -0.2457275 0.0667518 -0.2128431 -0.6203636 0.7463538 -0.2410497 -0.6228449 0.3323654 -0.7082355 -0.7011257 0.6652186 -0.2567234 -0.7404252 0.2011362 -0.6413383 0.0074805 -0.0076713 -0.0061741 -0.0145996 0.0016348 0.0236928 0.0074784 -0.0076713 -0.0061707 -0.0145985 0.0016343 0.0236940 0.0054440 -0.0029952 -0.0221837 -0.0525693 0.0104664 0.0553327 0.0032923 -0.0044801 -0.0197783 -0.0509025 0.0067408 0.0663707
-0.2297999 0.2777985 -0.0983722 -0.2364287 0.1200082 -0.2285486 -0.2962761 0.2805268 -0.1173931 -0.2603259 0.0683860 -0.1891491 -0.6149196 0.7433587 -0.2632334 -0.6754142 0.3428318 -0.6529028 -0.6978334 0.6607385 -0.2765017 -0.7913277 0.2078770 -0.5749675 0.0031379 -0.0053626 -0.0025125 -0.0023623 0.0022733 0.0021882 0.0031397 -0.0053624 -0.0025190 -0.0023656 0.0022728 0.0021867 -0.0002139 -0.0040005 -0.0105555 -0.0048692 0.0055317 0.0080327 -0.0008568 -0.0048845 -0.0093086 -0.0045084 0.0061871 0.0085564
-0.2266620 0.2724359 -0.1008847 -0.2387910 0.1222815 -0.2263603 -0.2931364 0.2751644 -0.1199121 -0.2626916 0.0706588 -0.1869624 -0.6151334 0.7393582 -0.2737889 -0.6802834 0.3483635 -0.6448701 -0.6986902 0.6558540 -0.2858103 -0.7958361 0.2140640 -0.5664111 -0.0017579 0.0056573 -0.0010872 0.0005961 0.0047495 -0.0062949 -0.0017382 0.0056573 -0.0011595 0.0005533 0.0047490 -0.0063205 0.0044587 0.0041168 0.0011696 0.0118980 0.0080910 -0.0079708 0.0045701 0.0051863 0.0008138 0.0117113 0.0115006 -0.0117489
-0.2284199 0.2780932 -0.1019719 -0.2381949 0.1270310 -0.2326553 -0.2948745 0.2808217 -0.1210716 -0.2621383 0.0754078 -0.1932828 -0.6106747 0.7434750 -0.2726193 -0.6683854 0.3564545 -0.6528409 -0.6941201 0.6610403 -0.2849965 -0.7841247 0.2255646 -0.5781600 -0.0018404 0.0038065 0.0002348 -0.0002423 0.0092977 -0.0081136 -0.0018637 0.0038064 0.0003123 -0.0001972 0.0092972 -0.0080856 0.0014218 0.0024123 0.0034298 0.0155796 0.0167933 -0.0063485 0.0016857 0.0031352 0.0032066 0.0156814 0.0225567 -0.0116964
-0.2302603 0.2818997 -0.1017372 -0.2384372 0.1363287 -0.2407688 -0.2967382 0.2846281 -0.1207592 -0.2623354 0.0847050 -0.2013685 -0.6092530 0.7458873 -0.2691896 -0.6528058 0.3732478 -0.6591894 -0.6924344 0.6641755 -0.2817899 -0.7684434 0.2481212 -0.5898565 0.0133966 -0.0028505 -0.0266501 0.2302279 0.2514029 -0.0691360 0.0149975 -0.0028507 -0.0315328 0.2032421 0.3324679 -0.1303476 0.0324991 -0.0037500 -0.0722592 0.6362692 0.4077897 0.0349243 0.0319680 -0.0036232 -0.0752183 0.6582453 0.5298280 -0.0287318
-0.2168637 0.2790492 -0.1283873 -0.0082093 0.3877316 -0.3099048 -0.2817407 0.2817774 -0.1522920 -0.0590934 0.4171729 -0.3317160 -0.5767538 0.7421373 -0.3414488 -0.0165366 0.7810375 -0.6242651 -0.6604664 0.6605523 -0.3570081 -0.1101981 0.7779492 -0.6185882 0.0000000 0.0000000 0.0000000 0.0000000 0.0000000 0.0000000 0.0000000 0.0000000 0.0000000 0.0000000 0.0000000 0.0000000 0.0000000 0.0000000 0.0000000 0.0000000 0.0000000 0.0000000 0.0000000 0.0000000 0.0000000 0.0000000 0.0000000 0.0000000
