-0.0764887 -0.0349938 -0.2798521 0.3030853 0.2129303 -0.0221345 -0.0092762 -0.0621333 -0.2935939 0.3267281 0.2569568 0.0246090 -0.2617507 -0.1197519 -0.9576774 0.8167962 0.5738342 -0.0596512 -0.0308960 -0.2069457 -0.9778645 0.7846616 0.6171007 0.0591004 -0.0819681 -0.0188452 -0.0416764 -0.0000275 -0.0034328 0.0041302 -0.1087388 -0.0477669 -0.0537110 -0.0003616 -0.0046448 0.0054067 -0.1754021 -0.0287801 0.0706398 0.0048112 -0.0058740 0.0108403 -0.2773032 -0.0800615 0.0708694 0.0043970 -0.0070841 0.0134690
-0.1584567 -0.0538391 -0.3215285 0.3030577 0.2094975 -0.0180043 -0.1180151 -0.1099003 -0.3473048 0.3263665 0.2523120 0.0300158 -0.4371528 -0.1485320 -0.8870376 0.8216075 0.5679601 -0.0488108 -0.3081992 -0.2870072 -0.9069951 0.7890586 0.6100166 0.0725693 0.0102469 0.0026282 -0.0074605 0.0011799 -0.0022022 0.0021953 0.0125983 0.0044455 -0.0075505 0.0009248 -0.0030305 0.0030423 0.0304837 0.0080157 -0.0156669 0.0040352 -0.0054003 0.0059082 0.0343255 0.0130348 -0.0149226 0.0039149 -0.0060480 0.0075250
-0.1482098 -0.0512109 -0.3289891 0.3042376 0.2072953 -0.0158090 -0.1054167 -0.1054547 -0.3548553 0.3272913 0.2492815 0.0330581 -0.4066690 -0.1405163 -0.9027045 0.8256427 0.5625598 -0.0429027 -0.2738737 -0.2739724 -0.9219177 0.7929735 0.6039685 0.0800943 0.0003936 0.0049408 0.0112629 0.0021432 -0.0002637 0.0001444 -0.0009149 0.0050745 0.0089562 0.0021201 -0.0003610 0.0002397 -0.0115178 0.0096135 0.0038251 0.0021818 -0.0031715 0.0005776 -0.0092710 0.0066752 0.0008416 0.0022748 -0.0030373 0.0002915
-0.1478162 -0.0462701 -0.3177262 0.3063808 0.2070316 -0.0156646 -0.1063316 -0.1003803 -0.3458991 0.3294114 0.2489205 0.0332978 -0.4181868 -0.1309029 -0.8988794 0.8278245 0.5593883 -0.0423250 -0.2831447 -0.2672972 -0.9210761 0.7952482 0.6009312 0.0803859 0.0054589 -0.0038751 -0.0029259 -0.0590897 0.0626723 -0.1794943 0.0120510 0.0028788 -0.0045598 -0.1003032 0.0606659 -0.2933836 0.0164992 -0.0105913 -0.0059003 -0.2315181 0.0909632 -0.4282722 0.0322572 0.0078387 -0.0115206 -0.3022618 0.0652251 -0.6400287
-0.1423573 -0.0501453 -0.3206521 0.2472911 0.2697039 -0.1951590 -0.0942806 -0.0975015 -0.3504589 0.2291082 0.3095864 -0.2600858 -0.4016877 -0.1414942 -0.9047798 0.5963063 0.6503514 -0.4705973 -0.2508875 -0.2594585 -0.9325968 0.4929864 0.6661564 -0.5596428 0.0042938 0.0053577 0.0035937 -0.0133939 -0.0110583 -0.0191948 0.0163741 0.0255595 0.0004425 0.0194683 -0.0781934 0.0684109 0.0057527 0.0130538 -0.0044719 -0.0248948 -0.0184797 -0.0530696 0.0378697 0.0627492 -0.0244449 0.1444474 -0.0727869 0.0681240
-0.1380635 -0.0447875 -0.3170583 0.2338973 0.2586456 -0.2143538 -0.0779064 -0.0719420 -0.3500164 0.2485766 0.2313930 -0.1916749 -0.3959349 -0.1284405 -0.9092517 0.5714116 0.6318717 -0.5236668 -0.2130178 -0.1967094 -0.9570417 0.6374339 0.5933695 -0.4915188 0.0033623 0.0031487 0.0017228 0.0193369 -0.0742651 0.0172431 0.0002125 0.0093532 -0.0071963 -0.0096530 -0.0239218 -0.0111794 0.0059708 0.0078947 -0.0036540 0.1128144 -0.1336850 -0.0089163 0.0035344 0.0279535 -0.0060980 -0.0017799 -0.0413942 -0.0481732
-0.1347012 -0.0416388 -0.3153355 0.2532342 0.1843805 -0.1971107 -0.0776939 -0.0625888 -0.3572127 0.2389236 0.2074712 -0.2028543 -0.3899641 -0.1205457 -0.9129056 0.6842259 0.4981868 -0.5325832 -0.2094833 -0.1687559 -0.9631398 0.6356539 0.5519752 -0.5396920 0.0104727 0.0053451 0.0016627 0.0008607 -0.0103808 -0.0020480 0.0068200 0.0083443 -0.0041414 -0.0186246 -0.0034313 -0.0545951 0.0238577 0.0135867 -0.0115001 0.0086058 -0.0237477 -0.0104562 0.0190709 0.0230207 -0.0076869 -0.0786826 -0.0361109 -0.1112050
-0.1242286 -0.0362937 -0.3136728 0.2540949 0.1739997 -0.1991588 -0.0708740 -0.0542445 -0.3613542 0.2202990 0.2040399 -0.2574493 -0.3661064 -0.1069590 -0.9244057 0.6928318 0.4744390 -0.5430394 -0.1904125 -0.1457352 -0.9708266 0.5569714 0.5158644 -0.6508969 0.0552628 0.0432562 0.0194060 -0.0052326 -0.0028114 0.0001378 0.0884044 0.1028607 0.0397828 -0.1190330 -0.0788169 -0.0644322 0.1379851 0.1299892 -0.0489546 -0.0048501 -0.0011877 -0.0071556 0.2442367 0.2950031 -0.0165041 -0.2756155 -0.1679466 -0.2434140
-0.0689657 0.0069625 -0.2942668 0.2488623 0.1711883 -0.1990210 0.0175304 0.0486162 -0.3215713 0.1012660 0.1252230 -0.3218815 -0.2281212 0.0230302 -0.9733603 0.6879816 0.4732513 -0.5501949 0.0538242 0.1492679 -0.9873308 0.2813559 0.3479178 -0.8943109 0.1130042 0.1189979 -0.0046916 0.0065973 -0.1516969 -0.1635923 0.0871690 0.1125019 -0.0003353 0.0126531 -0.0888873 -0.0595995 0.3626367 0.3617157 0.0601921 -0.1126104 -0.4293508 -0.2665184 0.2254538 0.2805029 0.1286685 0.0035970 -0.2570290 -0.0599118
0.0440385 0.1259604 -0.2989584 0.2554596 0.0194914 -0.3626133 0.1046994 0.1611181 -0.3219066 0.1139190 0.0363357 -0.3814810 0.1345154 0.3847459 -0.9131682 0.5753713 0.0439004 -0.8167133 0.2792780 0.4297708 -0.8586623 0.2849529 0.0908888 -0.9542227 -0.0284230 0.0004778 0.0072245 -0.0238779 -0.0543123 0.0681140 -0.0344171 0.0244723 0.0040899 -0.0130971 -0.0636609 0.0125488 -0.0854622 0.0124362 -0.0032597 0.0401102 -0.1364448 0.0340141 -0.0917023 0.0655495 0.0104446 -0.0220093 -0.1621529 -0.0079529
0.0156155 0.1264382 -0.2917339 0.2315817 -0.0348209 -0.2944993 0.0702823 0.1855904 -0.3178167 0.1008219 -0.0273252 -0.3689322 0.0490532 0.3971821 -0.9164279 0.6154814 -0.0925444 -0.7826993 0.1875757 0.4953203 -0.8482177 0.2629437 -0.0712641 -0.9621757 0.0032925 0.0331022 -0.0032348 0.0271744 -0.0108297 0.0335507 0.0022025 0.0177813 -0.0026633 0.1406145 -0.0761631 0.0655890 0.0072402 0.0778063 0.0382383 0.0832655 -0.0307306 0.0780319 0.0000040 0.0309749 0.0188641 0.3387355 -0.1866371 0.2062199
0.0189080 0.1595404 -0.2949687 0.2587561 -0.0456505 -0.2609485 0.0724848 0.2033717 -0.3204800 0.2414364 -0.1034883 -0.3033431 0.0562934 0.4749884 -0.8781896 0.6987469 -0.1232750 -0.7046673 0.1875796 0.5262951 -0.8293536 0.6016792 -0.2579012 -0.7559557 0.0050769 0.0346706 -0.0044083 -0.0139633 -0.0211962 0.0188184 -0.0031770 0.0429466 -0.0048414 -0.0100443 -0.0083397 0.0114190 0.0107673 0.0680179 0.0411431 -0.0008158 -0.0673124 0.0143279 -0.0201275 0.0688255 0.0433566 -0.0067357 -0.0296252 0.0053754
0.0239849 0.1942110 -0.2993770 0.2447929 -0.0668468 -0.2421302 0.0693078 0.2463183 -0.3253213 0.2313921 -0.1118280 -0.2919242 0.0670608 0.5430064 -0.8370465 0.6979311 -0.1905874 -0.6903395 0.1674521 0.5951206 -0.7859970 0.5949435 -0.2875264 -0.7505803 -0.0007851 0.0087323 -0.0003314 -0.0030187 -0.0236279 0.0275909 -0.0123766 0.0193627 0.0064133 -0.0032821 -0.0318860 0.0366266 -0.0030963 0.0165326 0.0107145 0.0223642 -0.0789552 0.0511827 -0.0315660 0.0390191 0.0248125 0.0194091 -0.0995285 0.0630053
0.0231997 0.2029433 -0.2997084 0.2417742 -0.0904746 -0.2145393 0.0569312 0.2656810 -0.3189080 0.2281100 -0.1437141 -0.2552976 0.0639644 0.5595390 -0.8263321 0.7202953 -0.2695426 -0.6391568 0.1358861 0.6341397 -0.7611845 0.6143526 -0.3870549 -0.6875750 -0.0032747 0.0047379 0.0001826 -0.0027444 -0.0009696 0.0014123 -0.0059128 0.0067790 0.0026684 -0.0031277 -0.0012476 0.0019093 -0.0093794 0.0094096 0.0057725 -0.0025898 -0.0050257 -0.0007736 -0.0145665 0.0137581 0.0091805 -0.0039168 -0.0062640 0.0000662
0.0199250 0.2076812 -0.2995258 0.2390298 -0.0914442 -0.2131270 0.0510184 0.2724600 -0.3162397 0.2249823 -0.1449617 -0.2533883 0.0545851 0.5689486 -0.8205596 0.7177056 -0.2745683 -0.6399304 0.1213196 0.6478978 -0.7520040 0.6104358 -0.3933190 -0.6875088 -0.0008389 0.0009918 0.0002442 -0.0012891 0.0011697 -0.0011187 -0.0015994 0.0014655 0.0006953 -0.0014483 0.0015292 -0.0015373 -0.0023441 0.0022157 0.0013879 -0.0027448 0.0030846 -0.0043736 -0.0038699 0.0031154 0.0020791 -0.0032384 0.0037054 -0.0049596
0.0190861 0.2086730 -0.2992817 0.2377407 -0.0902745 -0.2142457 0.0494190 0.2739255 -0.3155444 0.2235339 -0.1434325 -0.2549256 0.0522409 0.5711643 -0.8191717 0.7149608 -0.2714837 -0.6443040 0.1174496 0.6510132 -0.7499249 0.6071974 -0.3896136 -0.6924684 -0.0020567 0.0013681 0.0007208 -0.0019003 0.0018417 0.0001320 -0.0016053 0.0010842 0.0004349 0.0177176 0.1036819 0.0545086 -0.0056412 0.0035991 0.0021799 -0.0015553 0.0039788 -0.0033793 -0.0038680 0.0022727 0.0013819 0.1558999 0.2638793 0.0585337
0.0170294 0.2100411 -0.2985609 0.2358404 -0.0884328 -0.2141137 0.0478138 0.2750097 -0.3151095 0.2412516 -0.0397506 -0.2004171 0.0465998 0.5747634 -0.8169918 0.7134055 -0.2675049 -0.6476834 0.1135817 0.6532860 -0.7485430 0.7630974 -0.1257343 -0.6339348 -0.0143966 -0.0377332 0.0051142 -0.0051610 0.0269879 -0.0322499 0.0005338 -0.0492295 -0.0005456 -0.0103994 0.0280504 -0.0091708 -0.0388631 -0.0684305 -0.0453116 -0.0409694 0.0883915 -0.0704727 0.0100405 -0.0759776 -0.0585707 -0.0232348 0.0882361 -0.0377775
0.0026328 0.1723079 -0.2934466 0.2306794 -0.0614449 -0.2463636 0.0483475 0.2257802 -0.3156550 0.2308522 -0.0117002 -0.2095879 0.0077367 0.5063329 -0.8623034 0.6724361 -0.1791134 -0.7181560 0.1236222 0.5773084 -0.8071137 0.7398625 -0.0374982 -0.6717122 0.0417397 0.0072628 -0.0197353 0.0326295 0.0423598 -0.0907276 0.0490076 -0.0008038 -0.0214740 0.0320060 -0.0776290 -0.1049665 0.1142573 -0.0126368 0.0012682 -0.0574672 0.1345393 -0.0691345 0.1099379 -0.0375784 -0.0016762 -0.1133320 -0.1754208 -0.0780377
0.0443726 0.1795707 -0.3131819 0.2633089 -0.0190851 -0.3370912 0.0973552 0.2249764 -0.3371290 0.2628582 -0.0893292 -0.3145543 0.1219940 0.4936961 -0.8610352 0.6149689 -0.0445742 -0.7872905 0.2335601 0.5397300 -0.8087900 0.6265306 -0.2129190 -0.7497499 -0.0051523 -0.0548315 0.0021375 -0.1399734 0.1861565 -0.0160341 0.0068910 -0.0600037 0.0021620 -0.1737645 0.1964431 -0.0645503 -0.0057555 -0.1240019 -0.0608188 -0.3139016 0.4524028 -0.0747038 0.0353460 -0.1141780 -0.0552674 -0.4059444 0.4781211 -0.1888712
0.0392202 0.1247392 -0.3110445 0.1233355 0.1670714 -0.3531253 0.1042462 0.1649727 -0.3349670 0.0890937 0.1071139 -0.3791047 0.1162385 0.3696942 -0.9218540 0.3010673 0.4078286 -0.8619944 0.2689061 0.4255520 -0.8640573 0.2205862 0.2652021 -0.9386211 0.0306549 -0.0220963 0.0052347 -0.0089926 -0.0415571 0.0048102 0.0330769 -0.0637115 -0.0006962 -0.0152703 0.0285200 -0.0234171 0.0954677 -0.0587090 -0.0046818 -0.0059843 -0.0839157 -0.0368974 0.0957926 -0.1566255 -0.0273872 -0.0493524 0.0494012 0.0049703
0.0698751 0.1026429 -0.3058098 0.1143429 0.1255143 -0.3483151 0.1373231 0.1012612 -0.3356632 0.0738235 0.1356339 -0.4025218 0.2117062 0.3109852 -0.9265359 0.2950830 0.3239129 -0.8988918 0.3646987 0.2689265 -0.8914446 0.1712338 0.3146033 -0.9336508 -0.0690431 -0.0740989 0.0143477 0.1798030 0.1497040 0.1496589 -0.0611224 -0.0541558 0.0213285 0.2475088 0.2018920 0.1960339 -0.2088650 -0.2135181 -0.0686988 0.3598189 0.2888476 0.4565932 -0.1315631 -0.1248078 -0.0702610 0.4591744 0.3475745 0.5285508
0.0008321 0.0285440 -0.2914621 0.2941459 0.2752183 -0.1986562 0.0762007 0.0471054 -0.3143347 0.3213322 0.3375259 -0.2064879 0.0028412 0.0974672 -0.9952347 0.6549019 0.6127605 -0.4422986 0.2331356 0.1441187 -0.9617056 0.6304082 0.6621779 -0.4051000 0.0148283 -0.0268206 -0.0053150 0.0042240 -0.0926451 0.1843332 0.0101402 -0.0545864 -0.0014634 0.0060769 -0.1232756 0.2454186 0.0498526 -0.0916683 -0.0033592 0.1973654 -0.0912563 0.4013862 0.0305217 -0.1669633 -0.0026403 0.2022452 -0.1173054 0.5041068
0.0156603 0.0017234 -0.2967770 0.2983699 0.1825732 -0.0143230 0.0863409 -0.0074810 -0.3157981 0.3274092 0.2142503 0.0389307 0.0526938 0.0057989 -0.9985939 0.8522673 0.5215043 -0.0409123 0.2636573 -0.0228446 -0.9643459 0.8326534 0.5448724 0.0990068 -0.0848382 -0.0328358 -0.0012199 0.0110730 0.0187585 -0.0123382 -0.0841924 -0.0254326 -0.0009526 0.0107700 0.0234090 -0.0152207 -0.2776632 -0.1069777 0.0294955 -0.0162410 0.0224365 -0.0311186 -0.2569109 -0.0805066 -0.0302762 -0.0158271 0.0291616 -0.0417387
-0.0691779 -0.0311124 -0.2979970 0.3094429 0.2013317 -0.0266612 0.0021485 -0.0329136 -0.3167507 0.3381792 0.2376593 0.0237099 -0.2249694 -0.1011788 -0.9690983 0.8360263 0.5439408 -0.0720309 0.0067464 -0.1033512 -0.9946220 0.8168263 0.5740341 0.0572681 -0.0024824 -0.0064134 -0.0012717 -0.0039785 0.0056357 -0.0022888 -0.0024855 -0.0064134 -0.0012805 -0.0050949 0.0076675 -0.0031781 -0.0061867 -0.0198688 0.0037413 -0.0106944 0.0152630 -0.0061888 -0.0077981 -0.0193715 0.0021816 -0.0126407 0.0182734 -0.0076968
-0.0716603 -0.0375258 -0.2992687 0.3054643 0.2069674 -0.0289500 -0.0003370 -0.0393269 -0.3180312 0.3330843 0.2453268 0.0205319 -0.2311561 -0.1210476 -0.9653571 0.8253319 0.5592038 -0.0782198 -0.0010517 -0.1227227 -0.9924404 0.8041857 0.5923074 0.0495713 -0.0171025 -0.0073381 0.0024963 -0.0003672 0.0026904 -0.0022366 -0.0171258 -0.0073381 0.0024046 -0.0006249 0.0036150 -0.0028217 -0.0524363 -0.0222900 0.0171853 -0.0040775 0.0051489 -0.0057277 -0.0535991 -0.0233177 0.0046725 -0.0044472 0.0065276 -0.0069692
-0.0887628 -0.0448639 -0.2967723 0.3050972 0.2096578 -0.0311866 -0.0174629 -0.0466650 -0.3156266 0.3324594 0.2489418 0.0177101 -0.2835924 -0.1433376 -0.9481717 0.8212545 0.5643527 -0.0839474 -0.0546508 -0.1460404 -0.9877679 0.7997385 0.5988351 0.0426021 -0.0127842 -0.0104770 -0.0049895 -0.0615783 0.0856479 -0.1375521 -0.0127426 -0.0104770 -0.0048315 -0.1260017 0.0704130 -0.2455293 -0.0306355 -0.0279096 0.0143970 -0.2390991 0.1416040 -0.3194386 -0.0377456 -0.0287532 0.0075077 -0.3340082 0.1215703 -0.5565199
-0.1015470 -0.0553408 -0.3017618 0.2435189 0.2953057 -0.1687387 -0.0302054 -0.0571420 -0.3204581 0.2064577 0.3193548 -0.2278191 -0.3142279 -0.1712472 -0.9337747 0.5821554 0.7059567 -0.4033860 -0.0923964 -0.1747937 -0.9802602 0.4657303 0.7204053 -0.5139178 -0.0137108 0.0205938 0.0213537 0.0029563 0.0014312 0.0003309 -0.0136754 0.0205938 0.0214898 0.0068836 0.0204665 0.0095292 -0.0634729 0.0573808 0.0148751 0.0034236 -0.0009653 0.0032806 -0.0517712 0.0547168 -0.0019807 0.0013295 0.0235522 0.0360241
-0.1152578 -0.0347471 -0.2804081 0.2464752 0.2967369 -0.1684078 -0.0438808 -0.0365482 -0.2989683 0.2133413 0.3398213 -0.2182899 -0.3777008 -0.1138664 -0.9188996 0.5855790 0.7049914 -0.4001054 -0.1441676 -0.1200769 -0.9822409 0.4670598 0.7439575 -0.4778936 0.0235097 -0.0181262 -0.0186806 0.0005780 -0.0001449 0.0003802 -0.0497192 -0.0869937 -0.0212126 0.0005529 0.0007288 0.0011651 0.0885311 -0.0527783 -0.0237617 0.0012549 -0.0004861 0.0009836 -0.1189581 -0.2272206 0.0821580 0.0009583 0.0011943 0.0028065
-0.0917481 -0.0528732 -0.2990886 0.2470531 0.2965920 -0.1680276 -0.0936001 -0.1235420 -0.3201808 0.2138942 0.3405501 -0.2171249 -0.2891697 -0.1666447 -0.9426613 0.5868339 0.7045053 -0.3991218 -0.2631257 -0.3472975 -0.9000829 0.4680182 0.7451518 -0.4750872 -0.0030739 0.0057776 0.0037092 -0.0033597 -0.0009861 -0.0086126 -0.0038931 0.0069866 0.0000908 -0.0021803 0.0086296 0.0011211 -0.0130225 0.0165536 0.0013046 -0.0091781 -0.0037953 -0.0195895 -0.0120244 0.0183490 -0.0032915 -0.0097231 0.0107142 0.0075059
-0.0948220 -0.0470956 -0.2953794 0.2436935 0.2956059 -0.1766402 -0.0974931 -0.1165554 -0.3200900 0.2117139 0.3491797 -0.2160038 -0.3021923 -0.1500910 -0.9413567 0.5776558 0.7007101 -0.4187113 -0.2751501 -0.3289485 -0.9033744 0.4582950 0.7558660 -0.4675813 -0.0239114 -0.0055953 -0.0088109 0.0601305 -0.0908168 0.1509943 0.0049356 -0.0007573 -0.0082102 0.1205271 -0.1054154 0.2389007 -0.0567735 -0.0092090 0.0217008 0.2495385 -0.1431491 0.3488876 0.0185503 0.0037195 -0.0067809 0.3467282 -0.1652226 0.5230608
-0.1187334 -0.0526909 -0.3041903 0.3038239 0.2047891 -0.0256459 -0.0925576 -0.1173127 -0.3283002 0.3322410 0.2437643 0.0228970 -0.3589658 -0.1593001 -0.9196559 0.8271943 0.5575610 -0.0698237 -0.2565998 -0.3252290 -0.9101553 0.8050233 0.5906434 0.0554796 -0.0109846 0.0027610 -0.0130036 -0.0281805 0.0786933 -0.1296621 0.0024133 0.0148382 -0.0222915 -0.0866096 0.0807802 -0.2316424 -0.0156045 0.0151236 0.0037355 -0.1783289 0.1097573 -0.2957717 0.0169947 0.0528500 -0.0217240 -0.2680372 0.1188582 -0.5118275
-0.1297180 -0.0499300 -0.3171939 0.2756435 0.2834824 -0.1553080 -0.0901442 -0.1024744 -0.3505917 0.2456314 0.3245445 -0.2087454 -0.3745703 -0.1441764 -0.9159204 0.6488654 0.6673183 -0.3655954 -0.2396051 -0.2723790 -0.9318793 0.5369861 0.7095016 -0.4563479 -0.0068564 0.0046160 0.0005712 0.0194667 -0.0071357 -0.0136215 -0.0052085 0.0081117 -0.0026014 0.0758073 0.0149673 0.0401918 -0.0181253 0.0138842 0.0055282 0.0246377 -0.0366374 -0.0199369 -0.0127765 0.0226178 -0.0029591 0.1097818 -0.0263688 0.1172006
-0.1365744 -0.0453140 -0.3166226 0.2951102 0.2763467 -0.1689295 -0.0953528 -0.0943628 -0.3531931 0.3214387 0.3395118 -0.1685537 -0.3926956 -0.1302923 -0.9103923 0.6735031 0.6306809 -0.3855323 -0.2523816 -0.2497612 -0.9348384 0.6467679 0.6831328 -0.3391473 -0.0030293 0.0079539 -0.0003298 0.0117464 -0.1160122 0.1674022 0.0135416 0.0658132 -0.0087582 0.0161101 -0.1544455 0.2229686 -0.0080678 0.0230418 0.0005099 0.2127941 -0.1675850 0.3811211 0.0325646 0.1730519 -0.0376821 0.2214583 -0.2071144 0.4791109
-0.1396037 -0.0373601 -0.3169525 0.3068566 0.1603345 -0.0015273 -0.0818111 -0.0285496 -0.3619512 0.3375488 0.1850663 0.0544150 -0.4007634 -0.1072505 -0.9098824 0.8862972 0.4630959 -0.0044113 -0.2198170 -0.0767094 -0.9725205 0.8682262 0.4760183 0.1399635 0.1567715 0.0968522 0.0338403 -0.0018093 -0.0009130 0.0002291 0.1760091 0.1022160 0.0602088 -0.0017464 -0.0011945 0.0003191 0.4600026 0.3125342 -0.0670256 -0.0000363 0.0000751 0.0006398 0.5100369 0.3036725 0.0428646 0.0000633 -0.0005781 0.0015633
0.0171678 0.0594921 -0.2831122 0.3050472 0.1594215 -0.0012981 0.0941979 0.0736664 -0.3017425 0.3358024 0.1838718 0.0547341 0.0592391 0.2052837 -0.9769080 0.8862609 0.4631710 -0.0037715 0.2902199 0.2269631 -0.9296559 0.8682896 0.4754402 0.1415268 0.0061629 0.0282937 -0.0045819 0.0036750 -0.0153347 0.0185890 -0.0027677 0.0351052 -0.0050447 0.0034682 -0.0186067 0.0200164 0.0180933 0.0856938 0.0233086 0.0187390 -0.0407896 0.0544584 -0.0197934 0.0947547 0.0222601 0.0135883 -0.0458609 0.0527747
0.0233306 0.0877858 -0.2876940 0.3087222 0.1440868 0.0172908 0.0914302 0.1087716 -0.3067871 0.3392706 0.1652651 0.0747505 0.0773324 0.2909775 -0.9535994 0.9049999 0.4223814 0.0506869 0.2704265 0.3217178 -0.9073958 0.8818778 0.4295793 0.1943015 0.0249914 0.0287596 -0.0343613 0.0692310 0.0003012 0.0017425 0.0225381 0.0593372 -0.0376455 0.0696622 0.0000425 0.0016056 0.0623725 0.0459694 0.0224983 0.0281218 -0.0659046 -0.0036959 0.0145982 0.0987077 0.0459997 0.0316497 -0.0602936 -0.0237273
0.0483220 0.1165454 -0.3220553 0.3779532 0.1443880 0.0190333 0.1139682 0.1681088 -0.3444327 0.4089328 0.1653076 0.0763561 0.1397049 0.3369469 -0.9311011 0.9331217 0.3564769 0.0469910 0.2850247 0.4204255 -0.8613961 0.9135275 0.3692857 0.1705742 -0.0521452 0.0012419 0.0342963 -0.0730438 0.0077462 0.0399247 -0.0497616 -0.0041599 0.0369195 -0.0819001 0.0165631 0.0401316 -0.1519999 0.0418438 0.0057004 -0.0514188 0.0834478 0.1234973 -0.1038307 0.0422456 -0.0064196 -0.0790777 0.0947718 0.1266533
-0.0038232 0.1177873 -0.2877590 0.3049094 0.1521342 0.0589580 0.0642066 0.1639489 -0.3075131 0.3270327 0.1818707 0.1164876 -0.0122950 0.3787907 -0.9254007 0.8817029 0.4399247 0.1704883 0.1811940 0.4626711 -0.8678158 0.8344498 0.4640575 0.2972275 0.0403323 0.0486369 -0.0175600 0.0424625 0.0177237 -0.0212943 0.0319621 0.0509793 -0.0153257 0.0431898 0.0177441 -0.0215890 0.1167134 0.0971937 0.0521678 0.0124177 -0.0027177 -0.0735433 0.0594781 0.0752086 0.0598787 0.0241757 -0.0011079 -0.0771370
0.0365091 0.1664242 -0.3053190 0.3473719 0.1698579 0.0376638 0.0961687 0.2149282 -0.3228388 0.3702225 0.1996148 0.0948987 0.1044184 0.4759844 -0.8732329 0.8941206 0.4372070 0.0969450 0.2406720 0.5378798 -0.8079371 0.8586256 0.4629496 0.2200905 -0.0419650 -0.0061223 0.0179432 -0.0107933 -0.2724078 -0.0840287 -0.0510189 -0.0037197 0.0184386 0.0001822 -0.3572849 -0.1188810 -0.1209965 0.0110972 0.0000338 0.0542653 -0.7261644 -0.2275887 -0.1197044 0.0280010 -0.0076276 0.0598550 -0.8539190 -0.2795586
-0.0054560 0.1603019 -0.2873758 0.3365786 -0.1025499 -0.0463650 0.0451498 0.2112085 -0.3044002 0.3704047 -0.1576701 -0.0239823 -0.0165781 0.4870816 -0.8731991 0.9483859 -0.2889573 -0.1306437 0.1209676 0.5658807 -0.8155647 0.9184805 -0.3909694 -0.0594681 0.0085164 0.0264744 -0.0027732 0.0011973 -0.0006668 -0.0049305 0.0105414 0.0230908 -0.0060886 0.0017513 -0.0008978 -0.0063895 0.0254468 0.0541712 0.0323860 -0.0019694 -0.0002463 -0.0130814 0.0207623 0.0303934 0.0253940 -0.0010893 0.0000882 -0.0154005
0.0030604 0.1867763 -0.2901490 0.3377759 -0.1032167 -0.0512955 0.0556912 0.2342993 -0.3104888 0.3721560 -0.1585679 -0.0303718 0.0088687 0.5412529 -0.8408131 0.9464166 -0.2892037 -0.1437251 0.1417299 0.5962741 -0.7901707 0.9173912 -0.3908812 -0.0748687 -0.0006314 0.0002577 -0.0000491 0.0057307 0.0061648 0.0058765 -0.0072240 0.0073570 0.0018802 0.0076911 0.0083106 0.0080223 -0.0018332 0.0004707 0.0002859 0.0082152 0.0194889 0.0175023 -0.0190130 0.0155902 0.0087857 0.0111095 0.0235913 0.0202373
0.0024290 0.1870340 -0.2901981 0.3435067 -0.0970519 -0.0454189 0.0484672 0.2416563 -0.3086086 0.3798471 -0.1502573 -0.0223495 0.0070354 0.5417236 -0.8405272 0.9546317 -0.2697148 -0.1262228 0.1227170 0.6118643 -0.7813850 0.9285007 -0.3672899 -0.0546314 -0.0016819 -0.0014746 0.0005513 0.0088385 0.0048483 -0.0040735 -0.0015382 -0.0015560 0.0006741 0.0118583 0.0065437 -0.0052110 -0.0048636 -0.0022888 -0.0014973 0.0039820 0.0188594 -0.0084298 -0.0033917 -0.0013669 -0.0015928 0.0082658 0.0235977 -0.0112799
0.0007471 0.1855594 -0.2896468 0.3523451 -0.0922037 -0.0494925 0.0469290 0.2401003 -0.3079345 0.3917054 -0.1437136 -0.0275605 0.0021719 0.5394348 -0.8420245 0.9586137 -0.2508555 -0.1346526 0.1193253 0.6104974 -0.7829779 0.9367665 -0.3436922 -0.0659112 0.0045972 -0.0089911 -0.0004754 0.0309610 0.0124941 -0.0184621 0.0060008 -0.0094363 0.0019633 0.0383218 0.0168088 -0.0238592 0.0135620 -0.0196121 -0.0121047 0.0060180 0.0502577 -0.0363627 0.0175097 -0.0141814 -0.0080236 0.0160956 0.0624942 -0.0480256
0.0053443 0.1765683 -0.2901222 0.3833061 -0.0797095 -0.0679546 0.0529298 0.2306640 -0.3059712 0.4300272 -0.1269048 -0.0514198 0.0157338 0.5198228 -0.8541292 0.9646317 -0.2005977 -0.1710152 0.1368349 0.5963161 -0.7910015 0.9528621 -0.2811980 -0.1139369 -0.0124607 -0.0351091 0.0017955 -0.0880560 0.0608976 -0.2288807 -0.0082036 -0.0378201 0.0069777 -0.1366875 0.0426151 -0.2114908 -0.0378869 -0.0794660 -0.0434203 -0.2601314 0.1557104 -0.5372675 -0.0121067 -0.0585313 -0.0428033 -0.2246713 0.0719558 -0.5387161
-0.0071164 0.1414592 -0.2883267 0.2952502 -0.0188119 -0.2968354 0.0447262 0.1928439 -0.2989935 0.2933397 -0.0842898 -0.2629105 -0.0221531 0.4403568 -0.8975495 0.7045003 -0.0448873 -0.7082827 0.1247282 0.5377848 -0.8338048 0.7281908 -0.2092421 -0.6526530 -0.0009091 -0.0200742 0.0016869 0.0134471 0.0883588 -0.0288342 0.0199919 -0.0323821 -0.0010531 -0.0160549 0.1184211 -0.1193354 -0.0036205 -0.0505349 -0.0229800 -0.0246748 0.1980463 -0.0089199 0.0621245 -0.0745027 -0.0324837 -0.1425338 0.2813313 -0.1546939
-0.0080255 0.1213850 -0.2866398 0.3086973 0.0695469 -0.3256696 0.0647181 0.1604618 -0.3000466 0.2772848 0.0341313 -0.3822460 -0.0257736 0.3898219 -0.9205295 0.6798255 0.1531590 -0.7172026 0.1868528 0.4632821 -0.8662885 0.5856570 0.0720892 -0.8073469 -0.0243896 -0.0561292 -0.0061094 0.0084166 -0.0042191 -0.0061783 -0.0044144 -0.0636184 -0.0118510 0.0084288 -0.0044288 -0.0060534 -0.0816749 -0.1735143 -0.0498651 0.0041563 -0.0122537 0.0014410 -0.0052738 -0.1716794 -0.0728584 0.0058801 -0.0105936 0.0034177
-0.0324151 0.0652558 -0.2927492 0.3171138 0.0653278 -0.3318479 0.0603037 0.0968434 -0.3118976 0.2857136 0.0297025 -0.3882994 -0.1074484 0.2163076 -0.9703947 0.6839818 0.1409053 -0.7157616 0.1815790 0.2916027 -0.9391469 0.5915371 0.0614956 -0.8039292 0.0507017 -0.0157462 0.0023807 0.0583416 0.1943126 0.2761425 0.0404839 -0.0160597 0.0126420 0.1159700 0.2865784 0.3606608 0.1694104 -0.0485502 -0.0134845 0.1324514 0.4236864 0.5946294 0.1276407 -0.0437557 0.0210211 0.1929964 0.5562367 0.7499478
0.0182866 0.0495096 -0.2903685 0.3754554 0.2596404 -0.0557054 0.1007876 0.0807837 -0.2992556 0.4016836 0.3162809 -0.0276387 0.0619619 0.1677574 -0.9838792 0.8164332 0.5645918 -0.1211322 0.3092197 0.2478470 -0.9181258 0.7845335 0.6177323 -0.0539814 -0.0014272 -0.0159689 0.0042603 -0.0534486 0.0294436 -0.1285154 0.0040736 -0.0478695 0.0051561 -0.0991576 -0.0146868 -0.2266242 -0.0035362 -0.0515228 -0.0076227 -0.1317697 0.0500700 -0.2705652 0.0247710 -0.1430128 -0.0186025 -0.1759789 -0.0110524 -0.4574879
0.0168594 0.0335407 -0.2861083 0.3220068 0.2890840 -0.1842208 0.1048613 0.0329142 -0.2940995 0.3025261 0.3015941 -0.2542628 0.0584257 0.1162345 -0.9915019 0.6846635 0.6146617 -0.3916974 0.3339907 0.1048341 -0.9367284 0.6085546 0.6066799 -0.5114693 -0.1115772 -0.0469031 -0.0359272 -0.0106468 0.0050828 0.0289083 -0.1662166 -0.0757219 -0.0799342 -0.0017373 0.0267266 0.0344247 -0.3403730 -0.1560105 0.0328968 -0.0013060 0.0309610 0.0508253 -0.4948417 -0.2170600 -0.0438492 -0.0028406 0.0544766 0.0687700
-0.0947179 -0.0133624 -0.3220355 0.3113600 0.2941668 -0.1553124 -0.0613554 -0.0428077 -0.3740337 0.3007888 0.3283207 -0.2198381 -0.2819473 -0.0397759 -0.9586050 0.6833575 0.6456228 -0.3408721 -0.1608510 -0.1122259 -0.9805775 0.6057140 0.6611565 -0.4426994 0.1113713 -0.0046501 0.0517416 -0.0173173 -0.0064499 -0.0396266 0.1659975 0.0356610 0.0935588 -0.0168078 0.0324249 0.0221830 0.3433074 -0.0265916 -0.0373017 -0.0374503 -0.0136111 -0.0873395 0.5103047 0.0883594 0.0439279 -0.0375817 0.0605512 0.0472706
0.0166534 -0.0180125 -0.2702939 0.2940427 0.2877169 -0.1949390 0.1046421 -0.0071467 -0.2804749 0.2839809 0.3607456 -0.1976551 0.0613602 -0.0663675 -0.9959068 0.6459072 0.6320117 -0.4282116 0.3494537 -0.0238665 -0.9366496 0.5681323 0.7217076 -0.3954287 -0.1182890 -0.0161903 -0.0322031 -0.0000558 0.0020859 0.0044434 -0.1133800 -0.0611046 -0.0351325 -0.0148144 -0.0017598 0.0008665 -0.3780386 -0.0402022 0.0533795 0.0007217 0.0054142 0.0092134 -0.3765044 -0.1874242 -0.0403993 -0.0187523 0.0109971 -0.0062248
-0.1016356 -0.0342027 -0.3024970 0.2939869 0.2898028 -0.1904956 -0.0087379 -0.0682513 -0.3156073 0.2691665 0.3589858 -0.1967885 -0.3166785 -0.1065697 -0.9425273 0.6466288 0.6374258 -0.4189982 -0.0270507 -0.2112907 -0.9770489 0.5493799 0.7327047 -0.4016535 -0.0160885 0.0030654 0.0086859 -0.0141369 0.0001458 0.0190748 -0.0159976 0.0026668 0.0104883 -0.0121813 -0.0134529 -0.0174066 -0.0534691 0.0086678 0.0187275 -0.0075808 0.0246827 0.0275523 -0.0519598 0.0018001 0.0024356 -0.0150528 -0.0142680 -0.0437040
-0.1177241 -0.0311373 -0.2938111 0.2798500 0.2899486 -0.1714208 -0.0247355 -0.0655845 -0.3051190 0.2569852 0.3455329 -0.2141952 -0.3701476 -0.0979019 -0.9237998 0.6390480 0.6621085 -0.3914459 -0.0790105 -0.2094906 -0.9746133 0.5343271 0.7184367 -0.4453575 -0.0200122 -0.0080779 -0.0042421 -0.0029445 -0.0003888 0.0029959 -0.0822453 -0.0319194 -0.0260792 -0.0034692 0.0027111 0.0076764 -0.0463853 -0.0206902 0.0224473 -0.0019169 0.0041388 0.0039174 -0.2169685 -0.0602691 0.0583021 -0.0036223 0.0105697 0.0130357
-0.1377363 -0.0392152 -0.2980532 0.2769055 0.2895598 -0.1684250 -0.1069808 -0.0975039 -0.3311982 0.2535160 0.3482440 -0.2065187 -0.4165328 -0.1185921 -0.9013525 0.6371312 0.6662473 -0.3875285 -0.2959790 -0.2697597 -0.9163112 0.5307048 0.7290064 -0.4323218 -0.0097972 0.0163109 0.0106799 -0.0053229 -0.0008690 0.0010544 -0.0120772 0.0167149 0.0080401 0.0121224 -0.0447183 0.0303718 -0.0390385 0.0478653 0.0139673 -0.0059061 0.0047413 -0.0014821 -0.0405890 0.0413751 0.0027673 0.0728328 -0.0393877 0.0321112
-0.1475335 -0.0229044 -0.2873733 0.2715826 0.2886908 -0.1673706 -0.1190580 -0.0807891 -0.3231581 0.2656383 0.3035257 -0.1761469 -0.4555714 -0.0707268 -0.8873852 0.6312250 0.6709886 -0.3890106 -0.3365680 -0.2283846 -0.9135439 0.6035375 0.6896187 -0.4002105 0.0218598 -0.0261548 -0.0213949 -0.0028440 -0.0054431 -0.0052440 0.0298398 -0.0206675 -0.0225908 -0.0037888 -0.0075635 -0.0051442 0.0826023 -0.0748689 -0.0289641 -0.0017164 -0.0074932 -0.0153317 0.0962228 -0.0449296 -0.0178709 -0.0012666 -0.0088865 -0.0167707
-0.1256737 -0.0490591 -0.3087682 0.2687387 0.2832477 -0.1726147 -0.0892182 -0.1014565 -0.3457490 0.2618495 0.2959622 -0.1812911 -0.3729691 -0.1455957 -0.9163492 0.6295086 0.6634954 -0.4043423 -0.2403453 -0.2733142 -0.9314148 0.6022709 0.6807322 -0.4169813 -0.0070769 -0.0024239 0.0049237 -0.0217975 -0.0239347 -0.0207021 -0.0053419 0.0011867 0.0018624 -0.0077328 -0.0514619 -0.0064516 -0.0226502 -0.0078326 0.0108410 -0.0226737 -0.0262580 -0.0707155 -0.0148930 0.0026640 0.0031897 0.0338104 -0.0687218 -0.0529589
-0.1327506 -0.0514831 -0.3038445 0.2469412 0.2593130 -0.1933167 -0.0945601 -0.1002698 -0.3438866 0.2541167 0.2445003 -0.1877427 -0.3956193 -0.1534283 -0.9055082 0.6068349 0.6372374 -0.4750578 -0.2552383 -0.2706503 -0.9282251 0.6360813 0.6120104 -0.4699402 -0.0023842 -0.0023922 -0.0149634 0.0137314 -0.0707899 0.0373701 0.0024938 0.0026133 -0.0157911 -0.0083080 -0.0321497 -0.0051499 0.0099957 -0.0003113 -0.0042492 0.1223070 -0.1099088 0.0388507 0.0154215 0.0162717 -0.0086737 0.0145746 -0.0499181 -0.0406469
-0.1351347 -0.0538752 -0.3188079 0.2606726 0.1885231 -0.1559466 -0.0920662 -0.0976565 -0.3596777 0.2458087 0.2123506 -0.1928926 -0.3856236 -0.1537396 -0.9097574 0.7291419 0.5273286 -0.4362071 -0.2398168 -0.2543786 -0.9368989 0.6506559 0.5620923 -0.5105870 0.0242786 0.0064615 -0.0045286 0.0052818 -0.0349397 -0.0135570 0.0378684 0.0289350 -0.0058228 0.0109467 -0.0514933 -0.0494430 0.0643805 0.0163425 -0.0272190 0.0290243 -0.0895026 -0.0470034 0.0956098 0.0715273 -0.0356081 0.0111265 -0.1474854 -0.1140289
-0.1108562 -0.0474137 -0.3233365 0.2659544 0.1535834 -0.1695037 -0.0541978 -0.0687216 -0.3655004 0.2567554 0.1608573 -0.2423357 -0.3212431 -0.1373971 -0.9369765 0.7581662 0.4378260 -0.4832106 -0.1442070 -0.1828513 -0.9725069 0.6617824 0.4146069 -0.6246160 0.0759795 0.0692807 0.0553185 0.0096035 0.0170449 0.0063248 0.0894820 0.1054589 0.0802101 -0.0340337 -0.0312410 0.0050775 0.1926233 0.2180393 -0.0514333 0.0012217 0.0323949 0.0335191 0.2659599 0.3096182 -0.0119251 -0.0259453 -0.0445716 -0.0527207
-0.0348767 0.0218670 -0.2680180 0.2755579 0.1706283 -0.1631788 0.0352842 0.0367373 -0.2852903 0.2227216 0.1296163 -0.2372581 -0.1286198 0.0806422 -0.9884097 0.7593878 0.4702209 -0.4496915 0.1217529 0.1267669 -0.9844320 0.6358371 0.3700353 -0.6773367 -0.0059759 0.0135864 0.0031253 -0.0395207 -0.1245297 -0.0478852 0.0131303 0.0353156 -0.0051617 -0.0829638 -0.0665919 -0.0673297 -0.0224851 0.0504923 0.0086286 -0.0217236 -0.3261533 -0.2099266 0.0379536 0.1109163 0.0263086 -0.2259851 -0.1852107 -0.2158940
-0.0408526 0.0354534 -0.2648927 0.2360372 0.0460986 -0.2110640 0.0484145 0.0720529 -0.2904520 0.1397578 0.0630244 -0.3045879 -0.1511049 0.1311345 -0.9797811 0.7376643 0.1440675 -0.6596181 0.1597065 0.2376833 -0.9581234 0.4098521 0.1848246 -0.8932307 0.0148496 0.0291217 -0.0054251 0.0295437 -0.0118148 0.0130071 0.0114483 0.0356136 -0.0069130 0.0980086 -0.0751279 0.0563645 0.0579502 0.1002034 0.0113778 0.0597101 -0.0411346 0.0649762 0.0262767 0.0968178 0.0342623 0.2814516 -0.2200153 0.1715238
-0.0260030 0.0645751 -0.2703178 0.2655809 0.0342838 -0.1980569 0.0598628 0.1076665 -0.2973650 0.2377665 -0.0121035 -0.2482233 -0.0931547 0.2313379 -0.9684033 0.7973743 0.1029329 -0.5946419 0.1859832 0.3345011 -0.9238611 0.6913036 -0.0351907 -0.7217069 0.0613787 0.0676797 -0.0266874 0.0194182 -0.0160549 0.0555665 0.0346126 0.0629390 -0.0215118 0.0217565 -0.0011513 0.0371295 0.2013243 0.1730622 0.0602404 0.0956042 -0.0458169 0.1481813 0.0667709 0.1219274 0.0707559 0.0838635 -0.0043998 0.0911924
0.0353757 0.1322548 -0.2970052 0.2849991 0.0182289 -0.1424904 0.0944753 0.1706055 -0.3188768 0.2595230 -0.0132547 -0.2110938 0.1081696 0.4044001 -0.9081630 0.8929785 0.0571160 -0.4464606 0.2527541 0.4564284 -0.8531052 0.7751671 -0.0395904 -0.6305145 -0.0498870 -0.0075947 0.0164548 -0.0254642 -0.0441361 -0.0048549 -0.0437732 0.0029087 0.0149550 -0.0193081 -0.0471631 0.0014782 -0.1553850 0.0012068 -0.0046644 -0.0266108 -0.1435983 -0.0454009 -0.1093732 0.0342529 -0.0063561 -0.0348773 -0.1466042 -0.0154751
-0.0145113 0.1246601 -0.2805504 0.2595348 -0.0259072 -0.1473453 0.0507022 0.1735142 -0.3039217 0.2402148 -0.0604178 -0.2096156 -0.0472154 0.4056068 -0.9128274 0.8663677 -0.0864823 -0.4918615 0.1433809 0.4906814 -0.8594613 0.7402898 -0.1861946 -0.6459896 -0.0008291 0.0073795 -0.0016306 0.0107856 0.0040579 0.0187747 -0.0027677 0.0254718 -0.0078819 0.0094540 0.0007249 0.0196561 -0.0019647 0.0177016 0.0081776 0.0342955 0.0136841 0.0634854 -0.0148635 0.0428206 0.0234835 0.0415212 -0.0007273 0.0511520
-0.0153404 0.1320396 -0.2821810 0.2703205 -0.0218493 -0.1285706 0.0479345 0.1989860 -0.3118037 0.2496689 -0.0596929 -0.1899595 -0.0491802 0.4233085 -0.9046498 0.9006633 -0.0727982 -0.4283761 0.1285174 0.5335020 -0.8359778 0.7818110 -0.1869219 -0.5948376 0.0299805 0.0508334 -0.0188882 0.0166967 0.0051705 0.0076585 0.0177729 0.0311437 -0.0137746 0.0147298 -0.0080335 -0.0036230 0.0907052 0.0953899 0.0507015 0.0195813 0.0193221 0.0407033 0.0340936 0.0360172 0.0302448 0.0083451 -0.0154786 0.0163158
0.0146401 0.1828730 -0.3010691 0.2870171 -0.0166788 -0.1209121 0.0657074 0.2301297 -0.3255783 0.2643986 -0.0677264 -0.1935825 0.0415250 0.5186984 -0.8539483 0.9202446 -0.0534761 -0.3876728 0.1626110 0.5695191 -0.8057330 0.7901561 -0.2024005 -0.5785217 0.0031130 0.0043757 -0.0024481 0.0018961 -0.0012910 0.0005399 -0.0020608 0.0104644 -0.0000686 0.0019391 -0.0023199 0.0014290 0.0081935 0.0057029 0.0039299 0.0013240 -0.0038436 0.0037121 -0.0073211 0.0175012 0.0111940 0.0029752 -0.0061914 0.0063048
0.0177531 0.1872487 -0.3035172 0.2889132 -0.0179698 -0.1203723 0.0636465 0.2405941 -0.3256469 0.2663377 -0.0700463 -0.1921535 0.0497186 0.5244013 -0.8500184 0.9215686 -0.0573197 -0.3839607 0.1552898 0.5870204 -0.7945389 0.7931313 -0.2085920 -0.5722169 -0.0128250 0.0118608 -0.0005959 -0.0194367 0.0049020 0.0044460 -0.0150322 0.0147941 0.0024057 -0.0188454 0.0070932 0.0081956 -0.0361624 0.0233107 0.0134614 -0.0038731 0.0128175 -0.0108235 -0.0380945 0.0286475 0.0152968 -0.0067716 0.0085706 -0.0122743
0.0049281 0.1991095 -0.3041132 0.2694765 -0.0130678 -0.1159263 0.0486144 0.2553882 -0.3232413 0.2474923 -0.0629531 -0.1839579 0.0135561 0.5477121 -0.8365571 0.9176955 -0.0445021 -0.3947842 0.1171953 0.6156679 -0.7792422 0.7863596 -0.2000214 -0.5844912 0.0144290 0.0051985 -0.0088270 -0.0190439 0.0235817 -0.0486384 0.0137739 0.0046973 -0.0115760 0.0088756 0.0087826 -0.0155668 0.0381689 -0.0017696 0.0003326 -0.0824959 0.0795663 -0.1540437 0.0283909 -0.0087453 -0.0020706 -0.0079454 0.0355427 -0.0213289
0.0193570 0.2043080 -0.3129402 0.2504326 0.0105139 -0.1645647 0.0623883 0.2600855 -0.3348172 0.2563680 -0.0541705 -0.1995247 0.0517250 0.5459425 -0.8362244 0.8351996 0.0350642 -0.5488279 0.1455863 0.6069225 -0.7813128 0.7784142 -0.1644788 -0.6058201 0.0039461 -0.0091176 -0.0073417 0.0155876 0.0055033 0.0208681 0.0043068 -0.0111672 -0.0113844 -0.0113096 0.0270421 -0.0030391 0.0102851 -0.0265376 -0.0160510 0.0434105 0.0178374 0.0742274 0.0089497 -0.0301665 -0.0208537 -0.0104350 0.0794620 -0.0289870
0.0233032 0.1951904 -0.3202819 0.2660201 0.0160172 -0.1436966 0.0666952 0.2489183 -0.3462017 0.2450583 -0.0271284 -0.2025638 0.0620101 0.5194049 -0.8522754 0.8786101 0.0529015 -0.4746006 0.1545360 0.5767561 -0.8021665 0.7679792 -0.0850167 -0.6348071 -0.0307105 -0.0375449 0.0016214 -0.0897323 -0.1264993 -0.1888099 -0.0274249 -0.0415195 -0.0005185 -0.0791310 -0.1382958 -0.1966626 -0.0828407 -0.0760826 -0.0438448 -0.4291598 -0.3345784 -0.3731332 -0.0577923 -0.0658213 -0.0519918 -0.4095294 -0.2723462 -0.2276344
-0.0074073 0.1576455 -0.3186605 0.1762878 -0.1104821 -0.3325065 0.0392702 0.2073988 -0.3467202 0.1659273 -0.1654242 -0.3992264 -0.0208305 0.4433223 -0.8961202 0.4494503 -0.2816769 -0.8477338 0.0967437 0.5109348 -0.8541582 0.3584498 -0.3573630 -0.8624416 0.0300237 -0.0297686 -0.0118889 -0.0200728 0.0088410 -0.0582011 0.0398229 -0.0462307 -0.0176458 -0.0218688 0.0063055 -0.0627215 0.0845128 -0.0832513 -0.0346286 -0.0885778 0.0468757 -0.0548400 0.0979740 -0.1141584 -0.0428666 -0.0756381 0.0449854 -0.0444420
0.0226164 0.1278769 -0.3305494 0.1562150 -0.1016411 -0.3907076 0.0790931 0.1611681 -0.3643659 0.1440585 -0.1591187 -0.4619479 0.0636823 0.3600710 -0.9307489 0.3608725 -0.2348011 -0.9025738 0.1947177 0.3967763 -0.8970248 0.2828117 -0.3123776 -0.9068836 0.0256530 -0.0185308 -0.0544284 0.0138581 0.0196753 -0.0554081 0.0324830 -0.0100565 -0.0662929 -0.0278653 0.3175403 0.0268862 0.0560613 -0.0888121 -0.0242800 -0.0097862 0.0655971 -0.0183542 0.0427583 -0.0751538 -0.0195798 -0.0394063 0.6442447 -0.0044989
0.0482694 0.1093461 -0.3849778 0.1700731 -0.0819658 -0.4461157 0.1115761 0.1511116 -0.4306589 0.1161931 0.1584216 -0.4350617 0.1197436 0.2712589 -0.9550288 0.3510863 -0.1692040 -0.9209280 0.2374760 0.3216225 -0.9166047 0.2434055 0.3318671 -0.9113825 0.0584199 -0.0219819 0.0256158 -0.0447032 0.1918331 0.0533210 -0.0014290 -0.0693121 -0.0021785 0.0097486 -0.0608570 0.0411317 0.1574358 -0.0442862 0.0214042 -0.0572761 0.4266831 0.0003955 0.0051059 -0.1414718 -0.0366528 0.0529805 -0.1022627 -0.0156759
0.1066893 0.0873642 -0.3593620 0.1253699 0.1098673 -0.3927947 0.1101471 0.0817995 -0.4328374 0.1259417 0.0975646 -0.3939300 0.2771794 0.2269727 -0.9336246 0.2938102 0.2574791 -0.9205325 0.2425819 0.1801508 -0.9532574 0.2963860 0.2296044 -0.9270583 -0.1289876 -0.0881156 0.0331626 0.0856522 0.1628224 0.1622832 -0.0462195 -0.0788463 0.0565205 0.0462799 0.1744435 0.1006842 -0.3453779 -0.2292709 -0.0640445 0.2149716 0.3999853 0.3647613 -0.0751092 -0.1724142 -0.0325889 0.0990904 0.3950140 0.2536713
-0.0222983 -0.0007514 -0.3261993 0.2110221 0.2726897 -0.2305115 0.0639276 0.0029532 -0.3763169 0.1722216 0.2720081 -0.2932458 -0.0681985 -0.0022981 -0.9976691 0.5087817 0.6574644 -0.5557712 0.1674727 0.0077366 -0.9858463 0.3954764 0.6246185 -0.6733871 -0.0021682 -0.0102072 0.0045939 0.0775749 -0.0650897 0.1738697 0.0006177 -0.0259688 0.0112141 0.1491792 -0.0199780 0.2770243 -0.0076146 -0.0316588 0.0011254 0.2928943 -0.0807851 0.3984294 0.0062800 -0.0696935 0.0030080 0.3908153 -0.0080388 0.6337020
-0.0244665 -0.0109586 -0.3216054 0.2885970 0.2076000 -0.0566418 0.0645453 -0.0230156 -0.3651028 0.3214008 0.2520301 -0.0162215 -0.0758131 -0.0339569 -0.9965437 0.8016760 0.5766794 -0.1573418 0.1737528 -0.0619570 -0.9828384 0.7862917 0.6165797 -0.0396850 -0.0137163 -0.0269967 0.0181368 -0.0162495 -0.0099375 0.0134797 -0.0128156 -0.0324237 0.0220050 -0.0168151 -0.0114213 0.0154891 -0.0480735 -0.0891916 0.0119186 0.0010610 0.0059256 0.0301226 -0.0265327 -0.0958206 0.0063997 -0.0015939 0.0032960 0.0377983
-0.0381828 -0.0379553 -0.3034686 0.2723475 0.1976625 -0.0431621 0.0517297 -0.0554394 -0.3430978 0.3045856 0.2406088 -0.0007324 -0.1238866 -0.1231485 -0.9846251 0.8027370 0.5826050 -0.1272192 0.1472201 -0.1577776 -0.9764387 0.7846978 0.6198756 -0.0018868 -0.0080331 -0.0070532 0.0093807 0.0019411 -0.0032673 0.0036676 -0.0343591 -0.0115036 0.0187229 0.0018028 -0.0041455 0.0046423 -0.0296135 -0.0263413 0.0078495 0.0075644 -0.0083240 0.0105447 -0.0948463 -0.0440611 -0.0015788 0.0069109 -0.0089308 0.0119887
-0.0462159 -0.0450085 -0.2940879 0.2742886 0.1943952 -0.0394945 0.0173706 -0.0669430 -0.3243750 0.3063884 0.2364633 0.0039099 -0.1535001 -0.1494899 -0.9767756 0.8103014 0.5742810 -0.1166745 0.0523737 -0.2018387 -0.9780175 0.7916087 0.6109449 0.0101019 -0.0059835 -0.0088653 0.0103547 -0.0033376 -0.0031000 0.0041041 0.0174944 -0.0305721 0.0188239 -0.0033790 -0.0038606 0.0048596 -0.0243621 -0.0340776 0.0099932 0.0020046 -0.0007814 0.0105747 0.0556932 -0.1004175 0.0309363 0.0014151 -0.0021866 0.0128493
-0.0521993 -0.0538737 -0.2837332 0.2709509 0.1912952 -0.0353904 0.0348650 -0.0975151 -0.3055511 0.3030094 0.2326027 0.0087695 -0.1778622 -0.1835674 -0.9667823 0.8123060 0.5734996 -0.1060998 0.1080670 -0.3022562 -0.9470812 0.7930238 0.6087582 0.0229512 -0.0076628 -0.0067223 0.0079321 -0.0007338 -0.0109663 0.0094323 -0.0512416 0.0076055 0.0391675 -0.0005148 -0.0142099 0.0121067 -0.0295209 -0.0263581 0.0113120 0.0168398 -0.0201707 0.0264488 -0.1662176 -0.0169978 0.0011978 0.0164853 -0.0243149 0.0329158
-0.0598621 -0.0605960 -0.2758011 0.2702172 0.1803289 -0.0259581 -0.0163766 -0.0899096 -0.2663836 0.3024946 0.2183928 0.0208762 -0.2073831 -0.2099256 -0.9554703 0.8291458 0.5533289 -0.0796511 -0.0581506 -0.3192540 -0.9458834 0.8095090 0.5844433 0.0558669 -0.0073002 0.0002963 0.0072297 -0.0624739 0.1027830 -0.1216169 0.0362613 -0.0174332 -0.0152451 -0.1254683 0.0831995 -0.1988836 -0.0296610 -0.0028974 0.0075692 -0.2837508 0.1899339 -0.3077823 0.1239836 -0.0361301 0.0134842 -0.3583792 0.1841278 -0.5094971
-0.0671624 -0.0602997 -0.2685714 0.2077433 0.2831119 -0.1475750 0.0198847 -0.1073428 -0.2816287 0.1770263 0.3015923 -0.1780074 -0.2370441 -0.2128230 -0.9479011 0.5453951 0.7432628 -0.3874334 0.0658330 -0.3553841 -0.9323992 0.4511298 0.7685711 -0.4536301 0.0036057 -0.0029269 0.0008415 0.0090355 -0.0076144 0.0013239 0.0043123 -0.0014561 0.0003551 0.0071782 -0.0004403 0.0008384 0.0119378 -0.0111141 -0.0003496 0.0253100 -0.0179712 0.0024039 0.0141434 -0.0042204 0.0027280 0.0152291 -0.0061309 0.0050832
-0.0635567 -0.0632266 -0.2677299 0.2167788 0.2754975 -0.1462511 0.0241970 -0.1087989 -0.2812735 0.1842045 0.3011520 -0.1771690 -0.2251063 -0.2239370 -0.9482507 0.5707051 0.7252916 -0.3850296 0.0799764 -0.3596044 -0.9296711 0.4663589 0.7624402 -0.4485469 0.0019239 0.0002911 -0.0000030 -0.0060462 0.0020689 -0.0139651 0.0039778 0.0046228 -0.0004203 0.0022030 -0.0015766 -0.0011681 0.0064353 0.0006441 -0.0016563 -0.0212970 -0.0016389 -0.0326755 0.0134232 0.0142599 -0.0041456 0.0051476 -0.0046825 -0.0025461
-0.0616328 -0.0629355 -0.2677329 0.2107326 0.2775664 -0.1602162 0.0281748 -0.1041761 -0.2816938 0.1864075 0.2995754 -0.1783371 -0.2186710 -0.2232929 -0.9499070 0.5494081 0.7236527 -0.4177050 0.0933996 -0.3453445 -0.9338167 0.4715064 0.7577578 -0.4510930 0.0007183 0.0040322 0.0007624 -0.0116783 -0.0065872 -0.0236463 0.0042654 0.0146392 -0.0028158 0.0008193 -0.0125238 -0.0101448 0.0011934 0.0129955 -0.0032344 -0.0299828 -0.0165418 -0.0620777 0.0147255 0.0469128 -0.0144699 0.0071828 -0.0238431 -0.0308053
-0.0609145 -0.0589033 -0.2669705 0.1990543 0.2709792 -0.1838625 0.0324402 -0.0895369 -0.2845096 0.1872268 0.2870516 -0.1884820 -0.2174776 -0.2102974 -0.9531414 0.5194253 0.7071109 -0.4797828 0.1081251 -0.2984318 -0.9482866 0.4786893 0.7339146 -0.4818983 0.0110143 0.0006715 -0.0100651 0.0620604 -0.0637037 0.0472774 -0.0130197 0.0257694 -0.0171397 0.0103742 -0.0597468 -0.0010753 0.0438838 0.0077193 -0.0106155 0.2053356 -0.1317882 0.1006714 -0.0452606 0.0920153 -0.0281561 0.0765680 -0.0951901 -0.0507559
-0.0499002 -0.0582319 -0.2770357 0.2611147 0.2072755 -0.1365851 0.0194205 -0.0637676 -0.3016493 0.1976010 0.2273048 -0.1895572 -0.1735937 -0.2025780 -0.9637569 0.7247609 0.5753227 -0.3791113 0.0628645 -0.2064164 -0.9764427 0.5552572 0.6387245 -0.5326542 -0.0034656 0.0085499 -0.0012568 -0.0361461 -0.0245823 -0.0263492 0.0208305 0.0243453 -0.0096860 0.0036743 -0.0275540 -0.0064117 -0.0119070 0.0298826 -0.0035930 -0.0480994 -0.0258172 -0.1109631 0.0643544 0.0818170 -0.0075748 0.0286626 -0.0592276 -0.0358711
-0.0533658 -0.0496820 -0.2782924 0.2249686 0.1826932 -0.1629343 0.0402511 -0.0394223 -0.3113353 0.2012754 0.1997508 -0.1959689 -0.1855007 -0.1726954 -0.9673499 0.6766615 0.5495054 -0.4900745 0.1272190 -0.1245994 -0.9840174 0.5839198 0.5794969 -0.5685253 0.0622807 0.0634548 -0.0165807 -0.0184321 -0.0309033 -0.0253708 0.0500211 0.0585536 -0.0109917 -0.0350562 -0.0369424 -0.0531217 0.2156870 0.2193312 -0.0311059 -0.0272793 -0.0722549 -0.1019853 0.1420287 0.1816608 0.0226384 -0.0962649 -0.1018486 -0.1622584
0.0089149 0.0137729 -0.2948731 0.2065365 0.1517899 -0.1883051 0.0902722 0.0191313 -0.3223270 0.1662192 0.1628084 -0.2490906 0.0301863 0.0466358 -0.9984558 0.6493822 0.4772505 -0.5920597 0.2692477 0.0570614 -0.9613790 0.4876549 0.4776483 -0.7307837 -0.0488739 0.0036351 0.0002089 0.0021911 -0.0351046 0.0026191 -0.0444976 0.0315392 -0.0111254 0.0028450 -0.0302676 0.0032612 -0.1643352 0.0118058 0.0092194 0.0400402 -0.0918418 -0.0212566 -0.1347639 0.0918065 -0.0182905 0.0302022 -0.0716653 -0.0222116
-0.0399590 0.0174080 -0.2946642 0.2087276 0.1166853 -0.1856860 0.0457746 0.0506705 -0.3334524 0.1690642 0.1325408 -0.2458295 -0.1341489 0.0584415 -0.9892364 0.6894223 0.3854088 -0.6133163 0.1344838 0.1488679 -0.9796696 0.5178571 0.4059830 -0.7529952 0.0025125 0.0435466 0.0085140 0.0041031 0.0002644 0.0253799 -0.0014560 0.0493405 0.0054683 0.0039295 -0.0006632 0.0252570 0.0071931 0.1482143 0.0190944 0.0419929 0.0165012 0.0624078 -0.0063011 0.1403941 0.0310407 0.0405629 0.0197150 0.0409922
-0.0374465 0.0609546 -0.2861503 0.2128307 0.1169497 -0.1603060 0.0443186 0.1000110 -0.3279841 0.1729937 0.1318776 -0.2205724 -0.1269558 0.2066558 -0.9701420 0.7314152 0.4019099 -0.5509085 0.1281827 0.2892620 -0.9486289 0.5584200 0.4256980 -0.7120030 0.0230290 0.0380171 -0.0176264 0.0118430 0.0015978 0.0012514 0.0103149 0.0537172 -0.0226393 0.0118082 0.0013054 0.0012033 0.0818755 0.1028068 0.0202996 0.0182049 -0.0063782 0.0202256 0.0130906 0.1082540 0.0419741 0.0259392 -0.0045622 0.0183395
-0.0144175 0.0989717 -0.3037767 0.2246737 0.1185475 -0.1590546 0.0546335 0.1537282 -0.3506234 0.1848019 0.1331830 -0.2193691 -0.0450803 0.3094626 -0.9498424 0.7496201 0.3955317 -0.5306829 0.1412734 0.3975160 -0.9066548 0.5843591 0.4211358 -0.6936635 0.0000000 0.0000000 0.0000000 0.0000000 0.0000000 0.0000000 0.0000000 0.0000000 0.0000000 0.0000000 0.0000000 0.0000000 0.0000000 0.0000000 0.0000000 0.0000000 0.0000000 0.0000000 0.0000000 0.0000000 0.0000000 0.0000000 0.0000000 0.0000000
