-0.0968491 0.0351877 -0.3525013 0.2382449 0.2793489 -0.0752494 -0.0007162 0.0225684 -0.3761267 0.2396483 0.3384437 -0.0406920 -0.2637119 0.0958131 -0.9598312 0.6356952 0.7453707 -0.2007836 -0.0019006 0.0598943 -0.9982029 0.5751225 0.8122177 -0.0976551 0.1207066 0.0055842 0.0537087 0.0036986 0.0022982 -0.0060636 0.0973614 0.0063320 0.0760119 -0.0497597 -0.0041184 -0.1075103 0.3425787 0.0389683 -0.0279006 0.0008361 -0.0043828 -0.0131435 0.3071469 0.0313853 0.0503143 -0.1142970 -0.0008705 -0.2620052
0.0238575 0.0407719 -0.2987926 0.2419435 0.2816471 -0.0813130 0.0966452 0.0289004 -0.3001147 0.1898886 0.3343253 -0.1482023 0.0788668 0.1347814 -0.9877317 0.6365313 0.7409879 -0.2139272 0.3052462 0.0912796 -0.9478886 0.4608255 0.8113473 -0.3596603 -0.0026107 -0.0021767 0.0015351 -0.0429554 0.0161700 -0.0575583 -0.0027934 -0.0032832 0.0019647 -0.0017236 -0.0279629 -0.0105412 -0.0081631 -0.0063468 -0.0014626 -0.1185448 0.0342607 -0.1475692 -0.0059933 -0.0095975 -0.0027826 0.0179434 -0.0318357 -0.0442483
0.0212468 0.0385952 -0.2972575 0.1989880 0.2978171 -0.1388713 0.0938518 0.0256172 -0.2981500 0.1881650 0.3063624 -0.1587435 0.0707037 0.1284346 -0.9891944 0.5179864 0.7752486 -0.3614963 0.2992529 0.0816822 -0.9506712 0.4787689 0.7795115 -0.4039086 0.0011770 -0.0016482 0.0020828 0.0393877 -0.0184561 0.0594414 0.0007062 -0.0033239 0.0077257 0.0481123 0.0327814 0.1126307 0.0044627 -0.0045852 -0.0002556 0.1164435 -0.0317376 0.1500961 0.0095157 -0.0088859 0.0023239 0.0893434 0.0359363 0.2930335
0.0224238 0.0369470 -0.2951747 0.2383757 0.2793610 -0.0794299 0.0945581 0.0222933 -0.2904243 0.2362773 0.3391438 -0.0461128 0.0751664 0.1238494 -0.9894500 0.6344299 0.7435110 -0.2114002 0.3087685 0.0727962 -0.9483473 0.5681123 0.8154478 -0.1108751 0.0007712 0.0015393 0.0034967 -0.0021922 -0.0000754 0.0010345 0.0006646 0.0007234 0.0023761 -0.0023332 -0.0000822 0.0010380 0.0034289 0.0065600 0.0011099 -0.0030427 0.0031007 0.0018266 0.0042052 0.0028541 0.0016032 -0.0035706 0.0027583 0.0021028
0.0231950 0.0384863 -0.2916781 0.2361835 0.2792856 -0.0783953 0.0952227 0.0230167 -0.2880482 0.2339440 0.3390616 -0.0450749 0.0785953 0.1304094 -0.9883401 0.6313872 0.7466117 -0.2095736 0.3129738 0.0756503 -0.9467441 0.5645417 0.8182061 -0.1087723 -0.1174671 -0.0129849 -0.0372581 -0.0029186 -0.0025517 0.0021351 -0.1292851 -0.0115408 -0.0811186 -0.0041913 -0.0029619 0.0027528 -0.3533390 -0.0560889 0.0296992 -0.0007338 0.0015643 0.0033969 -0.4048078 -0.0447106 -0.0485494 -0.0032344 0.0029170 0.0053755
-0.0942722 0.0255014 -0.3289361 0.2332649 0.2767339 -0.0762602 -0.0340624 0.0114759 -0.3691668 0.2297527 0.3360997 -0.0423221 -0.2747437 0.0743205 -0.9586409 0.6306535 0.7481761 -0.2061766 -0.0918341 0.0309396 -0.9952935 0.5613074 0.8211231 -0.1033968 0.1142959 0.0286695 0.0375418 -0.0026180 -0.0041778 0.0061353 0.1217848 0.0719687 0.0771911 -0.0043248 -0.0055726 0.0082605 0.3421497 0.1080348 -0.0222786 0.0032159 0.0008693 0.0134575 0.3693642 0.2330568 0.0715604 0.0001154 0.0020466 0.0185674
0.0200238 0.0541709 -0.2913944 0.2306469 0.2725561 -0.0701249 0.0877224 0.0834446 -0.2919756 0.2254279 0.3305271 -0.0340615 0.0674059 0.1823552 -0.9809195 0.6338694 0.7490454 -0.1927191 0.2775301 0.2639965 -0.9237331 0.5614228 0.8231697 -0.0848295 -0.0694870 0.0169105 -0.0123443 0.0285979 -0.0357249 0.0431892 -0.0660836 -0.0097129 -0.0312046 0.0373793 -0.0477310 0.0577515 -0.2240133 0.0426982 0.0192412 0.1022698 -0.0765507 0.1162335 -0.2123905 -0.0420400 -0.0491451 0.1180435 -0.0920240 0.1460778
-0.0494632 0.0710814 -0.3037387 0.2592448 0.2368312 -0.0269358 0.0216387 0.0737317 -0.3231803 0.2628073 0.2827961 0.0236899 -0.1566074 0.2250535 -0.9616783 0.7361392 0.6724947 -0.0764856 0.0651397 0.2219565 -0.9728783 0.6794663 0.7311458 0.0612483 0.0032425 0.0075406 -0.0009973 -0.0662446 0.0360525 -0.0552302 0.0015680 0.0212272 -0.0003529 -0.0876794 0.0479686 -0.0739369 0.0113007 0.0221149 0.0036627 -0.1753997 0.1203371 -0.1622380 0.0035236 0.0590049 0.0156186 -0.2157036 0.1447646 -0.1943092
-0.0462207 0.0786220 -0.3047360 0.1930001 0.2728837 -0.0821659 0.0232067 0.0949589 -0.3235332 0.1751279 0.3307647 -0.0502470 -0.1453066 0.2471684 -0.9580155 0.5607395 0.7928318 -0.2387236 0.0686633 0.2809614 -0.9572597 0.4637627 0.8759103 -0.1330609 0.0707954 0.0559689 0.0211410 -0.0814911 -0.0211218 -0.0746872 0.0653352 0.0728677 0.0243222 -0.1044889 -0.0667823 -0.1667777 0.2233530 0.1802772 0.0573497 -0.2088574 0.0016377 -0.2562483 0.1812392 0.1927158 0.1127606 -0.2613382 -0.1194371 -0.4888495
0.0245746 0.1345909 -0.2835950 0.1115090 0.2517619 -0.1568532 0.0885419 0.1678266 -0.2992109 0.0706390 0.2639824 -0.2170247 0.0780463 0.4274456 -0.9006659 0.3518821 0.7944695 -0.4949719 0.2499025 0.4736772 -0.8444991 0.2024245 0.7564733 -0.6219104 -0.0136417 0.0096107 -0.0089937 0.0002920 0.0014712 -0.0005441 -0.0143542 0.0128603 -0.0037628 0.0001943 0.0014712 -0.0004774 -0.0445484 0.0143800 0.0041905 -0.0007860 0.0007750 0.0006869 -0.0440990 0.0275647 0.0040221 -0.0002828 0.0010689 0.0012103
0.0109330 0.1442016 -0.2925887 0.1118010 0.2532331 -0.1573973 0.0741877 0.1806869 -0.3029738 0.0708333 0.2654536 -0.2175022 0.0334980 0.4418256 -0.8964754 0.3510961 0.7952445 -0.4942850 0.2058034 0.5012419 -0.8404769 0.2021416 0.7575422 -0.6207001 0.0175950 0.0285335 -0.0223094 -0.0319875 0.0068147 -0.0398064 0.0115608 0.0379320 -0.0197136 -0.0325120 0.0068145 -0.0394443 0.0456816 0.0376020 0.0224732 -0.1135437 -0.0212528 -0.0926610 0.0090557 0.0465492 0.0319224 -0.1003110 -0.0340488 -0.0620795
0.0285280 0.1727351 -0.3148982 0.0798135 0.2600478 -0.1972037 0.0857485 0.2186189 -0.3226874 0.0383213 0.2722681 -0.2569465 0.0791796 0.4794275 -0.8740022 0.2375524 0.7739918 -0.5869460 0.2148591 0.5477911 -0.8085545 0.1018306 0.7234934 -0.6827795 -0.0191591 0.0016632 0.0176324 0.0248812 -0.0231063 0.0702387 -0.0165547 -0.0016545 0.0184115 0.0253742 -0.0231063 0.0698994 -0.0520056 0.0264053 0.0117988 0.1253624 0.0473447 0.1468332 -0.0327986 0.0230785 0.0079536 0.0984683 0.0600292 0.0945851
0.0093689 0.1743983 -0.2972658 0.1046947 0.2369415 -0.1269650 0.0691938 0.2169644 -0.3042759 0.0636955 0.2491618 -0.1870470 0.0271740 0.5058329 -0.8622034 0.3629148 0.8213365 -0.4401127 0.1820605 0.5708697 -0.8006009 0.2002990 0.7835226 -0.5881944 0.0114627 0.0253196 -0.0138418 0.0527112 0.0073032 0.0298123 0.0079716 0.0299103 -0.0133718 0.0522742 0.0073030 0.0301143 0.0290846 0.0335335 0.0220136 0.1508401 -0.0241498 0.1230176 0.0063152 0.0317987 0.0251620 0.1595655 0.0123111 0.1012177
0.0208316 0.1997179 -0.3111076 0.1574059 0.2442447 -0.0971526 0.0771655 0.2468747 -0.3176477 0.1159697 0.2564648 -0.1569328 0.0562586 0.5393663 -0.8401898 0.5137548 0.7971867 -0.3170951 0.1883756 0.6026684 -0.7754389 0.3598645 0.7958337 -0.4869767 0.0270213 0.0479709 0.0062573 -0.0019686 -0.0057778 0.0115211 0.0442702 0.0483663 -0.0173093 -0.0017829 -0.0057778 0.0113927 0.0646755 0.0865950 0.0697696 0.0091557 0.0050458 0.0290197 0.0740630 0.0353866 0.0515523 0.0066454 0.0088063 0.0198311
0.0478528 0.2476888 -0.3048502 0.1554373 0.2384669 -0.0856316 0.1214357 0.2952410 -0.3349570 0.1141868 0.2506870 -0.1455400 0.1209341 0.6259614 -0.7704202 0.5229106 0.8022326 -0.2880754 0.2624387 0.6380550 -0.7238865 0.3665099 0.8046400 -0.4671456 -0.0706419 -0.0727460 -0.0287851 -0.0032423 -0.0021244 0.0019615 -0.0630001 -0.0636760 -0.0110923 -0.0032224 -0.0021244 0.0019478 -0.1813171 -0.1624239 -0.1135973 -0.0039957 0.0035866 0.0027988 -0.1234587 -0.0873138 -0.0991376 -0.0059531 0.0030152 0.0005709
-0.0227890 0.1749428 -0.3336354 0.1521950 0.2363425 -0.0836701 0.0584356 0.2315650 -0.3460493 0.1109644 0.2485626 -0.1435923 -0.0603830 0.4635375 -0.8840175 0.5189149 0.8058192 -0.2852766 0.1389799 0.5507412 -0.8230241 0.3605568 0.8076551 -0.4665747 0.0247704 0.0223093 0.0365660 -0.0085477 -0.0021216 0.0029193 -0.0033712 0.0168846 0.0480331 -0.0084334 -0.0021217 0.0028409 0.0659392 0.0896114 0.0509536 -0.0173217 0.0120425 0.0033076 0.0015320 0.0832467 0.0625534 -0.0207757 0.0090343 0.0001338
0.0019813 0.1972521 -0.2970694 0.1436473 0.2342209 -0.0807509 0.0550644 0.2484496 -0.2980162 0.1025310 0.2464409 -0.1407513 0.0055562 0.5531489 -0.8330639 0.5015932 0.8178617 -0.2819691 0.1405119 0.6339879 -0.7604708 0.3397811 0.8166895 -0.4664409 0.0003202 -0.0056582 -0.0000837 -0.0321253 0.0100970 -0.0514490 0.0055904 -0.0119296 -0.0031817 -0.0321684 0.0100969 -0.0514182 0.0009533 -0.0112687 -0.0073667 -0.1290351 -0.0016766 -0.1596669 0.0159203 -0.0239886 -0.0163367 -0.1253683 -0.0349531 -0.1191489
0.0023016 0.1915939 -0.2971531 0.1115220 0.2443179 -0.1321999 0.0606548 0.2365200 -0.3011979 0.0703626 0.2565378 -0.1921695 0.0065095 0.5418802 -0.8404306 0.3725580 0.8161851 -0.4416360 0.1564323 0.6099993 -0.7768074 0.2144128 0.7817364 -0.5855898 -0.0013703 -0.0225716 -0.0017342 -0.0280997 0.0078196 -0.0415877 0.0037252 -0.0307624 -0.0057189 -0.0281762 0.0078194 -0.0415339 -0.0037974 -0.0496349 -0.0300218 -0.1097174 -0.0217694 -0.1059208 0.0152149 -0.0614175 -0.0414805 -0.0956988 -0.0378255 -0.0720603
0.0009313 0.1690223 -0.2988873 0.0834223 0.2521375 -0.1737876 0.0643800 0.2057576 -0.3069168 0.0421864 0.2643572 -0.2337035 0.0027122 0.4922453 -0.8704523 0.2628407 0.7944157 -0.5475568 0.1716471 0.5485819 -0.8182880 0.1187140 0.7439109 -0.6576501 -0.0258865 -0.0563327 0.0013734 -0.0022013 -0.0010560 0.0007990 0.0036298 -0.0607914 -0.0071203 -0.0022047 -0.0010559 0.0008003 -0.0809129 -0.1391168 -0.0618486 -0.0054352 0.0013109 -0.0006782 0.0212858 -0.1373362 -0.0725846 -0.0057057 0.0003119 -0.0006520
-0.0249552 0.1126896 -0.2975139 0.0812211 0.2510815 -0.1729887 0.0680098 0.1449662 -0.3140371 0.0399816 0.2633013 -0.2329031 -0.0782007 0.3531285 -0.9323009 0.2574055 0.7957266 -0.5482350 0.1929329 0.4112457 -0.8908725 0.1130083 0.7442227 -0.6583021 -0.0115908 -0.0254510 -0.0091733 0.2241368 -0.0540254 0.1390253 -0.0112091 -0.0241326 -0.0033774 0.2952075 -0.0335849 0.2512083 -0.0356708 -0.0813073 -0.0232861 0.5791819 -0.2558530 0.4551857 -0.0279837 -0.0603454 -0.0308979 0.7110312 -0.1794806 0.7033040
-0.0365461 0.0872386 -0.3066872 0.3053579 0.1970561 -0.0339634 0.0568008 0.1208336 -0.3174145 0.3351891 0.2297164 0.0183051 -0.1138715 0.2718212 -0.9555870 0.8365873 0.5398736 -0.0930493 0.1649492 0.3509003 -0.9217704 0.8240396 0.5647421 0.0450019 0.0426685 -0.0338885 0.0127538 -0.0339909 0.0322792 -0.0081100 0.0250430 -0.0398964 0.0154658 -0.0447623 0.0430496 -0.0109913 0.1343617 -0.0932724 -0.0281307 -0.0781081 0.1011259 -0.0245471 0.0883239 -0.1004326 -0.0126378 -0.0952401 0.1197391 -0.0266486
0.0061224 0.0533501 -0.2939333 0.2713670 0.2293353 -0.0420734 0.0818438 0.0809372 -0.3019487 0.2904268 0.2727660 0.0073138 0.0204902 0.1785488 -0.9837177 0.7584793 0.6409994 -0.1175964 0.2532731 0.2504677 -0.9344082 0.7287994 0.6844812 0.0183533 0.0270254 -0.0132251 0.0015150 0.0177294 -0.0309860 0.0147141 0.0241630 -0.0366564 -0.0011544 0.0234951 -0.0409201 0.0196441 0.0911135 -0.0434541 -0.0008096 0.0636015 -0.0769689 0.0397968 0.0737623 -0.1138595 -0.0006779 0.0736889 -0.0918064 0.0505601
0.0331479 0.0401250 -0.2924183 0.2890963 0.1983493 -0.0273593 0.1060067 0.0442808 -0.3031031 0.3139220 0.2318459 0.0269579 0.1116037 0.1350947 -0.9845273 0.8220808 0.5640305 -0.0777996 0.3270354 0.1366082 -0.9350861 0.8024883 0.5926748 0.0689134 0.0037506 -0.0179726 0.0136594 -0.0466502 0.0698371 -0.0512039 -0.0015702 0.0028874 0.0084501 -0.0619989 0.0930188 -0.0682865 0.0192131 -0.0565572 -0.0037635 -0.1667641 0.1608604 -0.1345520 0.0033009 0.0125864 0.0030888 -0.1927578 0.1935968 -0.1689412
0.0368984 0.0221524 -0.2787589 0.2424462 0.2681864 -0.0785633 0.1044365 0.0471682 -0.2946530 0.2519230 0.3248647 -0.0413286 0.1308168 0.0785375 -0.9882909 0.6553167 0.7248909 -0.2123515 0.3303363 0.1491946 -0.9319973 0.6097306 0.7862716 -0.1000278 -0.1317837 -0.0424758 -0.0290590 -0.0004787 -0.0018877 0.0035783 -0.1039031 -0.0889319 -0.0329828 -0.0001967 -0.0026642 0.0046634 -0.4248062 -0.1415067 0.0345586 0.0030257 -0.0003484 0.0083333 -0.3287213 -0.2756412 -0.0599748 0.0034639 -0.0014051 0.0107129
-0.0948853 -0.0203234 -0.3078179 0.2419675 0.2662987 -0.0749850 0.0005334 -0.0417637 -0.3276358 0.2517263 0.3222005 -0.0366652 -0.2939893 -0.0629692 -0.9537322 0.6583424 0.7245425 -0.2040183 0.0016150 -0.1264466 -0.9919721 0.6131944 0.7848665 -0.0893149 -0.0399995 0.0005454 -0.0013536 0.0027951 -0.0034140 0.0039319 -0.1157771 -0.0398511 -0.0166080 0.0039129 -0.0045181 0.0052044 -0.1052039 0.0044360 0.0387357 0.0101344 -0.0065721 0.0099636 -0.3113406 -0.0928991 0.0667924 0.0118734 -0.0080958 0.0123896
-0.1348848 -0.0197780 -0.3091715 0.2447626 0.2628847 -0.0710531 -0.1152437 -0.0816148 -0.3442438 0.2556392 0.3176824 -0.0314608 -0.3991932 -0.0585333 -0.9149965 0.6684768 0.7179704 -0.1940547 -0.3097256 -0.2193457 -0.9251797 0.6250678 0.7767707 -0.0769253 -0.0139141 0.0071970 0.0057278 0.0000964 -0.0006002 0.0007186 -0.0020083 0.0136436 0.0037029 0.0000540 -0.0007346 0.0009156 -0.0407834 0.0213331 0.0177581 0.0011870 -0.0006497 0.0016973 -0.0101814 0.0338948 -0.0039422 0.0010599 -0.0006461 0.0021278
-0.1487989 -0.0125810 -0.3034436 0.2448590 0.2622845 -0.0703344 -0.1172520 -0.0679713 -0.3405409 0.2556932 0.3169478 -0.0305452 -0.4399766 -0.0372002 -0.8972384 0.6696638 0.7173207 -0.1923573 -0.3199069 -0.1854509 -0.9291219 0.6261277 0.7761246 -0.0747975 -0.0015111 0.0014696 -0.0004411 -0.0031110 0.0009413 -0.0003278 0.0034674 0.0053961 -0.0015112 -0.0040918 0.0012567 -0.0005075 -0.0031430 0.0044433 0.0013746 -0.0060893 0.0052082 -0.0016035 0.0089112 0.0144205 -0.0057740 -0.0077046 0.0060053 -0.0015286
-0.1503100 -0.0111114 -0.3038847 0.2417481 0.2632258 -0.0706622 -0.1137846 -0.0625752 -0.3420521 0.2516015 0.3182045 -0.0310528 -0.4431196 -0.0327568 -0.8958638 0.6635746 0.7225289 -0.1939608 -0.3109957 -0.1710304 -0.9348959 0.6184231 0.7821299 -0.0763261 -0.0010213 0.0032852 -0.0025254 0.0359555 -0.0567057 0.0427012 -0.0006444 0.0041993 -0.0033762 0.0478075 -0.0753053 0.0568885 0.0004139 0.0098620 -0.0005108 0.1362503 -0.1277223 0.1134292 0.0005039 0.0126330 -0.0023902 0.1564233 -0.1535262 0.1431869
-0.1513313 -0.0078262 -0.3064102 0.2777035 0.2065201 -0.0279610 -0.1144289 -0.0583759 -0.3454283 0.2994090 0.2428992 0.0258357 -0.4427057 -0.0228948 -0.8963746 0.7998248 0.5948066 -0.0805316 -0.3104918 -0.1583974 -0.9372860 0.7748465 0.6286037 0.0668608 0.0244434 0.0187406 -0.0257195 0.0251785 0.0159467 -0.0284445 0.0501168 0.0646300 -0.0254585 0.0250595 0.0165667 -0.0288207 0.0859886 0.0535782 -0.0373338 -0.0027961 -0.0093891 -0.0678985 0.1396639 0.1750097 -0.0478748 0.0061301 -0.0040846 -0.0740454
-0.1268879 0.0109144 -0.3321297 0.3028820 0.2224668 -0.0564055 -0.0643122 0.0062541 -0.3708868 0.3244685 0.2594659 -0.0029850 -0.3567171 0.0306834 -0.9337085 0.7970287 0.5854175 -0.1484301 -0.1708279 0.0166123 -0.9851608 0.7809765 0.6245190 -0.0071846 0.0412202 0.0295941 0.0132852 -0.0177915 -0.0145473 0.0203747 0.0747853 0.0544772 0.0345890 -0.0180855 -0.0156327 0.0212263 0.0991693 0.0910996 -0.0248520 0.0067439 0.0007824 0.0468464 0.2014602 0.1610176 0.0015403 0.0006282 -0.0024833 0.0537196
-0.0856677 0.0405085 -0.3188445 0.2850905 0.2079195 -0.0360308 0.0104731 0.0607313 -0.3362978 0.3063830 0.2438332 0.0182414 -0.2575477 0.1217830 -0.9585604 0.8037726 0.5861999 -0.1015837 0.0306323 0.1776299 -0.9836205 0.7816048 0.6220357 0.0465350 0.1051013 0.0808445 0.0370371 -0.0170228 0.0002758 0.0070972 0.0767865 0.0887387 0.0475131 -0.0174448 0.0001395 0.0073510 0.3207586 0.2729374 0.0419361 -0.0168437 0.0249701 0.0166476 0.2285460 0.2663253 0.1258732 -0.0192930 0.0216425 0.0209860
0.0194336 0.1213530 -0.2818074 0.2680677 0.2081953 -0.0289335 0.0872596 0.1494700 -0.2887847 0.2889382 0.2439727 0.0255924 0.0632109 0.3947204 -0.9166244 0.7869289 0.6111700 -0.0849362 0.2591783 0.4439552 -0.8577473 0.7623118 0.6436783 0.0675210 -0.0051169 0.0047704 -0.0041041 0.0000099 -0.0006699 0.0002222 -0.0057791 0.0063416 -0.0040028 -0.0000579 -0.0008570 0.0003693 -0.0174446 0.0084594 0.0026487 0.0010006 -0.0012145 0.0005481 -0.0206012 0.0122649 0.0004584 0.0009954 -0.0012949 0.0010776
0.0143167 0.1261234 -0.2859114 0.2680776 0.2075254 -0.0287114 0.0814806 0.1558116 -0.2927875 0.2888804 0.2431157 0.0259618 0.0457663 0.4031798 -0.9139757 0.7879295 0.6099555 -0.0843881 0.2385771 0.4562201 -0.8572889 0.7633072 0.6423834 0.0685986 -0.0660465 0.0071894 -0.0028366 0.0237202 -0.1351614 0.0196154 -0.0482808 0.0275600 -0.0113835 0.0338279 -0.1776603 0.0256504 -0.2063098 0.0105565 0.0178461 0.1822255 -0.3693632 0.0541462 -0.1455069 0.0578326 0.0045944 0.2049147 -0.4459975 0.0862533
-0.0517298 0.1333128 -0.2887480 0.2917978 0.0723640 -0.0090960 0.0331997 0.1833716 -0.3041710 0.3227083 0.0654554 0.0516121 -0.1605435 0.4137363 -0.8961295 0.9701550 0.2405923 -0.0302418 0.0930701 0.5140527 -0.8526944 0.9682218 0.1963859 0.1548519 0.0470053 0.0385935 -0.0070921 0.0111005 0.0159988 0.0085233 0.0273967 0.0219337 0.0007627 0.0132865 0.0277253 0.0075660 0.1467367 0.0886315 0.0315857 -0.0101715 0.0394582 0.0284267 0.0701217 0.0388534 0.0355878 -0.0181783 0.0670876 0.0124773
-0.0047246 0.1719063 -0.2958401 0.3028984 0.0883628 -0.0005727 0.0605964 0.2053053 -0.3034084 0.3359948 0.0931807 0.0591781 -0.0138068 0.5023677 -0.8645438 0.9599836 0.2800505 -0.0018151 0.1631918 0.5529061 -0.8171067 0.9500435 0.2634735 0.1673292 0.0010173 0.0012262 0.0007024 0.0583831 0.0105015 0.0777098 -0.0023420 0.0071616 0.0009744 0.0590475 0.0146520 0.0768530 0.0029729 0.0035846 0.0020505 -0.0152706 -0.0215308 0.2035204 -0.0075015 0.0149314 0.0088239 -0.0345305 -0.0135705 0.1479236
-0.0037073 0.1731325 -0.2951377 0.3612815 0.0988643 0.0771371 0.0582544 0.2124669 -0.3024340 0.3950423 0.1078327 0.1360310 -0.0108339 0.5059524 -0.8624934 0.9447129 0.2585197 0.2017053 0.1556903 0.5678375 -0.8082828 0.9155131 0.2499030 0.3152528 -0.0384376 -0.0205598 -0.0047896 0.0023324 -0.0014013 0.0016478 -0.0155851 -0.0104190 -0.0152649 0.0022605 -0.0014013 0.0016889 -0.1134385 -0.0560616 -0.0219017 0.0007082 -0.0051092 0.0031408 -0.0430812 -0.0346100 -0.0301607 0.0004469 -0.0045312 0.0022530
-0.0421448 0.1525727 -0.2999273 0.3636138 0.0974630 0.0787849 0.0426693 0.2020479 -0.3176988 0.3973028 0.1064314 0.1377199 -0.1242724 0.4498908 -0.8843951 0.9454212 0.2534105 0.2048461 0.1126091 0.5332275 -0.8384435 0.9159600 0.2453718 0.3175059 0.0423793 0.0286233 0.0061775 0.0042314 0.0016240 0.0000021 0.0190597 0.0191277 0.0162263 0.0042112 0.0016240 0.0000137 0.1249516 0.0751034 0.0332895 0.0001503 0.0012994 -0.0023187 0.0502791 0.0504025 0.0429290 0.0007004 0.0013197 -0.0030585
0.0002344 0.1811960 -0.2937498 0.3678452 0.0990870 0.0787870 0.0617290 0.2211756 -0.3014725 0.4015140 0.1080554 0.1377337 0.0006792 0.5249942 -0.8511056 0.9455715 0.2547100 0.2025275 0.1628883 0.5836300 -0.7955146 0.9166603 0.2466915 0.3144473 -0.0302934 -0.0346544 -0.0074240 -0.0392117 -0.0031373 -0.0538361 -0.0098914 -0.0198725 -0.0155442 -0.0392465 -0.0031373 -0.0538162 -0.0900661 -0.0892204 -0.0445011 0.0118121 0.0248131 -0.1298398 -0.0261461 -0.0526142 -0.0407412 0.0209392 0.0248513 -0.0972570
-0.0300590 0.1465416 -0.3011738 0.3286335 0.0959497 0.0249509 0.0518377 0.2013031 -0.3170167 0.3622675 0.1049181 0.0839175 -0.0893870 0.4357737 -0.8956066 0.9573836 0.2795231 0.0726876 0.1367422 0.5310159 -0.8362558 0.9375995 0.2715429 0.2171903 0.0350269 -0.0028261 0.0032347 -0.0200104 0.0046547 -0.0323748 0.0055921 -0.0059529 0.0144611 -0.0193444 0.0037845 -0.0326331 0.1044038 -0.0013609 -0.0049821 -0.0068718 0.0303230 -0.0955520 0.0207328 0.0046431 0.0066347 0.0061130 0.0276029 -0.0760575
0.0049680 0.1437155 -0.2979391 0.3086231 0.1006044 -0.0074239 0.0574298 0.1953502 -0.3025556 0.3429231 0.1087026 0.0512844 0.0150168 0.4344128 -0.9005887 0.9505118 0.3098461 -0.0228644 0.1574750 0.5356590 -0.8296210 0.9437125 0.2991458 0.1411328 0.0024742 -0.0103917 0.0009069 -0.0000061 -0.0005997 0.0001206 0.0230711 -0.0543865 -0.0010921 -0.0000363 -0.0005903 0.0001367 0.0078352 -0.0250254 -0.0114857 0.0005490 -0.0016630 0.0003581 0.0763247 -0.1262561 -0.0522673 0.0003966 -0.0014679 0.0004505
0.0074421 0.1333238 -0.2970322 0.3086170 0.1000047 -0.0073032 0.0805008 0.1409637 -0.3036477 0.3428868 0.1081123 0.0514210 0.0228520 0.4093874 -0.9120744 0.9510608 0.3081831 -0.0225063 0.2337997 0.4094029 -0.8818883 0.9441091 0.2976779 0.1415834 -0.0430588 -0.0536391 0.0033215 -0.0001053 -0.0013123 0.0002076 -0.0203435 -0.0474617 -0.0144227 -0.0001698 -0.0012858 0.0002428 -0.1390924 -0.1493243 -0.0464950 0.0011630 -0.0035682 0.0006056 -0.0552608 -0.1319016 -0.0621016 0.0008507 -0.0031295 0.0008671
-0.0356167 0.0796847 -0.2937107 0.3085117 0.0986924 -0.0070956 0.0601573 0.0935020 -0.3180704 0.3427170 0.1068265 0.0516638 -0.1162404 0.2600631 -0.9585694 0.9522238 0.3046149 -0.0219007 0.1785389 0.2775013 -0.9439899 0.9449598 0.2945484 0.1424505 -0.0626039 -0.0479975 -0.0493541 -0.0191660 0.0845534 -0.0236816 -0.0612780 -0.0667037 -0.0474587 -0.0254942 0.1127702 -0.0315461 -0.1579253 -0.1716137 0.0009631 -0.1107868 0.2282764 -0.0676015 -0.1815965 -0.2043841 -0.0533288 -0.1238600 0.2738559 -0.0903778
-0.0982205 0.0316872 -0.3430648 0.2893457 0.1832458 -0.0307772 -0.0011207 0.0267983 -0.3655291 0.3172228 0.2195967 0.0201177 -0.2741657 0.0884494 -0.9576063 0.8414370 0.5328913 -0.0895022 -0.0030577 0.0731172 -0.9973187 0.8210998 0.5684044 0.0520727 0.1044281 -0.0137115 0.0589832 -0.0040982 0.0036739 -0.0011454 0.0806294 -0.0032634 0.0754708 -0.0054934 0.0051969 -0.0015123 0.2959681 -0.0253141 -0.0401605 -0.0086612 0.0128180 -0.0036955 0.2666131 0.0048963 0.0358342 -0.0109444 0.0158132 -0.0037190
0.0062075 0.0179757 -0.2840817 0.2852475 0.1869197 -0.0319226 0.0795088 0.0235349 -0.2900583 0.3117293 0.2247936 0.0186054 0.0218023 0.0631352 -0.9977668 0.8327758 0.5457093 -0.0931976 0.2635555 0.0780134 -0.9614845 0.8101554 0.5842175 0.0483537 0.0102826 -0.0119557 0.0044586 -0.0379492 0.0515830 -0.0338772 0.0106380 -0.0186467 0.0068233 -0.0513945 0.0681521 -0.0449734 0.0370545 -0.0416485 -0.0002684 -0.1258329 0.1360899 -0.0949020 0.0396883 -0.0615701 0.0087134 -0.1473774 0.1615834 -0.1154830
0.0164901 0.0060200 -0.2796230 0.2472983 0.2385027 -0.0657998 0.0901468 0.0048882 -0.2832350 0.2603349 0.2929457 -0.0263680 0.0588569 0.0214867 -0.9980352 0.7069430 0.6817992 -0.1880996 0.3032438 0.0164434 -0.9527711 0.6627780 0.7458009 -0.0671294 -0.0178315 -0.0175247 0.0112298 -0.0030119 0.0017820 -0.0024826 -0.0178265 -0.0178220 0.0114250 -0.0035981 0.0026779 -0.0035550 -0.0638501 -0.0643119 -0.0010349 -0.0077680 0.0059223 -0.0073321 -0.0463915 -0.0623790 -0.0125873 -0.0089817 0.0070230 -0.0090715
-0.0013414 -0.0115047 -0.2683933 0.2442865 0.2402847 -0.0682824 0.0723203 -0.0129338 -0.2718100 0.2567368 0.2956236 -0.0299230 -0.0049932 -0.0428252 -0.9990701 0.6991750 0.6877215 -0.1954317 0.2568523 -0.0459356 -0.9653584 0.6537963 0.7528239 -0.0762008 -0.1552497 0.0107631 -0.0428538 -0.0058627 0.0054782 -0.0068510 -0.2065436 -0.0483330 -0.0751590 -0.0738374 0.0135860 -0.0985823 -0.4444395 0.0406968 0.1057584 -0.0190470 0.0133423 -0.0188939 -0.6128472 -0.1165598 0.0451069 -0.1744308 0.0575912 -0.2606020
-0.1565910 -0.0007416 -0.3112471 0.2384237 0.2457629 -0.0751334 -0.1342233 -0.0612668 -0.3469690 0.1828994 0.3092096 -0.1285053 -0.4494326 -0.0021285 -0.8933117 0.6801280 0.7010638 -0.2143256 -0.3559949 -0.1624954 -0.9202515 0.4793655 0.8104151 -0.3368028 0.0005701 -0.0025346 0.0015916 -0.0006473 0.0029111 0.0042963 0.0119729 -0.0028702 0.0129175 0.0014552 0.0057860 0.0056633 -0.0005118 -0.0073197 0.0003051 -0.0032330 0.0068540 0.0126686 0.0177766 -0.0149461 -0.0039362 -0.0006420 0.0075512 0.0178121
-0.1560210 -0.0032762 -0.3096555 0.2377764 0.2486740 -0.0708371 -0.1222504 -0.0641370 -0.3340514 0.1843545 0.3149956 -0.1228420 -0.4499444 -0.0094481 -0.8930066 0.6768950 0.7079178 -0.2016570 -0.3382183 -0.1774416 -0.9241877 0.4787234 0.8179663 -0.3189906 0.0006402 -0.0020066 0.0019191 -0.0422145 0.0684306 -0.0287366 0.0088322 0.0022217 0.0046010 0.0072816 0.0833842 0.0511699 -0.0007230 -0.0058741 0.0004462 -0.1697788 0.1143732 -0.0565497 0.0177240 0.0024829 -0.0067650 -0.0508191 0.0715764 0.1589539
-0.1553808 -0.0052828 -0.3077364 0.1955620 0.3171046 -0.0995737 -0.1134182 -0.0619153 -0.3294504 0.1916361 0.3983798 -0.0716721 -0.4506674 -0.0153223 -0.8925604 0.5071161 0.8222910 -0.2582068 -0.3204943 -0.1749587 -0.9309527 0.4279044 0.8895426 -0.1600367 0.0017734 0.0005294 -0.0004705 0.0321499 -0.0545995 0.0282742 0.0020265 0.0010107 -0.0012153 -0.0116067 -0.0735558 -0.0536608 0.0046489 0.0015202 -0.0023569 0.1347837 -0.0823121 0.0572198 0.0060058 0.0030086 -0.0026051 0.0314056 -0.0608170 -0.1597259
-0.1536075 -0.0047534 -0.3082069 0.2277119 0.2625051 -0.0712995 -0.1113917 -0.0609046 -0.3306657 0.1800293 0.3248240 -0.1253329 -0.4460185 -0.0138021 -0.8949173 0.6418998 0.7399789 -0.2009870 -0.3144886 -0.1719500 -0.9335578 0.4593100 0.8287256 -0.3197627 0.0026968 0.0031232 -0.0009791 0.0034279 -0.0037489 -0.0004386 0.0056572 0.0065200 -0.0033301 -0.0004708 -0.0041559 -0.0004577 0.0073926 0.0090639 -0.0037399 0.0104890 -0.0096429 -0.0014927 0.0162490 0.0185504 -0.0085259 0.0029349 -0.0032166 -0.0040652
-0.1509107 -0.0016302 -0.3091860 0.2311397 0.2587562 -0.0717380 -0.1057345 -0.0543846 -0.3339958 0.1795585 0.3206681 -0.1257906 -0.4386259 -0.0047382 -0.8986573 0.6523889 0.7303360 -0.2024797 -0.2982396 -0.1533997 -0.9420837 0.4622449 0.8255090 -0.3238279 0.0018558 0.0046484 0.0002105 0.0041487 -0.0125232 -0.0015348 0.0074243 0.0152088 -0.0079039 0.0006147 -0.0241962 -0.0076389 0.0041434 0.0135360 -0.0019801 0.0230132 -0.0235174 -0.0078521 0.0235561 0.0439406 -0.0132004 0.0224817 -0.0278998 -0.0351424
-0.1490549 0.0030182 -0.3089754 0.2352885 0.2462330 -0.0732729 -0.0983102 -0.0391758 -0.3418997 0.1801732 0.2964719 -0.1334295 -0.4344825 0.0087978 -0.9006373 0.6754021 0.7068186 -0.2103318 -0.2746835 -0.1094591 -0.9552841 0.4847266 0.7976092 -0.3589703 0.0159477 0.0088378 -0.0403723 -0.0145129 0.0097203 -0.0140120 0.0244104 0.0782749 -0.0419681 0.0446560 0.0200624 0.0778039 0.0786139 0.0228998 -0.0333610 -0.0429932 0.0263565 -0.0396945 0.0865795 0.2089816 -0.0218096 0.0884958 0.0094238 0.2171477
-0.1331072 0.0118560 -0.3493477 0.2207756 0.2559533 -0.0872848 -0.0738998 0.0390991 -0.3838678 0.2248292 0.3165343 -0.0556256 -0.3558686 0.0316976 -0.9339983 0.6324089 0.7331752 -0.2500263 -0.1881040 0.0995225 -0.9770937 0.5732225 0.8070330 -0.1418226 0.0593309 0.0500867 -0.0124602 0.0677172 -0.0220406 0.0065575 0.0596461 0.0441709 -0.0159075 0.0822136 -0.0327384 0.0179841 0.1588233 0.1337421 -0.0323365 0.1266245 -0.1177435 0.0376303 0.1532201 0.1042689 -0.0012989 0.1581796 -0.1310070 0.0521572
-0.0737763 0.0619427 -0.3618079 0.2884927 0.2339127 -0.0807273 -0.0142537 0.0832700 -0.3997753 0.3070428 0.2837959 -0.0376415 -0.1970453 0.1654397 -0.9663348 0.7590334 0.6154317 -0.2123960 -0.0348840 0.2037914 -0.9783927 0.7314021 0.6760260 -0.0896654 0.0452879 0.0474786 0.0386637 -0.0607431 0.0504880 -0.0828610 0.0788849 0.0559960 0.0567656 -0.0810580 0.0672626 -0.1103758 0.1138324 0.1541741 0.0224478 -0.1887940 0.0966506 -0.1971961 0.2068656 0.1667911 0.0656545 -0.2212412 0.1164890 -0.2444840
-0.0284884 0.1094213 -0.3231442 0.2277497 0.2844007 -0.1635882 0.0646312 0.1392660 -0.3430097 0.2259848 0.3510585 -0.1480173 -0.0832130 0.3196138 -0.9438870 0.5702395 0.7120823 -0.4095922 0.1719817 0.3705825 -0.9127381 0.5101609 0.7925150 -0.3341493 0.0605583 0.0346387 -0.0078370 0.0009041 0.0005379 -0.0007518 0.0307944 0.0356696 -0.0096994 0.0013437 0.0005829 -0.0009009 0.1717074 0.0779080 0.0305715 0.0005391 -0.0008024 -0.0006427 0.0635746 0.0612425 0.0420830 0.0013596 -0.0012731 -0.0009373
0.0320700 0.1440600 -0.3309812 0.2286538 0.2849386 -0.1643400 0.0954256 0.1749356 -0.3527091 0.2273284 0.3516414 -0.1489182 0.0884944 0.3975218 -0.9133155 0.5707786 0.7112800 -0.4102349 0.2355562 0.4318250 -0.8706552 0.5115205 0.7912419 -0.3350866 -0.0131793 0.0080008 -0.0046479 0.0148406 0.0173193 -0.0126108 -0.0137719 0.0218950 -0.0034734 0.0169916 0.0175139 -0.0134404 -0.0372936 0.0146197 0.0036354 0.0000423 -0.0027004 -0.0045887 -0.0388292 0.0423961 0.0125102 0.0066370 -0.0083320 -0.0092459
0.0188907 0.1520608 -0.3356291 0.2434943 0.3022579 -0.1769508 0.0816537 0.1968306 -0.3561824 0.2443201 0.3691553 -0.1623586 0.0512008 0.4121415 -0.9096801 0.5708209 0.7085796 -0.4148235 0.1967271 0.4742210 -0.8581450 0.5181575 0.7829099 -0.3443325 0.0034022 0.0368207 -0.0106927 0.0420017 -0.0042609 0.0412534 0.0064061 0.0198122 -0.0086690 0.0420244 -0.0044453 0.0420739 0.0052212 0.0659063 0.0331603 0.0863625 -0.0226202 0.1024617 0.0064729 0.0256874 0.0162416 0.0795947 -0.0215675 0.0932347
0.0222929 0.1888815 -0.3463218 0.2854960 0.2979970 -0.1356974 0.0880598 0.2166428 -0.3648514 0.2863445 0.3647100 -0.1202848 0.0564220 0.4780478 -0.8765198 0.6571833 0.6859593 -0.3123618 0.2032000 0.4999084 -0.8419034 0.5977522 0.7613423 -0.2510978 -0.0301407 -0.0207402 -0.0150889 0.0188386 -0.0057309 0.0343255 -0.0144802 0.0012852 -0.0256686 0.0188592 -0.0057308 0.0343244 -0.0761061 -0.0563095 -0.0299842 0.0441243 -0.0124623 0.0787608 -0.0408531 -0.0190695 -0.0197447 0.0394669 -0.0118482 0.0716255
-0.0078478 0.1681413 -0.3614108 0.3043346 0.2922661 -0.1013719 0.0735796 0.2179280 -0.3905201 0.3052037 0.3589792 -0.0859604 -0.0196841 0.4217383 -0.9065039 0.7013076 0.6734970 -0.2336010 0.1623469 0.4808389 -0.8616481 0.6372192 0.7494941 -0.1794723 0.0145173 0.0297587 0.0131966 0.0145407 -0.0026813 0.0252701 -0.0016997 0.0153994 0.0216191 0.0145625 -0.0026811 0.0252690 0.0363340 0.0722990 0.0372226 0.0276911 -0.0114610 0.0596205 0.0001392 0.0466027 0.0277395 0.0254007 -0.0111729 0.0537075
0.0066695 0.1979000 -0.3482141 0.3188753 0.2895848 -0.0761017 0.0718799 0.2333274 -0.3689009 0.3197662 0.3562981 -0.0606914 0.0166498 0.4940373 -0.8692813 0.7289987 0.6620361 -0.1739804 0.1624861 0.5274416 -0.8339086 0.6626198 0.7383212 -0.1257648 0.0055778 0.0000488 -0.0026370 0.0015751 -0.0005260 0.0013815 0.0003865 0.0026558 -0.0017111 0.0015987 -0.0005259 0.0013805 0.0137386 -0.0028813 -0.0012601 0.0026564 -0.0020544 0.0033785 -0.0001875 0.0025382 0.0015742 0.0026207 -0.0018559 0.0029885
0.0122473 0.1979488 -0.3508511 0.3204503 0.2890588 -0.0747203 0.0722664 0.2359832 -0.3706121 0.3213649 0.3557722 -0.0593109 0.0303884 0.4911560 -0.8705414 0.7316551 0.6599816 -0.1706020 0.1622986 0.5299798 -0.8323344 0.6652405 0.7364652 -0.1227764 -0.0123007 -0.0321352 -0.0142371 0.0016057 -0.0017922 0.0011375 0.0043696 -0.0140476 -0.0248998 0.0016219 -0.0017920 0.0011366 -0.0305216 -0.0776332 -0.0399524 0.0039920 -0.0038013 0.0025227 0.0043178 -0.0474633 -0.0275591 0.0038741 -0.0031431 0.0022598
-0.0000534 0.1658136 -0.3650882 0.3220560 0.2872666 -0.0735828 0.0766360 0.2219356 -0.3955118 0.3229867 0.3539802 -0.0581743 -0.0001332 0.4135228 -0.9104938 0.7356471 0.6561804 -0.1680793 0.1666164 0.4825165 -0.8598935 0.6691146 0.7333222 -0.1205166 -0.0009521 -0.0019769 -0.0005316 -0.0032491 -0.0048928 -0.0104823 0.0022020 -0.0076541 -0.0023079 -0.0032309 -0.0048927 -0.0104835 -0.0023764 -0.0045965 -0.0020702 -0.0012322 -0.0056941 -0.0255759 0.0052616 -0.0153522 -0.0074101 -0.0006603 -0.0035496 -0.0230135
-0.0010055 0.1638367 -0.3656198 0.3188070 0.2823738 -0.0840651 0.0788380 0.2142815 -0.3978197 0.3197559 0.3490875 -0.0686578 -0.0025096 0.4089262 -0.9125640 0.7344149 0.6504863 -0.1936552 0.1718780 0.4671642 -0.8673036 0.6684543 0.7297726 -0.1435300 0.0016175 -0.0156024 -0.0002600 -0.0070425 0.0010208 -0.0500914 0.0087110 -0.0333270 -0.0044990 -0.0030408 0.0015516 -0.0535518 0.0040600 -0.0334290 -0.0142582 -0.0293244 -0.0095574 -0.1097547 0.0227860 -0.0648143 -0.0272468 -0.0195126 -0.0113213 -0.1068745
0.0006120 0.1482343 -0.3658798 0.3117644 0.2833946 -0.1341564 0.0875490 0.1809545 -0.4023188 0.3167151 0.3506391 -0.1222096 0.0015503 0.3754972 -0.9268222 0.7050905 0.6409289 -0.3034099 0.1946640 0.4023499 -0.8945504 0.6489417 0.7184512 -0.2504045 0.0107929 -0.0245484 0.0204606 -0.0132215 0.0126101 -0.0434564 -0.0068294 -0.0140122 0.0285969 -0.0103536 0.0131061 -0.0491439 0.0295196 -0.0385456 -0.0141870 -0.0509523 0.0076477 -0.0857579 -0.0011832 -0.0021979 -0.0012417 -0.0428850 0.0011242 -0.0885740
0.0114050 0.1236859 -0.3454192 0.2985429 0.2960047 -0.1776128 0.0807196 0.1669423 -0.3737218 0.3063615 0.3637452 -0.1713535 0.0310700 0.3369515 -0.9410092 0.6541382 0.6485766 -0.3891678 0.1934807 0.4001521 -0.8957921 0.6060567 0.7195755 -0.3389785 0.0044899 -0.0083459 0.0007227 -0.0005524 0.0009978 -0.0019301 0.0043512 -0.0494835 0.0035389 -0.0003126 0.0010074 -0.0023487 0.0126178 -0.0199346 -0.0064039 -0.0026967 0.0007050 -0.0033336 0.0204914 -0.1047170 -0.0353008 -0.0022148 0.0000903 -0.0037402
0.0158949 0.1153400 -0.3446965 0.2979905 0.2970025 -0.1795429 0.0850708 0.1174588 -0.3701829 0.3060488 0.3647526 -0.1737022 0.0436878 0.3170169 -0.9474131 0.6514416 0.6492816 -0.3925014 0.2139721 0.2954351 -0.9310929 0.6038419 0.7196658 -0.3427187 0.0060536 -0.0280892 0.0029558 0.0000613 0.0001914 -0.0009716 0.0058612 -0.0225574 0.0034996 0.0001872 0.0001953 -0.0011911 0.0184213 -0.0701170 -0.0196354 -0.0006432 -0.0003566 -0.0016533 0.0194697 -0.0518030 -0.0102616 -0.0004198 -0.0005551 -0.0018993
0.0219484 0.0872508 -0.3417406 0.2980519 0.2971939 -0.1805145 0.0909320 0.0949014 -0.3666833 0.3062361 0.3649479 -0.1748933 0.0621091 0.2468999 -0.9670485 0.6507983 0.6489249 -0.3941547 0.2334419 0.2436321 -0.9413545 0.6034221 0.7191107 -0.3446180 -0.0470877 -0.0439498 -0.0096500 0.0264664 -0.0224268 0.0663235 -0.0219865 -0.0545534 -0.0178130 0.0353628 -0.0300046 0.0885648 -0.1329360 -0.1249047 -0.0229518 0.0862700 -0.0248549 0.1347961 -0.0578772 -0.1408889 -0.0377374 0.0992578 -0.0301215 0.1670376
-0.0251393 0.0433010 -0.3513906 0.3245182 0.2747671 -0.1141911 0.0689455 0.0403480 -0.3844963 0.3415988 0.3349433 -0.0863284 -0.0708269 0.1219952 -0.9900004 0.7370683 0.6240700 -0.2593586 0.1755647 0.1027432 -0.9790919 0.7026799 0.6889892 -0.1775804 -0.0047379 -0.0050867 0.0034892 0.0054808 -0.0223564 0.0351136 -0.0046767 -0.0156821 0.0064376 0.0073948 -0.0300179 0.0468830 -0.0142286 -0.0132054 -0.0004189 0.0432135 -0.0272457 0.0723802 -0.0083178 -0.0385552 -0.0047315 0.0476585 -0.0333979 0.0927725
-0.0298772 0.0382143 -0.3479014 0.3299990 0.2524106 -0.0790775 0.0642688 0.0246659 -0.3780587 0.3489936 0.3049253 -0.0394454 -0.0850555 0.1087898 -0.9904193 0.7802819 0.5968243 -0.1869784 0.1672469 0.0641880 -0.9838234 0.7503384 0.6555913 -0.0848079 -0.0030200 -0.0139537 0.0125804 -0.0424120 0.0480157 -0.1250274 -0.0017809 -0.0158528 0.0178485 -0.0924142 0.0136050 -0.2290811 -0.0123303 -0.0369711 -0.0022328 -0.1595085 0.0516635 -0.2535939 0.0036269 -0.0400886 -0.0011748 -0.2259432 -0.0045811 -0.4640048
-0.0328972 0.0242606 -0.3353211 0.2875870 0.3004264 -0.2041049 0.0624879 0.0088131 -0.3602103 0.2565794 0.3185304 -0.2685265 -0.0973858 0.0718187 -0.9926520 0.6207734 0.6484878 -0.4405723 0.1708738 0.0240994 -0.9849982 0.5243952 0.6510102 -0.5488127 0.0576480 -0.0219668 0.0135543 0.0486832 -0.0425944 0.1150830 0.0340686 -0.0092835 0.0205752 0.1009910 -0.0067644 0.2159289 0.1740786 -0.0647110 -0.0043774 0.1558511 -0.0530185 0.2349740 0.1025847 -0.0254317 0.0231153 0.2247475 0.0021680 0.4386158
0.0247507 0.0022938 -0.3217668 0.3362702 0.2578320 -0.0890219 0.0965565 -0.0004704 -0.3396350 0.3575704 0.3117660 -0.0525976 0.0766928 0.0071077 -0.9970294 0.7766245 0.5954693 -0.2055984 0.2734585 -0.0013323 -0.9618829 0.7491428 0.6531782 -0.1101968 -0.0625071 -0.0025946 0.0031861 -0.0620885 0.0074928 -0.1202980 -0.0921577 0.0083560 0.0318391 -0.1042319 -0.0263047 -0.2079053 -0.1943834 -0.0080453 0.0039796 -0.1465924 0.0142106 -0.2753902 -0.2591733 0.0269409 -0.0376871 -0.2009017 -0.0354217 -0.4535483
-0.0377563 -0.0003008 -0.3185807 0.2741817 0.2653247 -0.2093199 0.0043988 0.0078856 -0.3077960 0.2533386 0.2854612 -0.2605029 -0.1176905 -0.0009376 -0.9930499 0.6300321 0.6096799 -0.4809885 0.0142851 0.0256086 -0.9995700 0.5482410 0.6177565 -0.5637452 0.0794882 -0.0162803 0.0126829 0.0001393 0.0065316 0.0093404 0.1017929 -0.0598382 -0.0038844 0.0003274 0.0120187 0.0101153 0.2526681 -0.0526924 0.0036537 0.0007165 0.0154015 0.0211740 0.3042767 -0.1814597 0.0645679 -0.0018500 0.0230088 0.0244155
0.0417318 -0.0165811 -0.3058978 0.2743211 0.2718563 -0.1999795 0.1061917 -0.0519525 -0.3116804 0.2536660 0.2974799 -0.2503877 0.1349775 -0.0536300 -0.9893962 0.6307486 0.6250814 -0.4598145 0.3185618 -0.1558510 -0.9350021 0.5463911 0.6407654 -0.5393297 -0.0284564 -0.0288420 0.0183242 -0.0364596 0.0078986 -0.0107807 -0.0287716 -0.0294492 0.0185774 -0.0241555 -0.0198935 0.0271409 -0.0894266 -0.1022269 0.0026674 -0.0689489 0.0356655 -0.0379752 -0.0719177 -0.1034777 0.0012380 -0.0047800 0.0142979 0.0124999
0.0132754 -0.0454231 -0.2875736 0.2378615 0.2797549 -0.2107601 0.0774201 -0.0814018 -0.2931030 0.2295104 0.2775864 -0.2232468 0.0455510 -0.1558569 -0.9867288 0.5617997 0.6607469 -0.4977897 0.2466440 -0.2593287 -0.9337641 0.5416110 0.6550632 -0.5268298 0.0007213 0.0055002 -0.0004838 -0.0006948 0.0021669 0.0006471 -0.0000098 0.0042178 -0.0004331 -0.0017885 0.0067066 0.0013870 0.0025235 0.0187343 -0.0026580 -0.0025990 0.0039792 0.0023770 0.0004915 0.0129157 -0.0033617 -0.0076782 0.0115101 0.0066417
0.0139968 -0.0399229 -0.2880574 0.2371667 0.2819218 -0.2101131 0.0774103 -0.0771840 -0.2935361 0.2277219 0.2842930 -0.2218598 0.0480745 -0.1371226 -0.9893868 0.5592008 0.6647261 -0.4954127 0.2471355 -0.2464130 -0.9371258 0.5339328 0.6665734 -0.5201881 0.0094746 0.0295729 -0.0043852 0.0124812 0.0197003 -0.0051217 0.0171947 0.0502551 -0.0091387 0.0139919 0.0205322 -0.0042886 0.0318783 0.1018663 -0.0067882 -0.0004484 0.0103530 0.0136824 0.0501247 0.1617993 -0.0139141 0.0032261 0.0108376 0.0176200
0.0234714 -0.0103500 -0.2924426 0.2496479 0.3016221 -0.2152348 0.0946050 -0.0269289 -0.3026748 0.2417138 0.3048252 -0.2261484 0.0799529 -0.0352563 -0.9961750 0.5587523 0.6750791 -0.4817303 0.2972602 -0.0846137 -0.9510399 0.5371589 0.6774109 -0.5025681 -0.0147480 0.0210690 0.0053582 -0.0051027 -0.0034007 -0.0040639 -0.0157607 0.0549613 0.0006605 -0.0017749 -0.0018956 0.0000026 -0.0496018 0.0725506 -0.0026684 -0.0075473 -0.0028878 -0.0125691 -0.0456768 0.1740619 -0.0126534 -0.0012805 -0.0008494 -0.0025049
0.0087234 0.0107190 -0.2870844 0.2445452 0.2982214 -0.2192987 0.0788444 0.0280324 -0.3020143 0.2399389 0.3029296 -0.2261458 0.0303511 0.0372943 -0.9988433 0.5512050 0.6721913 -0.4942994 0.2515835 0.0894482 -0.9636933 0.5358785 0.6765616 -0.5050730 0.0002119 0.0312794 -0.0077794 -0.0149407 -0.0149968 -0.0012216 0.0028214 0.0063536 -0.0024375 -0.0088091 -0.0278290 0.0084535 -0.0003641 0.1036524 0.0092804 -0.0123574 -0.0075051 -0.0232289 0.0059687 0.0189961 0.0035336 0.0142883 -0.0217295 -0.0131080
0.0089353 0.0419984 -0.2948638 0.2296045 0.2832246 -0.2205203 0.0816658 0.0343860 -0.3044519 0.2311298 0.2751006 -0.2176923 0.0299870 0.1409466 -0.9895629 0.5388476 0.6646861 -0.5175283 0.2575522 0.1084442 -0.9601597 0.5501668 0.6548320 -0.5181810 0.0039568 0.0197379 -0.0069780 0.0228026 -0.0654888 0.0112024 -0.0071177 0.0619395 -0.0184068 -0.0165064 -0.0328389 -0.0320112 0.0118217 0.0592617 0.0107021 0.1024073 -0.1115156 -0.0142559 -0.0415149 0.1707030 0.0245291 -0.0251400 -0.0621947 -0.0926609
0.0128921 0.0617363 -0.3018418 0.2524071 0.2177358 -0.2093179 0.0745481 0.0963255 -0.3228587 0.2146235 0.2422617 -0.2497035 0.0418087 0.2002083 -0.9788609 0.6412549 0.5531705 -0.5317843 0.2160373 0.2791472 -0.9356307 0.5250268 0.5926373 -0.6108419 0.0058135 0.0363725 -0.0132636 -0.0144742 -0.0244020 0.0016373 0.0133578 0.0197625 -0.0103477 -0.0176149 -0.0202903 -0.0122419 0.0147799 0.0965918 0.0255994 0.0012879 -0.0310684 -0.0290616 0.0257049 0.0400961 0.0193095 -0.0273449 -0.0318944 -0.0508831
0.0187057 0.0981088 -0.3151055 0.2379329 0.1933338 -0.2076806 0.0879059 0.1160880 -0.3332064 0.1970085 0.2219714 -0.2619454 0.0565886 0.2968001 -0.9532615 0.6425428 0.5221021 -0.5608459 0.2417421 0.3192433 -0.9163212 0.4976819 0.5607430 -0.6617251 -0.0505630 0.0086627 0.0126409 -0.0119273 -0.0095681 0.0050182 -0.0298194 0.0234684 0.0026008 -0.0141539 -0.0098758 0.0066045 -0.1554217 0.0344438 0.0149068 -0.0056429 -0.0042373 -0.0102710 -0.0819551 0.0646549 0.0068761 -0.0151794 -0.0010817 -0.0120484
-0.0318574 0.1067715 -0.3024645 0.2260056 0.1837657 -0.2026624 0.0580865 0.1395564 -0.3306056 0.1828546 0.2120956 -0.2553409 -0.0988331 0.3312439 -0.9383547 0.6368999 0.5178648 -0.5711169 0.1597871 0.3838982 -0.9094450 0.4825025 0.5596612 -0.6737735 0.0106197 0.0158613 -0.0052466 0.0062022 0.0084543 -0.0017957 0.0011449 0.0354908 -0.0041996 0.0058407 0.0084173 -0.0015169 0.0348502 0.0382125 0.0113120 0.0006101 0.0098615 0.0097918 -0.0049008 0.0738383 0.0339523 0.0043697 0.0093067 0.0110284
-0.0212377 0.1226328 -0.3077111 0.2322078 0.1922200 -0.2044581 0.0592315 0.1750472 -0.3348052 0.1886953 0.2205129 -0.2568577 -0.0639829 0.3694564 -0.9270427 0.6375100 0.5277263 -0.5613252 0.1548862 0.4577365 -0.8754927 0.4868722 0.5689680 -0.6627450 0.0258175 0.0512454 -0.0106157 0.0332217 0.0799354 0.1170479 0.0075675 0.0348662 0.0000588 0.0889893 0.1055780 0.2098163 0.0766082 0.1098789 0.0495016 0.0429399 0.1699661 0.3372421 0.0118088 0.0660969 0.0401417 0.1575883 0.1878355 0.5535695
0.0045798 0.1738782 -0.3183268 0.2654295 0.2721554 -0.0874102 0.0667990 0.2099134 -0.3347464 0.2776846 0.3260909 -0.0470415 0.0126253 0.4793352 -0.8775411 0.6804499 0.6976924 -0.2240831 0.1666951 0.5238334 -0.8353510 0.6444605 0.7568034 -0.1091755 0.0015724 0.0062340 -0.0005768 0.0037825 -0.0089980 0.0096027 -0.0060800 0.0177850 0.0017962 0.0032758 -0.0102814 0.0114088 0.0041701 0.0123678 0.0069401 0.0198518 -0.0131404 0.0216822 -0.0178407 0.0343763 0.0191131 0.0178726 -0.0123177 0.0251754
0.0061522 0.1801122 -0.3189036 0.2692120 0.2631574 -0.0778075 0.0607189 0.2276984 -0.3329502 0.2809605 0.3158095 -0.0356327 0.0167955 0.4917030 -0.8706010 0.7003017 0.6845520 -0.2024009 0.1488544 0.5582097 -0.8162379 0.6623330 0.7444857 -0.0840002 0.0096930 0.0230211 -0.0107056 -0.0756502 0.0249172 -0.0311706 0.0024166 0.0306384 -0.0091258 -0.1305096 0.0001741 -0.1262772 0.0240954 0.0325115 0.0199970 -0.1682038 0.1073598 -0.0971780 -0.0031423 0.0380120 0.0267522 -0.2721708 0.0749502 -0.3358786
0.0158452 0.2031333 -0.3296092 0.1935618 0.2880746 -0.1089781 0.0631355 0.2583368 -0.3420761 0.1504509 0.3159836 -0.1619099 0.0408908 0.5242145 -0.8506039 0.5320979 0.7919118 -0.2995789 0.1457120 0.5962217 -0.7894857 0.3901623 0.8194359 -0.4198788 0.0129965 0.0345300 0.0138376 -0.0108696 -0.0115043 0.0220747 0.0238248 -0.0639532 0.0125811 -0.0104032 -0.0115044 0.0216983 0.0318927 0.0755412 0.0537378 0.0010520 0.0152023 0.0459689 0.0759452 -0.1007481 -0.0503797 -0.0046649 0.0186783 0.0339302
0.0288417 0.2376633 -0.3157716 0.1826922 0.2765703 -0.0869034 0.0869603 0.1943836 -0.3294950 0.1400476 0.3044792 -0.1402115 0.0727835 0.5997557 -0.7968661 0.5331499 0.8071141 -0.2536100 0.2216573 0.4954736 -0.8398654 0.3854973 0.8381143 -0.3859485 0.0187388 0.0189666 -0.0184220 0.0159434 0.0166702 -0.0199573 0.0233258 0.0895717 0.0228791 0.0155723 0.0166702 -0.0196594 0.0394247 0.0054493 0.0087442 0.0037711 -0.0144717 -0.0352393 0.0335097 0.1615084 0.1304541 0.0124656 -0.0168468 -0.0228855
0.0475805 0.2566299 -0.3341936 0.1986356 0.2932405 -0.1068607 0.1102861 0.2839553 -0.3066159 0.1556199 0.3211494 -0.1598710 0.1122082 0.6052050 -0.7881219 0.5369210 0.7926424 -0.2888493 0.2551670 0.6569820 -0.7094113 0.3979629 0.8212675 -0.4088340 -0.0468243 -0.0612241 0.0264824 -0.0635058 -0.0143851 -0.0226213 -0.0637700 -0.0316320 -0.0113753 -0.0630479 -0.0143850 -0.0229885 -0.1101334 -0.0691324 -0.0560474 -0.1345528 0.0376890 -0.0967018 -0.1413226 -0.0394418 -0.0688454 -0.1470448 0.0102234 -0.0868100
0.0007563 0.1954058 -0.3077113 0.1351298 0.2788554 -0.1294820 0.0465161 0.2523233 -0.3179911 0.0925720 0.3067644 -0.1828594 0.0020747 0.5360726 -0.8441693 0.4023682 0.8303314 -0.3855511 0.1138443 0.6175402 -0.7782568 0.2509181 0.8314909 -0.4956441 -0.0271891 -0.0384107 -0.0113197 -0.0119767 0.0021750 -0.0120132 0.0061941 -0.0374313 -0.0194987 -0.0119227 0.0021749 -0.0120563 -0.0762099 -0.0957537 -0.0506062 -0.0378850 0.0014047 -0.0332175 0.0167705 -0.0850422 -0.0580361 -0.0353276 -0.0056387 -0.0254019
-0.0264328 0.1569951 -0.3190309 0.1231531 0.2810304 -0.1414953 0.0527102 0.2148920 -0.3374898 0.0806493 0.3089393 -0.1949157 -0.0741352 0.4403189 -0.8947755 0.3644832 0.8317360 -0.4187686 0.1306148 0.5324980 -0.8362928 0.2155905 0.8258522 -0.5210459 -0.0067652 -0.0060303 0.0057914 -0.0149283 0.0043553 -0.0144962 0.0006428 -0.0180148 0.0053447 -0.0150197 0.0043556 -0.0144246 -0.0209058 -0.0081284 -0.0019845 -0.0487470 0.0008518 -0.0363227 0.0062655 -0.0273982 -0.0158445 -0.0439971 -0.0067191 -0.0262900
-0.0331980 0.1509648 -0.3132396 0.1082247 0.2853857 -0.1559914 0.0533530 0.1968772 -0.3321451 0.0656296 0.3132949 -0.2093403 -0.0950410 0.4321906 -0.8967600 0.3157362 0.8325878 -0.4550913 0.1368803 0.5050998 -0.8521373 0.1715935 0.8191331 -0.5473360 -0.0019151 -0.0083109 0.0020137 -0.0050903 0.0002373 -0.0002118 0.0068683 -0.0303903 0.0036035 -0.0051515 0.0002373 -0.0001628 -0.0069852 -0.0176892 -0.0075515 -0.0137247 0.0038099 -0.0023229 0.0244810 -0.0590028 -0.0281808 -0.0132347 0.0018356 -0.0012376
-0.0351131 0.1426539 -0.3112259 0.1031345 0.2856230 -0.1562032 0.0602213 0.1664869 -0.3285416 0.0604780 0.3135322 -0.2095031 -0.1020262 0.4145013 -0.9043115 0.3020116 0.8363978 -0.4574142 0.1613613 0.4460970 -0.8803181 0.1583588 0.8209687 -0.5485735 0.0000000 0.0000000 0.0000000 0.0000000 0.0000000 0.0000000 0.0000000 0.0000000 0.0000000 0.0000000 0.0000000 0.0000000 0.0000000 0.0000000 0.0000000 0.0000000 0.0000000 0.0000000 0.0000000 0.0000000 0.0000000 0.0000000 0.0000000 0.0000000
