-0.1120051 0.0641735 -0.1634503 0.1915675 0.0766570 -0.1821034 -0.0694835 0.0975156 -0.2019429 0.1575790 0.0479858 -0.2600736 -0.5377694 0.3081160 -0.7847730 0.6960981 0.2785483 -0.6617085 -0.2959611 0.4153620 -0.8601636 0.5118681 0.1558737 -0.8448044 0.0000636 0.0134722 -0.0034599 0.0197229 -0.0439781 0.0005137 0.0055257 0.0117776 0.0019051 0.0201924 -0.0465029 0.0012827 0.0181993 0.0522725 0.0100685 0.0571360 -0.1620505 0.0143550 0.0258123 0.0462772 0.0152323 0.0543356 -0.1511504 0.0205526
-0.1119415 0.0776458 -0.1669102 0.2112904 0.0326789 -0.1815897 -0.0639578 0.1092933 -0.2000378 0.1777713 0.0014830 -0.2587909 -0.5195701 0.3603885 -0.7747045 0.7532341 0.1164978 -0.6473536 -0.2701487 0.4616392 -0.8449313 0.5662037 0.0047232 -0.8242518 -0.0015172 0.0059835 -0.0007478 0.0034920 -0.0300172 0.0069818 0.0010640 0.0045411 0.0018473 0.0042939 -0.0324124 0.0076467 0.0015746 0.0214208 0.0092619 0.0226721 -0.1068823 0.0165786 0.0048315 0.0185702 0.0088657 0.0178377 -0.1039408 0.0186145
-0.1134586 0.0836292 -0.1676580 0.2147824 0.0026617 -0.1746079 -0.0628938 0.1138343 -0.1981905 0.1820653 -0.0309294 -0.2511442 -0.5179954 0.3818093 -0.7654426 0.7759062 0.0096155 -0.6307750 -0.2653172 0.4802095 -0.8360656 0.5840414 -0.0992175 -0.8056374 0.0007270 0.0025586 0.0015396 -0.0003313 -0.0075800 0.0052308 -0.0007316 0.0030646 -0.0002816 -0.0004484 -0.0101386 0.0064570 0.0020061 0.0126852 0.0050946 0.0087185 -0.0276104 0.0110652 -0.0009359 0.0089771 0.0055201 0.0066236 -0.0343465 0.0098513
-0.1127317 0.0861879 -0.1661184 0.2144511 -0.0049183 -0.1693771 -0.0636255 0.1168990 -0.1984722 0.1816168 -0.0410681 -0.2446872 -0.5159893 0.3944945 -0.7603480 0.7846247 -0.0179949 -0.6197098 -0.2662532 0.4891866 -0.8305455 0.5906650 -0.1335640 -0.7957861 0.0000456 -0.0003515 0.0001629 -0.0027140 -0.0044390 0.0024354 -0.0001317 -0.0008336 -0.0005513 -0.0021526 -0.0035017 0.0017522 -0.0004671 -0.0010941 -0.0002497 0.0001807 -0.0166880 0.0009388 -0.0004539 -0.0036657 -0.0020029 -0.0028459 -0.0124204 0.0000743
-0.1126861 0.0858364 -0.1659555 0.2117371 -0.0093573 -0.1669417 -0.0637572 0.1160654 -0.1990234 0.1794643 -0.0445698 -0.2429350 -0.5164564 0.3934004 -0.7605977 0.7848054 -0.0346829 -0.6187710 -0.2667070 0.4855209 -0.8325484 0.5878191 -0.1459844 -0.7957118 -0.0036714 -0.0065708 0.0033374 -0.0023716 0.0066311 -0.0026660 -0.0026003 -0.0133930 -0.0003833 -0.0042343 0.0084337 -0.0026655 -0.0244972 -0.0248897 0.0045759 -0.0078206 0.0245655 -0.0106670 -0.0169963 -0.0465577 -0.0199912 -0.0111393 0.0270610 -0.0125565
-0.1163575 0.0792655 -0.1626180 0.2093655 -0.0027262 -0.1696077 -0.0663575 0.1026723 -0.1994067 0.1752299 -0.0361361 -0.2456005 -0.5409536 0.3685106 -0.7560219 0.7769848 -0.0101174 -0.6294380 -0.2837034 0.4389632 -0.8525396 0.5766797 -0.1189234 -0.8082684 0.0027087 -0.0197616 -0.0002035 -0.0097455 0.0187164 0.0015051 0.0023888 -0.0404745 -0.0072998 -0.0126801 0.0265424 -0.0001399 -0.0073161 -0.0814493 -0.0294691 -0.0135083 0.0712743 -0.0134954 -0.0004247 -0.1627008 -0.0655837 -0.0252760 0.0863797 -0.0253352
-0.1136488 0.0595039 -0.1628215 0.1996200 0.0159902 -0.1681026 -0.0639687 0.0621978 -0.2067066 0.1625499 -0.0095937 -0.2457404 -0.5482698 0.2870613 -0.7854910 0.7634765 0.0611569 -0.6429334 -0.2841280 0.2762623 -0.9181233 0.5514037 -0.0325438 -0.8336036 -0.0127671 -0.0481397 0.0013781 -0.0347500 0.0386531 0.0064505 -0.0132689 -0.0426480 0.0158579 -0.0220188 0.0568777 0.0241782 -0.0673023 -0.2317246 -0.0006444 -0.0686286 0.1691384 -0.0383524 -0.0893402 -0.1817330 -0.0046907 -0.0242765 0.2099043 0.0025319
-0.1264160 0.0113641 -0.1614434 0.1648700 0.0546433 -0.1616521 -0.0772376 0.0195498 -0.1908487 0.1405311 0.0472840 -0.2215622 -0.6155721 0.0553367 -0.7861354 0.6948479 0.2302952 -0.6812859 -0.3734683 0.0945294 -0.9228140 0.5271272 0.1773605 -0.8310717 -0.0012523 -0.0096693 0.0033465 -0.0237222 0.0303427 -0.0164228 0.0046432 -0.0357108 -0.0019890 0.0063899 0.0406743 0.0392230 -0.0126673 -0.0469968 0.0081600 -0.1130411 0.1200142 -0.0527333 0.0222315 -0.1727222 -0.0102019 0.0602280 0.1742757 0.1021233
-0.1276682 0.0016948 -0.1580969 0.1411478 0.0849860 -0.1780749 -0.0725944 -0.0161611 -0.1928377 0.1469210 0.0879583 -0.1823391 -0.6282394 0.0083399 -0.7779754 0.5818068 0.3503094 -0.7340191 -0.3512367 -0.0781928 -0.9330159 0.5873552 0.3516362 -0.7289484 -0.0017174 -0.0194626 0.0054744 0.0063667 0.0189897 0.0100888 -0.0088663 -0.0252364 0.0008962 0.0081226 0.0232852 0.0138998 -0.0158769 -0.0967927 0.0181791 0.0164889 0.0713993 0.0526940 -0.0319595 -0.1165436 0.0301104 0.0217822 0.0854184 0.0671820
-0.1293856 -0.0177678 -0.1526226 0.1475146 0.1039756 -0.1679861 -0.0814606 -0.0413975 -0.1919415 0.1550436 0.1112434 -0.1684393 -0.6441163 -0.0884527 -0.7597962 0.5982957 0.4217087 -0.6813251 -0.3831963 -0.1947364 -0.9029055 0.6091374 0.4370546 -0.6617664 -0.0011923 -0.0078055 0.0007036 0.0099081 0.0429590 -0.0016345 -0.0030946 -0.0135815 0.0023630 0.0033410 0.0399108 0.0169737 -0.0024680 -0.0381787 0.0075375 -0.0240162 0.1143106 0.0625471 -0.0105644 -0.0612923 0.0200681 -0.0142070 0.1307166 0.0928257
-0.1305779 -0.0255733 -0.1519189 0.1574227 0.1469347 -0.1696207 -0.0845553 -0.0549790 -0.1895785 0.1583847 0.1511543 -0.1514656 -0.6465843 -0.1266314 -0.7522588 0.5742796 0.5360193 -0.6187780 -0.3937606 -0.2560287 -0.8828374 0.5949304 0.5677713 -0.5689408 0.0037799 -0.0040825 -0.0082888 0.0316755 0.0130680 0.0129046 0.0073460 -0.0015086 -0.0055869 -0.0321603 0.0577927 0.0070121 0.0324167 -0.0170110 -0.0237342 0.0708440 0.0098429 0.0841286 0.0385331 -0.0038621 -0.0150881 -0.1499327 0.1688611 0.0596769
-0.1267981 -0.0296557 -0.1602078 0.1890982 0.1600027 -0.1567161 -0.0772092 -0.0564876 -0.1951654 0.1262243 0.2089470 -0.1444536 -0.6141675 -0.1436424 -0.7759930 0.6451236 0.5458622 -0.5346494 -0.3552275 -0.2598908 -0.8979255 0.4449977 0.7366324 -0.5092639 0.0063554 -0.0018101 -0.0054399 0.0200979 -0.0025697 0.0658961 0.0083017 -0.0008359 -0.0032933 0.0038402 0.0164050 0.0119281 0.0329066 -0.0082127 -0.0234292 0.1097653 0.0222385 0.2069235 0.0387917 -0.0033491 -0.0134324 0.0004306 0.0351242 0.0554078
-0.1204426 -0.0314658 -0.1656476 0.2091961 0.1574330 -0.0908200 -0.0689075 -0.0573235 -0.1984587 0.1300645 0.2253520 -0.1325255 -0.5812610 -0.1518551 -0.7994221 0.7548889 0.5681007 -0.3277259 -0.3164358 -0.2632399 -0.9113579 0.4454283 0.7717566 -0.4538561 0.0023194 0.0003847 -0.0016490 -0.0185344 0.0211849 -0.0541883 0.0035962 0.0009151 0.0000090 -0.0036564 0.0067855 -0.0450868 0.0110052 0.0018072 -0.0082251 -0.1168056 0.0296762 -0.1575703 0.0146297 0.0025748 -0.0056846 -0.0484851 -0.0428051 -0.1038765
-0.1181232 -0.0310810 -0.1672967 0.1906617 0.1786180 -0.1450083 -0.0653114 -0.0564084 -0.1984496 0.1264082 0.2321376 -0.1776122 -0.5702558 -0.1500479 -0.8076472 0.6380833 0.5977770 -0.4852962 -0.3018061 -0.2606651 -0.9170424 0.3969432 0.7289516 -0.5577326 0.0030777 0.0034894 -0.0007488 0.0069117 0.0042544 -0.0000991 0.0036708 0.0054249 -0.0012472 0.0058216 0.0035409 0.0009198 0.0104618 0.0157914 -0.0100361 0.0079341 0.0001720 0.0108297 0.0152688 0.0236675 -0.0112509 0.0125935 0.0009821 0.0104881
-0.1150456 -0.0275916 -0.1680454 0.1975733 0.1828724 -0.1451074 -0.0616406 -0.0509835 -0.1996968 0.1322298 0.2356785 -0.1766925 -0.5597940 -0.1342565 -0.8176832 0.6460174 0.5979490 -0.4744665 -0.2865372 -0.2369976 -0.9282934 0.4095367 0.7299336 -0.5472445 0.0066638 0.0185233 -0.0014664 -0.0066052 -0.0108496 0.0018447 0.0228813 0.0391567 -0.0040377 0.0021573 -0.0172833 0.0457951 0.0216595 0.0892308 -0.0239723 0.0029753 -0.0133406 -0.0124024 0.0999482 0.1800626 -0.0524935 0.0572359 0.0286278 0.0925932
-0.1083818 -0.0090683 -0.1695118 0.1909681 0.1720228 -0.1432627 -0.0387593 -0.0118269 -0.2037345 0.1343872 0.2183952 -0.1308974 -0.5381345 -0.0450257 -0.8416555 0.6489928 0.5846084 -0.4868690 -0.1865891 -0.0569350 -0.9807869 0.4667726 0.7585615 -0.4546513 -0.0139792 0.0168726 0.0087461 -0.0166605 -0.0074376 -0.0165073 -0.0294529 0.0318297 0.0090647 0.0322082 -0.0626446 -0.0131749 -0.0670591 0.0836255 0.0465135 -0.0439546 -0.0133174 -0.0677077 -0.1425532 0.1534543 0.0414523 0.1508019 -0.1811887 -0.0794295
-0.1223610 0.0078043 -0.1607657 0.1743076 0.1645853 -0.1597700 -0.0682122 0.0200029 -0.1946698 0.1665953 0.1557506 -0.1440723 -0.6051936 0.0385998 -0.7951420 0.6050382 0.5712911 -0.5545767 -0.3291422 0.0965193 -0.9393346 0.6175745 0.5773728 -0.5340809 -0.0001725 0.0143609 -0.0002800 -0.0207960 -0.0470698 -0.0035350 -0.0100999 0.0160624 0.0024450 -0.0057997 -0.0238651 -0.0217637 0.0032756 0.0702816 0.0040418 0.0015603 -0.1069308 -0.0907200 -0.0425779 0.0746699 0.0269101 -0.0130566 -0.0815438 -0.0893866
-0.1225335 0.0221652 -0.1610457 0.1535116 0.1175155 -0.1633050 -0.0783121 0.0360653 -0.1922248 0.1607956 0.1318855 -0.1658360 -0.6019180 0.1088814 -0.7911002 0.6065985 0.4643603 -0.6452967 -0.3717201 0.1711892 -0.9124245 0.6045180 0.4958290 -0.6234674 0.0120832 0.0361348 -0.0047855 0.0446444 -0.0453646 -0.0109022 0.0217282 0.0298816 -0.0115673 0.0103880 -0.0504302 -0.0089068 0.0698860 0.1719457 -0.0076977 0.1178363 -0.2005854 0.0084160 0.1163136 0.1264795 -0.0074455 0.0594343 -0.1798969 -0.0542894
-0.1104504 0.0583000 -0.1658312 0.1981560 0.0721509 -0.1742072 -0.0565839 0.0659469 -0.2037921 0.1711836 0.0814553 -0.1747428 -0.5320320 0.2808270 -0.7987979 0.7244348 0.2637749 -0.6368807 -0.2554065 0.2976688 -0.9198700 0.6639523 0.3159321 -0.6777568 -0.0003033 0.0108109 0.0003100 -0.0050748 0.0152341 -0.0006583 -0.0055256 0.0307383 0.0025709 -0.0080383 -0.0178315 -0.0813332 0.0066546 0.0470111 0.0136223 -0.0217142 0.0542632 0.0004566 -0.0126267 0.1195756 0.0515006 -0.1380580 -0.1108428 -0.1476967
-0.1107537 0.0691108 -0.1655212 0.1930813 0.0873849 -0.1748655 -0.0621095 0.0966851 -0.2012212 0.1631454 0.0636237 -0.2560760 -0.5253775 0.3278381 -0.7851756 0.7027205 0.3180381 -0.6364241 -0.2680332 0.4172444 -0.8683693 0.5258943 0.2050893 -0.8254536 -0.0018336 0.0179689 0.0031020 0.0134884 -0.0430895 -0.0087916 -0.0030997 0.0135176 -0.0014686 0.0102075 -0.0454936 -0.0067523 0.0040437 0.0753832 0.0330960 0.0352023 -0.1598029 -0.0196487 -0.0039550 0.0424126 0.0229476 0.0237856 -0.1476010 -0.0079413
-0.1125873 0.0870797 -0.1624192 0.2065697 0.0442954 -0.1836570 -0.0652091 0.1102027 -0.2026898 0.1733529 0.0181301 -0.2628283 -0.5213337 0.4032213 -0.7520796 0.7379229 0.1582352 -0.6560728 -0.2719882 0.4596570 -0.8454217 0.5496799 0.0574883 -0.8333949 -0.0022981 0.0053667 -0.0015347 0.0202325 -0.0284976 0.0066482 -0.0007699 0.0072065 0.0015055 0.0198875 -0.0302976 0.0074140 0.0003416 0.0160128 0.0085677 0.0492199 -0.1034072 0.0417437 -0.0005376 0.0253013 0.0144313 0.0532362 -0.0954514 0.0364941
-0.1148854 0.0924465 -0.1639538 0.2268022 0.0157978 -0.1770088 -0.0659790 0.1174093 -0.2011843 0.1932404 -0.0121675 -0.2554143 -0.5209921 0.4192342 -0.7435119 0.7871427 0.0548280 -0.6143291 -0.2725258 0.4849582 -0.8309905 0.6029161 -0.0379631 -0.7969008 0.0016283 0.0024509 -0.0004252 0.0024212 -0.0151663 0.0178060 -0.0523476 0.0308517 -0.0022804 0.0051872 -0.0166230 0.0172066 0.0085803 0.0101123 -0.0001922 0.0341918 -0.0525654 0.0438868 -0.1528444 0.0480223 0.0995591 0.0343760 -0.0545039 0.0318462
-0.1132571 0.0948974 -0.1643790 0.2292234 0.0006315 -0.1592028 -0.1183266 0.1482610 -0.2034647 0.1984276 -0.0287905 -0.2382077 -0.5124118 0.4293464 -0.7437041 0.8213345 0.0022626 -0.5704423 -0.4253702 0.5329806 -0.7314314 0.6372921 -0.0924670 -0.7650546 -0.0009520 0.0029620 0.0011498 -0.0020825 -0.0019872 0.0066896 0.0000888 -0.0018958 -0.0048419 -0.0018704 -0.0017592 0.0065233 -0.0021481 0.0115514 0.0082877 0.0088693 -0.0072177 0.0130044 0.0041510 -0.0115582 -0.0106556 0.0063946 -0.0075774 0.0063330
-0.1142091 0.0978594 -0.1632292 0.2271410 -0.0013557 -0.1525132 -0.1182378 0.1463652 -0.2083066 0.1965572 -0.0305497 -0.2316844 -0.5145600 0.4408978 -0.7354163 0.8302038 -0.0049551 -0.5574380 -0.4212192 0.5214223 -0.7420870 0.6436868 -0.1000444 -0.7587216 0.0029041 0.0000257 -0.0027636 0.0012440 0.0002813 0.0017457 0.0424798 -0.0142948 -0.0020569 0.0020165 0.0008380 0.0012493 0.0144022 -0.0010432 -0.0104859 0.0043431 0.0010291 0.0065151 0.1294852 -0.0128370 -0.0679946 0.0060154 0.0028323 0.0047741
-0.1113049 0.0978851 -0.1659928 0.2283849 -0.0010744 -0.1507674 -0.0757580 0.1320704 -0.2103635 0.1985737 -0.0297117 -0.2304351 -0.5001578 0.4398546 -0.7459023 0.8345469 -0.0039260 -0.5509229 -0.2917340 0.5085853 -0.8100816 0.6497022 -0.0972121 -0.7539475 0.0026396 -0.0057859 -0.0026471 -0.0029687 0.0113238 -0.0057972 0.0142098 -0.0157886 0.0017720 -0.0061839 0.0181970 -0.0066974 0.0078990 -0.0226411 -0.0180442 -0.0137927 0.0412447 -0.0191384 0.0421640 -0.0370781 -0.0357291 -0.0201101 0.0595304 -0.0220640
-0.1086653 0.0920992 -0.1686400 0.2254162 0.0102494 -0.1565646 -0.0615483 0.1162818 -0.2085915 0.1923899 -0.0115147 -0.2371325 -0.4922588 0.4172135 -0.7639465 0.8207542 0.0373187 -0.5700613 -0.2495700 0.4715072 -0.8458107 0.6295921 -0.0376817 -0.7760115 -0.0069178 -0.0336738 0.0057462 -0.0150872 0.0244857 -0.0050324 0.0052262 -0.0596080 0.0094583 -0.0189034 0.0344735 -0.0054571 -0.0631510 -0.1364626 -0.0188044 -0.0344893 0.0925303 -0.0340305 -0.0129243 -0.2073735 -0.0822680 -0.0496079 0.1144355 -0.0349923
-0.1155831 0.0584255 -0.1628938 0.2103290 0.0347351 -0.1615970 -0.0563221 0.0566738 -0.1991332 0.1734864 0.0229588 -0.2425896 -0.5554097 0.2807509 -0.7827509 0.7862648 0.1298490 -0.6040917 -0.2624943 0.2641337 -0.9280787 0.5799843 0.0767538 -0.8110038 -0.0074135 -0.0366151 0.0006297 -0.0006233 0.0325264 -0.0046519 0.0103796 -0.0389387 -0.0089767 -0.0003145 0.0486398 0.0759336 -0.0452283 -0.1742430 -0.0096442 -0.0262783 0.1139108 0.0015956 0.0476666 -0.1812041 -0.0450460 0.1105573 0.2087532 0.1464452
-0.1229967 0.0218103 -0.1622640 0.2097057 0.0672615 -0.1662489 -0.0459425 0.0177351 -0.2081099 0.1731719 0.0715986 -0.1666560 -0.6006380 0.1065079 -0.7923951 0.7599865 0.2437599 -0.6024961 -0.2148276 0.0829296 -0.9731247 0.6905416 0.2855071 -0.6645585 -0.0022694 -0.0177543 0.0058806 -0.0052046 0.0084647 -0.0012172 -0.0230809 -0.0326722 0.0149088 -0.0087628 0.0357749 -0.0041505 -0.0244136 -0.0862689 0.0120741 -0.0162233 0.0316536 -0.0065717 -0.1207199 -0.1555440 0.0339044 -0.0588261 0.1270584 0.0082619
-0.1252660 0.0040561 -0.1563834 0.2045011 0.0757262 -0.1674660 -0.0690234 -0.0149371 -0.1932011 0.1644091 0.1073735 -0.1708065 -0.6250516 0.0202390 -0.7803210 0.7437632 0.2754135 -0.6090679 -0.3355476 -0.0726145 -0.9392204 0.6317155 0.4125654 -0.6562966 -0.0088291 -0.0280838 0.0055187 -0.0404369 0.0679048 0.0110208 -0.0074698 -0.0332238 0.0016417 0.0009655 0.0323273 0.0124144 -0.0346356 -0.1384447 0.0381349 -0.1324255 0.2597858 0.0261202 -0.0255842 -0.1547578 0.0348501 -0.0152001 0.1082383 0.0658119
-0.1340952 -0.0240278 -0.1508648 0.1640642 0.1436310 -0.1564452 -0.0764932 -0.0481609 -0.1915595 0.1653746 0.1397008 -0.1583921 -0.6596873 -0.1182057 -0.7421861 0.6113377 0.5351993 -0.5829476 -0.3611318 -0.2273722 -0.9043703 0.6165154 0.5208038 -0.5904847 -0.0029627 -0.0108035 -0.0004819 -0.0090467 0.0355472 0.0055411 -0.0092632 -0.0189875 0.0017032 -0.0259279 0.0523391 0.0001845 -0.0020045 -0.0499534 0.0115106 -0.0594862 0.1026623 0.0457396 -0.0306649 -0.0794094 0.0369717 -0.1276179 0.1524846 0.0358118
-0.1370579 -0.0348312 -0.1513467 0.1550176 0.1791782 -0.1509042 -0.0857565 -0.0671484 -0.1898563 0.1394467 0.1920399 -0.1582076 -0.6616917 -0.1681592 -0.7306754 0.5518515 0.6378616 -0.5372081 -0.3917966 -0.3067817 -0.8673986 0.4888975 0.6732884 -0.5546729 -0.0042374 -0.0101376 -0.0085139 -0.0357346 0.0363497 0.0050191 0.0050164 -0.0010824 -0.0044428 -0.0050502 0.0300944 0.0138849 0.0136704 -0.0380809 -0.0024913 -0.1352035 0.1149636 0.0276409 0.0267764 -0.0016849 -0.0110139 -0.0364510 0.0745279 0.0688097
-0.1412953 -0.0449688 -0.1598606 0.1192830 0.2155279 -0.1458850 -0.0807401 -0.0682308 -0.1942990 0.1343965 0.2221343 -0.1443227 -0.6480213 -0.2062400 -0.7331667 0.4166480 0.7528252 -0.5095671 -0.3650203 -0.3084665 -0.8784125 0.4524464 0.7478163 -0.4858632 0.0028941 0.0007322 -0.0031392 0.0054749 0.0099059 0.0086286 0.0007976 -0.0003901 -0.0008383 0.0003592 0.0128967 0.0069508 0.0141973 0.0036536 -0.0133089 0.0107047 0.0193883 0.0394012 0.0045318 -0.0009689 -0.0015294 -0.0088199 0.0259247 0.0336238
-0.1384013 -0.0442366 -0.1629998 0.1247579 0.2254338 -0.1372565 -0.0799425 -0.0686209 -0.1951373 0.1347557 0.2350310 -0.1373719 -0.6338239 -0.2025865 -0.7464757 0.4273527 0.7722135 -0.4701660 -0.3604885 -0.3094354 -0.8799419 0.4436265 0.7737410 -0.4522394 0.0031633 0.0008331 -0.0011121 0.0026298 0.0039756 0.0040468 0.0017487 0.0004816 -0.0000764 -0.0000963 0.0033185 0.0028229 0.0107194 0.0026059 -0.0096648 0.0055256 0.0073464 0.0175040 0.0067595 0.0011906 -0.0031555 -0.0021727 0.0076401 0.0111474
-0.1352379 -0.0434036 -0.1641119 0.1273877 0.2294094 -0.1332097 -0.0781938 -0.0681393 -0.1952137 0.1346594 0.2383495 -0.1345490 -0.6231046 -0.1999806 -0.7561405 0.4328783 0.7795598 -0.4526620 -0.3537289 -0.3082448 -0.8830974 0.4414538 0.7813811 -0.4410920 0.0083274 0.0054183 -0.0014387 0.0290512 -0.0346173 0.0068997 0.0049872 0.0040175 0.0007938 -0.0001359 0.0001156 0.0004676 0.0245509 0.0208293 -0.0246529 0.1259344 -0.0837464 0.0014723 0.0170174 0.0133187 -0.0111308 -0.0001915 0.0008292 0.0012799
-0.1269106 -0.0379852 -0.1655506 0.1564389 0.1947921 -0.1263100 -0.0732066 -0.0641218 -0.1944199 0.1345235 0.2384651 -0.1340814 -0.5985537 -0.1791513 -0.7807934 0.5588126 0.6958134 -0.4511896 -0.3367115 -0.2949261 -0.8942281 0.4412623 0.7822103 -0.4398121 -0.0017321 0.0077072 0.0047592 0.0105106 -0.0103443 0.0005485 -0.0003017 0.0200661 -0.0005924 0.0128255 -0.0424516 -0.0082565 -0.0195238 0.0336774 0.0082537 0.0400804 -0.0341492 0.0000494 -0.0083784 0.0881036 -0.0212703 0.0784198 -0.0908942 -0.0621965
-0.1286427 -0.0302780 -0.1607915 0.1669495 0.1844479 -0.1257615 -0.0735083 -0.0440557 -0.1950123 0.1473490 0.1960136 -0.1423379 -0.6180775 -0.1454739 -0.7725397 0.5988931 0.6616642 -0.4511403 -0.3450899 -0.2068224 -0.9154984 0.5196821 0.6913161 -0.5020086 -0.0029377 0.0196612 0.0029615 0.0075885 -0.0426636 -0.0104063 -0.0011828 0.0281564 0.0004950 0.0234311 -0.0471725 -0.0088413 -0.0214128 0.0938756 0.0054740 0.0650426 -0.1223224 -0.0668364 -0.0123351 0.1307386 -0.0153391 0.1073785 -0.1448100 -0.0530826
-0.1315803 -0.0106168 -0.1578300 0.1745380 0.1417843 -0.1361677 -0.0746912 -0.0158993 -0.1945173 0.1707801 0.1488411 -0.1511793 -0.6394903 -0.0515983 -0.7670657 0.6639357 0.5393418 -0.5179767 -0.3574250 -0.0760839 -0.9308376 0.6270605 0.5465060 -0.5550912 0.0052887 0.0206328 -0.0025916 0.0029579 -0.0227338 -0.0015444 0.0016735 0.0425531 -0.0017613 -0.0055844 -0.0341845 -0.0190940 0.0216667 0.1005970 -0.0177229 0.0341831 -0.0710976 -0.0236666 0.0115495 0.2023398 0.0010905 -0.0001159 -0.1113656 -0.0911233
-0.1262917 0.0100160 -0.1604216 0.1774959 0.1190505 -0.1377122 -0.0730177 0.0266538 -0.1962786 0.1651958 0.1146566 -0.1702733 -0.6178236 0.0489987 -0.7847886 0.6981188 0.4682442 -0.5416433 -0.3458755 0.1262559 -0.9297471 0.6269446 0.4351404 -0.6462146 0.0003934 0.0157381 -0.0038327 0.0204859 -0.0558085 -0.0252142 -0.0041514 0.0173539 0.0034330 -0.0003560 -0.0655509 -0.0748545 0.0141400 0.0744927 -0.0028128 0.0515684 -0.2287690 -0.0753014 -0.0175754 0.0810119 0.0214831 -0.0764722 -0.2711548 -0.1723750
-0.1258982 0.0257541 -0.1642543 0.1979818 0.0632420 -0.1629263 -0.0771691 0.0440078 -0.1928456 0.1648397 0.0491057 -0.2451278 -0.6036836 0.1234913 -0.7876014 0.7496872 0.2394753 -0.6169446 -0.3634510 0.2072678 -0.9082640 0.5504724 0.1639856 -0.8185896 0.0140812 0.0416778 -0.0056744 0.0108020 -0.0246784 0.0024485 0.0189275 0.0154697 -0.0153858 0.0130599 -0.0410638 0.0061013 0.0819135 0.1911653 -0.0053343 0.0347988 -0.0945761 0.0139638 0.1037385 0.0579557 -0.0202865 0.0463630 -0.1370057 0.0166796
-0.1118170 0.0674319 -0.1699287 0.2087838 0.0385636 -0.1604779 -0.0582416 0.0594775 -0.2082314 0.1778996 0.0080420 -0.2390265 -0.5217701 0.3146566 -0.7929358 0.7844860 0.1448992 -0.6029809 -0.2597124 0.2652235 -0.9285504 0.5968354 0.0269799 -0.8019100 -0.0036928 0.0040464 0.0029233 0.0116359 -0.0192636 0.0015347 -0.0064030 0.0381551 0.0076197 0.0131312 -0.0282037 0.0050215 -0.0148034 0.0173793 0.0171516 0.0245897 -0.0740564 0.0195618 -0.0185867 0.1550913 0.0649041 0.0341498 -0.0935753 0.0289787
-0.1155098 0.0714783 -0.1670053 0.2204198 0.0193000 -0.1589432 -0.0646446 0.0976326 -0.2006117 0.1910308 -0.0201617 -0.2340050 -0.5365735 0.3320359 -0.7757842 0.8090757 0.0708428 -0.5834190 -0.2782991 0.4203148 -0.8636464 0.6309852 -0.0665953 -0.7729313 -0.0105601 0.0035533 0.0058358 -0.0011347 -0.0265661 0.0109795 -0.0111168 0.0055227 0.0065965 -0.0035301 -0.0253109 0.0113065 -0.0418808 0.0122366 0.0362795 0.0195546 -0.0983000 0.0242965 -0.0476575 0.0235018 0.0289134 0.0053645 -0.0877321 0.0171256
-0.1260698 0.0750316 -0.1611695 0.2192851 -0.0072661 -0.1479637 -0.0757614 0.1031553 -0.1940152 0.1875008 -0.0454727 -0.2226985 -0.5784543 0.3442725 -0.7395046 0.8286303 -0.0274571 -0.5591225 -0.3259566 0.4438166 -0.8347330 0.6363497 -0.1543274 -0.7558056 0.0060235 0.0016829 -0.0063402 -0.0000908 -0.0044731 0.0000003 0.0054927 0.0029200 -0.0060652 -0.0003892 -0.0061017 0.0009843 0.0325395 0.0045894 -0.0222515 -0.0006097 -0.0168885 0.0001812 0.0296037 0.0035482 -0.0090915 -0.0013535 -0.0206995 0.0033793
-0.1200463 0.0767145 -0.1675097 0.2191943 -0.0117392 -0.1479634 -0.0702687 0.1060753 -0.2000804 0.1871115 -0.0515744 -0.2217142 -0.5459148 0.3488619 -0.7617562 0.8280206 -0.0443456 -0.5589413 -0.2963529 0.4473648 -0.8438244 0.6349962 -0.1750269 -0.7524264 -0.0030192 0.0001530 0.0018563 -0.0028366 0.0004931 -0.0021302 -0.0027706 -0.0010730 0.0011619 -0.0040421 0.0006616 -0.0016861 -0.0129269 0.0001945 0.0095224 -0.0071237 0.0016761 -0.0105388 -0.0124908 -0.0033666 0.0027055 -0.0107861 0.0014299 -0.0092992
-0.1230655 0.0768676 -0.1656534 0.2163577 -0.0112461 -0.1500937 -0.0730393 0.1050023 -0.1989185 0.1830694 -0.0509128 -0.2234002 -0.5588417 0.3490564 -0.7522338 0.8208969 -0.0426695 -0.5694801 -0.3088437 0.4439982 -0.8411190 0.6242100 -0.1735970 -0.7617256 -0.0002850 -0.0041283 -0.0000878 -0.0020078 0.0056996 -0.0029108 -0.0001531 -0.0048064 -0.0004541 -0.0032815 0.0093688 -0.0042035 -0.0043116 -0.0169672 -0.0044532 -0.0071597 0.0216134 -0.0113713 -0.0028368 -0.0173264 -0.0078842 -0.0106138 0.0318120 -0.0150605
-0.1233504 0.0727392 -0.1657411 0.2143500 -0.0055465 -0.1530045 -0.0731924 0.1001959 -0.1993726 0.1797879 -0.0415440 -0.2276037 -0.5631533 0.3320891 -0.7566870 0.8137373 -0.0210561 -0.5808514 -0.3116805 0.4266718 -0.8490032 0.6135962 -0.1417850 -0.7767861 0.0002447 -0.0094178 0.0001373 -0.0150793 0.0222741 -0.0045829 0.0025280 -0.0266342 -0.0055484 -0.0216616 0.0377269 -0.0070581 -0.0071888 -0.0387244 -0.0105463 -0.0310633 0.0867571 -0.0381033 0.0029741 -0.1053079 -0.0462206 -0.0548309 0.1282968 -0.0524300
-0.1231058 0.0633215 -0.1656038 0.1992707 0.0167276 -0.1575874 -0.0706644 0.0735618 -0.2049211 0.1581263 -0.0038171 -0.2346618 -0.5703421 0.2933648 -0.7672333 0.7826739 0.0657009 -0.6189547 -0.3087064 0.3213639 -0.8952238 0.5587654 -0.0134882 -0.8292161 -0.0028536 -0.0285399 0.0030248 -0.0356161 0.0461284 -0.0001289 -0.0024048 -0.0331893 0.0026914 0.0238732 0.0045900 0.0624555 -0.0335351 -0.1266144 -0.0122066 -0.0886745 0.2008484 -0.0498623 -0.0252742 -0.1368319 -0.0291165 0.1676108 0.0165732 0.1419256
-0.1259594 0.0347815 -0.1625790 0.1636546 0.0628560 -0.1577163 -0.0730692 0.0403724 -0.2022297 0.1819995 0.0007730 -0.1722063 -0.6038773 0.1667504 -0.7794399 0.6939994 0.2665494 -0.6688170 -0.3339807 0.1845320 -0.9243402 0.7263761 0.0030850 -0.6872905 -0.0018547 -0.0248310 0.0060053 -0.0122020 0.0168062 -0.0088601 -0.0049336 -0.0458271 0.0046399 -0.0276901 0.0840391 -0.0001936 -0.0277307 -0.1175788 0.0057129 -0.0598102 0.0670265 -0.0287009 -0.0330928 -0.2102013 -0.0054975 -0.1001886 0.3410823 -0.0123080
-0.1278141 0.0099505 -0.1565738 0.1514527 0.0796623 -0.1665764 -0.0780028 -0.0054547 -0.1975898 0.1543094 0.0848121 -0.1723999 -0.6316079 0.0491716 -0.7737271 0.6341892 0.3335758 -0.6975179 -0.3670734 -0.0256693 -0.9298377 0.6261875 0.3441673 -0.6995985 -0.0044744 -0.0236796 0.0063026 -0.0028304 0.0444320 0.0010843 -0.0057296 -0.0259724 0.0082494 0.0042029 0.0327282 0.0108902 -0.0276122 -0.1175866 0.0248958 -0.0506861 0.1536284 0.0477825 -0.0327941 -0.1244121 0.0256356 -0.0045811 0.1167669 0.0662383
-0.1322885 -0.0137291 -0.1502711 0.1486222 0.1240942 -0.1654920 -0.0837325 -0.0314271 -0.1893404 0.1585124 0.1175402 -0.1615096 -0.6592201 -0.0684150 -0.7488312 0.5835031 0.4872042 -0.6497354 -0.3998675 -0.1500814 -0.9042022 0.6216065 0.4609342 -0.6333602 -0.0030558 -0.0120947 0.0021827 0.0016941 0.0186928 -0.0041421 -0.0042084 -0.0201186 0.0026262 -0.0238554 0.0594599 0.0047134 -0.0098904 -0.0592522 0.0167163 -0.0223667 0.0458248 0.0164851 -0.0135304 -0.0922281 0.0264845 -0.1267533 0.1895266 0.0571474
-0.1353443 -0.0258239 -0.1480885 0.1503164 0.1427870 -0.1696341 -0.0879409 -0.0515458 -0.1867142 0.1346570 0.1770002 -0.1567962 -0.6691105 -0.1276672 -0.7321149 0.5611365 0.5330290 -0.6332503 -0.4133979 -0.2423095 -0.8777176 0.4948532 0.6504608 -0.5762128 0.0265758 0.0006379 -0.0177356 0.0386641 0.0213945 0.0196272 0.0300830 -0.0018726 -0.0109171 0.0026449 0.0420980 0.0145405 0.1250132 0.0016785 -0.0973940 0.0864093 0.0295423 0.1192483 0.1414353 -0.0087850 -0.0512538 -0.0296033 0.0919569 0.0941769
-0.1087685 -0.0251859 -0.1658241 0.1889805 0.1641815 -0.1500069 -0.0578579 -0.0534184 -0.1976312 0.1373020 0.2190982 -0.1422557 -0.5440973 -0.1259887 -0.8295089 0.6475458 0.5625713 -0.5140019 -0.2719626 -0.2510945 -0.9289714 0.4652499 0.7424177 -0.4820358 -0.0051175 -0.0015951 -0.0017789 0.0039084 0.0203812 0.0053891 -0.0045113 -0.0008813 -0.0014267 -0.0012689 0.0057180 0.0019840 -0.0130841 -0.0050360 0.0095202 -0.0122443 0.0453067 0.0376866 -0.0173846 -0.0008158 0.0054892 -0.0085558 0.0123413 0.0111118
-0.1138860 -0.0267810 -0.1676029 0.1928889 0.1845626 -0.1446178 -0.0623692 -0.0542996 -0.1990579 0.1360331 0.2248161 -0.1402717 -0.5571814 -0.1310247 -0.8199887 0.6353015 0.6078780 -0.4763153 -0.2893473 -0.2519103 -0.9234822 0.4566941 0.7547590 -0.4709240 -0.0026040 0.0000169 -0.0000807 0.0005909 0.0004798 0.0014987 -0.0027415 -0.0000964 -0.0002059 -0.0015665 0.0004915 0.0004307 -0.0085173 0.0010530 0.0056838 0.0020346 0.0016650 0.0048707 -0.0112921 0.0007445 0.0034106 -0.0044347 0.0030314 0.0005888
-0.1164900 -0.0267641 -0.1676836 0.1934798 0.1850425 -0.1431191 -0.0651107 -0.0543961 -0.1992638 0.1344666 0.2253077 -0.1398410 -0.5656987 -0.1299717 -0.8143048 0.6373361 0.6095430 -0.4714446 -0.3006393 -0.2511659 -0.9200716 0.4522594 0.7577903 -0.4703352 -0.0023043 0.0010603 0.0002463 -0.0529575 0.0302836 0.0062337 -0.0014559 0.0032107 -0.0001678 -0.0584881 0.0420268 -0.0314612 -0.0084617 0.0057392 0.0050421 -0.1549214 0.1296742 0.0015150 -0.0069863 0.0146221 -0.0015648 -0.2195343 0.0610648 -0.0543697
-0.1187944 -0.0257038 -0.1674373 0.1405222 0.2153260 -0.1368854 -0.0665667 -0.0511854 -0.1994316 0.0759785 0.2673344 -0.1713022 -0.5741603 -0.1242325 -0.8092627 0.4824148 0.7392173 -0.4699296 -0.3076256 -0.2365437 -0.9216363 0.2327251 0.8188552 -0.5247049 -0.0060492 0.0101968 0.0079463 0.0127725 -0.0282360 -0.0069757 -0.0048207 0.0260391 0.0018593 0.0241399 -0.0513496 0.0002743 -0.0404243 0.0478940 0.0241143 0.0623013 -0.0744133 -0.0412653 -0.0297860 0.1176903 -0.0121877 0.1088276 -0.0820261 -0.0587544
-0.1248436 -0.0155070 -0.1594910 0.1532947 0.1870900 -0.1438611 -0.0713873 -0.0251462 -0.1975723 0.1001184 0.2159848 -0.1710279 -0.6145847 -0.0763386 -0.7851484 0.5447160 0.6648039 -0.5111949 -0.3374116 -0.1188534 -0.9338240 0.3415526 0.7368290 -0.5834593 -0.0041314 0.0154045 0.0043678 0.0267703 -0.0530015 0.0288061 -0.0047959 0.0289130 0.0024662 0.0687735 -0.0748287 0.0160901 -0.0247381 0.0758302 0.0162101 0.1690593 -0.1332788 0.0551184 -0.0262555 0.1368343 0.0024686 0.2858899 -0.2124266 0.0078571
-0.1289750 -0.0001026 -0.1551232 0.1800650 0.1340885 -0.1150550 -0.0761833 0.0037667 -0.1951061 0.1688920 0.1411561 -0.1549378 -0.6393228 -0.0005084 -0.7689383 0.7137754 0.5315251 -0.4560765 -0.3636672 0.0179808 -0.9313554 0.6274426 0.5244024 -0.5756023 0.0036680 0.0196037 -0.0035598 -0.0129737 -0.0323626 -0.0565725 -0.0078309 0.0322255 0.0056222 -0.0061405 -0.0329662 -0.0154806 0.0224468 0.0965111 -0.0122451 -0.0717036 -0.1406289 -0.2034263 -0.0356855 0.1531047 0.0306628 0.0002188 -0.1071610 -0.0816273
-0.1253070 0.0195012 -0.1586830 0.1670913 0.1017259 -0.1716275 -0.0840141 0.0359922 -0.1894839 0.1627515 0.1081899 -0.1704184 -0.6168760 0.0960027 -0.7811834 0.6420718 0.3908962 -0.6595028 -0.3993527 0.1710855 -0.9006926 0.6276614 0.4172414 -0.6572296 -0.0002799 0.0149317 -0.0019491 0.0056657 -0.0281576 -0.0014985 0.0006130 0.0136159 0.0019258 0.0140855 -0.0330054 0.0093381 0.0095475 0.0705118 0.0043790 0.0343416 -0.1028464 -0.0183557 0.0044135 0.0638296 0.0125271 0.0775968 -0.1173917 0.0148116
-0.1255869 0.0344329 -0.1606322 0.1727570 0.0735683 -0.1731261 -0.0834011 0.0496081 -0.1875581 0.1768370 0.0751845 -0.1610804 -0.6073284 0.1665146 -0.7768044 0.6764134 0.2880498 -0.6778586 -0.3949391 0.2349152 -0.8881655 0.7052583 0.2998497 -0.6424180 0.0174747 0.0407182 -0.0043137 0.0472861 -0.0512832 0.0099307 0.0227457 0.0332961 -0.0230834 0.0076430 -0.0724219 -0.0821702 0.0950750 0.1895632 -0.0047358 0.1241492 -0.2069717 0.0841197 0.1361201 0.1188405 -0.0106502 -0.1010107 -0.2908008 -0.1543272
-0.1081122 0.0751510 -0.1649458 0.2200431 0.0222852 -0.1631954 -0.0606554 0.0829042 -0.2106415 0.1844800 0.0027627 -0.2432506 -0.5122534 0.3560778 -0.7815402 0.8005626 0.0810781 -0.5937389 -0.2588191 0.3537557 -0.8988157 0.6042475 0.0090489 -0.7967453 -0.0032911 0.0012645 -0.0005541 -0.0023378 -0.0037553 0.0014800 -0.0008833 0.0182215 0.0090402 0.0017124 -0.0127991 0.0025064 -0.0092105 0.0016129 0.0068578 0.0003290 -0.0129107 -0.0011778 -0.0044062 0.0787989 0.0364880 0.0072026 -0.0420080 0.0061490
-0.1114034 0.0764156 -0.1654999 0.2177053 0.0185298 -0.1617154 -0.0615387 0.1011258 -0.2016012 0.1861924 -0.0100364 -0.2407442 -0.5214639 0.3576907 -0.7746823 0.8008916 0.0681673 -0.5949167 -0.2632252 0.4325546 -0.8623277 0.6114501 -0.0329591 -0.7905963 0.0004530 0.0110112 0.0019639 0.0039636 -0.0217960 0.0079870 -0.0026808 0.0114292 -0.0017486 0.0039370 -0.0290036 0.0109896 0.0080328 0.0468830 0.0179072 0.0207799 -0.0802743 0.0250839 -0.0031016 0.0342257 0.0190091 0.0206996 -0.0968426 0.0266995
-0.1109504 0.0874267 -0.1635361 0.2216690 -0.0032662 -0.1537284 -0.0642195 0.1125549 -0.2033498 0.1901295 -0.0390400 -0.2297545 -0.5134311 0.4045737 -0.7567752 0.8216715 -0.0121070 -0.5698328 -0.2663268 0.4667803 -0.8433186 0.6321498 -0.1298017 -0.7638967 0.0012746 0.0044092 0.0002934 0.0017603 -0.0107064 0.0059663 -0.0003139 0.0090344 0.0016729 0.0010095 -0.0109284 0.0063871 0.0081294 0.0185356 0.0046789 0.0112923 -0.0399842 0.0189627 0.0020368 0.0311768 0.0173709 0.0088232 -0.0377643 0.0148471
-0.1096758 0.0918360 -0.1632426 0.2234293 -0.0139726 -0.1477621 -0.0645334 0.1215894 -0.2016769 0.1911389 -0.0499684 -0.2233675 -0.5053016 0.4231093 -0.7520962 0.8329638 -0.0520912 -0.5508701 -0.2642900 0.4979571 -0.8259477 0.6409730 -0.1675660 -0.7490496 -0.0001748 0.0003644 -0.0000946 -0.0030870 -0.0011417 0.0007884 0.0000930 -0.0001560 -0.0001777 -0.0028481 -0.0027767 0.0014870 -0.0000748 0.0010655 0.0006507 -0.0024022 -0.0048811 -0.0031350 0.0004292 -0.0007299 -0.0005767 -0.0043117 -0.0107793 -0.0011873
-0.1098506 0.0922003 -0.1633372 0.2203423 -0.0151144 -0.1469738 -0.0644404 0.1214333 -0.2018546 0.1882908 -0.0527451 -0.2218805 -0.5053764 0.4241748 -0.7514455 0.8305616 -0.0569723 -0.5540051 -0.2638608 0.4972272 -0.8265244 0.6366613 -0.1783453 -0.7502369 -0.0067222 -0.0059802 0.0040874 -0.0026330 -0.0007668 -0.0063108 -0.0056986 -0.0071343 0.0044517 -0.0035340 -0.0007237 -0.0059401 -0.0358951 -0.0238374 0.0120166 -0.0143502 -0.0025675 -0.0206722 -0.0300437 -0.0182782 -0.0006564 -0.0169936 -0.0009871 -0.0138652
-0.1165729 0.0862201 -0.1592497 0.2177093 -0.0158811 -0.1532846 -0.0701390 0.1142990 -0.1974029 0.1847569 -0.0534688 -0.2278206 -0.5412715 0.4003374 -0.7394289 0.8162114 -0.0595398 -0.5746773 -0.2939045 0.4789490 -0.8271808 0.6196676 -0.1793324 -0.7641020 0.0022504 -0.0106995 -0.0008273 -0.0027839 0.0066079 -0.0018517 0.0040226 -0.0157103 -0.0019706 -0.0019714 0.0075137 -0.0026539 -0.0012935 -0.0419229 -0.0202831 -0.0058709 0.0245766 -0.0102380 0.0089647 -0.0540644 -0.0320528 -0.0057297 0.0249789 -0.0100138
-0.1143225 0.0755206 -0.1600770 0.2149254 -0.0092732 -0.1551362 -0.0661164 0.0985887 -0.1993735 0.1827854 -0.0459551 -0.2304746 -0.5425650 0.3584145 -0.7597120 0.8103404 -0.0349632 -0.5849153 -0.2849398 0.4248846 -0.8592336 0.6139379 -0.1543535 -0.7741158 0.0612925 -0.0237798 -0.0273745 -0.0088348 0.0143207 -0.0035329 0.0853636 -0.0466945 -0.0383509 -0.0157392 0.0323052 -0.0068083 0.2794699 -0.1017156 -0.1702808 -0.0181219 0.0543660 -0.0250136 0.3637950 -0.2122755 -0.1147167 -0.0389204 0.1073669 -0.0426750
-0.0530301 0.0517408 -0.1874515 0.2060906 0.0050475 -0.1586691 0.0192472 0.0518942 -0.2377244 0.1670462 -0.0136499 -0.2372829 -0.2630951 0.2566989 -0.9299928 0.7922185 0.0194027 -0.6099290 0.0788552 0.2126092 -0.9739503 0.5750175 -0.0469866 -0.8167907 -0.0722103 -0.0484480 0.0293945 -0.0146297 0.0302682 -0.0006754 -0.1007641 -0.0410502 0.0469538 -0.0121067 0.0405420 -0.0036066 -0.3578662 -0.2403725 0.1463217 -0.0312007 0.1209699 -0.0234330 -0.4712535 -0.1604095 0.0556373 -0.0364261 0.1404673 -0.0205746
-0.1252404 0.0032928 -0.1580570 0.1914609 0.0353157 -0.1593446 -0.0815169 0.0108440 -0.1907705 0.1549395 0.0268921 -0.2408894 -0.6209614 0.0163264 -0.7836711 0.7610179 0.1403726 -0.6333619 -0.3923982 0.0521997 -0.9183130 0.5385914 0.0934808 -0.8373653 -0.0010673 -0.0122411 0.0024273 -0.0405538 0.0494229 -0.0144848 -0.0015909 -0.0515017 -0.0039543 0.0037780 0.0575188 0.0653610 -0.0085790 -0.0609261 0.0079845 -0.1458143 0.2050817 -0.0752888 0.0069028 -0.2407908 0.0150818 0.0931196 0.2424828 0.1387455
-0.1263077 -0.0089482 -0.1556297 0.1509071 0.0847386 -0.1738294 -0.0831078 -0.0406578 -0.1947248 0.1587176 0.0844109 -0.1755284 -0.6295404 -0.0445997 -0.7756866 0.6152036 0.3454543 -0.7086507 -0.3854955 -0.1885912 -0.9032312 0.6317110 0.3359636 -0.6986198 0.0000000 0.0000000 0.0000000 0.0000000 0.0000000 0.0000000 0.0000000 0.0000000 0.0000000 0.0000000 0.0000000 0.0000000 0.0000000 0.0000000 0.0000000 0.0000000 0.0000000 0.0000000 0.0000000 0.0000000 0.0000000 0.0000000 0.0000000 0.0000000
