-0.4813753 0.1124151 -0.1675008 -0.0190661 0.1182651 -0.2278414 -0.5191270 0.1525117 -0.1779807 -0.0978498 0.1575798 -0.2440760 -0.9222902 0.2153816 -0.3209229 -0.0740679 0.4594359 -0.8851173 -0.9114089 0.2677583 -0.3124730 -0.3191864 0.5140260 -0.7961767 -0.0096832 0.0033518 -0.0057221 -0.0095738 0.0410580 0.0283947 -0.0213756 0.0041121 0.0003379 -0.0540041 0.0476042 0.0196408 0.0017209 0.0016424 -0.0038118 -0.0374271 0.1608081 0.1086726 -0.0045248 -0.0023441 0.0114402 -0.1275756 0.0896361 0.1358769
-0.4910584 0.1157669 -0.1732229 -0.0286399 0.1593231 -0.1994467 -0.5405026 0.1566238 -0.1776428 -0.1518539 0.2051840 -0.2244351 -0.9205693 0.2170240 -0.3247347 -0.1114951 0.6202440 -0.7764446 -0.9159337 0.2654142 -0.3010328 -0.4467621 0.6036621 -0.6602997 -0.0287749 0.0097503 -0.0001629 0.0008276 0.0019196 -0.0019418 -0.0204949 0.0059760 -0.0044224 -0.0227520 0.0204783 0.0075859 -0.0041084 0.0062456 0.0163165 0.0043105 0.0011622 0.0003224 -0.0010219 0.0003567 0.0034455 -0.0404504 0.0260160 0.0552133
-0.5198333 0.1255172 -0.1733859 -0.0278123 0.1612427 -0.2013885 -0.5609975 0.1625998 -0.1820652 -0.1746059 0.2256623 -0.2168492 -0.9246777 0.2232696 -0.3084182 -0.1071845 0.6214062 -0.7761223 -0.9169556 0.2657709 -0.2975873 -0.4872124 0.6296781 -0.6050864 0.0003669 0.0012768 -0.0104454 -0.0163336 0.0074407 -0.0017896 -0.0037624 0.0008127 -0.0063560 0.0482991 -0.0227301 0.0038015 0.0059744 0.0009722 -0.0166970 -0.0576993 0.0086225 0.0172566 0.0021892 -0.0010845 -0.0076068 0.0927428 0.0041008 -0.0602842
-0.5194664 0.1267940 -0.1838313 -0.0441459 0.1686834 -0.2031781 -0.5647599 0.1634125 -0.1884212 -0.1263068 0.2029322 -0.2130477 -0.9187033 0.2242418 -0.3251152 -0.1648838 0.6300287 -0.7588657 -0.9147665 0.2646864 -0.3051941 -0.3944696 0.6337789 -0.6653706 0.0029094 -0.0015441 -0.0040849 0.0043962 0.0005979 0.0002213 0.0015957 0.0008350 -0.0074102 0.0046560 0.0008569 -0.0009737 0.0024406 -0.0020749 -0.0082084 0.0161532 0.0033680 -0.0005339 0.0041614 0.0008927 -0.0114543 0.0138163 0.0038906 -0.0043164
-0.5165569 0.1252499 -0.1879162 -0.0397497 0.1692813 -0.2029568 -0.5631642 0.1642475 -0.1958314 -0.1216508 0.2037891 -0.2140214 -0.9162626 0.2221668 -0.3333236 -0.1487306 0.6333968 -0.7593996 -0.9106050 0.2655791 -0.3166484 -0.3806533 0.6376695 -0.6696870 0.0038438 -0.0000091 -0.0096962 0.0081576 0.0006490 -0.0014005 0.0047068 0.0006866 -0.0113572 0.0084616 0.0006563 -0.0034464 0.0065026 0.0000609 -0.0173206 0.0306954 0.0015019 -0.0041260 0.0070481 0.0012763 -0.0185726 0.0260737 0.0027817 -0.0115586
-0.5127131 0.1252408 -0.1976124 -0.0315921 0.1699303 -0.2043572 -0.5584574 0.1649341 -0.2071886 -0.1131892 0.2044454 -0.2174678 -0.9097601 0.2222277 -0.3506443 -0.1180352 0.6348987 -0.7635256 -0.9035569 0.2668554 -0.3352210 -0.3545796 0.6404512 -0.6812456 0.0238367 -0.0079821 0.0013474 0.0079014 -0.0039727 -0.0022198 0.0153744 -0.0048102 -0.0083483 0.0090113 -0.0030066 -0.0059752 0.0039202 -0.0049589 -0.0130155 0.0289859 -0.0110916 -0.0129632 0.0071349 -0.0025521 -0.0205478 0.0273536 -0.0077256 -0.0205959
-0.4888765 0.1172587 -0.1962650 -0.0236907 0.1659576 -0.2065771 -0.5430829 0.1601239 -0.2155369 -0.1041779 0.2014388 -0.2234430 -0.9058399 0.2172688 -0.3636597 -0.0890492 0.6238071 -0.7764889 -0.8964220 0.2643033 -0.3557688 -0.3272260 0.6327257 -0.7018414 0.0082481 -0.0032660 0.0009847 0.0205158 -0.0112006 0.0013351 0.0343918 -0.0148478 -0.0049450 0.0366756 -0.0323647 -0.0093234 0.0009766 -0.0026585 -0.0039881 0.0766989 -0.0217996 -0.0219061 0.0088634 -0.0108272 -0.0289255 0.0987951 -0.0605713 -0.0858506
-0.4806283 0.1139927 -0.1952803 -0.0031749 0.1547570 -0.2052420 -0.5086912 0.1452761 -0.2204819 -0.0675023 0.1690741 -0.2327664 -0.9048632 0.2146103 -0.3676478 -0.0123503 0.6020075 -0.7983949 -0.8875585 0.2534760 -0.3846943 -0.2284309 0.5721543 -0.7876920 0.0114104 -0.0086694 0.0033162 -0.0053045 -0.0038683 -0.0071446 0.0094712 -0.0045313 0.0057467 -0.0133436 0.0074488 -0.0093396 -0.0013265 -0.0112018 -0.0030880 -0.0201791 -0.0231517 -0.0163859 -0.0017236 -0.0027613 0.0021771 -0.0320755 -0.0033518 0.0075638
-0.4692179 0.1053233 -0.1919641 -0.0084794 0.1508887 -0.2123866 -0.4992200 0.1407448 -0.2147352 -0.0808459 0.1765229 -0.2421060 -0.9061898 0.2034085 -0.3707359 -0.0325294 0.5788558 -0.8147808 -0.8892821 0.2507148 -0.3825172 -0.2605064 0.5688025 -0.7801282 0.0347488 -0.0232735 -0.0193129 -0.0363990 0.0229727 -0.0508345 0.0276056 -0.0077620 -0.0190648 -0.0411871 0.0338801 -0.0481433 0.0195800 -0.0359716 -0.0604115 -0.1083169 -0.0332086 -0.0113133 0.0206265 -0.0057768 -0.0481136 -0.0617440 -0.0131950 0.0136722
-0.4344691 0.0820498 -0.2112770 -0.0448784 0.1738614 -0.2632211 -0.4716144 0.1329828 -0.2338000 -0.1220330 0.2104030 -0.2902493 -0.8866097 0.1674369 -0.4311474 -0.1408464 0.5456472 -0.8260941 -0.8686556 0.2449379 -0.4306308 -0.3222504 0.5556075 -0.7664561 0.0064832 -0.0041635 0.0106551 0.0543329 -0.0333146 0.0094270 0.0187096 -0.0008380 -0.0229737 0.1010807 -0.0267706 -0.0035107 -0.0067988 -0.0048514 0.0123549 0.1734185 -0.0614469 -0.0482566 0.0254749 0.0010783 -0.0474092 0.2618806 -0.0265081 -0.0799536
-0.4279859 0.0778863 -0.2006218 0.0094546 0.1405468 -0.2537942 -0.4529048 0.1321448 -0.2567737 -0.0209523 0.1836324 -0.2937600 -0.8934086 0.1625855 -0.4187924 0.0325721 0.4842003 -0.8743507 -0.8431807 0.2460163 -0.4780400 -0.0603699 0.5290994 -0.8464096 0.0393337 -0.0039960 -0.0779736 0.0322231 -0.0094183 0.0035153 0.0410816 -0.0097253 -0.0229595 0.0431728 -0.0361604 0.0308599 0.0901848 -0.0098772 -0.1569782 0.1133548 -0.0250779 -0.0019551 0.0398974 -0.0072305 -0.0675947 0.1338855 -0.0411937 -0.0233854
-0.3886521 0.0738903 -0.2785954 0.0416777 0.1311285 -0.2502789 -0.4118232 0.1224195 -0.2797332 0.0222205 0.1474721 -0.2629001 -0.8032237 0.1527083 -0.5757706 0.1459269 0.4591224 -0.8763058 -0.8032834 0.2387858 -0.5456347 0.0735157 0.4879057 -0.8697951 0.0245658 0.0262902 0.0032420 0.0214789 -0.0474687 0.0073357 0.0136377 0.0332453 -0.0700724 0.0427746 -0.0082867 -0.0045452 0.0241768 0.0616510 -0.0134119 0.0927671 -0.1429387 -0.0418733 0.0824569 0.0430108 -0.0876108 0.1372187 -0.0366229 0.0026533
-0.3640863 0.1001805 -0.2753535 0.0631566 0.0836598 -0.2429432 -0.3981855 0.1556648 -0.3498056 0.0649950 0.1391854 -0.2674453 -0.7790469 0.2143593 -0.5891825 0.2386941 0.3161837 -0.9181792 -0.7208265 0.2817966 -0.6332455 0.2107344 0.4512828 -0.8671418 0.0466886 -0.0253433 0.0234065 0.0730744 0.0121141 0.0466476 0.0782741 -0.0532320 0.0377676 0.0471070 -0.0069450 0.0139920 0.0088348 -0.0327560 -0.0222041 0.2905291 0.0558735 0.1556201 0.0230606 -0.0583782 -0.0473477 0.1543337 -0.0206326 0.0417536
-0.3173976 0.0748371 -0.2519470 0.1362310 0.0957738 -0.1962956 -0.3199114 0.1024327 -0.3120380 0.1121020 0.1322404 -0.2534533 -0.7702121 0.1816033 -0.6113866 0.5292232 0.3720572 -0.7625590 -0.6977659 0.2234183 -0.6805932 0.3650681 0.4306502 -0.8253882 0.0585098 -0.0337296 0.0188948 0.0488139 -0.0011906 -0.0048178 0.0526523 -0.0071468 0.0120664 0.0555813 -0.0112634 0.0238154 0.0321158 -0.0644047 -0.0530518 0.1106371 -0.0450013 0.0671359 0.0504991 0.0073517 -0.0458991 0.1775803 -0.0391506 0.0822458
-0.2588878 0.0411075 -0.2330522 0.1850449 0.0945832 -0.2011135 -0.2672591 0.0952859 -0.2999716 0.1676834 0.1209770 -0.2296379 -0.7380963 0.1171986 -0.6644384 0.6398602 0.3270559 -0.6954231 -0.6472667 0.2307701 -0.7264922 0.5426485 0.3914996 -0.7431424 0.0279846 0.0275554 0.0036875 0.0239711 -0.0021738 0.0501583 0.0686658 -0.0003136 -0.0077713 0.0484092 0.0022827 0.0262463 0.0439106 0.0892291 -0.0251222 0.1232838 0.0103426 0.1442667 0.1224030 0.0202330 -0.0868438 0.1298323 -0.0079150 0.1101871
-0.2309032 0.0686629 -0.2293647 0.2090160 0.0924094 -0.1509552 -0.1985933 0.0949723 -0.3077429 0.2160926 0.1232597 -0.2033916 -0.6941857 0.2064277 -0.6895606 0.7631441 0.3373985 -0.5511564 -0.5248637 0.2510031 -0.8133360 0.6724808 0.3835847 -0.6329553 0.0532631 -0.0068586 -0.0016559 0.0491137 0.0219237 0.0047046 0.0637463 -0.0077707 0.0146138 0.0413021 -0.0056960 0.0272145 0.0978844 0.0010367 -0.0859284 0.0487122 0.0221959 0.0911768 0.1214131 0.0098966 -0.0636810 0.0997015 -0.0308944 0.1044252
-0.1776400 0.0618043 -0.2310206 0.2581298 0.1143331 -0.1462506 -0.1348469 0.0872016 -0.2931290 0.2573947 0.1175637 -0.1761771 -0.5963013 0.2074644 -0.7754890 0.8118563 0.3595944 -0.4599796 -0.4034506 0.2608997 -0.8770171 0.7721823 0.3526903 -0.5285301 0.0265966 -0.0052538 0.0137910 0.0115572 -0.0071773 0.0392645 0.0455614 -0.0001902 0.0186673 0.0359631 0.0069069 0.0092406 0.0380317 0.0015511 -0.0274105 0.0601027 -0.0131356 0.1140694 0.1072635 0.0277431 -0.0334545 0.0432684 -0.0066976 0.0644942
-0.1510434 0.0565505 -0.2172296 0.2696870 0.1071558 -0.1069861 -0.0892856 0.0870114 -0.2744617 0.2933577 0.1244706 -0.1669366 -0.5582696 0.2090154 -0.8028995 0.8719590 0.3464589 -0.3459101 -0.2961870 0.2886428 -0.9104716 0.8154507 0.3459926 -0.4640359 0.0228416 -0.0024575 0.0160276 0.0614288 0.0457171 -0.0671270 0.0298354 -0.0037137 0.0238766 0.0440761 0.0070046 0.0330674 0.0342061 0.0121060 -0.0195741 -0.0526344 0.0318153 -0.0849215 0.0765513 0.0190963 -0.0153020 0.0585183 -0.0054658 0.1173088
-0.1282019 0.0540930 -0.2012020 0.3311158 0.1528729 -0.1741131 -0.0594502 0.0832977 -0.2505851 0.3374339 0.1314752 -0.1338691 -0.5240635 0.2211214 -0.8224736 0.8193246 0.3782742 -0.4308316 -0.2196358 0.3077391 -0.9257736 0.8739690 0.3405268 -0.3467271 0.0253157 0.0015020 -0.0036957 0.0274486 0.0171611 0.0158313 0.0277301 -0.0006064 -0.0014319 0.0604780 0.0574947 -0.0741532 0.0879620 0.0145280 -0.0460222 0.0199350 0.0197093 0.0603555 0.1008902 0.0018195 -0.0176632 -0.0571560 0.0473810 -0.0802905
-0.1028862 0.0555950 -0.2048978 0.3585644 0.1700340 -0.1582818 -0.0317201 0.0826913 -0.2520171 0.3979118 0.1889699 -0.2080223 -0.4361015 0.2356494 -0.8684958 0.8392596 0.3979834 -0.3704761 -0.1187456 0.3095585 -0.9434368 0.8168130 0.3879078 -0.4270176 0.0104594 0.0018656 0.0159302 0.0331532 0.0100518 0.0231421 0.0158838 -0.0007246 0.0236281 0.0297139 0.0113379 0.0210801 0.0122555 0.0278508 0.0019380 0.0277281 0.0006000 0.0713716 0.0536205 0.0275194 0.0042152 0.0251814 0.0064981 0.0589287
-0.0924267 0.0574607 -0.1889675 0.3917176 0.1800858 -0.1351398 -0.0158363 0.0819667 -0.2283889 0.4276258 0.2003079 -0.1869422 -0.4238459 0.2635002 -0.8665577 0.8669877 0.3985835 -0.2991046 -0.0651250 0.3370779 -0.9392216 0.8419944 0.3944059 -0.3680889 0.0604575 0.0170144 -0.0044180 0.0161038 0.0023247 0.0091470 0.0183322 0.0139238 -0.0172706 0.0254338 0.0042652 0.0180383 0.2713805 0.0916809 -0.0557224 0.0115908 -0.0056126 0.0276755 0.0745891 0.0265251 0.0077157 0.0209501 -0.0047546 0.0463769
-0.0319692 0.0744751 -0.1933855 0.4078214 0.1824105 -0.1259928 0.0024959 0.0958905 -0.2456595 0.4530595 0.2045731 -0.1689039 -0.1524654 0.3551811 -0.9222802 0.8785785 0.3929708 -0.2714290 0.0094641 0.3636030 -0.9315059 0.8629445 0.3896512 -0.3217120 -0.0005765 0.0007726 0.0010563 0.0087595 0.0015029 0.0079400 0.0069167 -0.0003837 0.0063438 0.0094034 0.0015867 0.0086777 -0.0032005 0.0047278 0.0023705 0.0069620 -0.0020199 0.0204801 0.0270413 0.0068059 0.0033548 0.0078521 -0.0014617 0.0200134
-0.0325457 0.0752476 -0.1923292 0.4165809 0.1839133 -0.1180528 0.0094126 0.0955067 -0.2393157 0.4624630 0.2061598 -0.1602262 -0.1556659 0.3599089 -0.9199096 0.8855405 0.3909509 -0.2509490 0.0365054 0.3704089 -0.9281512 0.8707967 0.3881895 -0.3016986 -0.0017562 0.0009850 0.0006013 0.0028407 -0.0000761 0.0015483 -0.0003168 0.0012734 0.0020604 0.0011263 0.0002725 -0.0000614 -0.0083328 0.0045625 0.0032499 0.0020693 -0.0019016 0.0043939 -0.0010299 0.0070536 0.0028061 0.0003080 -0.0002942 0.0005112
-0.0343019 0.0762326 -0.1917279 0.4194216 0.1838372 -0.1165045 0.0090958 0.0967801 -0.2372553 0.4635893 0.2064323 -0.1602876 -0.1639987 0.3644714 -0.9166597 0.8876098 0.3890494 -0.2465550 0.0354755 0.3774625 -0.9253451 0.8711047 0.3878953 -0.3011874 -0.0014275 0.0019640 0.0002960 -0.0006169 0.0007229 -0.0007419 -0.0006519 0.0021618 0.0011652 -0.0014118 -0.0020290 -0.0027959 -0.0062617 0.0081577 0.0044322 -0.0011520 0.0015976 -0.0016131 -0.0025076 0.0088428 0.0035635 -0.0007509 -0.0029713 -0.0059247
-0.0357293 0.0781966 -0.1914320 0.4188047 0.1845601 -0.1172464 0.0084439 0.0989419 -0.2360901 0.4621775 0.2044033 -0.1630835 -0.1702604 0.3726291 -0.9122275 0.8864578 0.3906470 -0.2481682 0.0329679 0.3863053 -0.9217816 0.8703537 0.3849240 -0.3071121 -0.0448789 -0.0127160 0.0114147 -0.0279590 -0.0066456 -0.0337279 -0.0131436 -0.0107483 0.0144346 -0.0360726 0.0033394 -0.0329994 -0.2176037 -0.0575549 0.0460348 -0.0278340 0.0002020 -0.0834976 -0.0526646 -0.0166801 -0.0071905 -0.0397430 0.0200312 -0.0751143
-0.0806082 0.0654806 -0.1800173 0.3908457 0.1779145 -0.1509743 -0.0046997 0.0881937 -0.2216555 0.4261049 0.2077428 -0.1960829 -0.3878641 0.3150741 -0.8661926 0.8586238 0.3908489 -0.3316658 -0.0196967 0.3696252 -0.9289721 0.8306107 0.4049552 -0.3822265 -0.0042271 -0.0013469 -0.0025393 -0.0357705 -0.0147455 -0.0090017 -0.0138227 0.0012958 -0.0154160 -0.0371537 -0.0270601 -0.0179569 -0.0136757 -0.0115184 0.0021211 -0.0177111 -0.0044212 -0.0472002 -0.0532043 -0.0174090 -0.0041030 -0.0191367 -0.0279945 -0.0643276
-0.0848353 0.0641337 -0.1825566 0.3550752 0.1631690 -0.1599761 -0.0185224 0.0894895 -0.2370715 0.3889511 0.1806827 -0.2140398 -0.4015399 0.3035557 -0.8640716 0.8409127 0.3864277 -0.3788660 -0.0729010 0.3522162 -0.9330751 0.8114740 0.3769608 -0.4465541 -0.0135332 -0.0028447 -0.0092418 -0.0535024 -0.0266060 -0.0375888 -0.0202108 0.0038059 -0.0133078 -0.0699507 -0.0517504 0.0365717 -0.0374155 -0.0300622 0.0081981 -0.0586681 -0.0321991 -0.1335942 -0.0705608 -0.0066637 0.0057067 0.0125120 -0.0439254 -0.0118503
-0.0983685 0.0612890 -0.1917985 0.3015727 0.1365630 -0.1975648 -0.0387331 0.0932954 -0.2503793 0.3190004 0.1289323 -0.1774680 -0.4389554 0.2734935 -0.8558735 0.7822446 0.3542286 -0.5124602 -0.1434619 0.3455525 -0.9273684 0.8239860 0.3330354 -0.4584044 -0.0582184 -0.0043302 -0.0050780 -0.0357278 -0.0181765 -0.0054362 -0.0719632 -0.0033364 -0.0065648 -0.0425198 -0.0071911 -0.0255072 -0.1681525 -0.0526569 0.0925576 -0.0330090 -0.0205778 -0.0596614 -0.2332076 -0.0394467 0.0530576 -0.0643247 0.0014621 -0.0992929
-0.1565869 0.0569588 -0.1968765 0.2658449 0.1183865 -0.2030010 -0.1106964 0.0899590 -0.2569441 0.2764806 0.1217412 -0.2029753 -0.6071079 0.2208366 -0.7633159 0.7492357 0.3336508 -0.5721216 -0.3766695 0.3061059 -0.8743108 0.7596613 0.3344975 -0.5576972 -0.0436033 -0.0102917 -0.0130480 -0.0630475 -0.0227595 -0.0052468 -0.0706389 -0.0111120 0.0048450 -0.0601685 -0.0115142 -0.0187126 -0.0742596 -0.0620004 0.0488165 -0.0865077 -0.0211484 -0.1084178 -0.1893036 -0.0600131 0.0874735 -0.1017077 0.0007784 -0.1166078
-0.2001902 0.0466671 -0.2099245 0.2027975 0.0956270 -0.2082478 -0.1813352 0.0788470 -0.2520991 0.2163121 0.1102270 -0.2216879 -0.6813675 0.1588362 -0.7144994 0.6627280 0.3125024 -0.6805394 -0.5659731 0.2460927 -0.7868372 0.6579535 0.3352759 -0.6743050 -0.0622714 0.0226106 -0.0104547 -0.0491003 -0.0053734 0.0109690 -0.0669399 0.0099658 -0.0165464 -0.0697437 -0.0000559 -0.0141689 -0.0692814 0.0393004 0.0842073 -0.0846391 0.0269615 -0.0614697 -0.0935809 -0.0101575 0.0731685 -0.1673393 0.0335042 -0.1151878
-0.2624616 0.0692777 -0.2203793 0.1536971 0.0902536 -0.1972788 -0.2482752 0.0888128 -0.2686455 0.1465684 0.1101711 -0.2358569 -0.7506489 0.1981366 -0.6302920 0.5780889 0.3394639 -0.7420091 -0.6595540 0.2359353 -0.7136687 0.4906142 0.3687801 -0.7894928 -0.0550214 -0.0058447 -0.0052852 -0.0883400 0.0233156 -0.0440991 -0.0703746 -0.0060074 0.0338749 -0.1367390 0.0324162 -0.0267597 -0.0538312 -0.0374018 0.0584739 -0.3401240 0.0740409 -0.1368462 -0.1284696 -0.0311568 0.1330789 -0.4577390 0.1081159 -0.0888519
-0.3174831 0.0634330 -0.2256645 0.0653571 0.1135692 -0.2413779 -0.3186497 0.0828054 -0.2347706 0.0098294 0.1425873 -0.2626166 -0.8044802 0.1607348 -0.5718181 0.2379649 0.4135047 -0.8788552 -0.7880236 0.2047785 -0.5805898 0.0328752 0.4768960 -0.8783447 -0.0632519 0.0359888 0.0016395 -0.0217433 -0.0054709 0.0274827 -0.0617753 0.0432052 -0.0498193 -0.0140371 -0.0098106 0.0269471 -0.0363592 0.0588346 0.0770673 -0.0589225 0.0302576 0.0007785 0.0140492 0.0515900 0.0015918 -0.0484288 0.0139028 0.0072106
-0.3807350 0.0994218 -0.2240249 0.0436138 0.1080983 -0.2138951 -0.3804250 0.1260106 -0.2845899 -0.0042077 0.1327767 -0.2356695 -0.8408394 0.2195694 -0.4947508 0.1790424 0.4437623 -0.8780768 -0.7739745 0.2563685 -0.5789980 -0.0155536 0.4907988 -0.8711341 -0.0616888 -0.0041833 0.0250504 -0.0616070 0.0251968 0.0185074 -0.0665925 0.0101904 0.0818488 -0.0655903 0.0290033 0.0106332 -0.0540881 -0.0269226 0.0922686 -0.2548962 0.1181707 0.0543794 -0.1035781 0.0110115 0.1809913 -0.2286601 0.0752466 0.0837636
-0.4424238 0.0952384 -0.1989745 -0.0179931 0.1332951 -0.1953877 -0.4470175 0.1362009 -0.2027411 -0.0697981 0.1617800 -0.2250363 -0.8949275 0.1926467 -0.4024823 -0.0758539 0.5619330 -0.8236974 -0.8775526 0.2673799 -0.3980067 -0.2442137 0.5660454 -0.7873705 -0.0213889 0.0216554 0.0191840 0.0016865 0.0167644 0.0159363 -0.0296955 0.0163305 0.0274943 0.0029107 0.0167605 0.0139078 -0.0127468 0.0361127 0.0506350 0.0063138 0.0780010 0.0584206 -0.0213739 0.0202451 0.0675480 0.0090878 0.0615692 0.0452009
-0.4638127 0.1168939 -0.1797905 -0.0163066 0.1500595 -0.1794513 -0.4767129 0.1525315 -0.1752468 -0.0668873 0.1785405 -0.2111284 -0.9076743 0.2287595 -0.3518473 -0.0695401 0.6399341 -0.7652768 -0.8989265 0.2876250 -0.3304587 -0.2351258 0.6276146 -0.7421696 -0.0147020 0.0051623 0.0291260 -0.0108565 0.0016942 -0.0076242 -0.0358613 0.0143192 0.0256192 -0.0101394 0.0016915 -0.0087295 -0.0191268 0.0076424 0.0600359 -0.0425128 -0.0139223 -0.0064443 -0.0173202 0.0106271 0.0629936 -0.0263891 -0.0157061 -0.0042739
-0.4785147 0.1220562 -0.1506645 -0.0271631 0.1517537 -0.1870755 -0.5125742 0.1668507 -0.1496275 -0.0770268 0.1802320 -0.2198580 -0.9268011 0.2364019 -0.2918114 -0.1120529 0.6260118 -0.7717211 -0.9162467 0.2982522 -0.2674651 -0.2615149 0.6119085 -0.7464435 -0.0087625 0.0072024 0.0086851 -0.0019130 0.0039794 0.0014194 -0.0130454 0.0054848 0.0052989 -0.0010506 0.0039758 0.0001559 -0.0035764 0.0103966 0.0207244 -0.0070809 0.0120756 0.0110295 -0.0031996 0.0032077 0.0149966 -0.0012399 0.0080084 0.0070770
-0.4872772 0.1292586 -0.1419795 -0.0290761 0.1557331 -0.1856561 -0.5256196 0.1723355 -0.1443286 -0.0780774 0.1842078 -0.2197021 -0.9303775 0.2467985 -0.2710870 -0.1191339 0.6380874 -0.7606915 -0.9194463 0.3014599 -0.2524685 -0.2627548 0.6199170 -0.7393665 -0.0122462 0.0092753 -0.0060721 -0.0016655 0.0001061 -0.0004324 -0.0052256 0.0019391 -0.0013977 -0.0010514 0.0001019 -0.0012844 0.0037990 0.0101715 -0.0035377 -0.0065150 -0.0011323 0.0000993 0.0000935 0.0003604 0.0000900 -0.0023863 -0.0023400 -0.0011056
-0.4995234 0.1385339 -0.1480516 -0.0307416 0.1558392 -0.1860886 -0.5308452 0.1742746 -0.1457263 -0.0791287 0.1843097 -0.2209865 -0.9265785 0.2569700 -0.2746246 -0.1256489 0.6369551 -0.7605922 -0.9193528 0.3018203 -0.2523785 -0.2651411 0.6175769 -0.7404721 0.0010461 0.0013211 -0.0094980 0.0226243 -0.0112546 0.0019042 0.0020077 0.0008926 -0.0104239 0.0233721 -0.0112593 0.0009065 0.0054618 0.0014626 -0.0165052 0.0910032 -0.0198521 -0.0255271 0.0052999 0.0009421 -0.0175146 0.0698229 -0.0113723 -0.0304797
-0.4984774 0.1398550 -0.1575496 -0.0081173 0.1445846 -0.1841844 -0.5288375 0.1751672 -0.1561502 -0.0557566 0.1730504 -0.2200800 -0.9211168 0.2584325 -0.2911298 -0.0346457 0.6171030 -0.7861193 -0.9140529 0.3027623 -0.2698931 -0.1953183 0.6062046 -0.7709518 0.0024714 0.0001185 -0.0062008 0.0035824 0.0010688 -0.0026626 0.0013369 0.0008495 -0.0067436 0.0040072 0.0010641 -0.0032030 0.0038896 0.0004101 -0.0116819 0.0155074 -0.0024128 -0.0024171 0.0037205 0.0009979 -0.0112204 0.0155302 -0.0012945 -0.0047801
-0.4960059 0.1399735 -0.1637505 -0.0045349 0.1456534 -0.1868469 -0.5275006 0.1760167 -0.1628938 -0.0517493 0.1741145 -0.2232830 -0.9172271 0.2588426 -0.3028117 -0.0191383 0.6146902 -0.7885364 -0.9103324 0.3037602 -0.2811134 -0.1797881 0.6049102 -0.7757319 0.0157596 -0.0098540 0.0005591 0.0006722 -0.0044116 -0.0101263 0.0294316 -0.0139010 -0.0148282 -0.0311960 0.0001189 -0.0111247 0.0000967 -0.0103523 -0.0088363 0.0032037 -0.0320337 -0.0240259 0.0098570 -0.0106658 -0.0401961 -0.0934013 -0.0310538 0.0036850
-0.4802463 0.1301195 -0.1631914 -0.0038627 0.1412418 -0.1969732 -0.4980690 0.1621157 -0.1777220 -0.0829454 0.1742334 -0.2344077 -0.9171304 0.2484903 -0.3116479 -0.0159346 0.5826566 -0.8125623 -0.9004754 0.2930943 -0.3213096 -0.2731894 0.5738564 -0.7720469 0.0122110 -0.0097324 -0.0065533 0.0026694 -0.0072567 -0.0082797 0.0081168 -0.0061822 -0.0046795 0.0073164 -0.0070409 -0.0031907 0.0033811 -0.0134575 -0.0197460 0.0110665 -0.0360389 -0.0248059 0.0024079 -0.0072729 -0.0130269 0.0212692 -0.0169379 -0.0193936
-0.4680353 0.1203871 -0.1697446 -0.0011933 0.1339851 -0.2052529 -0.4899522 0.1559335 -0.1824015 -0.0756290 0.1671925 -0.2375984 -0.9137493 0.2350328 -0.3313939 -0.0048681 0.5466177 -0.8373682 -0.8980675 0.2858214 -0.3343365 -0.2519202 0.5569185 -0.7914404 0.0227059 -0.0226212 -0.0206176 -0.0204257 0.0308503 -0.0443411 0.0336071 -0.0184787 -0.0249437 -0.0533615 0.0410933 -0.0575667 0.0124172 -0.0371577 -0.0538930 -0.0672210 0.0030314 0.0050887 0.0200532 -0.0213565 -0.0645986 -0.0843485 -0.0139328 0.0219667
-0.4453295 0.0977660 -0.1903622 -0.0216189 0.1648354 -0.2495940 -0.4563450 0.1374548 -0.2073452 -0.1289905 0.2082858 -0.2951651 -0.9013321 0.1978751 -0.3852868 -0.0720891 0.5496490 -0.8322795 -0.8780143 0.2644649 -0.3989351 -0.3362687 0.5429858 -0.7694737 0.0183149 -0.0086815 -0.0037204 0.0487582 -0.0313949 0.0021487 0.0118568 -0.0041453 -0.0173560 0.1205123 -0.0311986 0.0131462 0.0069417 -0.0112859 -0.0212231 0.1681779 -0.0771922 -0.0438207 0.0159160 -0.0059072 -0.0368796 0.3108175 -0.0113780 -0.0771344
-0.4270146 0.0890845 -0.1940827 0.0271393 0.1334405 -0.2474453 -0.4444882 0.1333095 -0.2247012 -0.0084782 0.1770872 -0.2820189 -0.8943904 0.1865892 -0.4065099 0.0960888 0.4724568 -0.8761002 -0.8620983 0.2585577 -0.4358147 -0.0254512 0.5316078 -0.8466082 0.0236276 0.0123860 -0.0594032 0.0327729 -0.0087140 0.0102380 0.0126451 0.0155356 -0.0701687 0.0475754 -0.0340677 0.0258475 0.0662608 0.0217237 -0.1138814 0.1220788 -0.0182703 0.0123192 0.0678067 0.0152139 -0.1065413 0.1575433 -0.0484090 -0.0188805
-0.4033870 0.1014705 -0.2534858 0.0599121 0.1247265 -0.2372073 -0.4318431 0.1488451 -0.2948699 0.0390972 0.1430195 -0.2561715 -0.8281296 0.2083128 -0.5203914 0.2181677 0.4541865 -0.8637809 -0.7942916 0.2737716 -0.5423560 0.1320921 0.4831988 -0.8654887 0.0435736 -0.0047566 -0.0101743 0.0453776 -0.0022592 0.0074469 0.0423103 -0.0047565 -0.0092767 0.0491996 -0.0111716 0.0024227 0.0398228 0.0035752 -0.0572554 0.1567354 -0.0181197 0.0456774 0.0375997 0.0061294 -0.0484679 0.1629386 -0.0426488 0.0176251
-0.3598135 0.0967138 -0.2636601 0.1052897 0.1224672 -0.2297604 -0.3895328 0.1440885 -0.3041466 0.0882968 0.1318478 -0.2537487 -0.7883068 0.2118881 -0.5776468 0.3749031 0.4360668 -0.8181035 -0.7566919 0.2799010 -0.5908238 0.2950307 0.4405500 -0.8478636 0.0397084 -0.0268471 0.0217136 0.0481958 -0.0373930 0.0346732 0.0652073 -0.0575243 0.0282385 0.0481562 -0.0175861 0.0286181 0.0023717 -0.0403484 -0.0163904 0.2100236 -0.1118526 0.0746348 0.0102886 -0.0806819 -0.0441516 0.1804443 -0.0424011 0.0633886
-0.3201050 0.0698667 -0.2419465 0.1534855 0.0850742 -0.1950872 -0.3243254 0.0865642 -0.2759081 0.1364530 0.1142617 -0.2251306 -0.7859351 0.1715397 -0.5940371 0.5849268 0.3242143 -0.7434688 -0.7464033 0.1992191 -0.6349755 0.4754750 0.3981488 -0.7844750 0.0524390 -0.0387791 0.0104119 0.0406366 0.0032201 0.0154724 0.0522123 0.0014306 -0.0195347 0.0462496 0.0020655 0.0130217 0.0325285 -0.0840366 -0.0576696 0.1112999 -0.0075432 0.0992733 0.0846293 0.0147826 -0.0835358 0.1271973 -0.0144258 0.0848017
-0.2676661 0.0310876 -0.2315347 0.1941221 0.0882943 -0.1796148 -0.2721132 0.0879948 -0.2954428 0.1827026 0.1163272 -0.2121088 -0.7534067 0.0875031 -0.6517067 0.6962267 0.3166710 -0.6441955 -0.6617740 0.2140017 -0.7185113 0.6026723 0.3837230 -0.6996733 0.0364513 0.0173730 0.0082561 0.0271249 0.0047659 0.0326225 0.0653432 -0.0056934 -0.0060035 0.0455831 -0.0025308 0.0230450 0.0421013 0.0615805 -0.0351839 0.0898552 0.0139683 0.1219380 0.1099403 0.0056468 -0.0859973 0.1163275 -0.0253142 0.1042051
-0.2312148 0.0484607 -0.2232786 0.2212471 0.0930603 -0.1469923 -0.2067700 0.0823015 -0.3014463 0.2282857 0.1137965 -0.1890639 -0.7113054 0.1490836 -0.6868906 0.7860819 0.3306393 -0.5222575 -0.5518337 0.2196485 -0.8045086 0.7189998 0.3584089 -0.5954682 0.0516134 0.0086668 -0.0052199 0.0333696 0.0096033 0.0213341 0.0634661 -0.0018273 0.0143164 0.0258294 -0.0011175 0.0060302 0.1049445 0.0437871 -0.0845544 0.0572259 0.0093892 0.1060694 0.1186831 0.0235927 -0.0633706 0.0445103 -0.0198557 0.0455282
-0.1796014 0.0571274 -0.2284985 0.2546167 0.1026635 -0.1256581 -0.1433039 0.0804741 -0.2871298 0.2541151 0.1126789 -0.1830337 -0.6063609 0.1928707 -0.7714450 0.8433078 0.3400286 -0.4161882 -0.4331506 0.2432412 -0.8678791 0.7635101 0.3385532 -0.5499401 0.0198571 -0.0074150 0.0127715 0.0271575 0.0051372 -0.0004403 0.0439708 0.0014760 0.0138613 0.0481835 0.0047408 0.0193490 0.0212120 -0.0107724 -0.0187708 0.0184293 -0.0103466 0.0305471 0.1043315 0.0280356 -0.0367129 0.0686514 -0.0153227 0.0993523
-0.1597443 0.0497124 -0.2157270 0.2817742 0.1078007 -0.1260985 -0.0993331 0.0819501 -0.2732685 0.3022987 0.1174197 -0.1636847 -0.5851489 0.1820983 -0.7902157 0.8617371 0.3296819 -0.3856411 -0.3288192 0.2712768 -0.9045921 0.8321614 0.3232305 -0.4505878 0.0474257 0.0008122 0.0097274 0.0353763 0.0300754 -0.0543258 0.0458942 -0.0008826 0.0072540 0.0240406 0.0056394 0.0100790 0.1171712 0.0284136 -0.0680858 -0.0486568 0.0237918 -0.0769136 0.1401099 0.0149979 -0.0347883 0.0241521 -0.0003236 0.0475268
-0.1123186 0.0505246 -0.2059996 0.3171505 0.1378761 -0.1804243 -0.0534388 0.0810675 -0.2660146 0.3263392 0.1230591 -0.1536057 -0.4679777 0.2105119 -0.8583016 0.8130803 0.3534737 -0.4625546 -0.1887092 0.2862747 -0.9393804 0.8563136 0.3229069 -0.4030610 0.0083057 0.0007932 0.0044925 0.0251816 0.0164135 0.0059466 0.0191881 -0.0041694 0.0146757 0.0250285 0.0116734 0.0098424 0.0206148 0.0102077 -0.0083871 0.0137051 0.0191598 0.0411638 0.0594912 0.0038394 -0.0088476 0.0159131 0.0115497 0.0461866
-0.1040129 0.0513178 -0.2015071 0.3423320 0.1542896 -0.1744776 -0.0342507 0.0768981 -0.2513389 0.3513678 0.1347325 -0.1437633 -0.4473629 0.2207196 -0.8666887 0.8267854 0.3726335 -0.4213908 -0.1292181 0.2901141 -0.9482281 0.8722267 0.3344567 -0.3568744 0.0182913 0.0015745 0.0134415 0.0263796 0.0133053 0.0142448 0.0230870 -0.0000581 0.0199834 0.0497017 0.0540818 -0.0701046 0.0455578 0.0272041 -0.0148364 0.0197414 0.0121485 0.0535114 0.0834719 0.0247555 0.0001962 -0.0573529 0.0491673 -0.0776522
-0.0857216 0.0528923 -0.1880656 0.3687117 0.1675949 -0.1602329 -0.0111638 0.0768400 -0.2313555 0.4010695 0.1888143 -0.2138679 -0.4018051 0.2479237 -0.8815251 0.8465268 0.3847820 -0.3678793 -0.0457462 0.3148696 -0.9480319 0.8148738 0.3836240 -0.4345266 0.0550583 0.0132312 -0.0043118 0.0234802 0.0080809 0.0151576 0.0139979 0.0117082 -0.0134355 0.0257161 0.0198190 0.0254640 0.2527532 0.0734980 -0.0536068 0.0181560 0.0025385 0.0480254 0.0566327 0.0252696 0.0077198 0.0202449 0.0246222 0.0658645
-0.0306633 0.0661236 -0.1923774 0.3921918 0.1756759 -0.1450753 0.0028341 0.0885483 -0.2447910 0.4267856 0.2086333 -0.1884039 -0.1490519 0.3214217 -0.9351319 0.8646828 0.3873205 -0.3198539 0.0108865 0.3401392 -0.9403121 0.8351188 0.4082462 -0.3686621 -0.0004355 0.0004352 0.0002183 0.0035788 0.0020114 0.0030165 0.0052954 0.0000299 0.0041928 0.0017691 -0.0103612 -0.0072414 -0.0021156 0.0021127 0.0010688 0.0022937 0.0019219 0.0086594 0.0208055 0.0051753 0.0023603 0.0033362 -0.0203325 -0.0141124
-0.0310988 0.0665588 -0.1921591 0.3957706 0.1776873 -0.1420588 0.0081294 0.0885782 -0.2405982 0.4285547 0.1982721 -0.1956453 -0.1511675 0.3235344 -0.9340631 0.8669765 0.3892424 -0.3111946 0.0316920 0.3453145 -0.9379518 0.8384550 0.3879136 -0.3827745 -0.0004602 0.0002231 0.0004273 0.0009958 0.0012987 -0.0002620 0.0040659 0.0010326 0.0049037 0.0002427 0.0012886 -0.0007034 -0.0024286 0.0014895 0.0009137 -0.0005727 0.0016025 0.0004138 0.0166161 0.0096507 0.0043212 -0.0011205 0.0017786 -0.0006456
-0.0315590 0.0667819 -0.1917319 0.3967664 0.1789859 -0.1423209 0.0121953 0.0896107 -0.2356944 0.4287974 0.1995606 -0.1963487 -0.1535961 0.3250239 -0.9331494 0.8664038 0.3908449 -0.3107808 0.0483081 0.3549652 -0.9336306 0.8373345 0.3896922 -0.3834201 0.0000522 0.0025374 0.0001611 0.0009205 0.0038557 0.0056641 0.0004217 0.0023881 0.0004783 0.0004381 0.0007970 0.0043378 0.0007605 0.0112352 0.0038641 0.0008812 0.0079007 0.0127563 0.0015849 0.0088356 0.0034910 0.0024421 0.0022970 0.0077610
-0.0315068 0.0693193 -0.1915707 0.3976868 0.1828417 -0.1366568 0.0126171 0.0919989 -0.2352161 0.4292355 0.2003577 -0.1920109 -0.1528356 0.3362591 -0.9292853 0.8672851 0.3987456 -0.2980245 0.0498930 0.3638008 -0.9301396 0.8397766 0.3919892 -0.3756591 -0.0411179 -0.0113664 0.0106702 -0.0154212 -0.0035356 -0.0161278 -0.0101462 -0.0112854 0.0114604 -0.0127137 -0.0062261 -0.0153075 -0.2042769 -0.0512910 0.0397551 -0.0159558 0.0005803 -0.0422363 -0.0395062 -0.0244988 -0.0104806 -0.0135760 -0.0069153 -0.0355716
-0.0726247 0.0579529 -0.1809005 0.3822657 0.1793061 -0.1527846 0.0024708 0.0807135 -0.2237557 0.4165218 0.1941316 -0.2073184 -0.3571125 0.2849681 -0.8895301 0.8513292 0.3993258 -0.3402608 0.0103868 0.3393020 -0.9406201 0.8262006 0.3850739 -0.4112307 -0.0044134 -0.0007136 -0.0040837 -0.0282758 -0.0153803 -0.0226834 -0.0086526 0.0013667 -0.0097901 -0.0716981 -0.0650369 0.0646527 -0.0125528 -0.0103065 0.0018880 -0.0237656 -0.0160971 -0.0699514 -0.0353510 -0.0078344 -0.0025161 0.0470582 -0.0581441 0.0499330
-0.0770381 0.0572394 -0.1849842 0.3539898 0.1639259 -0.1754680 -0.0061818 0.0820803 -0.2335458 0.3448237 0.1290948 -0.1426656 -0.3696653 0.2746616 -0.8876421 0.8275637 0.3832288 -0.4102122 -0.0249642 0.3314676 -0.9431363 0.8732588 0.3269298 -0.3612977 -0.0140549 -0.0019567 -0.0078274 -0.0346915 -0.0181961 -0.0198519 -0.0298661 0.0028619 -0.0232015 -0.0270141 -0.0099648 -0.0317142 -0.0438370 -0.0237149 0.0124041 -0.0326358 -0.0204188 -0.0760579 -0.1071637 -0.0201254 0.0020687 -0.0403805 -0.0147278 -0.0956965
-0.0910930 0.0552826 -0.1928116 0.3192983 0.1457297 -0.1953199 -0.0360479 0.0849421 -0.2567473 0.3178096 0.1191300 -0.1743798 -0.4135023 0.2509467 -0.8752380 0.7949279 0.3628100 -0.4862701 -0.1321279 0.3113422 -0.9410676 0.8328783 0.3122020 -0.4569942 -0.0566076 -0.0057399 -0.0081862 -0.0363696 -0.0353513 -0.0133398 -0.0627682 0.0028116 -0.0086611 -0.0250954 -0.0099007 -0.0216839 -0.1673030 -0.0561290 0.0848512 -0.0270827 -0.0632520 -0.0800150 -0.2011574 -0.0153679 0.0459028 -0.0393019 -0.0160707 -0.0745535
-0.1477006 0.0495427 -0.2009978 0.2829287 0.1103784 -0.2086596 -0.0988161 0.0877537 -0.2654083 0.2927142 0.1092293 -0.1960637 -0.5808052 0.1948177 -0.7903868 0.7678452 0.2995580 -0.5662850 -0.3332852 0.2959744 -0.8951649 0.7935763 0.2961312 -0.5315476 -0.0444134 -0.0012095 -0.0168921 -0.0522044 -0.0227347 -0.0090493 -0.0479671 -0.0109055 -0.0241194 -0.0518458 -0.0138793 -0.0254381 -0.0715732 -0.0306884 0.0504787 -0.0667863 -0.0332515 -0.0952263 -0.1067355 -0.0656019 0.0272304 -0.0868870 -0.0163816 -0.1183219
-0.1921140 0.0483332 -0.2178900 0.2307243 0.0876437 -0.2177089 -0.1467832 0.0768482 -0.2895277 0.2408684 0.0953500 -0.2215019 -0.6523784 0.1641293 -0.7399081 0.7010589 0.2663065 -0.6615114 -0.4400208 0.2303724 -0.8679345 0.7066893 0.2797496 -0.6498695 -0.0578355 -0.0249296 -0.0142776 -0.0499760 -0.0133414 0.0012681 -0.0914896 0.0043042 0.0121640 -0.0593841 -0.0044902 -0.0225842 -0.0785923 -0.0956861 0.0609402 -0.0812336 -0.0115078 -0.0807111 -0.1961309 -0.0137080 0.1274160 -0.1349826 0.0064744 -0.1190436
-0.2499495 0.0234036 -0.2321675 0.1807484 0.0743023 -0.2164408 -0.2382728 0.0811524 -0.2773638 0.1814843 0.0908598 -0.2440861 -0.7309707 0.0684432 -0.6789679 0.6198253 0.2547987 -0.7422225 -0.6361517 0.2166644 -0.7405184 0.5717067 0.2862239 -0.7689131 -0.0675885 0.0354374 -0.0045025 -0.0332918 -0.0101246 0.0060272 -0.0794905 -0.0023047 0.0146970 -0.0713181 0.0057078 -0.0034898 -0.0621178 0.0785191 0.0878565 -0.0630329 -0.0124653 -0.0522942 -0.1208906 -0.0288169 0.1147388 -0.1887503 0.0494614 -0.0917028
-0.3175380 0.0588410 -0.2366701 0.1474566 0.0641777 -0.2104136 -0.3177633 0.0788477 -0.2626667 0.1101662 0.0965676 -0.2475759 -0.7930885 0.1469623 -0.5911114 0.5567924 0.2423335 -0.7945166 -0.7570423 0.1878475 -0.6257797 0.3829564 0.3356854 -0.8606159 -0.0641098 0.0390833 0.0037523 -0.0733715 0.0225708 -0.0034723 -0.0639737 0.0424114 -0.0372412 -0.0941033 0.0323016 -0.0276872 -0.0407387 0.0669834 0.0822308 -0.2511695 0.1155297 -0.0878260 -0.0058648 0.0544906 0.0264093 -0.3301805 0.0877249 -0.0437836
-0.3816478 0.0979243 -0.2329178 0.0740851 0.0867485 -0.2138859 -0.3817371 0.1212591 -0.2999079 0.0160629 0.1288692 -0.2752631 -0.8338271 0.2139458 -0.5088806 0.3056230 0.3578632 -0.8823426 -0.7629072 0.2423381 -0.5993704 0.0527758 0.4234102 -0.9043995 -0.0740811 0.0187591 0.0254021 -0.0658419 0.0299454 -0.0124260 -0.0989455 0.0514666 0.0677166 -0.0270197 0.0012654 0.0394157 -0.0525188 0.0129915 0.1052840 -0.2732662 0.1001918 -0.0059921 -0.0938133 0.0655109 0.1855358 -0.0934184 0.0593018 0.0295640
-0.4557289 0.1166834 -0.2075156 0.0082432 0.1166939 -0.2263119 -0.4806826 0.1727257 -0.2321914 -0.0109569 0.1301346 -0.2358474 -0.8863460 0.2269373 -0.4035966 0.0323567 0.4580550 -0.8883348 -0.8567204 0.3078490 -0.4138346 -0.0406426 0.4827121 -0.8748355 -0.0205754 -0.0028717 0.0180622 -0.0314801 0.0060187 0.0004389 -0.0044367 -0.0183748 0.0458038 -0.0908225 0.0325280 -0.0055449 -0.0207580 -0.0101870 0.0427896 -0.1223865 0.0173865 0.0132062 -0.0381185 -0.0231371 0.0700288 -0.2894197 0.0447899 0.0920197
-0.4763043 0.1138118 -0.1894534 -0.0232369 0.1227127 -0.2258729 -0.4851193 0.1543510 -0.1863875 -0.1017793 0.1626627 -0.2413923 -0.9071039 0.2167503 -0.3608071 -0.0900298 0.4754415 -0.8751286 -0.8948389 0.2847119 -0.3438058 -0.3300622 0.5275020 -0.7828158 -0.0096116 0.0210829 0.0309434 -0.0149739 0.0269484 0.0275704 -0.0207434 0.0149840 0.0305100 -0.0379531 0.0422286 0.0089834 -0.0121166 0.0384337 0.0609493 -0.0619858 0.1199612 0.0862136 -0.0153789 0.0199789 0.0633294 -0.0810588 0.0753293 0.0990220
-0.4859158 0.1348947 -0.1585100 -0.0382108 0.1496611 -0.1983025 -0.5058627 0.1693350 -0.1558776 -0.1397325 0.2048913 -0.2324089 -0.9192206 0.2551840 -0.2998578 -0.1520156 0.5954027 -0.7889150 -0.9102178 0.3046908 -0.2804764 -0.4111210 0.6028313 -0.6837938 0.0015883 0.0020298 -0.0019367 0.0046843 0.0016266 -0.0006521 -0.0037595 0.0059202 -0.0039072 0.0079890 0.0009864 -0.0038570 0.0023949 0.0040122 -0.0038657 0.0190690 0.0045158 -0.0000229 0.0035837 0.0070937 -0.0037858 0.0235790 0.0027867 -0.0112156
-0.4843275 0.1369245 -0.1604467 -0.0335265 0.1512876 -0.1989546 -0.5096222 0.1752551 -0.1597848 -0.1317435 0.2058777 -0.2362659 -0.9168257 0.2591962 -0.3037235 -0.1329466 0.5999186 -0.7889378 -0.9066341 0.3117845 -0.2842622 -0.3875420 0.6056180 -0.6950094 -0.0055476 0.0075370 0.0025636 0.0073371 0.0093766 0.0101280 -0.0139550 0.0149322 0.0034628 0.0317989 -0.0041916 0.0176430 0.0004488 0.0110383 0.0083820 0.0278980 0.0445230 0.0315344 0.0016804 0.0169364 0.0140745 0.0690309 0.0371306 -0.0017150
-0.4898750 0.1444615 -0.1578831 -0.0261894 0.1606643 -0.1888266 -0.5235772 0.1901874 -0.1563219 -0.0999446 0.2016861 -0.2186230 -0.9163769 0.2702346 -0.2953415 -0.1050486 0.6444415 -0.7574034 -0.9049537 0.3287209 -0.2701877 -0.3185111 0.6427486 -0.6967244 0.0021987 0.0023721 -0.0019572 0.0019415 -0.0002675 0.0001767 -0.0010578 0.0028992 -0.0039790 0.0022932 -0.0002630 -0.0007004 0.0027749 0.0048403 -0.0040999 0.0075912 0.0002274 -0.0008208 0.0028485 0.0032897 -0.0054483 0.0069086 -0.0000137 -0.0031297
-0.4876763 0.1468336 -0.1598403 -0.0242479 0.1603968 -0.1886499 -0.5246350 0.1930866 -0.1603009 -0.0976514 0.2014231 -0.2193233 -0.9136021 0.2750748 -0.2994413 -0.0974575 0.6446689 -0.7582242 -0.9021052 0.3320107 -0.2756360 -0.3116025 0.6427349 -0.6998540 0.0011183 0.0017395 -0.0050705 0.0007666 -0.0043292 -0.0024420 0.0020174 0.0006425 -0.0056742 0.0010632 -0.0043247 -0.0031646 0.0038033 0.0027371 -0.0089200 0.0027135 -0.0149575 -0.0128056 0.0034518 0.0011111 -0.0097621 0.0025545 -0.0120901 -0.0120283
-0.4865580 0.1485731 -0.1649108 -0.0234813 0.1560676 -0.1910919 -0.5226176 0.1937291 -0.1659751 -0.0965882 0.1970984 -0.2224879 -0.9097988 0.2778119 -0.3083614 -0.0947440 0.6297115 -0.7710299 -0.8986534 0.3331217 -0.2853981 -0.3090480 0.6306448 -0.7118823 0.0065069 0.0000216 -0.0035013 -0.0180021 -0.0126847 -0.0082214 0.0153890 -0.0014823 -0.0104116 -0.0430792 0.0015147 -0.0196036 0.0040292 0.0025593 -0.0094019 -0.0718504 -0.0538967 -0.0293974 0.0093969 0.0039189 -0.0238372 -0.0982955 -0.0513848 0.0058164
-0.4800511 0.1485947 -0.1684121 -0.0414834 0.1433829 -0.1993133 -0.5072287 0.1922468 -0.1763867 -0.1396674 0.1986131 -0.2420915 -0.9057696 0.2803713 -0.3177632 -0.1665944 0.5758147 -0.8004272 -0.8892565 0.3370407 -0.3092353 -0.4073435 0.5792600 -0.7060660 0.0132890 -0.0095285 -0.0140946 0.0208871 -0.0091476 -0.0004032 0.0282980 -0.0098587 -0.0154586 0.0460793 -0.0233406 0.0106787 0.0083409 -0.0129931 -0.0331367 0.0813152 -0.0200120 -0.0265013 0.0140423 -0.0037384 -0.0413494 0.1005071 -0.0046148 -0.0526397
-0.4667621 0.1390662 -0.1825068 -0.0205963 0.1342353 -0.1997166 -0.4789307 0.1823881 -0.1918453 -0.0935881 0.1752725 -0.2314128 -0.8974286 0.2673782 -0.3508999 -0.0852792 0.5558027 -0.8269286 -0.8752142 0.3333022 -0.3505847 -0.3068364 0.5746452 -0.7587057 0.0000000 0.0000000 0.0000000 0.0000000 0.0000000 0.0000000 0.0000000 0.0000000 0.0000000 0.0000000 0.0000000 0.0000000 0.0000000 0.0000000 0.0000000 0.0000000 0.0000000 0.0000000 0.0000000 0.0000000 0.0000000 0.0000000 0.0000000 0.0000000
