-0.2940994 0.3088319 -0.2845901 0.0798189 0.3276795 -0.2269729 -0.2888213 0.3882950 -0.2724850 -0.0044675 0.3616711 -0.2288449 -0.5736266 0.6023616 -0.5550793 0.1963449 0.8060524 -0.5583262 -0.5200495 0.6991611 -0.4906345 -0.0104378 0.8449984 -0.5346669 0.0057174 0.0000024 -0.0018835 -0.0178298 0.0013872 0.0045976 0.0063914 -0.0024777 -0.0015887 0.0042859 -0.0035700 0.0015008 0.0087252 0.0026031 -0.0060839 -0.0421311 0.0125865 0.0051098 0.0075881 0.0008938 -0.0066647 0.0100095 -0.0007626 -0.0013048
-0.2883820 0.3088343 -0.2864736 0.0619890 0.3290667 -0.2223753 -0.2824299 0.3858173 -0.2740737 -0.0001817 0.3581011 -0.2273441 -0.5649014 0.6049647 -0.5611632 0.1542138 0.8186390 -0.5532164 -0.5124614 0.7000549 -0.4972991 -0.0004283 0.8442358 -0.5359717 -0.0001944 -0.0168804 0.0031017 0.0005305 -0.0189132 0.0023360 0.0003307 -0.0186031 0.0032315 -0.0020953 -0.0181328 0.0024928 -0.0136264 -0.0196658 -0.0069308 0.0080125 -0.0138490 -0.0177441 -0.0133988 -0.0155322 -0.0075768 -0.0051580 -0.0101725 -0.0156687
-0.2885764 0.2919539 -0.2833719 0.0625195 0.3101535 -0.2200393 -0.2820992 0.3672142 -0.2708421 -0.0022770 0.3399683 -0.2248514 -0.5785278 0.5852989 -0.5680940 0.1622263 0.8047899 -0.5709604 -0.5258602 0.6845227 -0.5048759 -0.0055863 0.8340633 -0.5516404 0.0111695 -0.0077811 -0.0012323 0.0039253 -0.0027796 -0.0010231 0.0132430 -0.0165430 -0.0004122 0.0092795 -0.0054478 -0.0009575 0.0107433 -0.0036663 -0.0144215 0.0106277 -0.0051669 -0.0041260 0.0073242 -0.0081924 -0.0182853 0.0229338 -0.0053480 -0.0077610
-0.2774069 0.2841728 -0.2846042 0.0664448 0.3073739 -0.2210624 -0.2688562 0.3506712 -0.2712544 0.0070025 0.3345205 -0.2258088 -0.5677845 0.5816326 -0.5825155 0.1728540 0.7996231 -0.5750865 -0.5185360 0.6763304 -0.5231612 0.0173475 0.8287153 -0.5594014 0.0044717 -0.0302481 0.0513630 0.0007818 -0.0010035 -0.0009928 0.0046761 -0.0308371 0.0508401 0.0025825 0.0023465 -0.0016565 -0.0528870 -0.0041921 0.0521106 0.0020761 -0.0024178 -0.0027224 -0.0438455 0.0045262 0.0539476 0.0062270 -0.0001884 -0.0000513
-0.2729352 0.2539247 -0.2332412 0.0672266 0.3063704 -0.2220552 -0.2641801 0.3198341 -0.2204143 0.0095851 0.3368670 -0.2274653 -0.6206715 0.5774405 -0.5304049 0.1749301 0.7972053 -0.5778089 -0.5623814 0.6808566 -0.4692136 0.0235745 0.8285269 -0.5594527 0.0035916 0.0371702 -0.0554579 -0.0073260 0.0116916 -0.0049984 0.0036091 0.0371748 -0.0554709 0.0059417 0.0065529 -0.0042097 0.0715956 0.0159769 -0.0581284 -0.0234188 0.0072938 0.0035046 0.0622674 0.0043506 -0.0602928 0.0138800 -0.0001106 0.0005935
-0.2693436 0.2910949 -0.2886991 0.0599006 0.3180620 -0.2270536 -0.2605710 0.3570089 -0.2758851 0.0155268 0.3434199 -0.2316750 -0.5490759 0.5934174 -0.5885333 0.1515113 0.8044991 -0.5743044 -0.5001140 0.6852072 -0.5295064 0.0374546 0.8284163 -0.5588592 0.0091789 0.0043394 0.0834383 0.0088501 0.0183474 -0.0025889 0.0064099 0.0135961 0.0804716 0.0153281 0.0242428 -0.0063067 -0.0369356 0.0720374 0.1261910 0.0149237 0.0098972 0.0183745 -0.0185472 0.0710785 0.1307301 0.0328223 0.0089925 0.0168189
-0.2601648 0.2954343 -0.2052608 0.0687507 0.3364094 -0.2296425 -0.2541611 0.3706050 -0.1954136 0.0308549 0.3676627 -0.2379817 -0.5860115 0.6654548 -0.4623423 0.1664350 0.8143964 -0.5559298 -0.5186612 0.7562857 -0.3987763 0.0702768 0.8374088 -0.5420403 -0.0033847 0.0151560 -0.0855725 0.0097059 0.0075736 -0.0012599 -0.0007572 0.0059036 -0.0825123 0.0160560 0.0118733 -0.0063489 0.0594479 -0.0449052 -0.1187334 0.0196318 0.0013900 0.0083243 0.0403027 -0.0497611 -0.1227562 0.0330938 -0.0010808 0.0036445
-0.2635495 0.3105903 -0.2908333 0.0784566 0.3439830 -0.2309024 -0.2549183 0.3765086 -0.2779259 0.0469109 0.3795360 -0.2443306 -0.5265636 0.6205496 -0.5810757 0.1860667 0.8157863 -0.5476055 -0.4783584 0.7065246 -0.5215325 0.1033707 0.8363280 -0.5383957 0.0046076 -0.0393899 0.0169567 0.0102707 0.0079954 -0.0026588 0.0046051 -0.0393851 0.0169573 0.0098375 0.0100310 -0.0051439 -0.0310957 -0.0364903 -0.0087470 0.0194923 -0.0003399 0.0065024 -0.0279569 -0.0246156 -0.0063358 0.0183890 -0.0004712 0.0031220
-0.2589419 0.2712004 -0.2738766 0.0887273 0.3519784 -0.2335611 -0.2503132 0.3371235 -0.2609686 0.0567484 0.3895670 -0.2494745 -0.5576593 0.5840593 -0.5898227 0.2055590 0.8154465 -0.5411031 -0.5063153 0.6819090 -0.5278683 0.1217597 0.8358568 -0.5352737 -0.0023452 0.0287922 0.0635004 0.0117262 0.0114124 -0.0026321 -0.0041643 0.0346531 0.0612753 0.0108035 0.0189576 -0.0013658 -0.0229433 0.0825504 0.1223486 0.0202328 0.0013559 0.0102058 -0.0100733 0.0725045 0.1226484 0.0177745 0.0079853 0.0171418
-0.2612870 0.2999926 -0.2103761 0.1004535 0.3633908 -0.2361932 -0.2544775 0.3717766 -0.1996932 0.0675519 0.4085246 -0.2508403 -0.5806026 0.6666098 -0.4674741 0.2257918 0.8168024 -0.5308973 -0.5163886 0.7544134 -0.4052199 0.1395342 0.8438421 -0.5181319 0.0026937 0.0098430 -0.0033663 0.0136604 0.0227096 -0.0028282 0.0026844 0.0095911 -0.0032816 0.0186905 0.0277467 -0.0028757 0.0143535 0.0118461 -0.0005639 0.0179284 0.0078169 0.0204039 0.0128427 0.0082612 -0.0006975 0.0289086 0.0082532 0.0225912
-0.2585933 0.3098356 -0.2137425 0.1141138 0.3861004 -0.2390215 -0.2517930 0.3813677 -0.2029749 0.0862424 0.4362713 -0.2537160 -0.5662491 0.6784559 -0.4680380 0.2437202 0.8246193 -0.5104934 -0.5035460 0.7626746 -0.4059174 0.1684428 0.8520953 -0.4955407 0.0011325 0.0000945 -0.0006586 0.0150905 0.0074346 0.0003289 0.0011539 -0.0000214 -0.0005737 0.0250165 0.0120769 0.0032094 0.0021500 0.0006041 -0.0017169 0.0265499 -0.0014210 0.0111952 0.0019435 0.0005112 -0.0014430 0.0432780 0.0010918 0.0188375
-0.2574607 0.3099301 -0.2144011 0.1292043 0.3935350 -0.2386926 -0.2506391 0.3813463 -0.2035485 0.1112589 0.4483482 -0.2505066 -0.5640991 0.6790600 -0.4697550 0.2702701 0.8231982 -0.4992982 -0.5016024 0.7631858 -0.4073603 0.2117208 0.8531872 -0.4767032 -0.0007107 0.0055454 -0.0007844 -0.0036102 0.0653908 -0.0076790 -0.0008142 0.0059104 -0.0009863 0.0192867 0.0108876 0.0030720 0.0040229 0.0053313 0.0029325 -0.0358669 0.0333201 0.0394814 0.0036809 0.0036500 0.0023456 0.0310466 0.0008248 0.0165647
-0.2581715 0.3154755 -0.2151855 0.1255941 0.4589258 -0.2463717 -0.2514534 0.3872567 -0.2045349 0.1305455 0.4592358 -0.2474346 -0.5600762 0.6843913 -0.4668225 0.2344032 0.8565183 -0.4598169 -0.4979215 0.7668359 -0.4050147 0.2427674 0.8540120 -0.4601386 0.0096890 -0.0045752 -0.0922481 0.0430036 -0.0621934 0.0142407 0.0115732 -0.0104144 -0.0899785 0.0210205 0.0031157 0.0043793 0.0659863 -0.0661880 -0.1444875 0.1099561 -0.0461962 -0.0143083 0.0495989 -0.0625385 -0.1454143 0.0359027 -0.0039303 0.0132559
-0.2484825 0.3109003 -0.3074336 0.1685978 0.3967324 -0.2321309 -0.2398802 0.3768423 -0.2945133 0.1515660 0.4623515 -0.2430553 -0.4940899 0.6182033 -0.6113100 0.3443593 0.8103221 -0.4741252 -0.4483227 0.7042973 -0.5504290 0.2786700 0.8500817 -0.4468826 0.0558832 -0.0103059 -0.0221473 0.0211691 -0.0588050 0.0492850 0.0468718 0.0034719 -0.0170020 0.0011118 0.0045521 0.0059261 0.0976935 0.0004622 -0.0670137 0.0984716 -0.0217509 0.0474447 0.0828742 0.0158025 -0.0394046 0.0012304 0.0058808 0.0121598
-0.1925993 0.3005944 -0.3295809 0.1897669 0.3379274 -0.1828459 -0.1930083 0.3803142 -0.3115153 0.1526778 0.4669036 -0.2371292 -0.3963964 0.6186654 -0.6783237 0.4428310 0.7885712 -0.4266805 -0.3654485 0.7200998 -0.5898336 0.2799004 0.8559625 -0.4347229 0.0012133 0.0142943 -0.0029189 0.0043545 0.0671775 -0.0310645 -0.0007643 -0.0028444 -0.0004362 0.0236045 0.0065440 0.0047239 0.0107910 0.0157736 0.0084016 -0.0526723 0.0256368 -0.0032515 -0.0024959 -0.0033426 -0.0025144 0.0371007 -0.0045816 0.0167983
-0.1913860 0.3148887 -0.3324998 0.1941214 0.4051049 -0.2139104 -0.1937726 0.3774698 -0.3119515 0.1762824 0.4734476 -0.2324052 -0.3856054 0.6344391 -0.6699221 0.3901587 0.8142080 -0.4299320 -0.3679444 0.7167571 -0.5923480 0.3170011 0.8513809 -0.4179245 0.0059879 -0.0213023 -0.0021646 0.0102789 -0.0077034 -0.0014761 0.0064927 -0.0097198 -0.0001839 0.0253699 -0.0080539 -0.0005836 0.0011619 -0.0256553 -0.0240416 0.0218694 -0.0131301 -0.0042419 0.0060076 -0.0060443 -0.0108842 0.0442815 -0.0175759 0.0004990
-0.1853981 0.2935864 -0.3346645 0.2044003 0.3974015 -0.2153865 -0.1872799 0.3677500 -0.3121354 0.2016523 0.4653937 -0.2329888 -0.3844435 0.6087838 -0.6939636 0.4120280 0.8010780 -0.4341739 -0.3619368 0.7107128 -0.6032322 0.3612827 0.8338050 -0.4174255 0.0070796 0.0114968 -0.0011830 0.0163830 -0.0163872 -0.0028564 0.0042066 -0.0176749 -0.0013745 0.0225089 -0.0228803 -0.0008603 0.0186700 0.0170141 0.0050610 0.0371983 -0.0258305 -0.0098835 -0.0010604 -0.0165849 -0.0183943 0.0474659 -0.0269001 -0.0089887
-0.1783185 0.3050832 -0.3358475 0.2207833 0.3810143 -0.2182428 -0.1830733 0.3500751 -0.3135099 0.2241612 0.4425134 -0.2338491 -0.3657735 0.6257978 -0.6889026 0.4492264 0.7752475 -0.4440574 -0.3629972 0.6941279 -0.6216265 0.4087486 0.8069049 -0.4264142 0.0035047 -0.0076073 0.0030736 0.0075069 -0.0084574 -0.0022435 0.0045527 0.0012789 -0.0002503 0.0129709 -0.0090163 -0.0024506 0.0010952 -0.0052347 -0.0052955 0.0172267 -0.0140221 -0.0064505 0.0086144 0.0033482 -0.0012218 0.0242014 -0.0154365 -0.0050161
-0.1748138 0.2974759 -0.3327739 0.2282902 0.3725569 -0.2204864 -0.1785206 0.3513540 -0.3137602 0.2371321 0.4334971 -0.2362997 -0.3646783 0.6205632 -0.6941981 0.4664531 0.7612254 -0.4505079 -0.3543828 0.6974760 -0.6228483 0.4329500 0.7914684 -0.4314303 -0.0002636 -0.0004941 0.0015799 0.0069344 -0.0018786 -0.0023414 -0.0004233 -0.0015556 0.0015284 0.0149251 -0.0023569 -0.0024218 -0.0015476 0.0006619 0.0014082 0.0113288 -0.0083136 -0.0020938 -0.0021748 -0.0004791 0.0007053 0.0224079 -0.0125854 0.0001641
-0.1750774 0.2969818 -0.3311940 0.2352246 0.3706783 -0.2228277 -0.1789438 0.3497984 -0.3122319 0.2520573 0.4311402 -0.2387216 -0.3662260 0.6212251 -0.6927900 0.4777818 0.7529118 -0.4526017 -0.3565577 0.6969969 -0.6221430 0.4553579 0.7788830 -0.4312661 0.0252256 0.0092819 -0.0071052 0.0141356 -0.0083921 -0.0010698 0.0776588 0.0250598 -0.0362277 0.0161589 -0.0015231 -0.0022557 0.0542374 0.0164102 -0.0115426 0.0274868 -0.0188255 -0.0010731 0.1624243 0.0214950 -0.0457505 0.0228523 -0.0129065 0.0016209
-0.1498518 0.3062637 -0.3382992 0.2493601 0.3622862 -0.2238975 -0.1012850 0.3748582 -0.3484596 0.2682162 0.4296171 -0.2409773 -0.3119886 0.6376353 -0.7043326 0.5052687 0.7340863 -0.4536748 -0.1941333 0.7184919 -0.6678935 0.4782102 0.7659765 -0.4296452 -0.0120411 -0.0139648 0.0060486 0.0054532 -0.0056670 0.0003771 -0.0430994 -0.0141536 0.0051783 0.0034971 -0.0061181 0.0005298 -0.0315802 -0.0173191 -0.0007690 0.0126398 -0.0092573 -0.0006309 -0.0843559 -0.0227635 0.0057713 0.0090204 -0.0065670 -0.0015202
-0.1618929 0.2922989 -0.3322506 0.2548134 0.3566192 -0.2235205 -0.1443844 0.3607046 -0.3432812 0.2717133 0.4234990 -0.2404475 -0.3435688 0.6203162 -0.7051016 0.5179085 0.7248290 -0.4543057 -0.2784892 0.6957284 -0.6621222 0.4872306 0.7594095 -0.4311654 0.0035571 0.0041622 -0.0010540 0.0060448 0.0015352 -0.0020898 0.0035541 0.0041592 -0.0010568 0.0052968 0.0011312 -0.0021116 0.0090617 0.0060004 0.0009479 0.0067313 -0.0045062 0.0005567 0.0082245 0.0044745 0.0013099 0.0056417 -0.0038832 -0.0004096
-0.1583358 0.2964611 -0.3333045 0.2608581 0.3581544 -0.2256103 -0.1408303 0.3648638 -0.3443380 0.2770101 0.4246302 -0.2425591 -0.3345071 0.6263167 -0.7041537 0.5246398 0.7203228 -0.4537490 -0.2702647 0.7002029 -0.6608123 0.4928723 0.7555263 -0.4315750 -0.0007010 -0.0009710 0.0001955 -0.0008472 0.0107446 -0.0032845 -0.0006872 -0.0009741 0.0002189 0.0007305 -0.0034698 -0.0008884 -0.0018433 -0.0013779 -0.0003461 -0.0108334 0.0086570 0.0014311 -0.0016528 -0.0010107 -0.0003919 0.0029488 -0.0036730 -0.0030262
-0.1590368 0.2954901 -0.3331090 0.2600109 0.3688990 -0.2288947 -0.1415176 0.3638897 -0.3441191 0.2777406 0.4211604 -0.2434475 -0.3363505 0.6249387 -0.7044998 0.5138064 0.7289798 -0.4523179 -0.2719176 0.6991922 -0.6612042 0.4958211 0.7518532 -0.4346012 -0.0018200 -0.0004935 0.0011954 0.0007212 -0.0000932 -0.0027486 -0.0018712 -0.0004966 0.0011162 -0.0003541 0.0000548 -0.0023123 -0.0042334 -0.0003390 0.0017354 -0.0001496 -0.0024118 -0.0040325 -0.0038985 -0.0001860 0.0014196 -0.0014042 -0.0010746 -0.0034439
-0.1608568 0.2949966 -0.3319136 0.2607321 0.3688058 -0.2316434 -0.1433888 0.3633931 -0.3430029 0.2773866 0.4212152 -0.2457598 -0.3405839 0.6245997 -0.7027644 0.5136568 0.7265680 -0.4563504 -0.2758161 0.6990063 -0.6597846 0.4944169 0.7507786 -0.4380450 -0.0010512 -0.0000283 -0.0002249 -0.0006723 -0.0018587 -0.0009074 -0.0010693 -0.0000313 -0.0002514 -0.0008788 -0.0013552 -0.0011741 -0.0018636 -0.0007195 0.0002666 -0.0000307 -0.0018361 -0.0029447 -0.0018219 -0.0006511 0.0000747 -0.0007438 -0.0011664 -0.0028274
-0.1619080 0.2949683 -0.3321385 0.2600598 0.3669471 -0.2325508 -0.1444580 0.3633618 -0.3432543 0.2765078 0.4198600 -0.2469339 -0.3424475 0.6238802 -0.7024979 0.5136261 0.7247319 -0.4592950 -0.2776379 0.6983552 -0.6597100 0.4936731 0.7496122 -0.4408724 0.0002217 0.0006327 0.0004341 -0.0012932 0.0012946 -0.0002147 0.0002197 0.0006297 0.0004325 -0.0022704 0.0016216 -0.0009647 0.0004795 0.0013190 0.0009397 -0.0029333 0.0020174 -0.0000831 0.0004724 0.0010839 0.0009503 -0.0045143 0.0021870 -0.0013059
-0.1616862 0.2956010 -0.3317044 0.2587666 0.3682417 -0.2327655 -0.1442383 0.3639915 -0.3428217 0.2742374 0.4214816 -0.2478987 -0.3419680 0.6251991 -0.7015582 0.5106929 0.7267493 -0.4593781 -0.2771656 0.6994391 -0.6587596 0.4891588 0.7517992 -0.4421783 0.0002222 0.0004852 0.0001752 -0.0033192 0.0000116 -0.0004798 0.0271703 0.0172715 0.0003395 -0.0038285 0.0036084 -0.0020697 0.0005456 0.0008874 0.0005259 -0.0050966 0.0021191 -0.0022746 0.0544758 0.0258092 0.0072812 -0.0083562 0.0040354 -0.0022798
-0.1614641 0.2960862 -0.3315292 0.2554473 0.3682533 -0.2332453 -0.1170680 0.3812630 -0.3424822 0.2704089 0.4250900 -0.2499683 -0.3414224 0.6260866 -0.7010323 0.5055962 0.7288684 -0.4616527 -0.2226898 0.7252483 -0.6514784 0.4808026 0.7558345 -0.4444581 -0.0016640 -0.0007361 -0.0012196 -0.0060869 0.0000453 -0.0006620 -0.0017417 -0.0007893 -0.0019771 -0.0107434 0.0037184 -0.0024751 -0.0028152 -0.0028301 -0.0011441 -0.0093868 0.0040193 -0.0038059 -0.0028372 -0.0030257 -0.0023809 -0.0181682 0.0081543 -0.0053091
-0.1631281 0.2953501 -0.3327489 0.2493605 0.3682986 -0.2339073 -0.1188097 0.3804737 -0.3444593 0.2596655 0.4288084 -0.2524434 -0.3442376 0.6232565 -0.7021765 0.4962094 0.7328878 -0.4654587 -0.2255270 0.7222226 -0.6538594 0.4626344 0.7639888 -0.4497672 -0.0040525 0.0184126 0.0078847 -0.0126915 0.0157951 0.0044765 -0.0198928 0.0250128 0.0084576 -0.0205405 0.0186988 0.0046673 -0.0029023 0.0282518 0.0276168 -0.0286144 0.0259793 0.0121644 -0.0291748 0.0223788 0.0368539 -0.0391465 0.0285418 0.0109583
-0.1671806 0.3137627 -0.3248641 0.2366690 0.3840937 -0.2294308 -0.1387026 0.4054865 -0.3360017 0.2391250 0.4475072 -0.2477761 -0.3471399 0.6515083 -0.6745597 0.4675950 0.7588671 -0.4532943 -0.2547018 0.7446015 -0.6170054 0.4234879 0.7925306 -0.4388089 -0.0052757 -0.0110775 0.0046637 -0.0201034 -0.0014573 -0.0004248 -0.0188103 -0.0080219 0.0038611 -0.0268537 -0.0069428 0.0008000 -0.0173319 -0.0118089 -0.0021566 -0.0310852 0.0123753 -0.0100030 -0.0362386 -0.0104490 0.0035122 -0.0360342 0.0116208 -0.0119906
-0.1724563 0.3026852 -0.3202004 0.2165656 0.3826364 -0.2298556 -0.1575129 0.3974646 -0.3321406 0.2122713 0.4405644 -0.2469761 -0.3644718 0.6396994 -0.6767163 0.4365098 0.7712424 -0.4632973 -0.2909403 0.7341524 -0.6134932 0.3874537 0.8041514 -0.4507995 -0.0008281 -0.0000029 0.0040017 -0.0167398 -0.0004950 0.0014757 -0.0091380 0.0007109 0.0022571 -0.0326805 0.0147518 0.0006610 -0.0036145 0.0032503 0.0050555 -0.0270100 0.0118741 -0.0047182 -0.0158163 -0.0012251 0.0062718 -0.0596966 0.0268105 0.0012691
-0.1732845 0.3026823 -0.3161987 0.1998257 0.3821414 -0.2283799 -0.1666509 0.3981755 -0.3298836 0.1795908 0.4553162 -0.2463151 -0.3680863 0.6429497 -0.6716608 0.4094998 0.7831165 -0.4680154 -0.3067566 0.7329274 -0.6072214 0.3277571 0.8309619 -0.4495304 -0.0101978 -0.0141938 0.0140069 -0.0320970 0.0155196 -0.0072363 -0.0275829 -0.0139332 0.0358192 -0.0321902 0.0042220 -0.0016950 -0.0340211 -0.0107177 0.0093977 -0.0683892 0.0256085 -0.0111582 -0.0657773 0.0040367 0.0432157 -0.0560994 0.0159620 -0.0075495
-0.1834822 0.2884885 -0.3021917 0.1677287 0.3976610 -0.2356162 -0.1942338 0.3842423 -0.2940643 0.1474006 0.4595382 -0.2480100 -0.4021074 0.6322320 -0.6622631 0.3411107 0.8087250 -0.4791737 -0.3725340 0.7369641 -0.5640057 0.2716577 0.8469239 -0.4570798 0.0009484 0.0010568 0.0022252 -0.0178170 -0.0000300 -0.0023411 0.0011971 0.0011496 0.0014301 -0.0306456 -0.0062713 -0.0016946 0.0010405 0.0039623 0.0031711 -0.0333087 0.0076993 -0.0094052 0.0020111 0.0027736 0.0023110 -0.0515748 0.0074834 -0.0136129
-0.1825339 0.2895453 -0.2999665 0.1499118 0.3976310 -0.2379573 -0.1930367 0.3853919 -0.2926342 0.1167550 0.4532669 -0.2497046 -0.4010668 0.6361943 -0.6590920 0.3078020 0.8164243 -0.4885788 -0.3705229 0.7397377 -0.5616947 0.2200830 0.8544073 -0.4706927 0.0082117 0.0047773 -0.0033407 -0.0081364 0.0005399 0.0009479 0.0083545 0.0048524 -0.0041508 -0.0224803 -0.0083946 0.0015509 0.0197641 0.0075907 -0.0043454 -0.0152258 0.0052652 -0.0005279 0.0180139 0.0051343 -0.0047885 -0.0381042 0.0043310 -0.0083191
-0.1743222 0.2943226 -0.3033072 0.1417754 0.3981709 -0.2370093 -0.1846822 0.3902443 -0.2967850 0.0942747 0.4448723 -0.2481537 -0.3813027 0.6437849 -0.6634374 0.2925762 0.8216896 -0.4891068 -0.3525089 0.7448720 -0.5664832 0.1819787 0.8587383 -0.4790118 -0.0534281 0.0312676 0.0103938 -0.0419638 -0.0104665 -0.0025413 -0.0527220 0.0315340 0.0062678 -0.0170213 -0.0133505 0.0007807 -0.0800693 0.0157893 0.0700592 -0.0786372 0.0093274 -0.0243530 -0.0680493 0.0023022 0.0518362 -0.0285037 -0.0014578 -0.0124305
-0.2277503 0.3255902 -0.2929134 0.0998116 0.3877044 -0.2395506 -0.2374042 0.4217783 -0.2905172 0.0772534 0.4315218 -0.2473730 -0.4613720 0.6595742 -0.5933782 0.2139390 0.8310169 -0.5134598 -0.4205582 0.7471742 -0.5146470 0.1534750 0.8572805 -0.4914423 0.0001028 -0.0059418 0.0337915 -0.0071792 -0.0044161 0.0019453 0.0001170 -0.0059408 0.0338480 -0.0337507 -0.0044705 0.0041556 -0.0227184 0.0201555 0.0423575 -0.0127293 0.0015362 -0.0026505 -0.0162453 0.0183083 0.0421650 -0.0653015 0.0082889 -0.0015232
-0.2276474 0.3196484 -0.2591219 0.0926323 0.3832883 -0.2376053 -0.2372873 0.4158375 -0.2566692 0.0435027 0.4270513 -0.2432175 -0.4840905 0.6797298 -0.5510208 0.2012097 0.8325532 -0.5161103 -0.4368035 0.7654825 -0.4724821 0.0881736 0.8655694 -0.4929656 0.0054336 0.0041407 0.0067538 0.0043038 -0.0234526 0.0086993 0.0054365 0.0041415 0.0067656 0.0001101 -0.0225607 0.0078958 0.0080603 0.0138966 0.0103936 0.0204337 -0.0097922 -0.0072811 0.0081764 0.0109410 0.0104805 0.0046216 -0.0049336 -0.0077290
-0.2222138 0.3237891 -0.2523681 0.0969361 0.3598357 -0.2289060 -0.2318507 0.4199790 -0.2499035 0.0436128 0.4044906 -0.2353217 -0.4760302 0.6936264 -0.5406271 0.2216435 0.8227610 -0.5233914 -0.4286270 0.7764235 -0.4620016 0.0927952 0.8606358 -0.5006946 0.0010548 0.0047754 0.0067404 -0.0006369 -0.0072841 0.0040723 0.0010533 0.0047764 0.0067348 -0.0022868 -0.0067300 0.0039339 0.0014868 0.0113779 0.0135811 0.0027843 -0.0011306 -0.0005892 0.0021124 0.0085261 0.0126249 -0.0033486 0.0002824 -0.0001240
-0.2211591 0.3285645 -0.2456277 0.0962992 0.3525516 -0.2248337 -0.2307975 0.4247554 -0.2431687 0.0413260 0.3977606 -0.2313877 -0.4745433 0.7050043 -0.5270461 0.2244278 0.8216304 -0.5239806 -0.4265146 0.7849496 -0.4493767 0.0894465 0.8609182 -0.5008186 0.0014584 -0.0001414 0.0010912 -0.0648164 0.0068234 0.0070465 0.0014431 -0.0001397 0.0010306 -0.0651880 0.0063086 0.0066396 0.0017442 0.0017671 0.0007997 -0.1497167 0.0311940 0.0071549 0.0017353 0.0014664 0.0009212 -0.1409863 0.0118340 0.0153834
-0.2197007 0.3284231 -0.2445366 0.0314828 0.3593750 -0.2177872 -0.2293544 0.4246157 -0.2421380 -0.0238620 0.4040692 -0.2247481 -0.4727991 0.7067714 -0.5262463 0.0747111 0.8528244 -0.5168257 -0.4247793 0.7864160 -0.4484555 -0.0515398 0.8727521 -0.4854352 0.0003620 0.0040194 0.0033872 -0.0015242 0.0041816 0.0035280 0.0003472 0.0040205 0.0033296 -0.0014823 0.0041822 0.0032017 0.0017078 0.0072422 0.0083104 -0.0038966 0.0065300 0.0103721 0.0018527 0.0051822 0.0074281 -0.0029428 0.0048642 0.0091778
-0.2193386 0.3324425 -0.2411493 0.0299586 0.3635566 -0.2142591 -0.2290072 0.4286362 -0.2388084 -0.0253443 0.4082514 -0.2215464 -0.4710913 0.7140136 -0.5179359 0.0708145 0.8593545 -0.5064536 -0.4229267 0.7915983 -0.4410274 -0.0544826 0.8776164 -0.4762574 0.0014895 0.0012486 -0.0004231 0.0019136 0.0002625 0.0002921 0.0014955 0.0012496 -0.0004004 0.0018962 0.0002629 0.0004172 0.0036137 0.0020465 -0.0004488 0.0044846 0.0001783 0.0009504 0.0031779 0.0015216 -0.0003021 0.0040690 0.0006920 0.0008283
-0.2178492 0.3336911 -0.2415724 0.0318723 0.3638191 -0.2139671 -0.2275117 0.4298858 -0.2392088 -0.0234481 0.4085143 -0.2211292 -0.4674775 0.7160601 -0.5183847 0.0752991 0.8595328 -0.5055032 -0.4197488 0.7931199 -0.4413295 -0.0504136 0.8783084 -0.4754292 -0.0168913 -0.0220456 0.0028985 -0.0197059 -0.0203943 0.0046817 -0.0169079 -0.0220445 0.0028297 -0.0196545 -0.0203938 0.0042877 -0.0457575 -0.0346805 -0.0034502 -0.0450611 -0.0059945 -0.0146488 -0.0405603 -0.0250430 -0.0038371 -0.0460836 -0.0093916 -0.0100313
-0.2347405 0.3116455 -0.2386739 0.0121664 0.3434248 -0.2092854 -0.2444196 0.4078413 -0.2363791 -0.0431026 0.3881205 -0.2168415 -0.5132350 0.6813796 -0.5218349 0.0302380 0.8535383 -0.5201520 -0.4603091 0.7680769 -0.4451667 -0.0964972 0.8689168 -0.4854605 0.0057444 0.0122906 0.0007246 0.0027882 0.0113220 0.0080901 0.0057325 0.0122924 0.0006774 0.0028241 0.0113229 0.0078234 0.0182094 0.0188797 0.0074550 0.0064060 0.0157186 0.0271513 0.0163421 0.0133874 0.0067527 0.0075080 0.0135948 0.0236659
-0.2289961 0.3239361 -0.2379493 0.0149546 0.3547468 -0.2011953 -0.2386871 0.4201337 -0.2357017 -0.0402784 0.3994434 -0.2090180 -0.4950256 0.7002592 -0.5143799 0.0366440 0.8692569 -0.4930007 -0.4439670 0.7814644 -0.4384139 -0.0889893 0.8825115 -0.4617946 -0.0022337 -0.0366623 -0.0278064 0.0542278 -0.0202881 -0.0061734 -0.0022186 -0.0366615 -0.0277424 0.0357478 -0.0257000 0.0007993 -0.0136702 -0.0682691 -0.0702714 0.1365010 -0.0321957 -0.0259881 -0.0158494 -0.0495316 -0.0644213 0.0784000 -0.0089828 -0.0248628
-0.2312298 0.2872738 -0.2657557 0.0691823 0.3344587 -0.2073688 -0.2409057 0.3834722 -0.2634441 -0.0045307 0.3737434 -0.2082187 -0.5086958 0.6319902 -0.5846512 0.1731450 0.8370612 -0.5189888 -0.4598164 0.7319328 -0.5028353 -0.0105893 0.8735287 -0.4866575 0.0028036 0.0054109 -0.0031102 0.0090138 -0.0023977 -0.0031363 0.0028175 0.0054117 -0.0030547 0.0180397 -0.0018658 -0.0061455 0.0103851 0.0065000 -0.0018783 0.0219242 -0.0086968 -0.0061402 0.0090165 0.0043860 -0.0017577 0.0420459 -0.0075898 -0.0125022
-0.2284262 0.2926847 -0.2688659 0.0781961 0.3320610 -0.2105051 -0.2380882 0.3888839 -0.2664988 0.0135090 0.3718776 -0.2143642 -0.4983106 0.6384901 -0.5865295 0.1950692 0.8283643 -0.5251291 -0.4507999 0.7363188 -0.5045929 0.0314566 0.8659389 -0.4991596 0.0242593 0.0584440 -0.0691457 -0.0040770 0.0136592 -0.0052417 0.0242650 0.0584448 -0.0691202 0.0092130 0.0075709 -0.0072915 0.1119379 0.0259982 -0.0531355 -0.0161246 0.0063027 0.0042550 0.0936649 0.0108252 -0.0559696 0.0201805 -0.0036198 -0.0045660
-0.2041670 0.3511287 -0.3380116 0.0741191 0.3457202 -0.2157468 -0.2138232 0.4473287 -0.3356189 0.0227220 0.3794485 -0.2216557 -0.3863727 0.6644883 -0.6396650 0.1789446 0.8346670 -0.5208741 -0.3571351 0.7471441 -0.5605625 0.0516371 0.8623191 -0.5037256 0.0079056 -0.0070246 -0.0009214 0.0055345 -0.0070761 -0.0049803 0.0078886 -0.0070237 -0.0009903 0.0192355 -0.0038127 -0.0094996 0.0099215 -0.0044582 -0.0104463 0.0143888 -0.0127176 -0.0148697 0.0088346 -0.0024494 -0.0087499 0.0430639 -0.0144830 -0.0180079
-0.1962614 0.3441041 -0.3389330 0.0796536 0.3386441 -0.2207271 -0.2059347 0.4403050 -0.3366092 0.0419575 0.3756358 -0.2311553 -0.3764513 0.6600301 -0.6501113 0.1933334 0.8219494 -0.5357438 -0.3483005 0.7446947 -0.5693124 0.0947011 0.8478360 -0.5217334 0.0103600 -0.0180786 0.0276578 0.0062430 0.0173972 -0.0056032 0.0103641 -0.0180777 0.0276725 0.0134660 0.0216557 -0.0064657 -0.0048144 0.0086165 0.0117162 0.0061732 0.0050055 0.0100606 -0.0018462 0.0112551 0.0161965 0.0241733 0.0042893 0.0120754
-0.1859014 0.3260255 -0.3112752 0.0858966 0.3560413 -0.2263303 -0.1955705 0.4222273 -0.3089368 0.0554235 0.3972915 -0.2376209 -0.3812657 0.6686465 -0.6383951 0.1995066 0.8269549 -0.5256832 -0.3501467 0.7559498 -0.5531160 0.1188743 0.8521253 -0.5096581 -0.0007625 -0.0472786 0.0000893 0.0081898 0.0151593 -0.0047871 -0.0007600 -0.0472777 0.0001027 0.0083858 0.0149352 -0.0019665 -0.0266711 -0.0594709 -0.0416730 0.0108468 0.0029559 0.0089632 -0.0245740 -0.0403128 -0.0363315 0.0137729 0.0048141 0.0116023
-0.1866639 0.2787469 -0.3111859 0.0940864 0.3712006 -0.2311173 -0.1963305 0.3749496 -0.3088341 0.0638093 0.4122267 -0.2395874 -0.4079368 0.6091756 -0.6800681 0.2103535 0.8299108 -0.5167200 -0.3747206 0.7156369 -0.5894474 0.1326472 0.8569394 -0.4980558 0.0115581 0.0261533 0.0247319 0.0179665 -0.0029684 -0.0054472 0.0115622 0.0261547 0.0247493 0.0172792 0.0126167 -0.0067934 0.0218344 0.0631188 0.0484470 0.0376669 -0.0148578 -0.0068969 0.0228469 0.0482284 0.0484348 0.0302579 -0.0034388 0.0030824
-0.1751059 0.3049002 -0.2864540 0.1120529 0.3682322 -0.2365645 -0.1847683 0.4011043 -0.2840847 0.0810886 0.4248434 -0.2463808 -0.3861024 0.6722944 -0.6316211 0.2480203 0.8150529 -0.5236169 -0.3518737 0.7638653 -0.5410126 0.1629051 0.8535006 -0.4949734 -0.0001514 0.0002702 -0.0003586 0.0107405 0.0028276 -0.0042498 -0.0001446 0.0002716 -0.0003304 0.0176680 0.0083666 -0.0037419 0.0000633 -0.0000958 -0.0001406 0.0194564 -0.0067859 -0.0009407 0.0000176 -0.0001185 -0.0001788 0.0307781 -0.0038816 0.0044284
-0.1752573 0.3051704 -0.2868125 0.1227934 0.3710598 -0.2408143 -0.1849128 0.4013759 -0.2844152 0.0987566 0.4332100 -0.2501227 -0.3860391 0.6721986 -0.6317617 0.2674767 0.8082670 -0.5245576 -0.3518561 0.7637468 -0.5411914 0.1936831 0.8496190 -0.4905449 -0.0155727 0.0047035 0.0126609 0.0197919 0.0153954 -0.0052470 -0.0155576 0.0047047 0.0127212 0.0198000 0.0157577 -0.0034004 -0.0327893 0.0079040 0.0300614 0.0296893 -0.0028449 0.0117344 -0.0277387 0.0051750 0.0267333 0.0304071 -0.0010007 0.0113472
-0.1908300 0.3098739 -0.2741516 0.1425853 0.3864552 -0.2460613 -0.2004704 0.4060806 -0.2716940 0.1185566 0.4489677 -0.2535231 -0.4188283 0.6801026 -0.6017003 0.2971660 0.8054220 -0.5128233 -0.3795948 0.7689218 -0.5144581 0.2240903 0.8486183 -0.4791978 -0.0262152 0.0598505 -0.0214537 0.0107335 -0.0112963 0.0030682 -0.0018143 0.0317387 -0.0399096 0.0250258 -0.0122795 -0.0027248 0.0020400 0.0298731 0.0340543 0.0272891 -0.0115065 -0.0014015 0.0273030 -0.0064315 -0.0282196 0.0487324 -0.0188615 -0.0077021
-0.2170452 0.3697244 -0.2956053 0.1533188 0.3751589 -0.2429931 -0.2022848 0.4378193 -0.3116037 0.1435823 0.4366882 -0.2562479 -0.4167883 0.7099757 -0.5676460 0.3244551 0.7939155 -0.5142248 -0.3522918 0.7624903 -0.5426777 0.2728226 0.8297568 -0.4868998 0.0106250 -0.0528819 0.0047043 0.0205633 -0.0058556 -0.0007933 0.0105594 -0.0528817 0.0046440 0.0245480 0.0035681 -0.0056896 -0.0158701 -0.0458711 -0.0420849 0.0412668 -0.0171690 0.0014749 -0.0105799 -0.0339327 -0.0382938 0.0390090 -0.0132128 0.0010840
-0.2064201 0.3168425 -0.2909010 0.1738821 0.3693033 -0.2437864 -0.1917254 0.3849376 -0.3069596 0.1681304 0.4402563 -0.2619375 -0.4326584 0.6641046 -0.6097309 0.3657219 0.7767465 -0.5127498 -0.3628718 0.7285576 -0.5809715 0.3118316 0.8165440 -0.4858158 -0.0017464 -0.0049303 -0.0000324 0.0140462 0.0009999 -0.0032444 -0.0017778 -0.0049297 -0.0000612 0.0175333 -0.0058607 -0.0056097 -0.0059373 -0.0069225 -0.0032499 0.0232164 -0.0103634 0.0014926 -0.0053810 -0.0053707 -0.0033148 0.0301467 -0.0164205 -0.0069856
-0.2081666 0.3119122 -0.2909334 0.1879283 0.3703032 -0.2470307 -0.1935031 0.3800079 -0.3070208 0.1856637 0.4343956 -0.2675471 -0.4385957 0.6571821 -0.6129808 0.3889383 0.7663831 -0.5112572 -0.3682527 0.7231870 -0.5842863 0.3419783 0.8001235 -0.4928014 -0.0013711 -0.0022030 -0.0009009 0.0168803 0.0028402 -0.0055871 0.0396441 0.0036850 -0.0127789 0.0243684 0.0002600 -0.0069772 -0.0031553 -0.0042477 -0.0022693 0.0248391 -0.0125171 0.0008904 0.0738711 0.0109406 -0.0275929 0.0362262 -0.0174398 -0.0015341
-0.2095377 0.3097092 -0.2918342 0.2048086 0.3731434 -0.2526178 -0.1538590 0.3836929 -0.3197996 0.2100321 0.4346556 -0.2745243 -0.4417510 0.6529344 -0.6152501 0.4137773 0.7538661 -0.5103668 -0.2943817 0.7341275 -0.6118792 0.3782045 0.7826837 -0.4943355 -0.0012439 -0.0022777 0.0012075 0.0139710 0.0003492 -0.0023809 0.0002180 -0.0035857 0.0007170 0.0200739 0.0009287 -0.0055894 -0.0041971 -0.0025052 0.0003744 0.0217091 -0.0104196 0.0027854 -0.0013549 -0.0024764 -0.0023084 0.0278428 -0.0140474 0.0000442
-0.2107816 0.3074315 -0.2906268 0.2187796 0.3734926 -0.2549987 -0.1536410 0.3801072 -0.3190826 0.2301060 0.4355843 -0.2801137 -0.4459481 0.6504292 -0.6148757 0.4354864 0.7434465 -0.5075814 -0.2957366 0.7316511 -0.6141877 0.4060474 0.7686363 -0.4942913 0.0001063 -0.0015004 0.0007561 0.0103420 -0.0026020 -0.0039836 0.0012745 -0.0028227 -0.0002141 0.0116052 -0.0088852 -0.0000871 -0.0011823 -0.0011309 -0.0003366 0.0163603 -0.0120198 -0.0031529 0.0011453 -0.0021947 -0.0031529 0.0219051 -0.0131609 -0.0018073
-0.2106752 0.3059311 -0.2898707 0.2291217 0.3708906 -0.2589823 -0.1523665 0.3772845 -0.3192967 0.2417113 0.4266991 -0.2802008 -0.4471304 0.6492984 -0.6152122 0.4518467 0.7314267 -0.5107343 -0.2945913 0.7294564 -0.6173406 0.4279524 0.7554753 -0.4960985 0.0011434 0.0214092 0.0300834 0.0127110 0.0004324 -0.0021743 0.0030512 0.0053127 0.0077565 0.0180769 0.0019409 -0.0037532 -0.0010780 0.0509133 0.0595029 0.0183153 -0.0095145 0.0030035 0.0049359 0.0127404 0.0129866 0.0230171 -0.0113939 0.0031794
-0.2095319 0.3273403 -0.2597873 0.2418327 0.3713230 -0.2611566 -0.1493153 0.3825972 -0.3115402 0.2597882 0.4286400 -0.2839540 -0.4482084 0.7002117 -0.5557094 0.4701620 0.7219121 -0.5077308 -0.2896554 0.7421968 -0.6043540 0.4509695 0.7440814 -0.4929191 0.0081670 -0.0230658 -0.0310577 0.0053974 -0.0005909 0.0000719 0.0010214 -0.0028876 -0.0084846 0.0028054 -0.0016755 -0.0000044 0.0166565 -0.0481107 -0.0676103 0.0085399 -0.0040781 0.0022026 0.0035136 -0.0095247 -0.0131527 0.0048463 -0.0029469 0.0000180
-0.2013649 0.3042745 -0.2908450 0.2472301 0.3707321 -0.2610848 -0.1482939 0.3797096 -0.3200248 0.2625936 0.4269645 -0.2839583 -0.4315519 0.6521009 -0.6233196 0.4787019 0.7178341 -0.5055282 -0.2861419 0.7326721 -0.6175067 0.4558159 0.7411345 -0.4929012 0.0014998 -0.0030421 0.0029166 0.0053239 -0.0018613 0.0002182 0.0037550 -0.0057791 0.0002632 0.0057604 -0.0021462 0.0000376 -0.0009089 -0.0003053 0.0003107 0.0092392 -0.0051657 0.0015269 0.0042791 -0.0034773 -0.0060543 0.0091529 -0.0050649 0.0009606
-0.1998651 0.3012324 -0.2879284 0.2525540 0.3688708 -0.2608666 -0.1445390 0.3739305 -0.3197616 0.2683540 0.4248183 -0.2839207 -0.4324607 0.6517957 -0.6230089 0.4879411 0.7126684 -0.5040013 -0.2818627 0.7291948 -0.6235610 0.4649688 0.7360696 -0.4919406 0.0189632 0.0025397 -0.0168152 0.0004693 -0.0016468 0.0005384 0.0178869 0.0061339 -0.0093935 -0.0000554 -0.0061789 0.0048126 0.0448973 -0.0009957 -0.0298724 0.0020564 -0.0015133 -0.0001425 0.0375920 0.0038256 -0.0112719 0.0055536 -0.0018906 0.0024614
-0.1809019 0.3037721 -0.3047435 0.2530233 0.3672240 -0.2603281 -0.1266521 0.3800644 -0.3291551 0.2682986 0.4186394 -0.2791081 -0.3875634 0.6508000 -0.6528812 0.4899974 0.7111551 -0.5041438 -0.2442707 0.7330205 -0.6348329 0.4705224 0.7341790 -0.4894792 0.0034516 -0.0016591 0.0046283 -0.0009680 -0.0003170 0.0002328 0.0006049 -0.0008994 0.0011067 -0.0008798 -0.0018761 0.0016976 0.0029182 0.0040667 0.0023449 -0.0011013 0.0005117 -0.0003470 0.0004568 0.0004005 0.0002871 0.0006235 0.0000863 0.0007297
-0.1774503 0.3021130 -0.3001152 0.2520553 0.3669070 -0.2600953 -0.1260472 0.3791650 -0.3280484 0.2674188 0.4167633 -0.2774104 -0.3846452 0.6548668 -0.6505364 0.4888961 0.7116668 -0.5044908 -0.2438138 0.7334210 -0.6345459 0.4711459 0.7342653 -0.4887495 -0.0053636 -0.0000420 0.0012568 -0.0008613 -0.0000283 0.0000156 -0.0006368 -0.0027143 0.0031761 -0.0022948 -0.0022821 0.0017053 -0.0105561 -0.0018592 0.0044737 -0.0012464 0.0005648 -0.0004090 -0.0030693 0.0002101 0.0014313 -0.0010699 0.0006274 -0.0000873
-0.1828139 0.3020710 -0.2988584 0.2511940 0.3668787 -0.2600797 -0.1266840 0.3764507 -0.3248723 0.2651240 0.4144812 -0.2757051 -0.3952014 0.6530076 -0.6460627 0.4876497 0.7122317 -0.5048998 -0.2468832 0.7336311 -0.6331146 0.4700760 0.7348927 -0.4888367 -0.0040642 0.0008294 0.0051439 -0.0011400 0.0000463 0.0011324 -0.0026760 -0.0009887 0.0031142 -0.0028013 0.0007541 0.0017714 -0.0097749 0.0033960 0.0095655 -0.0011805 0.0016050 0.0011291 -0.0062127 0.0009692 0.0035872 -0.0036265 0.0034587 0.0017411
-0.1868781 0.3029004 -0.2937145 0.2500540 0.3669250 -0.2589473 -0.1293600 0.3754620 -0.3217581 0.2623227 0.4152353 -0.2739337 -0.4049763 0.6564035 -0.6364972 0.4864692 0.7138367 -0.5037707 -0.2530959 0.7346004 -0.6295274 0.4664495 0.7383513 -0.4870957 -0.0360988 -0.0333007 0.1457225 -0.0042331 0.0015935 0.0020328 -0.0341244 -0.0359816 0.1431389 -0.0051685 0.0058856 0.0002946 -0.1819995 0.0533045 0.2469154 -0.0064370 0.0057959 0.0020754 -0.1389643 0.0795249 0.2011715 -0.0106840 0.0080197 0.0021131
-0.2229769 0.2695997 -0.1479920 0.2458209 0.3685185 -0.2569144 -0.1634844 0.3394804 -0.1786192 0.2571542 0.4211209 -0.2736391 -0.5869758 0.7097080 -0.3895818 0.4800322 0.7196325 -0.5016953 -0.3920602 0.8141253 -0.4283559 0.4557656 0.7463710 -0.4849826 -0.0028459 -0.0050262 0.0029401 -0.0102010 0.0000313 0.0035870 -0.0028227 -0.0050234 0.0029799 -0.0162826 0.0010701 0.0028892 -0.0122216 -0.0076897 0.0047016 -0.0139107 0.0094612 0.0005434 -0.0108569 -0.0038261 0.0028291 -0.0228471 0.0124330 -0.0016364
-0.2258228 0.2645735 -0.1450519 0.2356199 0.3685498 -0.2533274 -0.1663070 0.3344570 -0.1756393 0.2408715 0.4221910 -0.2707499 -0.5991974 0.7020183 -0.3848802 0.4661215 0.7290937 -0.5011519 -0.4029171 0.8102992 -0.4255268 0.4329185 0.7588040 -0.4866190 0.0054399 0.0387473 0.0263320 -0.0153384 0.0096235 0.0043460 0.0053997 0.0387511 0.0262460 -0.0231519 0.0198047 0.0012476 0.0388212 0.0692474 0.0830065 -0.0286369 0.0219679 0.0066686 0.0313114 0.0516022 0.0805119 -0.0452405 0.0282266 0.0067351
-0.2203829 0.3033208 -0.1187199 0.2202815 0.3781733 -0.2489814 -0.1609074 0.3732081 -0.1493934 0.2177196 0.4419957 -0.2695024 -0.5603763 0.7712657 -0.3018737 0.4374846 0.7510616 -0.4944833 -0.3716057 0.8619013 -0.3450149 0.3876780 0.7870306 -0.4798839 -0.0045626 -0.0128207 0.0175356 -0.0284792 0.0061386 0.0009550 -0.0046252 -0.0128173 0.0174080 -0.0331961 0.0018551 0.0047837 -0.0298936 -0.0089768 0.0363605 -0.0507745 0.0237846 -0.0055853 -0.0244292 0.0003302 0.0292411 -0.0514175 0.0218066 -0.0025176
-0.2249455 0.2905001 -0.1011842 0.1918023 0.3843119 -0.2480264 -0.1655325 0.3603908 -0.1319854 0.1845235 0.4438508 -0.2647186 -0.5902698 0.7622888 -0.2655132 0.3867101 0.7748462 -0.5000686 -0.3960349 0.8622316 -0.3157738 0.3362605 0.8088372 -0.4824015 0.0035878 0.0108838 -0.0096001 -0.0370568 0.0086265 -0.0031704 0.0036371 0.0108874 -0.0095122 -0.0531181 0.0075209 -0.0002432 0.0226947 0.0104786 -0.0185449 -0.0717849 0.0248296 -0.0111463 0.0186954 0.0031290 -0.0140232 -0.0927537 0.0275979 -0.0085982
-0.2213577 0.3013839 -0.1107843 0.1547455 0.3929384 -0.2511968 -0.1618954 0.3712782 -0.1414976 0.1314054 0.4513717 -0.2649618 -0.5675751 0.7727674 -0.2840581 0.3149252 0.7996758 -0.5112149 -0.3773395 0.8653605 -0.3297970 0.2435068 0.8364351 -0.4909997 0.0101760 0.0174733 -0.0107353 -0.0143960 0.0067715 -0.0069079 0.0102679 0.0174765 -0.0105636 -0.0260744 -0.0039757 -0.0045314 0.0413196 0.0218106 -0.0187634 -0.0320016 0.0060796 -0.0090854 0.0359293 0.0099739 -0.0125897 -0.0458166 0.0032595 -0.0147983
-0.2111817 0.3188572 -0.1215196 0.1403495 0.3997099 -0.2581046 -0.1516276 0.3887547 -0.1520612 0.1053309 0.4473960 -0.2694932 -0.5262555 0.7945781 -0.3028215 0.2829236 0.8057554 -0.5203004 -0.3414102 0.8753345 -0.3423867 0.1976902 0.8396946 -0.5057980 -0.0010331 -0.0249755 -0.0247275 -0.0415985 -0.0141339 -0.0002517 -0.0009619 -0.0249735 -0.0245921 -0.0405642 -0.0286999 0.0034652 -0.0166553 -0.0427382 -0.0713237 -0.0748162 0.0068058 -0.0241586 -0.0116144 -0.0337052 -0.0663111 -0.0682271 -0.0027576 -0.0259687
-0.2122148 0.2938817 -0.1462471 0.0987510 0.3855760 -0.2583563 -0.1525894 0.3637812 -0.1766533 0.0647668 0.4186961 -0.2660280 -0.5429108 0.7518399 -0.3741452 0.2081074 0.8125612 -0.5444590 -0.3530246 0.8416292 -0.4086978 0.1294632 0.8369370 -0.5317667 -0.0636734 0.0273987 -0.1260355 -0.0107643 -0.0104982 0.0050669 -0.0642849 0.0274010 -0.1272105 -0.0188836 -0.0101620 0.0049762 -0.0050721 -0.1136966 -0.1666763 -0.0172736 0.0009426 -0.0048988 -0.0480507 -0.1181985 -0.1532512 -0.0352440 0.0019697 -0.0042915
-0.2758882 0.3212804 -0.2722827 0.0879867 0.3750778 -0.2532894 -0.2168743 0.3911822 -0.3038638 0.0458832 0.4085341 -0.2610518 -0.5479830 0.6381432 -0.5408215 0.1908338 0.8135038 -0.5493578 -0.4010753 0.7234307 -0.5619489 0.0942191 0.8389066 -0.5360582 -0.0231750 0.0491665 0.0096106 -0.0354500 0.0403982 0.0163640 -0.0232971 0.0491684 0.0093793 -0.0383440 0.0372947 0.0166465 -0.0020162 0.0431359 0.0577483 -0.0816460 0.0499860 0.0569521 -0.0118415 0.0336459 0.0556538 -0.0793922 0.0378770 0.0554017
-0.2990631 0.3704469 -0.2626720 0.0525367 0.4154760 -0.2369255 -0.2401714 0.4403506 -0.2944845 0.0075392 0.4458288 -0.2444052 -0.5499991 0.6812791 -0.4830732 0.1091878 0.8634898 -0.4924056 -0.4129168 0.7570766 -0.5062951 0.0148270 0.8767836 -0.4806565 -0.0152232 -0.0107031 0.0117752 -0.0078252 -0.0101783 0.0029717 -0.0162307 -0.0107004 0.0099708 -0.0254519 -0.0110729 0.0090697 -0.0324715 -0.0145617 0.0180831 -0.0140783 -0.0013489 -0.0052561 -0.0325526 -0.0106085 0.0119851 -0.0510369 0.0020648 0.0049315
-0.3142864 0.3597438 -0.2508969 0.0447115 0.4052977 -0.2339538 -0.2564022 0.4296502 -0.2845137 -0.0179127 0.4347559 -0.2353355 -0.5824706 0.6667174 -0.4649901 0.0951095 0.8621410 -0.4976617 -0.4454694 0.7464681 -0.4943100 -0.0362100 0.8788484 -0.4757250 0.0138390 -0.0645095 0.0033257 0.0109995 -0.0652357 0.0069801 0.0140876 -0.0645067 0.0037530 0.0115216 -0.0636154 0.0056479 -0.0324526 -0.0624638 -0.0417119 0.0399052 -0.0380066 -0.0524051 -0.0201133 -0.0448820 -0.0451431 0.0215687 -0.0286067 -0.0504638
-0.3004474 0.2952343 -0.2475712 0.0557110 0.3400620 -0.2269737 -0.2423146 0.3651435 -0.2807607 -0.0063911 0.3711405 -0.2296876 -0.6149232 0.6042537 -0.5067020 0.1350146 0.8241344 -0.5500669 -0.4655828 0.7015861 -0.5394531 -0.0146413 0.8502417 -0.5261888 0.0057147 -0.0174195 0.0004879 0.0045374 -0.0196555 0.0026240 0.0059364 -0.0174172 0.0008746 0.0099909 -0.0237706 0.0019854 -0.0062918 -0.0186969 -0.0140812 0.0172214 -0.0145287 -0.0168218 -0.0024016 -0.0131534 -0.0146688 0.0233080 -0.0139389 -0.0220106
-0.2947327 0.2778148 -0.2470833 0.0602484 0.3204065 -0.2243497 -0.2363782 0.3477263 -0.2798861 0.0035998 0.3473699 -0.2277022 -0.6212150 0.5855568 -0.5207832 0.1522360 0.8096057 -0.5668887 -0.4679843 0.6884327 -0.5541219 0.0086667 0.8363027 -0.5481994 0.0085556 0.0102847 -0.0039888 0.0087495 0.0100073 -0.0031690 0.0086120 0.0102874 -0.0038935 0.0057558 0.0118695 -0.0018314 0.0217986 0.0178861 -0.0051033 0.0172664 0.0020999 0.0079586 0.0217973 0.0129053 -0.0017937 0.0132736 0.0061698 0.0099072
-0.2861771 0.2880995 -0.2510720 0.0689979 0.3304138 -0.2275187 -0.2277661 0.3580137 -0.2837796 0.0093556 0.3592394 -0.2295336 -0.5994164 0.6034429 -0.5258865 0.1695025 0.8117056 -0.5589301 -0.4461870 0.7013380 -0.5559156 0.0219403 0.8424726 -0.5382923 -0.0023875 0.0125460 0.0009404 -0.0053516 0.0147852 0.0022185 -0.0022960 0.0125483 0.0010997 0.0007175 0.0133598 0.0010209 0.0056961 0.0151338 0.0112419 -0.0169106 0.0159089 0.0187729 0.0035573 0.0116073 0.0120517 0.0010993 0.0097541 0.0156271
-0.2885646 0.3006455 -0.2501316 0.0636462 0.3451990 -0.2253002 -0.2300622 0.3705620 -0.2826799 0.0100731 0.3725992 -0.2285127 -0.5937203 0.6185767 -0.5146446 0.1525919 0.8276146 -0.5401572 -0.4426297 0.7129453 -0.5438640 0.0230396 0.8522267 -0.5226652 0.0000000 0.0000000 0.0000000 0.0000000 0.0000000 0.0000000 0.0000000 0.0000000 0.0000000 0.0000000 0.0000000 0.0000000 0.0000000 0.0000000 0.0000000 0.0000000 0.0000000 0.0000000 0.0000000 0.0000000 0.0000000 0.0000000 0.0000000 0.0000000
