0.1195797 0.2048449 -0.1269189 0.1146996 0.0408347 -0.2118179 0.1880874 0.2510665 -0.1094315 0.0974581 0.1166630 -0.2682887 0.4445092 0.7614624 -0.4717908 0.4694722 0.1671390 -0.8669835 0.5661110 0.7556676 -0.3293702 0.3160509 0.3783313 -0.8700444 -0.0338889 -0.0406643 -0.0204559 -0.0054402 -0.0009452 -0.0042116 -0.0439283 -0.0534626 -0.0277879 -0.0071286 -0.0009451 -0.0036682 -0.0824559 -0.0677813 -0.1508840 -0.0241550 -0.0045582 -0.0135050 -0.0521032 -0.0510992 -0.1598937 -0.0237677 -0.0038978 -0.0099386
0.0856909 0.1641806 -0.1473748 0.1092594 0.0398895 -0.2160295 0.1441591 0.1976039 -0.1372194 0.0903295 0.1157179 -0.2719569 0.3620533 0.6936811 -0.6226749 0.4453171 0.1625809 -0.8804886 0.5140079 0.7045685 -0.4892639 0.2922832 0.3744336 -0.8799830 -0.0038537 0.0025648 0.0012882 -0.0015464 -0.0024630 -0.0013975 -0.0049143 0.0042666 0.0015902 -0.0020924 -0.0024630 -0.0012087 -0.0157412 0.0119388 0.0044770 -0.0065936 -0.0101397 -0.0051092 -0.0171360 0.0157726 0.0052937 -0.0063530 -0.0074338 -0.0052035
0.0818372 0.1667454 -0.1460866 0.1077130 0.0374265 -0.2174270 0.1392448 0.2018705 -0.1356292 0.0882371 0.1132549 -0.2731656 0.3463120 0.7056199 -0.6181978 0.4387236 0.1524412 -0.8855977 0.4968718 0.7203411 -0.4839702 0.2859302 0.3669998 -0.8851865 0.0016812 -0.0018251 0.0003346 0.0006905 -0.0003510 0.0000318 0.0019943 -0.0024010 0.0005270 0.0006730 -0.0003509 0.0000369 0.0084670 -0.0050526 -0.0009445 0.0024128 -0.0015663 0.0009309 0.0088803 -0.0060761 0.0001931 0.0021511 -0.0011750 0.0002111
0.0835184 0.1649203 -0.1457521 0.1084034 0.0370755 -0.2173952 0.1412391 0.1994695 -0.1351022 0.0889101 0.1129040 -0.2731287 0.3547791 0.7005673 -0.6191424 0.4411364 0.1508748 -0.8846669 0.5057522 0.7142650 -0.4837771 0.2880813 0.3658248 -0.8849753 -0.0002727 0.0007276 0.0001424 0.0007858 -0.0003569 0.0000334 -0.0005088 0.0010729 0.0002911 0.0008093 -0.0003569 0.0000262 -0.0016474 0.0021179 0.0014600 0.0027198 -0.0016131 0.0010874 -0.0024898 0.0028902 0.0016823 0.0025462 -0.0012516 0.0003161
0.0832457 0.1656479 -0.1456097 0.1091893 0.0367186 -0.2173618 0.1407303 0.2005424 -0.1348111 0.0897194 0.1125471 -0.2731024 0.3531317 0.7026852 -0.6176824 0.4438562 0.1492617 -0.8835794 0.5032624 0.7171552 -0.4820948 0.2906275 0.3645732 -0.8846593 0.0017983 0.0013567 0.0044158 0.0101150 0.0001873 0.0045953 0.0011471 0.0014286 0.0072531 0.0122141 0.0001874 0.0039059 0.0093036 0.0090448 0.0159507 0.0397275 0.0003314 0.0211591 0.0073902 0.0097897 0.0229814 0.0391071 0.0001005 0.0138618
0.0850440 0.1670046 -0.1411939 0.1193042 0.0369059 -0.2127665 0.1418774 0.2019710 -0.1275580 0.1019335 0.1127345 -0.2691965 0.3624353 0.7117300 -0.6017317 0.4835836 0.1495931 -0.8624203 0.5106526 0.7269448 -0.4591134 0.3297345 0.3646738 -0.8707974 0.0245716 -0.0270867 0.0009820 0.0111603 0.0113213 0.0048145 0.0295297 -0.0384650 0.0035949 0.0139150 0.0113212 0.0040381 0.1217559 -0.0936880 -0.0176090 0.0378955 0.0431757 0.0312165 0.1304567 -0.1153877 -0.0045423 0.0382336 0.0293631 0.0285775
0.1096156 0.1399179 -0.1402119 0.1304646 0.0482272 -0.2079520 0.1714071 0.1635060 -0.1239631 0.1158484 0.1240557 -0.2651585 0.4841912 0.6180420 -0.6193407 0.5214792 0.1927687 -0.8312038 0.6411093 0.6115571 -0.4636558 0.3679681 0.3940368 -0.8422200 0.0442469 0.0037405 0.0264596 0.0392505 -0.0414095 0.0266593 0.0455790 0.0182079 0.0399541 0.0508441 -0.0414096 0.0248990 0.1588536 -0.0176436 0.1439303 0.1616753 -0.1653254 0.1014457 0.0938652 0.0039435 0.1791010 0.1805841 -0.1220648 0.0515736
0.1538625 0.1436584 -0.1137523 0.1697151 0.0068177 -0.1812927 0.2169861 0.1817139 -0.0840089 0.1666925 0.0826461 -0.2402595 0.6430448 0.6003984 -0.4754105 0.6831545 0.0274433 -0.7297580 0.7349745 0.6155006 -0.2845548 0.5485522 0.2719720 -0.7906464 0.0014306 -0.0040205 -0.0064939 -0.0269981 0.1083484 0.0484666 0.0032972 -0.0065347 -0.0093627 -0.0271383 0.1083484 0.0484739 0.0013645 -0.0209522 -0.0235673 -0.0528850 0.4811557 0.1431684 0.0078927 -0.0247392 -0.0303249 -0.0902849 0.3552146 0.1608622
0.1552930 0.1396379 -0.1202462 0.1427169 0.1151661 -0.1328261 0.2202833 0.1751792 -0.0933717 0.1395542 0.1909945 -0.1917855 0.6444093 0.5794462 -0.4989777 0.6302695 0.5085990 -0.5865896 0.7428673 0.5907614 -0.3148797 0.4582673 0.6271866 -0.6297842 -0.1772762 -0.0184817 -0.0871960 -0.1409316 -0.0314777 -0.0537684 -0.1869004 -0.0244828 -0.1567564 -0.1881255 -0.0314777 -0.0256379 -0.7355367 -0.0772133 -0.3609396 -0.6215398 -0.0993853 -0.3258072 -0.6292882 -0.0780458 -0.5361330 -0.6355328 -0.0450152 -0.1637229
-0.0219831 0.1211562 -0.2074422 0.0017853 0.0836884 -0.1865945 0.0333829 0.1506964 -0.2501281 -0.0485713 0.1595168 -0.2174234 -0.0911275 0.5022329 -0.8599174 0.0087297 0.4092136 -0.9123968 0.1135790 0.5127156 -0.8510127 -0.1772655 0.5821714 -0.7935070 -0.0033071 -0.0573632 -0.0137201 -0.0464474 -0.0519047 -0.0210271 -0.0044609 -0.0764873 -0.0181360 -0.0436590 -0.0474253 -0.0130921 -0.0180874 -0.2267455 -0.0951631 -0.2167156 -0.2612009 -0.0544714 -0.0102259 -0.2475293 -0.1076293 -0.1613035 -0.1706937 -0.0526945
-0.0252902 0.0637930 -0.2211623 -0.0446621 0.0317837 -0.2076216 0.0289221 0.0742091 -0.2682641 -0.0922303 0.1120915 -0.2305156 -0.1092148 0.2754875 -0.9550805 -0.2079858 0.1480128 -0.9668682 0.1033531 0.2651863 -0.9586419 -0.3385691 0.4114777 -0.8462016 0.0020503 -0.0075959 -0.0143153 -0.0079334 0.0063552 -0.0018508 0.0049502 -0.0125174 -0.0183032 -0.0125312 0.0015868 -0.0073970 0.0136574 -0.0444172 -0.0131526 -0.0318303 0.0258864 0.0117518 0.0114359 -0.0561208 -0.0124992 -0.0306664 -0.0108145 0.0076706
-0.0232399 0.0561971 -0.2354776 -0.0525955 0.0381389 -0.2094724 0.0338723 0.0616917 -0.2865673 -0.1047615 0.1136783 -0.2379125 -0.0955574 0.2310703 -0.9682331 -0.2398161 0.1738992 -0.9551164 0.1147890 0.2090655 -0.9711411 -0.3692354 0.4006631 -0.8385310 0.0043365 -0.0207356 -0.0123814 -0.0006168 0.0008181 -0.0328852 0.0051952 -0.0274249 -0.0163219 0.0124787 -0.0190636 -0.0249787 0.0202739 -0.0898432 -0.0188775 0.0279583 -0.0187971 -0.0097979 0.0123364 -0.0975616 -0.0144582 0.0556095 -0.0791119 -0.0549137
-0.0189033 0.0354615 -0.2478590 -0.0532123 0.0389570 -0.2423576 0.0390675 0.0342668 -0.3028892 -0.0922827 0.0946147 -0.2628912 -0.0752835 0.1412271 -0.9871106 -0.2118578 0.1551021 -0.9649143 0.1271255 0.1115039 -0.9855993 -0.3136260 0.3215513 -0.8934448 0.0257133 -0.0332592 -0.0171546 0.0364765 -0.0282914 -0.0123470 0.0334061 -0.0431486 -0.0221383 0.0363840 -0.0275170 -0.0099121 0.1009707 -0.1329200 -0.0125249 0.1463493 -0.1133542 -0.0320640 0.0904296 -0.1381657 0.0099155 0.1184769 -0.0873051 -0.0589446
0.0068099 0.0022023 -0.2650136 -0.0167359 0.0106656 -0.2547045 0.0724737 -0.0088818 -0.3250275 -0.0558987 0.0670977 -0.2728033 0.0256872 0.0083071 -0.9996355 -0.0655085 0.0417479 -0.9969783 0.2175551 -0.0266618 -0.9756838 -0.1951491 0.2342462 -0.9523894 -0.0025419 -0.0140196 -0.0025358 0.0161989 -0.0205113 -0.0279940 -0.0039410 -0.0182746 -0.0032476 0.0052295 -0.0233675 -0.0273235 -0.0097525 -0.0524271 0.0007364 0.0636102 -0.0765543 -0.0024140 -0.0138619 -0.0540525 -0.0000181 0.0303708 -0.0920338 -0.0236351
0.0042680 -0.0118173 -0.2675495 -0.0005370 -0.0098457 -0.2826985 0.0685326 -0.0271563 -0.3282751 -0.0506692 0.0437302 -0.3001269 0.0159346 -0.0441200 -0.9988991 -0.0018983 -0.0348064 -0.9993923 0.2036932 -0.0807143 -0.9757019 -0.1647783 0.1422123 -0.9760245 0.0037568 -0.0151341 -0.0016657 0.0296675 -0.0245945 -0.0084385 0.0045045 -0.0194628 -0.0017618 0.0362600 -0.0391962 -0.0147692 0.0137123 -0.0554495 0.0043103 0.1007763 -0.0820942 0.0111831 0.0103528 -0.0559099 0.0084801 0.1190721 -0.1278305 -0.0228269
0.0080248 -0.0269515 -0.2692151 0.0291305 -0.0344402 -0.2911370 0.0730371 -0.0466191 -0.3300370 -0.0144092 0.0045340 -0.3148961 0.0296469 -0.0995695 -0.9945888 0.0988779 -0.1169006 -0.9882092 0.2140460 -0.1366242 -0.9672219 -0.0457062 0.0143819 -0.9988514 -0.0051716 -0.0163191 0.0044730 -0.0227347 0.0110205 -0.0232559 -0.0098755 -0.0147423 0.0089446 -0.0128816 0.0011363 -0.0024321 -0.0190113 -0.0617251 0.0077399 -0.0785949 0.0426300 -0.0088226 -0.0243423 -0.0476727 0.0028324 -0.0399658 0.0034185 0.0026870
0.0028532 -0.0432705 -0.2647422 0.0063958 -0.0234197 -0.3143929 0.0631616 -0.0613615 -0.3210923 -0.0272908 0.0056703 -0.3173282 0.0106356 -0.1612946 -0.9868490 0.0202831 -0.0742706 -0.9970318 0.1897038 -0.1842970 -0.9643895 -0.0856720 0.0178003 -0.9961644 0.0036393 -0.0030543 -0.0011047 -0.0153277 0.0116308 -0.0007561 0.0062628 0.0090943 0.0017841 -0.0001976 -0.0008637 -0.0003479 0.0134170 -0.0103227 0.0019790 -0.0485937 0.0369044 -0.0018687 0.0200872 0.0263529 -0.0005154 -0.0005259 -0.0027279 0.0000004
0.0064926 -0.0463248 -0.2658469 -0.0089319 -0.0117889 -0.3151490 0.0694245 -0.0522672 -0.3193083 -0.0274885 0.0048066 -0.3176760 0.0240526 -0.1716174 -0.9848700 -0.0283106 -0.0373663 -0.9989005 0.2097910 -0.1579441 -0.9649049 -0.0861979 0.0150725 -0.9961640 -0.0019009 0.0048836 -0.0014192 0.0277702 -0.0231395 0.0228568 0.0031810 0.0050826 -0.0008862 -0.0020781 0.0039943 -0.0011038 -0.0070779 0.0184143 -0.0031789 0.0921751 -0.0810455 0.0079919 0.0091003 0.0156918 -0.0004194 -0.0061199 0.0124072 0.0008137
0.0045916 -0.0414412 -0.2672660 0.0188383 -0.0349284 -0.2922922 0.0726054 -0.0471845 -0.3201944 -0.0295665 0.0088009 -0.3187799 0.0169747 -0.1532031 -0.9880489 0.0638644 -0.1184118 -0.9909087 0.2188913 -0.1422522 -0.9653243 -0.0923178 0.0274797 -0.9953503 -0.0009856 0.0059898 0.0001618 -0.0043098 0.0158808 -0.0023082 -0.0040573 0.0151642 0.0021606 -0.0073029 0.0081589 0.0006627 -0.0035928 0.0216436 -0.0031690 -0.0147106 0.0539687 -0.0058014 -0.0092060 0.0443036 -0.0075263 -0.0226495 0.0254047 0.0033898
0.0036060 -0.0354514 -0.2671042 0.0145285 -0.0190476 -0.2946004 0.0685481 -0.0320203 -0.3180339 -0.0368695 0.0169598 -0.3181172 0.0133819 -0.1315595 -0.9912180 0.0491538 -0.0644430 -0.9967101 0.2096853 -0.0979487 -0.9728505 -0.1149673 0.0528845 -0.9919606 0.0018913 0.0103872 0.0013552 -0.0380091 0.0299969 0.0118014 0.0024464 0.0154247 0.0065700 -0.0055572 0.0159670 0.0077537 0.0072085 0.0376806 -0.0041527 -0.1318366 0.1029992 0.0008803 0.0122534 0.0460684 -0.0008289 -0.0197311 0.0516532 0.0066037
0.0054973 -0.0250643 -0.2657491 -0.0234805 0.0109493 -0.2827990 0.0709945 -0.0165956 -0.3114639 -0.0424267 0.0329268 -0.3103634 0.0205903 -0.0938789 -0.9953707 -0.0826828 0.0385562 -0.9958298 0.2219387 -0.0518803 -0.9736795 -0.1346985 0.1045376 -0.9853569 0.0017316 0.0172905 0.0046451 0.0473384 -0.0177689 0.0232469 0.0171211 0.0284441 0.0072093 -0.0108976 0.0150782 0.0085871 0.0070727 0.0641307 -0.0038039 0.1741849 -0.0647114 0.0003685 0.0560472 0.0892597 0.0138218 -0.0372110 0.0502231 0.0124765
0.0072289 -0.0077738 -0.2611040 0.0238579 -0.0068196 -0.2595520 0.0881156 0.0118485 -0.3042546 -0.0533244 0.0480050 -0.3017763 0.0276631 -0.0297482 -0.9991746 0.0915022 -0.0261552 -0.9954613 0.2779858 0.0373795 -0.9598576 -0.1719095 0.1547607 -0.9728804 -0.0038513 0.0164849 0.0100833 -0.0112762 -0.0005415 0.0136009 -0.0029344 0.0173817 0.0071585 -0.0203241 0.0066714 0.0201286 -0.0142167 0.0644269 -0.0001335 -0.0404369 -0.0037214 -0.0027870 -0.0036019 0.0567762 0.0028581 -0.0767283 0.0298273 0.0220352
0.0033777 0.0087111 -0.2510207 0.0125816 -0.0073611 -0.2459512 0.0851812 0.0292302 -0.2970960 -0.0736484 0.0546764 -0.2816477 0.0134464 0.0346787 -0.9993081 0.0510653 -0.0298767 -0.9982483 0.2743840 0.0941557 -0.9569996 -0.2486378 0.1845880 -0.9508452 -0.0138069 0.0269968 0.0067849 -0.0117459 0.0113559 0.0078148 -0.0116481 0.0259084 0.0103340 0.0010881 0.0332866 0.0134749 -0.0556611 0.1098569 0.0107094 -0.0475564 0.0466495 -0.0016048 -0.0301943 0.0889494 0.0047160 -0.0003605 0.1172662 0.0305822
-0.0104293 0.0357079 -0.2442359 0.0008357 0.0039948 -0.2381364 0.0735331 0.0551386 -0.2867620 -0.0725603 0.0879630 -0.2681728 -0.0422148 0.1445356 -0.9885987 0.0035089 0.0167728 -0.9998532 0.2441897 0.1831051 -0.9522835 -0.2489983 0.3018542 -0.9202629 -0.0029458 0.0130341 0.0119258 -0.0098348 0.0123779 0.0133456 -0.0030346 0.0196895 0.0154595 0.0053781 -0.0025242 0.0105141 -0.0140433 0.0604824 0.0114587 -0.0434043 0.0558122 0.0032892 -0.0011988 0.0748089 0.0171708 0.0087572 0.0036719 -0.0011154
-0.0133751 0.0487420 -0.2323101 -0.0089990 0.0163727 -0.2247907 0.0704985 0.0748281 -0.2713025 -0.0671822 0.0854388 -0.2576587 -0.0562581 0.2050180 -0.9771400 -0.0398954 0.0725850 -0.9965640 0.2429909 0.2579139 -0.9351127 -0.2402411 0.3055261 -0.9213783 -0.0103876 0.0288580 0.0112810 -0.0184962 0.0115326 0.0212830 -0.0104492 0.0314670 0.0130203 -0.0170741 0.0130803 0.0220966 -0.0446631 0.1245529 0.0384186 -0.0927756 0.0620644 0.0145925 -0.0327947 0.1141607 0.0310231 -0.0731229 0.0608840 0.0452809
-0.0237627 0.0776000 -0.2210292 -0.0274953 0.0279053 -0.2035077 0.0600493 0.1062951 -0.2582823 -0.0842563 0.0985191 -0.2355621 -0.1009211 0.3295709 -0.9387214 -0.1326710 0.1346495 -0.9819714 0.2101961 0.3720747 -0.9040896 -0.3133640 0.3664101 -0.8760974 0.0035774 0.0386725 0.0051057 0.0086092 0.0670362 -0.0012796 0.0058859 0.0340162 0.0071308 -0.0015684 0.0774657 0.0096899 0.0188902 0.1429501 0.0612280 0.0492937 0.2844931 0.0778875 0.0132018 0.1033199 0.0531528 0.0262510 0.2223200 0.1204765
-0.0201852 0.1162725 -0.2159234 -0.0188861 0.0949415 -0.2047873 0.0659352 0.1403113 -0.2511515 -0.0858246 0.1759848 -0.2258722 -0.0820310 0.4725210 -0.8774935 -0.0833773 0.4191425 -0.9040839 0.2233979 0.4753946 -0.8509368 -0.2871131 0.5887302 -0.7556209 0.0314672 0.0135104 0.0040872 -0.0039518 0.0215810 0.0014801 0.0114209 0.0398590 0.0071235 0.0030584 0.0131866 0.0034215 0.1273968 0.0493503 0.0256765 -0.0136230 0.0757672 0.0405706 0.0237135 0.1001532 0.0713980 0.0144193 0.0345417 0.0227019
0.0112819 0.1297829 -0.2118363 -0.0228379 0.1165225 -0.2033072 0.0773561 0.1801703 -0.2440279 -0.0827662 0.1891714 -0.2224508 0.0453658 0.5218714 -0.8518170 -0.0970003 0.4949097 -0.8635133 0.2471114 0.5755478 -0.7795388 -0.2726938 0.6232719 -0.7329190 -0.0489676 0.0154859 0.0222254 -0.1303573 -0.1287544 0.0644527 -0.0312382 -0.0003671 0.0224794 -0.1303876 -0.1287544 0.0645479 -0.2012094 0.0788669 0.0677084 -0.6426421 -0.5539666 0.1931094 -0.0875519 0.0465386 0.0130211 -0.5107796 -0.4012018 0.1525275
-0.0376856 0.1452688 -0.1896109 -0.1531952 -0.0122319 -0.1388545 0.0461179 0.1798032 -0.2215485 -0.2131539 0.0604170 -0.1579029 -0.1558436 0.6007382 -0.7841086 -0.7396424 -0.0590569 -0.6704039 0.1595595 0.6220864 -0.7665176 -0.7834734 0.2220702 -0.5803915 -0.0056519 0.0210292 0.0115515 0.0033110 0.0119529 0.0127681 -0.0055869 0.0248206 0.0164154 0.0032594 0.0119530 0.0129343 -0.0192833 0.0712713 0.0645714 -0.0255999 0.0576324 0.0266631 -0.0210221 0.0773309 0.0653594 -0.0081080 0.0508610 0.0336672
-0.0433375 0.1662980 -0.1780594 -0.1498843 -0.0002790 -0.1260864 0.0405309 0.2046238 -0.2051331 -0.2098945 0.0723700 -0.1449685 -0.1751268 0.6720095 -0.7195372 -0.7652423 -0.0014244 -0.6437408 0.1385374 0.6994173 -0.7011582 -0.7915814 0.2729312 -0.5467243 0.0449299 0.0080162 -0.0034030 0.0358556 0.0317094 0.0000860 0.0496002 0.0067866 0.0191531 0.0428127 0.0317091 -0.0148438 0.1814551 0.0207365 -0.0016167 0.1054279 0.1832930 -0.0853468 0.1663243 0.0156622 0.0720949 0.1326176 0.1375526 -0.0835692
0.0015924 0.1743142 -0.1814624 -0.1140287 0.0314304 -0.1260004 0.0901311 0.2114104 -0.1859801 -0.1670818 0.1040791 -0.1598123 0.0063283 0.6927460 -0.7211539 -0.6598143 0.1818686 -0.7290877 0.3048617 0.7150795 -0.6290634 -0.6589638 0.4104838 -0.6302934 0.0140169 0.0060920 -0.0045885 0.0008103 0.0116135 0.0057669 0.0023851 0.0255402 0.0110495 0.0006721 0.0116131 0.0059865 0.0537941 0.0021271 0.0045391 -0.0035725 0.0703410 0.0245962 -0.0051808 0.0524564 0.0624241 0.0049383 0.0442113 0.0257249
0.0156093 0.1804062 -0.1860509 -0.1132184 0.0430439 -0.1202336 0.0925163 0.2369506 -0.1749306 -0.1664096 0.1156922 -0.1538259 0.0601224 0.6948731 -0.7166147 -0.6633868 0.2522096 -0.7044915 0.2996809 0.7675359 -0.5666392 -0.6540254 0.4546951 -0.6045685 0.0761839 -0.0133918 0.0348231 0.0809634 -0.0705251 0.1437453 0.0589639 -0.0020308 0.0562886 0.0997098 -0.0705250 0.1246933 0.3171784 -0.0083881 0.0950181 -0.0022084 -0.8192963 1.1896674 0.1991670 0.0060914 0.1759328 -0.1246319 0.0725888 0.2644738
0.0917932 0.1670144 -0.1512277 -0.0322549 -0.0274812 0.0235118 0.1514802 0.2349198 -0.1186420 -0.0666998 0.0451672 -0.0291325 0.3773008 0.6864850 -0.6215967 -0.6655952 -0.5670867 0.4851759 0.4988479 0.7736273 -0.3907064 -0.7786574 0.5272839 -0.3400947 0.0010716 -0.0306917 -0.0060272 -0.0043046 -0.0029981 -0.0050134 -0.0059181 -0.0245117 -0.0074696 -0.0044195 -0.0029981 -0.0049380 0.0301857 -0.0883073 -0.0684310 -0.0503264 -0.0297699 -0.1229351 0.0114599 -0.0359844 -0.0514122 -0.0166308 -0.0557312 -0.0408971
0.0928648 0.1363226 -0.1572549 -0.0365596 -0.0304793 0.0184983 0.1455621 0.2104080 -0.1261116 -0.0711194 0.0421690 -0.0340705 0.4074865 0.5981777 -0.6900276 -0.7159216 -0.5968566 0.3622408 0.5103078 0.7376429 -0.4421186 -0.7952882 0.4715526 -0.3809919 0.0001202 0.0002717 -0.0001400 -0.0027819 0.0008194 -0.0021666 0.0000731 0.0002717 -0.0000603 -0.0027021 0.0008194 -0.0022178 -0.0000233 0.0003830 0.0003184 -0.0420213 0.0254354 -0.0475977 -0.0002166 0.0002685 0.0001982 -0.0000808 -0.0083857 -0.0099870
0.0929850 0.1365943 -0.1573949 -0.0393415 -0.0296600 0.0163317 0.1456352 0.2106797 -0.1261719 -0.0738215 0.0429884 -0.0362884 0.4074632 0.5985607 -0.6897092 -0.7579429 -0.5714212 0.3146432 0.5100913 0.7379114 -0.4419204 -0.7953690 0.4631669 -0.3909789 0.0003498 -0.0002733 0.0026750 -0.0034501 -0.0003195 -0.0021772 0.0002057 -0.0002733 0.0029166 -0.0032079 -0.0003196 -0.0023351 0.0048892 0.0037045 0.0061581 -0.0325657 0.0175963 -0.0531589 0.0031905 0.0026060 0.0081282 -0.0057208 -0.0194197 -0.0106970
0.0933348 0.1363210 -0.1547199 -0.0427916 -0.0299795 0.0141546 0.1458410 0.2104064 -0.1232553 -0.0770294 0.0426689 -0.0386234 0.4123524 0.6022652 -0.6835512 -0.7905087 -0.5538249 0.2614843 0.5132818 0.7405175 -0.4337923 -0.8010898 0.4437472 -0.4016759 0.0043753 0.0133734 0.0110135 0.0028108 0.0004924 -0.0006185 0.0164282 0.0051955 0.0064541 0.0041674 0.0004924 -0.0014742 0.0136545 0.0503889 0.0570044 0.0140260 -0.0188565 0.0014050 0.0385839 -0.0072708 0.0365598 0.0234760 0.0168881 -0.0262631
0.0977101 0.1496945 -0.1437064 -0.0399807 -0.0294871 0.0135361 0.1622692 0.2156020 -0.1168012 -0.0728620 0.0431613 -0.0400977 0.4260069 0.6526541 -0.6265467 -0.7764827 -0.5726814 0.2628892 0.5518657 0.7332467 -0.3972324 -0.7776138 0.4606354 -0.4279390 0.0167815 -0.0228193 0.0036681 0.0078844 -0.0208046 -0.0107284 0.0127451 -0.0224364 0.0110876 0.0137339 -0.0208046 -0.0139017 0.0921854 -0.0784133 -0.0072706 0.2390984 -0.2693451 -0.2158817 0.0703414 -0.0465083 0.0214016 0.0664074 -0.1917238 -0.2215778
0.1144916 0.1268752 -0.1400383 -0.0320963 -0.0502917 0.0028076 0.1750142 0.1931656 -0.1057136 -0.0591281 0.0223567 -0.0539994 0.5181922 0.5742408 -0.6338173 -0.5373842 -0.8420264 0.0470075 0.6222071 0.6867384 -0.3758308 -0.7112064 0.2689115 -0.6495168 0.0151240 0.0148383 0.0016443 0.0991628 0.0924401 -0.1664664 0.0259663 0.0002793 0.0056158 0.0996868 0.0924407 -0.1667139 0.0293587 0.0244167 0.0491830 0.9062455 1.0738400 -0.9471207 0.0559394 -0.0340186 0.0380819 0.8721109 0.1865125 -0.2260965
0.1296156 0.1417135 -0.1383939 0.0670664 0.0421484 -0.1636588 0.2009805 0.1934449 -0.1000978 0.0405587 0.1147974 -0.2207133 0.5475509 0.5986575 -0.5846343 0.3688613 0.2318136 -0.9001132 0.6781464 0.6527198 -0.3377489 0.1609045 0.4554240 -0.8756133 -0.1392080 -0.0051608 -0.0593954 0.0017228 0.0629354 0.0448025 -0.1265828 -0.0388153 -0.1407576 -0.1090859 0.0781641 -0.0050053 -0.5874294 -0.0309642 -0.2376395 0.0289479 0.3758878 0.2127655 -0.4265740 -0.1298468 -0.4766928 -0.3857604 0.1777337 0.1349709
-0.0095923 0.1365527 -0.1977894 0.0687892 0.1050838 -0.1188562 0.0743977 0.1546296 -0.2408554 -0.0685272 0.1929615 -0.2257186 -0.0398784 0.5676932 -0.8222737 0.3978091 0.6077014 -0.6873477 0.2515725 0.5228730 -0.8144416 -0.2248559 0.6331577 -0.7406424 -0.0119868 -0.0521525 -0.0158906 -0.0000641 -0.0042102 0.0008725 -0.0130690 -0.0381043 -0.0092967 0.0000703 -0.0435126 0.0044029 -0.0536367 -0.2019376 -0.1037272 0.0070252 -0.0134917 -0.0076515 -0.0346282 -0.1106758 -0.0704475 -0.0234603 -0.0910566 -0.0621437
-0.0215791 0.0844002 -0.2136800 0.0687251 0.1008736 -0.1179837 0.0613287 0.1165253 -0.2501521 -0.0684569 0.1494489 -0.2213157 -0.0935151 0.3657556 -0.9260010 0.4048344 0.5942098 -0.6949992 0.2169443 0.4121971 -0.8848891 -0.2483162 0.5421011 -0.8027861 0.0082377 -0.0235110 -0.0088486 0.0051552 -0.0033363 0.0031590 0.0056870 -0.0346427 -0.0207299 0.0051410 -0.0014411 0.0050129 0.0357836 -0.1022733 -0.0369342 0.0354558 -0.0129355 0.0107004 0.0134973 -0.1306339 -0.0465715 0.0134938 0.0068214 0.0005751
-0.0133414 0.0608892 -0.2225286 0.0738803 0.0975373 -0.1148247 0.0670157 0.0818826 -0.2708820 -0.0633159 0.1480078 -0.2163028 -0.0577315 0.2634823 -0.9629352 0.4402901 0.5812742 -0.6842988 0.2304416 0.2815632 -0.9314606 -0.2348224 0.5489225 -0.8022110 0.0075143 -0.0191116 -0.0148221 0.0019281 -0.0004583 0.0013933 0.0082561 -0.0309785 -0.0172213 -0.0040520 -0.0527798 -0.0272438 0.0335594 -0.0901815 -0.0216371 0.0124453 -0.0015089 0.0068752 0.0187253 -0.1130589 -0.0222281 -0.0146512 -0.1962789 -0.0996789
-0.0058272 0.0417776 -0.2373508 0.0758084 0.0970790 -0.1134314 0.0752718 0.0509041 -0.2881033 -0.0673679 0.0952280 -0.2435466 -0.0241720 0.1733007 -0.9845723 0.4527355 0.5797654 -0.6774236 0.2491669 0.1685044 -0.9536887 -0.2494736 0.3526436 -0.9018899 0.0123057 -0.0254277 -0.0155480 0.0069207 -0.1008345 -0.0378262 0.0114224 -0.0319045 -0.0173519 0.0026852 -0.1240642 -0.0505457 0.0497276 -0.1088065 -0.0130185 0.0270085 -0.6015434 -0.1997146 0.0233809 -0.1087737 -0.0065977 0.0356457 -0.4479702 -0.0703192
0.0064786 0.0163499 -0.2528988 0.0827292 -0.0037555 -0.1512576 0.0866941 0.0189996 -0.3054553 -0.0646827 -0.0288362 -0.2940923 0.0255556 0.0644942 -0.9975908 0.4797440 -0.0217780 -0.8771382 0.2725479 0.0597307 -0.9602864 -0.2138279 -0.0953266 -0.9722091 0.0004126 -0.0175579 -0.0126411 -0.0038934 -0.0017075 -0.0060433 -0.0061614 -0.0334454 -0.0083361 -0.0055049 -0.0034875 -0.0094563 0.0003869 -0.0690419 -0.0020623 -0.0319040 -0.0092555 -0.0164368 -0.0242068 -0.1042776 -0.0073614 -0.0102493 -0.0078683 0.0031166
0.0068912 -0.0012080 -0.2655399 0.0788357 -0.0054630 -0.1573009 0.0805327 -0.0144458 -0.3137914 -0.0701876 -0.0323237 -0.3035486 0.0259425 -0.0045476 -0.9996531 0.4478400 -0.0310335 -0.8935750 0.2483411 -0.0445469 -0.9676478 -0.2240772 -0.1031950 -0.9690925 -0.0023217 -0.0170652 -0.0049276 -0.0713713 -0.0135277 -0.1118875 -0.0036234 -0.0053161 -0.0013357 0.0315655 0.0657455 0.0075692 -0.0090888 -0.0628507 0.0020693 -0.4201898 -0.0393127 -0.1035644 -0.0116812 -0.0162630 -0.0020399 0.0954884 0.2144697 -0.0163429
0.0045694 -0.0182732 -0.2704675 0.0074645 -0.0189907 -0.2691884 0.0769092 -0.0197619 -0.3151271 -0.0386222 0.0334218 -0.2959794 0.0168537 -0.0673984 -0.9975838 0.0276502 -0.0703462 -0.9971393 0.2366599 -0.0608100 -0.9696877 -0.1285888 0.1112747 -0.9854354 -0.0016527 -0.0218396 0.0006528 -0.0021417 -0.0060416 -0.0102595 -0.0082247 -0.0343153 -0.0048992 -0.0064816 -0.0029024 -0.0041781 -0.0061616 -0.0796449 0.0085115 -0.0086820 -0.0188582 0.0013066 -0.0296235 -0.1021955 0.0050297 -0.0192642 -0.0112301 0.0014991
0.0029168 -0.0401128 -0.2698147 0.0053228 -0.0250323 -0.2794479 0.0686845 -0.0540772 -0.3200263 -0.0451037 0.0305194 -0.3001575 0.0106921 -0.1470433 -0.9890723 0.0189682 -0.0892043 -0.9958327 0.2070364 -0.1630055 -0.9646580 -0.1478530 0.1000446 -0.9839363 -0.0025830 -0.0027588 -0.0006041 -0.0008769 -0.0051232 -0.0062234 -0.0023178 -0.0078947 -0.0019553 0.0091374 -0.0150663 -0.0064934 -0.0094732 -0.0095386 0.0014080 -0.0034931 -0.0157600 0.0014771 -0.0086546 -0.0222396 0.0021982 0.0315097 -0.0500571 -0.0080141
0.0003337 -0.0428715 -0.2704188 0.0044459 -0.0301555 -0.2856713 0.0663667 -0.0619719 -0.3219816 -0.0359663 0.0154531 -0.3066509 0.0012189 -0.1565819 -0.9876642 0.0154752 -0.1049643 -0.9943556 0.1983818 -0.1852451 -0.9624598 -0.1163433 0.0499875 -0.9919503 -0.0031175 -0.0023985 -0.0004422 -0.0030046 -0.0026224 -0.0024293 -0.0020980 -0.0029836 -0.0018662 -0.0024141 -0.0009687 -0.0008362 -0.0113551 -0.0082569 0.0013958 -0.0105044 -0.0080775 0.0007778 -0.0073857 -0.0077920 0.0000373 -0.0073801 -0.0032955 0.0007327
-0.0027837 -0.0452700 -0.2708610 0.0014413 -0.0327779 -0.2881006 0.0642687 -0.0649555 -0.3238478 -0.0383804 0.0144844 -0.3074871 -0.0101361 -0.1648388 -0.9862684 0.0049707 -0.1130419 -0.9935778 0.1909961 -0.1930371 -0.9624226 -0.1237234 0.0466920 -0.9912176 -0.0018999 -0.0011618 0.0001507 -0.0007655 -0.0008305 0.0006146 -0.0013921 -0.0015042 -0.0005416 0.0004532 -0.0030007 0.0000035 -0.0069137 -0.0041866 0.0008042 -0.0026360 -0.0030717 0.0003446 -0.0044430 -0.0041467 -0.0000308 0.0013879 -0.0096510 -0.0005797
-0.0046836 -0.0464318 -0.2707103 0.0006758 -0.0336084 -0.2874861 0.0628767 -0.0664597 -0.3243894 -0.0379273 0.0114837 -0.3074836 -0.0170498 -0.1690254 -0.9854642 0.0023348 -0.1161135 -0.9932332 0.1865531 -0.1971838 -0.9624534 -0.1223355 0.0370410 -0.9917974 -0.0000016 0.0014731 -0.0003071 0.0021723 -0.0007687 -0.0003686 -0.0000881 0.0000631 -0.0000897 -0.0091769 0.0049279 0.0010610 -0.0000023 0.0053969 -0.0009104 0.0074892 -0.0024636 0.0003370 -0.0002932 0.0002208 -0.0001020 -0.0293904 0.0158219 0.0047894
-0.0046852 -0.0449587 -0.2710173 0.0028481 -0.0343772 -0.2878547 0.0627885 -0.0663966 -0.3244791 -0.0471042 0.0164116 -0.3064226 -0.0170521 -0.1636285 -0.9863746 0.0098240 -0.1185771 -0.9928962 0.1862599 -0.1969630 -0.9625554 -0.1517259 0.0528629 -0.9870080 0.0023688 0.0008808 0.0004533 0.0006230 0.0100348 0.0017961 0.0032348 0.0070616 0.0027416 -0.0054729 0.0040097 0.0012011 0.0086022 0.0028426 -0.0005785 0.0022657 0.0337939 -0.0034298 0.0115577 0.0191847 -0.0014276 -0.0176651 0.0129297 0.0036576
-0.0023165 -0.0440780 -0.2705641 0.0034711 -0.0243424 -0.2860586 0.0660233 -0.0593350 -0.3217376 -0.0525771 0.0204213 -0.3052214 -0.0084499 -0.1607860 -0.9869531 0.0120897 -0.0847833 -0.9963261 0.1978176 -0.1777783 -0.9639829 -0.1693910 0.0657925 -0.9833504 0.0066697 0.0114963 -0.0007700 -0.0022233 -0.0109038 0.0260455 0.0060355 0.0178407 0.0058107 -0.0095823 -0.0151501 0.0279621 0.0243772 0.0415779 -0.0057884 -0.0073344 -0.0495421 0.0054002 0.0227571 0.0507626 -0.0030816 -0.0493335 -0.0472444 0.0077401
0.0043532 -0.0325817 -0.2713340 0.0012478 -0.0352462 -0.2600131 0.0720588 -0.0414943 -0.3159269 -0.0621594 0.0052712 -0.2772593 0.0159273 -0.1192080 -0.9927415 0.0047553 -0.1343253 -0.9909259 0.2205748 -0.1270157 -0.9670645 -0.2187245 0.0185481 -0.9756104 -0.0000851 0.0245116 0.0036709 -0.0055201 0.0108268 0.0081217 0.0025659 0.0255198 0.0006929 -0.0056407 0.0104692 0.0062797 0.0000091 0.0890755 -0.0066773 -0.0216348 0.0378474 -0.0042661 0.0095068 0.0777635 -0.0048597 -0.0236127 0.0377126 0.0070509
0.0042681 -0.0080701 -0.2676631 -0.0042723 -0.0244194 -0.2518914 0.0746247 -0.0159745 -0.3152340 -0.0678001 0.0157404 -0.2709796 0.0159365 -0.0301326 -0.9994189 -0.0168795 -0.0964780 -0.9951920 0.2300815 -0.0492522 -0.9719242 -0.2423371 0.0562607 -0.9685595 -0.0037565 0.0231129 0.0074450 -0.0001978 0.0094251 0.0092111 0.0075275 0.0470597 0.0069198 -0.0004175 0.0098101 0.0082638 -0.0139739 0.0878445 0.0010875 -0.0015022 0.0348197 -0.0027361 0.0261777 0.1462170 0.0101919 -0.0078852 0.0374585 0.0049177
0.0005115 0.0150428 -0.2602182 -0.0044701 -0.0149943 -0.2426803 0.0821521 0.0310852 -0.3083142 -0.0682176 0.0255505 -0.2627159 0.0019625 0.0577120 -0.9983313 -0.0183817 -0.0616582 -0.9979280 0.2562592 0.0969648 -0.9617323 -0.2502223 0.0937192 -0.9636418 -0.0104646 0.0194883 0.0077942 -0.0071331 0.0189566 0.0000523 -0.0100176 0.0167331 0.0077143 -0.0056035 0.0204689 0.0027635 -0.0409987 0.0777204 0.0083141 -0.0293807 0.0779682 -0.0007975 -0.0256578 0.0559019 0.0007668 -0.0190785 0.0741604 0.0153309
-0.0099530 0.0345311 -0.2524240 -0.0116033 0.0039623 -0.2426280 0.0721345 0.0478183 -0.3005999 -0.0738211 0.0460194 -0.2599523 -0.0390362 0.1354324 -0.9900173 -0.0477624 0.0163099 -0.9987256 0.2306014 0.1528668 -0.9609655 -0.2693008 0.1678796 -0.9483109 -0.0136508 0.0197475 0.0173103 -0.0104186 0.0120094 0.0004677 -0.0162745 0.0330195 0.0184132 -0.0047817 0.0151963 0.0092456 -0.0583196 0.0884435 0.0202743 -0.0426086 0.0492328 0.0049765 -0.0436569 0.1176702 0.0165813 -0.0220613 0.0590326 0.0189998
-0.0236039 0.0542786 -0.2351137 -0.0220219 0.0159717 -0.2421603 0.0558599 0.0808378 -0.2821867 -0.0786028 0.0612157 -0.2507068 -0.0973558 0.2238759 -0.9697430 -0.0903710 0.0655428 -0.9937491 0.1869445 0.2705370 -0.9443842 -0.2913621 0.2269122 -0.9293110 -0.0097950 0.0174879 0.0100738 -0.0222311 0.0231138 0.0103072 -0.0101060 0.0230184 0.0130924 -0.0180469 0.0226435 0.0129549 -0.0426486 0.0769615 0.0264002 -0.0945925 0.0978221 0.0246771 -0.0302779 0.0850781 0.0229758 -0.0666011 0.0836786 0.0487454
-0.0333988 0.0717665 -0.2250399 -0.0442530 0.0390855 -0.2318531 0.0457540 0.1038562 -0.2690943 -0.0966497 0.0838592 -0.2377519 -0.1400043 0.3008373 -0.9433428 -0.1849635 0.1633649 -0.9690719 0.1566666 0.3556150 -0.9214084 -0.3579632 0.3105907 -0.8805656 -0.0068362 0.0505482 0.0069781 -0.0140981 0.0318053 0.0243086 -0.0009750 0.0335763 0.0088437 -0.0145131 0.0252204 0.0157094 -0.0188765 0.1821611 0.0822566 -0.0721497 0.1490018 0.0545667 -0.0062486 0.1060380 0.0471940 -0.0519044 0.0915958 0.0618748
-0.0402350 0.1223147 -0.2180618 -0.0583512 0.0708908 -0.2075446 0.0447789 0.1374325 -0.2602506 -0.1111628 0.1090796 -0.2220424 -0.1588808 0.4829984 -0.8610862 -0.2571132 0.3123667 -0.9145053 0.1504181 0.4616531 -0.8742144 -0.4098675 0.4021865 -0.8186908 0.0073716 0.0091217 0.0088671 0.0062311 0.0591154 0.0029025 0.0013675 0.0372284 0.0175136 -0.0047984 0.0616694 -0.0036336 0.0270236 0.0443614 0.0217381 0.0469388 0.2118838 0.0892852 0.0020898 0.1155778 0.0720013 0.0306985 0.1561273 0.0807771
-0.0328634 0.1314364 -0.2091947 -0.0521201 0.1300062 -0.2046421 0.0461465 0.1746609 -0.2427370 -0.1159612 0.1707490 -0.2256760 -0.1318572 0.5273598 -0.8393481 -0.2101743 0.5242505 -0.8252201 0.1525079 0.5772308 -0.8022131 -0.3791690 0.5583138 -0.7379137 0.0000000 0.0000000 0.0000000 0.0000000 0.0000000 0.0000000 0.0000000 0.0000000 0.0000000 0.0000000 0.0000000 0.0000000 0.0000000 0.0000000 0.0000000 0.0000000 0.0000000 0.0000000 0.0000000 0.0000000 0.0000000 0.0000000 0.0000000 0.0000000
