-0.2081384 -0.2505654 -0.0390434 -0.0176238 0.3353412 -0.3268173 -0.1950967 -0.3463262 -0.0566668 -0.0407650 0.3523226 -0.3400899 -0.6344356 -0.7637592 -0.1190098 -0.0376105 0.7156432 -0.6974527 -0.4858993 -0.8625448 -0.1411319 -0.0829602 0.7170067 -0.6921120 0.0002897 0.0008863 0.0010100 0.0153067 0.0015439 -0.0024671 0.0004982 0.0009682 0.0007219 0.0155294 0.0009785 -0.0035576 -0.0010142 0.0004225 0.0027314 0.0326919 -0.0005239 -0.0015325 -0.0001862 -0.0001210 0.0013876 0.0318254 -0.0011121 -0.0042214
-0.2078487 -0.2496791 -0.0380334 -0.0023171 0.3368851 -0.3292845 -0.1945985 -0.3453580 -0.0559450 -0.0252355 0.3533011 -0.3436474 -0.6354498 -0.7633367 -0.1162784 -0.0049185 0.7151193 -0.6989851 -0.4860855 -0.8626659 -0.1397443 -0.0511348 0.7158946 -0.6963334 -0.0014118 -0.0000207 0.0032203 0.0097283 0.0087186 -0.0083705 -0.0013594 -0.0000301 0.0033113 0.0241586 0.0034304 -0.0044483 -0.0032289 0.0012343 0.0100263 0.0202556 0.0000812 0.0002341 -0.0031024 0.0004416 0.0083499 0.0489742 -0.0001795 -0.0020556
-0.2092605 -0.2496998 -0.0348131 0.0074113 0.3456037 -0.3376549 -0.1959580 -0.3453881 -0.0526337 -0.0010769 0.3567315 -0.3480957 -0.6386787 -0.7621023 -0.1062521 0.0153370 0.7152005 -0.6987511 -0.4891880 -0.8622243 -0.1313944 -0.0021606 0.7157151 -0.6983890 0.0031452 0.0022807 -0.0184868 0.0476128 0.0074227 -0.0043344 0.0045382 0.0022670 -0.0172761 0.0539937 0.0037565 -0.0018689 0.0072087 0.0040912 -0.0570412 0.0959166 -0.0014139 0.0072806 0.0095297 0.0024336 -0.0437852 0.1069049 -0.0021600 0.0056641
-0.2061153 -0.2474191 -0.0532999 0.0550241 0.3530264 -0.3419893 -0.1914197 -0.3431211 -0.0699098 0.0529168 0.3604880 -0.3499646 -0.6314700 -0.7580112 -0.1632934 0.1112536 0.7137865 -0.6914705 -0.4796583 -0.8597907 -0.1751796 0.1047443 0.7135551 -0.6927249 -0.0012310 0.0026125 0.0018546 0.0135228 0.0076176 -0.0107205 -0.0013506 0.0025878 0.0018940 0.0125336 0.0065559 -0.0094768 -0.0066868 0.0045618 0.0049586 0.0233939 -0.0053697 -0.0013611 -0.0056931 0.0024063 0.0039313 0.0216363 -0.0048165 -0.0013338
-0.2073464 -0.2448066 -0.0514453 0.0685470 0.3606440 -0.3527098 -0.1927704 -0.3405333 -0.0680159 0.0654504 0.3670439 -0.3594414 -0.6381568 -0.7534494 -0.1583348 0.1346475 0.7084168 -0.6928316 -0.4853514 -0.8573844 -0.1712483 0.1263807 0.7087386 -0.6940587 -0.0027123 -0.0011518 0.0061732 0.0570171 -0.0068212 0.0100960 -0.0031611 -0.0011418 0.0057289 0.0332585 0.0150888 -0.0084242 -0.0050047 0.0003695 0.0197201 0.1123932 -0.0122889 0.0187569 -0.0059988 0.0005436 0.0150472 0.0565725 -0.0004707 0.0122342
-0.2100587 -0.2459584 -0.0452720 0.1255641 0.3538228 -0.3426138 -0.1959315 -0.3416751 -0.0622870 0.0987089 0.3821327 -0.3678656 -0.6431615 -0.7530799 -0.1386147 0.2470407 0.6961279 -0.6740748 -0.4913501 -0.8568409 -0.1562011 0.1829531 0.7082680 -0.6818245 -0.0004010 -0.0017384 0.0043690 0.0498043 -0.0095625 0.0139788 -0.0012147 -0.0019064 0.0046584 0.0518677 -0.0034555 -0.0002169 0.0007276 -0.0030215 0.0137570 0.0987048 -0.0174054 0.0261583 -0.0011523 -0.0014803 0.0122357 0.0912515 -0.0186854 0.0115352
-0.2104596 -0.2476968 -0.0409030 0.1753684 0.3442603 -0.3286349 -0.1971462 -0.3435815 -0.0576286 0.1505767 0.3786772 -0.3680825 -0.6424339 -0.7561014 -0.1248577 0.3457456 0.6787225 -0.6479165 -0.4925025 -0.8583212 -0.1439654 0.2742046 0.6895826 -0.6702893 -0.0007998 -0.0003865 0.0025939 0.0449278 -0.0062061 0.0055318 -0.0007026 -0.0003695 0.0025736 0.0434314 -0.0002817 0.0015941 -0.0014719 -0.0000412 0.0080938 0.0804249 -0.0247452 0.0228625 -0.0013831 -0.0002761 0.0065329 0.0713929 -0.0155251 0.0174426
-0.2112594 -0.2480833 -0.0383091 0.2202962 0.3380542 -0.3231032 -0.1978488 -0.3439510 -0.0550550 0.1940080 0.3783955 -0.3664884 -0.6439057 -0.7561426 -0.1167639 0.4261705 0.6539773 -0.6250540 -0.4938855 -0.8585973 -0.1374325 0.3455975 0.6740575 -0.6528467 -0.0012611 0.0005365 0.0044217 0.0201971 -0.0058326 -0.0014686 -0.0016210 0.0005306 0.0041728 0.0442237 -0.0005925 -0.0029016 -0.0039964 0.0014575 0.0134527 0.0336419 -0.0187846 0.0044874 -0.0042991 0.0008896 0.0103520 0.0654289 -0.0222257 0.0155301
-0.2125206 -0.2475468 -0.0338874 0.2404934 0.3322216 -0.3245718 -0.1994698 -0.3434204 -0.0508822 0.2382318 0.3778030 -0.3693900 -0.6479022 -0.7546851 -0.1033112 0.4598124 0.6351926 -0.6205665 -0.4981847 -0.8577077 -0.1270806 0.4110265 0.6518318 -0.6373167 -0.0005890 0.0009455 0.0021524 0.0524122 -0.0050556 0.0130425 -0.0010732 0.0008466 0.0023476 0.0474102 0.0038476 -0.0008235 -0.0028786 0.0016295 0.0064006 0.0842105 -0.0275368 0.0419532 -0.0032826 0.0010855 0.0057175 0.0622212 -0.0195183 0.0239519
-0.2131096 -0.2466013 -0.0317351 0.2929056 0.3271660 -0.3115293 -0.2005429 -0.3425738 -0.0485346 0.2856419 0.3816506 -0.3702135 -0.6507808 -0.7530556 -0.0969106 0.5440229 0.6076559 -0.5786133 -0.5014673 -0.8566222 -0.1213631 0.4732477 0.6323135 -0.6133647 -0.0004260 0.0000279 0.0021731 0.0358921 -0.0074114 -0.0024034 -0.0008111 -0.0000096 0.0021032 0.0470018 -0.0017656 -0.0046920 -0.0011952 0.0002073 0.0066507 0.0475612 -0.0323424 0.0137747 -0.0018192 0.0003315 0.0053073 0.0556795 -0.0282694 0.0172383
-0.2135356 -0.2465734 -0.0295620 0.3287976 0.3197546 -0.3139327 -0.2013540 -0.3425834 -0.0464314 0.3326438 0.3798850 -0.3749055 -0.6519760 -0.7528483 -0.0902599 0.5915841 0.5753135 -0.5648386 -0.5032865 -0.8562907 -0.1160557 0.5289272 0.6040441 -0.5961264 -0.0009085 -0.0009423 0.0017212 0.0301559 0.0059215 -0.0110740 -0.0011628 -0.0010613 0.0022236 0.0355422 -0.0073028 0.0025141 -0.0004800 -0.0002294 0.0055531 0.0235262 -0.0172283 0.0079003 -0.0013383 0.0000083 0.0059001 0.0439532 -0.0243234 0.0167026
-0.2144441 -0.2475157 -0.0278408 0.3589536 0.3256761 -0.3250068 -0.2025169 -0.3436447 -0.0442078 0.3681860 0.3725822 -0.3723914 -0.6524560 -0.7530777 -0.0847068 0.6151103 0.5580853 -0.5569383 -0.5046248 -0.8562824 -0.1101556 0.5728804 0.5797207 -0.5794238 -0.0002335 -0.0018173 -0.0001335 0.0250315 -0.0026859 0.0014338 -0.0003744 -0.0018575 0.0000024 0.0288681 0.0041203 -0.0021088 0.0023235 -0.0020055 -0.0000110 0.0280288 -0.0171069 0.0149839 0.0012992 -0.0008275 0.0004922 0.0258324 -0.0116958 0.0147198
-0.2146777 -0.2493330 -0.0279743 0.3839850 0.3229902 -0.3235729 -0.2028912 -0.3455022 -0.0442055 0.3970541 0.3767025 -0.3745001 -0.6501325 -0.7550832 -0.0847178 0.6431390 0.5409784 -0.5419544 -0.5033256 -0.8571099 -0.1096634 0.5987128 0.5680249 -0.5647040 -0.0005825 -0.0007512 -0.0000936 0.0097546 -0.0054091 0.0030782 -0.0008104 -0.0007564 -0.0002264 0.0147233 -0.0039043 0.0009042 0.0001137 -0.0000935 -0.0000386 0.0143684 -0.0106484 0.0067590 -0.0006586 0.0004213 -0.0002668 0.0164197 -0.0111214 0.0066087
-0.2152601 -0.2500842 -0.0280679 0.3937396 0.3175811 -0.3204947 -0.2037016 -0.3462586 -0.0444319 0.4117774 0.3727982 -0.3735960 -0.6500189 -0.7551767 -0.0847563 0.6575074 0.5303300 -0.5351954 -0.5039841 -0.8566886 -0.1099302 0.6151325 0.5569036 -0.5580953 -0.0000744 -0.0013453 -0.0002373 0.0020367 -0.0114448 0.0087995 -0.0004801 -0.0014662 0.0001963 0.0061134 -0.0051452 0.0028522 0.0018997 -0.0015819 -0.0004374 0.0138670 -0.0110163 0.0064519 0.0006511 -0.0004956 0.0008841 0.0097329 -0.0071580 0.0037281
-0.2153345 -0.2514295 -0.0283052 0.3957764 0.3061363 -0.3116951 -0.2041817 -0.3477248 -0.0442356 0.4178908 0.3676530 -0.3707438 -0.6481191 -0.7567586 -0.0851938 0.6713744 0.5193137 -0.5287434 -0.5033330 -0.8571842 -0.1090461 0.6248654 0.5497456 -0.5543672 -0.0005048 -0.0003273 -0.0000710 -0.0003835 -0.0026363 0.0004966 -0.0006282 -0.0002959 -0.0003439 -0.0006279 -0.0016330 -0.0010839 -0.0003853 0.0003375 -0.0000646 0.0015021 -0.0028197 -0.0008518 -0.0007935 0.0005537 -0.0006833 -0.0002979 -0.0018795 -0.0021919
-0.2158393 -0.2517568 -0.0283762 0.3953929 0.3035000 -0.3111985 -0.2048099 -0.3480207 -0.0445794 0.4172629 0.3660200 -0.3718276 -0.6485045 -0.7564212 -0.0852584 0.6728766 0.5164940 -0.5295952 -0.5041265 -0.8566306 -0.1097294 0.6245675 0.5478662 -0.5565591 0.0010538 -0.0037233 -0.0009989 -0.0016315 -0.0006804 -0.0010910 0.0004994 -0.0038516 -0.0005997 -0.0021954 -0.0001617 -0.0021000 0.0074703 -0.0060675 -0.0024127 -0.0017847 -0.0003952 -0.0026433 0.0050625 -0.0028787 -0.0006284 -0.0030218 -0.0000091 -0.0033815
-0.2147855 -0.2554801 -0.0293751 0.3937614 0.3028196 -0.3122895 -0.2043105 -0.3518723 -0.0451791 0.4150675 0.3658583 -0.3739277 -0.6410342 -0.7624887 -0.0876710 0.6710918 0.5160988 -0.5322385 -0.4990640 -0.8595093 -0.1103578 0.6215458 0.5478571 -0.5599406 -0.0003944 -0.0007029 -0.0007554 -0.0037295 0.0016593 -0.0021777 -0.0003715 -0.0007881 -0.0002186 -0.0084887 -0.0034994 0.0025161 0.0004588 -0.0001500 -0.0020253 -0.0058240 0.0032434 -0.0041405 0.0001734 -0.0000629 -0.0002943 -0.0047783 0.0018301 -0.0034792
-0.2151799 -0.2561830 -0.0301305 0.3900319 0.3044789 -0.3144672 -0.2046820 -0.3526604 -0.0453977 0.4065788 0.3623589 -0.3714116 -0.6405754 -0.7626387 -0.0896964 0.6652678 0.5193422 -0.5363790 -0.4988906 -0.8595722 -0.1106520 0.6167674 0.5496872 -0.5634198 -0.0004445 -0.0001445 -0.0001836 -0.0127759 0.0035284 -0.0029728 -0.0003827 -0.0000017 -0.0010202 -0.0209137 -0.0004181 0.0007051 -0.0005379 0.0005035 -0.0004360 -0.0163282 0.0104788 -0.0096678 -0.0005595 0.0006378 -0.0024021 -0.0196525 0.0106961 -0.0105351
-0.2156244 -0.2563275 -0.0303141 0.3772559 0.3080073 -0.3174400 -0.2050647 -0.3526621 -0.0464179 0.3856651 0.3619408 -0.3707065 -0.6411132 -0.7621351 -0.0901324 0.6489396 0.5298210 -0.5460468 -0.4994501 -0.8589344 -0.1130541 0.5971150 0.5603833 -0.5739550 0.0013842 -0.0055900 -0.0029346 -0.0220855 0.0016779 -0.0035170 0.0006791 -0.0057593 -0.0023585 -0.0290690 -0.0015382 -0.0012072 0.0110088 -0.0081933 -0.0076555 -0.0259911 0.0133490 -0.0168933 0.0075164 -0.0037466 -0.0043453 -0.0299958 0.0127897 -0.0175250
-0.2142403 -0.2619175 -0.0332486 0.3551704 0.3096852 -0.3209570 -0.2043856 -0.3584214 -0.0487764 0.3565961 0.3604026 -0.3719137 -0.6301044 -0.7703284 -0.0977879 0.6229485 0.5431700 -0.5629401 -0.4919337 -0.8626811 -0.1173994 0.5671192 0.5731730 -0.5914799 0.0097043 -0.0490507 -0.0105876 -0.0268066 -0.0094854 0.0108926 0.0037905 -0.0352131 -0.0059240 -0.0393315 0.0048937 -0.0021262 0.0843507 -0.0594136 -0.0191782 -0.0174395 0.0104040 -0.0088244 0.0413330 -0.0215479 -0.0054751 -0.0483390 0.0241471 -0.0201374
-0.2045359 -0.3109682 -0.0438362 0.3283638 0.3001998 -0.3100644 -0.2005951 -0.3936345 -0.0547003 0.3172645 0.3652963 -0.3740399 -0.5457537 -0.8297420 -0.1169661 0.6055090 0.5535740 -0.5717646 -0.4506007 -0.8842290 -0.1228745 0.5187802 0.5973201 -0.6116173 -0.0073542 0.0500875 0.0067454 -0.0269187 0.0058197 0.0028560 -0.0025983 0.0358103 0.0042803 -0.0310560 0.0095203 0.0032313 -0.0808992 0.0582024 0.0072721 -0.0347028 0.0258939 -0.0099547 -0.0395302 0.0211066 0.0012541 -0.0417008 0.0274594 -0.0064812
-0.2118902 -0.2608807 -0.0370908 0.3014452 0.3060195 -0.3072084 -0.2031933 -0.3578242 -0.0504201 0.2862086 0.3748166 -0.3708085 -0.6266529 -0.7715396 -0.1096940 0.5708061 0.5794679 -0.5817192 -0.4901309 -0.8631224 -0.1216203 0.4770794 0.6247795 -0.6180985 -0.0009470 0.0036500 -0.0005788 -0.0506546 0.0468339 -0.0256165 0.0002657 0.0038680 -0.0012991 -0.0455909 0.0068074 0.0045391 -0.0068183 0.0059392 -0.0024227 -0.1115273 0.0667210 -0.0277910 -0.0032914 0.0024715 -0.0041359 -0.0630126 0.0319378 -0.0121959
-0.2128372 -0.2572307 -0.0376696 0.2507906 0.3528534 -0.3328249 -0.2029277 -0.3539562 -0.0517192 0.2406177 0.3816240 -0.3662694 -0.6334713 -0.7656004 -0.1121167 0.4592788 0.6461890 -0.6095103 -0.4934222 -0.8606508 -0.1257562 0.4140667 0.6567174 -0.6302944 0.0003789 0.0001480 -0.0008408 -0.0173071 -0.0454858 0.0357231 0.0029884 0.0005335 -0.0013955 -0.0242074 0.0009662 0.0060544 0.0006420 -0.0001472 -0.0025906 0.0200626 -0.0151635 -0.0004394 0.0051908 -0.0023716 -0.0039446 -0.0332631 0.0165028 -0.0035536
-0.2124583 -0.2570827 -0.0385104 0.2334835 0.3073676 -0.2971018 -0.1999393 -0.3534227 -0.0531147 0.2164102 0.3825902 -0.3602150 -0.6328292 -0.7657476 -0.1147073 0.4793414 0.6310255 -0.6099497 -0.4882315 -0.8630224 -0.1297008 0.3808036 0.6732202 -0.6338480 0.0014164 0.0037874 -0.0008606 -0.0156498 0.0005429 -0.0002278 0.0028479 0.0041714 -0.0020442 -0.0524251 0.0005442 0.0114608 -0.0027722 0.0028906 -0.0038675 -0.0257823 0.0100858 -0.0091306 0.0013470 0.0002500 -0.0065610 -0.0790424 0.0318140 -0.0079207
-0.2110420 -0.2532953 -0.0393710 0.2178337 0.3079105 -0.2973296 -0.1970914 -0.3492513 -0.0551589 0.1639851 0.3831344 -0.3487542 -0.6356014 -0.7628571 -0.1185748 0.4535591 0.6411113 -0.6190803 -0.4868844 -0.8627724 -0.1362618 0.3017612 0.7050342 -0.6417686 0.0009215 -0.0011193 -0.0026812 -0.0570717 0.0383746 -0.0124485 0.0023350 -0.0010618 -0.0016911 -0.0269299 0.0039396 0.0001733 0.0039159 -0.0019900 -0.0078469 -0.1265749 0.0632206 -0.0109974 0.0057936 -0.0025775 -0.0041701 -0.0473084 0.0135967 -0.0053970
-0.2101205 -0.2544146 -0.0420522 0.1607619 0.3462851 -0.3097780 -0.1947564 -0.3503131 -0.0568500 0.1370551 0.3870740 -0.3485809 -0.6316855 -0.7648470 -0.1264217 0.3269842 0.7043319 -0.6300777 -0.4810909 -0.8653499 -0.1404319 0.2544528 0.7186309 -0.6471657 -0.0005445 0.0001900 -0.0021459 -0.0198550 -0.0017438 -0.0018240 -0.0001451 0.0002841 -0.0023336 -0.0642645 0.0144279 -0.0105998 -0.0007300 0.0016655 -0.0062610 -0.0367222 0.0054077 -0.0118083 -0.0001699 0.0010401 -0.0057074 -0.1205507 0.0199521 -0.0135653
-0.2106649 -0.2542246 -0.0441981 0.1409070 0.3445413 -0.3116020 -0.1949015 -0.3500290 -0.0591836 0.0727907 0.4015019 -0.3591807 -0.6324155 -0.7631815 -0.1326827 0.2902620 0.7097396 -0.6418861 -0.4812608 -0.8643098 -0.1461393 0.1339021 0.7385830 -0.6607309 0.0010951 0.0076935 -0.0051591 -0.0048269 -0.0070598 0.0069113 0.0019189 0.0077849 -0.0048508 -0.0143351 -0.0087873 0.0012727 -0.0078597 0.0099827 -0.0181128 -0.0035379 0.0013422 -0.0001046 -0.0035134 0.0045891 -0.0147158 -0.0245467 -0.0039142 -0.0088235
-0.2095699 -0.2465311 -0.0493572 0.1360801 0.3374815 -0.3046907 -0.1929826 -0.3422441 -0.0640344 0.0584556 0.3927146 -0.3579080 -0.6402752 -0.7531988 -0.1507955 0.2867241 0.7110817 -0.6419907 -0.4847742 -0.8597207 -0.1608551 0.1093554 0.7346688 -0.6695545 0.0012971 0.0005270 -0.0036717 -0.0818834 0.0246929 -0.0320049 0.0023445 0.0007063 -0.0036183 -0.0155569 -0.0006986 0.0016993 0.0026950 0.0001128 -0.0115404 -0.1777783 0.0169581 -0.0348319 0.0045148 -0.0006884 -0.0095771 -0.0286299 0.0030152 -0.0007483
-0.2082728 -0.2460041 -0.0530289 0.0541967 0.3621744 -0.3366956 -0.1906381 -0.3415378 -0.0676527 0.0428987 0.3920160 -0.3562087 -0.6375802 -0.7530860 -0.1623359 0.1089458 0.7280398 -0.6768226 -0.4802593 -0.8604091 -0.1704322 0.0807255 0.7376839 -0.6703028 0.0020377 0.0088701 -0.0006932 0.0006876 0.0029160 0.0030503 0.0022506 0.0089702 -0.0010838 -0.0135760 0.0001127 0.0043899 -0.0092729 0.0093190 -0.0061624 0.0013486 0.0056380 0.0063362 -0.0048377 0.0040487 -0.0065641 -0.0251519 0.0054945 0.0035214
-0.2062351 -0.2371340 -0.0537220 0.0548843 0.3650904 -0.3336453 -0.1883874 -0.3325676 -0.0687365 0.0293227 0.3921287 -0.3518188 -0.6468530 -0.7437671 -0.1684983 0.1102944 0.7336778 -0.6704864 -0.4850970 -0.8563604 -0.1769963 0.0555736 0.7431784 -0.6667814 0.0047610 0.0050989 -0.0110564 -0.0034403 0.0044508 0.0015712 0.0054081 0.0050926 -0.0102111 -0.0137484 0.0010854 0.0007498 0.0053210 0.0049230 -0.0377685 -0.0072993 0.0061738 0.0056469 0.0077751 0.0021058 -0.0289474 -0.0260410 0.0024480 0.0010720
-0.2014741 -0.2320351 -0.0647784 0.0514440 0.3695412 -0.3320741 -0.1829794 -0.3274750 -0.0789477 0.0155743 0.3932141 -0.3510690 -0.6415320 -0.7388441 -0.2062668 0.1029951 0.7398517 -0.6648395 -0.4773219 -0.8542547 -0.2059437 0.0295325 0.7456264 -0.6657094 0.0033811 0.0051225 -0.0008517 -0.0042620 0.0045031 0.0005594 0.0037863 0.0052557 -0.0012113 0.0031251 -0.0002462 0.0029953 -0.0010399 0.0027877 -0.0066234 -0.0090132 0.0052073 0.0044952 0.0023960 0.0002579 -0.0065064 0.0060657 0.0024717 0.0030769
-0.1980930 -0.2269126 -0.0656301 0.0471820 0.3740443 -0.3315147 -0.1791930 -0.3222193 -0.0801590 0.0186994 0.3929679 -0.3480737 -0.6425719 -0.7360564 -0.2128902 0.0939819 0.7450590 -0.6603443 -0.4749258 -0.8539967 -0.2124501 0.0355983 0.7480982 -0.6626326 0.0026650 0.0039544 0.0012122 -0.0010522 -0.0026910 0.0024335 0.0024047 0.0039779 0.0007268 0.0015450 -0.0038177 0.0033689 -0.0015528 0.0011933 0.0005707 -0.0014118 0.0001473 -0.0000333 0.0004714 -0.0000812 -0.0007255 0.0033139 -0.0001046 0.0000683
-0.1954280 -0.2229581 -0.0644179 0.0461298 0.3713533 -0.3290812 -0.1767884 -0.3182414 -0.0794322 0.0202444 0.3891502 -0.3447049 -0.6441247 -0.7348631 -0.2123194 0.0925701 0.7452062 -0.6603775 -0.4744545 -0.8540780 -0.2131755 0.0389121 0.7479936 -0.6625643 0.0006140 0.0035001 0.0022205 -0.0009029 0.0006273 0.0015665 0.0006681 0.0035443 0.0020070 -0.0005143 -0.0016333 0.0017712 -0.0053171 0.0032665 0.0049750 -0.0016938 0.0022298 0.0022887 -0.0030357 0.0008839 0.0032634 -0.0008118 0.0003343 0.0003304
-0.1948140 -0.2194581 -0.0621974 0.0452269 0.3719806 -0.3275147 -0.1761203 -0.3146971 -0.0774252 0.0197300 0.3875169 -0.3429336 -0.6494418 -0.7315966 -0.2073444 0.0908763 0.7474360 -0.6580889 -0.4774901 -0.8531941 -0.2099121 0.0381004 0.7483279 -0.6622339 -0.0012016 -0.0029220 0.0006131 0.0004521 0.0004264 0.0003471 -0.0004522 -0.0027748 0.0006279 0.0023453 -0.0013600 0.0010100 0.0020271 -0.0028967 0.0039393 0.0008842 0.0006586 0.0008716 0.0019389 -0.0018329 0.0030789 0.0046604 -0.0003273 -0.0000853
-0.1960156 -0.2223801 -0.0615843 0.0456791 0.3724070 -0.3271676 -0.1765724 -0.3174719 -0.0767973 0.0220753 0.3861569 -0.3419236 -0.6474148 -0.7344933 -0.2034051 0.0917605 0.7480946 -0.6572172 -0.4755512 -0.8550269 -0.2068333 0.0427607 0.7480006 -0.6623191 0.0002647 -0.0066395 -0.0006826 0.0058315 -0.0037823 0.0009386 0.0000765 -0.0065995 -0.0011631 0.0079948 -0.0035263 0.0000810 0.0111268 -0.0099343 0.0010068 0.0123143 -0.0033038 -0.0019148 0.0075931 -0.0042106 0.0001305 0.0157446 -0.0035419 -0.0027812
-0.1957510 -0.2290196 -0.0622669 0.0515105 0.3686247 -0.3262290 -0.1764959 -0.3240714 -0.0779603 0.0300701 0.3826306 -0.3418427 -0.6362880 -0.7444276 -0.2023983 0.1040748 0.7447908 -0.6591321 -0.4679582 -0.8592375 -0.2067028 0.0585054 0.7444587 -0.6651003 -0.0007687 -0.0011132 -0.0001655 0.0083092 -0.0050784 0.0006338 -0.0022643 -0.0013563 -0.0004533 0.0030681 0.0002360 -0.0010667 0.0002950 -0.0003470 0.0003497 0.0175872 -0.0054058 -0.0030674 -0.0031047 0.0016813 0.0000697 0.0058350 -0.0010939 -0.0006843
-0.1965197 -0.2301328 -0.0624323 0.0598197 0.3635463 -0.3255951 -0.1787602 -0.3254277 -0.0784137 0.0331382 0.3828666 -0.3429093 -0.6359930 -0.7447746 -0.2020486 0.1216620 0.7393850 -0.6621995 -0.4710628 -0.8575562 -0.2066330 0.0643403 0.7433647 -0.6657847 -0.0014409 -0.0031790 0.0002396 0.0201117 -0.0093526 -0.0014605 -0.0026592 -0.0034757 0.0007129 0.0262231 -0.0022085 -0.0042882 0.0019816 -0.0024567 0.0028631 0.0419041 -0.0145874 -0.0070647 -0.0019101 0.0000823 0.0040618 0.0501189 -0.0093872 -0.0036748
-0.1979606 -0.2333118 -0.0621927 0.0799314 0.3541937 -0.3270557 -0.1814194 -0.3289034 -0.0777008 0.0593613 0.3806581 -0.3471975 -0.6340114 -0.7472313 -0.1991856 0.1635661 0.7247976 -0.6692642 -0.4729729 -0.8574739 -0.2025713 0.1144593 0.7339776 -0.6694595 -0.0056154 -0.0016079 0.0040842 0.0090453 -0.0032527 -0.0098034 -0.0051349 -0.0014405 0.0035823 0.0094627 -0.0050721 -0.0080685 -0.0097297 0.0043761 0.0154369 0.0163591 -0.0151383 -0.0119191 -0.0096372 0.0028848 0.0108291 0.0175009 -0.0138449 -0.0117126
-0.2035760 -0.2349197 -0.0581085 0.0889767 0.3509410 -0.3368591 -0.1865543 -0.3303439 -0.0741185 0.0688240 0.3755860 -0.3552661 -0.6437411 -0.7428551 -0.1837487 0.1799252 0.7096592 -0.6811833 -0.4826101 -0.8545891 -0.1917422 0.1319602 0.7201327 -0.6811721 -0.0038280 -0.0061064 0.0076781 0.0361080 -0.0017606 -0.0047469 -0.0045808 -0.0061609 0.0072240 0.0079408 -0.0076263 -0.0088212 -0.0004662 -0.0057843 0.0271092 0.0681358 -0.0171841 0.0037293 -0.0040635 -0.0022289 0.0214134 0.0147325 -0.0169851 -0.0145755
-0.2074040 -0.2410261 -0.0504304 0.1250847 0.3491804 -0.3416060 -0.1911351 -0.3365048 -0.0668945 0.0767648 0.3679597 -0.3640873 -0.6442073 -0.7486394 -0.1566395 0.2480611 0.6924751 -0.6774540 -0.4866736 -0.8568179 -0.1703287 0.1466927 0.7031476 -0.6957476 -0.0054174 -0.0120671 0.0161830 0.0289526 -0.0248907 0.0011182 -0.0079433 -0.0123122 0.0153257 -0.0061701 0.0113423 -0.0194436 0.0040438 -0.0126611 0.0536238 0.0632537 -0.0370746 -0.0106835 -0.0049683 -0.0046165 0.0429750 -0.0169260 -0.0059172 -0.0092562
-0.2128214 -0.2530932 -0.0342474 0.1540374 0.3242897 -0.3404878 -0.1990784 -0.3488170 -0.0515688 0.0705947 0.3793020 -0.3835308 -0.6401635 -0.7613005 -0.1030157 0.3113148 0.6554005 -0.6881375 -0.4916419 -0.8614345 -0.1273537 0.1297667 0.6972304 -0.7050038 -0.0017595 -0.0009208 0.0003175 0.0566100 -0.0041241 0.0022236 -0.0031257 -0.0013679 0.0018301 0.0956491 0.0049350 -0.0145256 -0.0018245 0.0013356 0.0015033 0.1007690 -0.0290693 0.0264004 -0.0046638 0.0019133 0.0052713 0.1580074 -0.0321020 0.0159535
-0.2145809 -0.2540140 -0.0339299 0.2106474 0.3201656 -0.3382642 -0.2022042 -0.3501849 -0.0497386 0.1662438 0.3842370 -0.3980564 -0.6419880 -0.7599649 -0.1015124 0.4120838 0.6263313 -0.6617371 -0.4963057 -0.8595211 -0.1220824 0.2877741 0.6651284 -0.6890503 -0.0019419 -0.0026974 0.0011977 0.0251148 -0.0082541 0.0025939 -0.0024551 -0.0027118 0.0008946 0.0544473 -0.0361507 0.0193310 0.0002925 -0.0008351 0.0045059 0.0454290 -0.0210454 0.0103456 -0.0018165 0.0006024 0.0032004 0.1065047 -0.0432497 0.0124328
-0.2165228 -0.2567114 -0.0327322 0.2357622 0.3119115 -0.3356703 -0.2046593 -0.3528967 -0.0488440 0.2206910 0.3480863 -0.3787255 -0.6416955 -0.7608000 -0.0970064 0.4575129 0.6052859 -0.6513915 -0.4981222 -0.8589187 -0.1188820 0.3942788 0.6218786 -0.6766175 -0.0010140 -0.0023508 0.0009767 0.0598542 0.0018806 -0.0015879 -0.0012793 -0.0022314 0.0000948 0.0518590 0.0092360 -0.0134947 0.0014490 -0.0016627 0.0035447 0.0825686 -0.0319980 0.0352317 -0.0000308 -0.0001146 0.0009606 0.0626448 -0.0228363 0.0190697
-0.2175368 -0.2590622 -0.0317555 0.2956164 0.3137921 -0.3372582 -0.2059386 -0.3551281 -0.0487492 0.2725500 0.3573223 -0.3922202 -0.6402465 -0.7624626 -0.0934618 0.5400815 0.5732880 -0.6161598 -0.4981530 -0.8590333 -0.1179214 0.4569236 0.5990424 -0.6575478 -0.0014822 -0.0027808 0.0006914 0.0350632 -0.0069381 -0.0025258 -0.0008140 -0.0026030 0.0001644 0.0497994 -0.0037683 -0.0043458 0.0012918 -0.0014248 0.0028369 0.0454337 -0.0299593 0.0145238 0.0011841 -0.0008410 0.0011385 0.0617992 -0.0301054 0.0193963
-0.2190190 -0.2618430 -0.0310641 0.3306795 0.3068540 -0.3397841 -0.2067526 -0.3577311 -0.0485848 0.3223494 0.3535540 -0.3965659 -0.6389548 -0.7638874 -0.0906249 0.5855152 0.5433287 -0.6016361 -0.4969689 -0.8598742 -0.1167828 0.5187228 0.5689370 -0.6381515 -0.0010555 -0.0023577 -0.0009233 0.0335202 -0.0080852 0.0026203 -0.0004181 -0.0023377 -0.0005707 0.0486505 -0.0049099 -0.0027097 0.0016811 -0.0011634 -0.0020017 0.0431787 -0.0275839 0.0196125 0.0017158 -0.0008905 -0.0007263 0.0546890 -0.0300781 0.0210373
-0.2200745 -0.2642007 -0.0319874 0.3641997 0.2987688 -0.3371638 -0.2071707 -0.3600688 -0.0491556 0.3709999 0.3486441 -0.3992756 -0.6372736 -0.7650508 -0.0926265 0.6286938 0.5157448 -0.5820235 -0.4952531 -0.8607647 -0.1175092 0.5734118 0.5388589 -0.6171142 -0.0001393 -0.0000983 0.0005712 0.0201839 -0.0135475 0.0147767 -0.0003367 -0.0001114 0.0004963 0.0319942 -0.0008851 -0.0009775 -0.0001974 -0.0000375 0.0016833 0.0373759 -0.0215061 0.0233830 -0.0005622 0.0001548 0.0012433 0.0316933 -0.0166907 0.0161249
-0.2202138 -0.2642990 -0.0314163 0.3843837 0.2852213 -0.3223871 -0.2075073 -0.3601802 -0.0486593 0.4029942 0.3477590 -0.4002531 -0.6374710 -0.7650882 -0.0909432 0.6660697 0.4942387 -0.5586406 -0.4958153 -0.8606099 -0.1162659 0.6051051 0.5221682 -0.6009894 -0.0000508 -0.0010700 -0.0009789 0.0198256 -0.0043155 0.0020880 -0.0002016 -0.0010222 -0.0013514 0.0325469 -0.0059554 -0.0071573 0.0015866 -0.0010088 -0.0025786 0.0222168 -0.0159129 0.0132360 0.0008649 -0.0001006 -0.0029047 0.0285079 -0.0249219 0.0083000
-0.2202645 -0.2653690 -0.0323951 0.4042092 0.2809058 -0.3202991 -0.2077089 -0.3612024 -0.0500107 0.4355410 0.3418036 -0.4074105 -0.6358844 -0.7660970 -0.0935219 0.6882866 0.4783257 -0.5454045 -0.4949504 -0.8607105 -0.1191706 0.6336130 0.4972463 -0.5926894 -0.0000943 -0.0000746 -0.0002205 0.0047707 -0.0003815 -0.0027304 -0.0002718 0.0000551 -0.0010323 0.0101248 -0.0013035 -0.0024021 -0.0000193 0.0000894 -0.0005992 0.0027133 -0.0043606 -0.0003759 -0.0003981 0.0005646 -0.0023987 0.0079785 -0.0070540 0.0027132
-0.2203589 -0.2654436 -0.0326156 0.4089800 0.2805243 -0.3230294 -0.2079807 -0.3611473 -0.0510430 0.4456658 0.3405001 -0.4098125 -0.6359038 -0.7660076 -0.0941210 0.6909998 0.4739651 -0.5457805 -0.4953484 -0.8601458 -0.1215692 0.6415915 0.4901923 -0.5899762 -0.0003047 0.0006374 -0.0012029 0.0426642 0.0341274 -0.0534912 -0.0003500 0.0005768 -0.0009163 0.0127229 -0.0025047 0.0018321 -0.0012074 0.0014455 -0.0035217 -0.0137709 -0.0021529 -0.0188027 -0.0010818 0.0009443 -0.0022443 0.0127095 -0.0077399 0.0076276
-0.2206635 -0.2648062 -0.0338186 0.4516442 0.3146517 -0.3765207 -0.2083307 -0.3605705 -0.0519593 0.4583887 0.3379954 -0.4079804 -0.6371112 -0.7645621 -0.0976427 0.6772289 0.4718122 -0.5645832 -0.4964302 -0.8592015 -0.1238136 0.6543010 0.4824524 -0.5823485 0.0005962 0.0017594 -0.0014148 -0.0169138 -0.0469292 0.0584436 0.0002735 0.0015582 -0.0005476 0.0030505 -0.0037576 -0.0001272 -0.0011953 0.0015935 -0.0045518 0.0454782 -0.0267433 0.0358034 -0.0010146 0.0008376 -0.0017254 0.0040970 -0.0055500 0.0000461
-0.2200673 -0.2630468 -0.0352334 0.4347303 0.2677225 -0.3180771 -0.2080572 -0.3590123 -0.0525069 0.4614392 0.3342378 -0.4081075 -0.6383065 -0.7629686 -0.1021945 0.7227071 0.4450689 -0.5287798 -0.4974448 -0.8583639 -0.1255389 0.6583980 0.4769025 -0.5823025 0.0005374 0.0018478 -0.0017317 -0.0021722 -0.0013576 -0.0005777 0.0009406 0.0017929 -0.0011320 0.0006200 -0.0026280 -0.0009141 -0.0013536 0.0018943 -0.0055132 -0.0013737 -0.0008791 -0.0026085 0.0000339 0.0004665 -0.0032800 0.0011736 -0.0035423 -0.0015601
-0.2195299 -0.2611990 -0.0369650 0.4325581 0.2663649 -0.3186548 -0.2071166 -0.3572194 -0.0536388 0.4620592 0.3316098 -0.4090217 -0.6396600 -0.7610743 -0.1077077 0.7213334 0.4441898 -0.5313883 -0.4974109 -0.8578975 -0.1288189 0.6595716 0.4733601 -0.5838626 0.0000000 0.0000000 0.0000000 0.0000000 0.0000000 0.0000000 0.0000000 0.0000000 0.0000000 0.0000000 0.0000000 0.0000000 0.0000000 0.0000000 0.0000000 0.0000000 0.0000000 0.0000000 0.0000000 0.0000000 0.0000000 0.0000000 0.0000000 0.0000000
