-0.1485378 -0.2510815 -0.0584599 0.1824875 0.2690072 -0.2638272 -0.1260351 -0.3194583 -0.0770613 0.1800862 0.2780324 -0.2375088 -0.4992396 -0.8438918 -0.1964852 0.4358907 0.6425522 -0.6301793 -0.3580933 -0.9076513 -0.2189480 0.4418132 0.6821090 -0.5826906 -0.0000803 -0.0003013 -0.0000058 0.0847879 0.0090524 0.0137150 0.0000935 -0.0002048 -0.0001479 0.0957993 0.0720257 -0.0290296 0.0002258 -0.0001744 0.0001756 0.1455421 -0.0376593 0.0860833 0.0004535 -0.0001052 -0.0003050 0.0894276 -0.0080425 0.0694484
-0.1486181 -0.2513828 -0.0584656 0.2672754 0.2780596 -0.2501122 -0.1259415 -0.3196631 -0.0772091 0.2758855 0.3500581 -0.2665384 -0.4990138 -0.8440662 -0.1963097 0.5814328 0.6048929 -0.5440959 -0.3576398 -0.9077565 -0.2192530 0.5312408 0.6740665 -0.5132422 -0.0004758 0.0006802 0.0003533 0.0461856 -0.0183238 0.0171763 -0.0003891 0.0006064 0.0007314 0.0820339 -0.0324756 0.0192889 -0.0022793 0.0011377 0.0009207 0.0868992 -0.0511087 0.0474519 -0.0016871 0.0002514 0.0017246 0.1332874 -0.0844294 0.0541884
-0.1490939 -0.2507026 -0.0581123 0.3134610 0.2597358 -0.2329359 -0.1263306 -0.3190567 -0.0764777 0.3579194 0.3175825 -0.2472495 -0.5012931 -0.8429285 -0.1953889 0.6683320 0.5537843 -0.4966440 -0.3593270 -0.9075051 -0.2175284 0.6645282 0.5896370 -0.4590538 -0.0002566 -0.0001845 0.0002392 0.0274479 -0.0280304 0.0242178 -0.0003394 -0.0002160 0.0002562 -0.0191280 -0.0675932 0.0370270 -0.0004620 0.0000530 0.0009597 0.0695219 -0.0522874 0.0449002 -0.0006966 0.0000631 0.0008904 0.0553800 -0.0584271 0.0123457
-0.1493505 -0.2508871 -0.0578731 0.3409089 0.2317054 -0.2087181 -0.1266700 -0.3192727 -0.0762215 0.3387914 0.2499893 -0.2102225 -0.5017551 -0.8428755 -0.1944292 0.7378539 0.5014969 -0.4517438 -0.3600236 -0.9074420 -0.2166380 0.7199082 0.5312099 -0.4467081 0.0002803 -0.0004393 0.0003802 0.0081763 -0.0169942 0.0266173 0.0001214 -0.0005240 0.0005017 0.0399596 -0.0121422 0.0168256 0.0012046 -0.0010325 0.0013787 0.0405438 -0.0227292 0.0456915 0.0006756 -0.0006538 0.0016238 0.0573937 -0.0430818 0.0498042
-0.1490702 -0.2513264 -0.0574929 0.3490852 0.2147112 -0.1821008 -0.1265487 -0.3197967 -0.0757198 0.3787510 0.2378471 -0.1933969 -0.5005505 -0.8439080 -0.1930505 0.7783978 0.4787676 -0.4060523 -0.3593480 -0.9080958 -0.2150142 0.7773019 0.4881281 -0.3969039 -0.0001173 0.0001164 0.0001624 0.0109071 -0.0033095 0.0067242 -0.0003184 0.0001117 -0.0000646 0.0013701 -0.0005752 0.0008612 -0.0005130 0.0001904 0.0004994 0.0166106 -0.0119073 0.0187500 -0.0008764 0.0003868 -0.0001668 0.0020997 -0.0016250 0.0021282
-0.1491875 -0.2512100 -0.0573305 0.3599923 0.2114017 -0.1753766 -0.1268670 -0.3196850 -0.0757844 0.3801211 0.2372719 -0.1925357 -0.5010635 -0.8437177 -0.1925511 0.7950084 0.4668603 -0.3873024 -0.3602244 -0.9077089 -0.2151810 0.7794016 0.4865031 -0.3947758 -0.0004190 0.0000389 0.0008082 0.0039977 0.0126488 -0.0273678 -0.0001481 0.0000126 0.0012422 0.0002444 0.0006151 -0.0001350 -0.0013686 0.0001955 0.0027291 -0.0255829 0.0067520 -0.0412718 -0.0006492 -0.0005399 0.0033928 -0.0003666 0.0007186 0.0001627
-0.1496065 -0.2511711 -0.0565223 0.3639900 0.2240505 -0.2027444 -0.1270151 -0.3196724 -0.0745422 0.3803655 0.2378870 -0.1926706 -0.5024321 -0.8435222 -0.1898220 0.7694255 0.4736123 -0.4285741 -0.3608736 -0.9082489 -0.2117882 0.7790350 0.4872217 -0.3946130 -0.0004084 -0.0002016 0.0005635 0.0045942 -0.0037820 0.0134822 0.0000612 -0.0001189 0.0008479 0.0029248 0.0031680 0.0020167 -0.0009167 0.0000850 0.0020620 0.0160548 -0.0042039 0.0252425 0.0000790 -0.0005771 0.0023540 0.0011329 0.0034335 0.0065466
-0.1500149 -0.2513727 -0.0559588 0.3685843 0.2202685 -0.1892622 -0.1269539 -0.3197913 -0.0736942 0.3832903 0.2410550 -0.1906539 -0.5033487 -0.8434372 -0.1877599 0.7854803 0.4694084 -0.4033317 -0.3607946 -0.9088259 -0.2094342 0.7801679 0.4906552 -0.3880664 -0.0001490 0.0000471 0.0000034 0.0040675 0.0006532 0.0032790 -0.0006914 -0.0001901 0.0002258 0.0012922 -0.0013057 0.0044920 -0.0004413 0.0002561 0.0000331 0.0049566 -0.0008083 0.0088402 -0.0015782 0.0004293 0.0008642 0.0047929 -0.0013095 0.0080963
-0.1501639 -0.2513256 -0.0559554 0.3726517 0.2209217 -0.1859832 -0.1276453 -0.3199814 -0.0734685 0.3845825 0.2397493 -0.1861620 -0.5037900 -0.8431810 -0.1877268 0.7904368 0.4686001 -0.3944915 -0.3623728 -0.9083967 -0.2085700 0.7849608 0.4893457 -0.3799702 -0.0000961 -0.0000898 -0.0001689 0.0018612 0.0002301 0.0028457 0.0000737 -0.0001184 0.0001671 0.0021418 0.0021176 0.0006693 -0.0000589 0.0001396 -0.0004681 0.0031593 0.0000224 0.0064217 0.0002567 -0.0002173 0.0005015 0.0004175 0.0018492 0.0032627
-0.1502600 -0.2514154 -0.0561243 0.3745130 0.2211518 -0.1831374 -0.1275716 -0.3200998 -0.0733014 0.3867243 0.2418669 -0.1854927 -0.5038489 -0.8430415 -0.1881950 0.7935961 0.4686225 -0.3880698 -0.3621162 -0.9086140 -0.2080684 0.7853783 0.4911949 -0.3767074 -0.0002430 -0.0003916 0.0000420 0.0006316 -0.0000330 0.0003785 -0.0001451 -0.0002945 -0.0002126 0.0012758 0.0013866 0.0004951 -0.0000634 -0.0000560 0.0004209 0.0007672 -0.0004066 0.0010803 -0.0000373 0.0001038 -0.0003877 0.0002008 0.0013175 0.0021451
-0.1505030 -0.2518070 -0.0560823 0.3751446 0.2211188 -0.1827589 -0.1277167 -0.3203943 -0.0735139 0.3880001 0.2432535 -0.1849976 -0.5039123 -0.8430974 -0.1877741 0.7943633 0.4682159 -0.3869895 -0.3621535 -0.9085102 -0.2084562 0.7855791 0.4925124 -0.3745624 0.0002966 0.0000783 -0.0000746 0.0026376 0.0033279 -0.0052969 0.0003149 0.0000506 0.0000604 0.0001338 0.0001685 -0.0001708 0.0006536 -0.0003064 -0.0003766 -0.0039837 0.0013618 -0.0064528 0.0007161 -0.0003010 0.0000694 -0.0001300 0.0000897 -0.0001546
-0.1502064 -0.2517287 -0.0561569 0.3777821 0.2244467 -0.1880558 -0.1274018 -0.3203437 -0.0734535 0.3881339 0.2434220 -0.1851684 -0.5032587 -0.8434038 -0.1881507 0.7903796 0.4695778 -0.3934423 -0.3614374 -0.9088113 -0.2083868 0.7854491 0.4926021 -0.3747170 0.0001485 -0.0000563 0.0000148 -0.0005984 0.0009733 -0.0007486 0.0011386 0.0005514 -0.0010192 -0.0004543 0.0011384 -0.0009633 0.0004470 -0.0002734 0.0000305 -0.0017147 0.0017597 -0.0013345 0.0025202 -0.0002337 -0.0033102 -0.0018186 0.0017365 -0.0015177
-0.1500579 -0.2517850 -0.0561421 0.3771838 0.2254200 -0.1888044 -0.1262632 -0.3197923 -0.0744727 0.3876796 0.2445604 -0.1861318 -0.5028117 -0.8436772 -0.1881202 0.7886649 0.4713374 -0.3947768 -0.3589172 -0.9090450 -0.2116970 0.7836305 0.4943386 -0.3762347 0.0009091 0.0002649 -0.0003915 -0.0076804 -0.0001531 -0.0044544 0.0002511 -0.0000347 -0.0001150 0.0073815 0.0258514 -0.0603796 0.0020297 -0.0008267 -0.0016970 -0.0090367 0.0039612 -0.0129868 0.0006790 -0.0001868 -0.0003475 -0.0499745 0.0078349 -0.0815541
-0.1491488 -0.2515201 -0.0565336 0.3695033 0.2252669 -0.1932588 -0.1260122 -0.3198270 -0.0745877 0.3950612 0.2704118 -0.2465114 -0.5007820 -0.8445039 -0.1898172 0.7796282 0.4752986 -0.4077635 -0.3582382 -0.9092318 -0.2120444 0.7336560 0.5021735 -0.4577888 0.0008386 0.0003072 -0.0005573 -0.0209232 -0.0057136 -0.0020051 0.0004059 0.0001066 -0.0003454 -0.0274454 -0.0268170 0.0527342 0.0018571 -0.0005925 -0.0022403 -0.0150211 0.0062894 -0.0205458 0.0009826 -0.0001331 -0.0010842 0.0295163 0.0035307 0.0555063
-0.1483101 -0.2512129 -0.0570909 0.3485802 0.2195533 -0.1952639 -0.1256062 -0.3197204 -0.0749331 0.3676157 0.2435948 -0.1937772 -0.4989249 -0.8450964 -0.1920575 0.7646071 0.4815880 -0.4283094 -0.3572556 -0.9093649 -0.2131286 0.7631724 0.5057042 -0.4022825 0.0002187 0.0002090 0.0001552 -0.0006855 0.0090237 -0.0102358 0.0002358 0.0002723 -0.0000630 -0.0031260 0.0051093 -0.0052889 0.0002064 -0.0001941 0.0003186 -0.0152035 0.0107922 -0.0143598 0.0003473 -0.0000490 -0.0003724 -0.0102194 0.0080619 -0.0089427
-0.1480914 -0.2510039 -0.0569357 0.3478946 0.2285770 -0.2054997 -0.1253705 -0.3194481 -0.0749961 0.3644898 0.2487041 -0.1990660 -0.4987185 -0.8452905 -0.1917389 0.7494036 0.4923802 -0.4426692 -0.3569083 -0.9094140 -0.2135010 0.7529530 0.5137661 -0.4112252 -0.0002086 0.0003889 0.0003160 -0.0061078 0.0009218 -0.0040127 -0.0004553 0.0002329 0.0006019 -0.0100386 0.0083141 -0.0077788 -0.0011822 0.0004990 0.0008812 -0.0095002 0.0044410 -0.0108853 -0.0014766 0.0002049 0.0016068 -0.0209638 0.0170109 -0.0159371
-0.1483000 -0.2506150 -0.0566197 0.3417868 0.2294988 -0.2095124 -0.1258257 -0.3192152 -0.0743942 0.3544511 0.2570182 -0.2068448 -0.4999006 -0.8447915 -0.1908577 0.7399034 0.4968213 -0.4535544 -0.3583849 -0.9092090 -0.2118943 0.7319891 0.5307771 -0.4271623 -0.0002371 0.0000205 0.0002138 -0.0378373 0.0127530 -0.0201039 0.0000897 -0.0000825 0.0010475 -0.0246080 0.0544510 -0.0910017 -0.0006970 0.0002415 0.0007595 -0.0666093 0.0398031 -0.0550804 0.0000742 -0.0006951 0.0028778 -0.1242063 0.0431493 -0.1216624
-0.1485371 -0.2505945 -0.0564059 0.3039495 0.2422518 -0.2296163 -0.1257361 -0.3192977 -0.0733467 0.3298431 0.3114692 -0.2978465 -0.5005976 -0.8445500 -0.1900982 0.6732941 0.5366243 -0.5086348 -0.3583107 -0.9099041 -0.2090165 0.6077829 0.5739264 -0.5488247 -0.0002361 -0.0003974 -0.0001532 -0.0232334 0.0115890 -0.0094022 -0.0006484 -0.0004294 -0.0005668 -0.0425628 -0.0205154 0.0010654 0.0000190 0.0000353 -0.0002067 -0.0461682 0.0304615 -0.0253378 -0.0010877 0.0006990 -0.0011708 -0.0391763 0.0019510 -0.0385865
-0.1487732 -0.2509919 -0.0565591 0.2807161 0.2538408 -0.2390185 -0.1263845 -0.3197271 -0.0739135 0.2872803 0.2909538 -0.2967811 -0.5005786 -0.8445147 -0.1903049 0.6271259 0.5670859 -0.5339726 -0.3593984 -0.9092052 -0.2101873 0.5686065 0.5758773 -0.5874112 -0.0002140 0.0002760 -0.0002767 -0.0327023 -0.0151559 0.0133218 -0.0003876 0.0003052 -0.0006094 -0.0552602 -0.0343949 0.0774660 -0.0008431 0.0007214 -0.0009781 -0.0245760 0.0127995 -0.0143581 -0.0011117 0.0008441 -0.0017384 -0.0021221 0.0505193 0.0519463
-0.1489872 -0.2507159 -0.0568358 0.2480138 0.2386849 -0.2256967 -0.1267721 -0.3194219 -0.0745229 0.2320201 0.2565589 -0.2193151 -0.5014217 -0.8437933 -0.1912830 0.6025499 0.5798854 -0.5483307 -0.3605101 -0.9083611 -0.2119257 0.5664845 0.6263967 -0.5354648 -0.0001685 0.0002279 0.0000481 -0.0293804 0.0004325 0.0016671 -0.0008757 -0.0001735 0.0007554 -0.0268075 -0.0020005 -0.0022294 -0.0007647 0.0004352 0.0000868 -0.0475194 0.0271465 -0.0203990 -0.0021654 0.0003200 0.0023361 -0.0469074 0.0181186 -0.0254627
-0.1491557 -0.2504880 -0.0567877 0.2186334 0.2391174 -0.2240296 -0.1276478 -0.3195954 -0.0737675 0.2052127 0.2545584 -0.2215445 -0.5021863 -0.8433581 -0.1911962 0.5550305 0.6070319 -0.5687296 -0.3626755 -0.9080411 -0.2095897 0.5195771 0.6445153 -0.5609275 0.0000570 -0.0007972 -0.0003096 -0.0706881 -0.0205475 0.0068665 -0.0001657 -0.0008416 -0.0004066 -0.0524525 -0.0072232 0.0062740 0.0013778 -0.0006855 -0.0005881 -0.1221762 0.0324539 -0.0666403 0.0004653 -0.0000443 -0.0006120 -0.0972777 0.0392328 -0.0341790
-0.1490987 -0.2512852 -0.0570973 0.1479453 0.2185699 -0.2171631 -0.1278135 -0.3204370 -0.0741741 0.1527602 0.2473352 -0.2152705 -0.5008086 -0.8440435 -0.1917844 0.4328544 0.6394859 -0.6353699 -0.3622102 -0.9080854 -0.2102017 0.4222993 0.6837481 -0.5951065 0.0003461 -0.0006123 -0.0002373 0.0015886 -0.0098672 0.0195931 0.0002221 -0.0006992 -0.0000355 -0.0183365 -0.0077266 0.0074879 0.0018156 -0.0009507 -0.0005455 0.0287247 0.0047346 0.0255136 0.0012047 -0.0005337 0.0002339 -0.0320593 0.0118497 -0.0080986
-0.1487526 -0.2518975 -0.0573346 0.1495339 0.2087027 -0.1975700 -0.1275913 -0.3211362 -0.0742096 0.1344237 0.2396086 -0.2077826 -0.4989930 -0.8449942 -0.1923298 0.4615790 0.6442205 -0.6098563 -0.3610055 -0.9086191 -0.2099677 0.3902400 0.6955978 -0.6032051 -0.0001265 0.0000023 0.0000630 -0.0207792 -0.0094618 0.0078543 0.0000921 0.0000533 0.0001320 -0.0219300 -0.0063609 0.0045268 -0.0003422 0.0001468 0.0002431 -0.0377016 0.0117070 -0.0147131 0.0001489 -0.0001304 0.0003087 -0.0485209 0.0129322 -0.0142195
-0.1488791 -0.2518952 -0.0572716 0.1287547 0.1992409 -0.1897158 -0.1274992 -0.3210829 -0.0740775 0.1124937 0.2332477 -0.2032559 -0.4993352 -0.8448474 -0.1920868 0.4238775 0.6559275 -0.6245695 -0.3608565 -0.9087495 -0.2096590 0.3417191 0.7085301 -0.6174247 0.0002878 -0.0003783 -0.0000523 -0.0135605 -0.0067363 0.0067745 0.0003772 -0.0002692 -0.0003814 -0.0092802 -0.0059362 0.0062212 0.0012764 -0.0007405 -0.0000553 -0.0259345 0.0090876 -0.0074087 0.0012599 -0.0002758 -0.0009667 -0.0171840 0.0062075 -0.0021132
-0.1485913 -0.2522735 -0.0573239 0.1151942 0.1925046 -0.1829413 -0.1271220 -0.3213521 -0.0744589 0.1032135 0.2273115 -0.1970347 -0.4980588 -0.8455879 -0.1921421 0.3979430 0.6650150 -0.6319782 -0.3595966 -0.9090253 -0.2106258 0.3245351 0.7147376 -0.6195378 0.0001186 0.0000494 0.0002423 -0.0102768 -0.0053544 0.0063077 0.0000410 0.0000606 0.0001027 -0.0160933 -0.0032570 0.0023574 0.0001518 -0.0002521 0.0007175 -0.0204161 0.0084125 -0.0036072 0.0000229 -0.0000638 0.0002361 -0.0429003 0.0095672 -0.0097986
-0.1484727 -0.2522241 -0.0570816 0.1049174 0.1871502 -0.1766336 -0.1270810 -0.3212915 -0.0743562 0.0871202 0.2240545 -0.1946773 -0.4979070 -0.8458400 -0.1914246 0.3775269 0.6734275 -0.6355854 -0.3595737 -0.9090891 -0.2103896 0.2816348 0.7243048 -0.6293365 0.0005160 0.0001218 -0.0001796 -0.0022377 -0.0021711 0.0019015 0.0003177 0.0000321 -0.0000623 -0.0043838 -0.0013485 0.0005303 0.0011886 -0.0005146 -0.0008118 -0.0033208 0.0007111 -0.0012089 0.0007667 -0.0002441 -0.0002539 -0.0119740 0.0015560 -0.0034424
-0.1479567 -0.2521023 -0.0572611 0.1026796 0.1849791 -0.1747321 -0.1267634 -0.3212594 -0.0744185 0.0827364 0.2227060 -0.1941469 -0.4967184 -0.8463546 -0.1922364 0.3742061 0.6741386 -0.6367943 -0.3588070 -0.9093332 -0.2106436 0.2696608 0.7258608 -0.6327789 0.0003835 -0.0004687 -0.0001510 -0.0011727 -0.0008645 0.0014043 0.0000011 -0.0005575 -0.0002580 -0.0002325 -0.0000730 0.0000611 0.0016794 -0.0009029 -0.0003544 -0.0016738 0.0015654 0.0006781 0.0005721 -0.0001339 -0.0003951 -0.0006224 0.0001270 -0.0001192
-0.1475732 -0.2525710 -0.0574121 0.1015069 0.1841146 -0.1733278 -0.1267622 -0.3218169 -0.0746765 0.0825039 0.2226330 -0.1940859 -0.4950389 -0.8472575 -0.1925907 0.3725323 0.6757041 -0.6361161 -0.3582350 -0.9094671 -0.2110387 0.2690385 0.7259879 -0.6328981 0.0004171 -0.0003793 0.0000444 0.0002643 -0.0002613 -0.0003605 -0.0002852 -0.0007376 0.0006669 0.0004183 -0.0000515 -0.0001555 0.0015761 -0.0009684 0.0002180 0.0007622 -0.0013344 -0.0009685 -0.0001647 -0.0004562 0.0022584 0.0012108 -0.0005792 -0.0001483
-0.1471560 -0.2529503 -0.0573677 0.1017712 0.1838533 -0.1736883 -0.1270474 -0.3225545 -0.0740096 0.0829222 0.2225815 -0.1942414 -0.4934628 -0.8482259 -0.1923728 0.3732944 0.6743696 -0.6370846 -0.3583997 -0.9099233 -0.2087803 0.2702492 0.7254086 -0.6330463 -0.0004933 0.0014542 0.0010104 0.0043644 0.0034691 -0.0014658 -0.0006235 0.0012744 0.0016209 0.0021212 0.0050701 -0.0045019 -0.0036229 0.0015229 0.0026368 0.0091088 0.0005471 0.0060101 -0.0030541 0.0003355 0.0038383 0.0006439 -0.0002583 -0.0000208
-0.1476493 -0.2514961 -0.0563573 0.1061356 0.1873224 -0.1751540 -0.1276709 -0.3212801 -0.0723886 0.0850434 0.2276516 -0.1987433 -0.4970857 -0.8467030 -0.1897360 0.3824032 0.6749168 -0.6310746 -0.3614538 -0.9095878 -0.2049421 0.2708931 0.7251503 -0.6330671 0.0000528 -0.0012304 0.0008388 0.0077546 0.0036533 -0.0036649 0.0007081 -0.0009721 0.0005517 0.0135689 0.0092565 -0.0110158 0.0016106 -0.0016892 0.0033629 0.0167354 -0.0056250 0.0043874 0.0025304 -0.0014179 0.0018593 0.0266390 -0.0103537 0.0001844
-0.1475965 -0.2527265 -0.0555184 0.1138902 0.1909757 -0.1788189 -0.1269628 -0.3222522 -0.0718369 0.0986124 0.2369081 -0.2097590 -0.4954752 -0.8483923 -0.1863731 0.3991386 0.6692918 -0.6266872 -0.3589234 -0.9110057 -0.2030828 0.2975321 0.7147966 -0.6328827 0.0000000 -0.0010490 0.0007002 0.0300676 0.0131729 -0.0105192 -0.0003137 -0.0014050 0.0018720 0.0239978 0.0106641 -0.0052165 0.0012628 -0.0013502 0.0028195 0.0601337 -0.0179913 0.0226370 0.0001466 -0.0013443 0.0058601 0.0527258 -0.0075621 0.0187664
-0.1475965 -0.2537755 -0.0548183 0.1439578 0.2041486 -0.1893381 -0.1272765 -0.3236572 -0.0699650 0.1226101 0.2475722 -0.2149755 -0.4942123 -0.8497425 -0.1835536 0.4592724 0.6513005 -0.6040502 -0.3587767 -0.9123500 -0.1972227 0.3502579 0.7072345 -0.6141162 0.0001545 -0.0005353 0.0002428 0.0176154 0.0265737 -0.0423159 -0.0005674 -0.0007698 0.0003790 0.0581563 0.0138426 -0.0116079 0.0010695 -0.0008401 0.0010172 -0.0162354 -0.0186556 -0.0311496 -0.0007565 -0.0000310 0.0015271 0.1128589 -0.0374997 0.0336181
-0.1474420 -0.2543108 -0.0545755 0.1615733 0.2307223 -0.2316541 -0.1278438 -0.3244270 -0.0695860 0.1807665 0.2614148 -0.2265834 -0.4931428 -0.8505825 -0.1825363 0.4430369 0.6326449 -0.6351998 -0.3595333 -0.9123810 -0.1956956 0.4631168 0.6697348 -0.5804982 -0.0000449 -0.0001960 0.0004100 0.0801653 0.0252666 -0.0140734 0.0004347 -0.0000391 0.0003140 0.0650017 0.0336763 -0.0758151 0.0000385 -0.0003302 0.0014405 0.1199841 -0.0364342 0.0628886 0.0010394 -0.0005765 0.0007836 0.0396821 -0.0660298 -0.0381565
-0.1474868 -0.2545068 -0.0541655 0.2417386 0.2559889 -0.2457274 -0.1274091 -0.3244661 -0.0692720 0.2457682 0.2950911 -0.3023985 -0.4931043 -0.8509127 -0.1810958 0.5630211 0.5962107 -0.5723112 -0.3584939 -0.9129575 -0.1949120 0.5027989 0.6037049 -0.6186547 -0.0017356 -0.0022924 0.0053445 0.0410021 0.0016078 0.0066092 0.0017353 0.0004046 -0.0006872 0.0481450 0.0186250 0.0158319 -0.0026632 -0.0022612 0.0188959 0.0637831 -0.0251479 0.0422132 0.0040314 -0.0010564 -0.0024074 0.0660881 0.0035117 0.0639876
-0.1492225 -0.2567992 -0.0488210 0.2827407 0.2575967 -0.2391182 -0.1256738 -0.3240615 -0.0699591 0.2939132 0.3137161 -0.2865666 -0.4957676 -0.8531739 -0.1621999 0.6268042 0.5710627 -0.5300980 -0.3544625 -0.9140139 -0.1973194 0.5688870 0.6072166 -0.5546671 0.0000819 -0.0008718 0.0008558 0.0691981 -0.0207109 0.0398215 -0.0006444 -0.0012361 0.0012264 0.0937220 -0.0287424 0.0432375 0.0012026 -0.0012886 0.0031426 0.1240526 -0.0656701 0.1049012 -0.0006962 -0.0005989 0.0040691 0.1500910 -0.0786532 0.1033453
-0.1491406 -0.2576710 -0.0479652 0.3519388 0.2368858 -0.1992967 -0.1263182 -0.3252976 -0.0687328 0.3876352 0.2849737 -0.2433291 -0.4945650 -0.8544625 -0.1590573 0.7508568 0.5053927 -0.4251968 -0.3551586 -0.9146128 -0.1932504 0.7189780 0.5285635 -0.4513218 0.0004620 -0.0006065 -0.0002102 0.0497307 0.0010693 0.0174697 0.0006444 -0.0005494 -0.0001949 -0.0411872 -0.0042440 0.0360771 0.0020613 -0.0010920 -0.0005255 0.0508451 -0.0304523 0.0622840 0.0021217 -0.0007412 -0.0003780 -0.0144147 0.0423500 0.0298383
-0.1486786 -0.2582775 -0.0481754 0.4016695 0.2379551 -0.1818270 -0.1256738 -0.3258470 -0.0689277 0.3464480 0.2807297 -0.2072520 -0.4925037 -0.8555545 -0.1595828 0.8017019 0.4749404 -0.3629129 -0.3530370 -0.9153540 -0.1936284 0.7045633 0.5709135 -0.4214835 -0.0003355 -0.0005085 0.0004966 0.0253230 -0.0223274 0.0059139 0.0002625 -0.0001493 0.0000079 0.0804425 -0.0485033 0.0348334 -0.0002600 -0.0002058 0.0019175 0.0360807 -0.0518670 0.0177619 0.0007795 -0.0003098 0.0000453 0.1233088 -0.1205551 0.0871108
-0.1490141 -0.2587860 -0.0476787 0.4269925 0.2156277 -0.1759130 -0.1254113 -0.3259963 -0.0689198 0.4268906 0.2322264 -0.1724186 -0.4927637 -0.8557603 -0.1576653 0.8377826 0.4230734 -0.3451510 -0.3522574 -0.9156638 -0.1935831 0.8278721 0.4503584 -0.3343727 0.0004112 -0.0003346 0.0001183 0.0163295 -0.0099166 0.0156705 0.0000843 -0.0005040 0.0002957 -0.0053017 0.0396723 -0.0137535 0.0014661 -0.0009207 0.0004252 0.0241683 -0.0231092 0.0335914 0.0006071 -0.0004511 0.0010333 -0.0399947 0.0577737 -0.0135511
-0.1486029 -0.2591206 -0.0475605 0.4433219 0.2057111 -0.1602425 -0.1253270 -0.3265003 -0.0686241 0.4215889 0.2718987 -0.1861721 -0.4912975 -0.8566810 -0.1572401 0.8619509 0.3999641 -0.3115595 -0.3516504 -0.9161149 -0.1925498 0.7878774 0.5081321 -0.3479238 0.0001843 -0.0002120 -0.0011451 -0.0088499 -0.0110308 0.0145061 0.0008595 0.0000303 -0.0011615 0.0277733 -0.0495836 0.0239688 0.0010522 0.0000731 -0.0036404 0.0106563 -0.0089621 0.0188580 0.0023102 -0.0001809 -0.0033158 0.0649078 -0.0862296 0.0400996
-0.1484186 -0.2593326 -0.0487055 0.4344720 0.1946803 -0.1457364 -0.1244676 -0.3264700 -0.0697856 0.4493622 0.2223151 -0.1622033 -0.4902453 -0.8566079 -0.1608805 0.8726072 0.3910020 -0.2927015 -0.3493402 -0.9162958 -0.1958657 0.8527852 0.4219025 -0.3078242 -0.0003038 -0.0002182 0.0005395 0.0196767 0.0118875 -0.0107643 0.0001460 -0.0002636 0.0012116 -0.0047115 0.0543852 -0.0170274 -0.0005987 -0.0000144 0.0019132 -0.0040710 0.0040483 -0.0065979 0.0003661 -0.0008546 0.0033764 -0.0494923 0.0779762 -0.0159687
-0.1487224 -0.2595508 -0.0481660 0.4541487 0.2065678 -0.1565007 -0.1243216 -0.3267336 -0.0685741 0.4446506 0.2767003 -0.1792307 -0.4908440 -0.8566222 -0.1589672 0.8685362 0.3950503 -0.2992995 -0.3489741 -0.9171504 -0.1924893 0.8032929 0.4998787 -0.3237929 0.0011067 0.0002994 -0.0010721 -0.0162434 -0.0090807 0.0078760 0.0007278 -0.0000907 -0.0002155 0.0083462 -0.0562101 0.0181753 0.0026442 -0.0007829 -0.0038746 0.0023220 -0.0023096 0.0037310 0.0019179 -0.0005857 -0.0006746 0.0531564 -0.0830133 0.0192968
-0.1476157 -0.2592514 -0.0492381 0.4379054 0.1974871 -0.1486247 -0.1235937 -0.3268243 -0.0687896 0.4529968 0.2204902 -0.1610554 -0.4881997 -0.8574051 -0.1628418 0.8708582 0.3927407 -0.2955685 -0.3470563 -0.9177362 -0.1931639 0.8564493 0.4168653 -0.3044961 0.0002451 -0.0001793 -0.0001111 -0.0021099 0.0024883 -0.0036214 0.0004269 -0.0001885 0.0001473 -0.0034058 0.0028415 -0.0028848 0.0008950 -0.0004446 -0.0003391 -0.0045987 0.0047636 -0.0070612 0.0011956 -0.0005378 0.0004119 -0.0051062 0.0060344 -0.0059402
-0.1473706 -0.2594307 -0.0493491 0.4357955 0.1999754 -0.1522461 -0.1231668 -0.3270128 -0.0686422 0.4495910 0.2233317 -0.1639402 -0.4873047 -0.8578497 -0.1631810 0.8662595 0.3975043 -0.3026297 -0.3458606 -0.9182740 -0.1927520 0.8513431 0.4228997 -0.3104363 0.0010148 0.0001870 0.0004420 -0.0480262 0.0060104 -0.0276180 0.0010600 0.0005043 -0.0005840 0.0042831 0.0299761 -0.0751255 0.0021912 -0.0014441 0.0010724 -0.0490357 0.0366108 -0.0764339 0.0022863 -0.0004295 -0.0020313 -0.0580205 0.0198548 -0.1074246
-0.1463558 -0.2592437 -0.0489072 0.3877693 0.2059858 -0.1798641 -0.1221068 -0.3265085 -0.0692263 0.4538741 0.2533078 -0.2390657 -0.4851134 -0.8592938 -0.1621085 0.8172239 0.4341151 -0.3790636 -0.3435743 -0.9187035 -0.1947833 0.7933226 0.4427545 -0.4178609 0.0005272 -0.0000038 -0.0001848 0.0375255 0.0283789 0.0047088 0.0005549 0.0000698 -0.0003943 0.0405808 -0.0264057 0.0901138 0.0013915 -0.0006457 -0.0007326 0.0066415 0.0198875 0.0397592 0.0013906 -0.0002622 -0.0012073 0.0832866 -0.0404843 0.1537870
-0.1458285 -0.2592475 -0.0490920 0.4252948 0.2343647 -0.1751553 -0.1215519 -0.3264387 -0.0696206 0.4944549 0.2269021 -0.1489519 -0.4837219 -0.8599394 -0.1628411 0.8238654 0.4540026 -0.3393044 -0.3421837 -0.9189657 -0.1959906 0.8766092 0.4022702 -0.2640738 0.0010986 -0.0001581 -0.0009573 -0.0133858 0.0007108 -0.0033976 0.0005022 -0.0005886 -0.0002277 -0.1299669 0.0630964 -0.0457322 0.0032680 -0.0011989 -0.0033055 -0.0110446 0.0098722 -0.0130343 0.0018109 -0.0005844 -0.0004119 -0.1546066 0.1721785 -0.1215697
-0.1447299 -0.2594056 -0.0500493 0.4119090 0.2350755 -0.1785529 -0.1210497 -0.3270273 -0.0698482 0.3644881 0.2899985 -0.1946841 -0.4804540 -0.8611384 -0.1661466 0.8128208 0.4638749 -0.3523387 -0.3403729 -0.9195501 -0.1964025 0.7220026 0.5744487 -0.3856435 0.0001896 0.0006027 -0.0013255 -0.0135968 0.0060496 -0.0056034 -0.0004210 0.0001158 -0.0003530 0.0104541 0.0187107 -0.0097616 0.0000130 0.0008969 -0.0046194 -0.0173211 0.0176944 -0.0154538 -0.0010814 0.0006009 -0.0009333 -0.0104760 0.0113879 -0.0023326
-0.1445403 -0.2588029 -0.0513748 0.3983123 0.2411251 -0.1841563 -0.1214706 -0.3269115 -0.0702012 0.3749421 0.3087092 -0.2044458 -0.4804410 -0.8602415 -0.1707660 0.7954997 0.4815693 -0.3677925 -0.3414543 -0.9189492 -0.1973358 0.7115266 0.5858365 -0.3879761 0.0007149 0.0002004 -0.0013498 -0.0521579 -0.0058511 -0.0097875 -0.0001583 -0.0004247 -0.0000844 0.0044729 -0.0476565 0.0072172 0.0019286 -0.0001391 -0.0046509 -0.0450988 0.0284627 -0.0526429 -0.0000024 -0.0000031 0.0000185 0.0457853 -0.0647758 -0.0056917
-0.1438253 -0.2586025 -0.0527246 0.3461544 0.2352740 -0.1939437 -0.1216289 -0.3273362 -0.0702856 0.3794151 0.2610527 -0.1972285 -0.4785125 -0.8603806 -0.1754169 0.7504009 0.5100320 -0.4204354 -0.3414567 -0.9189522 -0.1973173 0.7573119 0.5210608 -0.3936678 -0.0000118 0.0003239 -0.0003206 -0.0124642 0.0110761 -0.0185492 0.0000177 0.0003939 -0.0005550 -0.0110600 0.0538305 -0.0801911 -0.0003843 0.0004582 -0.0011940 -0.0343849 0.0185740 -0.0355217 -0.0001976 0.0004407 -0.0017023 -0.0976375 0.0428527 -0.1031534
-0.1438372 -0.2582786 -0.0530453 0.3336901 0.2463501 -0.2124930 -0.1216112 -0.3269423 -0.0708406 0.3683551 0.3148832 -0.2774196 -0.4788968 -0.8599224 -0.1766109 0.7160160 0.5286060 -0.4559571 -0.3416544 -0.9185116 -0.1990196 0.6596744 0.5639135 -0.4968212 -0.0007454 -0.0001782 0.0013338 -0.0125279 0.0049138 -0.0076276 0.0002126 0.0005042 -0.0000124 -0.0184476 0.0056702 -0.0096829 -0.0020360 0.0002038 0.0046004 -0.0229472 0.0136220 -0.0190635 0.0000856 0.0000405 -0.0003334 -0.0287931 0.0140426 -0.0208231
-0.1445826 -0.2584568 -0.0517114 0.3211623 0.2512639 -0.2201205 -0.1213985 -0.3264381 -0.0708530 0.3499075 0.3205534 -0.2871025 -0.4809328 -0.8597186 -0.1720105 0.6930688 0.5422279 -0.4750205 -0.3415687 -0.9184711 -0.1993531 0.6308813 0.5779560 -0.5176442 0.0003672 0.0000700 -0.0004014 -0.0446765 0.0017294 -0.0133261 -0.0008974 -0.0003283 -0.0004715 -0.0582019 -0.0484150 0.0525690 0.0009544 -0.0002457 -0.0014316 -0.0668673 0.0307664 -0.0537035 -0.0018456 0.0008911 -0.0009306 -0.0005365 0.0101062 0.0108423
-0.1442154 -0.2583868 -0.0521128 0.2764857 0.2529933 -0.2334467 -0.1222959 -0.3267664 -0.0713245 0.2917056 0.2721384 -0.2345335 -0.4799783 -0.8599643 -0.1734421 0.6262015 0.5729944 -0.5287241 -0.3434144 -0.9175800 -0.2002836 0.6303448 0.5880622 -0.5068020 -0.0002074 -0.0000984 -0.0002606 -0.0114290 -0.0105377 0.0104908 -0.0003306 -0.0003708 0.0005924 -0.0494672 -0.0099916 0.0043567 -0.0003234 0.0003291 -0.0007344 0.0007254 0.0004750 0.0013765 -0.0006040 -0.0001758 0.0018506 -0.0599880 0.0291696 -0.0351556
-0.1444228 -0.2584852 -0.0523734 0.2650568 0.2424556 -0.2229559 -0.1226265 -0.3271372 -0.0707321 0.2422384 0.2621468 -0.2301768 -0.4803017 -0.8596353 -0.1741765 0.6269269 0.5734694 -0.5273476 -0.3440183 -0.9177558 -0.1984330 0.5703569 0.6172318 -0.5419575 -0.0018943 0.0011617 0.0018330 -0.0451068 -0.0093163 -0.0003826 -0.0018097 0.0015647 0.0004836 -0.0423830 -0.0035066 -0.0038580 -0.0069392 0.0027392 0.0058753 -0.0638995 0.0233201 -0.0443538 -0.0059629 0.0020721 0.0008565 -0.0732123 0.0261415 -0.0402092
-0.1463171 -0.2573235 -0.0505404 0.2199499 0.2331393 -0.2233385 -0.1244363 -0.3255725 -0.0702486 0.1998553 0.2586402 -0.2340347 -0.4872410 -0.8568961 -0.1683013 0.5630274 0.5967895 -0.5717014 -0.3499812 -0.9156837 -0.1975765 0.4971446 0.6433733 -0.5821667 -0.0006937 -0.0002867 0.0003647 -0.0591704 -0.0219798 0.0038416 -0.0010030 -0.0002091 -0.0002339 -0.0362586 -0.0120010 0.0071908 -0.0014588 0.0005367 0.0015049 -0.0961995 0.0163180 -0.0656140 -0.0022367 0.0009292 -0.0003296 -0.0584275 0.0180385 -0.0261603
-0.1470108 -0.2576102 -0.0501757 0.1607795 0.2111595 -0.2194969 -0.1254392 -0.3257816 -0.0704825 0.1635968 0.2466392 -0.2268440 -0.4886998 -0.8563594 -0.1667964 0.4668279 0.6131075 -0.6373154 -0.3522179 -0.9147545 -0.1979061 0.4387171 0.6614118 -0.6083270 -0.0014995 -0.0005592 0.0014130 -0.0111509 0.0009340 -0.0010576 -0.0001929 0.0000452 0.0008332 -0.0311386 -0.0045764 0.0059067 -0.0033784 0.0009335 0.0052246 -0.0275347 0.0095757 -0.0102085 -0.0006777 -0.0002258 0.0022641 -0.0639981 0.0233743 -0.0166959
-0.1485103 -0.2581694 -0.0487627 0.1496286 0.2120935 -0.2205545 -0.1256322 -0.3257364 -0.0696493 0.1324582 0.2420628 -0.2209373 -0.4920782 -0.8554260 -0.1615718 0.4392931 0.6226832 -0.6475238 -0.3528956 -0.9149803 -0.1956420 0.3747190 0.6847861 -0.6250230 -0.0007095 -0.0003968 0.0013114 -0.0127428 -0.0023375 0.0110595 -0.0003736 -0.0001664 0.0009429 -0.0147280 -0.0038255 0.0046855 -0.0015653 0.0000463 0.0045949 -0.0200828 0.0196909 0.0059491 -0.0009488 -0.0002076 0.0027033 -0.0310924 0.0105719 -0.0061648
-0.1492197 -0.2585662 -0.0474514 0.1368858 0.2097560 -0.2094950 -0.1260057 -0.3259028 -0.0687064 0.1177302 0.2382373 -0.2162519 -0.4936435 -0.8553797 -0.1569770 0.4192103 0.6423741 -0.6415748 -0.3538444 -0.9151878 -0.1929387 0.3436265 0.6953580 -0.6311878 -0.0000832 -0.0004107 -0.0002801 -0.0130202 -0.0105792 0.0161809 -0.0005748 -0.0008687 0.0006679 -0.0123505 -0.0015195 0.0052706 0.0004368 -0.0001234 -0.0006989 -0.0116882 0.0129248 0.0055645 -0.0007471 -0.0002015 0.0023417 -0.0282559 0.0130690 -0.0002174
-0.1493030 -0.2589769 -0.0477315 0.1238656 0.1991768 -0.1933141 -0.1265805 -0.3267715 -0.0680385 0.1053797 0.2367178 -0.2109813 -0.4932067 -0.8555030 -0.1576759 0.4075222 0.6552989 -0.6360103 -0.3545916 -0.9153893 -0.1905970 0.3153706 0.7084271 -0.6314051 0.0003874 -0.0001204 0.0012601 -0.0081503 -0.0059414 0.0055939 -0.0001824 -0.0001517 0.0007432 -0.0113500 -0.0046810 0.0044753 0.0008178 -0.0012014 0.0040184 -0.0128647 0.0037480 -0.0042262 -0.0004486 -0.0002640 0.0021152 -0.0256400 0.0065403 -0.0048950
-0.1489156 -0.2590973 -0.0464714 0.1157153 0.1932354 -0.1877201 -0.1267629 -0.3269232 -0.0672952 0.0940297 0.2320368 -0.2065060 -0.4923889 -0.8567045 -0.1536575 0.3946574 0.6590468 -0.6402365 -0.3550402 -0.9156534 -0.1884819 0.2897306 0.7149674 -0.6363001 -0.0004752 -0.0006138 0.0002806 -0.0024740 -0.0026669 0.0017558 -0.0002145 -0.0003974 -0.0001385 -0.0054821 -0.0020711 0.0009259 -0.0004030 0.0000015 0.0012889 -0.0032912 -0.0004350 -0.0024632 -0.0001371 0.0000823 -0.0001415 -0.0138105 0.0016208 -0.0043008
-0.1493908 -0.2597111 -0.0461908 0.1132413 0.1905685 -0.1859643 -0.1269774 -0.3273206 -0.0674337 0.0885476 0.2299657 -0.2055801 -0.4927919 -0.8567030 -0.1523687 0.3913662 0.6586119 -0.6426997 -0.3551773 -0.9155710 -0.1886234 0.2759201 0.7165881 -0.6406009 -0.0003468 -0.0000644 -0.0004115 -0.0028470 -0.0037730 0.0014022 -0.0005171 -0.0004063 0.0005234 -0.0029771 -0.0022781 -0.0009518 -0.0006734 0.0006040 -0.0012110 -0.0038212 -0.0028565 -0.0052153 -0.0009905 0.0000354 0.0017033 -0.0077508 -0.0030386 -0.0066489
-0.1497376 -0.2597755 -0.0466024 0.1103943 0.1867955 -0.1845621 -0.1274945 -0.3277269 -0.0669103 0.0855705 0.2276876 -0.2065319 -0.4934652 -0.8560989 -0.1535796 0.3875450 0.6557554 -0.6479150 -0.3561678 -0.9155356 -0.1869201 0.2681692 0.7135496 -0.6472498 -0.0001977 -0.0008590 0.0001857 -0.0009964 -0.0041846 -0.0010400 -0.0001144 -0.0007572 -0.0000597 -0.0009887 -0.0018385 -0.0027007 0.0006555 -0.0005591 0.0010166 -0.0001902 -0.0091691 -0.0092627 0.0004209 -0.0002089 0.0002218 -0.0032554 -0.0061812 -0.0080750
-0.1499352 -0.2606345 -0.0464166 0.1093979 0.1826109 -0.1856021 -0.1276089 -0.3284841 -0.0669700 0.0845819 0.2258491 -0.2092326 -0.4928098 -0.8566581 -0.1525630 0.3873548 0.6465863 -0.6571776 -0.3557468 -0.9157445 -0.1866983 0.2649138 0.7073684 -0.6553248 0.0000558 -0.0002693 -0.0000320 0.0022691 -0.0023258 -0.0024432 0.0002714 -0.0001879 -0.0000633 0.0008948 -0.0009439 -0.0075081 0.0005202 -0.0002989 -0.0000007 0.0066279 -0.0105059 -0.0062825 0.0008432 -0.0003004 -0.0001309 -0.0009575 -0.0128496 -0.0139814
-0.1498794 -0.2609038 -0.0464486 0.1116670 0.1802851 -0.1880454 -0.1273375 -0.3286720 -0.0670333 0.0854767 0.2249052 -0.2167406 -0.4922896 -0.8569570 -0.1525637 0.3939827 0.6360804 -0.6634601 -0.3549037 -0.9160449 -0.1868292 0.2639563 0.6945188 -0.6693062 0.0004641 0.0001613 -0.0002984 0.0085416 -0.0009346 -0.0054879 0.0004966 0.0008285 -0.0023447 0.0157142 -0.0008479 -0.0108915 0.0010066 -0.0003735 -0.0011420 0.0205992 -0.0175269 -0.0040078 0.0009021 0.0010634 -0.0067984 0.0380621 -0.0257883 -0.0100939
-0.1494154 -0.2607425 -0.0467470 0.1202086 0.1793505 -0.1935333 -0.1268409 -0.3278435 -0.0693780 0.1011909 0.2240573 -0.2276321 -0.4912830 -0.8573305 -0.1537058 0.4145818 0.6185536 -0.6674679 -0.3540016 -0.9149815 -0.1936276 0.3020184 0.6687305 -0.6794000 0.0001650 -0.0011517 0.0000571 0.0281989 0.0030173 -0.0117100 -0.0000104 -0.0013259 0.0004043 0.0292584 0.0036205 -0.0104061 0.0019880 -0.0012505 0.0006399 0.0609279 -0.0342323 0.0098516 0.0010934 -0.0007883 0.0017385 0.0661881 -0.0260865 0.0075127
-0.1492504 -0.2618942 -0.0466899 0.1484075 0.1823678 -0.2052433 -0.1268513 -0.3291694 -0.0689737 0.1304493 0.2276778 -0.2380382 -0.4892950 -0.8585810 -0.1530659 0.4755097 0.5843212 -0.6576163 -0.3529082 -0.9157698 -0.1918891 0.3682065 0.6426440 -0.6718874 -0.0000221 0.0002805 -0.0001791 0.0412620 0.0032631 0.0067401 0.0002698 0.0004148 -0.0002870 0.0492800 0.0137076 -0.0080567 -0.0003976 0.0003499 -0.0006892 0.0967899 -0.0242076 0.0586624 0.0003389 0.0000846 -0.0010238 0.0941109 -0.0217286 0.0388576
-0.1492725 -0.2616137 -0.0468690 0.1896695 0.1856309 -0.1985032 -0.1265815 -0.3287546 -0.0692607 0.1797293 0.2413854 -0.2460949 -0.4896926 -0.8582311 -0.1537551 0.5722996 0.5601137 -0.5989539 -0.3525693 -0.9156853 -0.1929129 0.4623174 0.6209154 -0.6330297 0.0003238 0.0000139 -0.0001653 0.0237733 0.0289228 -0.0361503 0.0001159 -0.0001442 0.0001012 0.0615617 0.0231896 -0.0046130 0.0008299 -0.0003625 -0.0006158 -0.0149400 0.0001468 -0.0137928 0.0003932 -0.0002187 0.0003205 0.0896816 -0.0156498 0.0594876
-0.1489487 -0.2615998 -0.0470343 0.2134428 0.2145537 -0.2346535 -0.1264656 -0.3288988 -0.0691595 0.2412910 0.2645750 -0.2507080 -0.4888626 -0.8585936 -0.1543709 0.5573596 0.5602605 -0.6127467 -0.3521761 -0.9159040 -0.1925925 0.5519990 0.6052657 -0.5735422 0.0007769 -0.0000526 -0.0001011 0.0522017 -0.0215664 0.0524981 0.0000842 -0.0004510 0.0004290 0.0430846 -0.0158247 0.0198651 0.0020416 -0.0010704 -0.0004936 0.1501040 -0.0462973 0.1276311 0.0005294 -0.0004872 0.0013551 0.0902832 -0.0434456 0.0521672
-0.1481717 -0.2616524 -0.0471355 0.2656445 0.1929873 -0.1821554 -0.1263814 -0.3293498 -0.0687305 0.2843756 0.2487503 -0.2308429 -0.4868211 -0.8596640 -0.1548645 0.7074636 0.5139632 -0.4851155 -0.3516467 -0.9163912 -0.1912373 0.6422822 0.5618200 -0.5213749 -0.0000184 0.0006639 -0.0015199 0.0487772 0.0359853 -0.0271177 -0.0004325 0.0000277 0.0001338 0.0752568 0.0393481 -0.0460445 -0.0005763 0.0012730 -0.0051628 0.0044069 0.0044451 0.0113083 -0.0011040 0.0003355 0.0004262 0.0266895 -0.0259125 0.0063216
-0.1481902 -0.2609885 -0.0486553 0.3144218 0.2289726 -0.2092730 -0.1268139 -0.3293221 -0.0685966 0.3596323 0.2880984 -0.2768874 -0.4873974 -0.8583910 -0.1600273 0.7118705 0.5184083 -0.4738072 -0.3527507 -0.9160557 -0.1908111 0.6689717 0.5359075 -0.5150534 -0.0007509 -0.0003557 0.0014080 0.0151006 -0.0058350 0.0036224 -0.0000798 -0.0000534 0.0011076 0.0267703 -0.0116937 0.0076852 -0.0017457 0.0001006 0.0048607 0.0237373 -0.0202881 0.0147239 -0.0003523 -0.0004865 0.0030116 0.0386537 -0.0297231 0.0220589
-0.1489411 -0.2613442 -0.0472473 0.3295224 0.2231376 -0.2056506 -0.1268937 -0.3293755 -0.0674891 0.3864027 0.2764047 -0.2692022 -0.4891431 -0.8582904 -0.1551666 0.7356078 0.4981202 -0.4590833 -0.3531030 -0.9165422 -0.1877995 0.7076255 0.5061844 -0.4929944 -0.0053919 0.0017731 0.0040319 0.0154657 -0.0015474 0.0021038 0.0038351 -0.0113850 -0.0004867 0.0153093 -0.0030959 0.0006999 -0.0167624 0.0074132 0.0135062 0.0180253 -0.0140522 0.0144313 0.0192683 -0.0078760 0.0033942 0.0160169 -0.0138470 0.0093153
-0.1543330 -0.2595711 -0.0432154 0.3449881 0.2215902 -0.2035469 -0.1230587 -0.3407605 -0.0679758 0.4017120 0.2733088 -0.2685024 -0.5059054 -0.8508772 -0.1416605 0.7536331 0.4840680 -0.4446520 -0.3338347 -0.9244182 -0.1844054 0.7236424 0.4923374 -0.4836792 0.0006592 -0.0038439 0.0003232 0.0218402 0.0002627 0.0148133 -0.0006253 0.0000803 0.0015957 -0.0145793 -0.0283847 0.0647991 0.0069089 -0.0044617 0.0023845 0.0295125 -0.0104320 0.0417228 -0.0018381 -0.0001729 0.0042526 0.0485339 -0.0038109 0.0773719
-0.1536738 -0.2634150 -0.0428922 0.3668284 0.2218529 -0.1887335 -0.1236839 -0.3406802 -0.0663801 0.3871327 0.2449241 -0.2037032 -0.4989966 -0.8553389 -0.1392759 0.7831456 0.4736360 -0.4029291 -0.3356727 -0.9245912 -0.1801528 0.7721763 0.4885265 -0.4063072 -0.0009742 -0.0017633 0.0009188 -0.0009872 -0.0005928 0.0019543 -0.0016770 0.0000077 0.0015941 0.0047586 0.0016570 0.0018502 -0.0001346 -0.0005324 0.0038053 0.0009716 0.0005968 0.0026000 -0.0042968 0.0007124 0.0044578 0.0036929 -0.0003435 0.0066771
-0.1546480 -0.2651783 -0.0419734 0.3658411 0.2212601 -0.1867793 -0.1253609 -0.3406725 -0.0647860 0.3918913 0.2465811 -0.2018531 -0.4991312 -0.8558714 -0.1354706 0.7841172 0.4742328 -0.4003291 -0.3399696 -0.9238788 -0.1756949 0.7758692 0.4881830 -0.3996302 -0.0000344 -0.0003437 0.0001721 0.0057410 0.0041405 -0.0064699 -0.0005708 -0.0000086 0.0009310 0.0043047 0.0012171 0.0017126 0.0003529 -0.0003131 0.0006807 -0.0028753 -0.0003338 -0.0059723 -0.0015109 0.0000770 0.0025437 0.0034896 -0.0007382 0.0059330
-0.1546823 -0.2655220 -0.0418014 0.3715821 0.2254006 -0.1932491 -0.1259317 -0.3406811 -0.0638550 0.3961960 0.2477982 -0.2001405 -0.4987783 -0.8561845 -0.1347900 0.7812419 0.4738990 -0.4063014 -0.3414805 -0.9238018 -0.1731513 0.7793588 0.4874448 -0.3936971 0.0002931 -0.0001720 -0.0005049 -0.0071880 -0.0027230 0.0027902 -0.0000657 -0.0004925 0.0000380 0.0002717 -0.0003126 0.0007009 0.0010570 -0.0003621 -0.0015973 -0.0019439 0.0023222 -0.0010166 0.0002575 -0.0001557 0.0003236 0.0008659 -0.0004080 0.0012120
-0.1543892 -0.2656940 -0.0423063 0.3643941 0.2226776 -0.1904590 -0.1259974 -0.3411736 -0.0638170 0.3964677 0.2474856 -0.1994396 -0.4977213 -0.8565466 -0.1363873 0.7792980 0.4762212 -0.4073180 -0.3412230 -0.9239575 -0.1728277 0.7802247 0.4870368 -0.3924852 0.0007228 0.0002265 -0.0005265 0.0002264 -0.0005470 0.0036258 -0.0021952 0.0085944 0.0017178 0.0015779 -0.0005345 0.0002899 0.0015608 -0.0005988 -0.0019117 0.0030760 0.0004091 0.0064260 -0.0130970 0.0047203 0.0011876 0.0017831 -0.0018721 0.0012319
-0.1536664 -0.2654675 -0.0428327 0.3646206 0.2221306 -0.1868332 -0.1281927 -0.3325792 -0.0620992 0.3980456 0.2469511 -0.1991497 -0.4961605 -0.8571454 -0.1382990 0.7823741 0.4766303 -0.4008920 -0.3543200 -0.9192372 -0.1716401 0.7820077 0.4851647 -0.3912533 -0.0002799 0.0010250 -0.0001301 -0.0061607 0.0002890 -0.0012876 0.0001543 0.0012000 -0.0001595 0.0151630 0.0277110 -0.0551895 -0.0020631 0.0013180 -0.0007436 -0.0063221 0.0048996 -0.0063823 -0.0006824 0.0004469 -0.0009799 -0.0409012 0.0074530 -0.0649145
-0.1539464 -0.2644425 -0.0429628 0.3584599 0.2224196 -0.1881208 -0.1280383 -0.3313792 -0.0622587 0.4132086 0.2746621 -0.2543392 -0.4982236 -0.8558273 -0.1390426 0.7760519 0.4815299 -0.4072743 -0.3550023 -0.9187903 -0.1726200 0.7411065 0.4926176 -0.4561677 0.0049437 0.0029438 -0.0049685 -0.0055295 0.0017742 -0.0041447 0.0007312 0.0004766 -0.0010499 -0.0076360 0.0037882 -0.0042328 0.0093111 -0.0022109 -0.0182312 -0.0091540 0.0056307 -0.0105080 0.0015235 0.0000120 -0.0031614 -0.0113608 0.0083971 -0.0090800
-0.1490027 -0.2614987 -0.0479313 0.3529304 0.2241938 -0.1922655 -0.1273072 -0.3309026 -0.0633085 0.4055727 0.2784503 -0.2585720 -0.4889125 -0.8580382 -0.1572738 0.7668980 0.4871606 -0.4177823 -0.3534788 -0.9187783 -0.1757814 0.7297457 0.5010148 -0.4652478 0.0000000 0.0000000 0.0000000 0.0000000 0.0000000 0.0000000 0.0000000 0.0000000 0.0000000 0.0000000 0.0000000 0.0000000 0.0000000 0.0000000 0.0000000 0.0000000 0.0000000 0.0000000 0.0000000 0.0000000 0.0000000 0.0000000 0.0000000 0.0000000
