-0.0430897 0.4728365 -0.3512993 0.3078755 0.4975713 -0.1446083 -0.0276866 0.5433740 -0.3454367 0.3335578 0.5270062 -0.2056097 -0.0729556 0.8005647 -0.5947888 0.5108069 0.8255377 -0.2399246 -0.0429599 0.8431263 -0.5359968 0.5079203 0.8024912 -0.3130892 -0.0033312 0.0010050 0.0002270 0.0020731 -0.0332636 0.0109343 -0.0028879 0.0008575 0.0007920 0.0020534 -0.0332636 0.0109261 -0.0055176 0.0004510 0.0013110 0.0291385 -0.0166915 0.0070582 -0.0044494 0.0007676 0.0015854 0.0265369 -0.0162114 0.0030577
-0.0464209 0.4738415 -0.3510723 0.3099486 0.4643077 -0.1336740 -0.0305745 0.5442315 -0.3446446 0.3356112 0.4937426 -0.1946836 -0.0784732 0.8010156 -0.5934778 0.5399453 0.8088462 -0.2328664 -0.0474093 0.8438939 -0.5344114 0.5344572 0.7862798 -0.3100315 0.0015951 0.0026562 -0.0011267 -0.0014221 0.0734602 -0.0337847 0.0035524 0.0036339 -0.0011249 -0.0014763 0.0734602 -0.0338075 0.0030376 0.0008651 0.0007749 -0.0595267 0.0285330 -0.0278899 0.0057353 0.0010350 0.0011587 -0.0549508 0.0276950 -0.0178688
-0.0448257 0.4764977 -0.3521990 0.3085265 0.5377679 -0.1674586 -0.0270221 0.5478654 -0.3457696 0.3341349 0.5672028 -0.2284911 -0.0754356 0.8018807 -0.5927029 0.4804187 0.8373793 -0.2607563 -0.0416740 0.8449289 -0.5332527 0.4795064 0.8139748 -0.3279003 0.0019939 0.0045134 0.0003119 0.0031259 -0.0686442 0.0295633 0.0014531 0.0031760 0.0005820 0.0030995 -0.0686444 0.0295526 0.0037530 0.0031311 0.0037908 0.0570574 -0.0283281 0.0229420 0.0023815 0.0018708 0.0027940 0.0524699 -0.0275151 0.0140813
-0.0428318 0.4810111 -0.3518871 0.3116524 0.4691237 -0.1378953 -0.0255690 0.5510414 -0.3451875 0.3372344 0.4985584 -0.1989385 -0.0716826 0.8050119 -0.5889121 0.5374761 0.8090512 -0.2378144 -0.0392925 0.8467997 -0.5304587 0.5319763 0.7864597 -0.3138190 0.0011953 0.0042396 0.0017724 0.0013959 0.0008403 -0.0058119 0.0009495 0.0042941 0.0018307 0.0012672 0.0008402 -0.0058661 0.0022674 0.0039841 0.0052110 -0.0002210 -0.0024967 -0.0088166 0.0016120 0.0031508 0.0049452 -0.0006802 -0.0026272 -0.0076326
-0.0416365 0.4852507 -0.3501147 0.3130483 0.4699640 -0.1437072 -0.0246195 0.5553355 -0.3433568 0.3385015 0.4993986 -0.2048046 -0.0694153 0.8089960 -0.5837011 0.5372551 0.8065545 -0.2466310 -0.0376805 0.8499505 -0.5255135 0.5312961 0.7838325 -0.3214516 0.0007367 -0.0019090 -0.0001393 -0.0002150 0.0084557 -0.0120335 0.0091900 -0.0042358 -0.0042056 -0.0002244 0.0084559 -0.0120373 0.0010559 -0.0011454 -0.0017085 -0.0092280 0.0009636 -0.0162416 0.0140058 -0.0043519 -0.0077807 -0.0089300 0.0003943 -0.0133947
-0.0408998 0.4833417 -0.3502540 0.3128333 0.4784197 -0.1557407 -0.0154294 0.5510997 -0.3475624 0.3382771 0.5078545 -0.2168418 -0.0683594 0.8078506 -0.5854096 0.5280271 0.8075181 -0.2628726 -0.0236747 0.8455985 -0.5332942 0.5223661 0.7842268 -0.3348462 0.0018060 -0.0122925 0.0005305 0.0012777 -0.0022642 -0.0020509 -0.0020989 -0.0108983 -0.0022515 -0.0265283 0.0298968 -0.0039609 0.0018711 -0.0067212 -0.0093770 0.0026992 -0.0029992 -0.0037342 -0.0035511 -0.0065322 -0.0100533 -0.0497576 0.0309994 0.0001112
-0.0390939 0.4710492 -0.3497235 0.3141110 0.4761555 -0.1577916 -0.0175283 0.5402014 -0.3498139 0.3117489 0.5377513 -0.2208028 -0.0664882 0.8011294 -0.5947866 0.5307262 0.8045188 -0.2666068 -0.0272258 0.8390663 -0.5433475 0.4726085 0.8152262 -0.3347350 -0.0205222 -0.0414235 0.0095407 0.0020170 0.0010049 -0.0080227 -0.0198488 -0.0416432 0.0087593 0.0095209 -0.0085660 0.0051189 -0.0416623 -0.0217375 -0.0223453 -0.0002335 -0.0037984 -0.0116453 -0.0345334 -0.0152851 -0.0201863 0.0174539 -0.0080110 0.0057326
-0.0596160 0.4296257 -0.3401828 0.3161280 0.4771604 -0.1658142 -0.0373771 0.4985582 -0.3410546 0.3212697 0.5291853 -0.2156838 -0.1081505 0.7793919 -0.6171318 0.5304927 0.8007205 -0.2782521 -0.0617591 0.8237812 -0.5635338 0.4900624 0.8072151 -0.3290025 -0.0049113 -0.0519085 -0.0104971 0.0050331 -0.0144230 -0.0081984 0.0062122 -0.0300205 -0.0147140 0.0085501 -0.0186737 0.0047994 -0.0160760 -0.0522195 -0.0579889 0.0142780 -0.0158002 -0.0169176 0.0088590 -0.0284722 -0.0403578 0.0226124 -0.0136716 0.0012018
-0.0645274 0.3777172 -0.3506799 0.3211610 0.4627374 -0.1740126 -0.0311649 0.4685377 -0.3557686 0.3298199 0.5105116 -0.2108845 -0.1242266 0.7271724 -0.6751208 0.5447707 0.7849202 -0.2951696 -0.0529001 0.7953090 -0.6038916 0.5126748 0.7935435 -0.3278006 -0.0057806 -0.1221964 -0.0074011 0.0167031 -0.0831422 -0.0135541 -0.0009570 -0.1230594 -0.0096590 0.0134358 -0.1114606 0.0034637 -0.0335971 -0.1535923 -0.1286811 0.0789538 -0.0841568 -0.0510938 -0.0108453 -0.1097126 -0.1212939 0.0940364 -0.0882130 -0.0388197
-0.0703079 0.2555208 -0.3580810 0.3378641 0.3795952 -0.1875667 -0.0321219 0.3454783 -0.3654276 0.3432557 0.3990510 -0.2074208 -0.1578237 0.5735801 -0.8038019 0.6237245 0.7007635 -0.3462634 -0.0637454 0.6855964 -0.7251855 0.6067112 0.7053305 -0.3666203 -0.0032922 -0.0088708 0.0140085 0.0109632 -0.0582654 0.0197938 0.0013336 -0.0113504 0.0104289 0.0100053 -0.0164360 0.0006119 -0.0134604 0.0004298 0.0030682 0.0696704 -0.0620278 0.0127663 0.0007168 -0.0015820 -0.0015549 0.0237528 -0.0224785 -0.0024710
-0.0736002 0.2466500 -0.3440724 0.3488273 0.3213298 -0.1677729 -0.0307883 0.3341279 -0.3549987 0.3532610 0.3826150 -0.2068089 -0.1712841 0.5740099 -0.8007337 0.6933949 0.6387356 -0.3334970 -0.0630286 0.6840144 -0.7267404 0.6304640 0.6828520 -0.3690913 -0.0052442 -0.0075426 0.0040087 -0.0086280 -0.0052429 -0.0032145 0.0061717 -0.0160124 -0.0055996 0.0072360 -0.0194182 -0.0153235 -0.0150555 -0.0089069 -0.0029679 -0.0059246 0.0000086 -0.0120320 0.0119030 -0.0233275 -0.0221781 0.0157449 -0.0318035 -0.0290921
-0.0788443 0.2391074 -0.3400637 0.3401993 0.3160869 -0.1709874 -0.0246166 0.3181155 -0.3605983 0.3604970 0.3631968 -0.2221324 -0.1863395 0.5651029 -0.8037016 0.6874703 0.6387443 -0.3455291 -0.0511257 0.6606870 -0.7489185 0.6462089 0.6510485 -0.3981834 0.0091239 -0.0098375 -0.0047022 0.0026450 -0.0245551 -0.0238299 0.0045524 -0.0130495 -0.0130298 0.0005858 -0.0797268 0.0139617 0.0202862 -0.0190506 -0.0174276 0.0116491 -0.0442601 -0.0517373 0.0095649 -0.0287780 -0.0250090 0.0701476 -0.0886689 -0.0148089
-0.0697205 0.2292699 -0.3447659 0.3428443 0.2915318 -0.1948173 -0.0200643 0.3050660 -0.3736281 0.3610828 0.2834700 -0.2081706 -0.1660533 0.5460523 -0.8211292 0.6991194 0.5944842 -0.3972664 -0.0415608 0.6319090 -0.7739275 0.7163565 0.5623795 -0.4129922 -0.0256376 -0.0636648 0.0062229 0.0129175 -0.0505198 0.0157395 -0.0277752 -0.0636754 -0.0049522 0.0260701 -0.0030348 -0.0229404 -0.0792384 -0.1200627 -0.0497123 0.0650818 -0.0767736 0.0125948 -0.0643884 -0.0973054 -0.0645078 0.0127675 -0.0342367 -0.0222585
-0.0953581 0.1656051 -0.3385430 0.3557618 0.2410120 -0.1790778 -0.0478394 0.2413906 -0.3785803 0.3871529 0.2804352 -0.2311110 -0.2452917 0.4259896 -0.8708415 0.7642012 0.5177106 -0.3846716 -0.1059492 0.5346036 -0.8384353 0.7291240 0.5281429 -0.4352508 0.0146044 -0.0051219 -0.0184111 0.0257588 -0.0160575 -0.0321721 0.0027499 -0.0321388 -0.0157328 0.0417944 -0.0487082 -0.0344702 0.0432131 -0.0243952 -0.0224033 0.0132975 -0.0592771 -0.0458333 0.0054524 -0.0682182 -0.0404191 0.0435012 -0.1107533 -0.0431174
-0.0807537 0.1604832 -0.3569541 0.3815206 0.2249545 -0.2112499 -0.0450896 0.2092518 -0.3943131 0.4289473 0.2317270 -0.2655812 -0.2020787 0.4015944 -0.8932447 0.7774987 0.4584335 -0.4305049 -0.1004967 0.4663854 -0.8788544 0.7726253 0.4173895 -0.4783682 0.0079894 -0.0510490 -0.0115177 -0.0172891 -0.0642344 0.0407851 -0.0059663 -0.0583873 0.0085303 -0.0248427 -0.0509768 0.0380555 0.0160785 -0.1218588 -0.0486427 0.0635373 -0.0873196 0.0368898 -0.0218317 -0.1049181 -0.0454708 0.0392634 -0.0542434 0.0212450
-0.0727643 0.1094342 -0.3684718 0.3642316 0.1607201 -0.1704648 -0.0510559 0.1508645 -0.3857827 0.4041046 0.1807502 -0.2275258 -0.1860001 0.2797356 -0.9418874 0.8410361 0.3711139 -0.3936151 -0.1223285 0.3614673 -0.9243252 0.8118887 0.3631462 -0.4571232 -0.0300626 -0.0451748 0.0442904 -0.0004619 -0.0435394 0.0214650 -0.0007319 -0.0489199 0.0009349 -0.0020771 -0.0468597 0.0193308 -0.1110880 -0.0940771 0.0052607 0.0457834 -0.0854438 0.0303744 -0.0066651 -0.1075425 -0.0342585 0.0396469 -0.0795524 0.0161450
-0.1028269 0.0642594 -0.3241814 0.3637697 0.1171807 -0.1489998 -0.0517877 0.1019446 -0.3848478 0.4020276 0.1338905 -0.2081950 -0.2970881 0.1856586 -0.9366267 0.8868195 0.2856701 -0.3632407 -0.1289935 0.2539249 -0.9585838 0.8515355 0.2835938 -0.4409782 0.0086667 -0.0144195 -0.0008698 0.0246175 -0.0577033 -0.0063703 0.0057661 -0.0262742 0.0017108 0.0231289 -0.0530836 -0.0058261 0.0218181 -0.0399556 -0.0136349 0.0323995 -0.1449014 -0.0044830 0.0119617 -0.0614970 -0.0157237 0.0290760 -0.1162213 -0.0023161
-0.0941602 0.0498399 -0.3250513 0.3883872 0.0594774 -0.1553701 -0.0460217 0.0756704 -0.3831370 0.4251564 0.0808069 -0.2140211 -0.2752700 0.1457030 -0.9502616 0.9192190 0.1407687 -0.3677237 -0.1170319 0.1924279 -0.9743075 0.8806115 0.1673725 -0.4432943 0.0040015 -0.0358460 0.0080428 0.0060493 -0.0343946 0.0067740 0.0002801 -0.0468668 0.0099197 0.0058517 -0.0343947 0.0066512 0.0019599 -0.1032814 -0.0107285 0.0149243 -0.0813651 0.0158037 -0.0042626 -0.1160483 -0.0153661 0.0163020 -0.0707902 0.0117645
-0.0901587 0.0139939 -0.3170085 0.3944365 0.0250828 -0.1485961 -0.0457415 0.0288036 -0.3732173 0.4310081 0.0464122 -0.2073699 -0.2733101 0.0424216 -0.9609901 0.9341432 0.0594036 -0.3519200 -0.1212945 0.0763795 -0.9896736 0.8969135 0.0965822 -0.4315298 0.0096167 -0.0119685 0.0068484 0.0183446 -0.0072704 0.0142994 0.0096187 -0.0177042 0.0065650 0.0207700 -0.0072705 0.0158799 0.0219725 -0.0361012 -0.0068887 0.0159945 -0.0184030 0.0427964 0.0232929 -0.0462668 -0.0050570 0.0208799 -0.0170653 0.0425153
-0.0805420 0.0020254 -0.3101600 0.4127811 0.0178124 -0.1342967 -0.0361228 0.0110994 -0.3666523 0.4517781 0.0391417 -0.1914900 -0.2513376 0.0063204 -0.9678788 0.9501377 0.0410005 -0.3091235 -0.0980015 0.0301128 -0.9947306 0.9177934 0.0795169 -0.3890145 -0.0057454 -0.0327289 0.0084628 -0.0151227 -0.0652795 0.0261558 -0.0112017 -0.0257247 0.0060471 -0.0164520 -0.0652795 0.0252718 -0.0223365 -0.1037013 0.0109988 0.0084796 -0.1554273 0.0484332 -0.0320140 -0.0702931 0.0040331 0.0149568 -0.1355209 0.0328677
-0.0862874 -0.0307035 -0.3016972 0.3976584 -0.0474671 -0.1081409 -0.0473245 -0.0146253 -0.3606053 0.4353261 -0.0261378 -0.1662182 -0.2736741 -0.0973809 -0.9568801 0.9586172 -0.1144268 -0.2606904 -0.1300156 -0.0401804 -0.9906975 0.9327502 -0.0560040 -0.3561469 0.0084747 -0.0292971 0.0127723 0.0280815 -0.0390159 0.0103954 0.0106953 -0.0468348 0.0121105 0.0299404 -0.0390159 0.0116441 0.0186976 -0.0992287 0.0101321 -0.0025329 -0.0797880 0.0411834 0.0270560 -0.1325750 0.0111287 0.0079771 -0.0757308 0.0436120
-0.0778128 -0.0600006 -0.2889249 0.4257399 -0.0864830 -0.0977454 -0.0366293 -0.0614601 -0.3484948 0.4652665 -0.0651536 -0.1545740 -0.2549766 -0.1966096 -0.9467479 0.9560843 -0.1942149 -0.2195070 -0.1029596 -0.1727554 -0.9795687 0.9407273 -0.1317348 -0.3125349 -0.0043546 -0.0231123 0.0193553 0.0002049 -0.0463498 0.0524625 -0.0016496 -0.0270060 0.0215499 0.0000829 -0.0463498 0.0523778 -0.0246807 -0.0862655 0.0292658 -0.0063081 -0.1019771 0.1185346 -0.0093417 -0.0867836 0.0203879 0.0102988 -0.0961428 0.1036783
-0.0821674 -0.0831128 -0.2695696 0.4259447 -0.1328328 -0.0452829 -0.0382788 -0.0884661 -0.3269449 0.4653494 -0.1115034 -0.1021962 -0.2796573 -0.2828751 -0.9174821 0.9497762 -0.2961920 -0.1009724 -0.1123013 -0.2595390 -0.9591809 0.9510262 -0.2278776 -0.2088565 -0.0096656 -0.0168759 0.0186693 -0.0348455 0.0195234 0.0166895 -0.0175210 -0.0101333 0.0132238 -0.0364672 0.0195234 0.0156002 -0.0422526 -0.0676239 0.0379798 0.0083653 0.0185990 0.0309223 -0.0549888 -0.0360658 0.0186322 0.0082255 0.0221521 0.0151731
-0.0918329 -0.0999887 -0.2509003 0.3910992 -0.1133094 -0.0285934 -0.0557998 -0.0985993 -0.3137211 0.4288822 -0.0919800 -0.0865960 -0.3219099 -0.3504991 -0.8795024 0.9581415 -0.2775930 -0.0700501 -0.1672901 -0.2956048 -0.9405487 0.9592517 -0.2057255 -0.1936834 0.0010388 -0.0159531 0.0067943 -0.0151857 -0.0105506 0.0119863 0.0019318 -0.0179491 0.0073024 0.0050723 -0.0739509 0.0595945 0.0034298 -0.0561920 0.0232473 -0.0092039 -0.0350729 0.0281278 0.0051500 -0.0552001 0.0182437 -0.0267785 -0.1508238 0.1356631
-0.0907941 -0.1159418 -0.2441060 0.3759136 -0.1238600 -0.0166071 -0.0538681 -0.1165484 -0.3064188 0.4339545 -0.1659310 -0.0270015 -0.3184801 -0.4066911 -0.8562551 0.9489376 -0.3126659 -0.0419222 -0.1621401 -0.3508049 -0.9223050 0.9324732 -0.3565493 -0.0580203 -0.0009276 -0.0107366 0.0317505 0.0282042 -0.0454580 -0.0005225 0.0067975 -0.0286508 0.0132516 0.0330545 -0.0349647 -0.0072819 -0.0293020 -0.0736369 0.0510640 -0.0273245 -0.0734729 0.0028571 0.0197276 -0.0884965 0.0353253 -0.0159440 -0.0377187 -0.0092626
-0.0917217 -0.1266784 -0.2123556 0.4041178 -0.1693179 -0.0171297 -0.0470706 -0.1451992 -0.2931672 0.4670090 -0.2008957 -0.0342834 -0.3477821 -0.4803280 -0.8051910 0.9216131 -0.3861389 -0.0390652 -0.1424125 -0.4393014 -0.8869797 0.9165292 -0.3942680 -0.0672829 0.0079315 -0.0014776 -0.0203352 -0.0023851 -0.0000361 0.0077214 -0.0023082 0.0214747 -0.0031077 -0.0041541 0.0035304 -0.0020718 0.0469730 0.0202445 -0.0301754 -0.0003592 -0.0022240 0.0174901 -0.0095944 0.0584300 -0.0250679 0.0009431 0.0030501 -0.0047804
-0.0837902 -0.1281560 -0.2326908 0.4017327 -0.1693540 -0.0094083 -0.0493788 -0.1237245 -0.2962749 0.4628550 -0.1973653 -0.0363552 -0.3008091 -0.4600835 -0.8353664 0.9212539 -0.3883629 -0.0215751 -0.1520069 -0.3808714 -0.9120476 0.9174723 -0.3912180 -0.0720633 0.0012227 0.0049520 -0.0010864 0.0007237 0.0019274 -0.0007024 0.0016231 -0.0061557 -0.0006708 -0.0020944 -0.0049503 0.0011423 0.0025748 0.0150700 -0.0090383 0.0017892 0.0043660 -0.0016141 0.0062356 -0.0155801 0.0056388 -0.0040840 -0.0098421 0.0022591
-0.0825675 -0.1232040 -0.2337772 0.4024564 -0.1674266 -0.0101107 -0.0477557 -0.1298803 -0.2969457 0.4607605 -0.2023156 -0.0352129 -0.2982343 -0.4450135 -0.8444047 0.9230432 -0.3839969 -0.0231891 -0.1457713 -0.3964516 -0.9064088 0.9133883 -0.4010601 -0.0698042 -0.0071822 0.0015128 -0.0001758 -0.0259585 0.0441629 -0.0081418 -0.0077928 0.0001146 -0.0003461 -0.0340107 0.0315034 -0.0045016 -0.0239530 0.0081613 0.0045502 0.0263124 0.0731821 -0.0228354 -0.0230175 0.0021476 0.0030624 0.0115584 0.0308383 -0.0162737
-0.0897497 -0.1216912 -0.2339530 0.3764979 -0.1232637 -0.0182525 -0.0555485 -0.1297657 -0.2972918 0.4267498 -0.1708121 -0.0397144 -0.3221872 -0.4368522 -0.8398545 0.9493555 -0.3108148 -0.0460246 -0.1687888 -0.3943040 -0.9033464 0.9249467 -0.3702218 -0.0860779 0.0028400 0.0140093 -0.0102677 0.0446236 0.0210142 -0.0452290 0.0052901 0.0122997 -0.0086353 0.0341809 0.0144415 -0.0583031 0.0125693 0.0532330 -0.0301875 0.0121487 0.0773586 -0.0989164 0.0171959 0.0399948 -0.0194128 0.0034055 0.0552785 -0.1113375
-0.0869097 -0.1076819 -0.2442207 0.4211215 -0.1022496 -0.0634815 -0.0502584 -0.1174659 -0.3059271 0.4609307 -0.1563706 -0.0980175 -0.3096179 -0.3836192 -0.8700420 0.9615042 -0.2334562 -0.1449409 -0.1515929 -0.3543092 -0.9227592 0.9283522 -0.3149433 -0.1974154 0.0013580 0.0226462 -0.0181973 -0.0055695 0.0406090 -0.0209708 0.0014571 0.0389299 -0.0185706 -0.0071656 0.0544078 -0.0278538 0.0134002 0.0891883 -0.0385644 0.0082709 0.0896053 -0.0521458 0.0069597 0.1215506 -0.0389604 0.0134365 0.1033196 -0.0638304
-0.0855518 -0.0850357 -0.2624180 0.4155520 -0.0616406 -0.0844524 -0.0488013 -0.0785360 -0.3244976 0.4537651 -0.1019628 -0.1258713 -0.2962177 -0.2944309 -0.9086064 0.9697751 -0.1438508 -0.1970867 -0.1446332 -0.2327586 -0.9617196 0.9417888 -0.2116237 -0.2612457 0.0044900 0.0287389 -0.0178413 0.0001976 0.0232182 -0.0201457 0.0022877 0.0396021 -0.0170125 0.0002836 0.0312502 -0.0266033 0.0234009 0.1049615 -0.0346181 -0.0038678 0.0545845 -0.0459249 0.0105324 0.1205103 -0.0228703 -0.0039778 0.0655708 -0.0536816
-0.0810618 -0.0562969 -0.2802593 0.4157496 -0.0384223 -0.1045980 -0.0465136 -0.0389339 -0.3415101 0.4540487 -0.0707127 -0.1524746 -0.2728168 -0.1894694 -0.9432244 0.9659073 -0.0892663 -0.2430116 -0.1341008 -0.1122483 -0.9845899 0.9378109 -0.1460529 -0.3149273 -0.0039305 0.0255394 -0.0112645 -0.0023816 0.0485924 -0.0269001 -0.0008103 0.0181865 -0.0110678 -0.0030234 0.0655612 -0.0351380 -0.0056508 0.0886961 -0.0119198 -0.0132246 0.1127051 -0.0600500 0.0012970 0.0540253 -0.0048408 -0.0145569 0.1355077 -0.0691179
-0.0849923 -0.0307575 -0.2915238 0.4133680 0.0101701 -0.1314981 -0.0473239 -0.0207475 -0.3525780 0.4510253 -0.0051515 -0.1876126 -0.2784676 -0.1007733 -0.9551442 0.9526827 0.0234389 -0.3030616 -0.1328038 -0.0582231 -0.9894308 0.9232541 -0.0105452 -0.3840452 -0.0049825 0.0363752 -0.0088619 -0.0001031 0.0661230 -0.0036518 0.0062186 0.0625095 -0.0192268 0.0006027 0.0889431 -0.0047537 -0.0084221 0.1186857 -0.0026519 -0.0165195 0.1493868 -0.0030916 0.0235958 0.1691759 0.0016235 -0.0163517 0.1788049 -0.0022406
-0.0899748 0.0056177 -0.3003857 0.4132649 0.0762931 -0.1351499 -0.0411053 0.0417620 -0.3718048 0.4516280 0.0837916 -0.1923663 -0.2868897 0.0179123 -0.9577961 0.9361632 0.1728257 -0.3061532 -0.1092080 0.1109529 -0.9878072 0.9069024 0.1682597 -0.3862858 0.0018659 0.0306118 -0.0091355 -0.0209926 0.0478147 -0.0049144 -0.0066691 0.0234643 0.0043100 -0.0278683 0.0641276 -0.0062820 0.0148231 0.0939587 0.0020427 -0.0336084 0.1127262 -0.0161121 -0.0177558 0.0623906 0.0111639 -0.0435481 0.1331061 -0.0184339
-0.0881089 0.0362295 -0.3095212 0.3922723 0.1241078 -0.1400643 -0.0477744 0.0652263 -0.3674948 0.4237596 0.1479192 -0.1986483 -0.2720666 0.1118711 -0.9557534 0.9025548 0.2855519 -0.3222653 -0.1269638 0.1733435 -0.9766433 0.8633543 0.3013658 -0.4047197 -0.0016477 0.0470779 -0.0091774 -0.0353865 0.0358203 0.0176199 0.0027018 0.0619914 -0.0097282 -0.0403881 0.0475312 0.0189034 0.0091719 0.1321342 0.0222933 -0.0316796 0.1047058 0.0234755 0.0144627 0.1441920 0.0350943 -0.0412870 0.1177404 0.0192909
-0.0897565 0.0833074 -0.3186985 0.3568858 0.1599281 -0.1224445 -0.0450726 0.1272177 -0.3772230 0.3833715 0.1954504 -0.1797450 -0.2628947 0.2440053 -0.9334601 0.8708752 0.3902577 -0.2987898 -0.1125012 0.3175355 -0.9415491 0.8220673 0.4191062 -0.3854288 -0.0104229 0.0137808 0.0078853 -0.0176275 0.0395621 0.0151521 -0.0100224 0.0405534 0.0156640 -0.0115297 0.0396457 0.0184411 -0.0311575 0.0409733 0.0211441 -0.0392103 0.0987768 0.0357711 -0.0244225 0.0994142 0.0429920 -0.0284957 0.0826276 0.0411799
-0.1001795 0.0970882 -0.3108132 0.3392583 0.1994902 -0.1072923 -0.0550950 0.1677711 -0.3615590 0.3718418 0.2350961 -0.1613038 -0.2940522 0.2849786 -0.9123160 0.8316649 0.4890345 -0.2630187 -0.1369236 0.4169497 -0.8985571 0.7935716 0.5017338 -0.3442489 0.0111265 0.0729216 -0.0214321 -0.0156114 0.0654643 -0.0338184 0.0144541 0.0762266 -0.0129446 0.0062589 0.0399336 -0.0264966 0.0619581 0.1581089 0.0464027 -0.0984866 0.1111842 -0.0566487 0.0463731 0.1266928 0.0641391 -0.0431569 0.0441165 -0.0284778
-0.0890530 0.1700098 -0.3322453 0.3236468 0.2649545 -0.1411108 -0.0406409 0.2439977 -0.3745036 0.3781007 0.2750297 -0.1878004 -0.2320941 0.4430875 -0.8659133 0.7331782 0.6002187 -0.3196674 -0.0905505 0.5436425 -0.8344180 0.7504147 0.5458503 -0.3727267 0.0023616 0.0080385 0.0007360 -0.0022565 0.0232086 0.0019414 -0.0008041 0.0128352 0.0062601 -0.0194613 0.0432139 -0.0057223 0.0075947 0.0179934 0.0074237 -0.0245508 0.0351466 0.0128154 -0.0013717 0.0259955 0.0176789 -0.0568036 0.0696352 -0.0015476
-0.0866914 0.1780483 -0.3315093 0.3213903 0.2881631 -0.1391694 -0.0414450 0.2568329 -0.3682435 0.3586394 0.3182436 -0.1935227 -0.2244994 0.4610809 -0.8584896 0.7086274 0.6353653 -0.3068520 -0.0919222 0.5696380 -0.8167392 0.6936112 0.6154854 -0.3742743 0.0075638 0.0151746 -0.0160778 -0.0041194 0.0414507 -0.0048652 0.0013803 0.0235971 -0.0010842 -0.0178884 0.0595638 0.0007783 0.0293534 0.0154493 0.0012633 -0.0471466 0.0518492 0.0065530 0.0058459 0.0328467 0.0232638 -0.0672984 0.0789383 0.0200030
-0.0791275 0.1932229 -0.3475871 0.3172709 0.3296138 -0.1440346 -0.0400647 0.2804300 -0.3693277 0.3407510 0.3778074 -0.1927444 -0.1951460 0.4765302 -0.8572263 0.6614808 0.6872145 -0.3002989 -0.0860763 0.6024847 -0.7934753 0.6263127 0.6944237 -0.3542712 -0.0014163 0.0110956 -0.0106047 -0.0014776 0.0083645 0.0013601 -0.0011817 0.0119944 -0.0060900 -0.0009389 0.0083646 0.0016233 0.0034480 0.0097567 0.0047142 -0.0090915 0.0110061 0.0055513 -0.0002760 0.0097271 0.0075110 -0.0070670 0.0093045 0.0059878
-0.0805439 0.2043185 -0.3581918 0.3157934 0.3379783 -0.1426745 -0.0412464 0.2924244 -0.3754177 0.3398121 0.3861720 -0.1911211 -0.1916980 0.4862869 -0.8525121 0.6523893 0.6982206 -0.2947476 -0.0863523 0.6122118 -0.7859644 0.6192458 0.7037282 -0.3482834 0.0247235 0.1074351 -0.0032970 -0.0034199 0.0379848 -0.0190861 0.0074500 0.0881574 0.0090100 -0.0029641 0.0379846 -0.0188574 0.0755516 0.1623832 0.1003571 -0.0456867 0.0319880 -0.0194295 0.0225104 0.1067130 0.0938146 -0.0393916 0.0264199 -0.0131760
-0.0558204 0.3117536 -0.3614889 0.3123735 0.3759631 -0.1617606 -0.0337964 0.3805818 -0.3664077 0.3368480 0.4241566 -0.2099785 -0.1161464 0.6486701 -0.7521550 0.6067026 0.7302086 -0.3141771 -0.0638419 0.7189248 -0.6921498 0.5798541 0.7301481 -0.3614594 0.0049876 0.0095278 -0.0040374 0.0023321 0.0072206 -0.0039202 0.0043395 0.0183302 0.0000972 -0.0017035 0.0105884 -0.0022880 0.0122577 0.0079433 0.0051168 -0.0047405 0.0027369 -0.0027337 0.0095319 0.0165522 0.0167803 -0.0104057 0.0085327 0.0007947
-0.0508328 0.3212814 -0.3655263 0.3147056 0.3831837 -0.1656808 -0.0294569 0.3989120 -0.3663105 0.3351446 0.4347450 -0.2122665 -0.1038887 0.6566134 -0.7470381 0.6019621 0.7329456 -0.3169107 -0.0543099 0.7354771 -0.6753695 0.5694485 0.7386808 -0.3606647 -0.0051076 -0.0010493 -0.0026084 0.0053871 -0.0091230 -0.0037479 -0.0005880 -0.0071973 -0.0038864 -0.0020987 -0.0055159 -0.0022750 -0.0100146 -0.0045719 -0.0025404 0.0128205 -0.0145099 -0.0085008 -0.0013489 -0.0098167 -0.0104287 0.0007276 -0.0038387 -0.0066312
-0.0559405 0.3202321 -0.3681347 0.3200927 0.3740607 -0.1694288 -0.0300449 0.3917147 -0.3701969 0.3330459 0.4292291 -0.2145414 -0.1139033 0.6520415 -0.7495785 0.6147826 0.7184356 -0.3254115 -0.0556588 0.7256603 -0.6857982 0.5701761 0.7348421 -0.3672959 -0.0051188 0.1155575 0.0186301 0.0029104 0.0965528 0.0073171 -0.0124820 0.1140350 0.0236148 -0.0066099 0.1265476 0.0040692 0.0052484 0.1234459 0.1276352 -0.0704292 0.0746838 0.0522066 -0.0135376 0.0972569 0.1218663 -0.0887399 0.0848315 0.0568861
-0.0610593 0.4357896 -0.3495046 0.3230031 0.4706135 -0.1621117 -0.0425269 0.5057497 -0.3465821 0.3264360 0.5557767 -0.2104723 -0.1086550 0.7754874 -0.6219433 0.5443534 0.7931195 -0.2732049 -0.0691965 0.8229172 -0.5639319 0.4814362 0.8196737 -0.3104099 -0.0232861 -0.0283134 -0.0107627 -0.0046430 0.0331569 -0.0047194 -0.0052317 -0.0073877 -0.0115313 -0.0013226 0.0055764 -0.0012760 -0.0445880 -0.0351641 -0.0326085 -0.0299118 0.0209287 0.0036208 -0.0083915 -0.0132847 -0.0178545 -0.0050013 0.0029567 0.0001051
-0.0843454 0.4074762 -0.3602673 0.3183601 0.5037704 -0.1668310 -0.0477586 0.4983620 -0.3581134 0.3251135 0.5613531 -0.2117482 -0.1532429 0.7403232 -0.6545518 0.5144416 0.8140481 -0.2695840 -0.0775880 0.8096325 -0.5817864 0.4764349 0.8226304 -0.3103047 0.0249175 0.0721919 0.0131910 -0.0120875 0.0418493 -0.0190550 0.0126577 0.0495237 0.0120827 -0.0100865 0.0439254 -0.0142715 0.0533712 0.0657846 0.0712716 -0.0452242 0.0218552 -0.0151980 0.0235000 0.0346205 0.0485777 -0.0381736 0.0194250 -0.0041309
-0.0594279 0.4796681 -0.3470763 0.3062726 0.5456197 -0.1858860 -0.0351008 0.5478857 -0.3460307 0.3150270 0.6052785 -0.2260198 -0.0998717 0.8061078 -0.5832802 0.4692174 0.8359033 -0.2847821 -0.0540879 0.8442529 -0.5332087 0.4382613 0.8420554 -0.3144357 -0.0035005 -0.0017902 0.0008740 -0.0038168 0.0120999 -0.0086594 -0.0110079 0.0204372 0.0084654 -0.0042556 0.0124203 -0.0082729 -0.0061664 -0.0008544 -0.0000917 -0.0134441 0.0045292 -0.0083801 -0.0154975 0.0134356 0.0237696 -0.0125965 0.0040092 -0.0064759
-0.0629284 0.4778779 -0.3462023 0.3024558 0.5577196 -0.1945454 -0.0461088 0.5683229 -0.3375653 0.3107714 0.6176988 -0.2342926 -0.1060381 0.8052534 -0.5833720 0.4557732 0.8404325 -0.2931622 -0.0695854 0.8576886 -0.5094391 0.4256648 0.8460645 -0.3209116 -0.0113638 -0.0231199 0.0017159 0.0023137 -0.0038132 0.0113399 -0.0033053 -0.0193175 0.0031717 0.0024281 -0.0054500 0.0089971 -0.0230933 -0.0148121 -0.0153998 0.0072435 0.0010820 0.0148298 -0.0070585 -0.0061517 -0.0092233 0.0071275 -0.0000333 0.0095887
-0.0742921 0.4547580 -0.3444864 0.3047694 0.5539064 -0.1832055 -0.0494141 0.5490054 -0.3343936 0.3131995 0.6122488 -0.2252955 -0.1291315 0.7904413 -0.5987718 0.4630167 0.8415145 -0.2783324 -0.0766439 0.8515368 -0.5186624 0.4327923 0.8460313 -0.3113229 0.0011170 -0.0026099 0.0043724 -0.0020961 -0.0039027 0.0133890 -0.0000819 -0.0025902 0.0067823 -0.0012741 -0.0044579 0.0128006 0.0008666 0.0021060 0.0026033 0.0023852 0.0041920 0.0172162 -0.0008120 0.0035441 0.0059860 0.0031957 0.0034974 0.0143120
-0.0731751 0.4521481 -0.3401140 0.3026733 0.5500037 -0.1698165 -0.0494960 0.5464152 -0.3276114 0.3119254 0.6077909 -0.2124949 -0.1282649 0.7925473 -0.5961685 0.4654019 0.8457065 -0.2611162 -0.0774559 0.8550809 -0.5126765 0.4359880 0.8495287 -0.2970109 -0.0041843 -0.0130514 0.0014676 0.0021602 -0.0041809 0.0045824 -0.0119173 -0.0383860 0.0044716 0.0023282 -0.0041842 0.0046143 -0.0099052 -0.0082858 -0.0086809 0.0060068 -0.0016208 0.0055905 -0.0240176 -0.0156608 -0.0212495 0.0056553 -0.0012364 0.0048612
-0.0773594 0.4390967 -0.3386464 0.3048335 0.5458228 -0.1652341 -0.0614132 0.5080292 -0.3231397 0.3142535 0.6036067 -0.2078806 -0.1381701 0.7842616 -0.6048494 0.4714087 0.8440856 -0.2555257 -0.1014735 0.8394201 -0.5339260 0.4416433 0.8482923 -0.2921497 0.0036004 0.0122585 0.0041031 0.0012299 -0.0002960 0.0047628 0.0055709 0.0120505 0.0028224 0.0011555 -0.0004326 0.0045625 0.0080009 0.0122847 0.0144513 0.0025388 0.0006774 0.0070316 0.0104295 0.0085058 0.0116880 0.0023570 0.0007940 0.0059395
-0.0737591 0.4513552 -0.3345434 0.3060634 0.5455268 -0.1604713 -0.0558423 0.5200797 -0.3203174 0.3154090 0.6031741 -0.2033180 -0.1301691 0.7965463 -0.5903981 0.4739475 0.8447630 -0.2484941 -0.0910440 0.8479259 -0.5222380 0.4440003 0.8490863 -0.2862102 -0.0077799 -0.0114634 -0.0002454 -0.0024859 -0.0042096 0.0043982 -0.0071298 -0.0114518 -0.0011668 -0.0031031 -0.0041421 0.0043585 -0.0157537 -0.0093125 -0.0087424 0.0004258 0.0011046 0.0046128 -0.0130428 -0.0072128 -0.0091445 -0.0005375 0.0015170 0.0036950
-0.0815390 0.4398918 -0.3347888 0.3035775 0.5413172 -0.1560731 -0.0629721 0.5086279 -0.3214842 0.3123059 0.5990320 -0.1989596 -0.1459228 0.7872338 -0.5991406 0.4743732 0.8458676 -0.2438813 -0.1040868 0.8407131 -0.5313825 0.4434628 0.8506032 -0.2825152 -0.0008193 -0.0006848 0.0047328 -0.0042036 0.0074957 0.0026725 -0.0005761 -0.0006941 0.0044359 -0.0464737 0.0121582 0.0303786 -0.0023268 0.0033636 0.0050213 -0.0092916 0.0067211 0.0055713 -0.0014530 0.0028553 0.0048337 -0.0567911 0.0384162 0.0373022
-0.0823584 0.4392070 -0.3300559 0.2993739 0.5488129 -0.1534006 -0.0635482 0.5079338 -0.3170483 0.2658322 0.6111902 -0.1685810 -0.1482497 0.7905974 -0.5941193 0.4650816 0.8525886 -0.2383100 -0.1055398 0.8435684 -0.5265488 0.3866717 0.8890194 -0.2452130 0.0018292 -0.0037599 -0.0013707 0.0012126 -0.0017461 0.0045293 0.0018061 -0.0037611 -0.0013325 0.0009053 -0.0024845 0.0023541 0.0026592 -0.0033426 -0.0050745 0.0033303 -0.0000801 0.0063200 0.0025460 -0.0025426 -0.0045518 0.0026938 -0.0004717 0.0025662
-0.0805292 0.4354471 -0.3314266 0.3005866 0.5470668 -0.1488713 -0.0617420 0.5041727 -0.3183808 0.2667375 0.6087057 -0.1662269 -0.1455905 0.7872548 -0.5991938 0.4684120 0.8525086 -0.2319900 -0.1029938 0.8410258 -0.5311006 0.3893655 0.8885477 -0.2426468 0.0002633 -0.0034647 -0.0003881 -0.0007665 0.0018029 -0.0000673 0.0002752 -0.0034654 -0.0004034 -0.0031843 0.0026082 -0.0026877 -0.0001903 -0.0026779 -0.0034561 -0.0020633 0.0012191 0.0003267 -0.0000091 -0.0019673 -0.0031008 -0.0056259 0.0015397 -0.0032968
-0.0802659 0.4319824 -0.3318147 0.2998200 0.5488697 -0.1489385 -0.0614669 0.5007073 -0.3187842 0.2635532 0.6113139 -0.1689146 -0.1457808 0.7845769 -0.6026500 0.4663487 0.8537277 -0.2316633 -0.1030029 0.8390585 -0.5342015 0.3837396 0.8900874 -0.2459437 0.0073525 0.0240263 0.0003252 -0.0018291 0.0033065 -0.0014540 0.0063901 0.0475981 -0.0050693 -0.0023730 0.0031759 -0.0022360 0.0175158 0.0176071 0.0195129 -0.0045082 0.0020611 -0.0014222 0.0168352 0.0187654 0.0275326 -0.0048216 0.0014092 -0.0023602
-0.0729134 0.4560087 -0.3314895 0.2979910 0.5521762 -0.1503925 -0.0550768 0.5483054 -0.3238535 0.2611802 0.6144898 -0.1711506 -0.1282650 0.8021840 -0.5831371 0.4618405 0.8557888 -0.2330855 -0.0861676 0.8578239 -0.5066689 0.3789181 0.8914967 -0.2483038 0.0023811 -0.0015417 -0.0004724 0.0019552 -0.0040625 0.0027356 0.0060463 -0.0011829 -0.0040349 0.0012803 -0.0039774 0.0012271 0.0039128 -0.0009350 -0.0021291 0.0053456 -0.0020653 0.0030999 0.0095254 -0.0025877 -0.0058709 0.0037226 -0.0014318 0.0005728
-0.0705323 0.4544670 -0.3319619 0.2999462 0.5481137 -0.1476570 -0.0490305 0.5471225 -0.3278884 0.2624605 0.6105124 -0.1699235 -0.1243521 0.8012491 -0.5852661 0.4671861 0.8537235 -0.2299856 -0.0766422 0.8552362 -0.5125397 0.3826406 0.8900649 -0.2477311 0.0075650 0.0235167 0.0017445 -0.0005100 0.0017308 -0.0010291 0.0020169 0.0015136 -0.0026256 -0.0010121 0.0016661 -0.0012819 0.0165979 0.0167117 0.0201740 -0.0018654 0.0007292 -0.0010711 0.0034377 -0.0009606 -0.0021002 -0.0022607 0.0005907 -0.0013548
-0.0629673 0.4779837 -0.3302173 0.2994362 0.5498445 -0.1486861 -0.0470137 0.5486361 -0.3305140 0.2614483 0.6121785 -0.1712054 -0.1077543 0.8179608 -0.5650922 0.4653207 0.8544527 -0.2310566 -0.0732045 0.8542756 -0.5146400 0.3803799 0.8906556 -0.2490859 0.0014826 0.0011552 -0.0002602 0.0028010 0.0033543 -0.0029294 0.0152774 -0.0035674 -0.0037864 0.0026820 0.0032273 -0.0034186 0.0027051 0.0006677 0.0004577 0.0008397 -0.0012176 -0.0027900 0.0236325 -0.0028799 -0.0075362 0.0012640 -0.0014510 -0.0032296
-0.0614847 0.4791389 -0.3304775 0.3022372 0.5531988 -0.1516155 -0.0317363 0.5450687 -0.3343004 0.2641304 0.6154058 -0.1746239 -0.1050491 0.8186285 -0.5646344 0.4661604 0.8532352 -0.2338466 -0.0495720 0.8513957 -0.5221762 0.3816440 0.8892046 -0.2523154 -0.0175467 -0.0390441 0.0044620 0.0176037 -0.0912972 0.0236661 -0.0152091 -0.0402523 0.0030038 0.0628180 -0.0753134 -0.0055161 -0.0377699 -0.0233255 -0.0245139 0.0889129 -0.0516202 0.0117947 -0.0279415 -0.0178714 -0.0248420 0.1163426 -0.0665708 -0.0220621
-0.0790314 0.4400948 -0.3260155 0.3198409 0.4619016 -0.1279494 -0.0469454 0.5048164 -0.3312966 0.3269484 0.5400924 -0.1801400 -0.1428191 0.7953030 -0.5891484 0.5550733 0.8016150 -0.2220519 -0.0775135 0.8335243 -0.5470182 0.4979866 0.8226338 -0.2743775 0.0210096 0.0388116 -0.0049683 -0.0004953 0.0071723 -0.0023912 0.0149957 0.0415073 -0.0043211 0.0045638 0.0010497 0.0018103 0.0436427 0.0232888 0.0233997 -0.0065935 0.0040251 -0.0018096 0.0277456 0.0174827 0.0242274 0.0049189 -0.0017188 0.0038507
-0.0580218 0.4789064 -0.3309838 0.3193456 0.4690739 -0.1303406 -0.0319497 0.5463237 -0.3356177 0.3315122 0.5411421 -0.1783297 -0.0991763 0.8185918 -0.5657486 0.5484798 0.8056400 -0.2238615 -0.0497679 0.8510070 -0.5227908 0.5029055 0.8209149 -0.2705269 -0.0196819 -0.0681940 0.0111743 0.0063467 -0.0086439 -0.0065165 -0.0248987 -0.0673679 0.0033895 0.0103030 -0.0308286 -0.0085075 -0.0484628 -0.0382275 -0.0418979 0.0127240 -0.0122680 -0.0119585 -0.0472982 -0.0332118 -0.0444738 0.0295160 -0.0260357 -0.0204961
-0.0777037 0.4107124 -0.3198095 0.3256922 0.4604300 -0.1368571 -0.0568484 0.4789558 -0.3322282 0.3418152 0.5103135 -0.1868371 -0.1476391 0.7803643 -0.6076465 0.5612039 0.7933720 -0.2358200 -0.0970660 0.8177953 -0.5672646 0.5324214 0.7948793 -0.2910230 0.0034774 -0.0918084 -0.0045590 0.0087484 -0.1298963 0.0151969 0.0051142 -0.0848361 0.0004923 -0.0078376 -0.1132358 0.0168206 -0.0134091 -0.0884411 -0.0961331 0.1273709 -0.1128411 -0.0146644 -0.0028570 -0.0565655 -0.0734730 0.0792578 -0.0676324 -0.0203619
-0.0742263 0.3189040 -0.3243685 0.3344406 0.3305337 -0.1216603 -0.0517342 0.3941197 -0.3317359 0.3339776 0.3970777 -0.1700166 -0.1610482 0.6919232 -0.7037796 0.6885748 0.6805309 -0.2504845 -0.0999230 0.7612298 -0.6407375 0.6116792 0.7272469 -0.3113849 -0.0203731 -0.0644743 0.0112780 0.0032461 -0.0071737 0.0003887 -0.0011857 -0.0512199 0.0123993 0.0060102 -0.0206627 -0.0028127 -0.0672444 -0.0779195 -0.0517877 0.0105519 -0.0110654 -0.0005890 -0.0123031 -0.0340494 -0.0364729 0.0227877 -0.0248014 -0.0111397
-0.0945995 0.2544297 -0.3130905 0.3376868 0.3233600 -0.1212716 -0.0529199 0.3428998 -0.3193366 0.3399878 0.3764150 -0.1728292 -0.2282926 0.6140038 -0.7555672 0.6991267 0.6694654 -0.2510735 -0.1122261 0.7271804 -0.6772104 0.6344669 0.7024454 -0.3225246 -0.0001839 -0.0067791 0.0052290 0.0152034 -0.0248761 -0.0126510 0.0030587 -0.0268532 0.0043891 0.0277235 -0.0316959 -0.0148421 -0.0049819 -0.0045026 -0.0021209 0.0342184 -0.0491826 -0.0272326 0.0011663 -0.0232250 -0.0242969 0.0492247 -0.0615037 -0.0264158
-0.0947834 0.2476506 -0.3078615 0.3528902 0.2984839 -0.1339226 -0.0498612 0.3160466 -0.3149475 0.3677113 0.3447191 -0.1876714 -0.2332745 0.6095012 -0.7576881 0.7333451 0.6202828 -0.2783061 -0.1110598 0.7039554 -0.7015073 0.6836916 0.6409418 -0.3489404 0.0015333 -0.0168778 0.0045540 0.0071161 -0.0635440 0.0232776 0.0011822 -0.0107012 -0.0022974 0.0094425 -0.0605398 0.0225432 -0.0043895 -0.0213365 -0.0153437 0.0776700 -0.0910148 0.0290473 0.0011751 -0.0146895 -0.0146197 0.0702088 -0.0728901 0.0188623
-0.0932501 0.2307728 -0.3033075 0.3600062 0.2349399 -0.1106450 -0.0486790 0.3053454 -0.3172449 0.3771539 0.2841793 -0.1651282 -0.2376640 0.5881646 -0.7730318 0.8110150 0.5292680 -0.2492588 -0.1098847 0.6892659 -0.7161270 0.7539004 0.5680517 -0.3300781 -0.0017744 -0.0046616 0.0070692 0.0184448 0.0220034 -0.0467373 0.0013874 -0.0315815 -0.0053955 0.0093267 0.0404391 -0.0167877 -0.0094128 -0.0002437 0.0027708 -0.0286876 0.0018807 -0.0760791 -0.0011886 -0.0462803 -0.0416541 -0.0335334 0.0370095 -0.0089977
-0.0950244 0.2261112 -0.2962382 0.3784511 0.2569433 -0.1573823 -0.0472917 0.2737639 -0.3226403 0.3864805 0.3246184 -0.1819159 -0.2470768 0.5879209 -0.7702610 0.7823275 0.5311487 -0.3253379 -0.1110733 0.6429856 -0.7577811 0.7203669 0.6050612 -0.3390758 -0.0002543 -0.0414209 -0.0038623 -0.0058560 -0.0678752 0.0419478 -0.0083706 -0.0443853 -0.0184448 0.0023180 -0.1110781 0.0341700 -0.0139373 -0.0819654 -0.0518586 0.0772300 -0.0949785 0.0590365 -0.0231201 -0.0899881 -0.0645241 0.1112185 -0.1483285 0.0230682
-0.0952787 0.1846903 -0.3001006 0.3725951 0.1890681 -0.1154345 -0.0556623 0.2293786 -0.3410851 0.3887986 0.2135403 -0.1477459 -0.2610141 0.5059555 -0.8221196 0.8595575 0.4361703 -0.2663014 -0.1341934 0.5529975 -0.8223052 0.8315855 0.4567327 -0.3160076 -0.0013931 -0.0292138 -0.0051397 0.0013631 -0.0259053 -0.0124272 -0.0030304 -0.0190085 -0.0092820 0.0181810 -0.0292998 -0.0410380 -0.0105851 -0.0691444 -0.0354525 0.0150569 -0.0545647 -0.0327420 -0.0079660 -0.0434603 -0.0263187 0.0075632 -0.0768484 -0.0732446
-0.0966718 0.1554765 -0.3052402 0.3739582 0.1631628 -0.1278617 -0.0586926 0.2103701 -0.3503672 0.4069796 0.1842405 -0.1887839 -0.2715992 0.4368111 -0.8575721 0.8746144 0.3816056 -0.2990433 -0.1421594 0.5095372 -0.8486239 0.8391487 0.3798843 -0.3892523 0.0019486 -0.0504904 0.0016890 0.0040028 -0.0338924 0.0005530 -0.0029529 -0.0602862 0.0007926 0.0086981 -0.0371582 0.0022613 -0.0112662 -0.1232981 -0.0489028 0.0268967 -0.0732703 -0.0046129 -0.0177956 -0.1201064 -0.0584362 0.0290882 -0.0726697 -0.0003422
-0.0947231 0.1049861 -0.3035512 0.3779609 0.1292704 -0.1273087 -0.0616455 0.1500839 -0.3495746 0.4156777 0.1470823 -0.1865225 -0.2828654 0.3135130 -0.9064749 0.9015111 0.3083353 -0.3036563 -0.1599550 0.3894308 -0.9070601 0.8682369 0.3072146 -0.3895945 0.0004348 -0.0194599 0.0028326 0.0264736 -0.0051575 -0.0243295 0.0043491 -0.0338061 -0.0052912 0.0247881 0.0037750 -0.0258899 -0.0058731 -0.0516068 -0.0144134 -0.0015791 -0.0321641 -0.0337632 0.0082970 -0.0816551 -0.0322343 -0.0075303 -0.0124270 -0.0254771
-0.0942883 0.0855262 -0.3007186 0.4044345 0.1241129 -0.1516382 -0.0572965 0.1162778 -0.3548658 0.4404658 0.1508573 -0.2124125 -0.2887385 0.2619062 -0.9208883 0.8999320 0.2761712 -0.3374195 -0.1516580 0.3077757 -0.9392944 0.8607066 0.2947877 -0.4150716 -0.0260552 -0.0552374 0.0340883 -0.0147736 -0.0407356 0.0018129 -0.0108364 -0.0573672 0.0214144 -0.0000655 -0.1161166 0.0450968 -0.1204614 -0.1589163 0.0142745 0.0153729 -0.0803198 -0.0145169 -0.0455987 -0.1372190 -0.0261072 0.0715713 -0.2212455 0.0608830
-0.1203435 0.0302888 -0.2666303 0.3896609 0.0833773 -0.1498253 -0.0681328 0.0589106 -0.3334514 0.4404003 0.0347407 -0.1673157 -0.4091999 0.1029899 -0.9066138 0.9153049 0.1958514 -0.3519364 -0.1972567 0.1705567 -0.9654016 0.9322779 0.0735422 -0.3541886 0.0043029 -0.0241823 0.0046088 0.0355404 -0.0925697 0.0320153 0.0028101 -0.0313128 0.0023346 0.0248004 -0.0562676 -0.0096029 0.0043582 -0.0816856 -0.0075248 0.0481800 -0.2166810 0.0849848 0.0043510 -0.0890572 -0.0124252 0.0015377 -0.1167539 -0.0009470
-0.1160407 0.0061065 -0.2620216 0.4252013 -0.0091924 -0.1178100 -0.0653227 0.0275978 -0.3311168 0.4652007 -0.0215269 -0.1769186 -0.4048416 0.0213043 -0.9141386 0.9634848 -0.0208295 -0.2669516 -0.1929057 0.0814995 -0.9778268 0.9338155 -0.0432118 -0.3551356 0.0000000 0.0000000 0.0000000 0.0000000 0.0000000 0.0000000 0.0000000 0.0000000 0.0000000 0.0000000 0.0000000 0.0000000 0.0000000 0.0000000 0.0000000 0.0000000 0.0000000 0.0000000 0.0000000 0.0000000 0.0000000 0.0000000 0.0000000 0.0000000
