0.0120778 0.2128226 -0.3591113 0.3469035 0.3932693 -0.2607535 0.0673787 0.2856348 -0.3939257 0.3416408 0.4674623 -0.3171226 0.0289211 0.5096173 -0.8599150 0.5923313 0.6715000 -0.4452318 0.1371639 0.5814714 -0.8019209 0.5175151 0.7081087 -0.4803751 0.0022376 -0.0002064 -0.0000510 -0.0061887 -0.0121574 -0.0104312 0.0025525 0.0000980 0.0011074 -0.0086029 0.0026316 -0.0285027 0.0053574 -0.0005057 -0.0001027 -0.0035551 -0.0129151 -0.0233921 0.0053336 0.0007605 0.0014832 -0.0217997 -0.0083901 -0.0340763
0.0143155 0.2126162 -0.3591623 0.3407148 0.3811119 -0.2711847 0.0699312 0.2857328 -0.3928182 0.3330379 0.4700939 -0.3456253 0.0342785 0.5091116 -0.8600177 0.5887763 0.6585850 -0.4686239 0.1424974 0.5822319 -0.8004377 0.4957154 0.6997186 -0.5144513 0.0506689 0.0298908 -0.0213225 -0.0006278 -0.0047996 0.0017767 0.0250065 0.0196754 -0.0070437 -0.0007387 -0.0090004 -0.0024518 0.1082773 0.0228743 0.0253507 0.0033731 -0.0033611 -0.0004613 0.0429163 0.0142310 0.0195064 0.0028775 -0.0078784 -0.0078152
0.0649844 0.2425070 -0.3804848 0.3400870 0.3763123 -0.2694080 0.0949378 0.3054082 -0.3998620 0.3322992 0.4610935 -0.3480771 0.1425558 0.5319859 -0.8346669 0.5921493 0.6552238 -0.4690852 0.1854137 0.5964629 -0.7809313 0.4985929 0.6918402 -0.5222665 -0.0081318 -0.0258932 0.0032858 -0.0016760 0.0505198 -0.0551807 0.0174321 -0.0158469 -0.0115180 0.0049547 -0.0193098 -0.0026616 -0.0129542 -0.0381911 -0.0251994 -0.0584508 0.0179213 -0.0428147 0.0325826 -0.0347173 -0.0171410 0.0145637 -0.0196337 -0.0114082
0.0568526 0.2166138 -0.3771990 0.3384110 0.4268321 -0.3245887 0.1123699 0.2895613 -0.4113799 0.3372539 0.4417837 -0.3507387 0.1296016 0.4937948 -0.8598663 0.5336986 0.6731451 -0.5118999 0.2179963 0.5617456 -0.7980724 0.5131566 0.6722065 -0.5336748 0.0045463 -0.0035775 -0.0025934 -0.0084509 -0.0321057 -0.0276266 0.0187989 -0.0300580 -0.0188584 -0.0013069 -0.0260051 -0.0047774 0.0100147 -0.0093668 -0.0037521 -0.0044828 -0.0400520 -0.0530106 0.0346008 -0.0620093 -0.0304555 0.0101508 -0.0245448 -0.0201155
0.0613989 0.2130363 -0.3797924 0.3299600 0.3947264 -0.3522153 0.1311687 0.2595033 -0.4302383 0.3359470 0.4157786 -0.3555161 0.1396163 0.4844280 -0.8636184 0.5292157 0.6330931 -0.5649105 0.2525971 0.4997363 -0.8285278 0.5233074 0.6476617 -0.5537903 0.0208472 -0.0169860 -0.0144234 -0.0103717 -0.0575166 0.0173627 0.0078926 0.0013815 -0.0066489 -0.0032192 -0.0349025 -0.0005745 0.0440134 -0.0467091 -0.0165420 0.0288323 -0.0442754 -0.0197912 0.0110201 -0.0051796 0.0003252 0.0146289 -0.0318819 -0.0219177
0.0822460 0.1960503 -0.3942158 0.3195883 0.3372098 -0.3348526 0.1390613 0.2608848 -0.4368872 0.3327279 0.3808761 -0.3560906 0.1836297 0.4377189 -0.8801604 0.5580480 0.5888177 -0.5847017 0.2636171 0.4945567 -0.8282027 0.5379363 0.6157798 -0.5757080 -0.0002585 -0.0101096 -0.0039275 0.0048744 -0.0067229 -0.0023964 -0.0008294 -0.0123614 -0.0058065 0.0116588 -0.0268905 -0.0122175 -0.0002147 -0.0217493 -0.0105294 0.0082860 -0.0119688 -0.0039502 -0.0009014 -0.0222270 -0.0131564 0.0210572 -0.0412058 -0.0221138
0.0819875 0.1859407 -0.3981432 0.3244627 0.3304869 -0.3372490 0.1382319 0.2485234 -0.4426937 0.3443867 0.3539856 -0.3683082 0.1834150 0.4159696 -0.8906898 0.5663340 0.5768490 -0.5886519 0.2627158 0.4723297 -0.8413590 0.5589935 0.5745740 -0.5978218 0.0030967 -0.0143890 -0.0053767 0.0029340 -0.0218461 -0.0100379 0.0011890 -0.0154108 -0.0045142 0.0230670 -0.0129935 -0.0297528 0.0070784 -0.0318857 -0.0127436 0.0096832 -0.0338306 -0.0223598 0.0037437 -0.0268077 -0.0133394 0.0150475 -0.0418717 -0.0240343
0.0850842 0.1715517 -0.4035200 0.3273967 0.3086408 -0.3472869 0.1394209 0.2331126 -0.4472079 0.3674537 0.3409921 -0.3980610 0.1904934 0.3840839 -0.9034334 0.5760172 0.5430183 -0.6110117 0.2664595 0.4455220 -0.8546985 0.5740411 0.5327024 -0.6218561 -0.0470073 -0.0412011 0.0409293 0.0011717 -0.0648929 0.0262869 0.0040432 -0.0509269 -0.0188046 -0.0225268 -0.0498537 0.0249490 -0.0921509 -0.0474226 -0.0330430 0.0558320 -0.0742820 -0.0062831 0.0091572 -0.0955150 -0.0405839 0.0149552 -0.0355553 -0.0152688
0.0380768 0.1303506 -0.3625907 0.3285683 0.2437479 -0.3210000 0.1434641 0.1821857 -0.4660126 0.3449270 0.2911384 -0.3731120 0.0983425 0.3366613 -0.9364763 0.6318491 0.4687363 -0.6172949 0.2756168 0.3500070 -0.8952824 0.5889963 0.4971471 -0.6371249 0.0045380 -0.0128682 -0.0018116 -0.0280915 -0.0346320 -0.0063833 0.0032509 -0.0052310 -0.0016448 -0.0035546 -0.0272032 0.0160762 0.0122775 -0.0316995 -0.0094420 -0.0200254 -0.0429395 -0.0493151 0.0059336 -0.0104256 -0.0021661 0.0205279 -0.0258879 -0.0003663
0.0426148 0.1174824 -0.3644022 0.3004768 0.2091159 -0.3273833 0.1467150 0.1769547 -0.4676573 0.3413724 0.2639352 -0.3570358 0.1106200 0.3049618 -0.9459184 0.6118237 0.4257968 -0.6666100 0.2815504 0.3395814 -0.8974485 0.6095241 0.4712592 -0.6374913 0.0018846 -0.0099369 -0.0011928 0.0422152 -0.0157717 0.0711249 -0.0615568 -0.0461142 0.0469866 0.0434635 -0.0224863 0.0670289 0.0053623 -0.0246576 -0.0069603 0.1179889 -0.0140421 0.1208705 -0.0917635 -0.0479847 -0.0400760 0.1044826 -0.0232860 0.0994259
0.0444994 0.1075455 -0.3655951 0.3426920 0.1933442 -0.2562583 0.0851581 0.1308405 -0.4206707 0.3848358 0.2414489 -0.2900068 0.1159823 0.2803041 -0.9528786 0.7298126 0.4117547 -0.5457395 0.1897870 0.2915967 -0.9375246 0.7140068 0.4479732 -0.5380654 0.0026095 -0.0250981 -0.0036264 0.0049127 -0.0091792 -0.0563453 -0.0004382 -0.0259918 -0.0061066 0.0047168 -0.0091793 -0.0565882 0.0075864 -0.0640411 -0.0156053 -0.0380080 -0.0452285 -0.0764059 -0.0004939 -0.0573291 -0.0160408 -0.0315556 -0.0410637 -0.0691291
0.0471089 0.0824474 -0.3692215 0.3476047 0.1841650 -0.3126036 0.0847199 0.1048487 -0.4267774 0.3895526 0.2322696 -0.3465950 0.1235687 0.2162631 -0.9684839 0.6918047 0.3665262 -0.6221454 0.1892930 0.2342675 -0.9535653 0.6824512 0.4069095 -0.6071944 0.0000698 -0.0080173 -0.0003686 -0.0139551 -0.0311343 0.0547972 -0.0006252 -0.0063437 -0.0001418 -0.0140574 -0.0311345 0.0546722 0.0006018 -0.0203689 -0.0042479 0.0520218 -0.0253650 0.0474009 -0.0007962 -0.0134704 -0.0033660 0.0446863 -0.0174162 0.0418927
0.0471787 0.0744301 -0.3695901 0.3336496 0.1530307 -0.2578065 0.0840948 0.0985050 -0.4269192 0.3754952 0.2011351 -0.2919229 0.1241705 0.1958941 -0.9727318 0.7438265 0.3411612 -0.5747445 0.1884968 0.2207971 -0.9569313 0.7271375 0.3894934 -0.5653017 0.0046677 -0.0211705 -0.0001727 0.0080614 -0.0068493 0.0001327 0.0044790 -0.0207415 -0.0001118 0.0080749 -0.0068495 0.0001494 0.0132948 -0.0546817 -0.0076571 0.0117513 -0.0179306 0.0049864 0.0114444 -0.0452582 -0.0070239 0.0110371 -0.0155937 0.0037883
0.0518463 0.0532596 -0.3697628 0.3417110 0.1461814 -0.2576738 0.0885737 0.0777635 -0.4270309 0.3835701 0.1942856 -0.2917734 0.1374653 0.1412125 -0.9803889 0.7555778 0.3232305 -0.5697581 0.1999413 0.1755389 -0.9639552 0.7381746 0.3738996 -0.5615134 0.0011196 -0.0123799 0.0001982 0.0063004 -0.0197612 0.0112526 0.0009203 -0.0124470 0.0000426 0.0061802 -0.0197613 0.0111060 0.0035620 -0.0323660 -0.0036151 0.0268805 -0.0389911 0.0157121 0.0029339 -0.0274721 -0.0039900 0.0245209 -0.0323761 0.0122802
0.0529659 0.0408797 -0.3695645 0.3480114 0.1264202 -0.2464212 0.0894941 0.0653165 -0.4269884 0.3897503 0.1745243 -0.2806675 0.1410273 0.1088465 -0.9840039 0.7824583 0.2842394 -0.5540460 0.2028752 0.1480668 -0.9679452 0.7626955 0.3415235 -0.5492333 0.0049613 -0.0153664 0.0024691 0.0017483 -0.0168699 0.0058878 0.0221155 -0.0227883 0.0145320 0.0017713 -0.0168700 0.0059161 0.0144770 -0.0403567 -0.0014541 0.0153618 -0.0343494 0.0053767 0.0570437 -0.0490261 0.0074073 0.0147203 -0.0284809 0.0036795
0.0579273 0.0255133 -0.3670954 0.3497596 0.1095503 -0.2405334 0.1116096 0.0425282 -0.4124563 0.3915216 0.1576543 -0.2747514 0.1555042 0.0684898 -0.9854581 0.7978202 0.2498900 -0.5486693 0.2599189 0.0990407 -0.9605379 0.7774159 0.3130426 -0.5455537 0.0012661 -0.0109442 0.0008639 0.0001967 -0.0166833 -0.0121971 0.0476759 -0.0035623 -0.0360514 -0.0398477 -0.0685451 -0.0757254 0.0039304 -0.0292486 -0.0009702 -0.0052569 -0.0395695 -0.0237019 0.0736317 -0.0174444 0.0213436 -0.0802440 -0.1363891 -0.1492448
0.0591933 0.0145691 -0.3662314 0.3499563 0.0928670 -0.2527305 0.1592855 0.0389659 -0.4485077 0.3516740 0.0891092 -0.3504768 0.1594346 0.0392412 -0.9864283 0.7925633 0.2103205 -0.5723712 0.3335506 0.0815963 -0.9391944 0.6971718 0.1766535 -0.6947985 0.0003756 -0.0235909 0.0005325 -0.0037880 -0.0233136 -0.0002388 -0.0476372 -0.0245702 0.0384422 -0.0038234 -0.0171696 -0.0002830 0.0012893 -0.0635831 -0.0002709 0.0044090 -0.0501899 -0.0100319 -0.0709952 -0.0477429 -0.0251285 -0.0003657 -0.0325458 -0.0078352
0.0595689 -0.0090218 -0.3656990 0.3461683 0.0695534 -0.2529693 0.1116482 0.0143957 -0.4100655 0.3478506 0.0719396 -0.3507598 0.1607240 -0.0243419 -0.9866992 0.7969723 0.1601306 -0.5824031 0.2625554 0.0338534 -0.9643229 0.6968061 0.1441077 -0.7026338 0.0090282 -0.0340975 0.0097662 -0.0090494 -0.0221789 -0.0078543 -0.0105294 -0.0259377 -0.0022079 -0.0068484 -0.0240481 -0.0078194 0.0271937 -0.0937808 0.0116433 -0.0108940 -0.0496649 -0.0257731 -0.0244327 -0.0610334 -0.0065318 -0.0108878 -0.0477750 -0.0186402
0.0685971 -0.0431193 -0.3559327 0.3371189 0.0473745 -0.2608235 0.1011188 -0.0115420 -0.4122734 0.3410022 0.0478915 -0.3585792 0.1879176 -0.1181227 -0.9750559 0.7860783 0.1104657 -0.6081762 0.2381227 -0.0271800 -0.9708547 0.6859183 0.0963327 -0.7212740 -0.0026868 0.0026142 0.0016976 0.0049611 -0.0116119 -0.0000871 -0.0039229 -0.0129414 -0.0051564 0.0185686 -0.0170916 0.0015386 -0.0061382 0.0064104 -0.0019173 0.0063087 -0.0276259 0.0038083 -0.0117145 -0.0298516 -0.0015067 0.0223735 -0.0356622 0.0179662
0.0659103 -0.0405051 -0.3542351 0.3420800 0.0357626 -0.2609106 0.0971959 -0.0244834 -0.4174298 0.3595708 0.0307999 -0.3570406 0.1817794 -0.1117122 -0.9769732 0.7923869 0.0828397 -0.6043679 0.2264083 -0.0570317 -0.9723614 0.7082918 0.0606704 -0.7033078 0.0038401 -0.0091076 -0.0006629 -0.0068492 -0.0308923 -0.0161630 0.0149922 -0.0211568 0.0041167 0.0119878 -0.0189613 0.0178317 0.0092788 -0.0241854 0.0048474 -0.0216359 -0.0716421 -0.0326702 0.0340742 -0.0489374 0.0127159 0.0300291 -0.0371461 0.0292685
0.0697504 -0.0496127 -0.3548980 0.3352309 0.0048703 -0.2770737 0.1121881 -0.0456402 -0.4133131 0.3715585 0.0118386 -0.3392089 0.1910582 -0.1358976 -0.9721258 0.7707510 0.0111976 -0.6370380 0.2604825 -0.1059691 -0.9596455 0.7383209 0.0235244 -0.6740392 0.0038686 -0.0181006 0.0078375 0.0055198 -0.0142185 0.0066287 -0.0003873 -0.0038072 0.0076218 -0.0065698 -0.0233601 0.0006694 0.0127671 -0.0515769 0.0112364 0.0123482 -0.0326813 0.0155124 0.0033794 -0.0107321 0.0021708 -0.0053445 -0.0466620 -0.0058213
0.0736190 -0.0677133 -0.3470605 0.3407507 -0.0093482 -0.2704450 0.1118008 -0.0494474 -0.4056912 0.3649888 -0.0115215 -0.3385395 0.2038252 -0.1874745 -0.9608895 0.7830992 -0.0214837 -0.6215256 0.2638619 -0.1167011 -0.9574747 0.7329764 -0.0231377 -0.6798605 -0.0038878 -0.0102578 0.0082950 0.0030496 -0.0172397 0.0199870 0.0008403 -0.0136767 0.0106460 0.0076083 -0.0212264 0.0084926 -0.0071486 -0.0324427 0.0054028 0.0235909 -0.0409020 0.0338530 0.0071628 -0.0351811 0.0069604 0.0139647 -0.0425117 0.0182192
0.0697312 -0.0779711 -0.3387654 0.3438002 -0.0265879 -0.2504580 0.1126412 -0.0631241 -0.3950452 0.3725971 -0.0327479 -0.3300469 0.1966766 -0.2199172 -0.9554866 0.8066901 -0.0623856 -0.5876726 0.2710247 -0.1518822 -0.9505143 0.7469411 -0.0656493 -0.6616413 -0.0470414 -0.0239240 0.0434232 -0.0043872 -0.0139081 0.0071911 -0.0126426 -0.0409563 0.0397845 -0.0069000 -0.0204689 0.0206251 -0.1242427 -0.1053683 0.0126491 0.0023082 -0.0341374 0.0078407 -0.0102460 -0.1195411 0.0240566 0.0117923 -0.0447627 0.0196656
0.0226898 -0.1018951 -0.2953422 0.3394131 -0.0404960 -0.2432669 0.0999986 -0.1040804 -0.3552608 0.3656971 -0.0532168 -0.3094218 0.0724339 -0.3252855 -0.9428376 0.8089983 -0.0965231 -0.5798319 0.2607788 -0.2714233 -0.9264577 0.7587334 -0.1104120 -0.6419757 0.0300898 -0.0203898 -0.0119735 -0.0080754 -0.0170274 0.0156945 0.0306708 -0.0168388 -0.0112409 -0.0085875 -0.0070823 0.0143418 0.0851472 -0.0398138 0.0253024 0.0069885 -0.0451401 0.0193882 0.0599178 -0.0253437 0.0269672 0.0056986 -0.0186648 0.0103248
0.0527796 -0.1222849 -0.3073157 0.3313377 -0.0575234 -0.2275724 0.1306694 -0.1209192 -0.3665017 0.3571096 -0.0602991 -0.2950800 0.1575812 -0.3650993 -0.9175351 0.8159868 -0.1416631 -0.5604437 0.3206966 -0.2967671 -0.8994904 0.7644320 -0.1290768 -0.6316510 -0.0120507 -0.0049770 0.0107161 -0.0114034 -0.0126410 0.0368130 -0.0068169 -0.0160178 0.0192210 -0.1027183 -0.0432904 0.0398332 -0.0323804 -0.0261043 0.0057871 0.0280813 -0.0434484 0.0571716 -0.0058012 -0.0513959 0.0165276 -0.0859869 -0.1471897 -0.0490759
0.0407289 -0.1272620 -0.2965996 0.3199342 -0.0701644 -0.1907594 0.1238524 -0.1369370 -0.3472807 0.2543913 -0.1035895 -0.2552468 0.1252007 -0.3912036 -0.9117481 0.8440681 -0.1851116 -0.5032720 0.3148954 -0.3481629 -0.8829629 0.6784451 -0.2762665 -0.6807269 -0.0005743 -0.0143985 0.0067883 -0.0115408 -0.0103208 0.0496170 0.0006130 -0.0240201 0.0165434 -0.0027201 -0.0123692 0.0427183 -0.0016747 -0.0445805 0.0202137 0.0406544 -0.0457852 0.0983611 0.0056343 -0.0663420 0.0312315 0.0422256 -0.0557859 0.0721425
0.0401546 -0.1416604 -0.2898113 0.3083935 -0.0804852 -0.1411424 0.1244655 -0.1609571 -0.3307373 0.2516711 -0.1159587 -0.2125286 0.1235260 -0.4357841 -0.8915344 0.8847225 -0.2308968 -0.4049109 0.3205297 -0.4145050 -0.8517314 0.7206707 -0.3320524 -0.6085844 -0.0116482 -0.0050523 0.0136933 0.0073237 -0.0334548 -0.0400545 -0.0358540 -0.0151626 0.0271993 -0.0096321 -0.0281840 -0.0255121 -0.0327330 -0.0314957 0.0120992 -0.0570116 -0.0678180 -0.0701304 -0.0757106 -0.0720851 0.0131053 -0.0644066 -0.0587756 -0.0368386
0.0285065 -0.1467127 -0.2761179 0.3157172 -0.1139400 -0.1811969 0.0886115 -0.1761197 -0.3035380 0.2420390 -0.1441426 -0.2380407 0.0907930 -0.4672797 -0.8794352 0.8277108 -0.2987148 -0.4750413 0.2448191 -0.4865901 -0.8386261 0.6562641 -0.3908280 -0.6454230 -0.0083837 -0.0092991 0.0086511 -0.0019686 -0.0043417 0.0010065 -0.0067286 -0.0002144 0.0044171 -0.0042919 -0.0059239 0.0050747 -0.0259425 -0.0355054 0.0174598 -0.0034749 -0.0120184 0.0016704 -0.0152957 -0.0076866 0.0001694 -0.0051264 -0.0201716 0.0073799
0.0201228 -0.1560118 -0.2674668 0.3137485 -0.1182818 -0.1801904 0.0818829 -0.1763341 -0.2991209 0.2377471 -0.1500665 -0.2329659 0.0648505 -0.5027851 -0.8619754 0.8242359 -0.3107332 -0.4733709 0.2295233 -0.4942766 -0.8384567 0.6511377 -0.4109996 -0.6380431 -0.0069664 -0.0127045 0.0087427 -0.0075231 0.0110157 0.0613430 -0.0081472 -0.0230908 0.0155709 0.0037472 0.0076352 0.0497356 -0.0222944 -0.0429497 0.0250987 0.0619615 0.0003118 0.1294338 -0.0214726 -0.0684157 0.0383990 0.0698869 -0.0142547 0.0909761
0.0131564 -0.1687163 -0.2587241 0.3062255 -0.1072661 -0.1188474 0.0737357 -0.1994249 -0.2835500 0.2414943 -0.1424313 -0.1832303 0.0425561 -0.5457348 -0.8368767 0.8861974 -0.3104215 -0.3439371 0.2080507 -0.5626923 -0.8000577 0.7210246 -0.4252543 -0.5470670 -0.0008802 -0.0019266 0.0056135 -0.0028995 -0.0054813 0.0015859 -0.0000630 0.0013191 0.0038767 -0.0071762 -0.0055440 0.0062301 -0.0023730 -0.0128211 0.0083836 -0.0049305 -0.0171488 0.0032518 0.0021077 -0.0024236 0.0022623 -0.0084485 -0.0247481 0.0087983
0.0122762 -0.1706429 -0.2531106 0.3033260 -0.1127474 -0.1172615 0.0736726 -0.1981058 -0.2796733 0.2343181 -0.1479754 -0.1770002 0.0401832 -0.5585558 -0.8284930 0.8812668 -0.3275702 -0.3406853 0.2101584 -0.5651160 -0.7977953 0.7125761 -0.4500024 -0.5382687 -0.0027753 -0.0027343 0.0034625 0.0013129 -0.0001722 -0.0005249 0.0223189 -0.0596422 0.0128355 0.0044930 -0.0140671 0.0060569 -0.0089399 -0.0115846 0.0075400 0.0002484 0.0008216 -0.0001464 0.0403341 -0.1074843 0.1014748 -0.0006110 -0.0330932 0.0286372
0.0095009 -0.1733771 -0.2496481 0.3046388 -0.1129196 -0.1177865 0.0959916 -0.2577480 -0.2668379 0.2388111 -0.1620425 -0.1709433 0.0312433 -0.5701404 -0.8209530 0.8815152 -0.3267486 -0.3408317 0.2504925 -0.6726003 -0.6963206 0.7119651 -0.4830957 -0.5096315 -0.0501314 0.0035216 0.0328623 -0.0034319 -0.0016672 0.0392218 -0.0581951 0.0511119 0.0045728 0.0012886 0.0027974 0.0303822 -0.1771941 -0.0400073 0.0422244 0.0265417 -0.0186993 0.1039806 -0.1380102 0.0576501 -0.0841818 0.0370153 -0.0136626 0.0711574
-0.0406304 -0.1698555 -0.2167858 0.3012070 -0.1145868 -0.0785647 0.0377964 -0.2066360 -0.2622650 0.2400996 -0.1592451 -0.1405610 -0.1459508 -0.6101477 -0.7787286 0.9080569 -0.3454479 -0.2368511 0.1124824 -0.6149502 -0.7805024 0.7489804 -0.4967583 -0.4384741 -0.0169185 -0.0317624 0.0123706 -0.0178527 -0.0300921 0.0155700 -0.0184998 -0.0413583 0.0189137 -0.0225059 -0.0312472 0.0214522 -0.0505785 -0.0783761 0.0806518 -0.0343965 -0.1006376 0.0426210 -0.0570300 -0.0977083 0.0811863 -0.0532681 -0.1123028 0.0576475
-0.0575490 -0.2016179 -0.2044153 0.2833543 -0.1446789 -0.0629946 0.0192966 -0.2479943 -0.2433514 0.2175937 -0.1904923 -0.1191088 -0.1965293 -0.6885238 -0.6980768 0.8736604 -0.4460855 -0.1942301 0.0554524 -0.7126585 -0.6993161 0.6957124 -0.6090611 -0.3808266 -0.0085589 -0.0009253 0.0044340 -0.0176140 0.0015858 0.0225256 -0.0098194 -0.0077099 0.0112309 -0.0141178 0.0030527 0.0175765 -0.0297050 -0.0046196 0.0137010 -0.0010020 -0.0238146 0.0613347 -0.0280203 -0.0274898 0.0274321 -0.0052485 -0.0269860 0.0362926
-0.0661079 -0.2025432 -0.1999812 0.2657402 -0.1430931 -0.0404690 0.0094772 -0.2557042 -0.2321205 0.2034759 -0.1874396 -0.1015323 -0.2262343 -0.6931434 -0.6843758 0.8726584 -0.4699001 -0.1328954 0.0274321 -0.7401483 -0.6718840 0.6904639 -0.6360472 -0.3445340 -0.0128249 0.0001859 0.0092849 -0.0040834 -0.0044519 0.0002171 -0.0134322 -0.0008429 0.0095815 -0.0047793 -0.0032148 0.0000461 -0.0468520 -0.0069588 0.0246177 -0.0093162 -0.0169275 0.0000833 -0.0390770 -0.0152008 0.0166647 -0.0134211 -0.0135923 -0.0012720
-0.0789328 -0.2023574 -0.1906963 0.2616568 -0.1475449 -0.0402519 -0.0039551 -0.2565471 -0.2225390 0.1986967 -0.1906544 -0.1014862 -0.2730863 -0.7001022 -0.6597581 0.8633423 -0.4868276 -0.1328121 -0.0116449 -0.7553491 -0.6552192 0.6770427 -0.6496394 -0.3458060 -0.0031628 0.0010720 0.0020126 0.0461928 -0.0472204 -0.0269780 -0.0040297 -0.0016610 0.0048778 0.1321018 -0.0553811 -0.0112871 -0.0121175 0.0008281 0.0042625 -0.0323014 -0.0389418 -0.0486753 -0.0119925 -0.0090233 0.0108776 0.0969186 0.0739960 0.0819529
-0.0820956 -0.2012853 -0.1886837 0.3078496 -0.1947653 -0.0672299 -0.0079848 -0.2582081 -0.2176612 0.3307985 -0.2460355 -0.1127733 -0.2852038 -0.6992741 -0.6554956 0.8310408 -0.5257694 -0.1814874 -0.0236374 -0.7643724 -0.6443416 0.7739614 -0.5756435 -0.2638530 -0.0029743 0.0003562 0.0021777 0.0020119 0.0009153 0.0004321 -0.0041621 -0.0013411 0.0025471 0.0020469 0.0009149 0.0004493 -0.0111624 -0.0007216 0.0057472 0.0029154 0.0040448 0.0017088 -0.0123723 -0.0050637 0.0066337 0.0030727 0.0034046 0.0016304
-0.0850700 -0.2009292 -0.1865060 0.3098615 -0.1938500 -0.0667978 -0.0121469 -0.2595491 -0.2151141 0.3328454 -0.2451206 -0.1123240 -0.2963662 -0.6999957 -0.6497485 0.8339563 -0.5217246 -0.1797785 -0.0360096 -0.7694361 -0.6377079 0.7770341 -0.5722389 -0.2622227 -0.0015136 0.0031201 0.0006268 -0.0003349 0.0037783 -0.0006115 -0.0048828 -0.0005982 0.0000999 -0.0003500 0.0037781 -0.0006194 -0.0075270 0.0057203 -0.0026552 0.0038946 0.0072239 -0.0026903 -0.0143843 -0.0003864 0.0014424 0.0033004 0.0058313 -0.0028446
-0.0865835 -0.1978091 -0.1858792 0.3095266 -0.1900716 -0.0674093 -0.0170297 -0.2601474 -0.2150142 0.3324954 -0.2413425 -0.1129434 -0.3038932 -0.6942754 -0.6524037 0.8378509 -0.5145007 -0.1824688 -0.0503939 -0.7698225 -0.6362655 0.7803345 -0.5664075 -0.2650672 -0.0009784 0.0021664 -0.0007304 -0.0000911 0.0052665 -0.0079809 0.0001617 0.0045882 -0.0029809 -0.0002163 0.0052663 -0.0080440 -0.0042129 0.0058633 -0.0042236 0.0025010 0.0126148 -0.0222727 0.0002407 0.0099728 -0.0118958 0.0011649 0.0111712 -0.0194875
-0.0875619 -0.1956427 -0.1866096 0.3094355 -0.1848051 -0.0753902 -0.0168679 -0.2555591 -0.2179951 0.3322791 -0.2360763 -0.1209874 -0.3081061 -0.6884121 -0.6566273 0.8403519 -0.5018860 -0.2047416 -0.0501532 -0.7598497 -0.6481613 0.7814994 -0.5552363 -0.2845547 0.0256714 0.0172720 -0.0202239 0.0238568 0.0285964 -0.0325036 0.0164995 0.0458364 -0.0282989 0.0176877 0.0266664 -0.0494234 0.0871060 0.0514821 -0.0819383 0.0285697 0.0946365 -0.0765468 0.0490143 0.1115328 -0.1132085 0.0102704 0.0814645 -0.1009850
-0.0618905 -0.1783707 -0.2068335 0.3332923 -0.1562087 -0.1078938 -0.0003684 -0.2097228 -0.2462940 0.3499668 -0.2094099 -0.1704108 -0.2210001 -0.6369300 -0.7385656 0.8689216 -0.4072495 -0.2812883 -0.0011389 -0.6483169 -0.7613698 0.7917698 -0.4737718 -0.3855398 0.0535236 0.0003658 -0.0505084 0.0003169 0.0480044 -0.0045524 0.0109320 -0.0282910 0.0245922 0.0124700 0.0397250 -0.0124747 0.1942702 0.0682579 -0.0835643 0.0368783 0.1134584 -0.0240202 0.0335978 -0.0830338 0.0801411 0.0319491 0.0881248 -0.0301086
-0.0083670 -0.1780049 -0.2573419 0.3336093 -0.1082043 -0.1124462 0.0105636 -0.2380137 -0.2217018 0.3624368 -0.1696849 -0.1828855 -0.0267299 -0.5686721 -0.8221299 0.9057999 -0.2937911 -0.3053085 0.0324590 -0.7313507 -0.6812287 0.8237189 -0.3856470 -0.4156484 -0.0009357 0.0217309 -0.0124246 0.0213742 -0.0060794 -0.0672845 0.0351286 0.0449124 -0.0772007 0.0185205 0.0085705 -0.0454441 -0.0030959 0.0676345 -0.0427815 -0.0483048 0.0177284 -0.1288475 0.0948976 0.1931249 -0.1518939 -0.0173959 0.0446371 -0.0676274
-0.0093027 -0.1562739 -0.2697664 0.3549835 -0.1142837 -0.1797307 0.0456922 -0.1931013 -0.2989025 0.3809573 -0.1611144 -0.2283296 -0.0298258 -0.5010376 -0.8649114 0.8574951 -0.2760627 -0.4341560 0.1273566 -0.5382259 -0.8331226 0.8063230 -0.3410100 -0.4832757 0.0060943 0.0288610 -0.0232815 0.0131782 0.0302874 -0.0239447 0.0088181 0.0146790 -0.0196940 0.0210383 0.0439133 -0.0449105 0.0197859 0.1023295 -0.0521115 0.0005948 0.0802890 -0.0405589 0.0202872 0.0549602 -0.0298118 -0.0023266 0.1066062 -0.0632082
-0.0032084 -0.1274130 -0.2930480 0.3681617 -0.0839963 -0.2036754 0.0545103 -0.1784223 -0.3185965 0.4019956 -0.1172011 -0.2732402 -0.0100399 -0.3987081 -0.9170229 0.8580900 -0.1957736 -0.4747149 0.1476438 -0.4832656 -0.8629343 0.8039964 -0.2344038 -0.5464839 -0.0013568 0.0285388 -0.0189898 0.0035744 0.0485536 -0.0162322 0.0010650 0.0691546 -0.0322317 -0.0056412 0.0600292 -0.0234514 -0.0039055 0.0966731 -0.0361719 -0.0002957 0.1139883 -0.0327298 0.0019012 0.1892424 -0.0810925 -0.0087248 0.1196903 -0.0488177
-0.0045652 -0.0988742 -0.3120378 0.3717360 -0.0354427 -0.2199076 0.0555753 -0.1092677 -0.3508282 0.3963544 -0.0571719 -0.2966916 -0.0139454 -0.3020351 -0.9531948 0.8577942 -0.0817853 -0.5074448 0.1495449 -0.2940232 -0.9440268 0.7952716 -0.1147135 -0.5953016 -0.0186467 0.0469945 -0.0033467 0.0069722 0.0435266 -0.0374973 -0.0040034 0.0455408 -0.0265205 -0.0155329 0.0545808 -0.0378271 -0.0584863 0.1401461 -0.0309523 -0.0308781 0.0994366 -0.0546034 -0.0159914 0.1289923 -0.0331775 -0.0439770 0.1096017 -0.0646456
-0.0232118 -0.0518797 -0.3153845 0.3787082 0.0080839 -0.2574049 0.0515719 -0.0637269 -0.3773487 0.3808214 -0.0025911 -0.3345186 -0.0724317 -0.1618889 -0.9841472 0.8269161 0.0176513 -0.5620482 0.1335535 -0.1650309 -0.9772043 0.7512946 -0.0051118 -0.6599472 0.0372215 0.0121573 -0.0434224 -0.0058107 0.0479544 0.0148293 0.0275839 0.0269072 -0.0406535 -0.0010864 0.0544661 -0.0055686 0.1112107 0.0519370 -0.0090330 0.0047572 0.1073309 0.0210317 0.0518137 0.0788064 -0.0016748 -0.0101969 0.1063520 -0.0037731
0.0140097 -0.0397224 -0.3588069 0.3728975 0.0560383 -0.2425757 0.0791557 -0.0368197 -0.4180022 0.3797351 0.0518750 -0.3400873 0.0387790 -0.1099519 -0.9931801 0.8316734 0.1249822 -0.5410165 0.1853672 -0.0862245 -0.9788791 0.7410977 0.1012402 -0.6637203 -0.0132545 -0.0003428 -0.0004137 0.0007027 0.0074071 -0.0012060 -0.0102147 0.0145925 -0.0090802 -0.0135901 0.0261285 -0.0001580 -0.0366897 -0.0008942 -0.0006553 -0.0025389 0.0158227 -0.0000103 -0.0262168 0.0349130 -0.0070409 -0.0173179 0.0529538 -0.0088620
0.0007552 -0.0400652 -0.3592206 0.3736002 0.0634454 -0.2437817 0.0689410 -0.0222272 -0.4270824 0.3661450 0.0780035 -0.3402453 0.0020893 -0.1108461 -0.9938354 0.8291344 0.1408050 -0.5410269 0.1591504 -0.0513115 -0.9859200 0.7237798 0.1541940 -0.6725824 -0.0608796 0.0256516 0.0085919 -0.0090886 0.0535615 0.0056700 -0.0595034 0.0221983 0.0091705 -0.0033243 0.0575074 0.0060733 -0.1709601 0.0703628 0.0090289 -0.0206174 0.1187261 0.0128755 -0.1365733 0.0512424 -0.0138251 -0.0145081 0.1107139 0.0193155
-0.0601244 -0.0144136 -0.3506286 0.3645116 0.1170069 -0.2381116 0.0094377 -0.0000289 -0.4179119 0.3628206 0.1355109 -0.3341719 -0.1688707 -0.0404833 -0.9848065 0.8085170 0.2595310 -0.5281513 0.0225771 -0.0000691 -0.9997451 0.7092717 0.2649079 -0.6532668 0.0044974 0.0303590 0.0022942 -0.0091822 0.0534737 0.0172527 0.0047646 0.0303592 0.0025708 -0.0088000 0.0534739 0.0172461 0.0113355 0.0856406 -0.0016739 -0.0219997 0.1178257 0.0392828 0.0115065 0.0728579 0.0029803 -0.0169580 0.1046659 0.0334950
-0.0556270 0.0159454 -0.3483344 0.3553295 0.1704806 -0.2208590 0.0142023 0.0303303 -0.4153411 0.3540207 0.1889848 -0.3169258 -0.1575352 0.0451573 -0.9864803 0.7865173 0.3773567 -0.4888685 0.0340837 0.0727888 -0.9967648 0.6923136 0.3695737 -0.6197718 0.0940627 0.1253100 -0.0763716 0.0004618 0.0440439 0.0023381 0.0716802 0.1513978 -0.0688305 0.0009891 0.0740053 0.0134131 0.2430948 0.2692832 0.0410668 -0.0285868 0.0796378 0.0233608 0.1297406 0.2738646 0.0731886 -0.0300047 0.1210626 0.0535361
0.0384357 0.1412554 -0.4247060 0.3557913 0.2145245 -0.2185208 0.0858825 0.1817281 -0.4841716 0.3550097 0.2629901 -0.3035127 0.0855596 0.3144405 -0.9454135 0.7579305 0.4569945 -0.4655077 0.1638243 0.3466534 -0.9235762 0.6623089 0.4906364 -0.5662357 -0.0045201 0.0085932 -0.0005305 -0.0215148 0.0829005 -0.0762293 -0.0161738 0.0347423 0.0030509 0.0021653 0.1053340 -0.0671974 -0.0105483 0.0169800 0.0049170 -0.1340457 0.0981116 -0.0846060 -0.0328326 0.0601223 0.0194885 -0.0980328 0.0912534 -0.0194236
0.0339156 0.1498486 -0.4252365 0.3342765 0.2974250 -0.2947501 0.0697087 0.2164704 -0.4811207 0.3571751 0.3683241 -0.3707101 0.0750112 0.3314205 -0.9404966 0.6238848 0.5551061 -0.5501137 0.1309916 0.4067758 -0.9040878 0.5642761 0.5818897 -0.5856593 -0.0145403 0.0486097 0.0147284 0.0055428 0.0341850 0.0163446 -0.0088205 0.0502520 0.0066883 0.0071922 0.0722396 0.0030514 -0.0325563 0.1034376 0.0409989 -0.0064925 0.0473713 0.0442996 -0.0198134 0.0802438 0.0378018 -0.0282291 0.0662554 0.0447699
0.0193754 0.1984583 -0.4105081 0.3398193 0.3316100 -0.2784055 0.0608882 0.2667224 -0.4744325 0.3643673 0.4405637 -0.3676587 0.0424549 0.4348581 -0.8994976 0.6173922 0.6024774 -0.5058140 0.1111783 0.4870195 -0.8662860 0.5360471 0.6481452 -0.5408894 -0.0243859 0.1011811 0.0070526 -0.0119710 0.1693838 -0.0235460 -0.0512786 0.0982885 0.0437217 -0.0277272 0.1207551 0.0063247 -0.0524245 0.1613460 0.0967267 -0.1284768 0.1446474 0.0555183 -0.0941598 0.1594104 0.1035024 -0.0857777 0.1026410 0.0575908
-0.0050105 0.2996394 -0.4034555 0.3278483 0.5009938 -0.3019514 0.0096096 0.3650109 -0.4307107 0.3366400 0.5613188 -0.3613340 -0.0099696 0.5962041 -0.8027710 0.4889154 0.7471248 -0.4502958 0.0170185 0.6464299 -0.7627835 0.4502694 0.7507862 -0.4832986 -0.0017899 0.0184774 0.0027879 -0.0386477 0.0041475 0.0170872 -0.0005966 0.0174940 0.0011618 -0.0006518 -0.0171329 0.0375285 -0.0033218 0.0255507 0.0196719 -0.0426438 0.0323694 0.0107158 -0.0013503 0.0185159 0.0160563 0.0184304 0.0083469 0.0315936
-0.0068005 0.3181168 -0.4006675 0.2892007 0.5051413 -0.2848642 0.0090130 0.3825049 -0.4295490 0.3359883 0.5441859 -0.3238055 -0.0132914 0.6217549 -0.7830991 0.4462716 0.7794941 -0.4395800 0.0156682 0.6649459 -0.7467272 0.4686998 0.7591331 -0.4517050 -0.0045754 0.0138705 -0.0004209 0.0653555 0.0012495 -0.0497800 0.0192472 0.0435974 -0.0128859 0.0653756 0.0012495 -0.0497566 -0.0085523 0.0157201 0.0129377 0.0581168 -0.0591072 -0.0364820 0.0302903 0.0280084 0.0272119 0.0502631 -0.0538859 -0.0313103
-0.0113759 0.3319873 -0.4010884 0.3545561 0.5063908 -0.3346443 0.0282602 0.4261023 -0.4424348 0.4013638 0.5454354 -0.3735621 -0.0218437 0.6374749 -0.7701614 0.5043884 0.7203870 -0.4760619 0.0459585 0.6929543 -0.7195152 0.5189629 0.7052473 -0.4830153 -0.0022229 0.0079079 0.0009495 -0.0578499 0.0902136 0.0113595 -0.0198210 -0.0200040 0.0232817 -0.1019272 0.1140819 0.0147169 -0.0040493 0.0097100 0.0082682 -0.1037574 0.0851849 0.0395430 -0.0314999 0.0028068 0.0013875 -0.1485237 0.1106551 0.0390806
-0.0135988 0.3398952 -0.4001389 0.2967062 0.5966044 -0.3232847 0.0084392 0.4060983 -0.4191531 0.2994367 0.6595173 -0.3588452 -0.0258930 0.6471849 -0.7618932 0.4006310 0.8055719 -0.4365189 0.0144587 0.6957611 -0.7181277 0.3704393 0.8159024 -0.4439347 -0.0004192 0.0065749 -0.0030619 0.0046129 -0.0040728 0.0017426 0.0203371 0.0268703 -0.0206674 0.0046069 -0.0037592 0.0023022 -0.0004666 0.0043223 0.0037088 0.0074238 -0.0031492 0.0010776 0.0321166 0.0050115 0.0062650 0.0068011 -0.0022743 0.0015560
-0.0140180 0.3464701 -0.4032008 0.3013191 0.5925316 -0.3215421 0.0287763 0.4329686 -0.4398205 0.3040436 0.6557581 -0.3565430 -0.0263597 0.6515072 -0.7581844 0.4080547 0.8024227 -0.4354413 0.0465753 0.7007726 -0.7118627 0.3772404 0.8136282 -0.4423787 0.0022696 0.0034391 -0.0070954 0.0021996 -0.0013761 -0.0073513 0.0010325 0.0026282 -0.0058902 0.0094193 0.0068485 0.0327398 0.0045778 -0.0027674 -0.0025142 0.0012994 -0.0051344 -0.0081356 0.0012004 -0.0026248 -0.0024952 0.0139302 0.0132392 0.0383045
-0.0117484 0.3499092 -0.4102962 0.3035187 0.5911555 -0.3288934 0.0298088 0.4355968 -0.4457108 0.3134629 0.6626066 -0.3238032 -0.0217818 0.6487397 -0.7606986 0.4093541 0.7972884 -0.4435769 0.0477757 0.6981478 -0.7143578 0.3911706 0.8268673 -0.4040743 -0.0009544 0.0012140 0.0029701 0.0001800 0.0062466 0.0004451 -0.0008996 -0.0000084 0.0030255 0.0012140 0.0050076 -0.0180520 -0.0018326 0.0039966 0.0034815 -0.0024284 0.0031704 0.0034891 -0.0012774 0.0024637 0.0023315 -0.0042974 -0.0060824 -0.0162128
-0.0127028 0.3511232 -0.4073261 0.3036987 0.5974021 -0.3284484 0.0289092 0.4355884 -0.4426853 0.3146769 0.6676142 -0.3418552 -0.0236144 0.6527363 -0.7572171 0.4069257 0.8004588 -0.4400878 0.0464983 0.7006115 -0.7120263 0.3868732 0.8207849 -0.4202870 0.0004644 -0.0000947 0.0013742 0.0000110 -0.0007336 0.0009384 -0.0117301 -0.0216652 0.0165125 0.0133838 -0.0130413 -0.0214894 0.0008161 0.0011764 0.0009906 0.0005582 0.0000848 0.0006713 -0.0175942 -0.0041804 -0.0050150 0.0144836 -0.0199658 -0.0242369
-0.0122384 0.3510285 -0.4059518 0.3037096 0.5966685 -0.3275099 0.0171792 0.4139232 -0.4261729 0.3280607 0.6545729 -0.3633446 -0.0227983 0.6539126 -0.7562265 0.4074839 0.8005436 -0.4394165 0.0289041 0.6964311 -0.7170413 0.4013568 0.8008191 -0.4445239 0.0066847 -0.0062707 0.0006417 -0.0038863 -0.0158102 -0.0054430 0.0072276 -0.0066132 0.0003795 -0.0099355 -0.0136160 -0.0054296 0.0123616 -0.0060331 -0.0054448 0.0012254 -0.0087366 -0.0144540 0.0124813 -0.0057746 -0.0049565 -0.0061698 -0.0045986 -0.0135811
-0.0055537 0.3447578 -0.4053101 0.2998233 0.5808583 -0.3329529 0.0244068 0.4073100 -0.4257933 0.3181252 0.6409569 -0.3687741 -0.0104367 0.6478795 -0.7616713 0.4087093 0.7918070 -0.4538705 0.0413855 0.6906565 -0.7219978 0.3951870 0.7962205 -0.4581050 0.0094620 -0.0166914 0.0016077 -0.0018733 -0.0261199 -0.0056076 0.0167020 -0.0215727 -0.0007170 -0.0167780 -0.0618403 0.0059544 0.0179497 -0.0172373 -0.0143660 0.0080418 -0.0158786 -0.0196837 0.0299176 -0.0215967 -0.0177825 0.0082898 -0.0208357 -0.0276778
0.0039083 0.3280664 -0.4037024 0.2979500 0.5547384 -0.3385605 0.0411088 0.3857373 -0.4265103 0.3013473 0.5791166 -0.3628197 0.0075130 0.6306422 -0.7760373 0.4167511 0.7759284 -0.4735542 0.0713031 0.6690597 -0.7397803 0.4034767 0.7753848 -0.4857828 0.0098206 -0.0131207 -0.0040094 0.0039696 -0.0142668 -0.0100112 0.0280849 0.0076172 -0.0217642 0.0055021 -0.0272399 -0.0047031 0.0191260 -0.0195385 -0.0150648 0.0082066 -0.0152041 -0.0170673 0.0439453 -0.0138924 -0.0068612 0.0165114 -0.0200251 -0.0172497
0.0137290 0.3149457 -0.4077118 0.3019196 0.5404716 -0.3485717 0.0691937 0.3933545 -0.4482745 0.3068494 0.5518767 -0.3675228 0.0266390 0.6111038 -0.7911021 0.4249577 0.7607243 -0.4906215 0.1152483 0.6551673 -0.7466415 0.4199882 0.7553597 -0.5030325 0.0205515 -0.0321411 -0.0101289 0.0356866 -0.0115367 -0.0280416 -0.0173977 -0.0582176 -0.0163057 0.0236232 -0.0511117 0.0040012 0.0411476 -0.0518829 -0.0351406 0.0363547 -0.0379763 -0.0239911 -0.0251969 -0.0725050 -0.0610684 0.0510949 -0.0415278 -0.0151613
0.0342805 0.2828046 -0.4178407 0.3376062 0.5289349 -0.3766134 0.0517960 0.3351369 -0.4645802 0.3304726 0.5007650 -0.3635216 0.0677866 0.5592208 -0.8262427 0.4613123 0.7227481 -0.5146126 0.0900514 0.5826624 -0.8077099 0.4710831 0.7138319 -0.5181937 0.0029215 -0.0070855 -0.0039911 -0.0131507 -0.1088512 0.0347177 0.0027903 -0.0066294 -0.0035247 0.0012305 -0.0239837 -0.0098942 0.0058342 -0.0135868 -0.0085408 0.0525748 -0.0574006 -0.0268971 0.0049683 -0.0108207 -0.0071326 0.0092998 -0.0233423 -0.0225986
0.0372020 0.2757191 -0.4218318 0.3244555 0.4200837 -0.3418957 0.0545862 0.3285075 -0.4681048 0.3317031 0.4767813 -0.3734157 0.0736208 0.5456340 -0.8347835 0.5138872 0.6653474 -0.5415097 0.0950197 0.5718417 -0.8148425 0.4803829 0.6904896 -0.5407924 0.0069485 -0.0289162 -0.0093976 -0.0001986 -0.0116810 0.0010305 0.0067435 -0.0287386 -0.0092708 0.0034254 -0.0141255 -0.0093627 0.0148893 -0.0508588 -0.0297184 0.0065925 -0.0098014 -0.0056287 0.0131420 -0.0431662 -0.0270620 0.0069610 -0.0176956 -0.0158441
0.0441505 0.2468029 -0.4312293 0.3242569 0.4084027 -0.3408652 0.0613297 0.2997689 -0.4773756 0.3351285 0.4626558 -0.3827785 0.0885101 0.4947752 -0.8645019 0.5204796 0.6555460 -0.5471384 0.1081617 0.5286755 -0.8419045 0.4873439 0.6727940 -0.5566364 0.0033677 -0.0172457 0.0025072 -0.0019485 -0.0326101 -0.0103019 0.0034841 -0.0173797 0.0023975 0.0218796 -0.0554283 -0.0235044 0.0087381 -0.0249755 -0.0128983 0.0105263 -0.0364243 -0.0314125 0.0083321 -0.0211200 -0.0118030 0.0399798 -0.0712933 -0.0434691
0.0475182 0.2295572 -0.4287221 0.3223084 0.3757926 -0.3511671 0.0648138 0.2823892 -0.4749782 0.3570082 0.4072275 -0.4062829 0.0972482 0.4697997 -0.8774001 0.5310059 0.6191216 -0.5785509 0.1164939 0.5075555 -0.8537075 0.5273237 0.6015008 -0.6001055 -0.0440626 -0.0566196 0.0561895 0.0060711 -0.0506747 0.0087132 -0.0134529 -0.0843669 0.0544271 0.0071444 -0.0454170 0.0128009 -0.0888351 -0.0487513 -0.0295990 0.0399297 -0.0538568 -0.0168550 -0.0066706 -0.0841312 -0.0455425 0.0356884 -0.0421098 -0.0082523
0.0034555 0.1729376 -0.3725326 0.3283795 0.3251179 -0.3424538 0.0513609 0.1980223 -0.4205511 0.3641526 0.3618105 -0.3934820 0.0084131 0.4210484 -0.9069991 0.5709356 0.5652648 -0.5954059 0.1098233 0.4234243 -0.8992501 0.5630121 0.5593909 -0.6083578 0.0104452 -0.0257166 0.0004695 -0.0213919 -0.0172719 -0.0087474 0.0054552 -0.0165633 0.0014144 -0.0213443 -0.0172721 -0.0087138 0.0263063 -0.0533384 -0.0222930 -0.0216502 -0.0144435 -0.0329899 0.0136227 -0.0291634 -0.0114197 -0.0196145 -0.0132510 -0.0291767
0.0139007 0.1472210 -0.3720631 0.3069876 0.3078460 -0.3512013 0.0568161 0.1814590 -0.4191367 0.3428084 0.3445384 -0.4021957 0.0347195 0.3677100 -0.9292922 0.5492855 0.5508213 -0.6283958 0.1234460 0.3942609 -0.9106698 0.5433976 0.5461399 -0.6375345 0.0058401 -0.0251091 0.0001700 0.0090559 -0.0312529 -0.0113309 0.0087581 -0.0304087 -0.0006280 0.0089855 -0.0312529 -0.0113800 0.0156493 -0.0561407 -0.0195954 0.0203548 -0.0522869 -0.0250361 0.0219810 -0.0592700 -0.0202610 0.0178039 -0.0463692 -0.0222247
0.0197408 0.1221119 -0.3718930 0.3160435 0.2765931 -0.3625321 0.0655743 0.1510503 -0.4197647 0.3517939 0.3132855 -0.4135757 0.0503688 0.3115693 -0.9488875 0.5696403 0.4985345 -0.6534319 0.1454270 0.3349909 -0.9309308 0.5612014 0.4997707 -0.6597592 0.0283538 -0.1214080 0.0037241 0.0357051 -0.1392111 0.0009014 0.0386613 -0.1427041 0.0066551 0.0357012 -0.1392111 0.0008985 0.0791623 -0.3096735 -0.0426860 0.1031053 -0.2357811 -0.0382139 0.0991779 -0.3154053 -0.0384943 0.0930779 -0.2058488 -0.0370395
0.0480946 0.0007039 -0.3681689 0.3517487 0.1373820 -0.3616307 0.1042356 0.0083462 -0.4131096 0.3874951 0.1740744 -0.4126772 0.1295311 0.0018958 -0.9915735 0.6727457 0.2627534 -0.6916458 0.2446048 0.0195856 -0.9694250 0.6542793 0.2939218 -0.6967988 0.0052248 -0.0182015 0.0061345 0.0146120 -0.0803088 0.0828294 0.0030474 -0.0120731 0.0049432 0.0146095 -0.0803088 0.0828278 0.0160079 -0.0496567 0.0033745 0.1169868 -0.1397255 0.0906576 0.0095923 -0.0284162 0.0023129 0.1066050 -0.1164935 0.0726399
0.0533193 -0.0174976 -0.3620344 0.3663607 0.0570732 -0.2788013 0.1072830 -0.0037269 -0.4081664 0.4021046 0.0937656 -0.3298493 0.1455390 -0.0477610 -0.9881990 0.7897324 0.1230278 -0.6009883 0.2541971 -0.0088305 -0.9671121 0.7608843 0.1774284 -0.6241588 -0.0539048 -0.0220958 0.0474768 -0.0109665 -0.0076668 0.0509737 -0.0535711 -0.0231168 0.0475752 -0.0110669 -0.0076669 0.0509037 -0.1473855 -0.0771235 -0.0039706 0.0464279 -0.0067860 0.0649624 -0.1072652 -0.0646019 -0.0193050 0.0404391 -0.0009930 0.0525372
-0.0005854 -0.0395934 -0.3145577 0.3553941 0.0494064 -0.2278277 0.0537119 -0.0268437 -0.3605912 0.3910377 0.0860987 -0.2789456 -0.0018465 -0.1248845 -0.9921696 0.8361603 0.1162418 -0.5360259 0.1469320 -0.0734324 -0.9864171 0.8013234 0.1764354 -0.5716216 -0.0006189 -0.0058634 0.0038062 0.0024960 -0.0135721 -0.0083802 -0.0007323 -0.0058634 0.0036732 0.0023702 -0.0135723 -0.0084675 -0.0019883 -0.0198544 0.0027071 -0.0044504 -0.0329656 -0.0129036 -0.0007039 -0.0168419 0.0012938 -0.0026571 -0.0291979 -0.0118621
-0.0012044 -0.0454568 -0.3107514 0.3578901 0.0358343 -0.2362079 0.0529796 -0.0327071 -0.3569180 0.3934079 0.0725264 -0.2874130 -0.0038348 -0.1447388 -0.9894625 0.8317100 0.0832762 -0.5489295 0.1462281 -0.0902743 -0.9851233 0.7986663 0.1472375 -0.5834837 0.0019583 -0.0136629 0.0058818 0.0084459 -0.0477547 -0.0228239 0.0018825 -0.0136629 0.0057937 0.0167856 -0.0958644 -0.0528207 0.0062625 -0.0456322 0.0077533 -0.0154941 -0.1098355 -0.0282068 0.0068483 -0.0391074 0.0054152 -0.0297129 -0.1909872 -0.0543224
0.0007539 -0.0591197 -0.3048697 0.3663361 -0.0119204 -0.2590318 0.0548621 -0.0463700 -0.3511242 0.4101935 -0.0233380 -0.3402338 0.0024277 -0.1903710 -0.9817092 0.8162159 -0.0265593 -0.5771363 0.1530764 -0.1293817 -0.9797081 0.7689534 -0.0437497 -0.6378061 0.0054983 -0.0131123 0.0048960 0.0044265 -0.0115570 0.0100429 0.0053835 -0.0131123 0.0047616 0.0060247 -0.0227821 0.0228325 0.0178315 -0.0436841 0.0096970 0.0128106 -0.0259363 0.0203963 0.0158871 -0.0374411 0.0083063 0.0231491 -0.0440212 0.0337614
0.0062522 -0.0722320 -0.2999736 0.3707626 -0.0234774 -0.2489889 0.0602456 -0.0594823 -0.3463627 0.4162182 -0.0461201 -0.3174013 0.0202592 -0.2340552 -0.9720122 0.8290264 -0.0524955 -0.5567400 0.1689635 -0.1668229 -0.9714018 0.7921025 -0.0877709 -0.6040446 0.0101395 -0.0239780 0.0026634 -0.0065987 -0.0249253 0.0200131 0.0100813 -0.0239781 0.0025958 -0.0072443 -0.0182409 0.0157772 0.0321240 -0.0734043 0.0218940 0.0122252 -0.0593191 0.0277852 0.0260229 -0.0645771 0.0182836 0.0063167 -0.0378779 0.0151990
0.0163917 -0.0962100 -0.2973103 0.3641639 -0.0484027 -0.2289758 0.0703269 -0.0834604 -0.3437668 0.4089738 -0.0643610 -0.3016241 0.0523832 -0.3074595 -0.9501182 0.8412517 -0.1118146 -0.5289548 0.1949864 -0.2314000 -0.9531182 0.7984192 -0.1256488 -0.5888457 0.0038429 -0.0125365 0.0040649 -0.0014895 -0.0203518 0.0166052 0.0037740 -0.0125365 0.0039853 -0.0026863 -0.0231921 0.0190603 0.0121789 -0.0395148 0.0144684 0.0103663 -0.0496320 0.0302746 0.0104079 -0.0346860 0.0113054 0.0099993 -0.0485617 0.0266089
0.0202346 -0.1087465 -0.2932453 0.3626744 -0.0687545 -0.2123705 0.0741009 -0.0959969 -0.3397815 0.4062876 -0.0875531 -0.2825638 0.0645621 -0.3469743 -0.9356498 0.8516179 -0.1614466 -0.4986801 0.2053943 -0.2660860 -0.9418128 0.8084185 -0.1742105 -0.5622368 0.0120436 -0.0194951 0.0046555 -0.0157484 -0.0173259 0.0220763 0.0118739 -0.0194951 0.0044598 -0.1323163 -0.0319865 0.0363145 0.0371188 -0.0570049 0.0265504 0.0051087 -0.0511271 0.0287525 0.0302012 -0.0503948 0.0229360 -0.1010011 -0.1344510 -0.0736002
0.0322782 -0.1282415 -0.2885899 0.3469261 -0.0860804 -0.1902942 0.0859748 -0.1154919 -0.3353217 0.2739712 -0.1195396 -0.2462493 0.1016809 -0.4039792 -0.9090995 0.8567266 -0.2125737 -0.4699276 0.2355955 -0.3164808 -0.9188769 0.7074174 -0.3086615 -0.6358370 0.0067929 -0.0212894 0.0094265 -0.0014048 -0.0160912 0.0060745 0.0067181 -0.0212893 0.0093411 -0.0033038 -0.0131751 0.0069228 0.0207645 -0.0646380 0.0342252 -0.0029000 -0.0399052 0.0146974 0.0180349 -0.0577859 0.0269149 -0.0042100 -0.0361377 0.0140550
0.0390711 -0.1495309 -0.2791634 0.3455212 -0.1021716 -0.1842197 0.0926930 -0.1367813 -0.3259806 0.2706674 -0.1327146 -0.2393265 0.1224454 -0.4686172 -0.8748743 0.8538266 -0.2524790 -0.4552302 0.2536304 -0.3742666 -0.8919619 0.7032074 -0.3447992 -0.6217820 -0.0051131 -0.0088991 0.0112217 -0.0161052 -0.0437849 0.0561234 -0.0051268 -0.0088992 0.0112053 0.0026045 -0.0547800 0.0427080 -0.0139962 -0.0373504 0.0191667 0.0076255 -0.1292103 0.1202471 -0.0088509 -0.0329637 0.0120492 0.0059546 -0.1417642 0.1115415
0.0339579 -0.1584300 -0.2679416 0.3294161 -0.1459566 -0.1280963 0.0875661 -0.1456804 -0.3147754 0.2732719 -0.1874947 -0.1966185 0.1084492 -0.5059676 -0.8557076 0.8614520 -0.3816892 -0.3349832 0.2447795 -0.4072303 -0.8799128 0.7091620 -0.4865634 -0.5102405 -0.0048113 -0.0079260 0.0138011 -0.0039225 0.0018585 0.0055404 0.0008250 -0.0593779 0.0457327 -0.0115267 0.0027259 0.0119733 -0.0129306 -0.0392092 0.0228460 0.0031397 -0.0010711 0.0094442 0.0080290 -0.1792593 0.1104208 -0.0013389 -0.0130966 0.0109146
0.0291467 -0.1663560 -0.2541406 0.3254935 -0.1440981 -0.1225559 0.0883912 -0.2050583 -0.2690427 0.2617452 -0.1847688 -0.1846452 0.0955186 -0.5451768 -0.8328616 0.8645917 -0.3827604 -0.3255390 0.2528085 -0.5864896 -0.7694919 0.7078231 -0.4996600 -0.4993259 -0.0208213 -0.0090552 0.0299888 -0.0152554 0.0010326 -0.0018778 -0.0013101 -0.0025467 -0.0034207 -0.0212868 0.0080498 0.0004521 -0.0662809 -0.0708421 0.0456730 -0.0113329 -0.0107177 -0.0166955 -0.0064266 -0.0008960 -0.0013999 -0.0221327 -0.0042715 -0.0259186
0.0083254 -0.1754112 -0.2241517 0.3102381 -0.1430655 -0.1244337 0.0870810 -0.2076051 -0.2724634 0.2404584 -0.1767190 -0.1841931 0.0292377 -0.6160189 -0.7871886 0.8532588 -0.3934781 -0.3422345 0.2463819 -0.5873855 -0.7708918 0.6856904 -0.5039315 -0.5252445 -0.0005831 -0.0011078 0.0032951 0.0141457 -0.0014875 0.0052534 -0.0245774 -0.0116719 0.0315374 0.0103442 -0.0063439 0.0132851 -0.0018637 -0.0080835 0.0063257 0.0126908 0.0075908 0.0240800 -0.0579558 -0.0736561 0.0445864 0.0219236 -0.0125622 0.0430447
0.0077424 -0.1765190 -0.2208566 0.3243838 -0.1445530 -0.1191803 0.0625036 -0.2192770 -0.2409259 0.2508025 -0.1830630 -0.1709080 0.0273740 -0.6241025 -0.7808628 0.8659496 -0.3858873 -0.3181544 0.1884261 -0.6610416 -0.7263054 0.7076141 -0.5164937 -0.4821997 -0.0152119 -0.0048393 0.0180023 -0.0015807 -0.0044445 0.0086151 -0.0138559 0.0029124 0.0088268 0.0011748 -0.0093605 0.0086619 -0.0548148 -0.0421496 0.0356413 0.0010406 -0.0142926 0.0211964 -0.0368823 -0.0129611 0.0032876 -0.0001116 -0.0237932 0.0266448
-0.0074696 -0.1813583 -0.2028543 0.3228031 -0.1489975 -0.1105652 0.0486477 -0.2163645 -0.2320991 0.2519773 -0.1924234 -0.1622461 -0.0274408 -0.6662521 -0.7452216 0.8669902 -0.4001799 -0.2969580 0.1515438 -0.6740027 -0.7230179 0.7075024 -0.5402869 -0.4555550 -0.0141800 0.0003518 0.0158579 -0.0040229 -0.0043279 0.0143837 -0.0128696 -0.0047459 0.0271132 -0.0031487 -0.0079316 0.0163856 -0.0554597 -0.0268592 0.0291739 0.0026176 -0.0180799 0.0345821 -0.0337078 -0.0542287 0.0478929 0.0010312 -0.0302194 0.0402205
-0.0216495 -0.1810065 -0.1869964 0.3187802 -0.1533254 -0.0961816 0.0357782 -0.2211105 -0.2049859 0.2488286 -0.2003551 -0.1458605 -0.0829005 -0.6931113 -0.7160477 0.8696077 -0.4182598 -0.2623759 0.1178361 -0.7282314 -0.6751250 0.7085336 -0.5705063 -0.4153345 0.0000000 0.0000000 0.0000000 0.0000000 0.0000000 0.0000000 0.0000000 0.0000000 0.0000000 0.0000000 0.0000000 0.0000000 0.0000000 0.0000000 0.0000000 0.0000000 0.0000000 0.0000000 0.0000000 0.0000000 0.0000000 0.0000000 0.0000000 0.0000000
