-0.0309324 0.0515134 -0.2278011 -0.0090989 0.0832623 -0.3047666 0.0224755 0.0840955 -0.2966988 0.0485602 0.0883653 -0.3419273 -0.1312965 0.2186547 -0.9669288 -0.0287879 0.2634328 -0.9642481 0.0726881 0.2719738 -0.9595555 0.1362200 0.2478802 -0.9591661 0.0544249 0.0123745 -0.0492200 0.0732398 0.0330583 0.0860887 0.0355857 0.0087831 -0.0333061 -0.0119126 -0.0078362 0.0418603 0.2136503 0.0053077 -0.0041833 0.2794749 0.1911924 0.1095716 0.0942944 -0.0048570 0.0104688 -0.0190746 0.0095338 -0.0000081
0.0234924 0.0638879 -0.2770211 0.0641409 0.1163206 -0.2186779 0.0580612 0.0928786 -0.3300049 0.0366476 0.0805291 -0.3000670 0.0823539 0.2239624 -0.9711121 0.2506871 0.4546252 -0.8546765 0.1669825 0.2671167 -0.9490867 0.1171454 0.2574139 -0.9591741 -0.0522548 -0.0305104 0.0407081 -0.0069353 -0.0681920 -0.0378938 -0.0279531 -0.0329383 0.0266869 0.0715878 -0.0057984 0.0058137 -0.2020051 -0.0851125 -0.0119466 -0.0366274 -0.2745310 -0.1053988 -0.0700620 -0.0741632 -0.0273228 0.2186649 -0.0255552 0.0462267
-0.0287624 0.0333775 -0.2363129 0.0572056 0.0481286 -0.2565717 0.0301080 0.0599403 -0.3033180 0.1082355 0.0747307 -0.2942533 -0.1196512 0.1388500 -0.9830586 0.2140596 0.1800942 -0.9600753 0.0969205 0.1929535 -0.9764094 0.3358103 0.2318587 -0.9129474 0.0310722 0.0035868 -0.0416246 -0.0008761 -0.0002391 0.0005888 0.0269016 0.0122353 -0.0304373 -0.0574029 -0.0143087 -0.0532410 0.1278889 -0.0070203 -0.0081795 -0.0026495 -0.0003601 -0.0006543 0.0677535 0.0155281 0.0123462 -0.1931635 -0.0623019 -0.0621948
0.0023098 0.0369643 -0.2779375 0.0563295 0.0478895 -0.2559830 0.0570096 0.0721756 -0.3337553 0.0508325 0.0604220 -0.3474944 0.0082377 0.1318297 -0.9912381 0.2114102 0.1797341 -0.9607296 0.1646740 0.2084816 -0.9640632 0.1426468 0.1695568 -0.9751422 -0.0009592 -0.0001924 0.0002673 -0.0043406 0.0001495 0.0020313 0.0143682 -0.0165454 -0.0022365 0.0589827 -0.0077885 0.0565762 -0.0034158 -0.0005473 -0.0000951 -0.0142080 0.0024856 -0.0025498 0.0404549 -0.0486089 -0.0015262 0.2055556 -0.0026664 0.0526984
0.0013506 0.0367719 -0.2776703 0.0519889 0.0480390 -0.2539516 0.0713778 0.0556302 -0.3359918 0.1098152 0.0526335 -0.2909181 0.0048219 0.1312824 -0.9913333 0.1972021 0.1822197 -0.9632795 0.2051289 0.1598727 -0.9655894 0.3482024 0.1668904 -0.9224439 0.0016022 -0.0017949 -0.0029132 0.0014597 -0.0102717 -0.0006310 0.0031886 -0.0024999 -0.0011840 0.0004501 -0.0029934 -0.0005744 0.0056206 -0.0075884 -0.0009322 0.0061324 -0.0385413 -0.0052305 0.0082925 -0.0078050 0.0005367 0.0012034 -0.0095922 -0.0012297
0.0029528 0.0349770 -0.2805834 0.0534485 0.0377673 -0.2545826 0.0745664 0.0531303 -0.3371758 0.1102653 0.0496401 -0.2914925 0.0104425 0.1236939 -0.9922655 0.2033345 0.1436783 -0.9685100 0.2134214 0.1520677 -0.9650527 0.3494057 0.1572982 -0.9236736 0.0072506 0.0000212 -0.0059474 -0.0006871 -0.0002290 0.0008380 0.0069116 0.0013280 -0.0059410 0.0048621 -0.0105958 0.0087705 0.0248831 -0.0025261 0.0002622 -0.0018599 -0.0003348 -0.0004382 0.0149119 0.0005457 0.0035055 0.0246872 -0.0304283 0.0050014
0.0102035 0.0349982 -0.2865308 0.0527614 0.0375383 -0.2537447 0.0814781 0.0544583 -0.3431168 0.1151274 0.0390443 -0.2827221 0.0353256 0.1211679 -0.9920032 0.2014746 0.1433436 -0.9689482 0.2283333 0.1526134 -0.9615472 0.3740929 0.1268699 -0.9186722 -0.0011462 0.0000222 0.0008404 -0.0027669 -0.0031465 0.0016617 -0.0010505 -0.0000183 0.0009475 -0.0030735 -0.0009070 0.0012097 -0.0038735 0.0004428 -0.0000762 -0.0086568 -0.0107020 -0.0032799 -0.0022133 0.0004432 -0.0004525 -0.0071659 -0.0019870 -0.0031569
0.0090573 0.0350204 -0.2856905 0.0499945 0.0343918 -0.2520829 0.0804276 0.0544400 -0.3421693 0.1120538 0.0381373 -0.2815123 0.0314521 0.1216107 -0.9920794 0.1928178 0.1326416 -0.9722281 0.2261200 0.1530566 -0.9619997 0.3669270 0.1248829 -0.9218291 -0.0419931 -0.0118019 0.0541996 -0.0034163 0.0004661 0.0016221 -0.0488658 -0.0138548 0.0458776 -0.0470791 0.0023425 -0.0656611 -0.1716210 -0.0227968 0.0068949 -0.0116703 0.0029243 -0.0018394 -0.1211656 -0.0180962 -0.0232770 -0.1841638 -0.0110199 -0.0547122
-0.0329358 0.0232185 -0.2314908 0.0465782 0.0348579 -0.2504608 0.0315618 0.0405852 -0.2962918 0.0649748 0.0404798 -0.3471734 -0.1401689 0.0988139 -0.9851845 0.1811475 0.1355659 -0.9740675 0.1049544 0.1349604 -0.9852767 0.1827632 0.1138630 -0.9765413 0.0426592 0.0193719 -0.0507246 -0.0445979 0.0010540 0.0268056 0.0485167 0.0178002 -0.0447584 -0.0403967 0.0074789 0.0053209 0.1742172 0.0503243 -0.0030455 -0.1724053 0.0229655 -0.0132478 0.1205191 0.0294327 0.0249973 -0.1117435 0.0247163 -0.0112603
0.0097234 0.0425904 -0.2822155 0.0019804 0.0359119 -0.2236552 0.0800786 0.0583854 -0.3410502 0.0245781 0.0479587 -0.3418525 0.0340484 0.1491382 -0.9882300 0.0087422 0.1585314 -0.9873152 0.2254735 0.1643931 -0.9602794 0.0710197 0.1385793 -0.9878016 -0.0417751 -0.0099040 0.0505474 0.0433237 0.0105156 -0.0243455 -0.0524300 -0.0067775 0.0405431 0.0001445 -0.0001622 0.0007760 -0.1697756 -0.0107232 0.0072002 0.1679893 0.0225825 0.0198631 -0.1351651 0.0041735 -0.0212651 0.0005786 -0.0001572 0.0000197
-0.0320517 0.0326864 -0.2316680 0.0453041 0.0464275 -0.2480008 0.0276486 0.0516079 -0.3005071 0.0247226 0.0477965 -0.3410766 -0.1357272 0.1384150 -0.9810298 0.1767315 0.1811139 -0.9674522 0.0903084 0.1685666 -0.9815445 0.0715983 0.1384220 -0.9877819 -0.0009762 0.0008385 0.0007655 0.0017951 0.0044975 -0.0010227 -0.0012653 0.0036428 0.0013449 0.0014235 0.0060690 0.0005434 -0.0044296 0.0038509 0.0011744 0.0054674 0.0158849 0.0041272 -0.0039086 0.0123678 0.0018518 0.0040215 0.0173680 0.0028904
-0.0330279 0.0335249 -0.2309025 0.0470992 0.0509250 -0.2490235 0.0263833 0.0552507 -0.2991622 0.0261461 0.0538655 -0.3405332 -0.1401568 0.1422659 -0.9798553 0.1821989 0.1969988 -0.9633250 0.0863998 0.1809343 -0.9796927 0.0756199 0.1557900 -0.9848914 0.0445377 0.0380767 -0.0471749 0.0011617 0.0019749 -0.0001975 0.0241675 0.0245248 -0.0349568 0.0032532 0.0095048 0.0034331 0.1802080 0.1068885 0.0122201 0.0039181 0.0070084 0.0022103 0.0591916 0.0488270 0.0173971 0.0097780 0.0282856 0.0056962
0.0115098 0.0716016 -0.2780775 0.0482609 0.0528999 -0.2492210 0.0505508 0.0797755 -0.3341190 0.0293993 0.0633703 -0.3371000 0.0400512 0.2491544 -0.9676353 0.1861170 0.2040072 -0.9611147 0.1455914 0.2297613 -0.9622956 0.0853978 0.1840756 -0.9791953 0.0008399 0.0032774 0.0026674 -0.0179155 0.0178283 0.0108329 -0.0013590 0.0134141 0.0035814 -0.0113112 0.0204654 0.0112856 0.0031790 0.0129583 0.0035668 -0.0649797 0.0783365 0.0094805 -0.0037988 0.0388521 0.0095408 -0.0317103 0.0647589 0.0121384
0.0123498 0.0748790 -0.2754100 0.0303454 0.0707282 -0.2383881 0.0491919 0.0931896 -0.3305376 0.0180881 0.0838357 -0.3258144 0.0432302 0.2621128 -0.9640685 0.1211373 0.2823437 -0.9516343 0.1417926 0.2686134 -0.9527548 0.0536875 0.2488346 -0.9670569 0.0026124 0.0086350 0.0053494 -0.0087087 0.0084069 0.0069919 -0.0054994 0.0153270 0.0031966 0.0595629 -0.0125965 0.0552817 0.0096258 0.0329120 0.0100419 -0.0330076 0.0399869 0.0091184 -0.0161010 0.0435602 0.0110811 0.2137682 -0.0034630 0.0352520
0.0149622 0.0835140 -0.2700606 0.0216366 0.0791351 -0.2313962 0.0436924 0.1085166 -0.3273410 0.0776509 0.0712392 -0.2705327 0.0528560 0.2950247 -0.9540265 0.0881297 0.3223306 -0.9425159 0.1256916 0.3121736 -0.9416736 0.2674557 0.2453716 -0.9318048 -0.0557669 -0.0091699 0.0500601 0.0044230 0.0046657 -0.0013602 -0.0295137 -0.0036116 0.0387553 0.0075090 0.0074043 0.0029595 -0.2259185 0.0202862 0.0209519 0.0166323 0.0145552 0.0068167 -0.0795652 0.0291044 0.0028437 0.0245848 0.0243220 0.0142114
-0.0408047 0.0743441 -0.2200006 0.0260597 0.0838008 -0.2327564 0.0141787 0.1049050 -0.2885857 0.0851599 0.0786435 -0.2675732 -0.1730625 0.3153110 -0.9330747 0.1047619 0.3368858 -0.9356991 0.0461264 0.3412780 -0.9388299 0.2920405 0.2696936 -0.9175934 0.0295039 0.0395912 -0.0427788 -0.0094243 0.0098972 0.0103507 0.0235858 0.0297589 -0.0326687 -0.0982815 0.0521828 -0.0377019 0.1336372 0.0821760 0.0163142 -0.0359949 0.0504404 0.0163246 0.0616558 0.0430606 0.0219511 -0.3315172 0.1239037 -0.0008415
-0.0113008 0.1139353 -0.2627794 0.0166354 0.0936980 -0.2224057 0.0377645 0.1346639 -0.3212544 -0.0131215 0.1308263 -0.3052751 -0.0394253 0.3974870 -0.9167605 0.0687670 0.3873263 -0.9193745 0.1077822 0.3843386 -0.9168788 -0.0394768 0.3935973 -0.9184350 -0.0283148 -0.0242404 0.0579105 -0.0012351 -0.0021125 0.0010529 -0.0293521 -0.0090534 0.0452213 -0.0024791 0.0045344 0.0069853 -0.1349966 -0.0025729 0.0147516 -0.0046112 -0.0057932 -0.0027516 -0.0800536 0.0296901 0.0070375 -0.0080951 0.0191670 0.0088402
-0.0396156 0.0896949 -0.2048689 0.0154004 0.0915855 -0.2213528 0.0084125 0.1256105 -0.2760331 -0.0156006 0.1353607 -0.2982898 -0.1744218 0.3949141 -0.9020088 0.0641559 0.3815330 -0.9221261 0.0277286 0.4140287 -0.9098414 -0.0475719 0.4127643 -0.9095947 -0.0009772 0.0003768 0.0017457 0.0002875 0.0148320 0.0043246 -0.0070806 0.0122334 0.0049313 -0.0026800 0.0054255 0.0048250 -0.0052913 0.0038531 0.0027380 0.0006104 0.0578037 0.0261414 -0.0233496 0.0392019 0.0184589 -0.0085035 0.0190941 0.0093982
-0.0405928 0.0900717 -0.2031232 0.0156879 0.1064175 -0.2170282 0.0013318 0.1378439 -0.2711018 -0.0182806 0.1407862 -0.2934648 -0.1797131 0.3987671 -0.8992708 0.0647662 0.4393367 -0.8959847 0.0043790 0.4532307 -0.8913825 -0.0560754 0.4318584 -0.9001966 -0.0016263 0.0033499 0.0033175 0.0132324 0.0173896 -0.0021343 -0.0075719 0.0120841 0.0066940 -0.0014537 0.0094964 0.0053205 -0.0082854 0.0172322 0.0095511 0.0493760 0.0493032 0.0309977 -0.0249043 0.0399193 0.0216804 -0.0045378 0.0297277 0.0151744
-0.0422191 0.0934216 -0.1998057 0.0289203 0.1238071 -0.2191625 -0.0062401 0.1499280 -0.2644078 -0.0197344 0.1502826 -0.2881443 -0.1879985 0.4159993 -0.8897197 0.1141422 0.4886399 -0.8649870 -0.0205253 0.4931500 -0.8697021 -0.0606132 0.4615861 -0.8850222 -0.0003855 0.0046382 0.0049834 -0.0022365 0.0042131 0.0032939 0.0025246 0.0092936 0.0112095 0.0029124 0.0113314 0.0076513 -0.0037145 0.0252525 0.0130539 -0.0084174 0.0185929 0.0096876 0.0081040 0.0391444 0.0232339 0.0087187 0.0369794 0.0197249
-0.0426046 0.0980598 -0.1948223 0.0266838 0.1280202 -0.2158685 -0.0037155 0.1592216 -0.2531983 -0.0168220 0.1616140 -0.2804930 -0.1917130 0.4412517 -0.8766659 0.1057248 0.5072328 -0.8552994 -0.0124213 0.5322944 -0.8464682 -0.0518945 0.4985655 -0.8652973 0.0071219 0.0232580 -0.0009331 -0.0039268 0.0058454 0.0054026 -0.0045850 0.0212778 -0.0090363 0.0002345 0.0087082 0.0064500 0.0394382 0.0793861 0.0365774 -0.0148665 0.0272309 0.0150059 -0.0136433 0.0344964 0.0230188 0.0005535 0.0286079 0.0170919
-0.0354827 0.1213178 -0.1957554 0.0227570 0.1338656 -0.2104659 -0.0083005 0.1804994 -0.2622345 -0.0165875 0.1703222 -0.2740430 -0.1522748 0.5206379 -0.8400885 0.0908582 0.5344638 -0.8402936 -0.0260647 0.5667908 -0.8234494 -0.0513410 0.5271734 -0.8482053 0.0000442 0.0023190 0.0004772 -0.0057110 0.0093754 0.0082670 -0.0008958 0.0044568 0.0020556 -0.0081370 0.0102548 0.0094547 0.0007167 0.0081132 0.0049522 -0.0222299 0.0422357 0.0262248 -0.0027321 0.0123680 0.0087433 -0.0256132 0.0348665 0.0246829
-0.0354385 0.1236368 -0.1952782 0.0170460 0.1432410 -0.2021989 -0.0091963 0.1849562 -0.2601790 -0.0247245 0.1805770 -0.2645883 -0.1515580 0.5287510 -0.8351362 0.0686284 0.5766995 -0.8140687 -0.0287967 0.5791587 -0.8147060 -0.0769542 0.5620399 -0.8235224 0.0062936 0.0127302 -0.0002234 -0.0224654 0.0349240 -0.0424425 0.0038254 0.0141659 0.0002000 0.0033550 0.0082949 0.0053115 0.0301906 0.0391181 0.0210142 -0.0865324 0.0119049 0.0058458 0.0123978 0.0288157 0.0209188 0.0104835 0.0254552 0.0170293
-0.0291450 0.1363670 -0.1955017 -0.0054194 0.1781650 -0.2446415 -0.0053709 0.1991221 -0.2599790 -0.0213695 0.1888719 -0.2592768 -0.1213675 0.5678691 -0.8141220 -0.0179040 0.5886044 -0.8082229 -0.0163989 0.6079744 -0.7937873 -0.0664707 0.5874951 -0.8064931 -0.0016013 0.0173282 -0.0036390 -0.0153499 0.0004564 0.0205041 -0.0006151 0.0136133 0.0029576 0.0003602 0.0075501 0.0041273 0.0000449 0.0386015 0.0283267 -0.0543727 0.0329948 0.0282290 -0.0015397 0.0295406 0.0235582 0.0013626 0.0212200 0.0157803
-0.0307462 0.1536952 -0.1991407 -0.0207693 0.1786214 -0.2241374 -0.0059860 0.2127354 -0.2570214 -0.0210093 0.1964220 -0.2551496 -0.1213226 0.6064706 -0.7857953 -0.0722767 0.6215992 -0.7799940 -0.0179386 0.6375150 -0.7702291 -0.0651081 0.6087151 -0.7907128 0.0062212 0.0146691 -0.0016055 -0.0008586 0.0014900 0.0014211 0.0025867 0.0075534 0.0069779 -0.0174469 0.0073535 0.0167243 0.0281241 0.0333370 0.0229320 -0.0030171 0.0054287 0.0046444 0.0077382 0.0235021 0.0199276 -0.0565923 0.0361635 0.0361796
-0.0245250 0.1683643 -0.2007462 -0.0216279 0.1801114 -0.2227163 -0.0033993 0.2202888 -0.2500435 -0.0384562 0.2037755 -0.2384253 -0.0931985 0.6398076 -0.7628632 -0.0752938 0.6270278 -0.7753496 -0.0102004 0.6610171 -0.7503015 -0.1217004 0.6448787 -0.7545333 -0.0018236 0.0086070 0.0032473 0.0236426 -0.0205018 0.0263201 0.0051297 0.0197198 0.0071860 0.0017855 0.0101254 0.0042405 -0.0056730 0.0242654 0.0217617 0.0832544 0.0036346 -0.0006669 0.0152682 0.0418965 0.0390443 0.0068467 0.0250653 0.0210596
-0.0263486 0.1769713 -0.1974989 0.0020147 0.1596096 -0.1963962 0.0017304 0.2400086 -0.2428575 -0.0366707 0.2139009 -0.2341848 -0.0988715 0.6640730 -0.7411015 0.0079606 0.6306624 -0.7760165 0.0050678 0.7029135 -0.7112573 -0.1148537 0.6699440 -0.7334737 -0.0005567 0.0173497 0.0009221 -0.0227341 0.0347661 -0.0254512 -0.0019326 0.0058203 0.0053208 -0.0020661 0.0099270 0.0051619 0.0019913 0.0356345 0.0332713 -0.0780341 0.0267201 0.0257245 -0.0056594 0.0162178 0.0163833 -0.0052346 0.0239470 0.0234778
-0.0269053 0.1943210 -0.1965769 -0.0207194 0.1943757 -0.2218473 -0.0002022 0.2458289 -0.2375367 -0.0387368 0.2238279 -0.2290229 -0.0968802 0.6997075 -0.7078302 -0.0700735 0.6573825 -0.7502919 -0.0005916 0.7191313 -0.6948739 -0.1200883 0.6938910 -0.7099958 0.0011917 0.0087580 0.0018477 -0.0004475 0.0020928 0.0010797 0.0028249 0.0157079 0.0060807 -0.0085662 0.0339035 -0.0089234 0.0058672 0.0190866 0.0185904 -0.0013670 0.0057185 0.0051789 0.0081010 0.0297069 0.0321637 -0.0135544 0.0342642 0.0377387
-0.0257137 0.2030790 -0.1947291 -0.0211669 0.1964685 -0.2207677 0.0026227 0.2615368 -0.2314560 -0.0473030 0.2577314 -0.2379462 -0.0910130 0.7187942 -0.6892399 -0.0714405 0.6631010 -0.7451130 0.0075094 0.7488383 -0.6627102 -0.1336427 0.7281552 -0.6722571 -0.0004598 0.0090255 0.0003445 -0.0003463 0.0032862 0.0018655 0.0023740 0.0092922 0.0041776 0.0022874 0.0050836 0.0048211 0.0004136 0.0154052 0.0163781 -0.0009642 0.0091923 0.0083774 0.0066217 0.0170937 0.0199439 0.0065455 0.0138769 0.0140515
-0.0261735 0.2121046 -0.1943846 -0.0215132 0.1997548 -0.2189022 0.0049967 0.2708291 -0.2272785 -0.0450156 0.2628151 -0.2331252 -0.0905994 0.7341994 -0.6728618 -0.0724047 0.6722933 -0.7367356 0.0141310 0.7659319 -0.6427664 -0.1270972 0.7420321 -0.6582056 -0.0161031 0.0028182 0.0096651 -0.0001516 0.0026850 0.0008720 0.0059468 0.0090632 0.0074858 0.0006965 0.0029241 0.0005630 -0.0569465 0.0158844 0.0281879 -0.0002208 0.0063308 0.0058492 0.0166051 0.0201823 0.0254498 0.0025711 0.0046305 0.0047623
-0.0422766 0.2149228 -0.1847195 -0.0216648 0.2024398 -0.2180301 0.0109435 0.2798923 -0.2197927 -0.0443192 0.2657392 -0.2325622 -0.1475459 0.7500838 -0.6446739 -0.0726254 0.6786241 -0.7308864 0.0307361 0.7861142 -0.6173166 -0.1245261 0.7466627 -0.6534433 0.0040962 -0.0003886 0.0056444 -0.0000072 0.0204943 0.0253633 0.0049540 0.0020162 0.0061274 0.0108819 0.0002409 0.0145969 0.0121772 0.0105488 0.0097618 -0.0007277 0.0759376 0.0787699 0.0141607 0.0100406 0.0138915 0.0277477 0.0231717 0.0225796
-0.0381804 0.2145342 -0.1790751 -0.0216721 0.2229341 -0.1926668 0.0158974 0.2819085 -0.2136653 -0.0334372 0.2659801 -0.2179653 -0.1353687 0.7606326 -0.6349121 -0.0733531 0.7545617 -0.6521165 0.0448968 0.7961548 -0.6034251 -0.0967784 0.7698344 -0.6308636 -0.0090633 -0.0016961 0.0035529 -0.0194326 0.0136746 -0.0054326 -0.0111702 -0.0008279 0.0020584 -0.0113496 0.0016962 0.0052043 -0.0334232 -0.0002058 0.0078073 -0.0586826 0.0054697 0.0157842 -0.0314621 0.0026852 0.0020315 -0.0330939 0.0063693 0.0139025
-0.0472437 0.2128381 -0.1755222 -0.0411046 0.2366087 -0.1980994 0.0047272 0.2810806 -0.2116069 -0.0447869 0.2676763 -0.2127610 -0.1687920 0.7604268 -0.6271048 -0.1320357 0.7600314 -0.6363323 0.0134348 0.7988400 -0.6013935 -0.1298723 0.7762037 -0.6169611 0.0095244 0.0027740 -0.0022726 -0.0161835 0.0522325 -0.0405428 0.0094112 0.0045365 0.0010981 0.0103517 0.0043098 0.0014411 0.0350341 0.0041633 -0.0033799 -0.0191095 0.0020288 0.0067139 0.0263813 0.0055047 0.0085661 0.0303911 0.0095476 0.0064709
-0.0377193 0.2156121 -0.1777948 -0.0572881 0.2888412 -0.2386422 0.0141384 0.2856171 -0.2105088 -0.0344352 0.2719861 -0.2113199 -0.1337579 0.7645901 -0.6304846 -0.1511452 0.7620602 -0.6296184 0.0398161 0.8043447 -0.5928274 -0.0994812 0.7857513 -0.6104903 0.0569832 0.0031138 -0.0036417 0.1254549 -0.0309722 0.0626945 0.0643639 0.0032930 0.0140682 0.0700020 0.0536412 -0.0178148 0.2013895 0.0033123 -0.0065020 0.3644784 0.0449605 0.0789765 0.1794157 0.0024888 0.0442317 0.1884536 0.0288241 0.0372968
0.0192639 0.2187259 -0.1814365 0.0681668 0.2578690 -0.1759477 0.0785023 0.2889101 -0.1964406 0.0355668 0.3256273 -0.2291346 0.0676316 0.7679024 -0.6369866 0.2133332 0.8070208 -0.5506418 0.2192318 0.8068334 -0.5485957 0.0889724 0.8145754 -0.5731935 -0.0162688 -0.0040574 -0.0006878 -0.0105803 -0.0149654 0.0072950 -0.0213239 -0.0025897 -0.0099804 -0.0159673 -0.0149656 0.0109986 -0.0569931 -0.0054036 -0.0099156 -0.0221859 -0.0007485 -0.0091686 -0.0593247 -0.0061005 -0.0286880 -0.0374086 0.0027342 -0.0006933
0.0029951 0.2146685 -0.1821243 0.0575865 0.2429036 -0.1686527 0.0571784 0.2863204 -0.2064210 0.0195995 0.3106617 -0.2181360 0.0106386 0.7624988 -0.6469022 0.1911474 0.8062723 -0.5598104 0.1599070 0.8007330 -0.5772837 0.0515638 0.8173097 -0.5738868 -0.0442844 -0.0041085 0.0040466 -0.0000658 0.0487122 0.0746057 -0.0567496 -0.0027873 -0.0115903 -0.0118799 0.0487120 0.0865196 -0.1587135 -0.0073716 0.0082656 -0.0066432 0.1291183 0.2581440 -0.1587080 -0.0079865 -0.0322666 -0.0313974 0.1215056 0.2300567
-0.0412893 0.2105600 -0.1780777 0.0575207 0.2916158 -0.0940470 0.0004289 0.2835331 -0.2180113 0.0077196 0.3593737 -0.1316164 -0.1480749 0.7551272 -0.6386366 0.1845042 0.9353906 -0.3016664 0.0011991 0.7927465 -0.6095503 0.0201664 0.9388153 -0.3438301 0.0164143 0.0057686 -0.0281228 -0.0299062 -0.1021956 -0.0556457 -0.0082438 -0.0025515 -0.0043176 -0.0304616 -0.1184872 -0.0612941 0.0651287 -0.0337733 -0.0489450 -0.0708656 -0.1558935 -0.3143453 -0.0230050 -0.0087311 -0.0108079 -0.0936586 -0.1603756 -0.2795722
-0.0248750 0.2163286 -0.2062005 0.0276145 0.1894202 -0.1496928 -0.0078150 0.2809816 -0.2223289 -0.0227420 0.2408865 -0.1929105 -0.0829462 0.7213539 -0.6875816 0.1136386 0.7794971 -0.6160118 -0.0218059 0.7840154 -0.6203582 -0.0734922 0.7784397 -0.6234023 -0.0088705 -0.0361934 0.0094850 -0.0013689 -0.0097489 0.0010177 0.0074590 -0.0249719 -0.0166757 -0.0012194 -0.0104807 0.0010152 -0.0425678 -0.0513517 -0.0440899 -0.0018030 -0.0138970 -0.0175095 0.0207895 -0.0530490 -0.0620544 -0.0061648 -0.0124806 -0.0145329
-0.0337454 0.1801353 -0.1967155 0.0262456 0.1796714 -0.1486750 -0.0003560 0.2560098 -0.2390045 -0.0239614 0.2304059 -0.1918954 -0.1255141 0.6700023 -0.7316715 0.1118356 0.7656001 -0.6335213 -0.0010164 0.7309665 -0.6824126 -0.0796570 0.7659592 -0.6379352 0.0070403 -0.0023670 -0.0037556 0.0016651 -0.0031043 -0.0010490 0.0002059 -0.0111811 -0.0090086 0.0017969 -0.0006691 -0.0012123 0.0263359 -0.0098029 -0.0128421 0.0078610 -0.0083818 -0.0085792 0.0005858 -0.0284433 -0.0292481 0.0060046 -0.0025448 -0.0037609
-0.0267052 0.1777683 -0.2004711 0.0279107 0.1765671 -0.1497240 -0.0001500 0.2448286 -0.2480131 -0.0221645 0.2297367 -0.1931077 -0.0991782 0.6601994 -0.7445136 0.1196966 0.7572184 -0.6421005 -0.0004306 0.7025231 -0.7116608 -0.0736524 0.7634143 -0.6416961 0.0062791 -0.0057507 -0.0056452 -0.0000586 -0.0035057 0.0000623 -0.0006251 -0.0179893 -0.0076736 -0.0001093 -0.0030693 0.0000559 0.0233132 -0.0213033 -0.0210296 0.0011430 -0.0063701 -0.0072258 -0.0018371 -0.0388767 -0.0363822 -0.0009495 -0.0042342 -0.0048950
-0.0204260 0.1720176 -0.2061163 0.0278520 0.1730613 -0.1496617 -0.0007751 0.2268393 -0.2556867 -0.0222738 0.2266674 -0.1930518 -0.0758650 0.6388961 -0.7655431 0.1208396 0.7508483 -0.6493263 -0.0022676 0.6636464 -0.7480430 -0.0746019 0.7591802 -0.6465911 0.0054272 -0.0058059 -0.0033414 -0.0009058 -0.0009366 -0.0002168 0.0007168 -0.0063698 -0.0066241 -0.0008777 -0.0005017 -0.0002358 0.0198603 -0.0182702 -0.0165611 -0.0035896 -0.0018893 -0.0028339 0.0020976 -0.0202346 -0.0174772 -0.0029817 -0.0012712 -0.0011394
-0.0149988 0.1662117 -0.2094577 0.0269462 0.1721247 -0.1498786 -0.0000583 0.2204695 -0.2623108 -0.0231515 0.2261657 -0.1932876 -0.0560047 0.6206259 -0.7821042 0.1172500 0.7489589 -0.6521602 -0.0001701 0.6434118 -0.7655202 -0.0775837 0.7579090 -0.6477304 -0.0014737 -0.0184355 0.0013031 -0.0190799 -0.0328215 -0.0438876 0.0010696 -0.0152097 -0.0106179 -0.0254384 -0.0428603 -0.0584410 -0.0083895 -0.0429408 -0.0316116 -0.0843053 -0.1655465 -0.1593474 0.0031315 -0.0423593 -0.0336838 -0.0765891 -0.1762922 -0.1509890
-0.0164725 0.1477762 -0.2081546 0.0078663 0.1393032 -0.1937662 0.0010113 0.2052598 -0.2729286 -0.0485899 0.1833054 -0.2517286 -0.0643943 0.5776850 -0.8137158 0.0329446 0.5834124 -0.8115076 0.0029615 0.6010526 -0.7992040 -0.1541728 0.5816167 -0.7987194 -0.0001431 -0.0068241 -0.0047834 0.0187405 -0.0131644 -0.0243620 0.0022411 -0.0077715 -0.0074683 0.0248974 -0.0171433 -0.0323633 -0.0005354 -0.0268816 -0.0183898 0.0720648 -0.0855778 -0.0493836 0.0065215 -0.0252499 -0.0183297 0.0823706 -0.0780476 -0.0622466
-0.0166157 0.1409521 -0.2129381 0.0266068 0.1261388 -0.2181282 0.0032525 0.1974883 -0.2803970 -0.0236925 0.1661621 -0.2840919 -0.0649297 0.5508034 -0.8321056 0.1050094 0.4978347 -0.8608912 0.0094830 0.5758027 -0.8175337 -0.0718022 0.5035692 -0.8609661 0.0000075 -0.0074485 -0.0059366 -0.0067300 -0.0158142 -0.0030164 0.0169805 -0.0281447 -0.0160548 -0.0084342 -0.0200415 -0.0041170 0.0002850 -0.0311618 -0.0198296 -0.0248402 -0.0528599 -0.0310563 0.0496761 -0.0806593 -0.0492611 -0.0271323 -0.0535896 -0.0265757
-0.0166082 0.1335036 -0.2188747 0.0198767 0.1103246 -0.2211446 0.0202330 0.1693436 -0.2964518 -0.0321267 0.1461206 -0.2882089 -0.0646447 0.5196416 -0.8519352 0.0801693 0.4449747 -0.8919475 0.0591591 0.4951434 -0.8667948 -0.0989344 0.4499796 -0.8875417 -0.0015164 -0.0142306 -0.0044772 -0.0107992 -0.0028448 0.0069956 -0.0003087 -0.0075301 -0.0004023 -0.0137154 -0.0031682 0.0091837 -0.0067537 -0.0497884 -0.0279172 -0.0423116 0.0032700 -0.0011614 -0.0003297 -0.0173639 -0.0097130 -0.0457478 0.0011922 0.0069107
-0.0181246 0.1192730 -0.2233520 0.0090775 0.1074798 -0.2141490 0.0199242 0.1618135 -0.2968540 -0.0458421 0.1429524 -0.2790252 -0.0713984 0.4698532 -0.8798524 0.0378577 0.4482447 -0.8931089 0.0588294 0.4777795 -0.8765077 -0.1446823 0.4511718 -0.8806310 -0.0261325 -0.0374331 0.0075373 0.0029306 -0.0110482 -0.0093313 -0.0105740 -0.0393064 0.0167554 0.0047412 -0.0136043 -0.0121254 -0.1169170 -0.1216218 -0.0384461 0.0114175 -0.0525367 -0.0239446 -0.0282591 -0.0772470 -0.0392647 0.0167338 -0.0485072 -0.0257300
-0.0442571 0.0818399 -0.2158147 0.0120081 0.0964316 -0.2234803 0.0093503 0.1225071 -0.2800987 -0.0411009 0.1293481 -0.2911507 -0.1883154 0.3482314 -0.9182985 0.0492752 0.3957080 -0.9170535 0.0305703 0.4005325 -0.9157724 -0.1279485 0.4026647 -0.9063611 0.0227191 0.0179139 -0.0404818 0.0166604 -0.0143452 -0.0044937 0.0295569 0.0168092 -0.0348595 0.0237488 -0.0182811 -0.0056442 0.1102417 0.0133696 -0.0107597 0.0682224 -0.0592776 -0.0172959 0.0816882 0.0014356 0.0070262 0.0732737 -0.0527048 -0.0288067
-0.0215380 0.0997538 -0.2562965 0.0286685 0.0820864 -0.2279740 0.0389072 0.1393163 -0.3149582 -0.0173522 0.1110670 -0.2967948 -0.0780737 0.3616011 -0.9290582 0.1174975 0.3364304 -0.9343494 0.1122585 0.4019682 -0.9087462 -0.0546748 0.3499598 -0.9351678 -0.0025307 -0.0380160 0.0403682 0.0091481 0.0070426 0.0056546 -0.0190946 -0.0334175 0.0298605 0.0110545 0.0086531 0.0071209 -0.0284874 -0.0882641 -0.0269395 0.0384553 0.0311314 0.0175196 -0.0472513 -0.0545026 -0.0266905 0.0345867 0.0319199 0.0111741
-0.0240686 0.0617378 -0.2159283 0.0378166 0.0891290 -0.2223194 0.0198126 0.1058988 -0.2850977 -0.0062976 0.1197201 -0.2896739 -0.1065611 0.2733370 -0.9559977 0.1559529 0.3675619 -0.9168298 0.0650072 0.3474656 -0.9354367 -0.0200880 0.3818798 -0.9239937 -0.0006675 -0.0026470 -0.0000636 -0.0002260 -0.0028542 -0.0034756 0.0028976 -0.0101561 -0.0020687 0.0006257 -0.0026757 -0.0038178 -0.0032350 -0.0110506 -0.0027257 -0.0022846 -0.0148753 -0.0062077 0.0098062 -0.0320630 -0.0105676 0.0021401 -0.0115101 -0.0047174
-0.0247361 0.0590908 -0.2159919 0.0375906 0.0862748 -0.2257950 0.0227101 0.0957427 -0.2871663 -0.0056719 0.1170444 -0.2934917 -0.1097961 0.2622864 -0.9587234 0.1536682 0.3526866 -0.9230375 0.0748133 0.3154026 -0.9460043 -0.0179479 0.3703696 -0.9287110 -0.0010819 -0.0078511 -0.0065353 0.0005956 0.0011990 0.0003915 0.0018361 -0.0133545 -0.0071500 0.0005649 0.0012162 0.0004229 -0.0025513 -0.0393162 -0.0096062 0.0023345 0.0046721 0.0021912 0.0052425 -0.0466997 -0.0138862 0.0017901 0.0037885 0.0014869
-0.0258180 0.0512397 -0.2225271 0.0381861 0.0874738 -0.2254035 0.0245463 0.0823882 -0.2943163 -0.0051070 0.1182606 -0.2930688 -0.1123474 0.2229702 -0.9683297 0.1560027 0.3573587 -0.9208463 0.0800558 0.2687029 -0.9598905 -0.0161578 0.3741582 -0.9272241 0.0352432 -0.0018232 -0.0496595 -0.0009015 0.0030352 0.0019888 0.0380428 -0.0004789 -0.0469956 -0.0011915 0.0030444 0.0021825 0.1463983 -0.0444402 -0.0150154 -0.0031455 0.0137040 0.0049057 0.0954901 -0.0389687 0.0025997 -0.0038230 0.0106572 0.0044468
0.0094252 0.0494165 -0.2721866 0.0372847 0.0905090 -0.2234147 0.0625890 0.0819093 -0.3413119 -0.0062985 0.1213050 -0.2908863 0.0340509 0.1785300 -0.9833451 0.1528572 0.3710627 -0.9159406 0.1755459 0.2297342 -0.9572909 -0.0199808 0.3848154 -0.9227773 0.0003734 -0.0016749 -0.0011119 -0.0006296 -0.0008565 -0.0000925 -0.0022287 -0.0087783 -0.0008807 -0.0004606 -0.0008392 -0.0001813 0.0012454 -0.0065564 -0.0011239 -0.0023792 -0.0030176 -0.0016101 -0.0055589 -0.0237823 -0.0063938 -0.0014711 -0.0024864 -0.0009999
0.0097986 0.0477416 -0.2732986 0.0366551 0.0896525 -0.2235071 0.0603603 0.0731310 -0.3421926 -0.0067592 0.1204658 -0.2910675 0.0352963 0.1719736 -0.9844690 0.1504780 0.3680451 -0.9175506 0.1699870 0.2059519 -0.9636847 -0.0214520 0.3823290 -0.9237772 -0.0060504 -0.0077123 -0.0036929 -0.0006678 0.0001428 0.0000819 0.0084241 -0.0115316 0.0022289 -0.0006257 0.0001508 0.0000591 -0.0219048 -0.0289576 -0.0051608 -0.0026674 0.0007712 -0.0001239 0.0252679 -0.0310927 -0.0013540 -0.0019846 0.0004578 0.0002378
0.0037482 0.0400293 -0.2769915 0.0359873 0.0897953 -0.2234252 0.0687844 0.0615994 -0.3399637 -0.0073849 0.1206166 -0.2910084 0.0133915 0.1430159 -0.9896298 0.1478106 0.3688163 -0.9176745 0.1952549 0.1748593 -0.9650387 -0.0234365 0.3827868 -0.9235394 0.0091034 -0.0037246 -0.0059400 0.0000209 -0.0003301 -0.0001119 0.0106253 -0.0043587 -0.0045482 0.0000969 -0.0003382 -0.0001627 0.0316165 -0.0158721 -0.0012328 0.0000955 -0.0013321 -0.0005189 0.0264674 -0.0150356 0.0031159 0.0003088 -0.0010960 -0.0004613
0.0128516 0.0363047 -0.2829314 0.0360082 0.0894652 -0.2235371 0.0794097 0.0572407 -0.3445119 -0.0072880 0.1202784 -0.2911711 0.0450081 0.1271438 -0.9908626 0.1479061 0.3674842 -0.9181934 0.2217223 0.1598236 -0.9619229 -0.0231278 0.3816908 -0.9240007 -0.0000927 -0.0025829 -0.0028660 -0.0004569 0.0042103 0.0023476 0.0008874 -0.0028091 -0.0018674 -0.0008826 0.0042053 0.0026159 -0.0007159 -0.0100797 -0.0012736 -0.0014988 0.0182901 0.0072911 0.0015069 -0.0085015 -0.0010259 -0.0028630 0.0142904 0.0061100
0.0127589 0.0337218 -0.2857974 0.0355513 0.0936755 -0.2211895 0.0802971 0.0544316 -0.3463792 -0.0081707 0.1244837 -0.2885552 0.0442921 0.1170641 -0.9921362 0.1464073 0.3857743 -0.9109023 0.2232292 0.1513221 -0.9629488 -0.0259907 0.3959812 -0.9178907 0.0034924 -0.0019163 -0.0020580 -0.0015064 -0.0013947 -0.0004672 0.0064156 -0.0031261 0.0028930 -0.0013783 -0.0013842 -0.0005384 0.0117346 -0.0074137 -0.0002538 -0.0060161 -0.0052357 -0.0031440 0.0190132 -0.0079940 0.0033782 -0.0043854 -0.0043887 -0.0017465
0.0162513 0.0318055 -0.2878555 0.0340449 0.0922808 -0.2216567 0.0867127 0.0513055 -0.3434862 -0.0095489 0.1230995 -0.2890936 0.0560267 0.1096504 -0.9923899 0.1403912 0.3805386 -0.9140463 0.2422424 0.1433282 -0.9595705 -0.0303761 0.3915925 -0.9196372 0.0000245 -0.0011305 0.0001839 -0.0004917 -0.0000768 -0.0000477 0.0013329 -0.0019694 0.0010368 -0.0004983 -0.0000758 -0.0000452 0.0001431 -0.0037868 -0.0004030 -0.0019968 -0.0002318 -0.0004009 0.0043754 -0.0051365 0.0003611 -0.0015823 -0.0002753 -0.0000635
0.0162757 0.0306750 -0.2876716 0.0335532 0.0922040 -0.2217044 0.0880456 0.0493361 -0.3424494 -0.0100472 0.1230237 -0.2891388 0.0561698 0.1058635 -0.9927930 0.1383944 0.3803068 -0.9144472 0.2466178 0.1381917 -0.9592094 -0.0319584 0.3913172 -0.9197008 -0.0000691 0.0006599 0.0002223 -0.0012529 -0.0000432 0.0000871 -0.0001479 0.0007089 0.0000044 -0.0012309 -0.0000392 0.0000768 -0.0002088 0.0023349 0.0002400 -0.0050214 0.0002399 -0.0006461 -0.0004543 0.0019629 0.0001681 -0.0039205 -0.0000696 0.0001150
0.0162066 0.0313349 -0.2874492 0.0323003 0.0921608 -0.2216174 0.0878976 0.0500450 -0.3424449 -0.0112782 0.1229845 -0.2890620 0.0559610 0.1081984 -0.9925530 0.1333730 0.3805466 -0.9150934 0.2461635 0.1401546 -0.9590413 -0.0358789 0.3912476 -0.9195858 -0.0034257 -0.0000057 0.0002050 0.0010590 0.0039420 0.0033618 -0.0034246 -0.0001365 -0.0004546 0.0334729 -0.0703614 -0.0107127 -0.0117714 0.0001208 -0.0005805 0.0051629 0.0185533 0.0087121 -0.0093191 -0.0002217 -0.0023762 0.1086090 -0.2188070 -0.0627454
0.0127810 0.0313292 -0.2872443 0.0333593 0.0961028 -0.2182556 0.0844730 0.0499085 -0.3428995 0.0221948 0.0526231 -0.2997747 0.0441897 0.1083192 -0.9931335 0.1385360 0.3990999 -0.9063813 0.2368444 0.1399329 -0.9614175 0.0727300 0.1724406 -0.9823312 -0.0464064 -0.0073384 0.0529279 -0.0012678 -0.0028437 -0.0010284 -0.0503714 -0.0107633 0.0465833 -0.0039464 -0.0187216 -0.0378699 -0.1855148 -0.0074876 0.0083187 -0.0050676 -0.0112354 -0.0056205 -0.1234858 -0.0098088 -0.0235788 -0.0190318 -0.0726811 -0.0112303
-0.0336254 0.0239908 -0.2343164 0.0320915 0.0932591 -0.2192840 0.0341016 0.0391452 -0.2963162 0.0182484 0.0339015 -0.3376445 -0.1413251 0.1008316 -0.9848148 0.1334684 0.3878645 -0.9120018 0.1133586 0.1301241 -0.9849962 0.0536982 0.0997594 -0.9935616 0.0360490 0.0203873 -0.0524755 0.0006905 0.0004722 0.0002194 0.0298976 0.0181682 -0.0396349 0.0017850 0.0044906 0.0006177 0.1496761 0.0520829 -0.0033893 0.0028281 0.0018395 0.0012033 0.0712039 0.0351576 0.0161729 0.0052587 0.0132258 0.0017156
0.0024236 0.0443781 -0.2867919 0.0327819 0.0937313 -0.2190645 0.0639993 0.0573134 -0.3359511 0.0200334 0.0383921 -0.3370268 0.0083509 0.1529144 -0.9882041 0.1362965 0.3897040 -0.9107986 0.1845625 0.1652817 -0.9688233 0.0589570 0.1129852 -0.9918460 -0.0378116 -0.0065619 0.0533062 0.0011620 0.0018132 0.0003407 -0.0364795 -0.0043095 0.0355871 0.0037273 0.0183223 0.0343434 -0.1563184 0.0052059 0.0119339 0.0045012 0.0066095 0.0035436 -0.0947003 0.0077958 -0.0119768 0.0179718 0.0706360 0.0118637
-0.0353880 0.0378162 -0.2334857 0.0339439 0.0955445 -0.2187239 0.0275197 0.0530039 -0.3003640 0.0237607 0.0567144 -0.3026834 -0.1479675 0.1581203 -0.9762702 0.1407977 0.3963135 -0.9072550 0.0898622 0.1730775 -0.9808002 0.0769288 0.1836213 -0.9799822 0.0351423 0.0179442 -0.0353729 -0.0005819 -0.0018870 -0.0001191 0.0327000 0.0169773 -0.0366953 -0.0009547 0.0003403 -0.0362889 0.1470725 0.0449548 -0.0028925 -0.0020021 -0.0066722 -0.0031929 0.0824527 0.0271692 0.0163268 -0.0107278 -0.0180034 -0.0039833
-0.0002457 0.0557604 -0.2688586 0.0333621 0.0936575 -0.2188430 0.0602197 0.0699812 -0.3370593 0.0228060 0.0570547 -0.3389723 -0.0008950 0.2030752 -0.9791627 0.1387956 0.3896414 -0.9104479 0.1723149 0.2002467 -0.9644733 0.0662010 0.1656178 -0.9839655 -0.0292889 -0.0085508 0.0415901 0.0034134 -0.0002151 -0.0000448 -0.0340839 -0.0007336 0.0385446 0.0199810 0.0251260 0.0279000 -0.1253258 -0.0013174 0.0078944 0.0139120 -0.0016287 0.0015328 -0.0873351 0.0249094 -0.0061364 0.0656227 0.0875753 0.0255732
-0.0295346 0.0472096 -0.2272685 0.0367755 0.0934424 -0.2188877 0.0261359 0.0692476 -0.2985147 0.0427869 0.0821807 -0.3110722 -0.1262208 0.2017577 -0.9712683 0.1527076 0.3880126 -0.9089151 0.0849798 0.2251560 -0.9706097 0.1318236 0.2531931 -0.9583923 0.0186302 0.0260931 -0.0200785 -0.0032966 -0.0080501 -0.0038255 0.0232188 0.0258821 -0.0163108 0.0172115 0.0134118 -0.0002616 0.0839901 0.0821295 0.0133410 -0.0137104 -0.0334827 -0.0157407 0.0634254 0.0608909 0.0239561 0.0493533 0.0354670 0.0182592
-0.0109044 0.0733027 -0.2473470 0.0334790 0.0853923 -0.2227132 0.0493546 0.0951297 -0.3148255 0.0599984 0.0955925 -0.3113339 -0.0422307 0.2838872 -0.9579273 0.1389972 0.3545299 -0.9246558 0.1484052 0.2860470 -0.9466536 0.1811770 0.2886601 -0.9401331 0.0129634 0.0275238 -0.0305100 -0.0001911 0.0015953 0.0013544 0.0022177 0.0126842 -0.0102667 -0.0406171 0.0078826 -0.0005553 0.0491962 0.0572128 0.0179261 -0.0003875 0.0076838 0.0029245 0.0004910 0.0252258 0.0080700 -0.1222987 0.0256846 -0.0073482
0.0020589 0.1008265 -0.2778570 0.0332879 0.0869876 -0.2213588 0.0515724 0.1078139 -0.3250922 0.0193814 0.1034751 -0.3118891 0.0069655 0.3411000 -0.9400012 0.1386097 0.3622137 -0.9217313 0.1488961 0.3112728 -0.9385836 0.0588782 0.3143448 -0.9474813 -0.0025503 0.0014751 0.0014840 0.0005942 -0.0003156 -0.0009536 -0.0037153 0.0101010 0.0023489 -0.0297807 -0.0014596 0.0138227 -0.0086328 0.0060385 0.0021888 0.0019777 -0.0025845 -0.0007122 -0.0109500 0.0286124 0.0082885 -0.0918697 0.0092956 0.0018764
-0.0004914 0.1023016 -0.2763730 0.0338821 0.0866720 -0.2223124 0.0478570 0.1179149 -0.3227433 -0.0103993 0.1020155 -0.2980665 -0.0016673 0.3471385 -0.9378124 0.1405874 0.3596291 -0.9224435 0.1379461 0.3398851 -0.9302951 -0.0329915 0.3236404 -0.9456048 -0.0162532 0.0055409 0.0209795 -0.0297360 0.0024064 -0.0013749 -0.0054606 0.0161727 0.0013495 -0.0099388 0.0149178 -0.0002064 -0.0586225 0.0411556 0.0182512 -0.1233700 0.0102866 -0.0064622 -0.0170948 0.0423326 0.0141594 -0.0303634 0.0406153 0.0164633
-0.0167445 0.1078425 -0.2553935 0.0041461 0.0890784 -0.2236873 0.0423964 0.1340876 -0.3213938 -0.0203382 0.1169333 -0.2982728 -0.0602898 0.3882941 -0.9195612 0.0172174 0.3699157 -0.9289058 0.1208513 0.3822178 -0.9161357 -0.0633549 0.3642557 -0.9291415 0.0046656 0.0044135 0.0066415 0.0061996 0.0030073 -0.0030799 -0.0007698 0.0123213 0.0047447 0.0041928 0.0059760 0.0017161 0.0160731 0.0226358 0.0089672 0.0250151 0.0059908 0.0032110 -0.0023694 0.0345061 0.0148570 0.0131241 0.0181344 0.0065069
-0.0120789 0.1122560 -0.2487520 0.0103457 0.0920857 -0.2267672 0.0416266 0.1464089 -0.3166491 -0.0161454 0.1229093 -0.2965567 -0.0442167 0.4109299 -0.9105940 0.0422325 0.3759065 -0.9256947 0.1184819 0.4167238 -0.9012787 -0.0502308 0.3823901 -0.9226346 -0.0041632 0.0020895 0.0102822 -0.0079950 0.0101196 0.0116440 -0.0092032 0.0060918 0.0086343 -0.0030179 0.0128194 0.0012993 -0.0170823 0.0206193 0.0105897 -0.0323630 0.0532041 0.0224967 -0.0245623 0.0250181 0.0090662 -0.0086381 0.0345631 0.0156151
-0.0162421 0.1143455 -0.2384698 0.0023507 0.1022053 -0.2151232 0.0324235 0.1525007 -0.3080147 -0.0191633 0.1357287 -0.2952575 -0.0612990 0.4315492 -0.9000043 0.0098695 0.4291105 -0.9031981 0.0939196 0.4417420 -0.8922125 -0.0588689 0.4169533 -0.9070195 -0.0147158 -0.0089596 0.0303297 0.0177425 0.0122459 -0.0062102 -0.0165710 -0.0040248 0.0319582 0.0078514 0.0092063 0.0072820 -0.0702442 0.0162457 0.0155971 0.0705091 0.0287262 0.0178028 -0.0434104 0.0313330 0.0126393 0.0238030 0.0323329 0.0143201
-0.0309579 0.1053859 -0.2081401 0.0200933 0.1144512 -0.2213334 0.0158525 0.1484759 -0.2760565 -0.0113119 0.1449350 -0.2879755 -0.1315432 0.4477949 -0.8844072 0.0803786 0.4578367 -0.8853953 0.0505092 0.4730749 -0.8795732 -0.0350659 0.4492862 -0.8926995 0.0000000 0.0000000 0.0000000 0.0000000 0.0000000 0.0000000 0.0000000 0.0000000 0.0000000 0.0000000 0.0000000 0.0000000 0.0000000 0.0000000 0.0000000 0.0000000 0.0000000 0.0000000 0.0000000 0.0000000 0.0000000 0.0000000 0.0000000 0.0000000
