0.0910880 0.2229092 -0.1398057 0.1101777 0.2222459 -0.1301865 0.1044056 0.2934702 -0.1356312 0.1408227 0.3146083 -0.1305702 0.3271322 0.8005525 -0.5020958 0.3932889 0.7933262 -0.4647122 0.3073131 0.8638163 -0.3992242 0.3820587 0.8535472 -0.3542432 -0.0197138 0.0143628 -0.0024547 -0.0018968 0.0537621 -0.0052619 -0.0103542 0.0119999 -0.0095286 -0.0047882 0.0273787 -0.0119600 -0.0773187 0.0299115 0.0041774 -0.0611004 0.0534220 0.0491783 -0.0393910 0.0063700 -0.0142894 -0.0373917 0.0129361 -0.0068819
0.0713742 0.2372720 -0.1422604 0.1082809 0.2760080 -0.1354484 0.0940513 0.3054701 -0.1451598 0.1360345 0.3419870 -0.1425303 0.2498135 0.8304640 -0.4979184 0.3321884 0.8467482 -0.4155339 0.2679221 0.8701863 -0.4135136 0.3446670 0.8664833 -0.3611251 0.0038485 0.0005537 0.0035833 0.0030425 0.0029929 -0.0017364 0.0010326 0.0013074 0.0014996 -0.0009594 0.0047194 0.0002965 0.0137597 0.0028544 0.0120073 0.0049167 -0.0018883 0.0001160 0.0023252 0.0017361 0.0052029 -0.0055787 0.0038775 0.0040660
0.0752227 0.2378257 -0.1386771 0.1113234 0.2790009 -0.1371848 0.0950839 0.3067775 -0.1436602 0.1350751 0.3467064 -0.1422337 0.2635732 0.8333184 -0.4859111 0.3371052 0.8448598 -0.4154179 0.2702474 0.8719224 -0.4083107 0.3390883 0.8703608 -0.3570590 0.0051180 -0.0037715 0.0058800 0.0016729 0.0021872 -0.0017154 0.0040126 -0.0035370 0.0049329 -0.0157626 0.0047018 0.0175776 0.0224998 0.0000894 0.0130542 0.0018576 -0.0013603 -0.0012508 0.0146113 -0.0002399 0.0095311 -0.0343212 0.0272626 0.0386423
0.0803407 0.2340542 -0.1327971 0.1129963 0.2811881 -0.1389002 0.0990965 0.3032405 -0.1387273 0.1193125 0.3514082 -0.1246561 0.2860729 0.8334078 -0.4728569 0.3389628 0.8434995 -0.4166687 0.2848586 0.8716825 -0.3987796 0.3047672 0.8976234 -0.3184167 0.0013049 -0.0013255 0.0011819 0.0007879 0.0002716 -0.0010813 -0.0004618 -0.0008017 0.0020565 -0.0018008 -0.0007395 0.0039068 0.0059821 -0.0009120 0.0020549 0.0013954 -0.0015799 -0.0020527 0.0000212 0.0018312 0.0040427 -0.0027175 0.0037286 0.0080450
0.0816456 0.2327287 -0.1316152 0.1137842 0.2814597 -0.1399815 0.0986347 0.3024388 -0.1366707 0.1175116 0.3506687 -0.1207493 0.2920551 0.8324958 -0.4708020 0.3403582 0.8419197 -0.4187214 0.2848799 0.8735137 -0.3947369 0.3020496 0.9013520 -0.3103717 0.0032026 -0.0011699 0.0004108 0.0034775 0.0004897 0.0029775 0.0044436 -0.0013992 0.0017563 0.0024639 0.0010351 0.0010845 0.0116854 -0.0035593 0.0011150 0.0100032 0.0005057 0.0093727 0.0133633 -0.0024957 0.0043800 0.0052676 -0.0004631 0.0038503
0.0848482 0.2315588 -0.1312045 0.1172616 0.2819494 -0.1370040 0.1030782 0.3010396 -0.1349144 0.1199756 0.3517038 -0.1196649 0.3037405 0.8289365 -0.4696870 0.3503614 0.8424254 -0.4093487 0.2982431 0.8710181 -0.3903570 0.3073173 0.9008889 -0.3065214 0.0118426 -0.0075701 0.0035340 0.0035717 -0.0602158 0.0098738 0.0418413 0.0141597 0.0111380 -0.0009907 -0.0582865 -0.0018390 0.0474104 -0.0154791 0.0060276 0.0770400 -0.0581285 -0.0403250 0.0951985 -0.0152842 0.0543165 0.0435283 -0.0357023 -0.0517516
0.0966908 0.2239887 -0.1276704 0.1208334 0.2217336 -0.1271302 0.1449195 0.3151993 -0.1237765 0.1189849 0.2934173 -0.1215039 0.3511509 0.8134575 -0.4636594 0.4274014 0.7842969 -0.4496738 0.3934417 0.8557339 -0.3360405 0.3508455 0.8651866 -0.3582730 0.0102664 -0.0086339 -0.0067375 0.0175169 0.0192241 -0.0025491 -0.0076197 -0.0348889 -0.0164334 0.0589179 0.0229263 -0.0131959 0.0371224 -0.0316816 -0.0242652 0.0238039 0.0015448 0.0267474 0.0078140 -0.0365328 -0.0737197 0.1087018 -0.0480278 0.0103251
0.1069571 0.2153548 -0.1344080 0.1383502 0.2409577 -0.1296793 0.1372998 0.2803104 -0.1402098 0.1779028 0.3163436 -0.1346998 0.3882733 0.7817759 -0.4879246 0.4512052 0.7858417 -0.4229264 0.4012557 0.8192011 -0.4097602 0.4595473 0.8171588 -0.3479479 0.0180579 -0.0192382 -0.0065055 0.0170640 -0.0023854 -0.0106711 0.0250098 -0.0236189 -0.0113486 0.0111075 -0.0062167 -0.0085496 0.0714557 -0.0605790 -0.0302688 0.0383800 -0.0342923 -0.0192046 0.0769433 -0.0629326 -0.0367637 0.0245792 -0.0228071 -0.0189675
0.1250151 0.1961166 -0.1409134 0.1554142 0.2385723 -0.1403503 0.1623096 0.2566915 -0.1515585 0.1890103 0.3101269 -0.1432493 0.4597290 0.7211969 -0.5181933 0.4895852 0.7515494 -0.4421310 0.4781990 0.7562685 -0.4465239 0.4841265 0.7943517 -0.3669154 0.0215682 -0.0302057 -0.0053076 0.0312318 -0.0133277 -0.0203309 0.0140243 -0.0155588 -0.0002071 0.0368916 -0.0273946 -0.0355333 0.0927522 -0.0958685 -0.0329228 0.0696507 -0.0766631 -0.0393081 0.0480621 -0.0366182 -0.0064139 0.0755230 -0.0939106 -0.0760008
0.1465832 0.1659109 -0.1462211 0.1866461 0.2252446 -0.1606812 0.1763339 0.2411327 -0.1517655 0.2259019 0.2827323 -0.1787827 0.5524812 0.6253283 -0.5511161 0.5592359 0.6748863 -0.4814392 0.5262611 0.7196504 -0.4529378 0.5596494 0.7004411 -0.4429162 -0.0185688 -0.0480128 -0.0104032 0.0117500 -0.0198878 -0.0048111 0.0148661 -0.0507941 -0.0200239 0.0320831 -0.0520454 -0.0180329 -0.0057245 -0.1217791 -0.1178347 0.0419087 -0.0526504 -0.0200064 0.0715373 -0.1245452 -0.0841721 0.0883392 -0.1210179 -0.0514313
0.1280144 0.1178981 -0.1566243 0.1983961 0.2053568 -0.1654923 0.1912000 0.1903386 -0.1717894 0.2579850 0.2306869 -0.1968156 0.5467567 0.5035492 -0.6689509 0.6011447 0.6222358 -0.5014455 0.5977984 0.5951051 -0.5371098 0.6479886 0.5794232 -0.4943475 0.0018292 -0.0067921 -0.0019920 0.0175906 -0.0306932 -0.0118469 0.0136714 -0.0200202 -0.0051256 0.0062516 -0.0085476 -0.0048480 0.0101325 -0.0270242 -0.0113420 0.0542432 -0.0922383 -0.0366709 0.0428016 -0.0625468 -0.0160749 0.0129437 -0.0237885 -0.0100715
0.1298436 0.1111060 -0.1586163 0.2159867 0.1746636 -0.1773392 0.2048714 0.1703184 -0.1769150 0.2642366 0.2221393 -0.2016636 0.5568892 0.4765250 -0.6802929 0.6553878 0.5299976 -0.5381165 0.6406000 0.5325583 -0.5531847 0.6609323 0.5556347 -0.5044190 0.0301897 -0.0101638 -0.0170726 0.0328656 -0.0178254 -0.0163797 0.0298938 -0.0082853 -0.0111528 0.0484045 -0.0435425 -0.0171793 0.0629178 -0.0855772 -0.0001476 0.0511550 -0.0847016 -0.0118915 0.0465094 -0.0583208 0.0027490 0.0810711 -0.1317639 -0.0149695
0.1600333 0.1009422 -0.1756888 0.2488523 0.1568382 -0.1937189 0.2347652 0.1620331 -0.1880678 0.3126411 0.1785968 -0.2188429 0.6198069 0.3909478 -0.6804405 0.7065428 0.4452959 -0.5500080 0.6871094 0.4742375 -0.5504357 0.7420034 0.4238708 -0.5193885 0.0166325 -0.0084377 -0.0051234 0.0094659 -0.0244151 0.0019695 0.0232680 -0.0171541 -0.0030576 0.0060286 -0.0125226 0.0071192 0.0364901 -0.0473021 0.0087398 0.0359716 -0.0646566 -0.0011599 0.0453605 -0.0629746 0.0078948 0.0220410 -0.0256903 0.0117584
0.1766658 0.0925045 -0.1808122 0.2583182 0.1324231 -0.1917494 0.2580332 0.1448790 -0.1911254 0.3186697 0.1660742 -0.2117237 0.6562970 0.3436457 -0.6717007 0.7425144 0.3806393 -0.5511679 0.7324699 0.4112630 -0.5425409 0.7640444 0.3981806 -0.5076302 0.0278080 -0.0102749 -0.0139228 0.0049814 -0.0133729 -0.0041325 -0.0090926 -0.0075496 -0.0162743 0.0064507 -0.0296270 -0.0165497 0.0389629 -0.0640453 0.0095548 0.0117141 -0.0396169 -0.0099409 -0.0250850 -0.0210303 -0.0468020 0.0099862 -0.0733337 -0.0358320
0.2044738 0.0822296 -0.1947351 0.2632996 0.1190502 -0.1958819 0.2489406 0.1373294 -0.2073997 0.3251203 0.1364472 -0.2282734 0.6952600 0.2796004 -0.6621459 0.7542285 0.3410224 -0.5611088 0.7073849 0.3902326 -0.5893430 0.7740306 0.3248468 -0.5434622 -0.0177015 -0.0346673 0.0040228 0.0061347 -0.0178331 -0.0050006 0.0237184 -0.0488993 -0.0038901 -0.0044506 -0.0338047 -0.0230724 -0.0064207 -0.1041847 -0.0412244 0.0134138 -0.0526458 -0.0112235 0.0582993 -0.1419022 -0.0040033 -0.0108325 -0.0805564 -0.0547441
0.1867723 0.0475623 -0.1907122 0.2694343 0.1012171 -0.2008825 0.2726590 0.0884301 -0.2112897 0.3206697 0.1026425 -0.2513458 0.6888393 0.1754157 -0.7033703 0.7676423 0.2883765 -0.5723322 0.7656842 0.2483304 -0.5933463 0.7631982 0.2442905 -0.5982063 0.0531632 0.0078327 -0.0062112 0.0037852 -0.0189913 -0.0047905 0.0168841 0.0132404 -0.0095362 0.0116952 -0.0107412 0.0059001 0.0721268 0.0002720 0.0788189 0.0091535 -0.0545987 -0.0124208 0.0001630 0.0205901 0.0092573 0.0220369 -0.0271674 0.0183240
0.2399355 0.0553950 -0.1969235 0.2732195 0.0822258 -0.2056730 0.2895431 0.1016705 -0.2208259 0.3323650 0.0919013 -0.2454457 0.7609660 0.1756877 -0.6245515 0.7767959 0.2337778 -0.5847530 0.7658472 0.2689205 -0.5840889 0.7852350 0.2171231 -0.5798823 0.0022110 -0.0052673 -0.0004018 0.0008525 -0.0080929 -0.0017507 0.0221966 -0.0394119 0.0099595 0.0040821 -0.0155177 0.0022733 0.0044433 -0.0172373 0.0008191 0.0026620 -0.0229446 -0.0051578 0.0513505 -0.1057151 0.0313214 0.0118541 -0.0361599 0.0037736
0.2421465 0.0501277 -0.1973253 0.2740720 0.0741329 -0.2074237 0.3117397 0.0622586 -0.2108665 0.3364470 0.0763836 -0.2431724 0.7654093 0.1584504 -0.6237324 0.7794579 0.2108332 -0.5899109 0.8171977 0.1632054 -0.5527676 0.7970891 0.1809632 -0.5761088 -0.0750398 -0.0403087 0.0049632 0.0016750 -0.0219061 0.0058913 -0.0778346 -0.0306996 0.0030429 0.0004242 -0.0034965 0.0098488 -0.1100850 -0.1199443 -0.1306332 0.0186217 -0.0596760 0.0066265 -0.0734160 -0.0628526 -0.1080790 0.0122798 -0.0058442 0.0155240
0.1671067 0.0098190 -0.1923621 0.2757470 0.0522268 -0.2015324 0.2339050 0.0315590 -0.2078236 0.3368712 0.0728871 -0.2333236 0.6553243 0.0385061 -0.7543655 0.7980795 0.1511572 -0.5832843 0.7437816 0.1003527 -0.6608466 0.8093689 0.1751190 -0.5605848 0.0241502 -0.0005661 0.0024999 -0.0006162 -0.0031774 0.0009875 0.0524683 -0.0081089 0.0030761 0.0032081 -0.0092306 0.0055376 0.0539475 -0.0041919 0.0502661 0.0017699 -0.0085627 0.0002682 0.0678908 -0.0338877 0.0805275 0.0116081 -0.0214474 0.0106922
0.1912569 0.0092529 -0.1898622 0.2751308 0.0490494 -0.2005449 0.2863733 0.0234501 -0.2047475 0.3400794 0.0636565 -0.2277860 0.7092718 0.0343142 -0.7040994 0.7998494 0.1425945 -0.5830161 0.8116725 0.0664650 -0.5803191 0.8209770 0.1536716 -0.5498925 -0.0102281 -0.0047205 -0.0002312 -0.0003113 -0.0070774 0.0016753 -0.0103957 -0.0030061 0.0004397 -0.0009644 -0.0162101 -0.0028638 -0.0197444 -0.0170505 -0.0199544 0.0041547 -0.0198024 0.0012090 -0.0093688 -0.0070316 -0.0136309 0.0004124 -0.0387490 -0.0087775
0.1810288 0.0045324 -0.1900934 0.2748195 0.0419720 -0.1988695 0.2759776 0.0204440 -0.2043078 0.3391150 0.0474464 -0.2306499 0.6895274 0.0172636 -0.7240538 0.8040041 0.1227921 -0.5818071 0.8023036 0.0594334 -0.5939500 0.8213894 0.1149226 -0.5586700 -0.0014500 -0.0003165 -0.0003400 0.0000800 -0.0005554 -0.0004010 -0.0015069 0.0001121 -0.0002396 0.0007566 -0.0032083 0.0006447 -0.0035483 -0.0011592 -0.0033892 -0.0003068 -0.0017064 -0.0007810 -0.0019184 0.0005103 -0.0025316 0.0020196 -0.0077467 0.0014350
0.1795788 0.0042159 -0.1904334 0.2748995 0.0414166 -0.1992706 0.2744707 0.0205561 -0.2045474 0.3398716 0.0442381 -0.2300052 0.6859790 0.0161045 -0.7274431 0.8036973 0.1210857 -0.5825881 0.8003852 0.0599437 -0.5964816 0.8234091 0.1071759 -0.5572350 -0.0012326 -0.0001289 0.0004083 -0.0004549 -0.0013429 -0.0003793 -0.0012986 0.0000270 0.0001449 -0.0002046 0.0004535 0.0003757 -0.0017185 -0.0004239 -0.0016259 -0.0006157 -0.0038218 -0.0016286 -0.0011684 0.0002760 -0.0015368 0.0001606 0.0011850 0.0004667
0.1783462 0.0040870 -0.1900251 0.2744446 0.0400737 -0.1996499 0.2731720 0.0205831 -0.2044025 0.3396670 0.0446916 -0.2296294 0.6842606 0.0156806 -0.7290690 0.8030816 0.1172639 -0.5842167 0.7992168 0.0602198 -0.5980184 0.8235696 0.1083610 -0.5567683 -0.0008946 0.0030111 0.0000130 -0.0000679 0.0017623 0.0015530 -0.0089854 0.0284292 0.0005705 -0.0005693 0.0016835 0.0004745 -0.0019767 0.0116109 -0.0015088 0.0015623 0.0054254 0.0032730 -0.0158845 0.0851052 -0.0063582 -0.0002887 0.0042312 0.0004128
0.1774515 0.0070981 -0.1900120 0.2743767 0.0418360 -0.1980969 0.2641866 0.0490123 -0.2038320 0.3390977 0.0463751 -0.2291550 0.6822839 0.0272915 -0.7305778 0.8046438 0.1226893 -0.5809437 0.7833324 0.1453250 -0.6043766 0.8232809 0.1125921 -0.5563555 -0.0014289 0.0060490 0.0005599 0.0001102 0.0091746 0.0006735 -0.0004783 0.0036031 -0.0005984 0.0050458 0.0115698 0.0151805 -0.0024973 0.0234816 -0.0010727 -0.0019034 0.0264919 0.0035766 -0.0026457 0.0104385 -0.0008226 0.0174013 0.0289571 0.0336537
0.1760226 0.0131471 -0.1894522 0.2744870 0.0510106 -0.1974234 0.2637083 0.0526154 -0.2044304 0.3441435 0.0579449 -0.2139744 0.6797865 0.0507731 -0.7316504 0.8027404 0.1491811 -0.5773671 0.7806867 0.1557635 -0.6051992 0.8406822 0.1415492 -0.5227019 0.0338777 0.0514958 -0.0029723 -0.0009570 0.0167272 -0.0030141 0.0201887 0.0306231 -0.0058335 -0.0031281 0.0256998 -0.0056111 0.0390500 0.1706066 0.0726625 -0.0117494 0.0467023 -0.0022559 0.0014937 0.0735714 0.0258898 -0.0172370 0.0604265 -0.0075281
0.2099003 0.0646429 -0.1924245 0.2735300 0.0677378 -0.2004375 0.2838971 0.0832385 -0.2102638 0.3410155 0.0836447 -0.2195855 0.7188365 0.2213798 -0.6589879 0.7909910 0.1958834 -0.5796230 0.7821804 0.2293349 -0.5793094 0.8234452 0.2019757 -0.5302300 -0.0072358 0.0215743 -0.0078135 -0.0057585 0.0362842 -0.0117805 -0.0123380 0.0216202 0.0010819 -0.0101578 -0.0070533 -0.0136487 -0.0379778 0.0682700 -0.0137188 -0.0412532 0.0953695 -0.0145697 -0.0246183 0.0631869 -0.0042407 -0.0203624 -0.0160672 -0.0358938
0.2026645 0.0862172 -0.2002380 0.2677714 0.1040220 -0.2122180 0.2715591 0.1048587 -0.2091820 0.3308577 0.0765914 -0.2332342 0.6808587 0.2896498 -0.6727068 0.7497378 0.2912530 -0.5941927 0.7575621 0.2925219 -0.5835501 0.8030828 0.1859084 -0.5661238 -0.0726692 -0.0159356 0.0266200 -0.0106195 0.0215147 0.0217799 -0.0539914 0.0049028 0.0199669 -0.0054527 0.0504132 0.0201374 -0.1106901 0.0186103 -0.0887940 -0.0016252 0.0739615 0.0401657 -0.0523678 0.0632440 -0.0297457 -0.0078229 0.1244791 0.0453347
0.1299953 0.0702816 -0.1736180 0.2571519 0.1255367 -0.1904381 0.2175677 0.1097615 -0.1892150 0.3254050 0.1270046 -0.2130968 0.5701687 0.3082601 -0.7615008 0.7481126 0.3652144 -0.5540270 0.7051942 0.3557659 -0.6132958 0.7952599 0.3103876 -0.5207890 0.0007978 0.0081917 0.0046071 -0.0309725 0.0219716 0.0093961 -0.0115446 0.0292062 0.0078869 -0.0427236 0.0621252 0.0162668 0.0043394 0.0364334 0.0191216 -0.0523965 0.0885134 -0.0028484 -0.0354877 0.0959677 0.0238639 -0.0759034 0.1709025 0.0199037
0.1307931 0.0784733 -0.1690108 0.2261794 0.1475083 -0.1810419 0.2060231 0.1389677 -0.1813281 0.2826814 0.1891298 -0.1968300 0.5745081 0.3446935 -0.7423792 0.6957161 0.4537278 -0.5568754 0.6697065 0.4517336 -0.5894319 0.7193565 0.4812901 -0.5008853 0.0070299 0.0322862 0.0081133 -0.0113307 0.0304184 0.0006508 -0.0158115 0.0350191 0.0107542 -0.0087036 0.0237671 -0.0048881 0.0020066 0.1186142 0.0693437 -0.0489768 0.0818685 0.0138608 -0.0543485 0.1111349 0.0376044 -0.0367102 0.0491663 -0.0017180
0.1378230 0.1107595 -0.1608975 0.2148487 0.1779267 -0.1803911 0.1902117 0.1739868 -0.1705739 0.2739778 0.2128969 -0.2017181 0.5765147 0.4633077 -0.6730355 0.6467393 0.5355963 -0.5430146 0.6153580 0.5628685 -0.5518275 0.6826463 0.5304564 -0.5026033 0.0007311 0.0286845 0.0045128 -0.0127159 0.0293700 0.0117161 0.0064674 0.0427027 0.0030001 -0.0544700 0.0637516 0.0251460 -0.0249309 0.0918186 0.0504682 -0.0435078 0.0830458 0.0396324 -0.0321230 0.0797057 0.0549017 -0.1267001 0.1702097 0.0554000
0.1385541 0.1394440 -0.1563847 0.2021329 0.2072967 -0.1686750 0.1966790 0.2166895 -0.1675738 0.2195078 0.2766485 -0.1765722 0.5515838 0.5551264 -0.6225673 0.6032315 0.6186421 -0.5033822 0.5832350 0.6425743 -0.4969258 0.5559462 0.7006661 -0.4472033 -0.0045493 0.0538257 0.0097287 -0.0358561 0.0163630 0.0168314 -0.0263527 0.0380426 0.0121396 -0.0007418 -0.0091784 0.0023803 -0.0680935 0.1421918 0.0934317 -0.0793220 0.0860711 0.0249492 -0.0875204 0.0987933 0.0445529 0.0093924 -0.0094658 -0.0029459
0.1340049 0.1932697 -0.1466560 0.1662768 0.2236597 -0.1518436 0.1703263 0.2547321 -0.1554342 0.2187660 0.2674701 -0.1741919 0.4834903 0.6973182 -0.5291356 0.5239095 0.7047132 -0.4784330 0.4957145 0.7413676 -0.4523729 0.5653386 0.6912003 -0.4501493 -0.0219869 0.0209992 0.0000622 -0.0388020 0.0088895 0.0146185 -0.0126791 0.0092472 -0.0160752 -0.0567090 0.0274775 0.0277765 -0.0873205 0.0604788 0.0106828 -0.0969959 0.0740952 0.0188655 -0.0479420 0.0084247 -0.0347731 -0.1237745 0.1124566 0.0512048
0.1120180 0.2142689 -0.1465938 0.1274748 0.2325492 -0.1372251 0.1576472 0.2639793 -0.1715095 0.1620570 0.2949476 -0.1464153 0.3961698 0.7577970 -0.5184527 0.4269136 0.7788084 -0.4595675 0.4477726 0.7497923 -0.4871460 0.4415641 0.8036570 -0.3989445 -0.0127685 0.0158367 0.0088519 0.0001315 -0.0039997 0.0073581 -0.0401934 0.0357037 0.0325585 0.0017237 -0.0048959 0.0074499 -0.0490925 0.0468869 0.0367669 0.0097878 0.0033466 0.0151292 -0.1127539 0.1050062 0.0908103 0.0122187 -0.0000185 0.0139165
0.0992495 0.2301056 -0.1377418 0.1276063 0.2285495 -0.1298670 0.1174539 0.2996830 -0.1389510 0.1637807 0.2900517 -0.1389655 0.3470773 0.8046838 -0.4816858 0.4367014 0.7821550 -0.4444383 0.3350186 0.8547985 -0.3963357 0.4537828 0.8036384 -0.3850279 -0.0112958 0.0023154 -0.0008409 -0.0036392 0.0017858 0.0161118 0.0217086 0.0323323 0.0009526 -0.0030368 0.0004618 0.0110710 -0.0379642 0.0121593 -0.0053629 -0.0020967 0.0253560 0.0456343 0.0259327 0.0063628 0.0384038 -0.0020012 0.0128692 0.0255718
0.0879537 0.2324210 -0.1385827 0.1239671 0.2303353 -0.1137553 0.1391625 0.3320153 -0.1379984 0.1607439 0.2905135 -0.1278945 0.3091131 0.8168431 -0.4870487 0.4346048 0.8075110 -0.3988040 0.3609514 0.8611613 -0.3579319 0.4517816 0.8165076 -0.3594561 -0.0066239 0.0059386 0.0038516 -0.0010647 0.0040546 0.0040431 -0.0090113 0.0083039 0.0086823 -0.0423051 0.0409104 0.0122604 -0.0243709 0.0176729 0.0153444 -0.0056211 0.0106131 0.0158603 -0.0243174 0.0190686 0.0234579 -0.1320744 0.0781198 0.0473198
0.0813298 0.2383596 -0.1347311 0.1229024 0.2343899 -0.1097121 0.1301512 0.3403192 -0.1293161 0.1184388 0.3314239 -0.1156341 0.2847422 0.8345160 -0.4717043 0.4289837 0.8181241 -0.3829437 0.3366340 0.8802299 -0.3344740 0.3197072 0.8946274 -0.3121364 -0.0029800 0.0012148 0.0111654 0.0023942 0.0047125 0.0019811 -0.0395182 -0.0300246 0.0104061 0.0025505 0.0045576 -0.0002493 -0.0056379 0.0189159 0.0315284 0.0021131 0.0045340 0.0122833 -0.0734999 0.0206455 -0.0107564 0.0025577 0.0002867 0.0034715
0.0783498 0.2395744 -0.1235657 0.1252966 0.2391024 -0.1077310 0.0906330 0.3102946 -0.1189100 0.1209893 0.3359815 -0.1158834 0.2791043 0.8534318 -0.4401760 0.4310968 0.8226582 -0.3706604 0.2631341 0.9008754 -0.3452304 0.3222649 0.8949141 -0.3086649 0.0021199 -0.0008052 0.0013914 0.0020133 0.0000619 0.0000819 0.0031315 -0.0009366 0.0005282 0.0019489 0.0000673 0.0001793 0.0082642 -0.0007536 0.0038744 0.0055836 -0.0023106 0.0014177 0.0092389 -0.0022333 0.0013475 0.0046360 -0.0013381 0.0010000
0.0804697 0.2387692 -0.1221743 0.1273099 0.2391643 -0.1076491 0.0937645 0.3093580 -0.1183819 0.1229382 0.3360488 -0.1157041 0.2873686 0.8526783 -0.4363016 0.4366804 0.8203475 -0.3692427 0.2723730 0.8986421 -0.3438829 0.3269009 0.8935760 -0.3076649 0.0016642 0.0016360 -0.0068527 -0.0188240 0.0012625 -0.0079842 0.0044182 0.0011210 -0.0081887 -0.0015256 0.0008202 -0.0014801 0.0008853 -0.0089623 -0.0165263 -0.0599961 0.0144612 -0.0322586 0.0086576 -0.0099514 -0.0184026 -0.0046528 0.0005266 -0.0033603
0.0821339 0.2404052 -0.1290270 0.1084859 0.2404268 -0.1156333 0.0981827 0.3104790 -0.1265705 0.1214127 0.3368690 -0.1171842 0.2882538 0.8437160 -0.4528279 0.3766843 0.8348088 -0.4015013 0.2810305 0.8886906 -0.3622855 0.3222481 0.8941026 -0.3110252 0.0081432 0.0017970 -0.0005026 -0.0019992 -0.0154340 -0.0040489 0.0113845 0.0010153 -0.0036195 0.0046479 -0.0166005 -0.0056720 0.0239953 -0.0059910 0.0048129 0.0088615 -0.0202001 -0.0318198 0.0276607 -0.0110961 -0.0045080 0.0226940 -0.0177454 -0.0251488
0.0902772 0.2422022 -0.1295296 0.1064868 0.2249928 -0.1196822 0.1095672 0.3114943 -0.1301900 0.1260606 0.3202685 -0.1228562 0.3122491 0.8377249 -0.4480150 0.3855459 0.8146086 -0.4333211 0.3086913 0.8775946 -0.3667935 0.3449421 0.8763572 -0.3361740 0.0141288 -0.0145619 -0.0104469 0.0063180 0.0361022 -0.0225353 0.0487019 0.0176485 -0.0120082 0.0494137 0.0097913 -0.0219230 0.0516559 -0.0442888 -0.0398706 -0.0308093 0.0064558 -0.0139095 0.0951346 -0.0377817 0.0039725 0.0927984 -0.0529856 -0.0249941
0.1044059 0.2276403 -0.1399765 0.1128047 0.2610950 -0.1422174 0.1582691 0.3291428 -0.1421982 0.1754743 0.3300598 -0.1447792 0.3639050 0.7934361 -0.4878855 0.3547366 0.8210644 -0.4472306 0.4038259 0.8398128 -0.3628209 0.4377405 0.8233716 -0.3611681 0.0063400 -0.0159360 -0.0074262 0.0171081 -0.0131094 -0.0086844 -0.0149060 -0.0577753 -0.0286647 0.0055845 -0.0320688 -0.0137067 0.0305836 -0.0393229 -0.0371783 0.0537507 -0.0413185 -0.0272528 0.0043072 -0.0672704 -0.1236001 0.0349821 -0.0453530 -0.0526196
0.1107459 0.2117043 -0.1474027 0.1299128 0.2479856 -0.1509018 0.1433631 0.2713675 -0.1708629 0.1810588 0.2979910 -0.1584859 0.3944886 0.7541132 -0.5250639 0.4084873 0.7797459 -0.4744834 0.4081331 0.7725425 -0.4864211 0.4727227 0.7780187 -0.4137877 0.0258539 -0.0437238 -0.0121734 0.0427143 -0.0233382 -0.0266858 0.0225501 -0.0172218 0.0067751 0.0189865 -0.0068733 -0.0171413 0.1133858 -0.1295660 -0.0682357 0.1077869 -0.1078950 -0.0566262 0.0727403 -0.0359410 0.0108382 0.0343919 -0.0400358 -0.0314270
0.1365998 0.1679805 -0.1595760 0.1726271 0.2246474 -0.1775876 0.1659132 0.2541457 -0.1640878 0.2000453 0.2911177 -0.1756272 0.5078744 0.6245471 -0.5932996 0.5162742 0.6718508 -0.5311096 0.4808734 0.7366015 -0.4755828 0.5071145 0.7379829 -0.4452147 -0.0021707 -0.0197791 -0.0048407 0.0090578 -0.0086056 -0.0023080 0.0320728 -0.0368152 -0.0258656 0.0411856 -0.0693755 -0.0442138 0.0112083 -0.0522843 -0.0415771 0.0265020 -0.0264347 -0.0063214 0.0847702 -0.1156910 -0.0671117 0.1042493 -0.1760102 -0.1119396
0.1344291 0.1482014 -0.1644168 0.1816849 0.2160418 -0.1798957 0.1979860 0.2173305 -0.1899534 0.2412309 0.2217422 -0.2198410 0.5190827 0.5722628 -0.6348767 0.5427762 0.6454161 -0.5374310 0.5656436 0.6209105 -0.5426946 0.6113638 0.5619727 -0.5571543 -0.0056501 -0.0276339 -0.0094221 0.0255059 -0.0229923 -0.0192891 -0.0021423 -0.0293649 -0.0046287 0.0194037 0.0097421 -0.0083329 0.0008790 -0.0854561 -0.0670201 0.0556546 -0.0878297 -0.0378759 0.0207356 -0.0581192 -0.0399076 0.0142176 -0.0063584 0.0094859
0.1287790 0.1205675 -0.1738389 0.2071908 0.1930495 -0.1991847 0.1958437 0.1879656 -0.1945822 0.2606346 0.2314843 -0.2281739 0.5199617 0.4868067 -0.7018967 0.5984308 0.5575864 -0.5753068 0.5863793 0.5627913 -0.5826021 0.6255814 0.5556142 -0.5476684 -0.0038786 -0.0245575 -0.0064376 0.0214037 -0.0276471 -0.0090129 0.0031394 -0.0315997 -0.0041203 0.0268295 -0.0321878 -0.0036775 0.0017368 -0.0857808 -0.0511032 0.0534744 -0.0858922 -0.0184307 0.0320483 -0.0768155 -0.0349534 0.0594206 -0.0807078 -0.0048133
0.1249004 0.0960100 -0.1802764 0.2285945 0.1654024 -0.2081976 0.1989831 0.1563659 -0.1987025 0.2874640 0.1992965 -0.2318513 0.5216985 0.4010259 -0.7529999 0.6519052 0.4716942 -0.5937375 0.6184276 0.4859758 -0.6175555 0.6850020 0.4749064 -0.5524818 0.0117642 -0.0093384 -0.0025097 0.0227877 -0.0190184 0.0029084 0.0179162 -0.0183155 -0.0039174 0.0213054 -0.0171027 0.0021006 0.0381015 -0.0460050 0.0042783 0.0541438 -0.0605501 0.0171481 0.0441638 -0.0642548 -0.0014146 0.0401235 -0.0470358 0.0129267
0.1366645 0.0866716 -0.1827861 0.2513822 0.1463840 -0.2052893 0.2168993 0.1380504 -0.2026199 0.3087694 0.1821938 -0.2297507 0.5598001 0.3550209 -0.7487216 0.7060490 0.4111440 -0.5765894 0.6625914 0.4217210 -0.6189701 0.7251255 0.4278706 -0.5395551 -0.0033898 -0.0036645 -0.0003463 0.0065796 -0.0162619 -0.0057364 0.0039824 -0.0180428 -0.0011739 0.0169427 -0.0462188 -0.0047214 -0.0073102 -0.0109154 -0.0104532 0.0149539 -0.0474529 -0.0132272 0.0199671 -0.0508791 -0.0107839 0.0435365 -0.1069774 -0.0137859
0.1332748 0.0830071 -0.1831325 0.2579618 0.1301221 -0.2110257 0.2208818 0.1200076 -0.2037938 0.3257121 0.1359750 -0.2344722 0.5524899 0.3441055 -0.7591748 0.7210029 0.3636911 -0.5898166 0.6825585 0.3708419 -0.6297540 0.7686620 0.3208932 -0.5533409 0.0037882 -0.0186199 -0.0040669 0.0075002 -0.0221675 -0.0050613 0.0046761 -0.0192277 -0.0011618 -0.0032193 -0.0029721 -0.0175904 0.0167529 -0.0766959 -0.0182921 0.0186268 -0.0629082 -0.0122445 0.0201183 -0.0568839 -0.0087408 -0.0193409 -0.0118573 -0.0323335
0.1370629 0.0643872 -0.1871994 0.2654620 0.1079546 -0.2160870 0.2255578 0.1007799 -0.2049555 0.3224928 0.1330029 -0.2520626 0.5692428 0.2674097 -0.7774669 0.7396297 0.3007829 -0.6020611 0.7026768 0.3139580 -0.6384948 0.7493212 0.3090360 -0.5856745 0.0025428 -0.0505328 -0.0102010 0.0024666 -0.0116093 0.0015291 0.0025468 -0.0481387 -0.0040482 -0.0052976 -0.0406427 -0.0147556 0.0072242 -0.2102014 -0.0376485 0.0118907 -0.0305413 0.0002417 0.0241790 -0.1462168 -0.0274958 -0.0023799 -0.0915433 -0.0426373
0.1396057 0.0138544 -0.1974003 0.2679287 0.0963453 -0.2145579 0.2281047 0.0526412 -0.2090037 0.3171952 0.0923602 -0.2668181 0.5764670 0.0572083 -0.8151153 0.7515204 0.2702415 -0.6018194 0.7268558 0.1677413 -0.6659906 0.7469413 0.2174927 -0.6283117 0.0704465 0.0423156 -0.0086593 0.0052196 -0.0186235 -0.0007919 0.0306325 0.0505105 -0.0214839 0.0150510 0.0080035 0.0172777 0.1247303 0.1302986 0.1272465 0.0148730 -0.0521714 -0.0024046 -0.0111990 0.1175723 0.0284709 0.0302968 0.0172925 0.0445508
0.2100523 0.0561700 -0.2060596 0.2731483 0.0777218 -0.2153499 0.2587372 0.1031517 -0.2304876 0.3322462 0.1003637 -0.2495404 0.7011973 0.1875069 -0.6878689 0.7663934 0.2180701 -0.6042239 0.7156569 0.2853136 -0.6375197 0.7772382 0.2347852 -0.5837609 0.0027109 -0.0006945 -0.0003365 0.0000761 -0.0049659 0.0030415 0.0206721 -0.0291801 0.0043322 0.0031297 -0.0185838 0.0021607 0.0043189 -0.0035519 0.0034658 0.0063405 -0.0123017 0.0037728 0.0456801 -0.0837550 0.0212892 0.0124575 -0.0422215 0.0012663
0.2127632 0.0554755 -0.2063961 0.2732244 0.0727559 -0.2123084 0.2794092 0.0739716 -0.2261555 0.3353759 0.0817799 -0.2473797 0.7055161 0.1839550 -0.6844031 0.7727339 0.2057684 -0.6004512 0.7613370 0.2015585 -0.6162306 0.7896957 0.1925637 -0.5824946 -0.0657058 -0.0350121 0.0092514 0.0015476 -0.0116001 0.0001287 -0.0647189 -0.0364434 0.0114372 0.0013687 -0.0045978 0.0023852 -0.1096617 -0.1010404 -0.1143977 0.0067496 -0.0322794 -0.0014682 -0.0596156 -0.0788965 -0.0855821 0.0053977 -0.0103278 0.0040341
0.1470573 0.0204634 -0.1971447 0.2747720 0.0611558 -0.2121797 0.2146903 0.0375282 -0.2147182 0.3367446 0.0771821 -0.2449945 0.5958544 0.0829146 -0.7988008 0.7794835 0.1734891 -0.6019194 0.7017214 0.1226620 -0.7018127 0.7950934 0.1822359 -0.5784605 0.0670109 0.0136006 -0.0032118 -0.0005361 -0.0037816 0.0042266 0.1169348 0.0246589 -0.0100941 -0.0031164 -0.0064358 -0.0012734 0.1293705 0.0324881 0.1200291 0.0064843 -0.0090530 0.0059199 0.1162137 0.0307191 0.1473253 -0.0019999 -0.0140594 -0.0069619
0.2140682 0.0340640 -0.2003564 0.2742359 0.0573742 -0.2079531 0.3316251 0.0621871 -0.2248123 0.3336282 0.0707463 -0.2462679 0.7252249 0.1154027 -0.6787717 0.7859678 0.1644361 -0.5959995 0.8179352 0.1533811 -0.5544874 0.7930935 0.1681765 -0.5854224 -0.0727017 0.0034984 0.0179668 -0.0000997 -0.0037251 0.0020266 -0.1237811 0.0008560 0.0208373 0.0010325 -0.0044564 0.0035829 -0.1205718 0.0452592 -0.1013452 0.0039660 -0.0098441 0.0026143 -0.1203755 0.0582022 -0.1300876 0.0062409 -0.0098436 0.0057714
0.1413665 0.0375624 -0.1823896 0.2741362 0.0536491 -0.2059265 0.2078440 0.0630431 -0.2039751 0.3346607 0.0662899 -0.2426849 0.6046531 0.1606619 -0.7801169 0.7899338 0.1545919 -0.5933852 0.6975597 0.2115833 -0.6845750 0.7993343 0.1583329 -0.5796510 0.0459896 -0.0194486 -0.0111224 -0.0010676 0.0007733 0.0027796 0.0511144 -0.0189986 -0.0111920 -0.0038315 -0.0023656 -0.0022666 0.0893665 -0.0935634 0.0632943 0.0023287 0.0033055 0.0039884 0.0650852 -0.0818702 0.0508975 -0.0051714 -0.0048812 -0.0083607
0.1873562 0.0181138 -0.1935120 0.2730685 0.0544224 -0.2031470 0.2589584 0.0440445 -0.2151671 0.3308292 0.0639243 -0.2449516 0.6940196 0.0670986 -0.7168226 0.7922624 0.1578975 -0.5893968 0.7626450 0.1297132 -0.6336775 0.7941629 0.1534517 -0.5880117 -0.0056717 0.0066922 -0.0008133 -0.0003472 0.0009640 0.0002607 0.0116619 0.0136814 -0.0010162 -0.0000396 -0.0000891 0.0004615 -0.0140203 0.0257440 -0.0104884 -0.0003754 0.0029252 0.0002865 0.0080345 0.0346801 0.0180250 0.0005084 -0.0000974 0.0006618
0.1816845 0.0248060 -0.1943253 0.2727213 0.0553864 -0.2028862 0.2706203 0.0577259 -0.2161833 0.3307896 0.0638352 -0.2444901 0.6799993 0.0928426 -0.7273109 0.7918870 0.1608227 -0.5891104 0.7706795 0.1643933 -0.6156524 0.7946713 0.1533543 -0.5873500 -0.0415603 -0.0167598 0.0012960 -0.0007033 0.0044456 -0.0009728 -0.0375667 -0.0241800 0.0095511 -0.0005701 0.0007190 -0.0013748 -0.0928770 -0.0591289 -0.0814850 -0.0037837 0.0125254 -0.0015195 -0.0267339 -0.0573092 -0.0439519 -0.0022599 0.0015532 -0.0026398
0.1401242 0.0080462 -0.1930294 0.2720180 0.0598320 -0.2038590 0.2330535 0.0335459 -0.2066322 0.3302195 0.0645542 -0.2458649 0.5871223 0.0337137 -0.8087959 0.7881033 0.1733481 -0.5906298 0.7439456 0.1070841 -0.6596044 0.7924114 0.1549075 -0.5899897 0.0676317 0.0560670 -0.0025022 -0.0056818 0.0193151 0.0102171 0.0603922 0.0468535 -0.0133067 -0.0040880 0.0202557 0.0126427 0.1233645 0.1855417 0.1401140 -0.0016820 0.0603526 0.0188559 0.0376803 0.1070688 0.0737721 0.0033934 0.0520401 0.0208961
0.2077559 0.0641132 -0.1955315 0.2663363 0.0791471 -0.1936419 0.2934457 0.0803994 -0.2199390 0.3261315 0.0848099 -0.2332222 0.7104869 0.2192553 -0.6686819 0.7864213 0.2337007 -0.5717740 0.7816259 0.2141529 -0.5858323 0.7958047 0.2069476 -0.5690936 -0.0704006 -0.0415799 0.0045863 -0.0021689 0.0125740 -0.0196177 -0.1277342 -0.0315528 0.0070192 0.0056557 -0.0005119 -0.0034139 -0.1291942 -0.1238936 -0.1394053 -0.0352570 0.0271098 -0.0346335 -0.1772622 -0.0360053 -0.1907036 0.0014623 -0.0043840 0.0004695
0.1373553 0.0225333 -0.1909453 0.2641673 0.0917211 -0.2132596 0.1657116 0.0488466 -0.2129197 0.3317872 0.0842980 -0.2366361 0.5812926 0.0953617 -0.8080872 0.7511643 0.2608105 -0.6064074 0.6043637 0.1781476 -0.7765358 0.7972670 0.2025636 -0.5686241 0.0578297 0.0720934 -0.0107586 -0.0092912 0.0191445 0.0122476 0.0696963 0.1034085 -0.0041177 -0.0101215 0.0355193 0.0104634 0.0776657 0.2241046 0.1271209 -0.0081164 0.0623993 0.0203911 0.0596038 0.2512878 0.1643820 -0.0147600 0.0889126 0.0184201
0.1951850 0.0946267 -0.2017039 0.2548761 0.1108656 -0.2010120 0.2354078 0.1522551 -0.2170374 0.3216656 0.1198173 -0.2261727 0.6589583 0.3194664 -0.6809664 0.7430480 0.3232098 -0.5860163 0.6639676 0.4294353 -0.6121538 0.7825070 0.2914762 -0.5502040 -0.0370169 -0.0017372 0.0176937 -0.0160077 0.0284780 0.0099218 0.0067321 -0.0157059 0.0103692 -0.0277172 0.0554883 0.0059800 -0.0501930 0.0380512 -0.0272610 -0.0324266 0.0913303 0.0175326 0.0350616 -0.0352340 0.0155271 -0.0602172 0.1392845 0.0091469
0.1581682 0.0928895 -0.1840102 0.2388684 0.1393436 -0.1910902 0.2421399 0.1365492 -0.2066683 0.2939485 0.1753056 -0.2201927 0.6087653 0.3575176 -0.7082274 0.7106214 0.4145401 -0.5684837 0.6990292 0.3942013 -0.5966268 0.7222897 0.4307607 -0.5410571 -0.0169203 -0.0023247 0.0117965 -0.0156011 0.0184630 0.0021219 -0.0330280 0.0211639 0.0155715 -0.0116228 0.0135525 0.0043534 -0.0213051 0.0191480 -0.0080222 -0.0388490 0.0602724 -0.0000890 -0.0540617 0.0922358 0.0072238 -0.0207632 0.0385165 0.0047367
0.1412479 0.0905648 -0.1722137 0.2232673 0.1578066 -0.1889683 0.2091119 0.1577131 -0.1910968 0.2823256 0.1888581 -0.2158393 0.5874602 0.3766656 -0.7162496 0.6717723 0.4748126 -0.5685727 0.6449674 0.4864372 -0.5894030 0.7015265 0.4692771 -0.5363204 -0.0052579 0.0246400 0.0066971 -0.0182498 0.0243433 0.0058609 -0.0044882 0.0224265 0.0022574 -0.0213286 0.0298679 0.0062243 -0.0283616 0.0969785 0.0357572 -0.0500478 0.0775652 0.0132914 -0.0279516 0.0567499 0.0199829 -0.0488278 0.0777106 0.0121174
0.1359900 0.1152048 -0.1655166 0.2050174 0.1821499 -0.1831074 0.2046238 0.1801396 -0.1888394 0.2609970 0.2187260 -0.2096149 0.5590987 0.4736442 -0.6804924 0.6217246 0.5523778 -0.5552813 0.6170158 0.5431871 -0.5694201 0.6526988 0.5469878 -0.5242029 0.0076799 0.0425382 0.0073788 -0.0299936 0.0268152 0.0075132 -0.0107933 0.0480528 0.0128511 -0.0366381 0.0359722 0.0085527 -0.0181274 0.1203179 0.0850436 -0.0819311 0.0920943 0.0137291 -0.0589012 0.1138691 0.0626804 -0.0839887 0.0986270 0.0145458
0.1436698 0.1577430 -0.1581378 0.1750238 0.2089651 -0.1755941 0.1938305 0.2281924 -0.1759882 0.2243589 0.2546982 -0.2010623 0.5409712 0.5939620 -0.5954487 0.5397934 0.6444721 -0.5415522 0.5581147 0.6570562 -0.5067398 0.5687101 0.6456148 -0.5096572 -0.0143729 0.0379921 0.0082884 -0.0177661 0.0081053 0.0195451 -0.0259953 0.0236272 0.0028273 -0.0385379 0.0283632 0.0431583 -0.0764774 0.1092082 0.0571208 -0.0327763 0.0553879 0.0384323 -0.0767479 0.0651856 0.0100982 -0.0713481 0.1120173 0.0870170
0.1292969 0.1957351 -0.1498495 0.1572578 0.2170704 -0.1560490 0.1678352 0.2518196 -0.1731609 0.1858210 0.2830614 -0.1579040 0.4644939 0.7031703 -0.5383280 0.5070172 0.6998600 -0.5031199 0.4813668 0.7222418 -0.4966415 0.4973620 0.7576321 -0.4226402 0.0000000 0.0000000 0.0000000 0.0000000 0.0000000 0.0000000 0.0000000 0.0000000 0.0000000 0.0000000 0.0000000 0.0000000 0.0000000 0.0000000 0.0000000 0.0000000 0.0000000 0.0000000 0.0000000 0.0000000 0.0000000 0.0000000 0.0000000 0.0000000
