-0.1700764 -0.3028129 -0.0298617 0.0743508 0.2887035 -0.1917247 -0.1370301 -0.3926464 -0.0412846 0.0533337 0.2864433 -0.1734598 -0.4879013 -0.8686851 -0.0856650 0.2097628 0.8145070 -0.5409047 -0.3278899 -0.9395368 -0.0987872 0.1572844 0.8447393 -0.5115439 0.0003954 -0.0010451 -0.0009644 -0.0189504 0.0166713 0.0087182 0.0005417 -0.0010696 -0.0003011 -0.0534363 0.0605403 0.0001251 0.0022486 -0.0010028 -0.0025643 -0.0559998 0.0330557 0.0329732 0.0019653 -0.0006292 -0.0005166 -0.1575488 0.0498498 0.0646543
-0.1696810 -0.3038580 -0.0308262 0.0554004 0.3053748 -0.1830065 -0.1364884 -0.3937160 -0.0415858 -0.0001026 0.3469836 -0.1733347 -0.4856528 -0.8696879 -0.0882292 0.1537630 0.8475627 -0.5079315 -0.3259245 -0.9401659 -0.0993038 -0.0002645 0.8945891 -0.4468895 -0.0341878 0.0683599 0.0087860 0.0009349 0.0025197 -0.0039224 -0.0455703 0.0907557 0.0125391 0.0167375 0.0019376 -0.0066238 -0.1672245 0.1155198 0.0176470 0.0007603 -0.0030333 -0.0047991 -0.1874281 0.0859055 0.0174006 0.0425982 -0.0066304 -0.0110813
-0.2038688 -0.2354981 -0.0220401 0.0563354 0.3078945 -0.1869289 -0.1820586 -0.3029603 -0.0290467 0.0166349 0.3489212 -0.1799585 -0.6528772 -0.7541681 -0.0705822 0.1545233 0.8445294 -0.5127306 -0.5133527 -0.8542604 -0.0819033 0.0423338 0.8879587 -0.4579708 0.0016037 0.0031654 -0.0004263 0.0445179 -0.0193446 -0.0317779 0.0015535 0.0031218 -0.0001299 0.0045991 0.0155743 -0.0183861 -0.0019996 0.0019412 -0.0021577 0.1138088 -0.0768082 -0.0691646 -0.0006244 0.0004891 -0.0011752 0.0087697 -0.0107340 -0.0193816
-0.2022651 -0.2323327 -0.0224664 0.1008533 0.2885499 -0.2187067 -0.1805051 -0.2998385 -0.0291766 0.0212340 0.3644955 -0.1983446 -0.6548768 -0.7522269 -0.0727399 0.2683321 0.7677212 -0.5818952 -0.5139771 -0.8537714 -0.0830785 0.0511035 0.8772246 -0.4773524 0.0001250 -0.0002471 0.0001996 -0.0344985 0.0446524 -0.0126025 0.0001309 -0.0002742 0.0005279 0.0025681 0.0054981 -0.0225369 0.0005946 -0.0005814 0.0006672 -0.1068895 0.0429667 0.0191151 0.0005533 -0.0004804 0.0015319 0.0040492 -0.0198996 -0.0344599
-0.2021402 -0.2325798 -0.0222668 0.0663548 0.3332023 -0.2313092 -0.1803742 -0.3001127 -0.0286487 0.0238021 0.3699936 -0.2208815 -0.6542821 -0.7528083 -0.0720727 0.1614426 0.8106879 -0.5627801 -0.5134238 -0.8542518 -0.0815467 0.0551527 0.8573251 -0.5118123 0.0002960 -0.0016764 -0.0000168 0.0010848 0.0015911 -0.0132624 0.0002952 -0.0017013 0.0002705 0.0089557 0.0005450 -0.0263929 0.0032179 -0.0028033 0.0001950 -0.0008949 -0.0136737 -0.0194508 0.0027036 -0.0017198 0.0010637 0.0181846 -0.0277724 -0.0417796
-0.2018442 -0.2342562 -0.0222837 0.0674396 0.3347934 -0.2445716 -0.1800790 -0.3018140 -0.0283781 0.0327578 0.3705386 -0.2472744 -0.6510642 -0.7556117 -0.0718778 0.1605477 0.7970142 -0.5822309 -0.5107202 -0.8559716 -0.0804830 0.0733373 0.8295527 -0.5535919 0.0035329 0.0020736 -0.0006838 0.0011258 0.0053220 -0.0357698 0.0047497 0.0024500 -0.0003506 0.0103062 0.0035710 -0.0380412 0.0034293 -0.0026384 -0.0031284 -0.0068350 -0.0345291 -0.0462505 0.0070678 -0.0039840 -0.0020435 0.0178112 -0.0377176 -0.0503031
-0.1983113 -0.2321826 -0.0229675 0.0685654 0.3401154 -0.2803415 -0.1753293 -0.2993640 -0.0287288 0.0430639 0.3741096 -0.2853156 -0.6476349 -0.7582500 -0.0750061 0.1537127 0.7624851 -0.6284814 -0.5036524 -0.8599556 -0.0825265 0.0911485 0.7918351 -0.6038950 0.0013162 0.0020294 -0.0033218 0.0128979 -0.0005660 -0.0218451 0.0012919 0.0020008 -0.0030532 0.0096207 0.0105044 -0.0279059 -0.0001908 0.0013830 -0.0114473 0.0226962 -0.0271899 -0.0259045 0.0006709 0.0005531 -0.0093259 0.0144722 -0.0207718 -0.0240427
-0.1969952 -0.2301532 -0.0262893 0.0814633 0.3395494 -0.3021865 -0.1740374 -0.2973632 -0.0317820 0.0526847 0.3846140 -0.3132215 -0.6478257 -0.7568670 -0.0864534 0.1764089 0.7352952 -0.6543858 -0.5029815 -0.8594026 -0.0918524 0.1056208 0.7710633 -0.6279376 0.0007975 -0.0005316 0.0004621 0.0082364 0.0030994 -0.0433362 0.0010474 -0.0007557 0.0003603 0.0109323 0.0024730 -0.0503697 0.0022990 -0.0021286 0.0014771 0.0048708 -0.0428143 -0.0439033 0.0031602 -0.0019547 0.0010655 0.0133191 -0.0473555 -0.0518419
-0.1961977 -0.2306848 -0.0258272 0.0896996 0.3426488 -0.3455228 -0.1729900 -0.2981189 -0.0314216 0.0636170 0.3870870 -0.3635913 -0.6455267 -0.7589956 -0.0849764 0.1812798 0.6924810 -0.6982892 -0.4998213 -0.8613573 -0.0907868 0.1189399 0.7237078 -0.6797796 0.0002336 -0.0005002 -0.0004600 0.0168935 -0.0135046 -0.0299601 0.0001820 -0.0001739 -0.0007146 0.0295116 -0.0220525 -0.0348095 0.0013380 -0.0009739 -0.0014372 0.0274915 -0.0478252 -0.0371246 0.0007054 -0.0001925 -0.0020313 0.0509059 -0.0579657 -0.0468151
-0.1959641 -0.2311850 -0.0262873 0.1065931 0.3291442 -0.3754828 -0.1728080 -0.2982928 -0.0321362 0.0931285 0.3650345 -0.3984007 -0.6441887 -0.7599695 -0.0864136 0.2087713 0.6446558 -0.7354138 -0.4991159 -0.8615498 -0.0928181 0.1698458 0.6657421 -0.7265947 0.0016183 -0.0006417 -0.0003429 0.0189630 -0.0202106 -0.0352982 0.0018239 -0.0005572 -0.0004707 0.0131041 -0.0103143 -0.0322055 0.0042248 -0.0034154 -0.0012774 0.0285305 -0.0607692 -0.0409652 0.0047236 -0.0025608 -0.0014634 0.0172097 -0.0411471 -0.0316212
-0.1943458 -0.2318267 -0.0266302 0.1255561 0.3089336 -0.4107811 -0.1709840 -0.2988500 -0.0326070 0.1062326 0.3547202 -0.4306063 -0.6399638 -0.7633849 -0.0876910 0.2373018 0.5838866 -0.7763790 -0.4943923 -0.8641107 -0.0942815 0.1870555 0.6245949 -0.7582159 0.0011695 -0.0008680 -0.0009888 0.0358792 -0.0334021 -0.0011705 0.0013566 -0.0009888 -0.0011888 0.0204983 -0.0191493 -0.0426726 0.0038635 -0.0028430 -0.0032542 0.0724167 -0.0552710 -0.0139627 0.0043502 -0.0021032 -0.0033520 0.0263490 -0.0595210 -0.0387470
-0.1931764 -0.2326946 -0.0276190 0.1614353 0.2755315 -0.4119516 -0.1696275 -0.2998388 -0.0337957 0.1267309 0.3355709 -0.4732789 -0.6361004 -0.7662280 -0.0909452 0.3097185 0.5286156 -0.7903417 -0.4900421 -0.8662138 -0.0976335 0.2134045 0.5650739 -0.7969630 0.0010611 -0.0006529 -0.0008381 0.0122836 -0.0063681 -0.0005954 0.0010923 -0.0005106 -0.0007017 0.0167400 -0.0002275 -0.0132421 0.0032965 -0.0023897 -0.0027891 0.0228699 -0.0132966 0.0005118 0.0031250 -0.0015294 -0.0020333 0.0225425 -0.0135803 -0.0031519
-0.1921153 -0.2333475 -0.0284571 0.1737188 0.2691634 -0.4125471 -0.1685352 -0.3003494 -0.0344974 0.1434709 0.3353434 -0.4865210 -0.6328039 -0.7686177 -0.0937343 0.3325883 0.5153190 -0.7898300 -0.4869171 -0.8677432 -0.0996669 0.2359470 0.5514936 -0.8001149 -0.0049342 -0.0044457 0.0043387 0.0164762 -0.0089342 -0.0228545 -0.0069714 -0.0051992 0.0061160 0.0297978 -0.0165271 -0.0277916 -0.0033170 0.0009667 0.0158743 0.0185019 -0.0349491 -0.0138991 -0.0095539 0.0034106 0.0193820 0.0393313 -0.0449785 -0.0169924
-0.1970495 -0.2377932 -0.0241185 0.1901950 0.2602292 -0.4354016 -0.1755065 -0.3055486 -0.0283814 0.1732687 0.3188163 -0.5143126 -0.6361208 -0.7676510 -0.0778600 0.3510903 0.4803698 -0.8037291 -0.4964710 -0.8643326 -0.0802849 0.2752783 0.5065151 -0.8171073 0.0004603 0.0009258 -0.0007687 0.0096249 -0.0013927 -0.0120072 0.0007192 0.0010291 -0.0010661 0.0146630 -0.0036427 -0.0124140 -0.0004506 0.0006552 -0.0027266 0.0094880 -0.0132951 -0.0036274 0.0004080 0.0000776 -0.0032899 0.0174752 -0.0155486 -0.0034092
-0.1965891 -0.2368674 -0.0248871 0.1998199 0.2588365 -0.4474087 -0.1747874 -0.3045195 -0.0294475 0.1879318 0.3151736 -0.5267267 -0.6365715 -0.7669958 -0.0805866 0.3605783 0.4670748 -0.8073565 -0.4960630 -0.8642550 -0.0835748 0.2927536 0.4909665 -0.8205165 0.0003988 -0.0002310 -0.0006878 0.0087523 -0.0034395 -0.0026804 0.0005955 -0.0001092 -0.0014673 0.0131273 -0.0070928 -0.0081339 0.0012498 -0.0007980 -0.0022327 0.0132392 -0.0093345 0.0006754 0.0015851 -0.0004936 -0.0041831 0.0169663 -0.0163859 -0.0034052
-0.1961904 -0.2370984 -0.0255750 0.2085721 0.2553970 -0.4500891 -0.1741918 -0.3046287 -0.0309149 0.2010591 0.3080808 -0.5348605 -0.6353217 -0.7677938 -0.0828193 0.3738175 0.4577403 -0.8066810 -0.4944779 -0.8647486 -0.0877579 0.3097198 0.4745806 -0.8239216 0.0010274 -0.0000761 -0.0013822 0.0109511 -0.0084942 0.0018952 0.0011181 -0.0000260 -0.0016245 0.0112504 -0.0086894 0.0011328 0.0023526 -0.0014305 -0.0046106 0.0204392 -0.0143107 0.0017389 0.0026398 -0.0010139 -0.0047119 0.0180464 -0.0123762 -0.0000543
-0.1951630 -0.2371745 -0.0269572 0.2195232 0.2469028 -0.4481939 -0.1730738 -0.3046547 -0.0325394 0.2123095 0.2993914 -0.5337277 -0.6329691 -0.7692244 -0.0874299 0.3942567 0.4434296 -0.8049421 -0.4918380 -0.8657625 -0.0924698 0.3277662 0.4622044 -0.8239760 0.0015741 -0.0002286 0.0000099 0.0065931 -0.0018569 -0.0013392 0.0016193 -0.0002364 0.0003036 0.0076692 -0.0019961 -0.0009307 0.0034344 -0.0027905 -0.0002006 0.0097440 -0.0056075 0.0017639 0.0037466 -0.0021923 0.0007020 0.0105848 -0.0047783 0.0016135
-0.1935889 -0.2374031 -0.0269473 0.2261163 0.2450459 -0.4495331 -0.1714545 -0.3048911 -0.0322358 0.2199787 0.2973953 -0.5346584 -0.6295347 -0.7720149 -0.0876305 0.4040008 0.4378221 -0.8031782 -0.4880914 -0.8679547 -0.0917678 0.3383510 0.4574262 -0.8223624 0.0011461 0.0003457 0.0012094 0.0037949 -0.0018967 0.0004115 0.0014077 0.0004260 0.0012966 0.0051291 -0.0044508 -0.0004474 0.0014976 -0.0016221 0.0036346 0.0064955 -0.0036900 0.0012916 0.0023866 -0.0016896 0.0033961 0.0078343 -0.0069172 -0.0005577
-0.1924427 -0.2370574 -0.0257380 0.2299112 0.2431492 -0.4491216 -0.1700467 -0.3044651 -0.0309392 0.2251078 0.2929445 -0.5351057 -0.6280370 -0.7736370 -0.0839959 0.4104963 0.4341320 -0.8018866 -0.4857048 -0.8696443 -0.0883718 0.3461852 0.4505090 -0.8229201 0.0004988 0.0003097 0.0002321 0.0023553 -0.0030435 0.0017000 0.0005101 0.0003092 0.0002957 0.0023387 -0.0034378 0.0021986 0.0004559 -0.0004349 0.0006019 0.0054712 -0.0041255 0.0005968 0.0007053 -0.0004652 0.0007087 0.0049663 -0.0035434 0.0001720
-0.1919439 -0.2367477 -0.0255058 0.2322666 0.2401057 -0.4474217 -0.1695367 -0.3041559 -0.0306435 0.2274464 0.2895067 -0.5329071 -0.6275812 -0.7740719 -0.0833940 0.4159674 0.4300066 -0.8012899 -0.4849995 -0.8701096 -0.0876630 0.3511515 0.4469655 -0.8227481 0.0003111 -0.0000544 0.0000754 0.0015934 -0.0029299 0.0018633 0.0003884 -0.0000181 -0.0000472 0.0025976 -0.0031398 0.0058458 0.0006906 -0.0005812 0.0002031 0.0044203 -0.0036583 0.0003521 0.0008781 -0.0004710 -0.0001772 0.0069311 -0.0012116 0.0023334
-0.1916328 -0.2368021 -0.0254304 0.2338600 0.2371758 -0.4455584 -0.1691482 -0.3041740 -0.0306907 0.2300440 0.2863669 -0.5270613 -0.6268906 -0.7746532 -0.0831909 0.4203878 0.4263483 -0.8009378 -0.4841214 -0.8705806 -0.0878403 0.3580826 0.4457539 -0.8204147 0.0003309 -0.0000734 -0.0002626 0.0001025 -0.0006522 -0.0024188 0.0004524 -0.0000230 -0.0003741 0.0001394 -0.0006749 -0.0008617 0.0008193 -0.0005658 -0.0008944 -0.0011012 -0.0024718 -0.0018870 0.0010657 -0.0004788 -0.0011128 -0.0000377 -0.0013665 -0.0007574
-0.1913020 -0.2368754 -0.0256930 0.2339624 0.2365236 -0.4479772 -0.1686958 -0.3041970 -0.0310648 0.2301834 0.2856920 -0.5279230 -0.6260713 -0.7752190 -0.0840853 0.4192866 0.4238764 -0.8028247 -0.4830557 -0.8710594 -0.0889531 0.3580450 0.4443874 -0.8211721 -0.0001809 -0.0001148 -0.0005667 -0.0002634 -0.0005226 -0.0002377 -0.0002710 -0.0001347 -0.0006846 -0.0021115 -0.0016975 0.0012090 -0.0000788 0.0002593 -0.0017843 -0.0003663 -0.0008298 -0.0006287 -0.0003471 0.0003866 -0.0018799 -0.0018988 -0.0009151 -0.0013193
-0.1914828 -0.2369903 -0.0262598 0.2336990 0.2360010 -0.4482149 -0.1689668 -0.3043317 -0.0317494 0.2280719 0.2839945 -0.5267140 -0.6261501 -0.7749597 -0.0858696 0.4189202 0.4230467 -0.8034534 -0.4834028 -0.8706728 -0.0908329 0.3561462 0.4434723 -0.8224915 -0.0030555 -0.0009388 -0.0001946 -0.0018830 -0.0002576 0.0002904 -0.0040800 -0.0012754 -0.0001523 -0.0032901 -0.0003447 0.0025142 -0.0045006 0.0036458 0.0001103 -0.0025327 0.0003952 -0.0011076 -0.0073080 0.0040592 0.0003688 -0.0032708 0.0018175 -0.0004277
-0.1945383 -0.2379290 -0.0264544 0.2318160 0.2357434 -0.4479244 -0.1730468 -0.3056071 -0.0319017 0.2247818 0.2836498 -0.5241998 -0.6306507 -0.7713138 -0.0857593 0.4163875 0.4234418 -0.8045610 -0.4907108 -0.8666136 -0.0904641 0.3528754 0.4452898 -0.8229191 0.0013292 0.0005008 -0.0006931 -0.0048475 0.0002349 0.0023798 0.0017117 0.0006392 -0.0008749 -0.0114619 0.0030461 0.0028006 0.0019382 -0.0012900 -0.0025799 -0.0058901 0.0033507 -0.0012553 0.0030403 -0.0014153 -0.0028277 -0.0154002 0.0082674 -0.0019423
-0.1932091 -0.2374282 -0.0271474 0.2269685 0.2359783 -0.4455447 -0.1713351 -0.3049679 -0.0327766 0.2133199 0.2866959 -0.5213992 -0.6287125 -0.7726039 -0.0883392 0.4104974 0.4267926 -0.8058163 -0.4876705 -0.8680289 -0.0932919 0.3374752 0.4535572 -0.8248614 -0.0007859 -0.0004698 -0.0018192 -0.0098850 -0.0068842 0.0331693 -0.0011548 -0.0005403 -0.0023593 -0.0198335 0.0058820 0.0187521 -0.0004632 0.0010393 -0.0056071 0.0075411 0.0143748 0.0117035 -0.0015321 0.0015701 -0.0063578 -0.0218048 0.0237797 0.0047994
-0.1939950 -0.2378981 -0.0289666 0.2170835 0.2290941 -0.4123754 -0.1724899 -0.3055082 -0.0351359 0.1934863 0.2925779 -0.5026471 -0.6291757 -0.7715646 -0.0939463 0.4180385 0.4411674 -0.7941128 -0.4892025 -0.8664588 -0.0996497 0.3156704 0.4773369 -0.8200620 0.0002069 0.0000738 -0.0001256 -0.0068506 0.0015139 0.0078564 0.0002768 0.0001011 -0.0001721 -0.0210775 0.0045835 0.0176147 0.0003136 -0.0001993 -0.0004610 -0.0065392 0.0102132 0.0023275 0.0004998 -0.0002190 -0.0005465 -0.0256047 0.0226160 0.0040295
-0.1937881 -0.2378242 -0.0290922 0.2102329 0.2306080 -0.4045190 -0.1722131 -0.3054071 -0.0353080 0.1724089 0.2971614 -0.4850324 -0.6288622 -0.7717640 -0.0944073 0.4114993 0.4513806 -0.7917853 -0.4887028 -0.8666778 -0.1001962 0.2900657 0.4999529 -0.8160325 0.0002136 0.0001840 0.0001197 -0.0149446 0.0077560 0.0112985 -0.0005487 0.0026023 -0.0085133 -0.0230260 0.0080325 0.0228753 0.0001063 -0.0001233 0.0003006 -0.0205921 0.0257510 0.0046785 -0.0029842 0.0048833 -0.0245210 -0.0296474 0.0320896 0.0103569
-0.1935745 -0.2376403 -0.0289725 0.1952883 0.2383640 -0.3932205 -0.1727618 -0.3028048 -0.0438213 0.1493829 0.3051939 -0.4621571 -0.6287559 -0.7718873 -0.0941066 0.3909072 0.4771316 -0.7871068 -0.4916869 -0.8617944 -0.1247172 0.2604183 0.5320426 -0.8056755 -0.0008855 -0.0006409 -0.0003368 -0.0199498 0.0090024 0.0274932 0.0014017 -0.0003113 0.0017407 -0.0229001 0.0152963 0.0313359 -0.0006613 0.0006323 -0.0007603 -0.0218268 0.0435646 0.0172657 0.0031114 -0.0024388 0.0047384 -0.0311377 0.0489229 0.0247085
-0.1944600 -0.2382812 -0.0293094 0.1753385 0.2473664 -0.3657274 -0.1713601 -0.3031161 -0.0420806 0.1264829 0.3204902 -0.4308213 -0.6294172 -0.7712550 -0.0948669 0.3690803 0.5206961 -0.7698411 -0.4885755 -0.8642332 -0.1199787 0.2292806 0.5809655 -0.7809670 0.0001497 -0.0000756 0.0003614 -0.0150684 0.0140005 0.0207658 -0.0037242 0.0203296 0.0038646 -0.0216686 0.0211313 0.0393747 0.0003422 -0.0004195 0.0011486 -0.0218120 0.0456256 0.0223891 -0.0343947 0.0195605 0.0058289 -0.0315254 0.0635785 0.0424171
-0.1943103 -0.2383568 -0.0289479 0.1602701 0.2613669 -0.3449615 -0.1750843 -0.2827865 -0.0382160 0.1048143 0.3416215 -0.3914466 -0.6290750 -0.7716745 -0.0937183 0.3472683 0.5663217 -0.7474520 -0.5229703 -0.8446727 -0.1141498 0.1977551 0.6445440 -0.7385499 -0.0004430 0.0015779 0.0005775 -0.0146021 0.0107491 0.0301594 0.0011421 0.0002200 0.0012089 -0.0184771 0.0069963 0.0330632 -0.0034610 0.0026441 0.0015745 -0.0168582 0.0509028 0.0334050 0.0019826 -0.0016639 0.0033068 -0.0275900 0.0425599 0.0321986
-0.1947533 -0.2367790 -0.0283704 0.1456680 0.2721160 -0.3148021 -0.1739422 -0.2825665 -0.0370071 0.0863372 0.3486178 -0.3583834 -0.6325360 -0.7690304 -0.0921438 0.3304101 0.6172245 -0.7140469 -0.5209877 -0.8463366 -0.1108429 0.1701651 0.6871038 -0.7063513 -0.0001114 0.0004371 -0.0004386 -0.0518946 0.0496688 0.0043022 0.0050128 -0.0180482 -0.0016669 -0.0204479 0.0046963 0.0360384 -0.0008239 0.0008589 -0.0014928 -0.1251676 0.0870682 0.0344535 0.0341452 -0.0200132 -0.0006127 -0.0336869 0.0447254 0.0386690
-0.1948647 -0.2363419 -0.0288090 0.0937734 0.3217848 -0.3104999 -0.1689294 -0.3006147 -0.0386740 0.0658893 0.3533141 -0.3223451 -0.6333599 -0.7681715 -0.0936366 0.2052425 0.7042927 -0.6795934 -0.4868424 -0.8663499 -0.1114557 0.1364783 0.7318293 -0.6676823 -0.0017335 0.0011694 0.0007683 -0.0102120 0.0056712 0.0244490 -0.0046772 0.0166440 0.0034604 -0.0264942 0.0135010 0.0369049 -0.0053524 0.0041378 0.0025374 -0.0165135 0.0352888 0.0335281 -0.0318635 0.0178956 0.0062438 -0.0520223 0.0545577 0.0557487
-0.1965981 -0.2351726 -0.0280407 0.0835614 0.3274560 -0.2860509 -0.1736066 -0.2839707 -0.0352136 0.0393950 0.3668151 -0.2854402 -0.6387123 -0.7640337 -0.0910991 0.1887290 0.7395816 -0.6460654 -0.5187059 -0.8484542 -0.1052119 0.0844560 0.7863870 -0.6119336 -0.0007992 0.0009010 0.0002775 -0.0032607 0.0003408 0.0259815 0.0008673 -0.0004478 0.0008953 0.0010749 -0.0020243 0.0222582 -0.0030151 0.0024304 0.0008425 -0.0002606 0.0297694 0.0356731 0.0023421 -0.0017483 0.0026255 0.0051514 0.0213230 0.0292029
-0.1973973 -0.2342715 -0.0277632 0.0803006 0.3277968 -0.2600694 -0.1727393 -0.2844185 -0.0343183 0.0404699 0.3647908 -0.2631821 -0.6417274 -0.7616033 -0.0902566 0.1884684 0.7693509 -0.6103923 -0.5163639 -0.8502026 -0.1025864 0.0896074 0.8077100 -0.5827307 -0.0005935 0.0005648 0.0014043 -0.0054624 0.0017188 0.0213806 0.0174445 -0.0331177 -0.0029331 -0.0097166 0.0033021 0.0308599 -0.0022892 0.0014116 0.0045174 -0.0075720 0.0271439 0.0334413 0.0794478 -0.0431732 -0.0022188 -0.0191307 0.0358395 0.0503236
-0.1979909 -0.2337067 -0.0263589 0.0748382 0.3295156 -0.2386888 -0.1552949 -0.3175362 -0.0372514 0.0307533 0.3680929 -0.2323222 -0.6440166 -0.7601917 -0.0857393 0.1808965 0.7964948 -0.5769511 -0.4369161 -0.8933757 -0.1048053 0.0704767 0.8435495 -0.5324071 -0.0031243 0.0048355 0.0043662 -0.0041827 -0.0094116 0.0152232 -0.0047966 0.0039741 0.0046061 -0.0092239 -0.0028059 0.0163692 -0.0143589 0.0109533 0.0137432 -0.0028023 0.0103589 0.0136841 -0.0158616 0.0065456 0.0124765 -0.0198065 0.0161664 0.0241541
-0.2011151 -0.2288712 -0.0219928 0.0706555 0.3201040 -0.2234655 -0.1600915 -0.3135621 -0.0326453 0.0215294 0.3652870 -0.2159530 -0.6583755 -0.7492384 -0.0719960 0.1780942 0.8068537 -0.5632669 -0.4527777 -0.8868302 -0.0923288 0.0506702 0.8597159 -0.5082529 -0.0000537 0.0002886 0.0021928 0.0613923 -0.0778180 0.0159774 0.0016562 0.0015131 -0.0004584 0.0766059 -0.0907424 0.0225747 -0.0008899 0.0001332 0.0071081 0.2043874 -0.1050631 -0.0377304 0.0020736 -0.0008621 -0.0018420 0.2298303 -0.0749838 -0.0444811
-0.2011688 -0.2285826 -0.0198000 0.1320478 0.2422860 -0.2074882 -0.1584353 -0.3120490 -0.0331037 0.0981353 0.2745446 -0.1933783 -0.6592654 -0.7491052 -0.0648879 0.3824816 0.7017906 -0.6009974 -0.4507041 -0.8876923 -0.0941708 0.2805005 0.7847321 -0.5527341 0.0005945 0.0013835 -0.0001137 -0.0395032 0.0536853 -0.0252228 0.0009321 0.0014642 0.0004558 -0.0474887 0.0746030 -0.0613998 -0.0011261 0.0010516 -0.0006777 -0.1437851 0.0615954 0.0007759 0.0003937 -0.0002872 0.0008285 -0.1641196 0.0175754 -0.0327214
-0.2005743 -0.2271991 -0.0199136 0.0925447 0.2959713 -0.2327110 -0.1575032 -0.3105848 -0.0326480 0.0506466 0.3491476 -0.2547781 -0.6603915 -0.7480536 -0.0655656 0.2386965 0.7633860 -0.6002215 -0.4503105 -0.8879795 -0.0933424 0.1163810 0.8023075 -0.5854555 0.0169971 -0.0263623 -0.0015929 0.0075555 0.0039464 -0.0030918 -0.0026400 -0.0085319 0.0038081 0.0109838 0.0057651 -0.0048039 0.0753367 -0.0600386 -0.0029751 0.0150890 -0.0030001 0.0023869 0.0032431 -0.0028901 0.0128308 0.0224234 -0.0029711 0.0008235
-0.1835772 -0.2535614 -0.0215065 0.1001002 0.2999177 -0.2358028 -0.1601432 -0.3191167 -0.0288399 0.0616304 0.3549127 -0.2595820 -0.5850548 -0.8080922 -0.0685407 0.2537855 0.7603860 -0.5978345 -0.4470674 -0.8908696 -0.0805116 0.1388044 0.7993364 -0.5846320 0.0153183 -0.0465814 -0.0060748 0.0001080 -0.0034156 -0.0038840 0.0240703 -0.0711765 -0.0095253 0.0007639 -0.0039834 -0.0061283 0.0976189 -0.0614030 -0.0113607 0.0004118 -0.0082518 -0.0101769 0.1192679 -0.0493462 -0.0119101 0.0015418 -0.0099762 -0.0130413
-0.1682590 -0.3001428 -0.0275813 0.1002082 0.2965021 -0.2396869 -0.1360729 -0.3902932 -0.0383652 0.0623943 0.3509293 -0.2657102 -0.4874359 -0.8694952 -0.0799014 0.2541972 0.7521342 -0.6080115 -0.3277995 -0.9402158 -0.0924216 0.1403462 0.7893602 -0.5976733 0.0018870 0.0007396 -0.0012209 -0.0385270 -0.0112282 0.0561591 0.0060679 0.0344328 -0.0101948 -0.0473062 -0.0220133 0.0933973 0.0034190 -0.0015423 -0.0038912 -0.0752933 0.0752918 0.0756961 -0.0125605 0.0085547 -0.0347108 -0.0997457 0.0957148 0.1339991
-0.1663720 -0.2994032 -0.0288022 0.0616812 0.2852739 -0.1835278 -0.1300050 -0.3558604 -0.0485599 0.0150881 0.3289160 -0.1723129 -0.4840170 -0.8710375 -0.0837926 0.1789040 0.8274260 -0.5323154 -0.3403599 -0.9316611 -0.1271324 0.0406005 0.8850750 -0.4636742 -0.0368559 0.0656966 0.0095778 -0.0049078 0.0039175 0.0044222 -0.0308884 0.0382479 0.0175753 -0.0107822 0.0099074 0.0036867 -0.1709101 0.1178892 0.0218396 -0.0142802 0.0111316 0.0129694 -0.1098357 0.0429501 0.0404343 -0.0292238 0.0101228 0.0181505
-0.2032279 -0.2337066 -0.0192244 0.0567734 0.2891914 -0.1791056 -0.1608934 -0.3176125 -0.0309847 0.0043059 0.3388234 -0.1686263 -0.6549271 -0.7531483 -0.0619530 0.1646237 0.8385576 -0.5193459 -0.4501957 -0.8887110 -0.0866982 0.0113766 0.8951978 -0.4455238 0.0367547 -0.0669065 -0.0089334 0.0008936 -0.0012501 -0.0003464 0.0355672 -0.0713151 -0.0177614 0.0009138 -0.0012501 -0.0002451 0.1720904 -0.1187456 -0.0197154 0.0029401 -0.0018820 -0.0020908 0.1456499 -0.0563924 -0.0317561 0.0024509 -0.0009460 -0.0018267
-0.1664732 -0.3006130 -0.0281578 0.0576670 0.2879413 -0.1794521 -0.1253263 -0.3889276 -0.0487461 0.0052198 0.3375733 -0.1688714 -0.4828367 -0.8718939 -0.0816684 0.1675639 0.8366756 -0.5214367 -0.3045458 -0.9451034 -0.1184543 0.0138275 0.8942518 -0.4473505 -0.0285370 0.0575509 0.0062802 0.0004856 0.0016607 0.0014584 -0.0282911 0.0614627 0.0153111 0.0004790 0.0016607 0.0014280 -0.1414180 0.0938184 0.0116353 0.0010596 0.0030758 0.0053130 -0.1183531 0.0436133 0.0264099 0.0012346 0.0023600 0.0047894
-0.1950102 -0.2430621 -0.0218776 0.0581526 0.2896020 -0.1779937 -0.1536174 -0.3274649 -0.0334350 0.0056987 0.3392340 -0.1674434 -0.6242547 -0.7780755 -0.0700331 0.1686235 0.8397514 -0.5161237 -0.4228989 -0.9014901 -0.0920444 0.0150621 0.8966119 -0.4425611 0.0309141 -0.0587283 -0.0087897 -0.0003550 0.0018944 0.0009429 0.0244069 -0.0612977 -0.0083249 -0.0003383 0.0018944 0.0010231 0.1484549 -0.0969718 -0.0188872 -0.0015379 0.0029290 0.0042915 0.1091256 -0.0425769 -0.0093648 -0.0009406 0.0020501 0.0041465
-0.1640961 -0.3017904 -0.0306673 0.0577975 0.2914964 -0.1770508 -0.1292104 -0.3887626 -0.0417598 0.0053604 0.3411284 -0.1664204 -0.4757998 -0.8750473 -0.0889203 0.1670855 0.8426804 -0.5118321 -0.3137733 -0.9440670 -0.1014092 0.0141215 0.8986619 -0.4384145 0.0006804 -0.0011612 0.0000746 0.0070644 -0.0033203 -0.0042062 0.0034790 0.0291424 -0.0052455 0.0081230 -0.0085418 0.0021559 0.0029157 -0.0016189 0.0003929 0.0200715 -0.0111570 -0.0111795 -0.0137761 0.0072021 -0.0210468 0.0222039 -0.0026494 -0.0041258
-0.1634157 -0.3029516 -0.0305926 0.0648619 0.2881761 -0.1812570 -0.1257315 -0.3596202 -0.0470053 0.0134834 0.3325866 -0.1642644 -0.4728841 -0.8766661 -0.0885274 0.1871570 0.8315234 -0.5230116 -0.3275494 -0.9368649 -0.1224559 0.0363254 0.8960126 -0.4425404 -0.0001319 -0.0006638 0.0003775 0.0027553 0.0010970 -0.0058298 0.0107297 0.0084667 -0.0000691 0.0022284 -0.0006030 -0.0032660 0.0004539 -0.0003696 0.0012467 0.0054444 -0.0075556 -0.0098879 0.0188131 -0.0058496 -0.0039212 0.0058889 -0.0040424 -0.0075787
-0.1635476 -0.3036154 -0.0302151 0.0676172 0.2892731 -0.1870868 -0.1150018 -0.3511535 -0.0470745 0.0157118 0.3319836 -0.1675304 -0.4724303 -0.8770358 -0.0872807 0.1926014 0.8239677 -0.5328995 -0.3087363 -0.9427145 -0.1263771 0.0422143 0.8919702 -0.4501191 -0.0007228 0.0008748 0.0001759 0.0096166 0.0050272 -0.0071299 -0.0155628 -0.0410630 0.0055356 0.0092801 0.0038753 -0.0056034 -0.0026912 0.0014154 0.0003979 0.0213618 -0.0086590 -0.0051446 -0.0055293 -0.0013408 0.0263942 0.0237824 -0.0050580 -0.0070803
-0.1642705 -0.3027406 -0.0300392 0.0772339 0.2943003 -0.1942167 -0.1305645 -0.3922165 -0.0415388 0.0249919 0.3358589 -0.1731338 -0.4751215 -0.8756203 -0.0868828 0.2139632 0.8153087 -0.5380441 -0.3142656 -0.9440554 -0.0999829 0.0659967 0.8869121 -0.4571994 0.0000468 0.0003983 -0.0004115 0.0004807 -0.0044058 -0.0052665 0.0000946 0.0004011 -0.0002658 0.0005025 -0.0049464 -0.0041792 -0.0003252 0.0003041 -0.0012757 0.0016845 -0.0108896 -0.0154955 -0.0000612 0.0000982 -0.0007322 0.0017554 -0.0075002 -0.0140164
-0.1642236 -0.3023423 -0.0304508 0.0777146 0.2898945 -0.1994832 -0.1304700 -0.3918154 -0.0418046 0.0254944 0.3309125 -0.1773131 -0.4754466 -0.8753163 -0.0881585 0.2156477 0.8044191 -0.5535396 -0.3143268 -0.9439572 -0.1007151 0.0677522 0.8794119 -0.4712158 0.0004032 0.0012182 -0.0007258 0.0009856 0.0039792 -0.0087305 0.0004422 0.0012173 -0.0005775 0.0008375 0.0038945 -0.0089265 -0.0004764 0.0005055 -0.0024141 -0.0021699 -0.0072736 -0.0112492 0.0001349 0.0001374 -0.0016947 0.0008162 -0.0075727 -0.0137529
-0.1638205 -0.3011241 -0.0311766 0.0787002 0.2938737 -0.2082137 -0.1300278 -0.3905981 -0.0423821 0.0263319 0.3348070 -0.1862395 -0.4759230 -0.8748108 -0.0905726 0.2134777 0.7971455 -0.5647888 -0.3141919 -0.9438197 -0.1024098 0.0685684 0.8718392 -0.4849688 0.0012826 0.0027942 -0.0002308 0.0030716 0.0156144 -0.0294659 0.0010337 0.0026318 0.0003614 -0.0064759 0.0274859 -0.0516784 -0.0004721 0.0004117 -0.0014818 -0.0083814 -0.0209010 -0.0313488 0.0003396 -0.0001315 0.0001702 -0.0228050 -0.0368398 -0.0633757
-0.1625378 -0.2983299 -0.0314074 0.0817717 0.3094881 -0.2376796 -0.1289941 -0.3879663 -0.0420207 0.0198560 0.3622929 -0.2379179 -0.4763951 -0.8743990 -0.0920544 0.2050963 0.7762445 -0.5961376 -0.3138522 -0.9439512 -0.1022396 0.0457633 0.8349994 -0.5483445 0.0006886 0.0016439 -0.0010551 -0.0132386 0.0207663 -0.0279688 0.0006779 0.0016104 -0.0007834 0.0010332 0.0050035 -0.0269536 -0.0003096 0.0005509 -0.0035595 -0.0454723 -0.0070325 -0.0225975 0.0003897 0.0001254 -0.0023263 0.0003170 -0.0247647 -0.0359467
-0.1618492 -0.2966860 -0.0324625 0.0685332 0.3302544 -0.2656484 -0.1283162 -0.3863559 -0.0428042 0.0208892 0.3672964 -0.2648715 -0.4767047 -0.8738482 -0.0956139 0.1596240 0.7692120 -0.6187350 -0.3134626 -0.9438258 -0.1045659 0.0460803 0.8102347 -0.5842912 0.0039802 -0.0009806 -0.0007558 0.0544476 -0.0488709 -0.0172572 0.0050773 -0.0005747 -0.0006342 0.0296092 -0.0094569 -0.0441505 0.0104268 -0.0053326 -0.0024990 0.1349152 -0.0952981 -0.0588243 0.0117019 -0.0036062 -0.0017965 0.0601217 -0.0576699 -0.0656066
-0.1578690 -0.2976666 -0.0332183 0.1229808 0.2813835 -0.2829056 -0.1232389 -0.3869306 -0.0434384 0.0504983 0.3578395 -0.3090220 -0.4662779 -0.8791807 -0.0981129 0.2945392 0.6739139 -0.6775593 -0.3017607 -0.9474321 -0.1063624 0.1062020 0.7525649 -0.6498978 -0.0361499 0.0640993 0.0119575 -0.0317199 0.0453127 -0.0536652 -0.0484080 0.0860790 0.0160581 0.0087723 0.0045049 -0.0329991 -0.1711389 0.1118340 0.0282640 -0.1035561 0.0097682 -0.0267874 -0.1922531 0.0815565 0.0275598 0.0119184 -0.0304493 -0.0317154
-0.1940188 -0.2335673 -0.0212608 0.0912609 0.3266962 -0.3365707 -0.1716469 -0.3008516 -0.0273803 0.0592707 0.3623444 -0.3420211 -0.6374168 -0.7673467 -0.0698488 0.1909831 0.6836821 -0.7043467 -0.4940138 -0.8658756 -0.0788026 0.1181205 0.7221156 -0.6816133 0.0007383 -0.0004330 -0.0004694 0.0155928 -0.0082588 -0.0270760 0.0008052 -0.0003993 -0.0005784 0.0255565 -0.0100490 -0.0467049 0.0022085 -0.0016854 -0.0015664 0.0248680 -0.0404189 -0.0302422 0.0023107 -0.0011613 -0.0016658 0.0415007 -0.0591933 -0.0498613
-0.1932806 -0.2340003 -0.0217302 0.1068537 0.3184374 -0.3636468 -0.1708417 -0.3012509 -0.0279586 0.0848271 0.3522954 -0.3887260 -0.6352083 -0.7690320 -0.0714153 0.2158510 0.6432632 -0.7345889 -0.4917031 -0.8670368 -0.0804684 0.1596212 0.6629223 -0.7314746 0.0019290 -0.0004500 -0.0004295 0.0512863 -0.0558628 -0.0065156 0.0024011 -0.0002913 -0.0004113 0.0198146 -0.0186137 -0.0443898 0.0045924 -0.0036194 -0.0016139 0.1131977 -0.0969127 -0.0356242 0.0056692 -0.0030607 -0.0013929 0.0283566 -0.0634988 -0.0465716
-0.1913516 -0.2344503 -0.0221597 0.1581399 0.2625746 -0.3701624 -0.1684406 -0.3015422 -0.0283700 0.1046418 0.3336817 -0.4331158 -0.6306159 -0.7726515 -0.0730292 0.3290487 0.5463505 -0.7702130 -0.4860340 -0.8700975 -0.0818613 0.1879778 0.5994235 -0.7780462 0.0003989 -0.0004717 -0.0012377 0.0090860 -0.0037613 -0.0245578 0.0004965 -0.0004369 -0.0012403 0.0200112 -0.0120686 -0.0367363 0.0017423 -0.0010283 -0.0040266 0.0049008 -0.0295015 -0.0180413 0.0017724 -0.0006498 -0.0035188 0.0258839 -0.0476460 -0.0280585
-0.1909527 -0.2349219 -0.0233974 0.1672260 0.2588133 -0.3947202 -0.1679441 -0.3019791 -0.0296102 0.1246530 0.3216131 -0.4698521 -0.6288737 -0.7736797 -0.0770558 0.3339495 0.5168489 -0.7882543 -0.4842616 -0.8707473 -0.0853801 0.2138617 0.5517775 -0.8061047 0.0009115 0.0002640 -0.0008663 0.0149169 -0.0094318 -0.0111937 0.0010747 0.0003125 -0.0007712 0.0215040 -0.0075736 -0.0194329 0.0015375 -0.0009389 -0.0030399 0.0231706 -0.0278968 -0.0076044 0.0020912 -0.0009207 -0.0024073 0.0299426 -0.0279288 -0.0100706
-0.1900412 -0.2346580 -0.0242637 0.1821429 0.2493815 -0.4059139 -0.1668694 -0.3016666 -0.0303815 0.1461570 0.3140395 -0.4892850 -0.6273362 -0.7746186 -0.0800957 0.3571201 0.4889521 -0.7958587 -0.4821704 -0.8716680 -0.0877874 0.2438043 0.5238487 -0.8161753 -0.0132174 -0.0055322 0.0075459 0.0166506 -0.0106603 -0.0185082 -0.0502125 -0.0062254 0.0024422 0.0293922 -0.0270129 -0.0273830 -0.0177347 0.0123401 0.0270395 0.0208383 -0.0350806 -0.0110788 -0.0924852 0.0566215 0.0138272 0.0409188 -0.0583204 -0.0218082
-0.2032586 -0.2401901 -0.0167177 0.1987935 0.2387212 -0.4244221 -0.2170819 -0.3078920 -0.0279392 0.1755492 0.2870266 -0.5166680 -0.6450709 -0.7622786 -0.0530562 0.3779584 0.4538715 -0.8069375 -0.5746556 -0.8150465 -0.0739602 0.2847231 0.4655282 -0.8379834 0.0149958 0.0049938 -0.0053150 0.0072564 -0.0042781 -0.0067633 0.0647023 0.0108232 -0.0061009 0.0122689 -0.0071304 -0.0054680 0.0218263 -0.0163395 -0.0198832 0.0091366 -0.0134355 -0.0031079 0.1206060 -0.0701375 -0.0274702 0.0174855 -0.0151614 -0.0021592
-0.1882628 -0.2351963 -0.0220327 0.2060498 0.2344431 -0.4311854 -0.1523796 -0.2970688 -0.0340402 0.1878181 0.2798962 -0.5221360 -0.6232445 -0.7786181 -0.0729394 0.3870950 0.4404360 -0.8100454 -0.4540496 -0.8851841 -0.1014304 0.3022086 0.4503669 -0.8401426 0.0003469 0.0008380 -0.0015962 0.0125062 -0.0057738 -0.0131781 0.0011773 0.0002745 -0.0012878 0.0202670 -0.0060728 -0.0172333 -0.0003952 0.0008493 -0.0054782 0.0135947 -0.0212051 -0.0046283 0.0026434 -0.0008795 -0.0040393 0.0230841 -0.0223076 -0.0030358
-0.1879159 -0.2343583 -0.0236289 0.2185561 0.2286693 -0.4443635 -0.1512022 -0.2967943 -0.0353280 0.2080851 0.2738234 -0.5393692 -0.6236397 -0.7777687 -0.0784176 0.4006897 0.4192308 -0.8146737 -0.4514062 -0.8860635 -0.1054697 0.3252927 0.4280593 -0.8431785 -0.0001801 -0.0005865 -0.0005799 0.0066579 -0.0064825 -0.0056788 0.0012559 -0.0007439 -0.0009896 0.0089714 -0.0105731 -0.0022339 0.0006728 -0.0003596 -0.0017608 0.0087048 -0.0153392 -0.0034141 0.0040181 -0.0016877 -0.0028894 0.0137968 -0.0168051 -0.0029234
-0.1880961 -0.2349449 -0.0242087 0.2252140 0.2221868 -0.4500423 -0.1499463 -0.2975382 -0.0363176 0.2170565 0.2632503 -0.5416031 -0.6229669 -0.7781283 -0.0801784 0.4093945 0.4038916 -0.8180878 -0.4473881 -0.8877512 -0.1083591 0.3390895 0.4112542 -0.8461018 0.0001127 -0.0003157 -0.0004120 0.0059383 -0.0059085 -0.0002033 -0.0055996 0.0005237 0.0057347 0.0083360 -0.0090158 -0.0011010 0.0008038 -0.0005071 -0.0013082 0.0105848 -0.0109368 0.0000390 -0.0146233 0.0055416 0.0175201 0.0129297 -0.0141896 -0.0014960
-0.1879833 -0.2352606 -0.0246207 0.2311523 0.2162783 -0.4502456 -0.1555459 -0.2970145 -0.0305829 0.2253926 0.2542345 -0.5427041 -0.6221630 -0.7786354 -0.0814866 0.4199793 0.3929548 -0.8180488 -0.4620114 -0.8822096 -0.0908390 0.3520192 0.3970646 -0.8475979 -0.0004389 0.0001138 0.0000610 0.0039451 -0.0036704 -0.0005345 0.0020758 0.0026955 -0.0010664 0.0051474 -0.0044844 0.0018314 -0.0010818 0.0008395 0.0002502 0.0066422 -0.0071440 0.0000365 0.0017404 -0.0004801 -0.0040801 0.0088754 -0.0060979 0.0008984
-0.1884222 -0.2351468 -0.0245597 0.2350974 0.2126079 -0.4507802 -0.1534701 -0.2943190 -0.0316493 0.2305400 0.2497501 -0.5408728 -0.6232449 -0.7777959 -0.0812363 0.4266215 0.3858108 -0.8180123 -0.4602710 -0.8826896 -0.0949191 0.3608946 0.3909668 -0.8466995 0.0001775 -0.0000293 -0.0003953 0.0102897 -0.0303585 0.0168358 0.0109538 -0.0234175 -0.0013406 0.0029615 -0.0045500 0.0017606 0.0004730 -0.0002395 -0.0013227 0.0356843 -0.0424554 0.0004669 0.0528415 -0.0256640 0.0006066 0.0058872 -0.0058089 -0.0001325
-0.1882447 -0.2351761 -0.0249550 0.2453870 0.1822494 -0.4339444 -0.1425163 -0.3177365 -0.0329899 0.2335015 0.2452001 -0.5391122 -0.6227719 -0.7780354 -0.0825590 0.4623058 0.3433554 -0.8175454 -0.4074295 -0.9083537 -0.0943125 0.3667818 0.3851579 -0.8468320 -0.0029657 -0.0019080 0.0024311 0.0013542 -0.0006965 0.0039788 -0.0268274 0.0335354 0.0017298 0.0028146 -0.0093148 0.0074114 -0.0032981 0.0017639 0.0088101 0.0050666 0.0005385 0.0031130 -0.1021781 0.0531048 0.0002411 0.0096089 -0.0094533 -0.0000305
-0.1912105 -0.2370841 -0.0225239 0.2467413 0.1815529 -0.4299656 -0.1693437 -0.2842011 -0.0312601 0.2363161 0.2358853 -0.5317008 -0.6260700 -0.7762715 -0.0737489 0.4673724 0.3438939 -0.8144324 -0.5096076 -0.8552489 -0.0940714 0.3763907 0.3757046 -0.8468625 -0.0168175 -0.0051759 0.0084629 0.0005409 -0.0000727 0.0023097 0.0023540 -0.0420177 0.0016949 0.0014857 -0.0017211 0.0007202 -0.0247702 0.0183323 0.0297574 0.0024936 0.0009404 0.0018345 0.0554192 -0.0320203 0.0136581 0.0027850 -0.0023290 0.0002124
-0.2080279 -0.2422600 -0.0140610 0.2472822 0.1814802 -0.4276560 -0.1669897 -0.3262188 -0.0295652 0.2378018 0.2341642 -0.5309806 -0.6508402 -0.7579392 -0.0439915 0.4698660 0.3448342 -0.8125979 -0.4541884 -0.8872692 -0.0804133 0.3791757 0.3733755 -0.8466501 0.0150924 0.0041107 -0.0097078 -0.0002098 0.0006152 0.0006931 -0.0029579 0.0431488 -0.0034333 0.0008204 -0.0009745 0.0003402 0.0232347 -0.0167435 -0.0333267 0.0000022 0.0014644 0.0006243 -0.0579907 0.0341675 -0.0190359 0.0015142 -0.0013524 0.0000842
-0.1929355 -0.2381493 -0.0237688 0.2470724 0.1820954 -0.4269629 -0.1699476 -0.2830700 -0.0329985 0.2386222 0.2331897 -0.5306404 -0.6276054 -0.7746827 -0.0773182 0.4698682 0.3462986 -0.8119736 -0.5121791 -0.8531017 -0.0994492 0.3806899 0.3720231 -0.8465660 0.0023098 0.0006476 -0.0007596 -0.0018238 0.0016900 0.0007379 0.0053993 -0.0184563 -0.0026798 0.0003540 -0.0008329 -0.0005931 0.0036815 -0.0026677 -0.0029640 -0.0026997 0.0037900 0.0000675 0.0357122 -0.0199999 -0.0038611 0.0003655 -0.0015226 -0.0005031
-0.1906257 -0.2375017 -0.0245284 0.2452487 0.1837854 -0.4262250 -0.1645482 -0.3015263 -0.0356783 0.2389762 0.2323568 -0.5312335 -0.6239240 -0.7773504 -0.0802823 0.4671685 0.3500886 -0.8119061 -0.4764669 -0.8731015 -0.1033103 0.3810554 0.3705005 -0.8470691 0.0017451 0.0001914 0.0000308 -0.0015770 0.0075218 -0.0077469 0.0019651 0.0001008 0.0011187 -0.0003430 0.0003298 -0.0002320 0.0031975 -0.0025324 -0.0002254 -0.0101728 0.0086998 -0.0019893 0.0041387 -0.0025844 0.0029096 -0.0006611 0.0004146 -0.0001157
-0.1888806 -0.2373102 -0.0244976 0.2436717 0.1913072 -0.4339718 -0.1625831 -0.3014255 -0.0345596 0.2386332 0.2326866 -0.5314654 -0.6207265 -0.7798828 -0.0805077 0.4569958 0.3587884 -0.8138954 -0.4723282 -0.8756859 -0.1004007 0.3803943 0.3709151 -0.8471848 -0.0041067 -0.0014599 -0.0008426 -0.0008922 0.0028378 -0.0017922 -0.0070115 0.0174396 0.0010162 -0.0010783 0.0010745 0.0005465 -0.0057454 0.0047915 -0.0017515 -0.0034395 0.0039098 -0.0001910 -0.0377789 0.0215128 -0.0004912 -0.0014334 0.0019938 0.0002329
-0.1929873 -0.2387702 -0.0253403 0.2427795 0.1941450 -0.4357640 -0.1695947 -0.2839859 -0.0335434 0.2375548 0.2337611 -0.5309189 -0.6264719 -0.7750912 -0.0822591 0.4535563 0.3626982 -0.8140864 -0.5101070 -0.8541731 -0.1008919 0.3789609 0.3729089 -0.8469519 0.0000000 0.0000000 0.0000000 0.0000000 0.0000000 0.0000000 0.0000000 0.0000000 0.0000000 0.0000000 0.0000000 0.0000000 0.0000000 0.0000000 0.0000000 0.0000000 0.0000000 0.0000000 0.0000000 0.0000000 0.0000000 0.0000000 0.0000000 0.0000000
