-0.2227301 -0.2620889 -0.0319375 0.2161696 0.1784656 -0.2980443 -0.1925550 -0.3546096 -0.0489940 0.1844804 0.2200655 -0.3347569 -0.6447978 -0.7587406 -0.0924583 0.5283289 0.4361784 -0.7284346 -0.4737136 -0.8723917 -0.1205326 0.4182767 0.4989595 -0.7590020 0.0000743 0.0018066 -0.0001868 -0.0060596 0.0057780 0.0040202 0.0001238 0.0017742 0.0000781 -0.0471583 0.0358722 -0.0006115 -0.0024070 0.0021650 -0.0009191 -0.0103545 0.0180285 0.0035908 -0.0015840 0.0009019 -0.0002880 -0.1087550 0.0779196 0.0030874
-0.2226558 -0.2602823 -0.0321243 0.2101100 0.1842436 -0.2940242 -0.1924312 -0.3528354 -0.0489160 0.1373221 0.2559377 -0.3353684 -0.6472048 -0.7565756 -0.0933774 0.5179743 0.4542070 -0.7248439 -0.4752976 -0.8714899 -0.1208206 0.3095217 0.5768792 -0.7559145 0.0003154 -0.0002585 -0.0000029 -0.0160181 0.0090006 0.0098523 -0.0002908 -0.0004114 -0.0002385 -0.0062898 0.0046381 0.0100610 0.0009018 -0.0007692 -0.0000106 -0.0261981 0.0354212 0.0048296 -0.0001010 0.0001151 -0.0004317 -0.0096178 0.0195212 0.0113581
-0.2223404 -0.2605408 -0.0321272 0.1940920 0.1932442 -0.2841719 -0.1927219 -0.3532468 -0.0491545 0.1310323 0.2605758 -0.3253073 -0.6463030 -0.7573448 -0.0933880 0.4917762 0.4896281 -0.7200142 -0.4753986 -0.8713748 -0.1212523 0.2999039 0.5964003 -0.7445565 0.0016367 -0.0028355 -0.0011084 -0.0111492 0.0107904 0.0141902 0.0010593 -0.0030060 -0.0011738 -0.0321745 0.0227605 0.0267601 0.0070031 -0.0055624 -0.0028838 -0.0162203 0.0407555 0.0182024 0.0052411 -0.0025303 -0.0022054 -0.0663631 0.0729509 0.0392710
-0.2207037 -0.2633763 -0.0332357 0.1829428 0.2040346 -0.2699817 -0.1916626 -0.3562528 -0.0503283 0.0988578 0.2833363 -0.2985473 -0.6392999 -0.7629072 -0.0962718 0.4755559 0.5303836 -0.7018118 -0.4701575 -0.8739051 -0.1234576 0.2335408 0.6693512 -0.7052855 -0.0007309 0.0048960 0.0001602 -0.0104627 0.0093610 0.0213420 -0.0014180 0.0045763 0.0007571 -0.0292680 0.0276880 0.0326531 -0.0082381 0.0070372 -0.0004503 -0.0097485 0.0459220 0.0303244 -0.0074755 0.0039456 0.0008310 -0.0658807 0.0799885 0.0646763
-0.2214346 -0.2584803 -0.0330755 0.1724801 0.2133956 -0.2486397 -0.1930806 -0.3516765 -0.0495712 0.0695897 0.3110243 -0.2658941 -0.6475380 -0.7558700 -0.0967221 0.4658074 0.5763056 -0.6714873 -0.4776329 -0.8699595 -0.1226266 0.1676601 0.7493397 -0.6406092 0.0020340 -0.0033991 -0.0014737 -0.0372754 0.0230340 0.0567292 0.0017350 -0.0035431 -0.0011956 0.0073379 -0.0088928 0.0346561 0.0085973 -0.0067778 -0.0038924 -0.0600067 0.1333096 0.0954909 0.0071018 -0.0035483 -0.0022121 0.0305225 0.0290181 0.0448887
-0.2194006 -0.2618793 -0.0345492 0.1352047 0.2364296 -0.1919105 -0.1913456 -0.3552196 -0.0507668 0.0769276 0.3021315 -0.2312380 -0.6389406 -0.7626477 -0.1006146 0.4058007 0.7096153 -0.5759965 -0.4705311 -0.8735077 -0.1248387 0.1981826 0.7783578 -0.5957205 0.0121806 -0.0305173 -0.0052329 0.0009722 -0.0013208 0.0072425 0.0042308 -0.0065497 0.0001912 -0.0056227 -0.0044509 0.0343751 0.0642566 -0.0482567 -0.0097134 0.0087208 0.0060546 0.0138680 0.0146237 -0.0079475 0.0016108 -0.0022582 0.0395783 0.0548007
-0.2072200 -0.2923966 -0.0397821 0.1361768 0.2351088 -0.1846680 -0.1871148 -0.3617693 -0.0505756 0.0713050 0.2976806 -0.1968630 -0.5746840 -0.8109045 -0.1103279 0.4145216 0.7156699 -0.5621285 -0.4559074 -0.8814552 -0.1232280 0.1959244 0.8179361 -0.5409197 0.0000315 -0.0009376 0.0009440 -0.0049834 0.0071021 0.0186217 -0.0002708 -0.0009236 0.0003136 -0.0034843 -0.0012730 0.0163243 0.0011053 -0.0011590 0.0028087 -0.0066264 0.0373909 0.0458718 0.0003382 -0.0003184 0.0010317 -0.0041380 0.0202592 0.0303842
-0.2071886 -0.2933342 -0.0388382 0.1311935 0.2422109 -0.1660463 -0.1873856 -0.3626929 -0.0502620 0.0678207 0.2964076 -0.1805386 -0.5735787 -0.8120635 -0.1075192 0.4078952 0.7530608 -0.5162567 -0.4555692 -0.8817737 -0.1221963 0.1917864 0.8381953 -0.5105355 0.0004077 -0.0011656 0.0004282 0.0087386 -0.0079181 0.0090669 0.0003385 -0.0012269 0.0006850 -0.0014052 0.0018054 0.0070724 0.0021860 -0.0017211 0.0013819 0.0365764 -0.0088678 0.0176368 0.0017560 -0.0011677 0.0019127 -0.0027462 0.0106172 0.0167936
-0.2067808 -0.2944998 -0.0384099 0.1399321 0.2342928 -0.1569795 -0.1870471 -0.3639198 -0.0495770 0.0664154 0.2982130 -0.1734662 -0.5713927 -0.8137845 -0.1061373 0.4444716 0.7441930 -0.4986198 -0.4538132 -0.8829414 -0.1202836 0.1890402 0.8488125 -0.4937420 -0.0002913 -0.0005099 0.0008448 -0.0208869 0.0218555 -0.0009166 -0.0007431 -0.0004888 -0.0000442 -0.0110273 0.0126631 0.0161828 -0.0000268 -0.0003002 0.0024757 -0.0765903 0.0473732 0.0106790 -0.0009486 0.0004720 0.0001186 -0.0320329 0.0324192 0.0478951
-0.2070722 -0.2950097 -0.0375651 0.1190452 0.2561483 -0.1578961 -0.1877902 -0.3644086 -0.0496211 0.0553882 0.3108761 -0.1572834 -0.5714195 -0.8140848 -0.1036616 0.3678813 0.7915662 -0.4879408 -0.4547618 -0.8824693 -0.1201649 0.1570073 0.8812317 -0.4458469 -0.0000397 -0.0007563 0.0001821 0.0189182 -0.0212419 0.0016789 -0.0002129 -0.0007248 -0.0002699 -0.0029820 0.0019621 -0.0008009 0.0008662 -0.0006934 0.0006786 0.0714421 -0.0435429 -0.0095087 0.0003307 -0.0001118 -0.0004291 -0.0091376 0.0014755 -0.0002053
-0.2071119 -0.2957660 -0.0373830 0.1379635 0.2349064 -0.1562172 -0.1880031 -0.3651334 -0.0498910 0.0524061 0.3128382 -0.1580843 -0.5705533 -0.8147782 -0.1029830 0.4393234 0.7480233 -0.4974496 -0.4544311 -0.8825811 -0.1205940 0.1478697 0.8827072 -0.4460522 -0.0015782 0.0083966 0.0015822 -0.0011267 0.0011204 -0.0008090 -0.0014889 0.0084297 0.0015310 -0.0028744 0.0017163 -0.0022507 -0.0140921 0.0097127 0.0026869 -0.0046255 0.0017777 -0.0013852 -0.0113841 0.0057210 0.0017139 -0.0089378 -0.0004115 -0.0036724
-0.2086901 -0.2873694 -0.0358008 0.1368368 0.2360268 -0.1570262 -0.1894920 -0.3567037 -0.0483600 0.0495318 0.3145545 -0.1603350 -0.5846454 -0.8050655 -0.1002961 0.4346979 0.7498010 -0.4988348 -0.4658151 -0.8768602 -0.1188801 0.1389319 0.8822957 -0.4497246 0.0007472 -0.0018313 -0.0001991 -0.0004727 -0.0001659 -0.0005259 0.0005194 -0.0018873 -0.0002390 -0.0013320 0.0008549 -0.0021682 0.0038203 -0.0027284 -0.0002587 -0.0014098 -0.0003682 -0.0017767 0.0029194 -0.0015223 -0.0001650 -0.0043217 -0.0014343 -0.0041071
-0.2079430 -0.2892007 -0.0359999 0.1363641 0.2358609 -0.1575521 -0.1889726 -0.3585910 -0.0485990 0.0481998 0.3154094 -0.1625032 -0.5808251 -0.8077938 -0.1005548 0.4332882 0.7494328 -0.5006115 -0.4628958 -0.8783825 -0.1190450 0.1346102 0.8808614 -0.4538317 0.0000399 -0.0006624 -0.0002604 -0.0006714 -0.0003236 -0.0015630 0.0000572 -0.0007142 0.0000502 -0.0003826 0.0009986 -0.0010034 0.0009835 -0.0006345 -0.0005753 -0.0024806 -0.0016309 -0.0045590 0.0008137 -0.0004684 0.0002961 -0.0015456 -0.0003690 -0.0011704
-0.2079030 -0.2898631 -0.0362603 0.1356927 0.2355373 -0.1591150 -0.1889154 -0.3593052 -0.0485488 0.0478172 0.3164080 -0.1635066 -0.5798417 -0.8084283 -0.1011301 0.4308076 0.7478018 -0.5051706 -0.4620821 -0.8788509 -0.1187489 0.1330646 0.8804924 -0.4550021 0.0006915 -0.0017084 -0.0004402 -0.0020714 0.0010688 -0.0016098 0.0002059 -0.0018840 -0.0001896 -0.0010599 0.0009272 -0.0013834 0.0035812 -0.0024395 -0.0009350 -0.0075599 0.0016516 -0.0039277 0.0022857 -0.0011975 -0.0000036 -0.0034213 -0.0006221 -0.0021859
-0.2072115 -0.2915715 -0.0367005 0.1336213 0.2366061 -0.1607248 -0.1887095 -0.3611892 -0.0487384 0.0467573 0.3173352 -0.1648900 -0.5762605 -0.8108678 -0.1020651 0.4232476 0.7494534 -0.5090983 -0.4597964 -0.8800484 -0.1187526 0.1296433 0.8798703 -0.4571880 -0.0150027 0.0486539 0.0045241 -0.0009977 -0.0002811 -0.0008243 -0.0092191 0.0234224 0.0032491 -0.0008118 0.0004243 -0.0014428 -0.0955034 0.0765165 0.0047944 -0.0028799 -0.0003906 -0.0029525 -0.0424062 0.0230356 0.0033329 -0.0025787 -0.0010909 -0.0028135
-0.2222142 -0.2429176 -0.0321764 0.1326236 0.2363250 -0.1615491 -0.1979286 -0.3377668 -0.0454893 0.0459455 0.3177595 -0.1663328 -0.6717639 -0.7343512 -0.0972707 0.4203677 0.7490628 -0.5120507 -0.5022026 -0.8570128 -0.1154197 0.1270646 0.8787794 -0.4600015 0.0176040 -0.0478439 -0.0080118 0.0003625 -0.0013016 -0.0034534 0.0083530 -0.0240754 -0.0021473 0.0004054 0.0010529 -0.0023439 0.0999116 -0.0782799 -0.0150487 -0.0001378 -0.0063996 -0.0093496 0.0412439 -0.0228171 -0.0004102 0.0003956 -0.0020791 -0.0038417
-0.2046102 -0.2907615 -0.0401881 0.1329861 0.2350234 -0.1650025 -0.1895757 -0.3618422 -0.0476367 0.0463510 0.3188124 -0.1686767 -0.5718522 -0.8126312 -0.1123193 0.4202299 0.7426631 -0.5214003 -0.4609587 -0.8798298 -0.1158299 0.1274602 0.8767003 -0.4638431 -0.0188305 0.0456522 0.0079770 0.0001109 -0.0015853 -0.0109509 -0.0079161 0.0223692 0.0017955 0.0071590 0.0006587 -0.0226247 -0.0986787 0.0770739 0.0156558 -0.0058523 -0.0158886 -0.0264044 -0.0385064 0.0212881 -0.0001043 0.0147803 -0.0274795 -0.0446759
-0.2234407 -0.2451093 -0.0322111 0.1330970 0.2334381 -0.1759534 -0.1974918 -0.3394730 -0.0458411 0.0535099 0.3194711 -0.1913014 -0.6705310 -0.7355572 -0.0966635 0.4143776 0.7267746 -0.5478047 -0.4994652 -0.8585417 -0.1159342 0.1422405 0.8492208 -0.5085191 0.0064779 -0.0240110 -0.0020029 0.0258539 -0.0060400 -0.0435082 0.0075676 -0.0234086 -0.0039096 0.0045804 -0.0029274 -0.0352051 0.0459525 -0.0391691 -0.0018297 0.0349542 -0.0839522 -0.0725826 0.0391418 -0.0209823 -0.0046477 0.0053664 -0.0448866 -0.0670316
-0.2169627 -0.2691203 -0.0342141 0.1589509 0.2273981 -0.2194617 -0.1899242 -0.3628816 -0.0497507 0.0580903 0.3165437 -0.2265065 -0.6245784 -0.7747263 -0.0984932 0.4493317 0.6428224 -0.6203873 -0.4603233 -0.8795240 -0.1205819 0.1476069 0.8043342 -0.5755507 0.0015787 -0.0032408 -0.0006331 -0.0047392 0.0084436 -0.0115127 0.0013512 -0.0033253 -0.0005173 0.0151804 -0.0052921 -0.0509959 0.0073921 -0.0057287 -0.0013619 -0.0260815 0.0044700 -0.0135463 0.0058898 -0.0029813 -0.0005566 0.0254529 -0.0691817 -0.0798889
-0.2153840 -0.2723611 -0.0348472 0.1542117 0.2358417 -0.2309744 -0.1885730 -0.3662069 -0.0502680 0.0732707 0.3112516 -0.2775024 -0.6171863 -0.7804550 -0.0998552 0.4232502 0.6472924 -0.6339336 -0.4544335 -0.8825053 -0.1211385 0.1730597 0.7351526 -0.6554396 -0.0020333 0.0073188 0.0010110 0.0126130 -0.0080047 -0.0231468 -0.0017465 0.0074094 0.0009439 0.0986615 -0.0828414 0.0145518 -0.0139705 0.0110443 0.0016295 0.0158871 -0.0475505 -0.0349969 -0.0107437 0.0055355 0.0005809 0.2695783 -0.1471124 -0.0215246
-0.2174174 -0.2650423 -0.0338362 0.1668246 0.2278370 -0.2541212 -0.1903195 -0.3587975 -0.0493241 0.1719322 0.2284102 -0.2629506 -0.6311568 -0.7694107 -0.0982257 0.4391373 0.5997419 -0.6689305 -0.4651772 -0.8769698 -0.1205576 0.4426380 0.5880401 -0.6769641 0.0003844 -0.0001961 -0.0000741 0.0140589 -0.0068709 -0.0141916 0.0000556 -0.0002732 -0.0002005 -0.0019546 0.0036958 -0.0231416 0.0009619 -0.0007575 -0.0002392 0.0224917 -0.0358191 -0.0158247 0.0004062 -0.0001575 -0.0004197 -0.0236921 -0.0159657 -0.0281708
-0.2170330 -0.2652384 -0.0339104 0.1808836 0.2209661 -0.2683128 -0.1902639 -0.3590707 -0.0495246 0.1699776 0.2321060 -0.2860923 -0.6301949 -0.7701682 -0.0984649 0.4616291 0.5639228 -0.6847552 -0.4647711 -0.8771273 -0.1209773 0.4189459 0.5720744 -0.7051349 0.0002298 -0.0014182 -0.0002652 0.0186503 -0.0038616 -0.0174152 0.0008061 -0.0011823 -0.0006785 -0.0379775 0.0685190 -0.0848216 0.0024450 -0.0019315 -0.0004897 0.0243331 -0.0351675 -0.0111317 0.0028119 -0.0012856 -0.0014341 -0.1524700 0.0348137 -0.0436491
-0.2168032 -0.2666567 -0.0341755 0.1995339 0.2171045 -0.2857280 -0.1894578 -0.3602530 -0.0502031 0.1320001 0.3006250 -0.3709139 -0.6277500 -0.7720997 -0.0989546 0.4859622 0.5287553 -0.6958869 -0.4619591 -0.8784129 -0.1224114 0.2664759 0.6068881 -0.7487840 0.0005109 -0.0045495 0.0000079 0.0128504 -0.0071720 -0.0017798 0.0011111 -0.0042512 -0.0007009 0.0404897 -0.0380927 0.0098713 0.0072406 -0.0059490 0.0009330 0.0263808 -0.0223267 0.0023203 0.0063944 -0.0032340 -0.0007130 0.0939530 -0.0583096 -0.0056381
-0.2162923 -0.2712061 -0.0341676 0.2123842 0.2099325 -0.2875078 -0.1883467 -0.3645042 -0.0509040 0.1724898 0.2625323 -0.3610425 -0.6205094 -0.7780487 -0.0980217 0.5123430 0.5064286 -0.6935666 -0.4555647 -0.8816469 -0.1231244 0.3604288 0.5485785 -0.7544221 0.0007461 -0.0042283 -0.0010579 0.0000206 -0.0005601 0.0007153 0.0011390 -0.0041365 -0.0009251 0.0181907 -0.0328594 0.0555316 0.0073232 -0.0055077 -0.0021880 0.0010020 -0.0004126 0.0004399 0.0062894 -0.0030454 -0.0012591 0.0859869 -0.0108748 0.0391685
-0.2155462 -0.2754344 -0.0352255 0.2124049 0.2093724 -0.2867925 -0.1872076 -0.3686407 -0.0518291 0.1906805 0.2296729 -0.3055109 -0.6131862 -0.7835564 -0.1002097 0.5133450 0.5060160 -0.6931268 -0.4492753 -0.8846923 -0.1243835 0.4464158 0.5377037 -0.7152536 -0.0003771 -0.0002346 -0.0001216 -0.0002052 -0.0012400 0.0010220 -0.0002218 -0.0001515 -0.0003370 0.0001291 -0.0009790 0.0007621 -0.0003271 0.0002848 -0.0002239 0.0012958 -0.0012395 0.0000571 -0.0002348 0.0002217 -0.0007260 0.0013644 -0.0010188 0.0000877
-0.2159233 -0.2756690 -0.0353472 0.2121997 0.2081324 -0.2857705 -0.1874294 -0.3687922 -0.0521661 0.1908095 0.2286939 -0.3047488 -0.6135133 -0.7832717 -0.1004336 0.5146408 0.5047765 -0.6930696 -0.4495101 -0.8844707 -0.1251095 0.4477802 0.5366849 -0.7151659 -0.0000127 0.0002900 -0.0001176 -0.0002017 -0.0010933 -0.0005209 0.0002371 0.0002536 0.0005050 0.0002362 0.0000048 -0.0002938 -0.0003979 0.0003624 -0.0003936 -0.0001237 -0.0022946 -0.0017570 0.0001443 -0.0002273 0.0010939 0.0002195 -0.0003896 -0.0001548
-0.2159360 -0.2753790 -0.0354648 0.2119979 0.2070391 -0.2862914 -0.1871923 -0.3685386 -0.0516611 0.1910458 0.2286987 -0.3050426 -0.6139112 -0.7829092 -0.1008272 0.5145170 0.5024820 -0.6948267 -0.4493658 -0.8846980 -0.1240155 0.4479997 0.5362953 -0.7153207 0.0001610 -0.0006858 0.0000226 -0.0006685 -0.0003983 -0.0001435 0.0007100 -0.0005895 0.0004410 -0.0000018 -0.0006621 -0.0003662 0.0012176 -0.0009775 0.0001891 -0.0010693 -0.0004258 -0.0010979 0.0018644 -0.0010982 0.0011027 0.0000938 -0.0014356 -0.0010154
-0.2157750 -0.2760648 -0.0354422 0.2113295 0.2066408 -0.2864349 -0.1864823 -0.3691281 -0.0512201 0.1910440 0.2280366 -0.3054088 -0.6126937 -0.7838868 -0.1006381 0.5134478 0.5020561 -0.6959246 -0.4475014 -0.8857962 -0.1229128 0.4480935 0.5348596 -0.7163361 -0.0000242 0.0003839 0.0000445 -0.0008854 -0.0001295 -0.0000896 0.0002642 0.0003922 0.0005236 -0.0024295 -0.0006499 -0.0007228 -0.0005746 0.0004439 0.0000433 -0.0015835 0.0002425 -0.0009908 0.0000653 -0.0001851 0.0011016 -0.0047507 -0.0003818 -0.0032337
-0.2157992 -0.2756809 -0.0353977 0.2104441 0.2065113 -0.2865246 -0.1862181 -0.3687359 -0.0506965 0.1886145 0.2273867 -0.3061317 -0.6132682 -0.7834429 -0.1005949 0.5118643 0.5022986 -0.6969154 -0.4474361 -0.8859813 -0.1218113 0.4433428 0.5344779 -0.7195697 0.0001880 -0.0004893 0.0003359 -0.0153469 0.0087859 -0.0108866 -0.0001976 -0.0006285 0.0004660 -0.0004459 0.0004053 -0.0008676 0.0009427 -0.0008673 0.0010211 -0.0426275 0.0155223 -0.0184015 0.0001580 -0.0002562 0.0012901 -0.0017167 0.0001433 -0.0009486
-0.2156112 -0.2761702 -0.0350618 0.1950971 0.2152972 -0.2974111 -0.1864157 -0.3693644 -0.0502306 0.1881685 0.2277920 -0.3069993 -0.6123255 -0.7843102 -0.0995738 0.4692368 0.5178210 -0.7153169 -0.4472781 -0.8862375 -0.1205211 0.4416261 0.5346212 -0.7205183 -0.0003337 0.0007063 0.0000050 0.0108122 -0.0107211 0.0109703 -0.0005974 0.0006281 -0.0000350 -0.0011720 0.0009649 -0.0011608 -0.0015569 0.0012288 -0.0000848 0.0356942 -0.0161593 0.0129066 -0.0017399 0.0009029 -0.0001662 -0.0036123 0.0012106 -0.0013046
-0.2159449 -0.2754639 -0.0350568 0.2059094 0.2045761 -0.2864408 -0.1870131 -0.3687363 -0.0502655 0.1869965 0.2287569 -0.3081601 -0.6138824 -0.7830814 -0.0996586 0.5049311 0.5016616 -0.7024103 -0.4490179 -0.8853347 -0.1206874 0.4380137 0.5358318 -0.7218229 -0.0043876 0.0124243 0.0023181 0.0005139 -0.0005078 0.0000119 -0.0039593 0.0126106 0.0019779 -0.0017771 0.0005364 -0.0003704 -0.0253453 0.0199521 0.0046771 0.0012638 -0.0012416 0.0000240 -0.0202320 0.0102766 0.0020369 -0.0039395 0.0015327 -0.0012394
-0.2203325 -0.2630396 -0.0327388 0.2064232 0.2040683 -0.2864289 -0.1909724 -0.3561257 -0.0482876 0.1852194 0.2292933 -0.3085305 -0.6392277 -0.7631294 -0.0949815 0.5061949 0.5004201 -0.7023863 -0.4692500 -0.8750580 -0.1186505 0.4340742 0.5373644 -0.7230623 0.0019105 -0.0048833 -0.0017162 0.0000740 0.0008327 0.0010943 0.0019371 -0.0048798 -0.0017081 -0.0047295 0.0030199 -0.0018647 0.0104716 -0.0081218 -0.0042016 0.0005695 0.0024270 0.0021473 0.0088163 -0.0042438 -0.0031242 -0.0120315 0.0058577 -0.0027405
-0.2184220 -0.2679229 -0.0344550 0.2064973 0.2049010 -0.2853346 -0.1890353 -0.3610055 -0.0499957 0.1804899 0.2323132 -0.3103953 -0.6287561 -0.7712512 -0.0991832 0.5067644 0.5028470 -0.7002390 -0.4604337 -0.8793019 -0.1217747 0.4220428 0.5432221 -0.7258028 -0.0001108 -0.0001835 -0.0000058 -0.0233685 0.0141895 -0.0083123 -0.0000081 -0.0000679 -0.0005103 -0.0380238 0.0404420 -0.0281279 0.0000643 -0.0000581 0.0000439 -0.0596637 0.0320528 -0.0166871 0.0001213 0.0001042 -0.0012052 -0.1106294 0.0529874 -0.0141675
-0.2185328 -0.2681065 -0.0344607 0.1831287 0.2190905 -0.2936469 -0.1890434 -0.3610734 -0.0505060 0.1424661 0.2727552 -0.3385232 -0.6286918 -0.7713093 -0.0991393 0.4471007 0.5348999 -0.7169261 -0.4603123 -0.8791976 -0.1229799 0.3114134 0.5962095 -0.7399703 0.0000778 -0.0000156 -0.0001360 0.0111205 -0.0085351 0.0193280 -0.0000685 -0.0000423 -0.0002499 -0.0258483 0.0303051 -0.0057013 0.0001816 -0.0000968 -0.0003980 0.0426455 -0.0040420 0.0253059 -0.0000553 0.0001101 -0.0005784 -0.0649780 0.0442141 0.0125589
-0.2184550 -0.2681221 -0.0345968 0.1942492 0.2105554 -0.2743189 -0.1891120 -0.3611157 -0.0507559 0.1166178 0.3030603 -0.3442245 -0.6285102 -0.7714060 -0.0995373 0.4897463 0.5308579 -0.6916202 -0.4603676 -0.8790876 -0.1235583 0.2464354 0.6404236 -0.7274113 -0.0006461 0.0033204 0.0005253 -0.0016806 0.0003062 0.0031731 -0.0008487 0.0032704 0.0004458 0.0136738 -0.0276041 0.0421982 -0.0058700 0.0047053 0.0008876 -0.0007245 0.0046182 0.0030543 -0.0049352 0.0025564 0.0003254 0.0572491 0.0016115 0.0234464
-0.2191011 -0.2648017 -0.0340714 0.1925686 0.2108616 -0.2711458 -0.1899607 -0.3578453 -0.0503100 0.1302916 0.2754562 -0.3020263 -0.6343802 -0.7667008 -0.0986497 0.4890217 0.5354762 -0.6885659 -0.4653028 -0.8765312 -0.1232329 0.3036845 0.6420351 -0.7039650 0.0005102 -0.0015641 -0.0001055 -0.0086782 0.0072150 0.0127335 0.0004201 -0.0015397 -0.0004162 0.0316118 -0.0428434 0.0513144 0.0031017 -0.0025492 -0.0000516 -0.0112634 0.0310999 0.0171952 0.0023976 -0.0011766 -0.0006532 0.1241915 -0.0272892 0.0413869
-0.2185908 -0.2663658 -0.0341770 0.1838904 0.2180766 -0.2584123 -0.1895405 -0.3593850 -0.0507262 0.1619033 0.2326128 -0.2507119 -0.6312785 -0.7692500 -0.0987013 0.4777583 0.5665760 -0.6713707 -0.4629053 -0.8777078 -0.1238861 0.4278759 0.6147459 -0.6625780 0.0013144 -0.0016241 -0.0002101 -0.0101504 0.0060010 0.0134279 0.0007118 -0.0018374 -0.0000567 -0.0559943 0.0566597 -0.0245885 0.0046038 -0.0036938 -0.0004789 -0.0141032 0.0314136 0.0175875 0.0031900 -0.0017104 0.0002519 -0.1715252 0.0854325 -0.0037811
-0.2172765 -0.2679899 -0.0343871 0.1737400 0.2240776 -0.2449845 -0.1888288 -0.3612224 -0.0507830 0.1059090 0.2892725 -0.2753004 -0.6266747 -0.7729438 -0.0991802 0.4636551 0.5979896 -0.6537831 -0.4597153 -0.8794182 -0.1236342 0.2563508 0.7001784 -0.6663592 0.0110751 -0.0268113 -0.0064666 -0.0510101 0.0145161 0.0418794 0.0051651 -0.0023075 -0.0003664 -0.0429004 0.0316433 0.0448195 0.0571703 -0.0412634 -0.0136530 -0.0989447 0.1110274 0.0502260 0.0122905 -0.0061802 -0.0009710 -0.0988678 0.1019144 0.0902982
-0.2062013 -0.2948012 -0.0408537 0.1227299 0.2385937 -0.2031050 -0.1836637 -0.3635299 -0.0511493 0.0630086 0.3209158 -0.2304809 -0.5695045 -0.8142072 -0.1128332 0.3647104 0.7090170 -0.6035571 -0.4474248 -0.8855984 -0.1246053 0.1574830 0.8020928 -0.5760610 -0.0002007 0.0008853 0.0010996 0.0106050 -0.0014710 0.0191926 -0.0007461 0.0008405 0.0002613 -0.0025836 -0.0126406 0.0190069 -0.0017035 0.0008084 0.0028155 0.0413361 0.0130958 0.0434863 -0.0023015 0.0010958 0.0005029 0.0020804 0.0119643 0.0176252
-0.2064020 -0.2939159 -0.0397541 0.1333349 0.2371227 -0.1839124 -0.1844098 -0.3626894 -0.0508880 0.0604250 0.3082752 -0.2114740 -0.5712080 -0.8133987 -0.1100177 0.4060466 0.7221128 -0.5600708 -0.4497263 -0.8845026 -0.1241023 0.1595634 0.8140571 -0.5584358 -0.0199220 0.0570785 0.0129065 -0.0180876 0.0143327 0.0001400 -0.0147668 0.0322766 0.0074094 -0.0055141 -0.0077023 0.0237842 -0.1173614 0.0928432 0.0283363 -0.0590107 0.0350767 0.0066901 -0.0632914 0.0334611 0.0121148 -0.0064333 0.0241508 0.0350252
-0.2263240 -0.2368374 -0.0268476 0.1152473 0.2514554 -0.1837724 -0.1991766 -0.3304128 -0.0434786 0.0549109 0.3005729 -0.1876898 -0.6885694 -0.7205556 -0.0816814 0.3470359 0.7571895 -0.5533807 -0.5130176 -0.8510415 -0.1119875 0.1531301 0.8382079 -0.5234106 0.0008261 -0.0037587 -0.0008499 0.0169372 -0.0188686 0.0105778 0.0006293 -0.0039063 -0.0003311 -0.0113959 0.0197574 0.0206698 0.0071263 -0.0065136 -0.0020191 0.0677336 -0.0273767 0.0099291 0.0056031 -0.0033560 0.0000260 -0.0335404 0.0421369 0.0643994
-0.2254979 -0.2405962 -0.0276975 0.1321845 0.2325868 -0.1731946 -0.1985473 -0.3343191 -0.0438097 0.0435150 0.3203303 -0.1670200 -0.6814431 -0.7270691 -0.0837006 0.4147695 0.7298128 -0.5434515 -0.5074145 -0.8543975 -0.1119616 0.1195897 0.8803448 -0.4590112 -0.0002212 -0.0000777 0.0002285 -0.0018583 -0.0005013 0.0002660 -0.0002803 -0.0001252 0.0004057 -0.0014858 -0.0004763 0.0005045 -0.0002807 0.0001786 0.0007377 -0.0041847 0.0013587 -0.0013498 -0.0004515 0.0001255 0.0010946 -0.0038205 0.0006905 0.0003456
-0.2257192 -0.2406739 -0.0274691 0.1303262 0.2320855 -0.1729286 -0.1988277 -0.3344443 -0.0434040 0.0420292 0.3198540 -0.1665155 -0.6817238 -0.7268905 -0.0829629 0.4105848 0.7311714 -0.5448013 -0.5078660 -0.8542720 -0.1108670 0.1157691 0.8810354 -0.4586657 -0.0001605 -0.0005451 0.0002639 -0.0034800 0.0000414 -0.0012566 -0.0001597 -0.0005384 0.0002254 -0.0015018 -0.0003304 -0.0009526 0.0005110 -0.0005830 0.0009171 -0.0100888 0.0017309 -0.0051597 0.0002614 -0.0002486 0.0007211 -0.0041294 -0.0008530 -0.0026538
-0.2258797 -0.2412190 -0.0272051 0.1268462 0.2321269 -0.1741852 -0.1989873 -0.3349827 -0.0431786 0.0405274 0.3195236 -0.1674681 -0.6812128 -0.7274735 -0.0820458 0.4004960 0.7329023 -0.5499610 -0.5076046 -0.8545206 -0.1101459 0.1116398 0.8801823 -0.4613195 0.0004529 -0.0007944 -0.0001542 0.0126956 -0.0047842 -0.0097543 0.0002712 -0.0008863 0.0000808 0.0054835 -0.0103498 -0.0127013 0.0019461 -0.0017730 -0.0003946 0.0301592 -0.0312754 -0.0177146 0.0014813 -0.0009267 0.0003772 0.0158901 -0.0232370 -0.0380610
-0.2254267 -0.2420134 -0.0273593 0.1395419 0.2273427 -0.1839395 -0.1987161 -0.3358690 -0.0430978 0.0460110 0.3091738 -0.1801694 -0.6792666 -0.7292465 -0.0824405 0.4306553 0.7016270 -0.5676756 -0.5061234 -0.8554472 -0.1097686 0.1275299 0.8569453 -0.4993805 0.0202243 -0.0492614 -0.0099278 0.0018812 -0.0010015 -0.0006283 0.0101755 -0.0258416 -0.0041272 0.0028891 -0.0018972 -0.0065294 0.1064673 -0.0838142 -0.0216423 0.0051717 -0.0041057 -0.0011116 0.0469673 -0.0254324 -0.0052391 0.0072334 -0.0101241 -0.0151413
-0.2052024 -0.2912748 -0.0372871 0.1414231 0.2263412 -0.1845678 -0.1885406 -0.3617106 -0.0472250 0.0489000 0.3072766 -0.1866988 -0.5727993 -0.8130607 -0.1040828 0.4358270 0.6975213 -0.5687872 -0.4591560 -0.8808797 -0.1150077 0.1347632 0.8468212 -0.5145218 -0.0001191 0.0001014 0.0009267 -0.0577690 0.0328273 -0.0352409 0.0006029 0.0004891 -0.0004592 0.0061945 0.0044430 -0.0068571 -0.0005077 0.0000347 0.0025556 -0.1967981 0.0430140 -0.0592834 0.0007376 -0.0002130 -0.0013037 0.0137247 -0.0066903 -0.0071403
-0.2053215 -0.2911734 -0.0363605 0.0836540 0.2591685 -0.2198088 -0.1879378 -0.3612215 -0.0476842 0.0550945 0.3117196 -0.1935559 -0.5733070 -0.8130260 -0.1015271 0.2390289 0.7405352 -0.6280707 -0.4584184 -0.8810926 -0.1163114 0.1484879 0.8401309 -0.5216621 0.0000079 0.0004683 0.0004709 0.0158633 0.0255372 0.0158570 0.0003786 0.0006102 0.0001724 0.0058388 -0.0023215 -0.0157428 -0.0006714 0.0003256 0.0011937 0.0343071 0.0414422 0.0678932 0.0001061 -0.0000833 0.0002134 0.0125074 -0.0226523 -0.0313380
-0.2053136 -0.2907051 -0.0358896 0.0995174 0.2847057 -0.2039518 -0.1875591 -0.3606113 -0.0475118 0.0609333 0.3093981 -0.2092987 -0.5739783 -0.8127005 -0.1003335 0.2733360 0.7819774 -0.5601774 -0.4583123 -0.8811760 -0.1160980 0.1609953 0.8174786 -0.5530002 -0.0079615 0.0227111 0.0022117 -0.0028281 -0.0107256 -0.0106304 -0.0014983 -0.0021046 -0.0006549 0.0024679 0.0036843 -0.0285200 -0.0457318 0.0339943 0.0024763 -0.0056408 -0.0234326 -0.0339177 -0.0007251 0.0004903 -0.0008522 -0.0017934 -0.0313208 -0.0441686
-0.2132750 -0.2679940 -0.0336778 0.0966893 0.2739801 -0.2145822 -0.1890574 -0.3627159 -0.0481667 0.0634012 0.3130824 -0.2378187 -0.6197102 -0.7787061 -0.0978571 0.2676952 0.7585449 -0.5940951 -0.4590374 -0.8806857 -0.1169502 0.1592020 0.7861579 -0.5971688 -0.0013841 0.0048560 0.0008720 0.0825247 -0.0586832 -0.0261997 -0.0006492 0.0050589 0.0007930 0.0088723 -0.0039676 -0.0386795 -0.0094766 0.0074229 0.0017002 0.2174715 -0.1756948 -0.0577478 -0.0063670 0.0032511 0.0007292 0.0124759 -0.0518887 -0.0596231
-0.2146591 -0.2631380 -0.0328058 0.1792140 0.2152969 -0.2407819 -0.1897066 -0.3576570 -0.0473736 0.0722735 0.3091148 -0.2764982 -0.6291868 -0.7712832 -0.0961570 0.4851667 0.5828501 -0.6518429 -0.4654044 -0.8774346 -0.1162210 0.1716779 0.7342691 -0.6567919 -0.0013518 0.0046092 0.0009745 -0.0065578 0.0117481 -0.0208743 -0.0010060 0.0046960 0.0010071 0.0124971 -0.0061875 -0.0314441 -0.0091530 0.0072977 0.0020914 -0.0391079 0.0037227 -0.0241483 -0.0068205 0.0034651 0.0014125 0.0208932 -0.0461168 -0.0427528
-0.2160110 -0.2585288 -0.0318313 0.1726562 0.2270450 -0.2616562 -0.1907126 -0.3529610 -0.0463665 0.0847705 0.3029273 -0.3079422 -0.6383398 -0.7639856 -0.0940656 0.4460588 0.5865727 -0.6759911 -0.4722249 -0.8739695 -0.1148085 0.1925711 0.6881523 -0.6995447 0.0015560 -0.0052255 -0.0004593 0.0171333 -0.0218656 -0.0123874 0.0015218 -0.0052179 -0.0005689 0.0489064 -0.0343698 -0.0355217 0.0103004 -0.0084289 -0.0004986 0.0388014 -0.0623956 -0.0241152 0.0082769 -0.0043839 -0.0002901 0.1005630 -0.0992446 -0.0536220
-0.2144550 -0.2637543 -0.0322906 0.1897895 0.2051794 -0.2740436 -0.1891908 -0.3581789 -0.0469354 0.1336769 0.2685575 -0.3434639 -0.6280394 -0.7724145 -0.0945642 0.4848602 0.5241772 -0.7001063 -0.4639480 -0.8783533 -0.1150986 0.2931341 0.5889078 -0.7531667 -0.0001282 0.0001034 0.0002469 0.0087842 0.0054892 -0.0390328 -0.0000923 0.0001118 0.0002417 0.0234929 -0.0048681 -0.0064504 -0.0004170 0.0002518 0.0007168 -0.0191782 -0.0301310 -0.0340998 -0.0003209 0.0000951 0.0005693 0.0445147 -0.0224222 0.0014437
-0.2145832 -0.2636509 -0.0320437 0.1985737 0.2106686 -0.3130764 -0.1892831 -0.3580671 -0.0466938 0.1571698 0.2636894 -0.3499143 -0.6284564 -0.7721627 -0.0938474 0.4656820 0.4940461 -0.7342062 -0.4642688 -0.8782582 -0.1145293 0.3376488 0.5664855 -0.7517230 0.0000000 0.0000000 0.0000000 0.0000000 0.0000000 0.0000000 0.0000000 0.0000000 0.0000000 0.0000000 0.0000000 0.0000000 0.0000000 0.0000000 0.0000000 0.0000000 0.0000000 0.0000000 0.0000000 0.0000000 0.0000000 0.0000000 0.0000000 0.0000000
