-0.1901614 -0.2933744 -0.0541381 0.3266933 0.1192213 -0.3718457 -0.1548821 -0.3942062 -0.0862823 0.3690493 0.0748324 -0.4863018 -0.5375121 -0.8292548 -0.1530272 0.6416721 0.2341676 -0.7303578 -0.3583241 -0.9120071 -0.1996166 0.6000312 0.1216688 -0.7906701 -0.0006906 -0.0006620 -0.0010376 -0.0005982 -0.0119351 0.0019521 -0.0004409 -0.0006673 -0.0012779 -0.0069022 -0.0176478 0.0101903 -0.0003100 0.0006585 -0.0024581 0.0045112 -0.0215715 -0.0026156 -0.0001716 0.0006134 -0.0024782 0.0026249 -0.0265067 -0.0016365
-0.1908520 -0.2940364 -0.0551757 0.3260951 0.1072862 -0.3698936 -0.1553230 -0.3948735 -0.0875603 0.3621471 0.0571846 -0.4761115 -0.5378221 -0.8285962 -0.1554854 0.6461833 0.2125961 -0.7329734 -0.3584957 -0.9113937 -0.2020948 0.6026561 0.0951620 -0.7923066 -0.0001408 0.0008051 -0.0008028 0.0020076 -0.0100840 0.0036282 0.0000555 -0.0005543 -0.0004836 -0.0025008 -0.0113812 0.0075351 -0.0011030 0.0011845 -0.0024692 0.0083878 -0.0186759 0.0022672 0.0006098 -0.0000523 -0.0008431 0.0043842 -0.0178513 0.0014052
-0.1909928 -0.2932313 -0.0559785 0.3281027 0.0972022 -0.3662653 -0.1552676 -0.3954278 -0.0880439 0.3596463 0.0458034 -0.4685764 -0.5389250 -0.8274117 -0.1579546 0.6545711 0.1939202 -0.7307062 -0.3578859 -0.9114461 -0.2029379 0.6070403 0.0773107 -0.7909014 -0.0224134 0.0702370 0.0135762 -0.0011844 -0.0054928 0.0019818 -0.0290277 0.0790664 0.0218522 -0.0033753 -0.0058128 0.0027459 -0.1460458 0.1116659 0.0218559 0.0019117 -0.0097591 -0.0008093 -0.1374481 0.0611554 0.0250331 -0.0009464 -0.0092781 -0.0015768
-0.2134062 -0.2229943 -0.0424023 0.3269183 0.0917094 -0.3642835 -0.1842953 -0.3163614 -0.0661917 0.3562710 0.0399906 -0.4658305 -0.6849709 -0.7157458 -0.1360987 0.6564828 0.1841611 -0.7315156 -0.4953339 -0.8502907 -0.1779047 0.6060939 0.0680326 -0.7924782 0.0243557 -0.0696659 -0.0086303 -0.0000347 -0.0032086 0.0023768 0.0209751 -0.0384256 -0.0166674 0.0001316 -0.0028049 0.0024076 0.1480915 -0.1153721 -0.0088273 0.0030318 -0.0056035 0.0013391 0.0862824 -0.0383086 -0.0296242 0.0023051 -0.0045546 0.0013896
-0.1890504 -0.2926602 -0.0510326 0.3268836 0.0885008 -0.3619067 -0.1633202 -0.3547870 -0.0828591 0.3564025 0.0371857 -0.4634229 -0.5368793 -0.8311179 -0.1449260 0.6595146 0.1785576 -0.7301765 -0.4090515 -0.8885992 -0.2075289 0.6083989 0.0634781 -0.7910887 -0.0003121 0.0022928 -0.0003828 0.0001933 -0.0013631 0.0036427 0.0001517 0.0019675 0.0006470 -0.0006092 -0.0002952 0.0029892 -0.0034624 0.0025612 -0.0017865 0.0040963 -0.0017628 0.0032898 -0.0016195 0.0006043 0.0006129 0.0018274 -0.0002066 0.0013922
-0.1893626 -0.2903674 -0.0514153 0.3270769 0.0871377 -0.3582640 -0.1631684 -0.3528195 -0.0822122 0.3557934 0.0368905 -0.4604337 -0.5403417 -0.8285567 -0.1467125 0.6636108 0.1767949 -0.7268867 -0.4106711 -0.8879950 -0.2069160 0.6102264 0.0632714 -0.7896965 -0.0001696 -0.0000677 -0.0005368 0.0001865 0.0000080 -0.0000184 0.0001692 -0.0008385 0.0013847 -0.0002105 0.0016414 -0.0008725 -0.0001341 0.0003430 -0.0014358 0.0001918 -0.0000335 0.0001671 0.0008300 -0.0012337 0.0036853 -0.0010579 0.0027397 -0.0005923
-0.1895322 -0.2904351 -0.0519521 0.3272635 0.0871457 -0.3582824 -0.1629992 -0.3536580 -0.0808275 0.3555829 0.0385319 -0.4613061 -0.5404759 -0.8282137 -0.1481482 0.6638027 0.1767614 -0.7267196 -0.4098411 -0.8892286 -0.2032306 0.6091685 0.0660111 -0.7902888 -0.0002932 0.0003147 -0.0005422 -0.0002637 0.0014549 -0.0003016 0.0000971 -0.0005355 0.0017847 0.0009451 0.0072389 -0.0043523 -0.0008688 0.0008475 -0.0015552 -0.0009430 0.0028405 -0.0001643 0.0003246 -0.0011718 0.0045265 -0.0030920 0.0117965 -0.0013029
-0.1898254 -0.2901204 -0.0524943 0.3269997 0.0886006 -0.3585840 -0.1629021 -0.3541935 -0.0790428 0.3565280 0.0457708 -0.4656584 -0.5413446 -0.8273662 -0.1497034 0.6628596 0.1796019 -0.7268839 -0.4095165 -0.8904004 -0.1987042 0.6060764 0.0778076 -0.7915916 -0.0005689 -0.0004364 -0.0004478 0.0000920 0.0058782 -0.0037560 -0.0006969 -0.0006606 -0.0000346 0.0045582 0.0106019 -0.0078763 -0.0004846 0.0004917 -0.0009607 -0.0049890 0.0104207 -0.0018805 -0.0008434 0.0003098 0.0003522 -0.0024156 0.0164358 -0.0000597
-0.1903943 -0.2905568 -0.0529421 0.3270918 0.0944788 -0.3623400 -0.1635990 -0.3548541 -0.0790773 0.3610862 0.0563727 -0.4735347 -0.5418292 -0.8268745 -0.1506642 0.6578706 0.1900226 -0.7287645 -0.4103599 -0.8900906 -0.1983519 0.6036609 0.0942434 -0.7916513 -0.0004193 -0.0001945 -0.0003332 0.0000756 0.0053970 -0.0029262 -0.0002737 -0.0007295 0.0011794 -0.0017855 0.0237337 -0.0103667 -0.0005166 0.0004775 -0.0007592 -0.0041019 0.0095562 -0.0011361 -0.0001409 -0.0006460 0.0032176 -0.0127142 0.0375086 -0.0042278
-0.1908136 -0.2907513 -0.0532753 0.3271673 0.0998758 -0.3652662 -0.1638726 -0.3555836 -0.0778980 0.3593008 0.0801064 -0.4839015 -0.5423458 -0.8263970 -0.1514234 0.6537687 0.1995788 -0.7299005 -0.4105008 -0.8907366 -0.1951343 0.5909467 0.1317520 -0.7958790 -0.0006510 -0.0001462 0.0008233 -0.0017563 0.0107545 -0.0023712 -0.0006922 -0.0001987 0.0009150 -0.0053884 0.0291610 0.0029626 -0.0013085 0.0004077 0.0024886 -0.0071855 0.0202407 -0.0005853 -0.0014407 0.0001362 0.0024294 -0.0079318 0.0482488 0.0036080
-0.1914646 -0.2908975 -0.0524520 0.3254111 0.1106303 -0.3676374 -0.1645648 -0.3557823 -0.0769829 0.3539123 0.1092674 -0.4809388 -0.5436544 -0.8259893 -0.1489348 0.6465832 0.2198195 -0.7304858 -0.4119415 -0.8906003 -0.1927050 0.5830149 0.1800008 -0.7922710 -0.0007859 -0.0007523 0.0000909 -0.0021441 0.0138588 -0.0005906 -0.0006116 -0.0006458 -0.0000007 -0.0003950 0.0292500 0.0074466 -0.0006316 0.0002912 0.0006939 -0.0071597 0.0264205 0.0021292 -0.0006763 0.0002274 0.0003965 -0.0005408 0.0482278 0.0121199
-0.1922505 -0.2916498 -0.0523611 0.3232670 0.1244891 -0.3682280 -0.1651764 -0.3564281 -0.0769836 0.3535173 0.1385174 -0.4734922 -0.5442860 -0.8256981 -0.1482409 0.6394235 0.2462400 -0.7283566 -0.4126179 -0.8903729 -0.1923085 0.5824740 0.2282287 -0.7801511 -0.0008187 0.0003123 -0.0003613 -0.0024085 0.0177325 -0.0013868 -0.0007974 0.0001595 0.0000675 -0.0038693 0.0371334 -0.0001981 -0.0019428 0.0014500 -0.0009204 -0.0099167 0.0327910 0.0031926 -0.0018110 0.0007870 0.0002524 -0.0133870 0.0576605 0.0091729
-0.1930692 -0.2913375 -0.0527223 0.3208585 0.1422216 -0.3696148 -0.1659738 -0.3562686 -0.0769162 0.3496480 0.1756508 -0.4736903 -0.5462288 -0.8242481 -0.1491613 0.6295068 0.2790310 -0.7251641 -0.4144288 -0.8895860 -0.1920561 0.5690870 0.2858892 -0.7709782 -0.0006856 -0.0003106 0.0006903 -0.0003835 0.0080973 0.0004247 -0.0011366 -0.0009851 0.0020458 0.0011521 0.0212862 0.0007687 -0.0011211 0.0003534 0.0021729 -0.0029301 0.0148650 0.0033422 -0.0018388 -0.0003235 0.0055559 -0.0040879 0.0312977 0.0092903
-0.1937548 -0.2916481 -0.0520320 0.3204750 0.1503189 -0.3691901 -0.1671104 -0.3572537 -0.0748704 0.3508002 0.1969370 -0.4729215 -0.5473499 -0.8238947 -0.1469885 0.6265767 0.2938959 -0.7218219 -0.4162676 -0.8899095 -0.1865002 0.5649991 0.3171869 -0.7616879 -0.0010974 0.0007081 -0.0002138 -0.0034770 0.0141460 0.0009009 -0.0013511 0.0005151 0.0000477 -0.0050773 0.0181489 0.0087880 -0.0030206 0.0021191 -0.0005826 -0.0086519 0.0266957 0.0039153 -0.0032634 0.0014994 0.0001641 -0.0050506 0.0311760 0.0099560
-0.1948522 -0.2909400 -0.0522458 0.3169981 0.1644649 -0.3682892 -0.1684615 -0.3567386 -0.0748227 0.3457229 0.2150859 -0.4641336 -0.5503705 -0.8217756 -0.1475710 0.6179248 0.3205917 -0.7179066 -0.4195310 -0.8884102 -0.1863360 0.5599485 0.3483629 -0.7517319 -0.0002945 -0.0004669 0.0005386 0.0016883 0.0265088 -0.0129340 -0.0002056 -0.0003465 0.0002943 -0.0044313 0.0126277 0.0051169 -0.0001060 -0.0002349 0.0017136 -0.0192488 0.0381666 0.0017506 -0.0001573 -0.0001119 0.0008897 -0.0055923 0.0215098 0.0061561
-0.1951467 -0.2914069 -0.0517072 0.3186863 0.1909737 -0.3812231 -0.1686671 -0.3570851 -0.0745284 0.3412916 0.2277136 -0.4590167 -0.5504765 -0.8220105 -0.1458575 0.5986760 0.3587583 -0.7161561 -0.4196883 -0.8885220 -0.1854463 0.5543563 0.3698727 -0.7455758 -0.0007122 -0.0002753 0.0001561 -0.0020175 0.0024731 -0.0016005 -0.0010678 -0.0005241 0.0004666 -0.0034150 0.0097411 0.0026972 -0.0010818 0.0006042 0.0006844 -0.0047238 0.0040755 -0.0018777 -0.0017881 0.0005265 0.0015400 -0.0053608 0.0159532 0.0041296
-0.1958589 -0.2916822 -0.0515511 0.3166689 0.1934468 -0.3828236 -0.1697349 -0.3576092 -0.0740618 0.3378766 0.2374547 -0.4563195 -0.5515583 -0.8214062 -0.1451731 0.5939522 0.3628338 -0.7180337 -0.4214764 -0.8879956 -0.1839063 0.5489954 0.3858259 -0.7414462 -0.0010873 -0.0003921 0.0000379 -0.0018017 0.0009380 -0.0007727 -0.0011232 -0.0003341 -0.0001717 -0.0030068 0.0033378 0.0006421 -0.0016333 0.0010143 0.0004803 -0.0031903 0.0018760 -0.0016795 -0.0019453 0.0009383 -0.0000597 -0.0041571 0.0059472 0.0000521
-0.1969462 -0.2920743 -0.0515132 0.3148672 0.1943848 -0.3835963 -0.1708581 -0.3579433 -0.0742335 0.3348698 0.2407925 -0.4556774 -0.5531916 -0.8203920 -0.1446928 0.5907620 0.3647098 -0.7197132 -0.4234216 -0.8870573 -0.1839660 0.5448383 0.3917731 -0.7413940 -0.0002749 -0.0003257 0.0007302 -0.0014968 0.0006891 -0.0016340 -0.0005807 -0.0004340 0.0006967 -0.0015088 0.0000818 -0.0004814 -0.0002832 -0.0001900 0.0021770 -0.0034120 0.0009171 -0.0023236 -0.0009094 0.0000315 0.0019538 -0.0020740 0.0004082 -0.0013043
-0.1972210 -0.2924000 -0.0507830 0.3133704 0.1950739 -0.3852303 -0.1714388 -0.3583773 -0.0735368 0.3333610 0.2408743 -0.4561588 -0.5534748 -0.8205820 -0.1425158 0.5873499 0.3656268 -0.7220368 -0.4243311 -0.8870258 -0.1820122 0.5427643 0.3921813 -0.7426983 -0.0003861 0.0003080 0.0001069 0.0002153 -0.0011870 -0.0005135 -0.0004545 0.0002960 0.0000651 0.0022942 -0.0043977 -0.0012639 -0.0011674 0.0007403 0.0002783 0.0003322 -0.0022689 -0.0008746 -0.0012105 0.0005545 0.0001246 0.0033082 -0.0074611 -0.0014759
-0.1976071 -0.2920920 -0.0506762 0.3135857 0.1938869 -0.3857437 -0.1718933 -0.3580813 -0.0734717 0.3356552 0.2364766 -0.4574227 -0.5546422 -0.8198417 -0.1422375 0.5876821 0.3633579 -0.7229113 -0.4255416 -0.8864712 -0.1818876 0.5460725 0.3847202 -0.7441742 -0.0000118 0.0000426 -0.0001688 0.0027119 -0.0268652 0.0182806 0.0001383 -0.0000023 0.0001312 0.0053277 -0.0191516 -0.0072631 -0.0000399 0.0001097 -0.0004756 0.0291163 -0.0376561 0.0063375 0.0002575 -0.0001827 0.0002885 0.0074884 -0.0319089 -0.0102093
-0.1976190 -0.2920494 -0.0508450 0.3162976 0.1670217 -0.3674631 -0.1717550 -0.3580836 -0.0733405 0.3409829 0.2173250 -0.4646858 -0.5546822 -0.8197321 -0.1427131 0.6167984 0.3257018 -0.7165739 -0.4252841 -0.8866539 -0.1815992 0.5535609 0.3528113 -0.7543835 -0.0009827 0.0000554 -0.0004864 -0.0009547 -0.0019920 0.0002839 -0.0011987 -0.0001776 -0.0000459 0.0087467 -0.0299920 -0.0108389 -0.0018674 0.0014654 -0.0011350 -0.0001322 -0.0029794 -0.0014603 -0.0022516 0.0010445 0.0001903 0.0111599 -0.0503181 -0.0134630
-0.1986017 -0.2919940 -0.0513314 0.3153429 0.1650297 -0.3671792 -0.1729537 -0.3582612 -0.0733865 0.3497296 0.1873330 -0.4755247 -0.5565496 -0.8182666 -0.1438481 0.6166661 0.3227224 -0.7180342 -0.4275357 -0.8856094 -0.1814089 0.5647208 0.3024932 -0.7678465 -0.0007266 -0.0004462 0.0002676 -0.0018979 -0.0132360 -0.0007967 -0.0007345 -0.0002958 -0.0001898 0.0061499 -0.0421606 -0.0016472 -0.0008938 0.0004259 0.0010426 0.0019943 -0.0231204 -0.0082563 -0.0011685 0.0006050 -0.0001950 0.0161042 -0.0655598 -0.0109377
-0.1993283 -0.2924402 -0.0510638 0.3134450 0.1517937 -0.3679759 -0.1736883 -0.3585570 -0.0735763 0.3558796 0.1451724 -0.4771719 -0.5574434 -0.8178408 -0.1428055 0.6186604 0.2996020 -0.7262905 -0.4287042 -0.8850044 -0.1816038 0.5808250 0.2369334 -0.7787842 0.0003557 -0.0005839 0.0007818 0.0033375 -0.0077633 -0.0029478 0.0006351 -0.0003528 0.0004252 -0.0043599 -0.0263333 -0.0075633 0.0012577 -0.0012456 0.0022528 0.0041839 -0.0164155 -0.0030039 0.0015293 -0.0009504 0.0010332 -0.0049941 -0.0422609 -0.0152696
-0.1989727 -0.2930241 -0.0502820 0.3167825 0.1440304 -0.3709237 -0.1730531 -0.3589098 -0.0731511 0.3515196 0.1188391 -0.4847352 -0.5561857 -0.8190864 -0.1405526 0.6228443 0.2831865 -0.7292944 -0.4271748 -0.8859548 -0.1805706 0.5758309 0.1946726 -0.7940538 0.0009066 -0.0000630 0.0001101 0.0052283 -0.0115422 0.0020520 0.0009163 -0.0000551 0.0000961 0.0200552 -0.0463849 0.0106834 0.0018102 -0.0012476 0.0001243 0.0119628 -0.0220013 0.0021065 0.0018850 -0.0009221 0.0000772 0.0366566 -0.0752423 0.0126477
-0.1980660 -0.2930871 -0.0501719 0.3220108 0.1324882 -0.3688717 -0.1721368 -0.3589649 -0.0730550 0.3715748 0.0724542 -0.4740518 -0.5543754 -0.8203339 -0.1404283 0.6348071 0.2611852 -0.7271879 -0.4252899 -0.8868769 -0.1804934 0.6124875 0.1194303 -0.7814061 -0.0208524 0.0694285 0.0096427 0.0037675 -0.0151696 0.0033521 -0.0179137 0.0410614 0.0120897 -0.0025189 -0.0064264 0.0054472 -0.1393253 0.1116127 0.0120009 0.0122364 -0.0281733 0.0012126 -0.0810191 0.0399577 0.0180771 0.0024757 -0.0094072 0.0005634
-0.2189184 -0.2236586 -0.0405292 0.3257784 0.1173186 -0.3655196 -0.1900505 -0.3179035 -0.0609653 0.3690559 0.0660278 -0.4686047 -0.6937007 -0.7087212 -0.1284274 0.6470435 0.2330119 -0.7259753 -0.5063090 -0.8469192 -0.1624163 0.6149632 0.1100231 -0.7808426 0.0192540 -0.0707759 -0.0079226 0.0017002 -0.0128897 0.0032461 0.0250666 -0.0798444 -0.0174838 -0.0047431 -0.0076443 0.0057646 0.1375845 -0.1113539 -0.0065231 0.0087146 -0.0238987 0.0005423 0.1293715 -0.0618128 -0.0168159 0.0005273 -0.0113867 -0.0011052
-0.1996644 -0.2944345 -0.0484518 0.3274785 0.1044289 -0.3622735 -0.1649838 -0.3977479 -0.0784491 0.3643128 0.0583835 -0.4628401 -0.5561162 -0.8200751 -0.1349505 0.6557580 0.2091132 -0.7254330 -0.3769375 -0.9087320 -0.1792322 0.6154905 0.0986363 -0.7819478 0.0010850 -0.0000363 0.0001880 0.0040498 -0.0106064 0.0051698 0.0011110 0.0005958 0.0011346 -0.0001260 -0.0067765 0.0064874 0.0020996 -0.0014690 0.0002993 0.0123462 -0.0200397 0.0057887 0.0015419 -0.0010537 0.0021220 0.0058467 -0.0105899 0.0033671
-0.1985793 -0.2944708 -0.0482638 0.3315283 0.0938225 -0.3571036 -0.1638728 -0.3971521 -0.0773146 0.3641869 0.0516070 -0.4563526 -0.5540165 -0.8215441 -0.1346512 0.6681043 0.1890735 -0.7196443 -0.3753956 -0.9097857 -0.1771102 0.6213372 0.0880464 -0.7785807 0.0013431 0.0004742 -0.0002526 0.0025395 -0.0027291 0.0013386 -0.0059264 0.0381960 0.0050558 0.0009295 -0.0017030 0.0030891 0.0020557 -0.0011984 -0.0011207 0.0048016 -0.0055859 0.0030342 -0.0453037 0.0204263 -0.0019202 0.0036859 -0.0026184 0.0026631
-0.1972362 -0.2939966 -0.0485164 0.3340678 0.0910934 -0.3557650 -0.1697993 -0.3589561 -0.0722588 0.3651164 0.0499040 -0.4532636 -0.5519608 -0.8227425 -0.1357719 0.6729059 0.1834875 -0.7166101 -0.4206993 -0.8893594 -0.1790304 0.6250231 0.0854280 -0.7759176 0.0015517 -0.0004977 -0.0006853 0.0001173 -0.0014693 0.0009235 0.0007149 -0.0007591 -0.0009219 0.0004020 -0.0019443 0.0006531 0.0038058 -0.0022002 -0.0020526 0.0013909 -0.0026499 0.0006341 0.0023325 -0.0006868 -0.0020411 0.0011362 -0.0032696 0.0005632
-0.1956845 -0.2944943 -0.0492016 0.3341851 0.0896241 -0.3548416 -0.1690844 -0.3597152 -0.0731807 0.3655184 0.0479597 -0.4526105 -0.5481550 -0.8249427 -0.1378245 0.6742968 0.1808376 -0.7159760 -0.4183668 -0.8900462 -0.1810716 0.6261594 0.0821584 -0.7753544 0.0003603 0.0002902 -0.0004706 -0.0003207 0.0002428 -0.0003405 0.0001345 0.0002254 -0.0005456 0.0001993 0.0002031 -0.0005507 0.0004391 -0.0000459 -0.0014633 -0.0007446 0.0004637 -0.0005833 0.0001697 0.0002105 -0.0014213 -0.0002681 0.0002676 -0.0001880
-0.1953243 -0.2942041 -0.0496723 0.3338644 0.0898669 -0.3551820 -0.1689498 -0.3594898 -0.0737263 0.3657177 0.0481628 -0.4531612 -0.5477159 -0.8249886 -0.1392879 0.6735522 0.1813013 -0.7165593 -0.4181971 -0.8898357 -0.1824928 0.6258913 0.0824261 -0.7755424 -0.0002135 0.0000886 -0.0000572 0.0000141 0.0010071 -0.0005004 -0.0004052 -0.0000021 -0.0000226 0.0014719 0.0021042 -0.0040870 -0.0005190 0.0003684 -0.0001400 -0.0007204 0.0018280 -0.0002119 -0.0008209 0.0003815 0.0000233 -0.0020385 0.0029772 -0.0013192
-0.1955378 -0.2941155 -0.0497294 0.3338784 0.0908740 -0.3556825 -0.1693550 -0.3594919 -0.0737490 0.3671897 0.0502670 -0.4572482 -0.5482349 -0.8246201 -0.1394279 0.6728318 0.1831293 -0.7167712 -0.4190179 -0.8894542 -0.1824695 0.6238528 0.0854033 -0.7768616 0.0000661 0.0000904 -0.0001513 0.0007038 0.0045329 -0.0013567 -0.0002343 -0.0001321 0.0001298 -0.0012103 0.0203368 0.0073024 0.0000475 0.0000462 -0.0004593 -0.0016842 0.0082500 0.0005765 -0.0003803 0.0000957 0.0004075 0.0025295 0.0354368 0.0067688
-0.1954717 -0.2940251 -0.0498807 0.3345822 0.0954069 -0.3570392 -0.1695893 -0.3596240 -0.0736192 0.3659794 0.0706038 -0.4499459 -0.5481874 -0.8245740 -0.1398872 0.6711476 0.1913793 -0.7161947 -0.4193983 -0.8893585 -0.1820620 0.6263823 0.1208400 -0.7700928 -0.0001132 0.0002664 -0.0002516 -0.0007665 0.0080094 -0.0017535 -0.0001167 0.0002598 -0.0002388 -0.0020440 0.0226452 -0.0030172 -0.0005056 0.0004646 -0.0007537 -0.0046616 0.0150984 -0.0001595 -0.0004325 0.0003380 -0.0006530 -0.0079593 0.0376148 0.0003882
-0.1955849 -0.2937587 -0.0501323 0.3338157 0.1034163 -0.3587927 -0.1697060 -0.3593642 -0.0738580 0.3639354 0.0932490 -0.4529631 -0.5486929 -0.8241094 -0.1406409 0.6664860 0.2064777 -0.7163542 -0.4198307 -0.8890205 -0.1827150 0.6184230 0.1584548 -0.7697046 0.0002950 0.0000718 -0.0000308 -0.0007274 0.0069138 -0.0011001 -0.0000451 -0.0001388 0.0001832 0.0008913 0.0286189 -0.0065579 0.0004944 -0.0002996 -0.0001720 -0.0038035 0.0130251 0.0003441 0.0000016 -0.0001038 0.0005022 -0.0096253 0.0449099 0.0028877
-0.1952899 -0.2936869 -0.0501631 0.3330884 0.1103301 -0.3598928 -0.1697511 -0.3595030 -0.0736748 0.3648267 0.1218679 -0.4595210 -0.5481985 -0.8244090 -0.1408129 0.6626825 0.2195028 -0.7160101 -0.4198291 -0.8891243 -0.1822128 0.6087977 0.2033647 -0.7668169 0.0000385 0.0000296 -0.0001045 -0.0017798 0.0177607 -0.0020690 0.0000348 0.0000122 -0.0000605 -0.0011641 0.0216210 0.0048483 0.0000608 0.0000118 -0.0003056 -0.0093917 0.0330730 0.0022758 0.0000710 -0.0000015 -0.0001561 -0.0023283 0.0359274 0.0085728
-0.1952513 -0.2936573 -0.0502676 0.3313086 0.1280908 -0.3619617 -0.1697163 -0.3594908 -0.0737353 0.3636626 0.1434889 -0.4546726 -0.5481377 -0.8243971 -0.1411184 0.6532908 0.2525758 -0.7137343 -0.4197581 -0.8891258 -0.1823689 0.6064694 0.2392922 -0.7582441 0.0000512 0.0002057 0.0001879 -0.0012086 0.0238069 -0.0069396 -0.0001693 0.0000486 0.0003911 -0.0009634 0.0363210 -0.0104316 -0.0002012 0.0000588 0.0004389 -0.0157983 0.0407706 0.0013080 -0.0004637 0.0000251 0.0009478 -0.0182516 0.0523196 0.0039481
-0.1952001 -0.2934516 -0.0500797 0.3301000 0.1518977 -0.3689014 -0.1698857 -0.3594422 -0.0733442 0.3626992 0.1798099 -0.4651042 -0.5483389 -0.8243383 -0.1406795 0.6374925 0.2933464 -0.7124262 -0.4202218 -0.8891007 -0.1814210 0.5882178 0.2916118 -0.7542959 -0.0000517 0.0000346 -0.0001118 -0.0006196 0.0044737 0.0050702 -0.0003110 -0.0001302 0.0000753 -0.0009454 0.0139548 -0.0004927 -0.0001213 0.0001333 -0.0003079 0.0020854 0.0101972 0.0061676 -0.0005268 0.0001899 0.0002907 -0.0053434 0.0205908 0.0041047
-0.1952519 -0.2934170 -0.0501915 0.3294804 0.1563714 -0.3638312 -0.1701966 -0.3595724 -0.0732689 0.3617538 0.1937647 -0.4655969 -0.5484602 -0.8242050 -0.1409874 0.6395779 0.3035437 -0.7062587 -0.4207487 -0.8889108 -0.1811304 0.5828744 0.3122026 -0.7501912 0.0001734 0.0000219 0.0002542 -0.0024351 0.0048654 -0.0003827 0.0003378 -0.0001176 0.0008403 -0.0046843 0.0105451 0.0030889 0.0002578 -0.0002833 0.0006553 -0.0049962 0.0093119 -0.0004431 0.0006389 -0.0007059 0.0019938 -0.0060208 0.0178643 0.0029994
-0.1950785 -0.2933951 -0.0499374 0.3270453 0.1612368 -0.3642139 -0.1698589 -0.3596900 -0.0724285 0.3570695 0.2043098 -0.4625080 -0.5482025 -0.8244883 -0.1403322 0.6345818 0.3128556 -0.7067018 -0.4201097 -0.8896167 -0.1791366 0.5768536 0.3300670 -0.7471919 0.0002551 0.0000612 0.0003980 -0.0017225 0.0059929 -0.0008479 0.0005112 0.0001985 0.0002822 -0.0034577 0.0112959 0.0022042 0.0003382 -0.0003981 0.0010222 -0.0050737 0.0107382 0.0002977 0.0008062 -0.0004813 0.0005027 -0.0057737 0.0181343 0.0038053
-0.1948234 -0.2933339 -0.0495394 0.3253228 0.1672297 -0.3650618 -0.1693477 -0.3594915 -0.0721464 0.3536117 0.2156057 -0.4603038 -0.5478642 -0.8248864 -0.1393100 0.6295081 0.3235938 -0.7064040 -0.4193035 -0.8900980 -0.1786339 0.5710799 0.3482013 -0.7433866 -0.0001632 0.0003849 0.0004638 -0.0007632 0.0025760 0.0001934 0.0002721 0.0006634 0.0001470 -0.0013340 0.0020586 -0.0001712 -0.0009101 0.0004048 0.0011906 -0.0017483 0.0048426 0.0006794 -0.0000852 0.0000320 0.0000408 -0.0022345 0.0032752 -0.0001719
-0.1949866 -0.2929490 -0.0490756 0.3245596 0.1698057 -0.3648684 -0.1690756 -0.3588281 -0.0719994 0.3522777 0.2176643 -0.4604750 -0.5487743 -0.8244816 -0.1381193 0.6277598 0.3284364 -0.7057246 -0.4193887 -0.8900661 -0.1785931 0.5688454 0.3514765 -0.7435585 0.0000474 -0.0001662 0.0003372 -0.0004797 0.0002513 -0.0017313 0.0001455 -0.0000954 0.0002445 -0.0012880 -0.0003538 -0.0007542 0.0002332 -0.0003177 0.0009739 -0.0021445 -0.0001523 -0.0019725 0.0003404 -0.0002800 0.0005977 -0.0018102 -0.0004044 -0.0015721
-0.1949392 -0.2931152 -0.0487384 0.3240798 0.1700570 -0.3665997 -0.1689301 -0.3589235 -0.0717549 0.3509897 0.2173105 -0.4612292 -0.5485411 -0.8247993 -0.1371454 0.6256152 0.3282841 -0.7076971 -0.4190483 -0.8903461 -0.1779954 0.5670351 0.3510721 -0.7451306 0.0007116 -0.0001834 0.0002460 0.0000963 -0.0047261 0.0015934 0.0012787 0.0000092 0.0003445 0.0013165 -0.0085626 -0.0020405 0.0015835 -0.0011484 0.0005877 0.0033444 -0.0075126 -0.0004805 0.0025482 -0.0013123 0.0005889 0.0027487 -0.0134647 -0.0041142
-0.1942277 -0.2932986 -0.0484924 0.3241761 0.1653309 -0.3650063 -0.1676515 -0.3589143 -0.0714105 0.3523063 0.2087479 -0.4632697 -0.5469575 -0.8259476 -0.1365577 0.6289596 0.3207715 -0.7081776 -0.4165001 -0.8916584 -0.1774065 0.5697838 0.3376073 -0.7492447 0.0003968 -0.0003199 0.0001230 0.0020245 -0.0060855 -0.0036391 0.0003559 -0.0003897 0.0002761 0.0067536 -0.0258845 -0.0063451 0.0011647 -0.0008292 0.0003581 0.0015456 -0.0129700 -0.0043682 0.0010397 -0.0006341 0.0007521 0.0104774 -0.0420896 -0.0096797
-0.1938309 -0.2936185 -0.0483694 0.3262006 0.1592454 -0.3686454 -0.1672956 -0.3593040 -0.0711344 0.3590599 0.1828634 -0.4696148 -0.5457928 -0.8267768 -0.1361995 0.6305052 0.3078016 -0.7125458 -0.4154603 -0.8922925 -0.1766544 0.5802612 0.2955177 -0.7589244 -0.0202491 0.0703909 0.0068233 -0.0034793 -0.0172855 0.0043543 -0.0175529 0.0416004 0.0107482 0.0063621 -0.0367265 -0.0051564 -0.1402099 0.1114612 0.0030682 0.0060747 -0.0277803 -0.0060321 -0.0807865 0.0393809 0.0145409 0.0123001 -0.0585449 -0.0109555
-0.2140800 -0.2232276 -0.0415461 0.3227213 0.1419599 -0.3642911 -0.1848485 -0.3177036 -0.0603862 0.3654220 0.1461369 -0.4747712 -0.6860027 -0.7153156 -0.1331314 0.6365799 0.2800212 -0.7185779 -0.4962468 -0.8529116 -0.1621135 0.5925613 0.2369728 -0.7698799 0.0229848 -0.0692038 -0.0114073 0.0065857 -0.0254474 0.0017208 0.0193454 -0.0423282 -0.0102359 0.0060364 -0.0395813 -0.0063822 0.1451523 -0.1123433 -0.0167409 0.0175034 -0.0485993 -0.0015742 0.0850533 -0.0415900 -0.0133476 0.0093557 -0.0643084 -0.0097886
-0.1910952 -0.2924314 -0.0529534 0.3293070 0.1165125 -0.3625703 -0.1655030 -0.3600318 -0.0706221 0.3714584 0.1065556 -0.4811534 -0.5408503 -0.8276589 -0.1498723 0.6540832 0.2314219 -0.7201521 -0.4111935 -0.8945017 -0.1754611 0.6019170 0.1726644 -0.7796685 0.0003406 -0.0000710 -0.0003302 0.0001983 -0.0045563 0.0058003 0.0006798 0.0001466 -0.0006663 -0.0005806 -0.0258021 0.0232388 0.0008484 -0.0003782 -0.0009669 0.0070560 -0.0067863 0.0043073 0.0013910 -0.0002865 -0.0017844 0.0216429 -0.0368928 0.0097730
-0.1907546 -0.2925024 -0.0532836 0.3295053 0.1119562 -0.3567700 -0.1648232 -0.3598852 -0.0712884 0.3708778 0.0807535 -0.4579146 -0.5400019 -0.8280371 -0.1508391 0.6611392 0.2246357 -0.7158448 -0.4098025 -0.8947882 -0.1772455 0.6235599 0.1357715 -0.7698955 0.0007551 -0.0006802 0.0000223 0.0033698 -0.0181448 -0.0008201 0.0010572 -0.0003855 -0.0006290 0.0096558 -0.0531174 -0.0083824 0.0023714 -0.0015650 0.0001286 0.0079959 -0.0360589 -0.0029716 0.0026541 -0.0009022 -0.0015527 0.0080345 -0.0899022 -0.0040454
-0.1899994 -0.2931826 -0.0532613 0.3328751 0.0938114 -0.3575901 -0.1637660 -0.3602707 -0.0719174 0.3805336 0.0276361 -0.4662969 -0.5376306 -0.8296021 -0.1507105 0.6691351 0.1885767 -0.7188164 -0.4071484 -0.8956904 -0.1787982 0.6315944 0.0458693 -0.7739409 -0.0011430 -0.0016695 0.0042916 0.0012501 -0.0155585 0.0046132 0.0035607 -0.0266867 -0.0034111 -0.0049762 -0.0087520 0.0064529 -0.0011276 -0.0014744 0.0126835 0.0095721 -0.0296219 0.0018158 0.0306646 -0.0136626 0.0017755 0.0006387 -0.0140788 -0.0001848
-0.1911424 -0.2948521 -0.0489697 0.3341252 0.0782529 -0.3529769 -0.1602053 -0.3869574 -0.0753285 0.3755574 0.0188841 -0.4598441 -0.5387582 -0.8310765 -0.1380270 0.6787072 0.1589548 -0.7170006 -0.3764838 -0.9093530 -0.1770227 0.6322331 0.0317905 -0.7741257 0.0038431 0.0007288 -0.0023257 0.0022331 -0.0067834 0.0085879 0.0012482 0.0281885 0.0004794 -0.0075403 -0.0083710 0.0158737 0.0073366 -0.0034349 -0.0075127 0.0124340 -0.0121010 0.0093582 -0.0214255 0.0112650 -0.0103433 0.0058390 -0.0135628 0.0043649
-0.1872994 -0.2941233 -0.0512954 0.3363583 0.0714695 -0.3443890 -0.1589571 -0.3587689 -0.0748491 0.3680171 0.0105131 -0.4439704 -0.5314215 -0.8345114 -0.1455397 0.6911412 0.1468539 -0.7076424 -0.3979094 -0.8980880 -0.1873660 0.6380721 0.0182277 -0.7697608 0.0001073 0.0006307 0.0001104 -0.0005455 -0.0100987 0.0045129 -0.0001716 0.0004971 0.0001426 -0.0009009 -0.0028841 0.0032193 -0.0006002 0.0003711 0.0000657 0.0059735 -0.0194541 0.0020927 -0.0008334 0.0003348 0.0001673 0.0018742 -0.0049291 0.0014563
-0.1871920 -0.2934926 -0.0511851 0.3358128 0.0613708 -0.3398761 -0.1591287 -0.3582718 -0.0747065 0.3671162 0.0076290 -0.4407510 -0.5320217 -0.8341404 -0.1454740 0.6971147 0.1273998 -0.7055497 -0.3987428 -0.8977532 -0.1871988 0.6399464 0.0132987 -0.7683045 0.0005793 0.0001550 -0.0000998 0.0006690 -0.0017464 0.0015405 0.0006369 -0.0000588 0.0005676 -0.0022807 -0.0018716 0.0017773 0.0010084 -0.0005622 -0.0004589 0.0026055 -0.0034097 0.0019744 0.0012906 -0.0008378 0.0012793 -0.0008040 -0.0032125 -0.0007178
-0.1866128 -0.2933376 -0.0512849 0.3364818 0.0596244 -0.3383356 -0.1584918 -0.3583306 -0.0741390 0.3648355 0.0057574 -0.4389737 -0.5310133 -0.8347026 -0.1459329 0.6997201 0.1239901 -0.7035753 -0.3974522 -0.8985910 -0.1859194 0.6391423 0.0100862 -0.7690223 0.0002251 0.0003581 0.0001503 0.0001040 -0.0000291 0.0009564 0.0001146 0.0002668 0.0002738 -0.0007241 0.0003282 0.0010633 -0.0000249 -0.0000270 0.0002451 0.0010953 0.0000951 0.0011078 -0.0000477 -0.0000885 0.0005304 0.0001618 0.0005989 0.0001426
-0.1863877 -0.2929795 -0.0511346 0.3365858 0.0595953 -0.3373793 -0.1583772 -0.3580638 -0.0738652 0.3641115 0.0060856 -0.4379104 -0.5310382 -0.8347296 -0.1456879 0.7008154 0.1240852 -0.7024675 -0.3974999 -0.8986794 -0.1853890 0.6393041 0.0106850 -0.7688797 -0.0001655 -0.0001619 -0.0000188 -0.0004845 0.0021726 -0.0005655 0.0000111 -0.0001369 0.0001275 0.0004667 0.0003876 -0.0002346 -0.0001299 0.0000756 0.0000402 -0.0014931 0.0044346 -0.0006903 0.0001226 -0.0001292 0.0003640 0.0002770 0.0006709 0.0002400
-0.1865532 -0.2931414 -0.0511534 0.3361013 0.0617679 -0.3379447 -0.1583661 -0.3582007 -0.0737377 0.3645781 0.0064732 -0.4381450 -0.5311681 -0.8346539 -0.1456477 0.6993223 0.1285198 -0.7031579 -0.3973773 -0.8988087 -0.1850250 0.6395811 0.0113560 -0.7686397 0.0001908 0.0001531 -0.0000114 0.0022037 0.0050494 -0.0025882 0.0002200 0.0001864 -0.0000729 0.0014506 0.0127332 -0.0111440 0.0001994 -0.0001047 -0.0001269 -0.0012704 0.0093497 0.0005089 0.0003116 -0.0000769 -0.0002951 -0.0083155 0.0217680 -0.0062193
-0.1863624 -0.2929883 -0.0511648 0.3383050 0.0668173 -0.3405330 -0.1581461 -0.3580143 -0.0738105 0.3660287 0.0192064 -0.4492890 -0.5309688 -0.8347586 -0.1457745 0.6980518 0.1378695 -0.7026490 -0.3970657 -0.8988856 -0.1853201 0.6312656 0.0331240 -0.7748591 -0.0002847 -0.0001424 -0.0000383 -0.0002073 0.0078753 -0.0059896 -0.0006321 -0.0002719 -0.0000982 0.0014436 0.0154884 -0.0142176 -0.0003939 0.0002497 0.0000054 -0.0078653 0.0146066 -0.0047360 -0.0010733 0.0004764 -0.0000075 -0.0110783 0.0254308 -0.0074063
-0.1866472 -0.2931307 -0.0512031 0.3380976 0.0746926 -0.3465226 -0.1587781 -0.3582862 -0.0739088 0.3674724 0.0346948 -0.4635066 -0.5313627 -0.8345089 -0.1457691 0.6901865 0.1524761 -0.7073850 -0.3981391 -0.8984091 -0.1853276 0.6201873 0.0585548 -0.7822653 -0.0000487 0.0000634 0.0001623 -0.0003776 0.0108163 -0.0060093 -0.0002105 -0.0000052 0.0001586 0.0103540 0.0242827 -0.0113734 -0.0002153 0.0000602 0.0004410 -0.0087858 0.0200508 -0.0039008 -0.0004687 0.0001202 0.0004251 -0.0005017 0.0381761 0.0033990
-0.1866959 -0.2930673 -0.0510408 0.3377201 0.0855089 -0.3525319 -0.1589886 -0.3582914 -0.0737502 0.3778264 0.0589775 -0.4748799 -0.5315780 -0.8344487 -0.1453281 0.6814007 0.1725270 -0.7112858 -0.3986077 -0.8982889 -0.1849024 0.6196857 0.0967310 -0.7788664 0.0000213 0.0004173 -0.0000829 -0.0016866 0.0093569 -0.0030729 0.0000021 0.0001681 0.0006199 -0.0064958 0.0381536 0.0049570 -0.0004657 0.0003632 -0.0003802 -0.0071359 0.0178251 -0.0022497 -0.0002607 -0.0001779 0.0014319 -0.0076888 0.0633526 0.0043775
-0.1866746 -0.2926500 -0.0511237 0.3360335 0.0948658 -0.3556048 -0.1589865 -0.3581233 -0.0731302 0.3713306 0.0971311 -0.4699230 -0.5320437 -0.8340855 -0.1457084 0.6742649 0.1903521 -0.7135355 -0.3988684 -0.8984668 -0.1834706 0.6119969 0.1600836 -0.7744889 -0.0002447 0.0002615 -0.0001643 0.0001592 0.0089444 0.0018754 -0.0001165 0.0001642 0.0002900 0.0036064 0.0292064 0.0034841 -0.0007942 0.0005938 -0.0004950 -0.0004313 0.0177155 0.0045530 -0.0004467 0.0000645 0.0006570 0.0010053 0.0464716 0.0118859
-0.1869193 -0.2923885 -0.0512881 0.3361926 0.1038102 -0.3537294 -0.1591030 -0.3579591 -0.0728402 0.3749370 0.1263375 -0.4664389 -0.5328379 -0.8334917 -0.1462033 0.6738335 0.2080676 -0.7089826 -0.3993152 -0.8984022 -0.1828136 0.6130022 0.2065551 -0.7626030 -0.0000140 0.0002711 -0.0002786 -0.0000550 0.0155058 -0.0021244 -0.0001969 0.0000381 0.0002004 -0.0002586 0.0271644 0.0035413 -0.0003098 0.0003510 -0.0008687 -0.0066846 0.0287448 0.0027020 -0.0004864 0.0001134 0.0005065 -0.0037658 0.0430428 0.0099199
-0.1869333 -0.2921174 -0.0515667 0.3361376 0.1193160 -0.3558538 -0.1593000 -0.3579210 -0.0726398 0.3746784 0.1535019 -0.4628976 -0.5331477 -0.8331406 -0.1470720 0.6671489 0.2368124 -0.7062806 -0.3998015 -0.8982888 -0.1823071 0.6092364 0.2495979 -0.7526831 0.0003512 -0.0006454 0.0001612 0.0003960 0.0107298 -0.0009809 0.0001994 -0.0006198 -0.0001166 -0.0036141 0.0187770 0.0042326 0.0014981 -0.0010617 0.0005966 -0.0039533 0.0194646 0.0030782 0.0009995 -0.0004311 -0.0000644 -0.0054945 0.0307093 0.0064100
-0.1865821 -0.2927628 -0.0514055 0.3365336 0.1300458 -0.3568347 -0.1591005 -0.3585408 -0.0727564 0.3710643 0.1722789 -0.4586650 -0.5316497 -0.8342024 -0.1464754 0.6631956 0.2562770 -0.7032024 -0.3988021 -0.8987200 -0.1823715 0.6037419 0.2803072 -0.7462731 -0.0002113 -0.0003346 0.0004292 0.0050444 0.0230254 -0.0131970 -0.0002837 -0.0003333 0.0003332 -0.0008534 0.0168501 0.0020416 -0.0001037 -0.0001714 0.0013590 -0.0142227 0.0345470 0.0001694 -0.0003588 -0.0000421 0.0009953 -0.0042294 0.0259647 0.0068258
-0.1867934 -0.2930974 -0.0509763 0.3415779 0.1530712 -0.3700318 -0.1593842 -0.3588741 -0.0724232 0.3702109 0.1891290 -0.4566234 -0.5317533 -0.8343738 -0.1451165 0.6489730 0.2908240 -0.7030331 -0.3991608 -0.8987621 -0.1813762 0.5995125 0.3062719 -0.7394473 -0.0000148 -0.0002130 0.0000934 -0.0013674 0.0012753 0.0038526 -0.0000829 -0.0003373 0.0003903 -0.0017637 0.0068963 0.0031798 0.0002182 -0.0001975 0.0003367 0.0013775 0.0042266 0.0030406 0.0000579 -0.0002465 0.0010974 -0.0016473 0.0118109 0.0036616
-0.1868082 -0.2933104 -0.0508829 0.3402105 0.1543465 -0.3661792 -0.1594671 -0.3592114 -0.0720329 0.3684471 0.1960253 -0.4534436 -0.5315351 -0.8345713 -0.1447797 0.6503504 0.2950506 -0.6999925 -0.3991029 -0.8990086 -0.1802789 0.5978652 0.3180828 -0.7357857 -0.0000964 -0.0007653 -0.0001655 0.0009534 0.0043618 -0.0054629 -0.0003872 -0.0009117 -0.0000825 -0.0006044 0.0088734 -0.0028845 0.0008041 -0.0004810 -0.0001765 -0.0052644 0.0050412 -0.0027229 0.0000188 -0.0000563 0.0002392 -0.0054383 0.0119155 0.0008493
-0.1869046 -0.2940757 -0.0510484 0.3411640 0.1587083 -0.3716421 -0.1598544 -0.3601231 -0.0721154 0.3678428 0.2048987 -0.4563281 -0.5307310 -0.8350523 -0.1449562 0.6450861 0.3000918 -0.7027154 -0.3990842 -0.8990648 -0.1800396 0.5924269 0.3299983 -0.7349364 0.0000945 -0.0002675 -0.0002285 0.0000394 0.0003187 -0.0000582 0.0000501 -0.0003532 -0.0000151 0.0004366 0.0007267 -0.0003221 0.0005791 -0.0002698 -0.0005636 -0.0001231 0.0005105 0.0001052 0.0004241 -0.0002076 0.0000973 0.0000015 0.0007786 0.0003513
-0.1868101 -0.2943432 -0.0512770 0.3412034 0.1590270 -0.3717003 -0.1598042 -0.3604763 -0.0721305 0.3682794 0.2056254 -0.4566502 -0.5301519 -0.8353221 -0.1455199 0.6449630 0.3006023 -0.7026101 -0.3986601 -0.8992724 -0.1799424 0.5924284 0.3307769 -0.7345851 0.0000000 0.0000000 0.0000000 0.0000000 0.0000000 0.0000000 0.0000000 0.0000000 0.0000000 0.0000000 0.0000000 0.0000000 0.0000000 0.0000000 0.0000000 0.0000000 0.0000000 0.0000000 0.0000000 0.0000000 0.0000000 0.0000000 0.0000000 0.0000000
