-0.2353167 -0.2713157 -0.0322267 0.4205166 0.3267726 -0.2565164 -0.2284703 -0.3479772 -0.0398128 0.4257587 0.3591053 -0.3151078 -0.6525892 -0.7524227 -0.0893724 0.7113973 0.5528086 -0.4339545 -0.5463484 -0.8321293 -0.0952057 0.6653129 0.5611568 -0.4924040 0.0006830 -0.0009407 0.0002817 0.0118001 -0.0502120 -0.0205442 0.0006863 -0.0009045 0.0001446 0.0254109 -0.0388684 -0.0393142 0.0023247 -0.0021090 0.0008398 0.0298604 -0.0786128 -0.0410985 0.0021166 -0.0014347 0.0004286 0.0213418 -0.0737743 -0.0470063
-0.2346338 -0.2722563 -0.0319450 0.4323167 0.2765607 -0.2770606 -0.2277840 -0.3488817 -0.0396682 0.4511696 0.3202369 -0.3544220 -0.6502645 -0.7545317 -0.0885326 0.7412578 0.4741957 -0.4750530 -0.5442318 -0.8335641 -0.0947771 0.6866548 0.4873825 -0.5394104 0.0006327 -0.0010931 0.0002599 0.0089706 -0.0289952 -0.0074868 0.0004926 -0.0009616 0.0003734 0.0145343 -0.0512854 -0.0149446 0.0024580 -0.0022064 0.0008156 0.0189156 -0.0477327 -0.0151161 0.0018240 -0.0013014 0.0010039 0.0271595 -0.0751433 -0.0267416
-0.2340011 -0.2733494 -0.0316852 0.4412873 0.2475655 -0.2845474 -0.2272914 -0.3498433 -0.0392949 0.4657039 0.2689515 -0.3693666 -0.6478065 -0.7567381 -0.0877169 0.7601734 0.4264630 -0.4901691 -0.5424078 -0.8348655 -0.0937732 0.7138143 0.4122392 -0.5661519 0.0015967 0.0019601 0.0003192 0.0060165 -0.0450434 -0.0076814 0.0017446 0.0015759 0.0005869 -0.0300131 -0.0445342 0.0645902 -0.0001461 0.0000941 0.0002673 0.0226526 -0.0720292 -0.0212604 0.0011714 -0.0008590 0.0008872 0.0411132 -0.0233882 0.0380616
-0.2324044 -0.2713893 -0.0313660 0.4473038 0.2025221 -0.2922288 -0.2255468 -0.3482674 -0.0387079 0.4356908 0.2244173 -0.3047764 -0.6479525 -0.7566439 -0.0874496 0.7828260 0.3544339 -0.5114294 -0.5412364 -0.8357244 -0.0928860 0.7549275 0.3888510 -0.5280903 0.0010095 -0.0005660 0.0002011 0.0099095 -0.0333825 -0.0028729 0.0013011 -0.0012618 0.0002108 0.0429333 -0.0532251 -0.0539119 0.0023798 -0.0020892 0.0005020 0.0195036 -0.0576233 -0.0064226 0.0035539 -0.0023550 0.0005799 0.0144045 -0.1136797 -0.0484590
-0.2313948 -0.2719553 -0.0311649 0.4572133 0.1691396 -0.2951017 -0.2242457 -0.3495292 -0.0384972 0.4786241 0.1711922 -0.3586883 -0.6455728 -0.7587331 -0.0869476 0.8023296 0.2968105 -0.5178520 -0.5376825 -0.8380794 -0.0923062 0.7693319 0.2751714 -0.5765493 0.0003655 -0.0001702 -0.0000107 -0.0055022 -0.0345626 -0.0014454 0.0003134 -0.0001664 -0.0000238 -0.0201244 -0.0248004 0.0370004 0.0008297 -0.0006988 -0.0000555 0.0088444 -0.0551398 -0.0146815 0.0007170 -0.0004526 -0.0000631 0.0226745 -0.0222960 0.0208697
-0.2310293 -0.2721255 -0.0311756 0.4517111 0.1345770 -0.2965471 -0.2239324 -0.3496956 -0.0385210 0.4584997 0.1463918 -0.3216879 -0.6447431 -0.7594319 -0.0870031 0.8111740 0.2416708 -0.5325335 -0.5369655 -0.8385320 -0.0923692 0.7920065 0.2528753 -0.5556796 0.0005499 0.0011554 0.0000019 0.0000193 -0.0307748 0.0089768 0.0003696 0.0010561 -0.0000391 0.0176534 -0.0395048 -0.0066005 -0.0006846 0.0006156 -0.0002947 0.0169827 -0.0513703 0.0053314 -0.0005062 0.0003612 -0.0003338 0.0175718 -0.0711409 -0.0024920
-0.2304794 -0.2709701 -0.0311737 0.4517304 0.1038022 -0.2875702 -0.2235628 -0.3486395 -0.0385601 0.4761531 0.1068870 -0.3282884 -0.6454276 -0.7588164 -0.0872978 0.8281568 0.1903005 -0.5272021 -0.5374717 -0.8381708 -0.0927031 0.8095783 0.1817344 -0.5581716 0.0001974 0.0001447 -0.0005696 0.0033915 -0.0102043 -0.0013793 0.0007315 -0.0001060 -0.0008257 0.0267355 -0.0218714 -0.0374237 0.0002149 0.0000079 -0.0016418 0.0036267 -0.0192404 -0.0008838 0.0014670 -0.0007114 -0.0020367 -0.0082779 -0.0462710 -0.0245524
-0.2302821 -0.2708254 -0.0317433 0.4551219 0.0935979 -0.2889496 -0.2228313 -0.3487455 -0.0393858 0.5028886 0.0850156 -0.3657121 -0.6452127 -0.7588085 -0.0889396 0.8317835 0.1710601 -0.5280859 -0.5360046 -0.8388822 -0.0947398 0.8013004 0.1354635 -0.5827241 0.0003850 0.0002456 -0.0001447 -0.0235439 0.0055754 0.0466766 0.0008897 0.0002030 -0.0004314 -0.0291476 0.0065872 0.0484633 0.0003164 -0.0002089 -0.0005111 0.0232186 0.0254129 0.0481174 0.0013614 -0.0007346 -0.0011774 0.0190769 0.0231651 0.0333443
-0.2298971 -0.2705798 -0.0318880 0.4315780 0.0991733 -0.2422729 -0.2219416 -0.3485425 -0.0398172 0.4737410 0.0916028 -0.3172488 -0.6448963 -0.7590174 -0.0894507 0.8550021 0.1964730 -0.4799686 -0.5346432 -0.8396169 -0.0959172 0.8203772 0.1586286 -0.5493798 -0.0001200 0.0003332 -0.0002657 0.0009181 0.0003020 -0.0003085 0.0002226 0.0000418 -0.0002495 0.0023305 0.0007393 -0.0002669 -0.0006110 0.0006124 -0.0007838 0.0001376 0.0002115 0.0003319 0.0003689 -0.0001625 -0.0006313 0.0009395 0.0006798 0.0016028
-0.2300171 -0.2702466 -0.0321537 0.4324961 0.0994753 -0.2425814 -0.2217189 -0.3485007 -0.0400668 0.4760715 0.0923422 -0.3175157 -0.6455072 -0.7584050 -0.0902345 0.8551397 0.1966845 -0.4796367 -0.5342743 -0.8397793 -0.0965485 0.8213168 0.1593084 -0.5477769 -0.0003839 -0.0003325 0.0001838 0.0032293 0.0079886 -0.0043932 -0.0004468 0.0003735 -0.0004947 -0.0026792 0.0117593 0.0022033 -0.0002013 0.0000958 0.0006373 -0.0045313 0.0131029 -0.0024988 -0.0011108 0.0008465 -0.0011984 -0.0026362 0.0207238 0.0024784
-0.2304011 -0.2705791 -0.0319700 0.4357254 0.1074639 -0.2469746 -0.2221657 -0.3481272 -0.0405615 0.4733923 0.1041015 -0.3153124 -0.6457086 -0.7583092 -0.0895971 0.8506084 0.2097874 -0.4821355 -0.5353851 -0.8389328 -0.0977469 0.8186806 0.1800322 -0.5452986 -0.0010172 -0.0008282 -0.0008181 0.0048714 0.0236540 -0.0001458 -0.0008208 -0.0008194 -0.0006517 -0.0045595 0.0475852 0.0013815 -0.0003902 0.0005647 -0.0019441 -0.0064013 0.0414416 0.0086395 -0.0004402 0.0004320 -0.0012864 -0.0162489 0.0795875 0.0079895
-0.2314183 -0.2714073 -0.0327880 0.4405968 0.1311179 -0.2471204 -0.2229866 -0.3489466 -0.0412132 0.4688328 0.1516867 -0.3139309 -0.6460987 -0.7577445 -0.0915412 0.8442071 0.2512290 -0.4734960 -0.5358253 -0.8385008 -0.0990333 0.8024317 0.2596197 -0.5373090 -0.0016503 0.0002944 0.0003440 -0.0021993 0.0318956 0.0029808 -0.0007085 0.0004466 0.0001008 -0.0098599 0.0253753 -0.0019287 -0.0031306 0.0025401 0.0011659 -0.0132915 0.0577384 0.0107666 -0.0017076 0.0010652 0.0002413 -0.0173455 0.0432498 -0.0029777
-0.2330686 -0.2711128 -0.0324441 0.4383975 0.1630136 -0.2441396 -0.2236950 -0.3484999 -0.0411124 0.4589729 0.1770620 -0.3158595 -0.6492293 -0.7552043 -0.0903753 0.8309156 0.3089674 -0.4627294 -0.5375330 -0.8374356 -0.0987920 0.7850862 0.3028695 -0.5402868 -0.0013558 0.0000214 -0.0002846 -0.0013203 0.0321865 0.0071834 -0.0009831 -0.0000637 -0.0005622 -0.0116878 0.0368478 0.0087801 -0.0021593 0.0019299 -0.0005671 -0.0126080 0.0564914 0.0190937 -0.0015353 0.0011298 -0.0011975 -0.0181329 0.0639185 0.0137421
-0.2344244 -0.2710914 -0.0327287 0.4370772 0.1952001 -0.2369562 -0.2246781 -0.3485636 -0.0416746 0.4472850 0.2139098 -0.3070794 -0.6513886 -0.7532744 -0.0909424 0.8183076 0.3654588 -0.4436357 -0.5390683 -0.8363058 -0.0999895 0.7669532 0.3667880 -0.5265447 -0.0016513 -0.0002743 -0.0002028 -0.0065824 0.0422438 0.0009120 -0.0028125 0.0010642 -0.0005369 0.0030766 0.0488348 -0.0138947 -0.0022232 0.0019566 -0.0002337 -0.0289365 0.0699271 0.0108165 -0.0058453 0.0039322 -0.0011207 -0.0314027 0.0623381 0.0023156
-0.2360757 -0.2713657 -0.0329315 0.4304948 0.2374439 -0.2360441 -0.2274906 -0.3474994 -0.0422115 0.4503616 0.2627446 -0.3209741 -0.6536118 -0.7513178 -0.0911761 0.7893711 0.4353858 -0.4328192 -0.5449136 -0.8323737 -0.1011101 0.7355506 0.4291261 -0.5242291 -0.0023023 -0.0011059 -0.0000609 -0.0078102 0.0297460 -0.0025845 -0.0035316 0.0003431 0.0002115 -0.0216259 0.0381876 0.0127500 -0.0021210 0.0017995 0.0004199 -0.0265023 0.0468432 0.0021379 -0.0063079 0.0040546 0.0008978 -0.0301188 0.0660206 0.0170844
-0.2383779 -0.2724717 -0.0329925 0.4226846 0.2671898 -0.2386287 -0.2310221 -0.3471564 -0.0420000 0.4287357 0.3009321 -0.3082241 -0.6557328 -0.7495184 -0.0907561 0.7628688 0.4822290 -0.4306813 -0.5512215 -0.8283190 -0.1002124 0.7054318 0.4951467 -0.5071447 -0.0014107 -0.0001196 -0.0004947 -0.0006144 0.0145921 -0.0038209 -0.0011541 -0.0007019 -0.0002977 -0.0027588 0.0159908 -0.0004956 -0.0019608 0.0018534 -0.0010928 -0.0124267 0.0187800 -0.0003948 -0.0011092 0.0007890 -0.0004107 -0.0118499 0.0208719 0.0044828
-0.2397886 -0.2725913 -0.0334872 0.4220702 0.2817819 -0.2424496 -0.2321762 -0.3478583 -0.0422976 0.4259769 0.3169229 -0.3087196 -0.6576936 -0.7476650 -0.0918490 0.7504421 0.5010091 -0.4310761 -0.5523306 -0.8275300 -0.1006231 0.6935819 0.5160186 -0.5026619 -0.0012045 -0.0010700 -0.0001928 0.0013497 0.0147085 -0.0015233 -0.0013545 -0.0008526 -0.0000638 0.0010507 0.0166363 0.0089009 -0.0003977 0.0003651 -0.0001227 -0.0096650 0.0177037 0.0042432 -0.0012987 0.0008443 0.0001971 -0.0040250 0.0226071 0.0185197
-0.2409930 -0.2736612 -0.0336800 0.4234200 0.2964905 -0.2439729 -0.2335308 -0.3487108 -0.0423615 0.4270276 0.3335593 -0.2998188 -0.6580913 -0.7472999 -0.0919716 0.7407771 0.5187128 -0.4268328 -0.5536293 -0.8266857 -0.1004259 0.6895569 0.5386257 -0.4841422 -0.0016597 -0.0009846 -0.0007072 0.0177309 0.0319900 -0.0463435 -0.0007397 -0.0013134 -0.0007863 0.0370153 0.0189852 -0.0472476 -0.0011228 0.0011702 -0.0014480 -0.0314517 0.0094501 -0.0399662 0.0003121 -0.0000274 -0.0014835 -0.0054213 -0.0188716 -0.0275356
-0.2426527 -0.2746458 -0.0343872 0.4411509 0.3284805 -0.2903164 -0.2342705 -0.3500242 -0.0431477 0.4640429 0.3525445 -0.3470663 -0.6592141 -0.7461297 -0.0934196 0.7093255 0.5281629 -0.4667990 -0.5533172 -0.8267131 -0.1019095 0.6841356 0.5197541 -0.5116778 -0.0007462 -0.0008411 -0.0003922 -0.0156209 0.0250007 0.0083682 -0.0011626 -0.0005529 -0.0002927 -0.0420242 0.0407567 0.0111931 0.0000434 0.0000584 -0.0007696 -0.0239840 0.0411396 0.0127046 -0.0012648 0.0008997 -0.0004181 -0.0519263 0.0694345 0.0085195
-0.2433989 -0.2754869 -0.0347794 0.4255300 0.3534812 -0.2819482 -0.2354331 -0.3505771 -0.0434405 0.4220187 0.3933012 -0.3358733 -0.6591707 -0.7460713 -0.0941892 0.6853414 0.5693025 -0.4540944 -0.5545821 -0.8258134 -0.1023276 0.6322093 0.5891886 -0.5031582 -0.0000085 -0.0020464 -0.0002696 -0.0009748 -0.0013034 0.0008222 -0.0000885 -0.0020604 -0.0003834 -0.0004521 -0.0000746 0.0017198 0.0027506 -0.0023796 -0.0003308 0.0003996 -0.0004654 0.0000199 0.0021226 -0.0013633 -0.0004693 0.0004541 0.0009436 0.0016795
-0.2434074 -0.2775334 -0.0350490 0.4245551 0.3521777 -0.2811260 -0.2355216 -0.3526376 -0.0438238 0.4215666 0.3932265 -0.3341535 -0.6564201 -0.7484508 -0.0945200 0.6857410 0.5688371 -0.4540745 -0.5524595 -0.8271767 -0.1027969 0.6326634 0.5901322 -0.5014788 0.0009718 -0.0006477 -0.0002774 0.0048509 -0.0054309 -0.0012117 0.0014939 -0.0010335 -0.0003110 -0.0129479 -0.0278859 0.0429651 0.0024002 -0.0019996 -0.0007803 0.0069057 -0.0095225 -0.0013460 0.0035885 -0.0022968 -0.0007137 0.0256854 -0.0015111 0.0323285
-0.2424356 -0.2781810 -0.0353264 0.4294061 0.3467469 -0.2823377 -0.2340277 -0.3536710 -0.0441349 0.4086187 0.3653407 -0.2911884 -0.6540199 -0.7504504 -0.0953003 0.6926467 0.5593146 -0.4554204 -0.5488709 -0.8294735 -0.1035106 0.6583488 0.5886212 -0.4691503 0.0006697 -0.0003058 0.0001017 0.0006820 -0.0170259 -0.0084695 0.0010924 0.0007840 0.0004475 0.0187442 -0.0009331 -0.0570229 0.0014238 -0.0012661 0.0002186 0.0066507 -0.0232081 -0.0174147 0.0008968 -0.0006843 0.0007372 -0.0116328 -0.0371736 -0.0577880
-0.2417659 -0.2784869 -0.0352247 0.4300881 0.3297209 -0.2908073 -0.2329352 -0.3528871 -0.0436874 0.4273628 0.3644075 -0.3482113 -0.6525961 -0.7517166 -0.0950817 0.6992974 0.5361064 -0.4728351 -0.5479742 -0.8301578 -0.1027735 0.6467160 0.5514476 -0.5269383 0.0022536 -0.0007479 0.0002592 -0.0011904 -0.0237166 -0.0032464 0.0018652 -0.0011601 0.0006474 0.0006430 -0.0234106 -0.0031183 0.0044621 -0.0039088 0.0004631 0.0115356 -0.0289506 -0.0145143 0.0042352 -0.0029632 0.0014945 0.0114427 -0.0270853 -0.0133128
-0.2395123 -0.2792348 -0.0349655 0.4288977 0.3060043 -0.2940537 -0.2310700 -0.3540472 -0.0430400 0.4280058 0.3409969 -0.3513296 -0.6481340 -0.7556253 -0.0946186 0.7108330 0.5071558 -0.4873494 -0.5437390 -0.8331209 -0.1012790 0.6581587 0.5243623 -0.5402511 0.0033992 0.0015553 0.0000853 0.0144321 -0.0628900 -0.0041299 0.0029362 0.0015381 0.0006238 0.0297512 -0.0658448 -0.0305984 0.0032952 -0.0027337 -0.0006413 0.0444243 -0.0929858 -0.0206365 0.0031722 -0.0021552 0.0007731 0.0390075 -0.1053041 -0.0414271
-0.2361131 -0.2776794 -0.0348802 0.4433298 0.2431144 -0.2981836 -0.2281337 -0.3525090 -0.0424162 0.4577570 0.2751522 -0.3819280 -0.6448388 -0.7583591 -0.0952600 0.7552572 0.4141700 -0.5079860 -0.5405667 -0.8352761 -0.1005059 0.6971662 0.4190581 -0.5816782 0.0013807 -0.0005504 0.0005749 -0.0048313 -0.0219843 -0.0028794 0.0013467 -0.0000650 0.0010438 0.0057070 -0.0435967 0.0209336 0.0028510 -0.0025934 0.0014355 0.0059762 -0.0302880 -0.0146595 0.0022012 -0.0016927 0.0022928 0.0367974 -0.0523559 0.0099905
-0.2347323 -0.2782298 -0.0343054 0.4384984 0.2211301 -0.3010629 -0.2267870 -0.3525740 -0.0413724 0.4634641 0.2315555 -0.3609943 -0.6419878 -0.7609525 -0.0938244 0.7612335 0.3838820 -0.5226454 -0.5383655 -0.8369688 -0.0982131 0.7339636 0.3667022 -0.5716877 0.0022107 -0.0007459 -0.0004160 0.0040314 -0.0308138 -0.0014184 0.0045542 -0.0026818 -0.0000911 -0.0298246 -0.0427332 0.0403548 0.0046415 -0.0037252 -0.0013476 0.0167551 -0.0492968 -0.0091313 0.0106043 -0.0066971 -0.0002550 0.0249331 -0.0362511 0.0105480
-0.2325217 -0.2789757 -0.0347214 0.4425299 0.1903163 -0.3024814 -0.2222328 -0.3552558 -0.0414635 0.4336395 0.1888223 -0.3206395 -0.6373463 -0.7646777 -0.0951720 0.7779886 0.3345852 -0.5317767 -0.5277612 -0.8436659 -0.0984681 0.7588968 0.3304511 -0.5611397 0.0014876 0.0006401 -0.0002786 -0.0045792 -0.0598547 -0.0026267 0.0015440 -0.0006162 -0.0003574 0.0098217 -0.0425714 0.0023241 0.0016204 -0.0012057 -0.0011359 0.0190603 -0.0971513 -0.0235053 0.0033474 -0.0019784 -0.0009094 0.0258098 -0.0716595 -0.0021208
-0.2310340 -0.2783356 -0.0350000 0.4379507 0.1304616 -0.3051081 -0.2206888 -0.3558720 -0.0418210 0.4434612 0.1462509 -0.3183154 -0.6357259 -0.7658834 -0.0963079 0.7970490 0.2374338 -0.5552820 -0.5244138 -0.8456443 -0.0993775 0.7847066 0.2587917 -0.5632605 0.0008071 0.0010102 0.0003106 0.0016443 -0.0366519 0.0114678 0.0015283 -0.0000851 0.0000941 0.0024893 -0.0397002 -0.0009627 -0.0000827 0.0000050 0.0005076 0.0217061 -0.0627112 0.0083705 0.0027184 -0.0016856 0.0000496 0.0134639 -0.0680852 -0.0081893
-0.2302269 -0.2773254 -0.0346894 0.4395949 0.0938097 -0.2936404 -0.2191604 -0.3559571 -0.0417269 0.4459505 0.1065507 -0.3192781 -0.6358086 -0.7658784 -0.0958003 0.8187550 0.1747226 -0.5469115 -0.5216954 -0.8473299 -0.0993279 0.7981705 0.1907065 -0.5714499 0.0007580 -0.0003931 0.0002932 -0.0196906 -0.0136149 0.0480280 0.0004257 0.0002894 0.0003355 0.0068941 -0.0323910 0.0010938 0.0017293 -0.0015262 0.0007551 0.0329300 -0.0120647 0.0487399 0.0003923 -0.0003210 0.0006811 0.0127995 -0.0578986 0.0016342
-0.2294689 -0.2777184 -0.0343962 0.4199043 0.0801949 -0.2456124 -0.2187347 -0.3556676 -0.0413914 0.4528445 0.0741598 -0.3181843 -0.6340793 -0.7674046 -0.0950452 0.8516851 0.1626579 -0.4981716 -0.5213031 -0.8476508 -0.0986467 0.8109699 0.1328079 -0.5698156 0.0018601 0.0048623 -0.0002967 0.0278475 -0.0148394 -0.0416753 0.0018364 0.0047617 -0.0008150 0.0034105 -0.0072061 0.0052826 -0.0034533 0.0031342 -0.0021296 -0.0163144 -0.0407241 -0.0378210 -0.0017442 0.0014461 -0.0031333 0.0077506 -0.0126639 0.0083335
-0.2276088 -0.2728562 -0.0346929 0.4477519 0.0653555 -0.2872877 -0.2168983 -0.3509059 -0.0422064 0.4562551 0.0669536 -0.3129017 -0.6375326 -0.7642704 -0.0971748 0.8353706 0.1219338 -0.5359926 -0.5230472 -0.8462047 -0.1017800 0.8187205 0.1201440 -0.5614821 0.0000549 -0.0005085 -0.0004316 0.0023885 -0.0053424 0.0032475 0.0000582 -0.0000518 -0.0005212 0.0039017 -0.0037655 0.0030065 0.0008599 -0.0005760 -0.0011000 0.0050130 -0.0098931 0.0057076 0.0002246 0.0000113 -0.0012403 0.0053934 -0.0069778 0.0064779
-0.2275540 -0.2733647 -0.0351245 0.4501404 0.0600131 -0.2840401 -0.2168401 -0.3509577 -0.0427275 0.4601568 0.0631881 -0.3098952 -0.6366726 -0.7648464 -0.0982749 0.8403837 0.1120407 -0.5302850 -0.5228226 -0.8461934 -0.1030203 0.8241139 0.1131662 -0.5550042 -0.0007338 -0.0000030 0.0006849 0.0023988 -0.0029109 0.0030552 -0.0004699 -0.0002691 0.0000519 -0.0001004 0.0003753 0.0003185 -0.0013331 0.0008538 0.0020248 0.0043340 -0.0054528 0.0057937 -0.0005423 0.0003060 0.0002412 0.0001403 0.0007163 0.0003549
-0.2282878 -0.2733678 -0.0344397 0.4525392 0.0571022 -0.2809849 -0.2173100 -0.3512269 -0.0426757 0.4600563 0.0635634 -0.3095767 -0.6380057 -0.7639926 -0.0962501 0.8447176 0.1065879 -0.5244913 -0.5233649 -0.8458875 -0.1027792 0.8242542 0.1138825 -0.5546492 -0.0005975 -0.0003849 0.0003487 0.0027740 0.0115548 -0.0016002 -0.0010453 -0.0005168 0.0002725 -0.0018978 0.0100203 0.0011961 -0.0005240 0.0002945 0.0011450 -0.0019470 0.0204941 0.0014352 -0.0013083 0.0007030 0.0008910 -0.0019372 0.0181878 0.0011583
-0.2288853 -0.2737527 -0.0340910 0.4553132 0.0686570 -0.2825851 -0.2183553 -0.3517437 -0.0424032 0.4581585 0.0735837 -0.3083805 -0.6385297 -0.7636981 -0.0951050 0.8427707 0.1270820 -0.5230562 -0.5246733 -0.8451845 -0.1018881 0.8223170 0.1320703 -0.5534909 -0.0009759 -0.0000763 0.0006152 -0.0016441 0.0396720 -0.0065256 -0.0007345 -0.0002019 0.0003715 -0.0069420 0.0421485 -0.0008680 -0.0016078 0.0011152 0.0018785 -0.0160515 0.0703254 -0.0037888 -0.0011095 0.0005675 0.0010184 -0.0153177 0.0749164 0.0004008
-0.2298612 -0.2738290 -0.0334759 0.4536692 0.1083290 -0.2891107 -0.2190898 -0.3519456 -0.0420316 0.4512165 0.1157322 -0.3092485 -0.6401375 -0.7625830 -0.0932265 0.8267192 0.1974074 -0.5268450 -0.5257828 -0.8446169 -0.1008697 0.8069993 0.2069866 -0.5530900 -0.0011905 0.0003449 0.0007491 -0.0037461 0.0361271 -0.0104121 -0.0019914 -0.0004462 0.0007711 0.0174636 0.0313826 -0.0546708 -0.0025423 0.0018754 0.0021957 -0.0225312 0.0607919 -0.0085191 -0.0030661 0.0016595 0.0021701 -0.0403599 0.0336550 -0.0421877
-0.2310517 -0.2734841 -0.0327267 0.4499230 0.1444561 -0.2995228 -0.2210812 -0.3523919 -0.0412606 0.4686802 0.1471148 -0.3639193 -0.6426798 -0.7607076 -0.0910308 0.8041880 0.2581993 -0.5353641 -0.5288488 -0.8429575 -0.0986995 0.7666394 0.2406416 -0.5952778 0.0006190 0.0055675 0.0005232 0.0040112 0.0340154 0.0021335 -0.0005878 0.0046966 0.0006750 -0.0275231 0.0517263 0.0476268 -0.0067082 0.0056851 0.0002773 -0.0095818 0.0542128 0.0147879 -0.0061461 0.0037998 0.0007467 -0.0035224 0.1033153 0.0481525
-0.2304327 -0.2679166 -0.0322035 0.4539343 0.1784715 -0.2973893 -0.2216689 -0.3476952 -0.0405856 0.4411570 0.1988411 -0.3162925 -0.6493881 -0.7550225 -0.0907535 0.7946063 0.3124121 -0.5205762 -0.5349950 -0.8391577 -0.0979528 0.7631170 0.3439569 -0.5471253 -0.0005590 -0.0006608 0.0001749 -0.0234925 0.0267119 0.0592155 -0.0015711 -0.0009950 0.0000760 0.0081881 0.0228184 -0.0091678 -0.0000268 -0.0000617 0.0007076 0.0129511 0.0725351 0.0737353 -0.0016305 0.0009746 0.0005756 -0.0110350 0.0270410 0.0023930
-0.2309917 -0.2685774 -0.0320286 0.4304417 0.2051834 -0.2381738 -0.2232401 -0.3486902 -0.0405096 0.4493451 0.2216595 -0.3254603 -0.6494149 -0.7550841 -0.0900459 0.8075573 0.3849472 -0.4468409 -0.5366254 -0.8381831 -0.0973772 0.7520820 0.3709979 -0.5447323 -0.0009776 0.0005668 0.0002975 0.0153479 0.0304060 -0.0544516 -0.0017708 0.0011007 0.0004968 0.0104463 0.0510514 -0.0488578 -0.0024150 0.0019788 0.0008819 -0.0428774 0.0191682 -0.0551105 -0.0042764 0.0026154 0.0011907 -0.0475342 0.0468825 -0.0288428
-0.2319693 -0.2680106 -0.0317311 0.4457896 0.2355894 -0.2926253 -0.2250109 -0.3475895 -0.0400128 0.4597915 0.2727109 -0.3743181 -0.6518299 -0.7531053 -0.0891640 0.7646800 0.4041155 -0.5019514 -0.5409019 -0.8355677 -0.0961865 0.7045478 0.4178804 -0.5735752 -0.0007458 -0.0020861 -0.0001040 -0.0283511 0.0368202 0.0539446 -0.0015828 -0.0016392 -0.0000574 -0.0363148 0.0208267 0.0722100 0.0016811 -0.0014782 0.0002245 -0.0093506 0.0887930 0.0700732 -0.0008985 0.0005391 0.0003760 0.0044383 0.0735613 0.0677848
-0.2327152 -0.2700967 -0.0318351 0.4174385 0.2724096 -0.2386808 -0.2265937 -0.3492287 -0.0400702 0.4234766 0.2935376 -0.3021081 -0.6501488 -0.7545835 -0.0889394 0.7553294 0.4929085 -0.4318782 -0.5418004 -0.8350286 -0.0958106 0.7089860 0.4914417 -0.5057904 -0.0010398 -0.0004858 -0.0005440 0.0166607 0.0353845 -0.0612792 -0.0009561 -0.0006344 -0.0002636 0.0284105 0.0376583 -0.0566725 -0.0009194 0.0009411 -0.0012449 -0.0446983 0.0109580 -0.0591636 -0.0008933 0.0006244 -0.0003835 -0.0297568 0.0063771 -0.0334907
-0.2337550 -0.2705825 -0.0323791 0.4340993 0.3077941 -0.2999600 -0.2275498 -0.3498631 -0.0403339 0.4518872 0.3311959 -0.3587806 -0.6510682 -0.7536424 -0.0901843 0.7106311 0.5038664 -0.4910418 -0.5426936 -0.8344042 -0.0961940 0.6792292 0.4978188 -0.5392812 -0.0022046 -0.0025718 0.0000324 -0.0086506 -0.0012000 0.0331147 -0.0023283 -0.0016440 0.0002818 -0.0286450 0.0135477 0.0367481 -0.0000276 -0.0000867 0.0009283 0.0124309 0.0171988 0.0375307 -0.0021615 0.0012649 0.0012631 -0.0114313 0.0461229 0.0311734
-0.2359596 -0.2731543 -0.0323467 0.4254487 0.3065941 -0.2668453 -0.2298781 -0.3515071 -0.0400520 0.4232422 0.3447436 -0.3220325 -0.6510958 -0.7537291 -0.0892560 0.7230620 0.5210653 -0.4535111 -0.5448552 -0.8331392 -0.0949310 0.6677979 0.5439416 -0.5081078 0.0001515 0.0011467 -0.0014858 0.0041413 0.0197402 -0.0166512 0.0007241 0.0009892 -0.0015701 -0.0146971 0.0069522 0.0404012 -0.0010691 0.0014488 -0.0043133 -0.0181640 0.0144043 -0.0116676 0.0003402 0.0002396 -0.0039713 0.0039231 0.0343089 0.0450556
-0.2358082 -0.2720076 -0.0338325 0.4295900 0.3263343 -0.2834965 -0.2291540 -0.3505179 -0.0416221 0.4085451 0.3516958 -0.2816313 -0.6521650 -0.7522803 -0.0935693 0.7048979 0.5354696 -0.4651787 -0.5445150 -0.8328996 -0.0989023 0.6717209 0.5782506 -0.4630521 -0.0003048 -0.0014553 -0.0013627 -0.0029335 0.0177397 0.0069474 0.0017310 -0.0009228 -0.0021736 0.0359551 0.0240468 -0.0497138 0.0017185 -0.0010582 -0.0033870 -0.0099310 0.0249813 0.0147169 0.0041790 -0.0020912 -0.0051522 -0.0080308 -0.0172236 -0.0316844
-0.2361130 -0.2734630 -0.0351953 0.4266565 0.3440739 -0.2765491 -0.2274230 -0.3514408 -0.0437957 0.4445002 0.3757425 -0.3313451 -0.6504465 -0.7533385 -0.0969562 0.6949669 0.5604509 -0.4504618 -0.5403360 -0.8349908 -0.1040544 0.6636901 0.5610270 -0.4947365 0.0010938 -0.0015503 -0.0018491 0.0028895 -0.0000154 -0.0018666 0.0041880 -0.0007542 -0.0024638 0.0038179 -0.0004551 -0.0018086 0.0041612 -0.0029273 -0.0049130 0.0014811 -0.0026087 -0.0009497 0.0082433 -0.0044850 -0.0062076 0.0025380 -0.0033270 -0.0003502
-0.2350193 -0.2750133 -0.0370444 0.4295460 0.3440585 -0.2784157 -0.2232350 -0.3521950 -0.0462595 0.4483181 0.3752874 -0.3331537 -0.6462853 -0.7562658 -0.1018693 0.6964479 0.5578422 -0.4514115 -0.5320927 -0.8394758 -0.1102620 0.6662281 0.5577000 -0.4950867 0.0009568 -0.0014393 -0.0014775 -0.0025574 -0.0211058 0.0153643 0.0033861 -0.0010590 -0.0029124 -0.0236032 -0.0093143 0.0186255 0.0037393 -0.0026490 -0.0038806 0.0193739 -0.0164305 0.0104211 0.0073620 -0.0036634 -0.0071004 -0.0055458 0.0116041 0.0058099
-0.2340625 -0.2764526 -0.0385219 0.4269886 0.3229527 -0.2630513 -0.2198489 -0.3532540 -0.0491719 0.4247149 0.3659731 -0.3145282 -0.6425459 -0.7589148 -0.1057499 0.7158218 0.5414117 -0.4409904 -0.5247307 -0.8431392 -0.1173624 0.6606822 0.5693041 -0.4892769 0.0008646 -0.0007088 -0.0010592 0.0023392 -0.0008592 -0.0100430 0.0001735 -0.0002904 -0.0007095 0.0071190 -0.0085938 -0.0156142 0.0025450 -0.0017419 -0.0028787 -0.0028918 -0.0065519 -0.0125025 0.0007114 -0.0002146 -0.0016258 0.0031323 -0.0199410 -0.0182176
-0.2331979 -0.2771614 -0.0395811 0.4293278 0.3220935 -0.2730943 -0.2196754 -0.3535444 -0.0498813 0.4318339 0.3573793 -0.3301424 -0.6400009 -0.7606567 -0.1086286 0.7129300 0.5348597 -0.4534930 -0.5240193 -0.8433538 -0.1189882 0.6638145 0.5493630 -0.5074944 0.0011495 0.0000753 -0.0010845 0.0060472 -0.0621659 -0.0180500 0.0009801 -0.0002516 -0.0010790 0.0220871 -0.0612661 -0.0422078 0.0019774 -0.0011991 -0.0031826 0.0316775 -0.0903141 -0.0444416 0.0021258 -0.0009434 -0.0026233 0.0265072 -0.0990349 -0.0587746
-0.2320484 -0.2770861 -0.0406656 0.4353750 0.2599276 -0.2911443 -0.2186953 -0.3537960 -0.0509603 0.4539210 0.2961132 -0.3723502 -0.6380235 -0.7618558 -0.1118111 0.7446075 0.4445457 -0.4979345 -0.5218935 -0.8442972 -0.1216115 0.6903217 0.4503281 -0.5662690 0.0022377 -0.0004003 -0.0013486 0.0038239 -0.0108620 -0.0033168 0.0018272 -0.0006431 -0.0006935 0.0047836 -0.0209337 -0.0068773 0.0044741 -0.0031275 -0.0040150 0.0068059 -0.0184261 -0.0058511 0.0039632 -0.0021839 -0.0017495 0.0092393 -0.0306575 -0.0120830
-0.2298106 -0.2774864 -0.0420142 0.4391989 0.2490656 -0.2944612 -0.2168681 -0.3544391 -0.0516538 0.4587046 0.2751795 -0.3792275 -0.6335494 -0.7649833 -0.1158261 0.7514134 0.4261196 -0.5037856 -0.5179304 -0.8464811 -0.1233610 0.6995609 0.4196706 -0.5783521 0.0007585 -0.0002593 -0.0007315 0.0079990 -0.0589056 -0.0081422 0.0011279 -0.0005032 -0.0007054 -0.0183183 -0.0667364 0.0622612 0.0017500 -0.0011287 -0.0020803 0.0297667 -0.0939418 -0.0248121 0.0026090 -0.0013410 -0.0017053 0.0580876 -0.0610613 0.0330374
-0.2290521 -0.2777457 -0.0427457 0.4471979 0.1901600 -0.3026034 -0.2157403 -0.3549423 -0.0523592 0.4403863 0.2084431 -0.3169664 -0.6317994 -0.7661120 -0.1179064 0.7811801 0.3321778 -0.5285977 -0.5153214 -0.8478221 -0.1250662 0.7576486 0.3586093 -0.5453146 0.0007545 -0.0000133 -0.0005949 -0.0016044 -0.0331573 0.0021465 0.0006894 -0.0000534 -0.0002856 0.0064829 -0.0498119 -0.0029246 0.0013938 -0.0008730 -0.0017714 0.0146777 -0.0517612 -0.0080371 0.0013107 -0.0006823 -0.0007644 0.0235887 -0.0812829 -0.0139335
-0.2282976 -0.2777590 -0.0433406 0.4455935 0.1570027 -0.3004569 -0.2150508 -0.3549957 -0.0526448 0.4468692 0.1586312 -0.3198910 -0.6304056 -0.7669850 -0.1196778 0.7958578 0.2804167 -0.5366348 -0.5140107 -0.8485044 -0.1258306 0.7812372 0.2773264 -0.5592481 0.0004633 0.0005118 -0.0000723 0.0020235 -0.0355493 0.0044704 0.0004077 0.0004592 -0.0001358 0.0057620 -0.0299726 0.0012922 0.0001028 -0.0000182 -0.0004239 0.0176957 -0.0596725 -0.0013269 0.0002597 -0.0000829 -0.0005003 0.0152670 -0.0509232 -0.0013966
-0.2278343 -0.2772472 -0.0434129 0.4476170 0.1214534 -0.2959865 -0.2146432 -0.3545365 -0.0527806 0.4526312 0.1286586 -0.3185988 -0.6303028 -0.7670033 -0.1201017 0.8135534 0.2207442 -0.5379617 -0.5137510 -0.8485873 -0.1263309 0.7965043 0.2264032 -0.5606447 0.0000982 0.0001133 -0.0002076 -0.0239348 -0.0189693 0.0574771 0.0000459 0.0000061 -0.0002757 0.0098476 -0.0422712 -0.0004313 0.0000559 0.0000507 -0.0006158 0.0391204 -0.0144916 0.0579541 0.0001174 0.0000272 -0.0006581 0.0170816 -0.0744317 -0.0005884
-0.2277361 -0.2771339 -0.0436206 0.4236822 0.1024841 -0.2385093 -0.2145973 -0.3545304 -0.0530563 0.4624788 0.0863874 -0.3190301 -0.6302469 -0.7669525 -0.1207175 0.8526738 0.2062526 -0.4800076 -0.5136336 -0.8485602 -0.1269890 0.8135859 0.1519715 -0.5612331 0.0000776 0.0001750 -0.0003011 -0.0026444 -0.0123955 0.0057902 -0.0000764 0.0001787 -0.0004100 -0.0051267 -0.0089574 0.0040375 -0.0000410 0.0001731 -0.0008826 0.0075782 -0.0221860 0.0045226 -0.0002568 0.0003057 -0.0009998 0.0020918 -0.0138768 -0.0005495
-0.2276585 -0.2769589 -0.0439216 0.4210378 0.0900887 -0.2327192 -0.2146737 -0.3543516 -0.0534663 0.4573521 0.0774300 -0.3149926 -0.6302879 -0.7667794 -0.1216000 0.8602520 0.1840666 -0.4754850 -0.5138904 -0.8482544 -0.1279888 0.8156777 0.1380947 -0.5617826 0.0007529 0.0053516 0.0004968 -0.0005335 -0.0024062 0.0050099 0.0008692 0.0053965 0.0004756 -0.0089091 0.0016424 0.0183385 -0.0060679 0.0050578 -0.0001848 0.0046763 -0.0037138 0.0071134 -0.0042198 0.0026350 -0.0004231 0.0094733 0.0074013 0.0159285
-0.2269055 -0.2716073 -0.0434248 0.4205042 0.0876825 -0.2277093 -0.2138044 -0.3489551 -0.0529907 0.4484430 0.0790724 -0.2966541 -0.6363558 -0.7617216 -0.1217848 0.8649283 0.1803528 -0.4683715 -0.5181102 -0.8456194 -0.1284119 0.8251510 0.1454961 -0.5458541 -0.0001996 -0.0002897 -0.0000571 -0.0006125 -0.0003576 0.0006369 0.0000794 -0.0002542 0.0001339 0.0059839 -0.0033596 -0.0136072 0.0000729 -0.0000547 -0.0000390 0.0003285 -0.0004051 0.0004511 0.0003890 -0.0002947 0.0003731 -0.0069922 -0.0091812 -0.0127463
-0.2271052 -0.2718969 -0.0434820 0.4198918 0.0873250 -0.2270724 -0.2137250 -0.3492092 -0.0528568 0.4544269 0.0757129 -0.3102614 -0.6362828 -0.7617763 -0.1218238 0.8652568 0.1799476 -0.4679204 -0.5177212 -0.8459142 -0.1280388 0.8181588 0.1363149 -0.5586005 -0.0007757 0.0003344 0.0001327 0.0050299 0.0100877 -0.0063251 -0.0010361 0.0002445 0.0004292 0.0012995 0.0112567 0.0026179 -0.0017735 0.0014132 0.0004477 -0.0059468 0.0170480 -0.0040744 -0.0021620 0.0011573 0.0011247 0.0004889 0.0199136 0.0059626
-0.2278808 -0.2715625 -0.0433493 0.4249216 0.0974127 -0.2333975 -0.2147611 -0.3489647 -0.0524276 0.4557264 0.0869696 -0.3076435 -0.6380563 -0.7603631 -0.1213761 0.8593100 0.1969956 -0.4719947 -0.5198833 -0.8447569 -0.1269142 0.8186477 0.1562285 -0.5526379 -0.0019159 0.0007206 0.0006791 -0.0017733 0.0163136 0.0004579 -0.0041205 0.0005978 0.0011263 -0.0196153 0.0387823 0.0068330 -0.0042886 0.0032855 0.0021013 -0.0065921 0.0321827 0.0025807 -0.0080398 0.0045265 0.0031799 -0.0177268 0.0747156 0.0001973
-0.2297967 -0.2708420 -0.0426702 0.4231483 0.1137262 -0.2329396 -0.2188816 -0.3483670 -0.0513013 0.4361111 0.1257518 -0.3008106 -0.6423449 -0.7570776 -0.1192748 0.8527179 0.2291783 -0.4694141 -0.5279231 -0.8402304 -0.1237343 0.8009209 0.2309441 -0.5524405 -0.0024140 0.0009102 0.0015293 0.0010393 0.0332915 -0.0058409 -0.0043563 0.0011745 0.0018562 0.0046080 0.0228642 -0.0052729 -0.0054963 0.0039988 0.0044967 -0.0185130 0.0599459 -0.0001704 -0.0090688 0.0050697 0.0047955 -0.0093751 0.0359751 0.0027047
-0.2322107 -0.2699318 -0.0411408 0.4241876 0.1470177 -0.2387805 -0.2232379 -0.3471925 -0.0494451 0.4407192 0.1486160 -0.3060835 -0.6478413 -0.7530788 -0.1147781 0.8342048 0.2891242 -0.4695844 -0.5369918 -0.8351607 -0.1189387 0.7915458 0.2669191 -0.5497358 0.0000000 0.0000000 0.0000000 0.0000000 0.0000000 0.0000000 0.0000000 0.0000000 0.0000000 0.0000000 0.0000000 0.0000000 0.0000000 0.0000000 0.0000000 0.0000000 0.0000000 0.0000000 0.0000000 0.0000000 0.0000000 0.0000000 0.0000000 0.0000000
