-0.2093087 -0.2005260 -0.0228989 0.4328830 0.0644590 -0.0444923 -0.1810897 -0.2966432 -0.0479011 0.4744402 0.0478165 -0.1375298 -0.7198515 -0.6896460 -0.0787537 0.9840227 0.1465272 -0.1011392 -0.5161678 -0.8455348 -0.1365344 0.9559920 0.0963497 -0.2771211 -0.0005397 0.0001293 -0.0003965 -0.0001366 -0.0030821 0.0006300 -0.0003767 0.0002099 -0.0005213 -0.0005926 -0.0032489 0.0004578 -0.0010351 0.0012288 -0.0012726 0.0011203 -0.0068032 0.0012871 -0.0009428 0.0008120 -0.0014511 0.0007264 -0.0063659 0.0003669
-0.2098485 -0.2003967 -0.0232955 0.4327464 0.0613769 -0.0438623 -0.1814664 -0.2964333 -0.0484224 0.4738475 0.0445676 -0.1370720 -0.7208867 -0.6884172 -0.0800263 0.9851430 0.1397239 -0.0998520 -0.5171106 -0.8447228 -0.1379855 0.9567183 0.0899839 -0.2767542 -0.0006738 0.0006436 -0.0000130 -0.0007716 -0.0011448 0.0028791 -0.0004469 0.0007834 -0.0002885 -0.0006622 -0.0003180 0.0027819 -0.0022024 0.0023175 -0.0000322 0.0009318 -0.0022313 0.0062993 -0.0018500 0.0012956 -0.0009764 0.0014211 -0.0003841 0.0048340
-0.2105223 -0.1997531 -0.0233085 0.4319749 0.0602321 -0.0409831 -0.1819133 -0.2956499 -0.0487109 0.4731853 0.0442496 -0.1342901 -0.7230891 -0.6860997 -0.0800585 0.9860749 0.1374926 -0.0935528 -0.5189606 -0.8434272 -0.1389619 0.9581395 0.0895998 -0.2719202 0.0007772 -0.0003023 -0.0001892 0.0008532 -0.0037879 0.0011215 0.0008374 -0.0002510 -0.0003133 0.0008141 -0.0020874 0.0008292 0.0018312 -0.0018378 -0.0007436 0.0014198 -0.0087155 0.0026087 0.0021263 -0.0011453 -0.0009649 0.0009238 -0.0042912 0.0018831
-0.2097452 -0.2000554 -0.0234976 0.4328280 0.0564442 -0.0398616 -0.1810759 -0.2959009 -0.0490242 0.4739994 0.0421622 -0.1334609 -0.7212579 -0.6879375 -0.0808021 0.9874946 0.1287771 -0.0909440 -0.5168343 -0.8445726 -0.1399268 0.9590633 0.0853086 -0.2700371 0.0008065 0.0004333 -0.0000630 -0.0003768 0.0011055 -0.0001135 0.0003568 0.0004357 -0.0005669 -0.0016079 0.0043484 -0.0010804 0.0006061 -0.0005806 -0.0004609 -0.0003690 0.0025875 -0.0003042 0.0003220 0.0001047 -0.0018092 -0.0015927 0.0089618 -0.0026590
-0.2089387 -0.1996221 -0.0235606 0.4324512 0.0575497 -0.0399751 -0.1807191 -0.2954653 -0.0495911 0.4723915 0.0465106 -0.1345413 -0.7206518 -0.6885181 -0.0812630 0.9871257 0.1313646 -0.0912483 -0.5165123 -0.8444678 -0.1417361 0.9574706 0.0942704 -0.2726962 -0.0001314 0.0001485 -0.0000941 -0.0007575 0.0009722 0.0000777 -0.0000228 0.0001615 -0.0000246 -0.0013961 0.0084597 -0.0007637 -0.0004528 0.0005127 -0.0003246 -0.0003194 0.0024103 0.0000472 -0.0002439 0.0001693 -0.0001195 -0.0023342 0.0172044 -0.0016902
-0.2090701 -0.1994736 -0.0236547 0.4316938 0.0585219 -0.0398973 -0.1807419 -0.2953038 -0.0496157 0.4709954 0.0549703 -0.1353050 -0.7211046 -0.6880055 -0.0815876 0.9868063 0.1337749 -0.0912011 -0.5167563 -0.8442985 -0.1418556 0.9551364 0.1114748 -0.2743864 -0.0007233 0.0017451 0.0005459 -0.0006017 0.0021071 0.0001514 -0.0006210 0.0017897 0.0004931 -0.0012718 0.0098751 -0.0000950 -0.0042907 0.0043263 0.0016850 -0.0006534 0.0049182 0.0002796 -0.0036456 0.0020905 0.0009034 -0.0026036 0.0200224 -0.0001855
-0.2097934 -0.1977285 -0.0231088 0.4310920 0.0606290 -0.0397459 -0.1813629 -0.2935141 -0.0491226 0.4697236 0.0648454 -0.1354000 -0.7253953 -0.6836791 -0.0799027 0.9861529 0.1386930 -0.0909215 -0.5204019 -0.8422080 -0.1409521 0.9525328 0.1314973 -0.2745719 0.0002203 -0.0011091 -0.0000539 0.0001855 0.0018898 -0.0000509 0.0000820 -0.0011361 -0.0001037 0.0002198 0.0109055 0.0007893 0.0022728 -0.0024012 -0.0000195 -0.0005982 0.0041748 -0.0000221 0.0016189 -0.0010112 0.0000782 -0.0025317 0.0216349 0.0024534
-0.2095731 -0.1988376 -0.0231628 0.4312776 0.0625188 -0.0397968 -0.1812809 -0.2946502 -0.0492263 0.4699435 0.0757509 -0.1346107 -0.7231225 -0.6860803 -0.0799221 0.9855547 0.1428678 -0.0909436 -0.5187830 -0.8432193 -0.1408739 0.9500011 0.1531321 -0.2721185 -0.0003706 0.0006171 -0.0000235 0.0006045 0.0053295 -0.0015351 -0.0007536 0.0004544 0.0001628 0.0016256 0.0059204 -0.0010278 -0.0016605 0.0017688 -0.0001233 -0.0020565 0.0116389 -0.0031790 -0.0021774 0.0012666 0.0004604 -0.0020070 0.0110515 -0.0005552
-0.2099437 -0.1982205 -0.0231863 0.4318821 0.0678483 -0.0413319 -0.1820345 -0.2941959 -0.0490634 0.4715690 0.0816713 -0.1356385 -0.7247830 -0.6843115 -0.0800454 0.9834981 0.1545067 -0.0941226 -0.5209604 -0.8419527 -0.1404136 0.9479941 0.1641836 -0.2726738 0.0005985 0.0006505 0.0001198 0.0020269 0.0021896 0.0000565 0.0005543 0.0006274 0.0001572 0.0021005 0.0043518 0.0004300 -0.0001574 0.0001471 0.0001686 -0.0006004 0.0041443 0.0006249 0.0003363 -0.0002268 0.0001129 -0.0007386 0.0078474 0.0022806
-0.2093451 -0.1975700 -0.0230665 0.4339090 0.0700379 -0.0412754 -0.1814802 -0.2935685 -0.0489063 0.4736695 0.0860231 -0.1352085 -0.7249405 -0.6841645 -0.0798768 0.9828978 0.1586510 -0.0934977 -0.5206242 -0.8421794 -0.1403007 0.9472554 0.1720310 -0.2703931 0.0007411 -0.0015899 0.0003098 0.0019796 -0.0009846 0.0013538 0.0003327 -0.0018172 0.0007226 0.0018895 -0.0010470 0.0013053 0.0038915 -0.0042403 0.0012174 0.0007688 -0.0028189 0.0034070 0.0028248 -0.0021631 0.0025705 0.0013853 -0.0025215 0.0032842
-0.2086041 -0.1991599 -0.0227567 0.4358886 0.0690533 -0.0399216 -0.1811475 -0.2953857 -0.0481837 0.4755591 0.0849761 -0.1339032 -0.7210489 -0.6884048 -0.0786594 0.9836666 0.1558321 -0.0900907 -0.5177993 -0.8443425 -0.1377302 0.9486408 0.1695095 -0.2671089 0.0002156 -0.0002048 0.0005072 0.0007900 -0.0021261 0.0032922 0.0001889 -0.0002392 0.0006102 0.0025064 -0.0027675 0.0039286 0.0006112 -0.0008359 0.0017387 0.0014111 -0.0048549 0.0074607 0.0005707 -0.0006336 0.0017522 0.0033140 -0.0058105 0.0082951
-0.2083885 -0.1993647 -0.0222495 0.4366786 0.0669272 -0.0366293 -0.1809586 -0.2956249 -0.0475735 0.4780655 0.0822086 -0.1299746 -0.7204377 -0.6892407 -0.0769207 0.9850778 0.1509772 -0.0826300 -0.5172286 -0.8449761 -0.1359780 0.9519548 0.1636991 -0.2588139 -0.0020362 0.0018880 0.0002027 -0.0017642 -0.0000774 0.0011649 -0.0022897 0.0018423 0.0001031 -0.0020522 -0.0060129 0.0002589 -0.0066287 0.0069127 0.0007440 0.0001198 0.0004555 0.0022936 -0.0071055 0.0043666 0.0001493 0.0015592 -0.0110696 -0.0010230
-0.2104247 -0.1974767 -0.0220468 0.4349144 0.0668498 -0.0354644 -0.1832483 -0.2937826 -0.0474705 0.4760132 0.0761957 -0.1297157 -0.7270664 -0.6823280 -0.0761767 0.9851975 0.1514327 -0.0803364 -0.5243342 -0.8406095 -0.1358287 0.9535140 0.1526295 -0.2598369 -0.0006042 0.0004044 0.0002206 0.0034752 -0.0054464 0.0033546 -0.0009321 0.0002936 0.0002915 0.0085513 -0.0193682 0.0053740 -0.0017161 0.0017441 0.0008008 0.0025401 -0.0130844 0.0079896 -0.0023600 0.0013294 0.0009129 0.0089148 -0.0397603 0.0128727
-0.2110289 -0.1970723 -0.0218261 0.4383896 0.0614034 -0.0321098 -0.1841804 -0.2934890 -0.0471789 0.4845645 0.0568275 -0.1243417 -0.7287826 -0.6805839 -0.0753760 0.9877377 0.1383483 -0.0723468 -0.5266942 -0.8392800 -0.1349158 0.9624288 0.1128692 -0.2469642 0.0006266 -0.0013846 0.0003622 0.0039739 -0.0071555 0.0033410 0.0003648 -0.0014569 0.0003625 0.0023474 -0.0141368 0.0031522 0.0033220 -0.0036894 0.0013690 0.0027653 -0.0168810 0.0079300 0.0025178 -0.0018002 0.0014123 0.0044724 -0.0280948 0.0063082
-0.2104023 -0.1984569 -0.0214639 0.4423635 0.0542479 -0.0287689 -0.1838157 -0.2949460 -0.0468164 0.4869119 0.0426907 -0.1211895 -0.7254606 -0.6842733 -0.0740070 0.9905030 0.1214673 -0.0644168 -0.5241764 -0.8410802 -0.1335035 0.9669012 0.0847745 -0.2406560 0.0006610 -0.0029420 -0.0008955 0.0022351 -0.0094546 0.0044658 0.0007609 -0.0029374 -0.0008084 0.0052963 -0.0150496 0.0068925 0.0062776 -0.0063046 -0.0026613 0.0029917 -0.0213727 0.0101094 0.0054051 -0.0031118 -0.0014635 0.0057269 -0.0301543 0.0147994
-0.2097413 -0.2013989 -0.0223594 0.4445986 0.0447933 -0.0243031 -0.1830547 -0.2978834 -0.0476248 0.4922082 0.0276411 -0.1142970 -0.7191830 -0.6905779 -0.0766683 0.9934947 0.1000946 -0.0543074 -0.5187713 -0.8441920 -0.1349671 0.9726281 0.0546202 -0.2258566 0.0004353 -0.0011568 -0.0006838 0.0024003 -0.0039124 0.0044231 0.0000879 -0.0012988 -0.0005053 0.0032283 -0.0089468 0.0059787 0.0028219 -0.0026803 -0.0021984 0.0013739 -0.0091075 0.0100613 0.0018897 -0.0009980 -0.0010004 0.0036329 -0.0177830 0.0124147
-0.2093060 -0.2025558 -0.0230432 0.4469989 0.0408809 -0.0198800 -0.1829669 -0.2991822 -0.0481301 0.4954364 0.0186943 -0.1083182 -0.7163611 -0.6932581 -0.0788667 0.9948686 0.0909871 -0.0442462 -0.5168816 -0.8451901 -0.1359675 0.9762610 0.0368373 -0.2134418 0.0003012 -0.0000939 -0.0003058 0.0019589 -0.0031613 0.0053043 0.0004847 -0.0000817 -0.0001595 0.0020522 -0.0027562 0.0052546 0.0007217 -0.0006213 -0.0010810 0.0010995 -0.0073099 0.0119114 0.0011369 -0.0006118 -0.0005120 0.0024652 -0.0054817 0.0106813
-0.2090048 -0.2026497 -0.0233490 0.4489578 0.0377196 -0.0145757 -0.1824822 -0.2992639 -0.0482895 0.4974886 0.0159381 -0.1030636 -0.7156394 -0.6938794 -0.0799477 0.9959682 0.0836772 -0.0323347 -0.5157447 -0.8458018 -0.1364795 0.9787262 0.0313556 -0.2027605 0.0002834 -0.0004733 0.0002749 -0.0000905 -0.0029852 0.0018949 0.0001973 -0.0004916 0.0002542 -0.0001508 -0.0023776 0.0017144 0.0012254 -0.0013724 0.0009696 0.0006559 -0.0065561 0.0041793 0.0009646 -0.0007201 0.0008256 0.0007855 -0.0046480 0.0031523
-0.2087214 -0.2031230 -0.0230740 0.4488673 0.0347344 -0.0126808 -0.1822849 -0.2997555 -0.0480354 0.4973378 0.0135605 -0.1013492 -0.7144140 -0.6952518 -0.0789781 0.9966241 0.0771211 -0.0281554 -0.5147801 -0.8465220 -0.1356539 0.9795117 0.0267075 -0.1996083 0.0000978 -0.0007450 0.0005112 0.0003342 -0.0035572 -0.0009287 0.0001225 -0.0007342 0.0004950 -0.0008586 -0.0031181 -0.0016735 0.0013325 -0.0015747 0.0018575 0.0005206 -0.0079134 -0.0020552 0.0010597 -0.0008957 0.0015843 -0.0005776 -0.0061177 -0.0035270
-0.2086236 -0.2038680 -0.0225629 0.4492015 0.0311772 -0.0136095 -0.1821624 -0.3004897 -0.0475403 0.4964792 0.0104424 -0.1030227 -0.7130815 -0.6968266 -0.0771206 0.9971447 0.0692077 -0.0302106 -0.5137204 -0.8474177 -0.1340696 0.9789342 0.0205898 -0.2031352 0.0015799 -0.0013589 0.0009346 -0.0002665 -0.0047578 -0.0020932 0.0015531 -0.0013775 0.0009776 -0.0011588 -0.0019854 -0.0031543 0.0048121 -0.0052278 0.0031330 0.0005201 -0.0104960 -0.0046854 0.0047326 -0.0032951 0.0028478 -0.0012829 -0.0038976 -0.0064342
-0.2070437 -0.2052269 -0.0216283 0.4489350 0.0264194 -0.0157027 -0.1806093 -0.3018671 -0.0465628 0.4953203 0.0084570 -0.1061769 -0.7082694 -0.7020544 -0.0739875 0.9976649 0.0587116 -0.0348960 -0.5089877 -0.8507128 -0.1312218 0.9776513 0.0166922 -0.2095695 -0.0010557 0.0005544 0.0006703 -0.0023165 -0.0008291 -0.0067261 -0.0010085 0.0005545 0.0007195 -0.0034851 0.0043441 -0.0081852 -0.0028525 0.0026428 0.0023693 -0.0005548 -0.0015793 -0.0151781 -0.0029145 0.0014424 0.0020094 -0.0039481 0.0086506 -0.0168372
-0.2080994 -0.2046725 -0.0209580 0.4466185 0.0255903 -0.0224288 -0.1816178 -0.3013127 -0.0458433 0.4918352 0.0128011 -0.1143621 -0.7111219 -0.6994115 -0.0716183 0.9971101 0.0571323 -0.0500741 -0.5119022 -0.8492704 -0.1292125 0.9737031 0.0253428 -0.2264067 -0.0002430 -0.0004307 0.0002654 -0.0005959 0.0003903 -0.0019521 -0.0001183 -0.0004012 0.0002835 -0.0026061 0.0095519 -0.0037200 0.0002754 -0.0003832 0.0010168 -0.0002854 0.0009322 -0.0044154 0.0001927 -0.0002572 0.0009309 -0.0025748 0.0190283 -0.0079884
-0.2083424 -0.2051032 -0.0206926 0.4460226 0.0259806 -0.0243810 -0.1817361 -0.3017139 -0.0455598 0.4892291 0.0223530 -0.1180821 -0.7108465 -0.6997948 -0.0706015 0.9968247 0.0580646 -0.0544895 -0.5117096 -0.8495276 -0.1282815 0.9711283 0.0443711 -0.2343951 0.0003075 -0.0005424 -0.0001836 0.0008729 0.0022416 -0.0026599 0.0004320 -0.0005241 -0.0001195 -0.0006787 0.0118672 -0.0032387 0.0014716 -0.0014327 -0.0005840 -0.0006275 0.0048470 -0.0057886 0.0015612 -0.0009007 -0.0002496 -0.0028400 0.0234520 -0.0060582
-0.2080349 -0.2056456 -0.0208762 0.4468955 0.0282222 -0.0270408 -0.1813042 -0.3022380 -0.0456793 0.4885504 0.0342202 -0.1213208 -0.7093749 -0.7012275 -0.0711855 0.9961971 0.0629115 -0.0602780 -0.5101484 -0.8504284 -0.1285311 0.9682883 0.0678231 -0.2404533 -0.0005950 -0.0004422 -0.0000551 -0.0027546 0.0058628 -0.0013663 -0.0002841 -0.0003231 -0.0001816 -0.0012966 0.0115269 -0.0001727 -0.0002476 0.0002515 -0.0000092 -0.0011503 0.0134520 -0.0033650 -0.0001632 0.0001509 -0.0003503 -0.0019974 0.0228996 -0.0004850
-0.2086299 -0.2060878 -0.0209313 0.4441409 0.0340850 -0.0284072 -0.1815883 -0.3025611 -0.0458609 0.4872539 0.0457471 -0.1214936 -0.7096224 -0.7009760 -0.0711947 0.9950468 0.0763635 -0.0636430 -0.5103115 -0.8502775 -0.1288814 0.9662909 0.0907227 -0.2409383 -0.0001712 0.0000999 -0.0000518 -0.0004355 0.0060649 -0.0019634 -0.0003128 0.0000755 -0.0001107 -0.0012397 0.0078281 -0.0020947 -0.0004490 0.0004714 -0.0001627 -0.0014219 0.0135473 -0.0043683 -0.0007212 0.0004745 -0.0002714 -0.0026182 0.0155066 -0.0041134
-0.2088011 -0.2059879 -0.0209831 0.4437054 0.0401499 -0.0303706 -0.1819010 -0.3024856 -0.0459717 0.4860142 0.0535752 -0.1235882 -0.7100714 -0.7005046 -0.0713574 0.9936249 0.0899109 -0.0680113 -0.5110327 -0.8498030 -0.1291528 0.9636727 0.1062293 -0.2450517 0.0001032 -0.0004497 -0.0003620 -0.0006481 0.0045672 -0.0006813 0.0001900 -0.0004629 -0.0002159 -0.0011296 0.0052417 -0.0007987 0.0009973 -0.0008900 -0.0011651 -0.0010898 0.0102642 -0.0015510 0.0009986 -0.0005254 -0.0004884 -0.0016542 0.0104643 -0.0017340
-0.2086979 -0.2064376 -0.0213451 0.4430573 0.0447171 -0.0310519 -0.1817111 -0.3029484 -0.0461876 0.4848845 0.0588169 -0.1243870 -0.7090742 -0.7013946 -0.0725225 0.9925352 0.1001751 -0.0695622 -0.5100342 -0.8503284 -0.1296411 0.9620184 0.1166936 -0.2467857 0.0023959 -0.0007575 0.0004571 0.0008284 0.0027464 0.0014557 0.0025685 -0.0006423 0.0001985 0.0014034 0.0027173 0.0017111 0.0052900 -0.0054365 0.0012645 -0.0003814 0.0059133 0.0034103 0.0061052 -0.0036738 0.0002737 0.0003870 0.0050878 0.0039996
-0.2063020 -0.2071951 -0.0208880 0.4438857 0.0474635 -0.0295961 -0.1791426 -0.3035907 -0.0459891 0.4862879 0.0615342 -0.1226759 -0.7037842 -0.7068310 -0.0712580 0.9921538 0.1060883 -0.0661519 -0.5039289 -0.8540022 -0.1293675 0.9624054 0.1217815 -0.2427861 0.0020222 -0.0011685 -0.0003473 -0.0001446 0.0013741 0.0019157 0.0019458 -0.0012016 -0.0003031 0.0017011 -0.0009244 0.0024570 0.0055561 -0.0053553 -0.0013243 -0.0000611 0.0031002 0.0042655 0.0056029 -0.0031575 -0.0008189 0.0015793 -0.0020515 0.0053029
-0.2042799 -0.2083636 -0.0212353 0.4437410 0.0488376 -0.0276804 -0.1771968 -0.3047923 -0.0462922 0.4879890 0.0606098 -0.1202189 -0.6982281 -0.7121863 -0.0725822 0.9920927 0.1091885 -0.0618864 -0.4983261 -0.8571596 -0.1301863 0.9639847 0.1197300 -0.2374831 0.0013168 -0.0005377 -0.0007821 0.0013553 -0.0012767 0.0027807 0.0013311 -0.0005824 -0.0005945 0.0022608 -0.0090060 0.0025578 0.0033713 -0.0030005 -0.0027956 0.0007119 -0.0031021 0.0063467 0.0036275 -0.0018390 -0.0017027 0.0033483 -0.0179083 0.0053209
-0.2029630 -0.2089013 -0.0220174 0.4450964 0.0475609 -0.0248997 -0.1758657 -0.3053747 -0.0468866 0.4902498 0.0516038 -0.1176611 -0.6948568 -0.7151869 -0.0753778 0.9928046 0.1060864 -0.0555397 -0.4946985 -0.8589986 -0.1318890 0.9673330 0.1018217 -0.2321622 0.0003047 -0.0003162 0.0001693 0.0008647 -0.0024720 0.0014158 0.0002853 -0.0002429 -0.0001328 0.0052328 -0.0133839 0.0038432 0.0010481 -0.0010776 0.0005800 0.0007604 -0.0056320 0.0032196 0.0009210 -0.0004772 -0.0003419 0.0045411 -0.0268545 0.0089118
-0.2026583 -0.2092176 -0.0218481 0.4459610 0.0450889 -0.0234839 -0.1755804 -0.3056177 -0.0470195 0.4954826 0.0382199 -0.1138179 -0.6938087 -0.7162645 -0.0747978 0.9935651 0.1004544 -0.0523202 -0.4937775 -0.8594759 -0.1322309 0.9718741 0.0749672 -0.2232504 0.0003131 -0.0045707 -0.0013188 0.0003991 -0.0081487 0.0015225 0.0022674 -0.0039286 -0.0015908 0.0007540 -0.0115170 0.0020381 0.0085252 -0.0077733 -0.0036616 0.0018320 -0.0180766 0.0033455 0.0097672 -0.0049922 -0.0035226 0.0023409 -0.0225439 0.0038034
-0.2023452 -0.2137883 -0.0231669 0.4463602 0.0369402 -0.0219614 -0.1733131 -0.3095463 -0.0486102 0.4962366 0.0267029 -0.1117799 -0.6852835 -0.7240378 -0.0784594 0.9953971 0.0823778 -0.0489746 -0.4840103 -0.8644680 -0.1357535 0.9742150 0.0524233 -0.2194470 0.0009868 -0.0014715 -0.0004691 0.0030386 -0.0057206 0.0010977 0.0009457 -0.0014163 -0.0007213 0.0029922 -0.0084968 0.0014321 0.0043367 -0.0039200 -0.0014721 0.0011304 -0.0131493 0.0027100 0.0038056 -0.0018547 -0.0016812 0.0015982 -0.0168369 0.0037566
-0.2013585 -0.2152598 -0.0236360 0.4493987 0.0312196 -0.0208637 -0.1723673 -0.3109626 -0.0493316 0.4992288 0.0182061 -0.1103478 -0.6809468 -0.7279577 -0.0799315 0.9965275 0.0692285 -0.0462647 -0.4802048 -0.8663227 -0.1374348 0.9758131 0.0355864 -0.2156904 -0.0013648 0.0009140 -0.0007069 0.0003901 -0.0026239 -0.0012056 -0.0021567 0.0006038 -0.0004289 -0.0031659 -0.0050234 -0.0027210 -0.0038611 0.0038886 -0.0023001 0.0002634 -0.0058567 -0.0026439 -0.0052264 0.0030730 -0.0009720 -0.0011466 -0.0096850 -0.0064676
-0.2027233 -0.2143458 -0.0243430 0.4497888 0.0285957 -0.0220694 -0.1745240 -0.3103588 -0.0497605 0.4960629 0.0131827 -0.1130688 -0.6848079 -0.7240691 -0.0822316 0.9967908 0.0633718 -0.0489086 -0.4854312 -0.8632497 -0.1384068 0.9746666 0.0259014 -0.2221580 -0.0007789 0.0004466 0.0008798 0.0002850 -0.0028816 0.0000228 -0.0011384 0.0003580 0.0008179 -0.0003882 -0.0019116 -0.0004749 -0.0023054 0.0018509 0.0030094 0.0003893 -0.0063998 0.0000625 -0.0029853 0.0013152 0.0023255 -0.0001529 -0.0037421 -0.0010728
-0.2035021 -0.2138992 -0.0234632 0.4500738 0.0257141 -0.0220465 -0.1756624 -0.3100007 -0.0489426 0.4956747 0.0112711 -0.1135437 -0.6871133 -0.7222183 -0.0792222 0.9971801 0.0569720 -0.0488462 -0.4884165 -0.8619346 -0.1360813 0.9745137 0.0221594 -0.2232308 -0.0007931 0.0004029 0.0007403 -0.0011355 -0.0004886 -0.0021595 -0.0008510 0.0003790 0.0007669 -0.0029051 0.0029825 -0.0034968 -0.0022181 0.0018408 0.0025506 -0.0001986 -0.0009523 -0.0049095 -0.0023843 0.0010217 0.0021275 -0.0019657 0.0059721 -0.0077646
-0.2042953 -0.2134963 -0.0227229 0.4489383 0.0252255 -0.0242060 -0.1765134 -0.3096218 -0.0481756 0.4927696 0.0142536 -0.1170405 -0.6893314 -0.7203775 -0.0766715 0.9969815 0.0560196 -0.0537557 -0.4908008 -0.8609128 -0.1339538 0.9725481 0.0281314 -0.2309955 0.0022450 -0.0024361 0.0012267 -0.0002078 -0.0002044 -0.0039790 0.0022910 -0.0024318 0.0012616 -0.0027413 0.0098963 -0.0057674 0.0078840 -0.0078899 0.0041721 -0.0004901 -0.0004555 -0.0088346 0.0074682 -0.0047952 0.0038035 -0.0036523 0.0196183 -0.0118233
-0.2020502 -0.2159324 -0.0214962 0.4487305 0.0250211 -0.0281851 -0.1742223 -0.3120535 -0.0469141 0.4900282 0.0241499 -0.1228079 -0.6814474 -0.7282673 -0.0724995 0.9964914 0.0555641 -0.0625903 -0.4833326 -0.8657081 -0.1301503 0.9688958 0.0477498 -0.2428188 -0.0007159 0.0003983 -0.0000125 0.0005381 0.0033684 0.0002645 -0.0002929 0.0005181 0.0000015 0.0001853 0.0113521 0.0003745 -0.0019542 0.0018328 0.0000066 -0.0003960 0.0073796 0.0006862 -0.0012249 0.0007011 -0.0001066 -0.0010835 0.0223406 0.0011026
-0.2027662 -0.2155341 -0.0215087 0.4492686 0.0283895 -0.0279206 -0.1745152 -0.3115355 -0.0469125 0.4902136 0.0355020 -0.1224334 -0.6834015 -0.7264345 -0.0724929 0.9960954 0.0629437 -0.0619042 -0.4845575 -0.8650070 -0.1302570 0.9678123 0.0700904 -0.2417161 0.0126348 -0.0545286 -0.0122616 -0.0019655 0.0182227 -0.0049658 0.0156277 -0.0530115 -0.0143662 -0.0003040 0.0245035 -0.0035416 0.1107173 -0.0870065 -0.0292250 -0.0041298 0.0404262 -0.0110267 0.0896702 -0.0410114 -0.0220406 -0.0060616 0.0477075 -0.0055877
-0.1901313 -0.2700627 -0.0337704 0.4473031 0.0466122 -0.0328864 -0.1588875 -0.3645470 -0.0612787 0.4899095 0.0600055 -0.1259750 -0.5726842 -0.8134410 -0.1017179 0.9919656 0.1033699 -0.0729309 -0.3948873 -0.9060185 -0.1522975 0.9617507 0.1177979 -0.2473038 -0.0042924 0.0047579 0.0003795 -0.0043605 0.0115376 -0.0013952 -0.0006572 -0.0109026 -0.0032556 -0.0043588 0.0124028 -0.0012674 -0.0153937 0.0109675 0.0007197 -0.0033795 0.0264123 -0.0035809 0.0085949 -0.0030270 -0.0039540 -0.0043253 0.0249792 -0.0035969
-0.1944238 -0.2653048 -0.0333909 0.4429426 0.0581498 -0.0342816 -0.1595446 -0.3754496 -0.0645343 0.4855508 0.0724083 -0.1272423 -0.5880779 -0.8024735 -0.1009982 0.9885861 0.1297823 -0.0765118 -0.3862924 -0.9090454 -0.1562516 0.9574255 0.1427771 -0.2509008 0.0008865 0.0005166 -0.0004848 -0.0010529 0.0116345 -0.0067303 -0.0001638 0.0006284 0.0001370 -0.0069823 0.0203090 -0.0075199 0.0011081 -0.0005900 -0.0017419 -0.0049520 0.0255556 -0.0147796 -0.0008926 0.0003572 0.0001317 -0.0111743 0.0405485 -0.0155584
-0.1935372 -0.2647882 -0.0338757 0.4418897 0.0697843 -0.0410119 -0.1597084 -0.3748212 -0.0643973 0.4785685 0.0927173 -0.1347623 -0.5869698 -0.8030635 -0.1027401 0.9836341 0.1553379 -0.0912914 -0.3871850 -0.9086883 -0.1561199 0.9462512 0.1833256 -0.2664591 0.0001756 0.0004099 -0.0007439 0.0013217 0.0033966 -0.0001967 -0.0002943 0.0008678 -0.0001938 -0.0474306 0.0127082 0.0547529 -0.0000992 0.0003792 -0.0023693 -0.0011185 0.0068903 -0.0000603 -0.0013199 0.0006867 -0.0007147 0.0097207 0.0504367 0.0890527
-0.1933616 -0.2643783 -0.0346196 0.4432114 0.0731809 -0.0412086 -0.1600027 -0.3739534 -0.0645911 0.4311379 0.1054255 -0.0800093 -0.5870690 -0.8026843 -0.1051094 0.9825156 0.1622282 -0.0913516 -0.3885049 -0.9080016 -0.1568345 0.9559718 0.2337623 -0.1774065 -0.0005832 0.0010135 -0.0005623 0.0009077 0.0015950 -0.0000933 -0.0005145 0.0008638 -0.0004734 -0.0005658 0.0007650 -0.0003386 -0.0025040 0.0020811 -0.0018403 -0.0005160 0.0031102 0.0000283 -0.0017315 0.0009763 -0.0013449 -0.0006170 0.0018535 -0.0008697
-0.1939448 -0.2633649 -0.0351820 0.4441190 0.0747759 -0.0413019 -0.1605172 -0.3730896 -0.0650644 0.4305721 0.1061905 -0.0803479 -0.5895730 -0.8006032 -0.1069497 0.9819996 0.1653383 -0.0913233 -0.3902364 -0.9070253 -0.1581794 0.9553548 0.2356158 -0.1782762 0.0008704 0.0004967 -0.0007636 0.0011024 0.0005439 -0.0009624 -0.0003343 0.0004833 0.0001604 0.0023177 -0.0000912 -0.0073590 0.0011653 -0.0005060 -0.0025969 -0.0003003 0.0007395 -0.0018681 -0.0011296 0.0004411 0.0002621 -0.0023780 -0.0020456 -0.0148045
-0.1930743 -0.2628681 -0.0359455 0.4452214 0.0753198 -0.0422643 -0.1608515 -0.3726063 -0.0649041 0.4328899 0.1060993 -0.0877069 -0.5884077 -0.8011092 -0.1095466 0.9816993 0.1660778 -0.0931915 -0.3913659 -0.9065841 -0.1579173 0.9529768 0.2335702 -0.1930807 0.0001709 0.0000027 -0.0006277 0.0002989 -0.0002373 -0.0013804 0.0007030 0.0004639 -0.0007994 0.0533342 -0.0228108 -0.0504722 0.0004611 -0.0000731 -0.0019243 -0.0001736 -0.0006636 -0.0029621 0.0011710 -0.0001248 -0.0021664 -0.0038639 -0.0709904 -0.0766460
-0.1929035 -0.2628654 -0.0365733 0.4455204 0.0750825 -0.0436447 -0.1601485 -0.3721424 -0.0657035 0.4862241 0.0832885 -0.1381791 -0.5879466 -0.8011823 -0.1114709 0.9815257 0.1654142 -0.0961536 -0.3901949 -0.9067089 -0.1600837 0.9491129 0.1625798 -0.2697266 -0.0021624 0.0010082 -0.0013588 0.0000428 -0.0046605 0.0016119 -0.0017802 0.0022868 -0.0014348 0.0024875 -0.0170559 0.0024366 -0.0054586 0.0045927 -0.0039212 0.0019531 -0.0099738 0.0033758 -0.0054343 0.0030662 -0.0039506 0.0062992 -0.0330976 0.0043553
-0.1950659 -0.2618572 -0.0379320 0.4455632 0.0704220 -0.0420328 -0.1619287 -0.3698556 -0.0671383 0.4887116 0.0662326 -0.1357425 -0.5934052 -0.7965896 -0.1153921 0.9834788 0.1554404 -0.0927778 -0.3956293 -0.9036428 -0.1640343 0.9554122 0.1294822 -0.2653714 -0.0000713 0.0003470 -0.0005401 0.0058502 -0.0101212 0.0125241 0.0000874 0.0002866 -0.0006221 0.0025295 -0.0231474 0.0125396 -0.0005262 0.0006410 -0.0017040 0.0056426 -0.0233114 0.0281194 0.0000289 0.0002787 -0.0015972 0.0110566 -0.0447162 0.0229816
-0.1951372 -0.2615103 -0.0384721 0.4514134 0.0603008 -0.0295087 -0.1618413 -0.3695690 -0.0677603 0.4912411 0.0430852 -0.1232029 -0.5939314 -0.7959485 -0.1170961 0.9891214 0.1321290 -0.0646584 -0.3956004 -0.9033640 -0.1656315 0.9664688 0.0847659 -0.2423898 -0.0008111 0.0001881 -0.0007731 -0.0053241 -0.0125378 0.0008284 -0.0032594 0.0131942 0.0025443 -0.0222227 -0.0199008 0.0260066 -0.0016997 0.0015983 -0.0021992 0.0031698 -0.0258839 0.0008612 -0.0190812 0.0082618 0.0018291 0.0115810 -0.0364192 0.0397051
-0.1959483 -0.2613221 -0.0392453 0.4460893 0.0477630 -0.0286803 -0.1651007 -0.3563748 -0.0652160 0.4690184 0.0231844 -0.0971963 -0.5956310 -0.7943502 -0.1192953 0.9922912 0.1062451 -0.0637972 -0.4146815 -0.8951022 -0.1638024 0.9780498 0.0483467 -0.2026847 0.0005926 -0.0000492 -0.0003693 -0.0000585 -0.0058339 0.0055169 0.0003608 -0.0002974 0.0002752 0.0194571 -0.0099213 -0.0156205 0.0013151 -0.0008002 -0.0012212 0.0019912 -0.0127776 0.0121617 0.0009809 -0.0005853 0.0007208 -0.0040395 -0.0219004 -0.0222698
-0.1953556 -0.2613713 -0.0396146 0.4460308 0.0419291 -0.0231635 -0.1647399 -0.3566722 -0.0649408 0.4884755 0.0132631 -0.1128168 -0.5943160 -0.7951505 -0.1205165 0.9942825 0.0934675 -0.0516355 -0.4137006 -0.8956876 -0.1630816 0.9740103 0.0264464 -0.2249545 0.0017279 -0.0004505 -0.0004154 0.0019936 -0.0078685 0.0083572 0.0014335 -0.0005321 -0.0004613 0.0039697 -0.0059943 0.0087360 0.0041540 -0.0028614 -0.0014917 0.0022992 -0.0177034 0.0187005 0.0035607 -0.0014219 -0.0011740 0.0042737 -0.0120063 0.0181891
-0.1936278 -0.2618218 -0.0400300 0.4480244 0.0340606 -0.0148063 -0.1633064 -0.3572043 -0.0654021 0.4924451 0.0072688 -0.1040808 -0.5901619 -0.7980118 -0.1220082 0.9965817 0.0757641 -0.0329350 -0.4101399 -0.8971095 -0.1642556 0.9782840 0.0144401 -0.2067653 0.0010215 0.0000514 0.0011527 0.0013690 -0.0026803 0.0019587 0.0033544 -0.0114907 -0.0027699 0.0076703 -0.0083147 0.0073482 0.0017112 -0.0017491 0.0032304 0.0005838 -0.0061339 0.0044273 0.0177516 -0.0073591 -0.0029812 0.0035172 -0.0164933 0.0168648
-0.1926063 -0.2617704 -0.0388773 0.4493934 0.0313803 -0.0128476 -0.1599520 -0.3686950 -0.0681720 0.5001154 -0.0010459 -0.0967326 -0.5884507 -0.7997609 -0.1187778 0.9971655 0.0696302 -0.0285077 -0.3923883 -0.9044685 -0.1672368 0.9818012 -0.0020533 -0.1899006 0.0004700 0.0000530 -0.0005082 0.0008053 -0.0021217 0.0011405 0.0003642 -0.0000247 -0.0003805 -0.0036358 0.0043672 -0.0035529 0.0009728 -0.0004687 -0.0016476 0.0003935 -0.0047984 0.0025669 0.0008390 -0.0001862 -0.0009567 -0.0016191 0.0086104 -0.0080897
-0.1921363 -0.2617174 -0.0393855 0.4501987 0.0292586 -0.0117071 -0.1595879 -0.3687197 -0.0685524 0.4964795 0.0033213 -0.1002855 -0.5874779 -0.8002296 -0.1204254 0.9975590 0.0648318 -0.0259408 -0.3915492 -0.9046547 -0.1681936 0.9801821 0.0065571 -0.1979902 0.0000913 0.0010137 -0.0000144 -0.0003667 -0.0002668 -0.0011721 -0.0002712 0.0026775 0.0008704 -0.0002266 0.0006482 -0.0013619 -0.0012738 0.0009914 -0.0003625 -0.0000365 -0.0005412 -0.0026194 -0.0030470 0.0011158 0.0011271 -0.0005520 0.0012789 -0.0026674
-0.1920451 -0.2607037 -0.0393998 0.4498320 0.0289918 -0.0128792 -0.1598590 -0.3660422 -0.0676821 0.4962529 0.0039695 -0.1016475 -0.5887517 -0.7992382 -0.1207879 0.9975224 0.0642906 -0.0285602 -0.3945962 -0.9035389 -0.1670665 0.9796301 0.0078360 -0.2006576 -0.0003278 0.0009784 0.0001199 -0.0010167 -0.0000617 -0.0017761 -0.0002343 -0.0004456 0.0001026 -0.0091969 0.0109254 -0.0078840 -0.0020961 0.0015264 0.0001447 -0.0001229 0.0000006 -0.0040082 -0.0001126 -0.0000339 0.0004499 -0.0044302 0.0219871 -0.0186499
-0.1923729 -0.2597253 -0.0392799 0.4488153 0.0289301 -0.0146553 -0.1600933 -0.3664878 -0.0675794 0.4870560 0.0148949 -0.1095315 -0.5908478 -0.7977118 -0.1206431 0.9973996 0.0642912 -0.0325684 -0.3947088 -0.9035728 -0.1666166 0.9751999 0.0298231 -0.2193076 0.0007004 0.0004041 0.0002016 -0.0026618 0.0037449 -0.0091244 0.0009114 0.0001176 -0.0000776 -0.0020729 0.0048512 -0.0090420 0.0007733 -0.0006232 0.0003383 -0.0014768 0.0086473 -0.0205138 0.0018089 -0.0007184 -0.0003775 -0.0045699 0.0096962 -0.0180016
-0.1916725 -0.2593212 -0.0390783 0.4461535 0.0326750 -0.0237797 -0.1591819 -0.3663702 -0.0676570 0.4849831 0.0197461 -0.1185734 -0.5900745 -0.7983350 -0.1203048 0.9959228 0.0729385 -0.0530822 -0.3928999 -0.9042912 -0.1669941 0.9706300 0.0395192 -0.2373092 -0.0003250 0.0004811 0.0001156 -0.0000589 0.0030676 -0.0015069 -0.0011061 0.0008316 0.0010576 0.0005352 0.0158246 -0.0021414 -0.0013751 0.0009760 0.0002800 -0.0007047 0.0068017 -0.0033313 -0.0032098 0.0009588 0.0024110 -0.0026193 0.0314005 -0.0033683
-0.1919974 -0.2588401 -0.0389627 0.4460946 0.0357426 -0.0252867 -0.1602881 -0.3655386 -0.0665995 0.4855183 0.0355707 -0.1207149 -0.5914496 -0.7973590 -0.1200249 0.9952181 0.0797402 -0.0564135 -0.3961097 -0.9033324 -0.1645831 0.9680107 0.0709197 -0.2406774 0.0001421 0.0005623 0.0003109 -0.0001322 0.0078057 -0.0056135 0.0003539 -0.0000482 -0.0001082 0.0005068 0.0122168 -0.0052523 -0.0006012 0.0003339 0.0007486 -0.0023102 0.0172174 -0.0123839 0.0007977 -0.0002948 -0.0002995 -0.0043498 0.0238304 -0.0090825
-0.1918554 -0.2582778 -0.0386518 0.4459623 0.0435483 -0.0309002 -0.1599342 -0.3655868 -0.0667077 0.4860251 0.0477875 -0.1259671 -0.5920508 -0.7970251 -0.1192763 0.9929079 0.0969576 -0.0687974 -0.3953120 -0.9036272 -0.1648826 0.9636609 0.0947501 -0.2497599 0.0000628 0.0001991 0.0002827 -0.0020409 0.0164219 -0.0118325 0.0001227 -0.0000016 -0.0002338 -0.0026681 0.0261548 -0.0111599 -0.0002256 0.0000500 0.0007885 -0.0063884 0.0363132 -0.0261667 0.0002950 -0.0000227 -0.0005813 -0.0118780 0.0508504 -0.0202582
-0.1917926 -0.2580787 -0.0383691 0.4439215 0.0599702 -0.0427327 -0.1598115 -0.3655884 -0.0669415 0.4833570 0.0739423 -0.1371270 -0.5922763 -0.7969751 -0.1184878 0.9865195 0.1332708 -0.0949641 -0.3950171 -0.9036499 -0.1654639 0.9517829 0.1456005 -0.2700182 -0.0001389 0.0008628 0.0001715 0.0011714 0.0039385 0.0006969 0.0002987 -0.0003382 -0.0003377 -0.0007077 0.0110428 0.0012515 -0.0015751 0.0011281 0.0003014 -0.0009682 0.0082397 0.0018860 0.0009759 -0.0002912 -0.0007345 -0.0027352 0.0215083 0.0028421
-0.1919314 -0.2572160 -0.0381976 0.4450929 0.0639087 -0.0420358 -0.1595128 -0.3659266 -0.0672792 0.4826492 0.0849851 -0.1358755 -0.5938514 -0.7958470 -0.1181864 0.9855512 0.1415105 -0.0930781 -0.3940412 -0.9039411 -0.1661985 0.9490477 0.1671088 -0.2671761 -0.0023024 0.0017252 -0.0002457 -0.0013604 0.0016401 -0.0015870 -0.0022159 0.0006073 -0.0005365 -0.0038755 0.0054995 -0.0016140 -0.0070564 0.0054265 -0.0007470 -0.0009321 0.0039389 -0.0037185 -0.0050597 0.0024355 -0.0011516 -0.0033699 0.0116172 -0.0043942
-0.1942338 -0.2554907 -0.0384433 0.4437325 0.0655488 -0.0436228 -0.1617286 -0.3653193 -0.0678157 0.4787737 0.0904846 -0.1374895 -0.6009078 -0.7904205 -0.1189334 0.9846192 0.1454494 -0.0967966 -0.3991009 -0.9015056 -0.1673500 0.9456778 0.1787259 -0.2715703 0.0000089 0.0001226 0.0000544 0.0001055 0.0030361 0.0003281 0.0001726 -0.0011640 -0.0000888 0.0000018 0.0033119 0.0003635 -0.0001747 0.0001135 0.0001284 -0.0009092 0.0065603 0.0008396 0.0014032 -0.0006554 0.0001917 -0.0009399 0.0063568 0.0009883
-0.1942250 -0.2553682 -0.0383889 0.4438380 0.0685849 -0.0432946 -0.1615561 -0.3664833 -0.0679044 0.4787755 0.0937965 -0.1371259 -0.6010825 -0.7903070 -0.1188050 0.9837100 0.1520096 -0.0959570 -0.3976978 -0.9021611 -0.1671583 0.9447379 0.1850828 -0.2705820 -0.0001648 -0.0003767 0.0010217 -0.0007660 0.0011651 -0.0002963 -0.0039117 0.0153138 0.0037390 -0.0008559 0.0010537 -0.0003589 0.0000056 -0.0004876 0.0032610 -0.0005078 0.0027696 -0.0007737 -0.0228394 0.0096621 0.0040815 -0.0007300 0.0022695 -0.0009841
-0.1943897 -0.2557449 -0.0373672 0.4430719 0.0697500 -0.0435909 -0.1654678 -0.3511695 -0.0641655 0.4779196 0.0948502 -0.1374848 -0.6010769 -0.7907946 -0.1155440 0.9832022 0.1547793 -0.0967307 -0.4205372 -0.8924990 -0.1630768 0.9440079 0.1873523 -0.2715661 0.0001950 0.0002511 -0.0003767 -0.0024234 0.0021755 -0.0009994 -0.0005343 -0.0003476 0.0010229 -0.0017970 0.0018081 -0.0008621 0.0000975 0.0001114 -0.0012630 -0.0011486 0.0055178 -0.0026456 -0.0009617 -0.0000446 0.0027503 -0.0014688 0.0039938 -0.0023074
-0.1941947 -0.2554937 -0.0377439 0.4406486 0.0719255 -0.0445903 -0.1660021 -0.3515171 -0.0631426 0.4761226 0.0966583 -0.1383469 -0.6009794 -0.7906832 -0.1168070 0.9820536 0.1602971 -0.0993763 -0.4214989 -0.8925436 -0.1603265 0.9425391 0.1913462 -0.2738735 0.0005767 0.0000239 0.0002083 -0.0021331 0.0000157 -0.0017592 0.0008685 0.0001202 0.0001715 0.0002535 -0.0048456 -0.0019815 0.0010616 -0.0008800 0.0005046 -0.0005694 0.0007215 -0.0043628 0.0016721 -0.0008293 0.0002320 0.0007229 -0.0095498 -0.0039877
-0.1936180 -0.2554698 -0.0375356 0.4385155 0.0719412 -0.0463494 -0.1651336 -0.3513969 -0.0629711 0.4763760 0.0918127 -0.1403284 -0.5999178 -0.7915632 -0.1163024 0.9814842 0.1610186 -0.1037392 -0.4198268 -0.8933729 -0.1600945 0.9432620 0.1817964 -0.2778612 0.0013416 0.0003664 0.0002644 -0.0011017 -0.0046352 0.0011571 0.0013140 0.0005484 -0.0004490 0.0003371 -0.0224102 -0.0003200 0.0020740 -0.0016284 0.0004153 0.0017704 -0.0097227 0.0021521 0.0023130 -0.0008064 -0.0015393 0.0066483 -0.0435032 -0.0023983
-0.1922764 -0.2551035 -0.0372712 0.4374138 0.0673060 -0.0451924 -0.1638196 -0.3508485 -0.0634202 0.4767131 0.0694025 -0.1406484 -0.5978438 -0.7931916 -0.1158871 0.9832546 0.1512959 -0.1015871 -0.4175138 -0.8941794 -0.1616338 0.9499103 0.1382931 -0.2802595 -0.0002317 -0.0002675 0.0028452 -0.0015006 -0.0068578 -0.0139073 0.0030420 -0.0211642 -0.0016551 -0.0007228 -0.0098046 -0.0136022 -0.0006576 -0.0007484 0.0088577 -0.0015455 -0.0151621 -0.0315098 0.0258131 -0.0121511 0.0030916 -0.0052916 -0.0200191 -0.0258560
-0.1925081 -0.2553710 -0.0344260 0.4359132 0.0604482 -0.0590997 -0.1607776 -0.3720127 -0.0650753 0.4759903 0.0595979 -0.1542506 -0.5985014 -0.7939400 -0.1070294 0.9817091 0.1361339 -0.1330969 -0.3917007 -0.9063305 -0.1585422 0.9446187 0.1182740 -0.3061155 -0.0058403 0.0113882 0.0040143 -0.0006508 -0.0048196 -0.0019573 -0.0092497 0.0321169 0.0089893 -0.0017181 -0.0109534 -0.0021479 -0.0293766 0.0216050 0.0107602 0.0007573 -0.0105700 -0.0047197 -0.0508866 0.0215693 0.0125484 0.0006026 -0.0213259 -0.0055857
-0.1983484 -0.2439828 -0.0304117 0.4352624 0.0556286 -0.0610569 -0.1700273 -0.3398958 -0.0560859 0.4742722 0.0486445 -0.1563985 -0.6278780 -0.7723350 -0.0962692 0.9824664 0.1255639 -0.1378166 -0.4425873 -0.8847612 -0.1459938 0.9452214 0.0969482 -0.3117012 -0.0048611 0.0303413 0.0139036 -0.0008628 -0.0029019 0.0011221 -0.0075256 0.0305573 0.0105182 -0.0134952 -0.0268321 0.0318682 -0.0602395 0.0488923 0.0403685 0.0010651 -0.0061844 0.0021172 -0.0512028 0.0244639 0.0192658 0.0191377 -0.0512971 0.0510721
-0.2032095 -0.2136415 -0.0165082 0.4343995 0.0527267 -0.0599348 -0.1775529 -0.3093385 -0.0455678 0.4607771 0.0218124 -0.1245302 -0.6881175 -0.7234427 -0.0559007 0.9835315 0.1193794 -0.1356994 -0.4937901 -0.8602973 -0.1267280 0.9643591 0.0456511 -0.2606290 -0.0013897 0.0021216 0.0005098 -0.0010132 -0.0023932 0.0009213 -0.0009276 0.0022184 0.0006031 0.0191662 0.0080028 -0.0243280 -0.0061079 0.0057351 0.0016168 0.0008281 -0.0050559 0.0016607 -0.0046891 0.0025399 0.0011459 -0.0109213 0.0135787 -0.0350874
-0.2045993 -0.2115199 -0.0159983 0.4333863 0.0503335 -0.0590135 -0.1784805 -0.3071201 -0.0449647 0.4799432 0.0298152 -0.1488583 -0.6942255 -0.7177076 -0.0542839 0.9843596 0.1143236 -0.1340387 -0.4984792 -0.8577574 -0.1255820 0.9534378 0.0592298 -0.2957164 0.0023157 -0.0115845 -0.0035539 -0.0011941 -0.0031706 -0.0003216 -0.0011206 -0.0144939 0.0043882 -0.0005094 -0.0016478 -0.0002993 0.0239436 -0.0215655 -0.0105040 0.0006081 -0.0068391 -0.0011863 0.0138464 -0.0100807 0.0160912 -0.0000802 -0.0032187 -0.0008844
-0.2022836 -0.2231044 -0.0195523 0.4321922 0.0471629 -0.0593351 -0.1796011 -0.3216140 -0.0405764 0.4794338 0.0281674 -0.1491575 -0.6702819 -0.7392731 -0.0647879 0.9849677 0.1074844 -0.1352250 -0.4846327 -0.8678381 -0.1094908 0.9533576 0.0560111 -0.2966009 -0.0005540 0.0060457 0.0016335 0.0013506 -0.0020384 -0.0008826 -0.0026431 0.0143447 0.0041851 -0.0508890 0.0169490 0.0495671 -0.0112465 0.0099623 0.0045812 0.0003015 -0.0049345 -0.0016258 -0.0228721 0.0121694 0.0081500 0.0156048 0.0459995 0.0714215
-0.2028375 -0.2170587 -0.0179188 0.4335428 0.0451245 -0.0602177 -0.1822442 -0.3072693 -0.0363913 0.4285448 0.0451164 -0.0995905 -0.6815283 -0.7293108 -0.0602066 0.9852692 0.1025499 -0.1368508 -0.5075048 -0.8556687 -0.1013408 0.9689624 0.1020106 -0.2251793 -0.0005894 0.0020543 0.0009463 0.0000983 -0.0025009 -0.0001353 0.0074628 -0.0023855 -0.0102709 -0.0007609 0.0013062 0.0003599 -0.0046237 0.0041087 0.0029589 0.0005236 -0.0056540 -0.0003492 0.0201396 -0.0077810 -0.0287733 -0.0002247 0.0031157 0.0004668
-0.2034270 -0.2150043 -0.0169725 0.4336411 0.0426236 -0.0603530 -0.1747814 -0.3096548 -0.0466622 0.4277838 0.0464226 -0.0992306 -0.6861520 -0.7252021 -0.0572477 0.9857928 0.0968959 -0.1372000 -0.4873652 -0.8634498 -0.1301141 0.9687377 0.1051263 -0.2247125 0.0020501 -0.0097191 -0.0042263 0.0031137 -0.0013611 0.0055286 0.0022198 -0.0097094 -0.0040917 0.0005643 0.0013926 0.0023527 0.0204302 -0.0176998 -0.0128323 0.0020899 -0.0035655 0.0131944 0.0165719 -0.0078595 -0.0083558 0.0008977 0.0031112 0.0054139
-0.2013769 -0.2247234 -0.0211988 0.4367548 0.0412625 -0.0548244 -0.1725616 -0.3193642 -0.0507539 0.4283481 0.0478152 -0.0968778 -0.6657218 -0.7429019 -0.0700800 0.9878826 0.0933304 -0.1240056 -0.4707933 -0.8713092 -0.1384699 0.9696354 0.1082374 -0.2192986 -0.0007822 0.0081683 -0.0000332 -0.0000088 -0.0025086 0.0053893 -0.0025136 0.0071484 0.0016622 0.0000578 0.0042543 0.0007709 -0.0149247 0.0137860 -0.0014058 0.0019324 -0.0055009 0.0119689 -0.0137726 0.0071714 0.0025959 -0.0006774 0.0095321 0.0019263
-0.2021592 -0.2165551 -0.0212320 0.4367460 0.0387539 -0.0494351 -0.1750752 -0.3122158 -0.0490917 0.4284059 0.0520695 -0.0961069 -0.6806465 -0.7291160 -0.0714858 0.9898150 0.0878295 -0.1120367 -0.4845659 -0.8641378 -0.1358740 0.9689580 0.1177695 -0.2173723 -0.0010846 0.0030648 0.0007577 -0.0004147 0.0003718 -0.0001065 -0.0022203 0.0025129 0.0015893 0.0021745 0.0043127 -0.0030841 -0.0072084 0.0065829 0.0021926 -0.0001196 0.0009162 -0.0003345 -0.0079101 0.0038721 0.0039260 -0.0023186 0.0088067 -0.0053083
-0.2032438 -0.2134903 -0.0204744 0.4363313 0.0391257 -0.0495416 -0.1772955 -0.3097029 -0.0475024 0.4305804 0.0563822 -0.0991910 -0.6878549 -0.7225331 -0.0692931 0.9896954 0.0887457 -0.1123712 -0.4924760 -0.8602657 -0.1319480 0.9666394 0.1265762 -0.2226807 0.0105215 -0.0417082 -0.0139995 0.0002147 0.0009980 0.0050533 0.0089490 -0.0147140 -0.0079160 0.0518237 0.0023428 -0.0359155 0.0886811 -0.0708794 -0.0378861 0.0010189 0.0023126 0.0114079 0.0370829 -0.0173125 -0.0179640 -0.0102413 -0.0101501 -0.0451768
-0.1927223 -0.2551985 -0.0344738 0.4365461 0.0401237 -0.0444882 -0.1683465 -0.3244169 -0.0554184 0.4824042 0.0587250 -0.1351065 -0.5991737 -0.7934125 -0.1071792 0.9907143 0.0910583 -0.1009633 -0.4553931 -0.8775782 -0.1499120 0.9563981 0.1164262 -0.2678575 0.0007456 0.0008359 -0.0003476 0.0001219 0.0028405 0.0035237 0.0004979 0.0005878 0.0001887 -0.0002759 0.0044844 0.0036735 0.0003215 -0.0000465 -0.0014427 0.0001711 0.0064360 0.0080066 0.0003982 -0.0002404 0.0001983 0.0007678 0.0090630 0.0069246
-0.1919766 -0.2543626 -0.0348214 0.4366680 0.0429642 -0.0409646 -0.1678486 -0.3238292 -0.0552297 0.4821283 0.0632094 -0.1314329 -0.5988522 -0.7934591 -0.1086219 0.9908854 0.0974942 -0.0929567 -0.4549949 -0.8778186 -0.1497137 0.9571659 0.1254892 -0.2609329 -0.0003424 0.0000784 -0.0002651 -0.0007866 0.0027398 -0.0009838 0.0072532 -0.0451219 -0.0091417 -0.0006203 0.0039958 -0.0006096 -0.0007465 0.0006696 -0.0007682 -0.0008622 0.0063139 -0.0023211 0.0608996 -0.0275741 -0.0082514 -0.0013896 0.0079108 -0.0011668
-0.1923190 -0.2542842 -0.0350865 0.4358814 0.0457040 -0.0419483 -0.1605954 -0.3689511 -0.0643714 0.4815080 0.0672052 -0.1320425 -0.5995987 -0.7927895 -0.1093901 0.9900232 0.1038081 -0.0952778 -0.3940953 -0.9053927 -0.1579651 0.9557762 0.1333999 -0.2620997 -0.0004666 0.0002232 -0.0013824 0.0001687 0.0022215 0.0003647 0.0001300 -0.0003351 -0.0011335 -0.0005857 0.0037651 0.0003673 -0.0009729 0.0013309 -0.0042189 -0.0004451 0.0049547 0.0009073 0.0007366 0.0001390 -0.0026111 -0.0008986 0.0075125 0.0006568
-0.1927856 -0.2540610 -0.0364689 0.4360501 0.0479255 -0.0415836 -0.1604654 -0.3692862 -0.0655049 0.4809223 0.0709703 -0.1316752 -0.6005716 -0.7914586 -0.1136090 0.9895781 0.1087628 -0.0943705 -0.3933587 -0.9052537 -0.1605762 0.9548776 0.1409125 -0.2614429 -0.0001220 0.0000340 -0.0002221 -0.0023893 0.0023632 0.0017768 -0.0004920 -0.0006927 -0.0003215 -0.0030307 0.0030680 0.0016430 -0.0002459 0.0002826 -0.0006663 -0.0003386 0.0059526 0.0035655 -0.0003642 0.0002372 -0.0004439 -0.0005638 0.0069365 0.0017782
-0.1929076 -0.2540270 -0.0366909 0.4336608 0.0502887 -0.0398069 -0.1609575 -0.3699789 -0.0658265 0.4778916 0.0740383 -0.1300322 -0.6008175 -0.7911760 -0.1142752 0.9892395 0.1147154 -0.0908049 -0.3937229 -0.9050165 -0.1610201 0.9543139 0.1478490 -0.2596646 -0.0001460 -0.0002299 0.0000790 -0.0003119 -0.0009322 -0.0029096 -0.0023292 0.0048350 0.0009317 -0.0004763 -0.0010170 -0.0030120 0.0000330 -0.0000739 0.0003386 -0.0003945 -0.0020904 -0.0066686 -0.0092344 0.0039180 0.0008736 -0.0013080 -0.0020854 -0.0059153
-0.1930536 -0.2542569 -0.0366119 0.4333489 0.0493565 -0.0427165 -0.1632867 -0.3651439 -0.0648947 0.4774153 0.0730213 -0.1330442 -0.6007845 -0.7912499 -0.1139366 0.9888450 0.1126250 -0.0974735 -0.4029573 -0.9010985 -0.1601466 0.9530059 0.1457635 -0.2655800 0.0000154 0.0000914 0.0001233 -0.0002504 0.0000417 -0.0009343 -0.0000743 -0.0001094 0.0002805 -0.0001786 -0.0007966 -0.0011150 -0.0001309 0.0000491 0.0003500 -0.0002312 0.0001340 -0.0021663 -0.0001000 -0.0000839 0.0007252 -0.0003788 -0.0015935 -0.0022195
-0.1930382 -0.2541655 -0.0364886 0.4330985 0.0493982 -0.0436509 -0.1633609 -0.3652533 -0.0646142 0.4772367 0.0722247 -0.1341592 -0.6009154 -0.7912008 -0.1135866 0.9886138 0.1127590 -0.0996398 -0.4030573 -0.9011824 -0.1594213 0.9526271 0.1441700 -0.2677994 0.0002031 -0.0011715 -0.0004279 -0.0002796 -0.0004074 -0.0004431 -0.0002558 0.0001563 -0.0000751 0.0013709 -0.0066730 -0.0009849 0.0022254 -0.0015374 -0.0010271 -0.0000114 -0.0008590 -0.0010753 -0.0006566 0.0003286 -0.0001954 0.0014899 -0.0134909 -0.0016141
-0.1928351 -0.2553370 -0.0369165 0.4328189 0.0489908 -0.0440940 -0.1636167 -0.3650970 -0.0646893 0.4786076 0.0655517 -0.1351442 -0.5986900 -0.7927383 -0.1146136 0.9886025 0.1119000 -0.1007151 -0.4037139 -0.9008538 -0.1596167 0.9541171 0.1306791 -0.2694135 -0.0007743 -0.0005984 -0.0004002 -0.0010345 -0.0028321 0.0010833 -0.0007637 -0.0004308 -0.0001698 -0.0025837 -0.0190613 -0.0011614 -0.0005731 0.0005624 -0.0008897 0.0008902 -0.0061210 0.0021502 -0.0011614 0.0005450 -0.0001336 0.0030378 -0.0371995 -0.0046599
-0.1936094 -0.2559354 -0.0373167 0.4317844 0.0461587 -0.0430107 -0.1643804 -0.3655278 -0.0648590 0.4760240 0.0464904 -0.1363055 -0.5992631 -0.7921759 -0.1155033 0.9894927 0.1057789 -0.0985649 -0.4048752 -0.9003088 -0.1597503 0.9571548 0.0934796 -0.2740734 0.0004035 -0.0018692 -0.0002249 -0.0011666 -0.0045025 0.0061991 -0.0016203 0.0097189 0.0035450 0.0001438 -0.0049591 0.0068305 0.0035871 -0.0026657 -0.0002419 0.0022772 -0.0098392 0.0137830 -0.0128566 0.0049353 0.0054568 0.0044091 -0.0096121 0.0126140
-0.1932059 -0.2578047 -0.0375416 0.4306178 0.0416562 -0.0368116 -0.1660008 -0.3558089 -0.0613141 0.4761678 0.0415313 -0.1294750 -0.5956760 -0.7948416 -0.1157452 0.9917699 0.0959398 -0.0847819 -0.4177318 -0.8953735 -0.1542935 0.9615640 0.0838675 -0.2614594 0.0009508 -0.0008318 -0.0006324 -0.0007534 -0.0019007 0.0016895 0.0023876 -0.0122193 -0.0024384 0.0001418 -0.0054403 0.0022065 0.0032438 -0.0021444 -0.0018878 0.0007015 -0.0041522 0.0036921 0.0164954 -0.0071597 -0.0020498 0.0019651 -0.0108588 0.0040073
-0.1922550 -0.2586365 -0.0381741 0.4298644 0.0397555 -0.0351220 -0.1636132 -0.3680282 -0.0637525 0.4763096 0.0360910 -0.1272685 -0.5924322 -0.7969859 -0.1176330 0.9924714 0.0917875 -0.0810898 -0.4012364 -0.9025332 -0.1563433 0.9635290 0.0730087 -0.2574521 0.0003772 -0.0013610 -0.0000597 0.0006293 -0.0021579 -0.0019323 0.0002069 -0.0007615 -0.0004690 0.0019574 -0.0147163 0.0001257 0.0027435 -0.0020513 0.0001312 0.0000942 -0.0051008 -0.0043443 0.0011726 -0.0003661 -0.0008887 0.0020042 -0.0298571 0.0007741
-0.1918778 -0.2599974 -0.0382337 0.4304937 0.0375976 -0.0370543 -0.1634063 -0.3687897 -0.0642215 0.4782670 0.0213747 -0.1271428 -0.5896887 -0.7990373 -0.1175018 0.9925656 0.0866867 -0.0854341 -0.4000638 -0.9028992 -0.1572321 0.9655332 0.0431516 -0.2566780 0.0007230 0.0006162 -0.0012870 0.0027515 0.0007154 0.0042473 0.0015341 -0.0005498 -0.0018205 0.0017543 -0.0007613 0.0040007 0.0008384 0.0000167 -0.0042414 0.0007253 0.0011526 0.0102183 0.0039267 -0.0009562 -0.0043873 0.0022648 -0.0015918 0.0084043
-0.1911549 -0.2593812 -0.0395208 0.4332451 0.0383130 -0.0328070 -0.1618722 -0.3693395 -0.0660420 0.4800213 0.0206134 -0.1231421 -0.5888503 -0.7990206 -0.1217433 0.9932909 0.0878393 -0.0752158 -0.3961371 -0.9038554 -0.1616194 0.9677980 0.0415598 -0.2482737 -0.0005925 -0.0001351 0.0000475 -0.0025797 -0.0024964 -0.0020549 -0.0011027 -0.0012418 -0.0001916 -0.0023176 -0.0007333 -0.0022469 -0.0010051 0.0006936 0.0003153 0.0000417 -0.0052281 -0.0051934 -0.0011521 0.0004773 0.0001595 -0.0013455 -0.0013400 -0.0054033
-0.1917473 -0.2595163 -0.0394732 0.4306655 0.0358166 -0.0348619 -0.1629749 -0.3705813 -0.0662336 0.4777037 0.0198801 -0.1253889 -0.5898553 -0.7983270 -0.1214280 0.9933326 0.0826112 -0.0804092 -0.3972892 -0.9033781 -0.1614599 0.9664525 0.0402198 -0.2536770 -0.0002067 -0.0003108 0.0017074 0.0010161 -0.0035132 -0.0081155 0.0003776 -0.0002198 0.0011148 0.0024492 -0.0023317 -0.0075577 -0.0003321 -0.0005447 0.0053120 -0.0009994 -0.0083534 -0.0183856 0.0007951 -0.0008218 0.0026673 -0.0033100 -0.0050194 -0.0130016
-0.1919540 -0.2598270 -0.0377659 0.4316815 0.0323034 -0.0429774 -0.1625973 -0.3708011 -0.0651188 0.4801529 0.0175484 -0.1329466 -0.5901874 -0.7988717 -0.1161160 0.9923333 0.0742578 -0.0987947 -0.3964941 -0.9041999 -0.1587925 0.9631425 0.0352005 -0.2666786 -0.0000166 -0.0004105 -0.0000330 -0.0009404 0.0001341 0.0034213 0.0007093 0.0076142 0.0012175 -0.0499271 0.0324019 0.0414666 0.0005682 -0.0004224 0.0000205 0.0006883 0.0005229 0.0076031 -0.0054769 0.0023996 0.0001242 0.0087430 0.0776379 0.0600241
-0.1919707 -0.2602375 -0.0377988 0.4307411 0.0324375 -0.0395560 -0.1618879 -0.3631869 -0.0639013 0.4302258 0.0499503 -0.0914800 -0.5896192 -0.7992941 -0.1160955 0.9930216 0.0747807 -0.0911917 -0.4019710 -0.9018003 -0.1586683 0.9718855 0.1128383 -0.2066545 0.0002624 -0.0008369 0.0006459 -0.0005609 -0.0010008 -0.0006107 0.0002060 -0.0021210 -0.0002068 0.0000532 -0.0002811 -0.0007462 0.0016019 -0.0014864 0.0021382 0.0000223 -0.0022111 -0.0015308 0.0023611 -0.0010873 0.0002198 -0.0002637 -0.0006793 -0.0016035
-0.1917083 -0.2610744 -0.0371529 0.4301802 0.0314367 -0.0401668 -0.1616820 -0.3653079 -0.0641082 0.4302790 0.0496692 -0.0922263 -0.5880173 -0.8007805 -0.1139573 0.9930439 0.0725696 -0.0927225 -0.3996099 -0.9028876 -0.1584485 0.9716218 0.1121590 -0.2082580 -0.0024719 0.0108642 0.0028403 -0.0001651 0.0017892 -0.0020086 -0.0061748 0.0182948 0.0053414 0.0014482 0.0032411 -0.0028918 -0.0215149 0.0153701 0.0062497 -0.0007487 0.0041019 -0.0046007 -0.0308664 0.0129569 0.0077383 -0.0019631 0.0066774 -0.0053770
-0.1941802 -0.2502102 -0.0343127 0.4300151 0.0332259 -0.0421754 -0.1678568 -0.3470131 -0.0587668 0.4317273 0.0529103 -0.0951181 -0.6095323 -0.7854104 -0.1077075 0.9922952 0.0766715 -0.0973232 -0.4304763 -0.8899307 -0.1507101 0.9696587 0.1188364 -0.2136350 -0.0118633 0.0439738 0.0116015 0.0002453 0.0021141 -0.0010732 -0.0121907 0.0438611 0.0116970 0.0454841 -0.0050637 -0.0392401 -0.0951086 0.0801099 0.0300384 -0.0006152 0.0047814 -0.0023578 -0.0756791 0.0377001 0.0183860 -0.0115345 -0.0227721 -0.0561234
-0.2060435 -0.2062364 -0.0227112 0.4302604 0.0353400 -0.0432486 -0.1800475 -0.3031520 -0.0470698 0.4772114 0.0478466 -0.1343582 -0.7046409 -0.7053005 -0.0776691 0.9916800 0.0814529 -0.0996810 -0.5061554 -0.8522306 -0.1323242 0.9581242 0.0960643 -0.2697585 -0.0007917 0.0018099 0.0001765 -0.0007785 0.0012938 0.0022267 -0.0010682 0.0017653 0.0000603 -0.0014220 0.0083883 0.0031520 -0.0044694 0.0044482 0.0004116 0.0002201 0.0031538 0.0049398 -0.0043910 0.0026530 -0.0001907 -0.0003050 0.0171431 0.0056251
-0.2068352 -0.2044265 -0.0225347 0.4294819 0.0366338 -0.0410219 -0.1811157 -0.3013867 -0.0470095 0.4757893 0.0562349 -0.1312062 -0.7091102 -0.7008523 -0.0772575 0.9919001 0.0846068 -0.0947412 -0.5105464 -0.8495777 -0.1325149 0.9578192 0.1132074 -0.2641333 -0.0002414 0.0001517 -0.0001295 -0.0006703 0.0043658 -0.0013784 -0.0007556 0.0000844 -0.0003964 -0.0023030 0.0091160 -0.0010439 -0.0006451 0.0007002 -0.0004238 -0.0012273 0.0101136 -0.0032153 -0.0015994 0.0011167 -0.0009793 -0.0030818 0.0185661 -0.0025355
-0.2070766 -0.2042748 -0.0226641 0.4288116 0.0409996 -0.0424003 -0.1818713 -0.3013023 -0.0474060 0.4734864 0.0653509 -0.1322500 -0.7097553 -0.7001521 -0.0776814 0.9906728 0.0947204 -0.0979565 -0.5121457 -0.8484610 -0.1334942 0.9547374 0.1317735 -0.2666689 -0.0001290 0.0005945 -0.0006037 0.0006557 0.0023669 0.0014769 -0.0000548 0.0006072 -0.0005780 -0.0003934 0.0045864 0.0015902 -0.0011161 0.0013749 -0.0021449 -0.0001739 0.0052977 0.0035730 -0.0007453 0.0007330 -0.0017835 -0.0004634 0.0092968 0.0031154
-0.2072056 -0.2036803 -0.0232679 0.4294673 0.0433665 -0.0409234 -0.1819261 -0.3006952 -0.0479840 0.4730930 0.0699373 -0.1306598 -0.7108715 -0.6987772 -0.0798263 0.9904989 0.1000180 -0.0943835 -0.5128910 -0.8477280 -0.1352777 0.9542739 0.1410703 -0.2635534 0.0159680 -0.0581617 -0.0172929 0.0003701 0.0010666 -0.0012062 0.0195196 -0.0742985 -0.0188192 0.0012396 0.0031242 -0.0001401 0.1256343 -0.1025280 -0.0443002 -0.0004932 0.0023207 -0.0026500 0.1206766 -0.0578880 -0.0260531 -0.0007102 0.0058073 0.0006027
-0.1912376 -0.2618420 -0.0405608 0.4298374 0.0444331 -0.0421296 -0.1624065 -0.3749937 -0.0668032 0.4743325 0.0730615 -0.1307999 -0.5852372 -0.8013052 -0.1241265 0.9900057 0.1023387 -0.0970334 -0.3922144 -0.9056159 -0.1613308 0.9535638 0.1468776 -0.2629507 0.0002756 -0.0004680 0.0002188 0.0005029 0.0016048 -0.0004252 0.0000933 0.0003358 0.0000398 0.0000108 0.0032041 -0.0001395 0.0011777 -0.0009730 0.0007401 -0.0004514 0.0035240 -0.0008201 -0.0001036 0.0000519 -0.0000391 -0.0009887 0.0062788 -0.0000015
-0.1909620 -0.2623100 -0.0403420 0.4303403 0.0460379 -0.0425548 -0.1623133 -0.3746579 -0.0667634 0.4743434 0.0762656 -0.1309394 -0.5840595 -0.8022782 -0.1233865 0.9895543 0.1058627 -0.0978535 -0.3923181 -0.9055641 -0.1613699 0.9525751 0.1531564 -0.2629522 0.0004642 -0.0009658 0.0007243 0.0015078 0.0012966 -0.0001262 0.0009814 -0.0001316 -0.0000625 0.0017814 0.0005635 -0.0002371 0.0021613 -0.0019291 0.0023695 -0.0002707 0.0025718 0.0000792 0.0021320 -0.0008760 -0.0002505 0.0000465 0.0005619 0.0004967
-0.1904978 -0.2632758 -0.0396177 0.4318481 0.0473345 -0.0426811 -0.1613318 -0.3747895 -0.0668258 0.4761247 0.0768291 -0.1311765 -0.5818982 -0.8042073 -0.1210170 0.9892836 0.1084345 -0.0977744 -0.3901861 -0.9064401 -0.1616204 0.9526215 0.1537182 -0.2624555 -0.0006167 -0.0012438 -0.0003815 -0.0011510 -0.0000824 -0.0011940 0.0002844 -0.0010986 -0.0009495 -0.0015220 -0.0006178 -0.0015545 0.0006118 -0.0003453 -0.0006429 -0.0003057 0.0000670 -0.0029728 0.0016647 -0.0003769 -0.0018854 -0.0008876 -0.0008896 -0.0037136
-0.1911145 -0.2645196 -0.0399992 0.4306971 0.0472521 -0.0438751 -0.1610474 -0.3758881 -0.0677754 0.4746028 0.0762113 -0.1327310 -0.5812865 -0.8045526 -0.1216600 0.9889780 0.1085015 -0.1007471 -0.3885213 -0.9068170 -0.1635058 0.9517339 0.1528286 -0.2661691 0.0004673 0.0000818 -0.0016809 -0.0020762 0.0009985 0.0040409 0.0000902 -0.0005859 -0.0013922 -0.0048243 -0.0065817 0.0006416 0.0011949 -0.0000653 -0.0051620 0.0005346 0.0028896 0.0087862 0.0008966 0.0001745 -0.0030669 0.0012838 -0.0115743 -0.0017945
-0.1906472 -0.2644378 -0.0416801 0.4286209 0.0482506 -0.0398341 -0.1609572 -0.3764740 -0.0691676 0.4697785 0.0696296 -0.1320894 -0.5800916 -0.8046179 -0.1268220 0.9895126 0.1113911 -0.0919610 -0.3876247 -0.9066425 -0.1665727 0.9530177 0.1412543 -0.2679636 -0.0003618 -0.0001205 -0.0004805 -0.0009008 -0.0008487 0.0018927 -0.0002235 -0.0010057 -0.0012066 0.0005212 -0.0078742 0.0011806 -0.0004505 0.0005340 -0.0013184 0.0005617 -0.0016666 0.0041352 0.0005810 0.0001991 -0.0024172 0.0027405 -0.0157530 0.0019266
-0.1910090 -0.2645583 -0.0421605 0.4277201 0.0474019 -0.0379415 -0.1611807 -0.3774797 -0.0703742 0.4702997 0.0617554 -0.1309088 -0.5805421 -0.8040839 -0.1281403 0.9900743 0.1097246 -0.0878258 -0.3870438 -0.9064434 -0.1689898 0.9557582 0.1255013 -0.2660370 -0.0002520 -0.0000068 -0.0009289 -0.0022502 -0.0000181 0.0014711 -0.0002501 0.0002833 -0.0011680 -0.0005517 -0.0093950 0.0012881 -0.0002856 0.0006438 -0.0027152 0.0001944 0.0005598 0.0029420 -0.0005641 0.0007655 -0.0027885 0.0026990 -0.0186670 0.0015636
-0.1912610 -0.2645651 -0.0430895 0.4254700 0.0473838 -0.0364704 -0.1614308 -0.3771964 -0.0715422 0.4697480 0.0523604 -0.1296206 -0.5808277 -0.8034401 -0.1308555 0.9902687 0.1102844 -0.0848838 -0.3876079 -0.9056778 -0.1717783 0.9584572 0.1068343 -0.2644734 -0.0012010 0.0003050 0.0009061 -0.0018077 -0.0006014 0.0000061 -0.0059903 0.0227815 0.0044062 -0.0012367 -0.0033704 0.0001715 -0.0030492 0.0017476 0.0028829 0.0000724 -0.0009272 -0.0003540 -0.0333899 0.0144649 0.0029580 0.0005686 -0.0065535 -0.0005044
-0.1924620 -0.2642601 -0.0421833 0.4236623 0.0467824 -0.0364643 -0.1674211 -0.3544149 -0.0671360 0.4685113 0.0489900 -0.1294492 -0.5838769 -0.8016925 -0.1279726 0.9903411 0.1093572 -0.0852378 -0.4209977 -0.8912130 -0.1688204 0.9590258 0.1002808 -0.2649778 0.0000233 -0.0005681 0.0003035 -0.0000077 -0.0017912 -0.0018122 0.0045867 -0.0098773 -0.0029356 0.0011944 -0.0080503 -0.0011618 0.0007843 -0.0007416 0.0010762 0.0000780 -0.0041769 -0.0042448 0.0190709 -0.0079756 -0.0041384 0.0010404 -0.0166011 -0.0019876
-0.1924387 -0.2648282 -0.0418798 0.4236546 0.0449912 -0.0382764 -0.1628344 -0.3642922 -0.0700715 0.4697057 0.0409397 -0.1306109 -0.5830925 -0.8024340 -0.1268965 0.9904191 0.1051804 -0.0894826 -0.4019269 -0.8991885 -0.1729588 0.9600663 0.0836797 -0.2669654 -0.0001925 0.0003804 -0.0000169 0.0001202 -0.0029315 -0.0016963 0.0011257 -0.0023677 -0.0004550 0.0046322 -0.0170193 0.0024505 -0.0009206 0.0006895 -0.0001247 0.0003368 -0.0068477 -0.0039708 0.0045052 -0.0019292 -0.0003701 0.0041751 -0.0350539 0.0064388
-0.1926312 -0.2644478 -0.0418967 0.4237748 0.0420597 -0.0399727 -0.1617087 -0.3666599 -0.0705266 0.4743379 0.0239204 -0.1281604 -0.5840132 -0.8017445 -0.1270212 0.9907558 0.0983326 -0.0934534 -0.3974216 -0.9011177 -0.1733289 0.9642414 0.0486258 -0.2605265 0.0001303 0.0002750 0.0007573 0.0012021 -0.0038172 -0.0041343 0.0011749 -0.0010562 0.0001030 0.0009809 -0.0033044 -0.0043646 -0.0002995 -0.0001191 0.0021476 -0.0000591 -0.0091826 -0.0093679 0.0033424 -0.0015535 0.0004527 -0.0018207 -0.0068827 -0.0078088
-0.1925009 -0.2641728 -0.0411394 0.4249769 0.0382425 -0.0441070 -0.1605339 -0.3677161 -0.0704236 0.4753189 0.0206160 -0.1325250 -0.5843126 -0.8018637 -0.1248736 0.9906967 0.0891501 -0.1028213 -0.3940793 -0.9026712 -0.1728762 0.9624207 0.0417431 -0.2683353 0.0000426 -0.0005119 0.0000815 0.0000552 -0.0027217 -0.0014312 0.0006936 -0.0009126 0.0001071 0.0004601 -0.0026672 -0.0012103 0.0007946 -0.0006389 0.0003892 0.0001974 -0.0063390 -0.0033438 0.0022155 -0.0010573 0.0004885 -0.0003632 -0.0054494 -0.0020866
-0.1924583 -0.2646847 -0.0410579 0.4250321 0.0355208 -0.0455382 -0.1598403 -0.3686287 -0.0703165 0.4757790 0.0179488 -0.1337353 -0.5835181 -0.8025025 -0.1244844 0.9908942 0.0828110 -0.1061651 -0.3918638 -0.9037285 -0.1723877 0.9620576 0.0362937 -0.2704220 0.0001543 0.0000957 0.0004397 -0.0001195 -0.0031779 0.0007000 -0.0006806 -0.0021435 0.0001454 -0.0017625 -0.0023274 -0.0003899 0.0000763 -0.0002485 0.0012505 0.0007473 -0.0073307 0.0015238 0.0004228 -0.0004246 0.0012706 -0.0003187 -0.0045992 -0.0017066
-0.1923040 -0.2645889 -0.0406182 0.4249126 0.0323429 -0.0448382 -0.1605209 -0.3707722 -0.0701711 0.4740165 0.0156214 -0.1341252 -0.5834417 -0.8027510 -0.1232339 0.9916415 0.0754804 -0.1046413 -0.3914410 -0.9041531 -0.1711170 0.9617388 0.0316945 -0.2721285 0.0000293 -0.0000337 0.0000393 -0.0000501 -0.0016806 0.0001428 -0.0009648 -0.0030247 0.0002230 -0.0008623 0.0001239 -0.0006179 0.0000981 -0.0000898 0.0001211 0.0003187 -0.0038907 0.0002874 0.0005783 -0.0005914 0.0018133 -0.0004691 0.0002940 -0.0016184
-0.1922747 -0.2646227 -0.0405789 0.4248625 0.0306623 -0.0446954 -0.1614857 -0.3737969 -0.0699481 0.4731542 0.0157453 -0.1347431 -0.5833437 -0.8028408 -0.1231127 0.9919603 0.0715897 -0.1043539 -0.3908627 -0.9047445 -0.1693037 0.9612697 0.0319885 -0.2737469 0.0000000 0.0000000 0.0000000 0.0000000 0.0000000 0.0000000 0.0000000 0.0000000 0.0000000 0.0000000 0.0000000 0.0000000 0.0000000 0.0000000 0.0000000 0.0000000 0.0000000 0.0000000 0.0000000 0.0000000 0.0000000 0.0000000 0.0000000 0.0000000
