-0.2925752 -0.1539542 -0.0608419 0.2559351 0.2246990 -0.3921510 -0.2891797 -0.2292597 -0.0791473 0.2605839 0.2376567 -0.4121716 -0.8703439 -0.4579781 -0.1809906 0.4927528 0.4326138 -0.7550099 -0.7661923 -0.6074321 -0.2097037 0.4803685 0.4381038 -0.7598100 0.0001109 -0.0000019 -0.0015241 0.0019498 -0.0076773 0.0455580 0.0003561 0.0002222 -0.0015118 0.0000301 0.0048890 0.0027469 0.0008048 0.0002445 -0.0044327 0.0406667 0.0162826 0.0381029 0.0007659 0.0004480 -0.0040550 -0.0000315 0.0089317 0.0052004
-0.2924644 -0.1539560 -0.0623660 0.2578849 0.2170217 -0.3465931 -0.2888236 -0.2290375 -0.0806590 0.2606140 0.2425457 -0.4094247 -0.8695390 -0.4577336 -0.1854233 0.5334195 0.4488964 -0.7169070 -0.7654264 -0.6069841 -0.2137587 0.4803370 0.4470354 -0.7546096 0.0001813 0.0000094 -0.0010419 0.0008624 0.0081204 -0.0065160 0.0003083 0.0001997 -0.0009503 0.0004239 0.0057021 0.0064717 0.0006241 0.0000727 -0.0030793 -0.0077938 0.0084628 -0.0004075 0.0005075 0.0002837 -0.0026060 0.0026205 0.0122585 0.0090889
-0.2922831 -0.1539466 -0.0634080 0.2587473 0.2251421 -0.3531090 -0.2885153 -0.2288378 -0.0816094 0.2610379 0.2482478 -0.4029530 -0.8689150 -0.4576610 -0.1885026 0.5256257 0.4573593 -0.7173145 -0.7649189 -0.6067004 -0.2163647 0.4829575 0.4592939 -0.7455207 -0.0000075 -0.0001090 -0.0002466 -0.0018672 0.0062817 -0.0058176 0.0001325 -0.0003381 -0.0004437 -0.0064041 0.0165631 0.0086389 0.0002435 -0.0001837 -0.0006751 -0.0101852 0.0070020 -0.0028866 0.0007569 -0.0005742 -0.0010609 -0.0104782 0.0320691 0.0138612
-0.2922906 -0.1540556 -0.0636545 0.2568801 0.2314237 -0.3589267 -0.2883828 -0.2291759 -0.0820530 0.2546338 0.2648108 -0.3943141 -0.8686714 -0.4578447 -0.1891777 0.5154405 0.4643613 -0.7202012 -0.7641620 -0.6072746 -0.2174256 0.4724793 0.4913631 -0.7316595 -0.0000042 -0.0003616 -0.0003194 -0.0010114 0.0142145 -0.0055837 0.0000451 -0.0003345 -0.0003327 0.0007360 0.0060061 0.0053198 0.0005806 -0.0007613 -0.0008194 -0.0123570 0.0186074 0.0035086 0.0006076 -0.0004979 -0.0007422 0.0018352 0.0116423 0.0091560
-0.2922948 -0.1544172 -0.0639739 0.2558686 0.2456383 -0.3645104 -0.2883377 -0.2295105 -0.0823857 0.2553698 0.2708170 -0.3889942 -0.8680908 -0.4586059 -0.1899971 0.5030835 0.4829687 -0.7166926 -0.7635544 -0.6077725 -0.2181678 0.4743144 0.5030054 -0.7225035 -0.0000215 -0.0001079 -0.0008372 0.0012414 0.0037513 0.0018565 0.0000282 -0.0003227 -0.0007990 0.0013274 0.0044583 0.0063006 0.0005241 -0.0000096 -0.0023561 0.0013269 0.0062951 0.0052215 0.0007811 -0.0002914 -0.0019121 0.0039094 0.0098290 0.0095499
-0.2923164 -0.1545251 -0.0648111 0.2571100 0.2493895 -0.3626539 -0.2883095 -0.2298332 -0.0831848 0.2566973 0.2752752 -0.3826937 -0.8675667 -0.4586156 -0.1923532 0.5044103 0.4892639 -0.7114711 -0.7627733 -0.6080639 -0.2200799 0.4782238 0.5128344 -0.7129536 -0.0002613 -0.0000709 -0.0005310 -0.0007082 0.0044179 -0.0026282 -0.0003138 -0.0004632 -0.0001788 0.0000270 0.0031008 0.0022267 0.0001556 0.0002815 -0.0013681 -0.0050021 0.0050911 -0.0000095 0.0003003 -0.0003235 -0.0001466 0.0000243 0.0057485 0.0041868
-0.2925776 -0.1545960 -0.0653422 0.2564018 0.2538074 -0.3652821 -0.2886233 -0.2302964 -0.0833636 0.2567243 0.2783760 -0.3804670 -0.8674111 -0.4583340 -0.1937213 0.4994082 0.4943549 -0.7114806 -0.7624730 -0.6083874 -0.2202265 0.4782482 0.5185829 -0.7087668 0.0000686 -0.0000020 -0.0000442 -0.0003660 0.0010666 -0.0010372 0.0001010 -0.0007126 0.0001018 -0.0000396 -0.0000077 0.0000272 0.0000747 -0.0000739 -0.0001597 -0.0017632 0.0010319 -0.0005175 0.0009400 -0.0013435 0.0004634 -0.0000361 0.0000264 -0.0000050
-0.2925090 -0.1545980 -0.0653863 0.2560358 0.2548740 -0.3663193 -0.2885223 -0.2310090 -0.0832618 0.2566847 0.2783683 -0.3804397 -0.8673364 -0.4584079 -0.1938809 0.4976450 0.4953868 -0.7119981 -0.7615329 -0.6097309 -0.2197631 0.4782121 0.5186093 -0.7087719 0.0003046 -0.0003182 0.0003867 0.0012034 -0.0030934 -0.0025951 0.0000314 -0.0004468 0.0007553 0.0026430 -0.0039422 -0.0036738 0.0004074 -0.0012062 0.0010365 0.0014363 -0.0068960 -0.0037494 0.0002507 -0.0010446 0.0020415 0.0032612 -0.0091041 -0.0043816
-0.2922044 -0.1549161 -0.0649996 0.2572392 0.2517805 -0.3689144 -0.2884910 -0.2314559 -0.0825065 0.2593277 0.2744260 -0.3841136 -0.8669290 -0.4596142 -0.1928444 0.4990813 0.4884908 -0.7157476 -0.7612822 -0.6107755 -0.2177217 0.4814733 0.5095052 -0.7131535 0.0011184 -0.0007466 0.0005396 0.0033081 -0.0051244 -0.0007791 0.0009702 -0.0000981 0.0000523 0.0044843 -0.0123667 -0.0112931 0.0014484 -0.0032149 0.0011868 0.0066714 -0.0097024 -0.0018707 0.0011772 -0.0013725 -0.0002584 0.0045584 -0.0267024 -0.0153207
-0.2910860 -0.1556628 -0.0644600 0.2605473 0.2466562 -0.3696935 -0.2875208 -0.2315539 -0.0824542 0.2638120 0.2620594 -0.3954067 -0.8654806 -0.4628291 -0.1916577 0.5057527 0.4787883 -0.7176182 -0.7601049 -0.6121480 -0.2179801 0.4860317 0.4828028 -0.7284742 0.0006567 0.0001962 -0.0006568 0.0024338 -0.0298785 0.0163473 0.0011155 -0.0001231 -0.0004706 0.0082580 -0.0143313 -0.0106477 0.0005835 -0.0001495 -0.0022597 0.0299347 -0.0372165 -0.0021410 0.0016084 -0.0014100 -0.0016322 0.0104732 -0.0307198 -0.0125412
-0.2904293 -0.1554665 -0.0651167 0.2629812 0.2167777 -0.3533462 -0.2864053 -0.2316771 -0.0829247 0.2720700 0.2477281 -0.4060545 -0.8648971 -0.4629785 -0.1939173 0.5356874 0.4415719 -0.7197592 -0.7584966 -0.6135580 -0.2196123 0.4965049 0.4520830 -0.7410154 -0.0022569 -0.0010714 0.0200060 -0.0240401 0.0011924 -0.0708604 -0.0031696 -0.0012282 0.0196904 -0.0257949 -0.0128809 -0.0255984 -0.0088737 -0.0043417 0.0592459 -0.0877599 -0.0329574 -0.0754736 -0.0096929 -0.0042973 0.0518630 -0.0484571 -0.0248260 -0.0442900
-0.2926863 -0.1565379 -0.0451108 0.2389411 0.2179701 -0.4242066 -0.2895749 -0.2329053 -0.0632344 0.2462751 0.2348472 -0.4316529 -0.8737708 -0.4673203 -0.1346715 0.4479274 0.4086145 -0.7952328 -0.7681894 -0.6178553 -0.1677492 0.4480479 0.4272571 -0.7853054 -0.0003466 -0.0003277 0.0012878 -0.0039289 -0.0007214 -0.0032061 -0.0005760 -0.0003838 0.0012469 -0.0031670 -0.0065893 -0.0010374 -0.0002904 -0.0005798 0.0039559 -0.0077937 -0.0017485 -0.0052311 -0.0005637 -0.0002428 0.0035139 -0.0030247 -0.0094182 -0.0067585
-0.2930329 -0.1568656 -0.0438230 0.2350122 0.2172486 -0.4274128 -0.2901510 -0.2332892 -0.0619875 0.2431082 0.2282579 -0.4326903 -0.8740612 -0.4679001 -0.1307156 0.4401337 0.4068659 -0.8004639 -0.7687532 -0.6180981 -0.1642354 0.4450231 0.4178388 -0.7920638 0.0006965 0.0012647 0.0007954 0.0003162 0.0004935 0.0009065 0.0000204 0.0005386 -0.0003418 0.0006071 -0.0001402 0.0002865 -0.0013247 0.0019615 0.0018717 0.0009100 0.0012182 0.0011218 -0.0005411 0.0009494 -0.0010334 0.0011235 -0.0002453 0.0005028
-0.2923364 -0.1556009 -0.0430276 0.2353284 0.2177421 -0.4265063 -0.2901305 -0.2327506 -0.0623292 0.2437153 0.2281176 -0.4324038 -0.8753859 -0.4659386 -0.1288439 0.4410437 0.4080841 -0.7993421 -0.7692943 -0.6171487 -0.1652687 0.4461467 0.4175935 -0.7915610 0.0035636 -0.0007422 -0.0186516 0.0278530 0.0050327 0.0418520 0.0037806 0.0004289 -0.0190276 0.0269176 0.0035275 0.0191695 0.0111112 -0.0019841 -0.0557574 0.0684279 0.0231677 0.0547210 0.0109704 0.0019048 -0.0501838 0.0498939 0.0069869 0.0341475
-0.2887728 -0.1563430 -0.0616792 0.2631814 0.2227749 -0.3846543 -0.2863499 -0.2323216 -0.0813568 0.2706329 0.2316452 -0.4132343 -0.8642747 -0.4679227 -0.1846012 0.5094716 0.4312519 -0.7446211 -0.7583239 -0.6152439 -0.2154526 0.4960406 0.4245804 -0.7574135 0.0010133 -0.0006287 -0.0026457 0.0014899 -0.0040444 0.0440850 0.0010456 0.0003107 -0.0027022 -0.0009035 0.0107462 0.0072274 0.0028249 -0.0019949 -0.0079649 0.0378077 0.0210324 0.0404022 0.0019863 0.0001862 -0.0073868 -0.0005602 0.0206813 0.0115977
-0.2877595 -0.1569717 -0.0643250 0.2646713 0.2187304 -0.3405693 -0.2853043 -0.2320109 -0.0840591 0.2697294 0.2423914 -0.4060069 -0.8614498 -0.4699175 -0.1925661 0.5472793 0.4522843 -0.7042189 -0.7563376 -0.6150577 -0.2228394 0.4954804 0.4452616 -0.7458158 0.0007001 -0.0005798 -0.0005757 -0.0055087 0.0167907 -0.0245270 0.0005343 -0.0008532 -0.0008120 -0.0066313 0.0162029 0.0089861 0.0015343 -0.0020439 -0.0018502 -0.0349950 0.0132682 -0.0174636 0.0020238 -0.0017653 -0.0019715 -0.0100207 0.0318877 0.0132467
-0.2870594 -0.1575515 -0.0649006 0.2591625 0.2355211 -0.3650963 -0.2847700 -0.2328642 -0.0848710 0.2630981 0.2585943 -0.3970208 -0.8599155 -0.4719614 -0.1944164 0.5122843 0.4655525 -0.7216826 -0.7543139 -0.6168230 -0.2248109 0.4854596 0.4771493 -0.7325691 -0.0000486 -0.0002593 0.0004472 -0.0008038 0.0037285 -0.0006615 0.0007536 -0.0009277 0.0005096 -0.0014426 0.0100207 0.0059926 0.0000543 -0.0006668 0.0013844 -0.0034126 0.0056814 0.0012742 0.0017797 -0.0026354 0.0012856 -0.0025003 0.0186557 0.0108159
-0.2871081 -0.1578108 -0.0644535 0.2583587 0.2392496 -0.3657578 -0.2840164 -0.2337919 -0.0843615 0.2616556 0.2686150 -0.3910282 -0.8598612 -0.4726282 -0.1930319 0.5088717 0.4712338 -0.7204084 -0.7525341 -0.6194585 -0.2235254 0.4829594 0.4958050 -0.7217532 0.0000889 -0.0002998 -0.0004288 0.0020039 0.0139000 0.0032031 0.0002222 -0.0006633 -0.0001661 0.0004289 0.0064452 0.0070043 0.0006481 -0.0006875 -0.0011979 -0.0014872 0.0220944 0.0138759 0.0011489 -0.0012946 -0.0002734 0.0021986 0.0133731 0.0108668
-0.2870192 -0.1581106 -0.0648823 0.2603626 0.2531497 -0.3625547 -0.2837942 -0.2344552 -0.0845276 0.2620845 0.2750603 -0.3840239 -0.8592130 -0.4733157 -0.1942298 0.5073845 0.4933282 -0.7065325 -0.7513852 -0.6207531 -0.2237988 0.4851580 0.5091781 -0.7108863 -0.0003275 -0.0003124 0.0006367 0.0003762 0.0058683 0.0029707 0.0001778 -0.0006602 0.0007180 -0.0013954 0.0033420 0.0039893 -0.0001922 -0.0005006 0.0020821 -0.0002831 0.0104265 0.0071905 0.0007029 -0.0015555 0.0019696 -0.0009810 0.0078974 0.0050495
-0.2873467 -0.1584230 -0.0642456 0.2607387 0.2590179 -0.3595840 -0.2836164 -0.2351154 -0.0838096 0.2606891 0.2784022 -0.3800345 -0.8594052 -0.4738163 -0.1921477 0.5071015 0.5037548 -0.6993420 -0.7506823 -0.6223086 -0.2218292 0.4841769 0.5170755 -0.7058368 0.0009764 -0.0028397 -0.0003509 -0.0014423 0.0001699 -0.0011355 0.0001078 -0.0003419 0.0014786 -0.0012241 0.0007383 0.0009510 0.0044211 -0.0076478 -0.0007108 -0.0029538 0.0001819 -0.0020017 -0.0000985 -0.0012236 0.0038021 -0.0014845 0.0022202 0.0006134
-0.2863703 -0.1612627 -0.0645965 0.2592964 0.2591879 -0.3607195 -0.2835086 -0.2354572 -0.0823310 0.2594650 0.2791406 -0.3790836 -0.8549841 -0.4814641 -0.1928586 0.5041477 0.5039367 -0.7013437 -0.7507808 -0.6235322 -0.2180270 0.4826924 0.5192957 -0.7052234 0.0002988 -0.0003447 -0.0008099 -0.0007427 -0.0049489 -0.0040526 0.0004276 -0.0005280 0.0001387 0.0000537 -0.0005697 -0.0001905 0.0010654 -0.0009312 -0.0023784 -0.0014579 -0.0096358 -0.0078598 0.0010899 -0.0014337 0.0003548 0.0002214 -0.0009294 -0.0005319
-0.2860715 -0.1616074 -0.0654064 0.2585537 0.2542390 -0.3647721 -0.2830810 -0.2359852 -0.0821924 0.2595187 0.2785709 -0.3792741 -0.8539188 -0.4823953 -0.1952370 0.5026898 0.4943009 -0.7092035 -0.7496909 -0.6249659 -0.2176722 0.4829138 0.5183663 -0.7057553 0.0002341 -0.0005017 0.0000629 -0.0013497 -0.0092089 -0.0054148 0.0002245 0.0001850 -0.0001417 -0.0002596 -0.0040252 -0.0041532 0.0007759 -0.0014538 0.0002054 -0.0013773 -0.0167166 -0.0123220 0.0000922 0.0000712 -0.0005214 -0.0011553 -0.0082021 -0.0067341
-0.2858374 -0.1621091 -0.0653435 0.2572041 0.2450301 -0.3701868 -0.2828565 -0.2358002 -0.0823340 0.2592591 0.2745457 -0.3834273 -0.8531428 -0.4838492 -0.1950316 0.5013125 0.4775844 -0.7215254 -0.7495987 -0.6248946 -0.2181936 0.4817586 0.5101643 -0.7124894 0.0005936 0.0004342 -0.0009650 0.0024169 -0.0057459 -0.0002374 0.0003906 0.0002474 -0.0012384 0.0065784 -0.0144505 -0.0136731 0.0004316 0.0005366 -0.0031918 0.0060209 -0.0099917 -0.0023322 0.0006880 0.0003661 -0.0033845 0.0068541 -0.0321060 -0.0173859
-0.2852439 -0.1616748 -0.0663085 0.2596209 0.2392841 -0.3704242 -0.2824659 -0.2355529 -0.0835724 0.2658376 0.2600952 -0.3971004 -0.8527112 -0.4833126 -0.1982233 0.5073334 0.4675927 -0.7238576 -0.7489107 -0.6245286 -0.2215781 0.4886127 0.4780582 -0.7298753 0.0004810 0.0004410 -0.0022870 0.0025506 -0.0094841 0.0017904 0.0008655 -0.0006332 -0.0026261 0.0089433 -0.0127221 -0.0060034 0.0010266 0.0010855 -0.0069360 0.0093846 -0.0146762 -0.0026884 0.0029665 -0.0011154 -0.0067570 0.0137443 -0.0258083 -0.0070829
-0.2847629 -0.1612338 -0.0685955 0.2621715 0.2298000 -0.3686338 -0.2816005 -0.2361861 -0.0861985 0.2747808 0.2473731 -0.4031038 -0.8516846 -0.4822271 -0.2051593 0.5167180 0.4529164 -0.7265461 -0.7459442 -0.6256439 -0.2283351 0.5023570 0.4522499 -0.7369583 -0.0002825 0.0005263 0.0022888 0.0051979 -0.0063923 -0.0216462 -0.0001594 0.0001072 0.0016752 -0.0017647 -0.0062981 -0.0054376 -0.0020571 0.0008906 0.0065635 -0.0056699 -0.0258966 -0.0194324 -0.0010694 -0.0002583 0.0042434 -0.0035349 -0.0117869 -0.0094792
-0.2850454 -0.1607076 -0.0663067 0.2673694 0.2234077 -0.3902800 -0.2817599 -0.2360789 -0.0845233 0.2730161 0.2410750 -0.4085414 -0.8537417 -0.4813365 -0.1985958 0.5110480 0.4270199 -0.7459785 -0.7470136 -0.6259023 -0.2240917 0.4988220 0.4404630 -0.7464375 0.0007485 0.0000037 0.0007371 -0.0008144 -0.0001441 0.0018406 -0.0000569 0.0000458 0.0006993 -0.0010720 -0.0007657 -0.0011297 0.0002314 -0.0011253 0.0017439 0.0002515 0.0012390 0.0008831 -0.0004327 -0.0001147 0.0017702 -0.0019350 -0.0013782 -0.0020996
-0.2842968 -0.1607038 -0.0655697 0.2665550 0.2232635 -0.3884394 -0.2818168 -0.2360332 -0.0838240 0.2719442 0.2403092 -0.4096712 -0.8535103 -0.4824618 -0.1968519 0.5112995 0.4282589 -0.7450954 -0.7474463 -0.6260170 -0.2223215 0.4968871 0.4390848 -0.7485371 0.0005576 0.0006752 -0.0028383 0.0038774 0.0016347 0.0069783 0.0010049 0.0005878 -0.0025361 0.0037633 0.0009679 0.0032970 0.0010860 0.0016953 -0.0086629 0.0098959 0.0051801 0.0099179 0.0015864 0.0006546 -0.0070582 0.0070136 0.0018889 0.0058215
-0.2837392 -0.1600287 -0.0684080 0.2704324 0.2248983 -0.3814611 -0.2808119 -0.2354453 -0.0863601 0.2757074 0.2412772 -0.4063742 -0.8524243 -0.4807665 -0.2055149 0.5211955 0.4334390 -0.7351775 -0.7458598 -0.6253624 -0.2293797 0.5039006 0.4409737 -0.7427156 -0.0008776 0.0002025 0.0004465 -0.0037912 -0.0012473 0.0286523 0.0000889 0.0001296 0.0001043 -0.0026804 0.0044754 0.0037905 -0.0012004 0.0014148 0.0016844 0.0168522 0.0178598 0.0232546 -0.0001031 0.0000597 0.0001729 -0.0029224 0.0099585 0.0040133
-0.2846168 -0.1598262 -0.0679615 0.2666412 0.2236509 -0.3528089 -0.2807230 -0.2353158 -0.0862558 0.2730270 0.2457525 -0.4025837 -0.8536247 -0.4793517 -0.2038305 0.5380476 0.4512988 -0.7119229 -0.7459630 -0.6253027 -0.2292068 0.5009782 0.4509322 -0.7387022 -0.0003724 0.0008078 0.0003117 -0.0000834 0.0058784 -0.0015756 -0.0001004 0.0001894 0.0002305 -0.0057346 0.0137800 0.0103234 -0.0014543 0.0022344 0.0008549 -0.0042110 0.0083808 0.0021953 -0.0004578 0.0003435 0.0005540 -0.0068985 0.0288039 0.0136239
-0.2849892 -0.1590184 -0.0676497 0.2665578 0.2295293 -0.3543845 -0.2808234 -0.2351264 -0.0860253 0.2672924 0.2595325 -0.3922603 -0.8550789 -0.4771173 -0.2029756 0.5338366 0.4596795 -0.7097275 -0.7464207 -0.6249592 -0.2286528 0.4940798 0.4797360 -0.7250783 -0.0008944 -0.0006152 0.0005576 -0.0026850 0.0055252 -0.0065853 -0.0006851 -0.0001709 0.0009645 -0.0009237 0.0066500 0.0075394 -0.0002557 -0.0004902 0.0022428 -0.0114736 0.0056349 -0.0048488 -0.0010277 0.0002089 0.0028032 0.0007118 0.0147098 0.0104423
-0.2858836 -0.1596336 -0.0670921 0.2638728 0.2350546 -0.3609697 -0.2815086 -0.2352972 -0.0850608 0.2663687 0.2661826 -0.3847209 -0.8553347 -0.4776075 -0.2007328 0.5223630 0.4653144 -0.7145763 -0.7474484 -0.6247502 -0.2258496 0.4947916 0.4944458 -0.7146360 -0.0003637 -0.0001526 0.0006117 -0.0013888 0.0128041 -0.0006380 -0.0004295 -0.0001823 0.0010412 -0.0010257 0.0059643 0.0051033 -0.0004177 -0.0000822 0.0019857 -0.0086671 0.0197588 0.0068897 -0.0007402 -0.0001498 0.0028839 -0.0008515 0.0121597 0.0079720
-0.2862474 -0.1597862 -0.0664805 0.2624840 0.2478586 -0.3616078 -0.2819381 -0.2354796 -0.0840196 0.2653430 0.2721468 -0.3796176 -0.8557524 -0.4776897 -0.1987471 0.5136960 0.4850732 -0.7076867 -0.7481886 -0.6249000 -0.2229657 0.4939401 0.5066055 -0.7066640 -0.0009176 -0.0001881 0.0009773 -0.0013123 0.0025321 -0.0002669 -0.0006006 -0.0006838 0.0011886 -0.0020039 0.0025240 0.0019868 -0.0009941 0.0004120 0.0033207 -0.0033179 0.0042367 0.0005163 -0.0003738 -0.0007950 0.0035119 -0.0027218 0.0057504 0.0022522
-0.2871649 -0.1599743 -0.0655032 0.2611717 0.2503907 -0.3618747 -0.2825387 -0.2361634 -0.0828310 0.2633391 0.2746708 -0.3776307 -0.8567464 -0.4772778 -0.1954264 0.5103781 0.4893099 -0.7071704 -0.7485625 -0.6256950 -0.2194538 0.4912183 0.5123559 -0.7044118 -0.0001702 -0.0001322 0.0006870 -0.0005111 0.0009978 -0.0006132 -0.0000145 0.0000422 0.0003562 -0.0006012 0.0006144 -0.0001509 -0.0003149 -0.0002869 0.0020931 -0.0016571 0.0013150 -0.0002829 -0.0002240 -0.0000434 0.0008895 -0.0012370 0.0010249 -0.0001153
-0.2873351 -0.1601065 -0.0648162 0.2606606 0.2513885 -0.3624880 -0.2825532 -0.2361212 -0.0824748 0.2627379 0.2752852 -0.3777817 -0.8570614 -0.4775647 -0.1933332 0.5087210 0.4906249 -0.7074533 -0.7487864 -0.6257384 -0.2185643 0.4899813 0.5133808 -0.7045271 -0.0002806 0.0000062 0.0002175 -0.0001370 0.0051290 0.0009546 -0.0002044 -0.0001246 0.0002770 -0.0002196 -0.0001029 -0.0012398 -0.0003367 0.0002970 0.0007611 -0.0020422 0.0082625 0.0043260 -0.0002030 -0.0000472 0.0008324 -0.0010606 -0.0008744 -0.0013721
-0.2876157 -0.1601003 -0.0645987 0.2605236 0.2565175 -0.3615334 -0.2827576 -0.2362458 -0.0821979 0.2625183 0.2751823 -0.3790215 -0.8573981 -0.4772677 -0.1925722 0.5066788 0.4988874 -0.7031273 -0.7489895 -0.6257856 -0.2177318 0.4889207 0.5125065 -0.7058992 -0.0003793 -0.0015474 0.0013425 -0.0081745 -0.0201565 -0.0112116 -0.0003299 -0.0005369 0.0016938 0.0001881 -0.0091692 -0.0094847 0.0009391 -0.0034510 0.0044567 -0.0103336 -0.0339893 -0.0300243 -0.0004400 -0.0010594 0.0046101 -0.0016871 -0.0191402 -0.0146514
-0.2879950 -0.1616476 -0.0632562 0.2523491 0.2363610 -0.3727450 -0.2830874 -0.2367827 -0.0805040 0.2627064 0.2660131 -0.3885062 -0.8564591 -0.4807187 -0.1881155 0.4963452 0.4648981 -0.7331516 -0.7494294 -0.6268450 -0.2131217 0.4872336 0.4933663 -0.7205506 0.0000370 0.0004690 -0.0003095 0.0012999 -0.0015916 0.0006668 0.0000206 0.0000776 -0.0005047 0.0068612 -0.0127651 -0.0107013 -0.0003958 0.0011117 -0.0010320 0.0031259 -0.0026037 0.0004766 0.0001415 0.0002781 -0.0013112 0.0081011 -0.0280192 -0.0129995
-0.2879580 -0.1611786 -0.0635656 0.2536490 0.2347694 -0.3720781 -0.2830668 -0.2367051 -0.0810087 0.2695676 0.2532480 -0.3992075 -0.8568549 -0.4796070 -0.1891475 0.4994711 0.4622944 -0.7326749 -0.7492880 -0.6265669 -0.2144330 0.4953347 0.4653471 -0.7335500 -0.0010984 -0.0002347 0.0091170 0.0014777 -0.0113943 -0.0474616 -0.0015076 -0.0003043 0.0088031 -0.0063238 -0.0162910 -0.0187021 -0.0046672 -0.0014794 0.0268654 -0.0265271 -0.0482104 -0.0450516 -0.0049129 -0.0015737 0.0230681 -0.0147950 -0.0327929 -0.0293252
-0.2890564 -0.1614133 -0.0544486 0.2551267 0.2233750 -0.4195397 -0.2845744 -0.2370095 -0.0722056 0.2632438 0.2369569 -0.4179097 -0.8615221 -0.4810865 -0.1622822 0.4729439 0.4140840 -0.7777265 -0.7542008 -0.6281406 -0.1913649 0.4805397 0.4325541 -0.7628752 -0.0006203 -0.0013388 0.0055213 -0.0087194 -0.0014864 -0.0054152 -0.0011321 -0.0005081 0.0054668 -0.0072229 -0.0078287 -0.0081822 -0.0009978 -0.0035123 0.0165998 -0.0158007 -0.0024287 -0.0106643 -0.0026625 -0.0010657 0.0145676 -0.0128002 -0.0139465 -0.0155768
-0.2896766 -0.1627521 -0.0489273 0.2464073 0.2218886 -0.4249549 -0.2857065 -0.2375176 -0.0667388 0.2560209 0.2291282 -0.4260919 -0.8625199 -0.4845988 -0.1456824 0.4571432 0.4116553 -0.7883908 -0.7568633 -0.6292063 -0.1767973 0.4677394 0.4186076 -0.7784520 0.0006851 -0.0031189 0.0025123 -0.0084530 -0.0028701 -0.0094488 -0.0004609 -0.0005100 0.0033107 -0.0063847 -0.0045025 -0.0055434 0.0035197 -0.0084371 0.0077182 -0.0177645 -0.0072411 -0.0137286 -0.0010211 -0.0011848 0.0088147 -0.0112707 -0.0078715 -0.0108085
-0.2889916 -0.1658710 -0.0464150 0.2379543 0.2190185 -0.4344037 -0.2861674 -0.2380276 -0.0634281 0.2496362 0.2246257 -0.4316352 -0.8590003 -0.4930359 -0.1379642 0.4393787 0.4044141 -0.8021194 -0.7578845 -0.6303911 -0.1679826 0.4564687 0.4107362 -0.7892605 0.0003961 -0.0008516 -0.0000767 0.0101121 -0.0152246 0.0716063 0.0003224 -0.0008325 -0.0000221 -0.0000311 -0.0003734 -0.0004509 0.0014106 -0.0023966 -0.0001903 0.0726801 0.0162573 0.0532327 0.0014251 -0.0017275 0.0000682 -0.0002142 -0.0008242 -0.0005522
-0.2885955 -0.1667226 -0.0464916 0.2480664 0.2037939 -0.3627974 -0.2858451 -0.2388601 -0.0634502 0.2496051 0.2242523 -0.4320862 -0.8575896 -0.4954325 -0.1381545 0.5120589 0.4206715 -0.7488867 -0.7564594 -0.6321186 -0.1679144 0.4562545 0.4099119 -0.7898127 0.0039337 0.0012589 -0.0240662 0.0252446 0.0038550 0.0189007 0.0052584 0.0013834 -0.0239342 0.0334735 0.0046066 0.0233942 0.0122256 0.0040526 -0.0713821 0.0504453 0.0066928 0.0411093 0.0138446 0.0036007 -0.0633615 0.0609716 0.0082466 0.0430727
-0.2846617 -0.1654637 -0.0705578 0.2733110 0.2076488 -0.3438967 -0.2805867 -0.2374768 -0.0873844 0.2830786 0.2288589 -0.4086920 -0.8453640 -0.4913799 -0.2095366 0.5625042 0.4273643 -0.7077774 -0.7426148 -0.6285179 -0.2312759 0.5172261 0.4181586 -0.7467400 -0.0002826 0.0013131 0.0001465 -0.0024756 0.0063136 -0.0062362 0.0000584 0.0004762 0.0004489 -0.0077621 0.0118209 0.0023734 -0.0019328 0.0032695 0.0001649 -0.0116397 0.0078238 -0.0043740 -0.0007233 0.0005188 0.0009161 -0.0135783 0.0221268 0.0034448
-0.2849444 -0.1641506 -0.0704113 0.2708354 0.2139625 -0.3501329 -0.2805282 -0.2370005 -0.0869354 0.2753165 0.2406798 -0.4063186 -0.8472967 -0.4881104 -0.2093717 0.5508645 0.4351881 -0.7121514 -0.7433380 -0.6279992 -0.2303598 0.5036478 0.4402854 -0.7432952 -0.0001580 0.0006351 -0.0010356 -0.0018562 0.0112642 -0.0034602 0.0000132 0.0000960 -0.0009093 -0.0025144 0.0070124 0.0117196 -0.0003617 0.0019506 -0.0030524 -0.0108556 0.0169822 0.0022695 0.0003116 0.0004878 -0.0023228 0.0016447 0.0184977 0.0124069
-0.2851024 -0.1635155 -0.0714469 0.2689792 0.2252267 -0.3535931 -0.2805150 -0.2369045 -0.0878447 0.2728021 0.2476922 -0.3945989 -0.8476584 -0.4861597 -0.2124240 0.5400090 0.4521703 -0.7098819 -0.7430265 -0.6275114 -0.2326825 0.5052925 0.4587830 -0.7308883 -0.0003921 0.0002871 0.0012556 -0.0026052 0.0064496 -0.0079559 -0.0004719 -0.0003509 0.0008994 -0.0029786 0.0104081 0.0073078 -0.0013456 0.0007507 0.0036889 -0.0128682 0.0063055 -0.0056057 -0.0005352 -0.0003259 0.0026034 -0.0037365 0.0209814 0.0109801
-0.2854945 -0.1632284 -0.0701913 0.2663740 0.2316763 -0.3615491 -0.2809869 -0.2372554 -0.0869454 0.2698236 0.2581003 -0.3872912 -0.8490040 -0.4854090 -0.2087352 0.5271408 0.4584758 -0.7154876 -0.7435617 -0.6278372 -0.2300792 0.5015559 0.4797644 -0.7199082 -0.0005305 -0.0002560 0.0007398 -0.0012849 0.0031821 -0.0005158 -0.0004387 -0.0000260 0.0007991 -0.0023081 0.0064794 0.0051207 -0.0005133 -0.0001529 0.0024583 -0.0037455 0.0052316 0.0006220 -0.0008462 0.0001964 0.0022110 -0.0027422 0.0135753 0.0073067
-0.2860250 -0.1634844 -0.0694516 0.2650890 0.2348584 -0.3620649 -0.2814255 -0.2372814 -0.0861462 0.2675154 0.2645797 -0.3821705 -0.8495173 -0.4855619 -0.2062768 0.5233953 0.4637074 -0.7148656 -0.7444079 -0.6276408 -0.2278682 0.4988138 0.4933397 -0.7126014 -0.0004134 0.0001518 0.0007657 -0.0021667 0.0110590 -0.0041366 -0.0002185 0.0000381 0.0005559 -0.0007610 0.0034245 0.0027792 -0.0009230 0.0006246 0.0023472 -0.0113991 0.0151744 0.0017512 -0.0005533 0.0001216 0.0014780 -0.0008132 0.0069940 0.0043207
-0.2864384 -0.1633326 -0.0686859 0.2629224 0.2459174 -0.3662014 -0.2816441 -0.2372433 -0.0855903 0.2667545 0.2680042 -0.3793913 -0.8504402 -0.4849372 -0.2039296 0.5119961 0.4788819 -0.7131144 -0.7449612 -0.6275192 -0.2263903 0.4980006 0.5003337 -0.7082808 -0.0004997 0.0004597 0.0000245 0.0019699 0.0163130 0.0079679 -0.0003695 -0.0002574 0.0006690 -0.0014735 0.0010104 0.0006108 -0.0009839 0.0016485 0.0001923 0.0003920 0.0283574 0.0201738 -0.0004133 -0.0002058 0.0019393 -0.0021419 0.0025040 0.0002706
-0.2869381 -0.1628729 -0.0686614 0.2648923 0.2622304 -0.3582335 -0.2820136 -0.2375007 -0.0849214 0.2652809 0.2690146 -0.3787805 -0.8514242 -0.4832887 -0.2037373 0.5123882 0.5072392 -0.6929406 -0.7453745 -0.6277250 -0.2244510 0.4958587 0.5028376 -0.7080102 -0.0002808 0.0005661 0.0004364 -0.0028021 -0.0185141 -0.0108683 -0.0001041 0.0000291 0.0004271 -0.0000583 -0.0000724 -0.0004823 -0.0011432 0.0015045 0.0012212 -0.0026096 -0.0331987 -0.0249810 -0.0003467 0.0000167 0.0011074 -0.0003649 -0.0003948 -0.0005355
-0.2872188 -0.1623068 -0.0682250 0.2620901 0.2437163 -0.3691018 -0.2821177 -0.2374716 -0.0844943 0.2652227 0.2689422 -0.3792628 -0.8525674 -0.4817842 -0.2025161 0.5097785 0.4740405 -0.7179216 -0.7457212 -0.6277082 -0.2233436 0.4954939 0.5024428 -0.7085458 0.0003678 0.0000639 -0.0008403 0.0030071 -0.0011535 -0.0003252 0.0005025 0.0002205 -0.0007279 0.0024542 -0.0052091 -0.0036327 0.0006543 -0.0000577 -0.0025997 0.0046200 -0.0033682 0.0010802 0.0006397 0.0000027 -0.0021324 0.0034528 -0.0108473 -0.0051672
-0.2868510 -0.1622429 -0.0690654 0.2650973 0.2425628 -0.3694270 -0.2816152 -0.2372511 -0.0852222 0.2676769 0.2637331 -0.3828956 -0.8519131 -0.4818419 -0.2051158 0.5143986 0.4706723 -0.7168415 -0.7450815 -0.6277055 -0.2254760 0.4989466 0.4915955 -0.7137129 0.0004075 -0.0005876 -0.0006777 -0.0048587 -0.0129640 -0.0005632 0.0002371 0.0003567 -0.0006005 0.0043918 -0.0081481 -0.0110412 0.0014033 -0.0016354 -0.0019657 -0.0013902 -0.0180642 -0.0125202 0.0001059 0.0005047 -0.0017477 0.0023709 -0.0206510 -0.0121603
-0.2864435 -0.1628305 -0.0697430 0.2602386 0.2295988 -0.3699902 -0.2813781 -0.2368944 -0.0858226 0.2720687 0.2555850 -0.3939368 -0.8505098 -0.4834773 -0.2070815 0.5130083 0.4526081 -0.7293616 -0.7449756 -0.6272008 -0.2272237 0.5013176 0.4709445 -0.7258733 -0.0001376 0.0001319 0.0016279 0.0152226 -0.0062693 -0.0046775 -0.0001027 0.0000989 0.0016039 0.0079858 -0.0137317 -0.0092754 -0.0011165 -0.0000104 0.0046653 0.0209568 -0.0196971 0.0030908 -0.0009565 -0.0003142 0.0040416 0.0104132 -0.0290170 -0.0108979
-0.2865811 -0.1626986 -0.0681151 0.2754613 0.2233296 -0.3746677 -0.2814807 -0.2367955 -0.0842187 0.2800545 0.2418533 -0.4032121 -0.8516263 -0.4834877 -0.2024162 0.5339651 0.4329109 -0.7262709 -0.7459321 -0.6275150 -0.2231821 0.5117308 0.4419274 -0.7367711 -0.0009791 -0.0005065 0.0127736 -0.0194207 -0.0011867 -0.0266690 -0.0023219 -0.0003320 0.0120901 -0.0159330 -0.0056084 -0.0149579 -0.0061340 -0.0033354 0.0373385 -0.0465785 -0.0100504 -0.0376946 -0.0072658 -0.0018094 0.0317564 -0.0298648 -0.0109198 -0.0261427
-0.2875602 -0.1632052 -0.0553415 0.2560406 0.2221429 -0.4013368 -0.2838027 -0.2371275 -0.0721286 0.2641215 0.2362449 -0.4181701 -0.8577603 -0.4868230 -0.1650777 0.4873866 0.4228605 -0.7639655 -0.7531978 -0.6293244 -0.1914257 0.4818660 0.4310076 -0.7629139 -0.0009194 -0.0007663 0.0043917 -0.0072561 -0.0007052 -0.0075174 -0.0012479 -0.0006203 0.0044939 -0.0066512 -0.0032059 -0.0061693 -0.0015448 -0.0016049 0.0133115 -0.0156164 -0.0029482 -0.0113451 -0.0023111 -0.0008117 0.0121639 -0.0123095 -0.0060073 -0.0109669
-0.2884796 -0.1639715 -0.0509498 0.2487845 0.2214376 -0.4088542 -0.2850505 -0.2377479 -0.0676348 0.2574703 0.2330389 -0.4243393 -0.8593051 -0.4884279 -0.1517661 0.4717702 0.4199124 -0.7753106 -0.7555089 -0.6301361 -0.1792618 0.4695565 0.4250003 -0.7738808 0.0002165 -0.0003467 -0.0004710 -0.0051585 0.0029924 -0.0134915 0.0001492 -0.0001041 -0.0003626 -0.0003053 -0.0014383 0.0011730 0.0007865 -0.0009521 -0.0013777 -0.0178775 -0.0017830 -0.0115498 0.0004316 -0.0002456 -0.0009525 0.0008689 -0.0013391 -0.0002066
-0.2882632 -0.1643182 -0.0514208 0.2436260 0.2244301 -0.4223457 -0.2849013 -0.2378519 -0.0679974 0.2571650 0.2316007 -0.4231663 -0.8585186 -0.4893800 -0.1531438 0.4538927 0.4181294 -0.7868604 -0.7550773 -0.6303817 -0.1802143 0.4704253 0.4236612 -0.7740873 0.0003270 0.0007279 -0.0052679 0.0131395 -0.0011148 0.0464072 0.0008744 0.0000691 -0.0057084 0.0076781 0.0011295 0.0056011 0.0015150 0.0024752 -0.0155825 0.0524703 0.0222671 0.0454782 0.0030528 0.0007988 -0.0149381 0.0141885 0.0021920 0.0100202
-0.2879361 -0.1635903 -0.0566887 0.2567655 0.2233153 -0.3759385 -0.2840269 -0.2377828 -0.0737058 0.2648431 0.2327302 -0.4175653 -0.8570036 -0.4869048 -0.1687263 0.5063630 0.4403964 -0.7413822 -0.7520245 -0.6295829 -0.1951524 0.4846138 0.4258532 -0.7640671 0.0013160 0.0004384 -0.0072069 0.0045609 -0.0023026 0.0253706 0.0017433 0.0004467 -0.0071904 0.0036398 0.0102307 0.0087626 0.0038023 0.0012396 -0.0214759 0.0270273 0.0107102 0.0258421 0.0043856 0.0009892 -0.0191042 0.0070169 0.0190432 0.0154908
-0.2866202 -0.1631519 -0.0638956 0.2613264 0.2210127 -0.3505679 -0.2822836 -0.2373360 -0.0808962 0.2684829 0.2429610 -0.4088026 -0.8532013 -0.4856652 -0.1902022 0.5333903 0.4511066 -0.7155401 -0.7476390 -0.6285937 -0.2142566 0.4916307 0.4448964 -0.7485763 0.0010262 -0.0003133 -0.0015538 0.0009174 0.0064555 -0.0073764 0.0005714 0.0002074 -0.0013911 -0.0041221 0.0084034 0.0055340 0.0019834 -0.0015458 -0.0048708 -0.0074679 0.0050746 -0.0023069 0.0010060 0.0001223 -0.0038326 -0.0054763 0.0173578 0.0069733
-0.2855940 -0.1634652 -0.0654493 0.2622438 0.2274683 -0.3579443 -0.2817122 -0.2371286 -0.0822873 0.2643609 0.2513644 -0.4032686 -0.8512179 -0.4872110 -0.1950729 0.5259224 0.4561811 -0.7178470 -0.7466330 -0.6284714 -0.2180892 0.4861544 0.4622541 -0.7416030 -0.0002695 -0.0000645 -0.0003674 -0.0006311 0.0028975 -0.0038468 0.0000141 -0.0002519 -0.0003479 -0.0000810 0.0059243 0.0061967 0.0000406 0.0002905 -0.0009006 -0.0051930 0.0023525 -0.0022834 0.0004800 -0.0002946 -0.0007922 0.0014938 0.0124939 0.0089274
-0.2858635 -0.1635297 -0.0658167 0.2616127 0.2303657 -0.3617911 -0.2816981 -0.2373806 -0.0826351 0.2642798 0.2572886 -0.3970719 -0.8511773 -0.4869205 -0.1959735 0.5207294 0.4585336 -0.7201304 -0.7461530 -0.6287660 -0.2188813 0.4876482 0.4747481 -0.7326756 -0.0003803 -0.0003716 -0.0000526 -0.0009737 0.0029983 -0.0031481 -0.0001675 0.0001138 0.0002234 0.0004897 0.0038242 0.0035460 0.0001726 -0.0003593 0.0001437 -0.0051653 0.0030785 -0.0017476 -0.0004345 0.0003092 0.0005944 0.0013715 0.0075180 0.0058474
-0.2862438 -0.1639014 -0.0658693 0.2606390 0.2333641 -0.3649392 -0.2818656 -0.2372667 -0.0824118 0.2647695 0.2611129 -0.3935259 -0.8510047 -0.4872798 -0.1958299 0.5155641 0.4616122 -0.7218780 -0.7465874 -0.6284568 -0.2182869 0.4890197 0.4822661 -0.7268281 0.0007040 -0.0007770 0.0008273 0.0000967 0.0019935 -0.0014540 -0.0001193 -0.0003787 0.0001479 0.0005755 0.0026618 0.0032874 0.0011327 -0.0028639 0.0022410 -0.0018630 0.0020889 0.0000106 0.0002670 -0.0005118 0.0005618 0.0017955 0.0056443 0.0049944
-0.2855398 -0.1646784 -0.0650420 0.2607357 0.2353575 -0.3663932 -0.2819849 -0.2376455 -0.0822639 0.2653450 0.2637746 -0.3902385 -0.8498720 -0.4901437 -0.1935889 0.5137011 0.4637011 -0.7218674 -0.7463204 -0.6289687 -0.2177251 0.4908152 0.4879104 -0.7218337 -0.0003273 0.0003903 0.0000632 -0.0001618 0.0000996 -0.0021805 -0.0001133 0.0000236 0.0004588 -0.0002445 0.0007310 -0.0003186 -0.0007842 0.0012708 0.0002312 -0.0018712 -0.0012067 -0.0021002 -0.0003590 0.0000129 0.0011971 -0.0008755 0.0009298 0.0000343
-0.2858671 -0.1642881 -0.0649788 0.2605739 0.2354571 -0.3685738 -0.2820983 -0.2376218 -0.0818051 0.2651006 0.2645057 -0.3905571 -0.8506562 -0.4888729 -0.1933577 0.5118299 0.4624944 -0.7239676 -0.7466794 -0.6289558 -0.2165281 0.4899397 0.4888402 -0.7217994 -0.0003465 0.0003110 -0.0002580 0.0027764 -0.0001654 -0.0033608 0.0000850 -0.0000383 -0.0006260 0.0016930 -0.0005744 -0.0008630 -0.0005424 0.0012056 -0.0006562 0.0016387 -0.0037332 -0.0012139 0.0004161 0.0000595 -0.0016011 0.0020615 -0.0021176 -0.0000288
-0.2862136 -0.1639771 -0.0652368 0.2633503 0.2352916 -0.3719346 -0.2820132 -0.2376602 -0.0824311 0.2667936 0.2639312 -0.3914201 -0.8511986 -0.4876674 -0.1940140 0.5134686 0.4587611 -0.7251815 -0.7462634 -0.6288964 -0.2181292 0.4920012 0.4867226 -0.7218282 -0.0001055 0.0000609 -0.0005332 0.0013283 -0.0031095 -0.0014827 0.0001291 0.0001839 -0.0006340 0.0042534 -0.0061656 -0.0036781 0.0001012 0.0004187 -0.0014905 0.0022440 -0.0063662 -0.0024031 0.0001972 0.0003652 -0.0017203 0.0061829 -0.0129497 -0.0043618
-0.2863191 -0.1639162 -0.0657700 0.2646785 0.2321821 -0.3734173 -0.2818842 -0.2374762 -0.0830652 0.2710470 0.2577656 -0.3950982 -0.8510974 -0.4872487 -0.1955044 0.5157126 0.4523949 -0.7275846 -0.7460662 -0.6285312 -0.2198496 0.4981840 0.4737729 -0.7261900 0.0002780 0.0004604 -0.0013163 0.0025399 -0.0041369 -0.0017969 0.0004085 0.0003534 -0.0012438 0.0104421 -0.0122259 -0.0130950 0.0003189 0.0010786 -0.0040317 0.0041676 -0.0087272 -0.0024041 0.0005858 0.0005179 -0.0034403 0.0105563 -0.0300046 -0.0115450
-0.2860412 -0.1634558 -0.0670863 0.2672185 0.2280452 -0.3752142 -0.2814757 -0.2371229 -0.0843089 0.2814890 0.2455396 -0.4081932 -0.8507785 -0.4861701 -0.1995361 0.5198803 0.4436677 -0.7299887 -0.7454804 -0.6280133 -0.2232898 0.5087403 0.4437683 -0.7377351 -0.0017413 -0.0004188 0.0081128 0.0108136 -0.0041295 -0.0535656 -0.0021009 -0.0008595 0.0084191 -0.0025618 -0.0135299 -0.0162841 -0.0047495 -0.0010010 0.0242183 -0.0215575 -0.0423388 -0.0385226 -0.0049150 -0.0017317 0.0224715 -0.0092282 -0.0282777 -0.0224328
-0.2877824 -0.1638746 -0.0589734 0.2780320 0.2239157 -0.4287798 -0.2835766 -0.2379824 -0.0758898 0.2789273 0.2320097 -0.4244773 -0.8555279 -0.4871710 -0.1753179 0.4983228 0.4013289 -0.7685112 -0.7503954 -0.6297450 -0.2008183 0.4995121 0.4154906 -0.7601679 -0.0015800 -0.0010651 0.0060081 -0.0092023 -0.0030440 -0.0101018 -0.0018588 -0.0017036 0.0059653 -0.0062082 -0.0129733 -0.0014433 -0.0024648 -0.0018938 0.0182696 -0.0183239 -0.0069597 -0.0151175 -0.0022838 -0.0022956 0.0164309 -0.0046896 -0.0180701 -0.0126242
-0.2893625 -0.1649396 -0.0529653 0.2688297 0.2208716 -0.4388815 -0.2854353 -0.2396861 -0.0699245 0.2727190 0.2190363 -0.4259206 -0.8579927 -0.4890648 -0.1570483 0.4799989 0.3943692 -0.7836287 -0.7526792 -0.6320406 -0.1843875 0.4948226 0.3974204 -0.7727921 -0.0003729 -0.0008838 0.0013902 -0.0029518 -0.0019374 -0.0038923 -0.0004381 -0.0009036 0.0009950 -0.0019263 -0.0029346 -0.0037839 0.0002617 -0.0018380 0.0043654 -0.0060263 -0.0040817 -0.0056910 0.0002720 -0.0011816 0.0029678 -0.0042323 -0.0059130 -0.0056956
-0.2897353 -0.1658234 -0.0515752 0.2658779 0.2189342 -0.4427738 -0.2858734 -0.2405897 -0.0689295 0.2707928 0.2161017 -0.4297045 -0.8577309 -0.4909028 -0.1526829 0.4739726 0.3902875 -0.7893197 -0.7524072 -0.6332222 -0.1814197 0.4905902 0.3915075 -0.7784877 0.0004858 -0.0005276 0.0004764 -0.0008512 -0.0006199 -0.0010978 -0.0001447 -0.0004789 0.0002325 0.0009452 -0.0005776 -0.0029071 0.0008562 -0.0018965 0.0013075 -0.0017053 -0.0012599 -0.0016424 0.0003519 -0.0006430 0.0007880 -0.0005106 -0.0028097 -0.0017276
-0.2892496 -0.1663511 -0.0510988 0.2650267 0.2183143 -0.4438717 -0.2860181 -0.2410686 -0.0686970 0.2717380 0.2155241 -0.4326116 -0.8568747 -0.4927994 -0.1513755 0.4722673 0.3890276 -0.7909621 -0.7520553 -0.6338652 -0.1806317 0.4900796 0.3886978 -0.7802153 -0.0003966 0.0002225 -0.0006129 0.0001050 0.0002773 0.0007718 -0.0000370 -0.0002916 -0.0005362 0.0005368 0.0005679 -0.0005709 -0.0003529 0.0011306 -0.0016690 0.0005684 0.0008086 0.0007380 0.0005151 -0.0002501 -0.0012617 0.0001465 0.0003721 0.0002776
-0.2896462 -0.1661285 -0.0517118 0.2651316 0.2185916 -0.4430999 -0.2860551 -0.2413602 -0.0692332 0.2722748 0.2160920 -0.4331826 -0.8572276 -0.4916688 -0.1530445 0.4728356 0.3898362 -0.7902241 -0.7515402 -0.6341152 -0.1818933 0.4902262 0.3890700 -0.7799377 -0.0002443 0.0012922 -0.0046837 0.0027436 -0.0007668 0.0567132 0.0005856 0.0002770 -0.0050856 0.0058874 0.0048351 0.0037323 0.0001034 0.0042942 -0.0137009 0.0441291 0.0305377 0.0445477 0.0022150 0.0012992 -0.0131851 0.0088767 0.0073367 0.0093807
-0.2898905 -0.1648364 -0.0563954 0.2678752 0.2178248 -0.3863866 -0.2854695 -0.2410831 -0.0743188 0.2781623 0.2209271 -0.4294503 -0.8571243 -0.4873746 -0.1667454 0.5169647 0.4203739 -0.7456764 -0.7493252 -0.6328160 -0.1950785 0.4991029 0.3964067 -0.7705570 0.0005491 0.0007017 -0.0063951 0.0078153 0.0012995 0.0075715 0.0008394 0.0006149 -0.0061729 0.0058533 0.0083253 0.0067799 0.0024201 0.0025266 -0.0187357 0.0160540 0.0032799 0.0132773 0.0026687 0.0020072 -0.0160715 0.0094711 0.0141054 0.0137001
-0.2893414 -0.1641347 -0.0627905 0.2756906 0.2191243 -0.3788151 -0.2846301 -0.2404683 -0.0804917 0.2840156 0.2292524 -0.4226704 -0.8547042 -0.4848480 -0.1854810 0.5330187 0.4236538 -0.7323991 -0.7466565 -0.6308088 -0.2111500 0.5085740 0.4105120 -0.7568569 -0.0003855 0.0010163 -0.0011387 -0.0038063 0.0027028 0.0066232 0.0000722 0.0007989 -0.0010740 0.0013529 0.0071906 0.0046576 -0.0010083 0.0030755 -0.0033348 -0.0014989 0.0100068 0.0047830 -0.0004551 0.0015528 -0.0030022 0.0022561 0.0127379 0.0085841
-0.2897269 -0.1631184 -0.0639292 0.2718843 0.2218271 -0.3721919 -0.2845579 -0.2396694 -0.0815657 0.2853685 0.2364430 -0.4180128 -0.8557125 -0.4817725 -0.1888158 0.5315198 0.4336606 -0.7276161 -0.7471116 -0.6292560 -0.2141522 0.5108301 0.4232499 -0.7482728 0.0001183 -0.0000124 -0.0009330 -0.0012050 0.0056016 -0.0119919 0.0002345 -0.0000993 -0.0012059 0.0004001 0.0092979 0.0025190 0.0005570 0.0000803 -0.0027091 -0.0130764 0.0019433 -0.0082274 0.0009047 -0.0000170 -0.0030821 -0.0014114 0.0148143 0.0076026
-0.2896086 -0.1631308 -0.0648622 0.2706792 0.2274288 -0.3841838 -0.2843234 -0.2397686 -0.0827717 0.2857686 0.2457410 -0.4154938 -0.8551555 -0.4816922 -0.1915249 0.5184434 0.4356039 -0.7358435 -0.7462069 -0.6292730 -0.2172343 0.5094186 0.4380643 -0.7406702 -0.0000862 -0.0001290 0.0001638 0.0105017 0.0094037 -0.0039187 -0.0001267 -0.0002504 0.0001398 -0.0017955 0.0074252 0.0016879 0.0000093 -0.0002320 0.0005428 0.0075413 0.0074213 0.0098485 0.0001018 -0.0002906 0.0004930 -0.0042286 0.0123201 0.0045066
-0.2896949 -0.1632598 -0.0646983 0.2811809 0.2368325 -0.3881025 -0.2844501 -0.2400190 -0.0826319 0.2839731 0.2531662 -0.4138059 -0.8551461 -0.4819242 -0.1909821 0.5259847 0.4430252 -0.7259950 -0.7461051 -0.6295636 -0.2167413 0.5051901 0.4503844 -0.7361636 -0.0000287 -0.0003633 0.0000295 -0.0007707 0.0010476 -0.0052374 -0.0003254 0.0003182 0.0000425 -0.0006121 0.0030967 0.0009366 0.0004052 -0.0007959 0.0001963 -0.0052158 -0.0012421 -0.0045031 -0.0007879 0.0008900 0.0001304 -0.0014523 0.0051804 0.0021957
-0.2897236 -0.1636231 -0.0646689 0.2804103 0.2378800 -0.3933399 -0.2847755 -0.2397008 -0.0825894 0.2833610 0.2562628 -0.4128693 -0.8547410 -0.4827201 -0.1907858 0.5207688 0.4417831 -0.7304981 -0.7468930 -0.6286736 -0.2166109 0.5037378 0.4555648 -0.7339680 -0.0002323 -0.0001875 0.0004186 -0.0011147 0.0027358 -0.0007216 -0.0002501 -0.0001858 0.0003470 -0.0007543 0.0014157 0.0002579 -0.0001569 -0.0002545 0.0013520 -0.0031876 0.0041181 0.0002367 -0.0002079 -0.0001102 0.0010393 -0.0014107 0.0024532 0.0005601
-0.2899559 -0.1638106 -0.0642503 0.2792956 0.2406158 -0.3940615 -0.2850255 -0.2398866 -0.0822425 0.2826066 0.2576785 -0.4126114 -0.8548979 -0.4829746 -0.1894338 0.5175812 0.4459012 -0.7302615 -0.7471009 -0.6287839 -0.2155716 0.5023271 0.4580180 -0.7334078 -0.0003213 0.0001751 0.0001022 -0.0008609 0.0040931 0.0026911 -0.0000258 -0.0009097 -0.0004743 0.0010694 -0.0001713 0.0001064 -0.0005162 0.0007593 0.0003966 -0.0010565 0.0080589 0.0042295 0.0012895 -0.0012378 -0.0008495 0.0015590 -0.0006147 0.0006861
-0.2902772 -0.1636355 -0.0641481 0.2784346 0.2447090 -0.3913704 -0.2850514 -0.2407962 -0.0827168 0.2836760 0.2575073 -0.4125051 -0.8554141 -0.4822153 -0.1890372 0.5165247 0.4539601 -0.7260320 -0.7458113 -0.6300217 -0.2164211 0.5038861 0.4574033 -0.7327217 -0.0002713 -0.0004314 -0.0005431 0.0004360 -0.0004286 0.0002603 -0.0002542 -0.0005534 -0.0005763 0.0033381 -0.0015984 -0.0010696 0.0005688 -0.0004986 -0.0012960 0.0009605 -0.0006623 0.0002702 0.0006282 -0.0003539 -0.0011303 0.0043539 -0.0042439 0.0003702
-0.2905485 -0.1640668 -0.0646912 0.2788706 0.2442803 -0.3911101 -0.2853056 -0.2413497 -0.0832931 0.2870141 0.2559088 -0.4135747 -0.8548454 -0.4827139 -0.1903332 0.5174851 0.4532978 -0.7257618 -0.7451832 -0.6303757 -0.2175514 0.5082400 0.4531593 -0.7323515 -0.0000911 0.0000625 0.0000388 0.0105841 -0.0079837 -0.0045459 0.0000284 0.0000721 0.0002020 0.0052174 -0.0053399 -0.0024580 -0.0001666 0.0002413 0.0001367 0.0143960 -0.0190960 -0.0012672 -0.0001411 0.0000064 0.0004650 0.0073372 -0.0110862 -0.0016454
-0.2906396 -0.1640043 -0.0646525 0.2894547 0.2362967 -0.3956560 -0.2852772 -0.2412775 -0.0830911 0.2922314 0.2505690 -0.4160327 -0.8550120 -0.4824726 -0.1901965 0.5318811 0.4342018 -0.7270291 -0.7453242 -0.6303692 -0.2170863 0.5155772 0.4420731 -0.7339969 0.0008294 -0.0017238 0.0014960 0.0088421 -0.0210983 -0.0085440 0.0004607 -0.0007892 0.0013385 0.0084415 -0.0069353 -0.0036833 0.0020551 -0.0052911 0.0043172 0.0139440 -0.0404306 -0.0125784 0.0009449 -0.0022818 0.0034227 0.0110905 -0.0153170 -0.0011903
-0.2898102 -0.1657281 -0.0631564 0.2982968 0.2151984 -0.4042000 -0.2848165 -0.2420667 -0.0817526 0.3006729 0.2436337 -0.4197160 -0.8529569 -0.4877637 -0.1858793 0.5458251 0.3937712 -0.7396075 -0.7443793 -0.6326510 -0.2136637 0.5266677 0.4267561 -0.7351873 -0.0007664 -0.0005575 0.0007354 0.0006613 -0.0018902 -0.0000127 -0.0007253 -0.0008830 0.0006548 0.0070374 -0.0044928 -0.0034269 -0.0002715 -0.0005052 0.0025908 0.0015811 -0.0031941 -0.0005249 -0.0000285 -0.0007192 0.0022417 0.0082389 -0.0110469 -0.0003811
-0.2905766 -0.1662855 -0.0624210 0.2989581 0.2133081 -0.4042128 -0.2855419 -0.2429498 -0.0810978 0.3077103 0.2391408 -0.4231429 -0.8532284 -0.4882689 -0.1832886 0.5474062 0.3905771 -0.7401324 -0.7444078 -0.6333702 -0.2114219 0.5349066 0.4157092 -0.7355683 0.0009130 -0.0014136 0.0020188 0.0094227 0.0000415 0.0003478 0.0001581 -0.0011612 0.0013676 0.0066207 -0.0024654 -0.0020359 0.0015581 -0.0048008 0.0056936 0.0121555 -0.0034508 0.0073132 0.0010569 -0.0024757 0.0037455 0.0076920 -0.0071598 0.0016241
-0.2896637 -0.1676991 -0.0604022 0.3083808 0.2133497 -0.4038649 -0.2853838 -0.2441109 -0.0797302 0.3143310 0.2366755 -0.4251788 -0.8516703 -0.4930697 -0.1775949 0.5595617 0.3871263 -0.7328192 -0.7433509 -0.6358458 -0.2076764 0.5425986 0.4085495 -0.7339442 -0.0011445 -0.0015911 0.0041415 0.0004196 -0.0073924 -0.0039778 -0.0013277 -0.0022459 0.0038309 0.0062483 -0.0038099 -0.0029188 -0.0007261 -0.0031418 0.0126875 0.0004037 -0.0136522 -0.0067455 -0.0002742 -0.0031141 0.0108214 0.0069762 -0.0093439 0.0000488
-0.2908082 -0.1692902 -0.0562607 0.3088004 0.2059573 -0.4078428 -0.2867115 -0.2463568 -0.0758993 0.3205793 0.2328656 -0.4280977 -0.8523964 -0.4962115 -0.1649074 0.5599654 0.3734741 -0.7395646 -0.7436251 -0.6389599 -0.1968550 0.5495748 0.3992056 -0.7338954 0.0001550 -0.0018032 0.0019625 0.0109768 0.0033710 0.0023880 -0.0000888 -0.0015265 0.0016918 0.0083374 0.0023726 -0.0014615 0.0015745 -0.0046260 0.0059616 0.0139371 0.0022063 0.0118970 0.0011456 -0.0027701 0.0047439 0.0079558 -0.0004649 0.0057707
-0.2906532 -0.1710934 -0.0542982 0.3197772 0.2093282 -0.4054547 -0.2868003 -0.2478834 -0.0742075 0.3289167 0.2352381 -0.4295591 -0.8508219 -0.5008376 -0.1589458 0.5739025 0.3756803 -0.7276676 -0.7424796 -0.6417300 -0.1921111 0.5575306 0.3987406 -0.7281247 -0.0008099 0.0000120 0.0027375 0.0048806 0.0017435 0.0017525 -0.0002645 -0.0005824 0.0016868 0.0087149 0.0005517 0.0027379 -0.0017225 0.0004157 0.0081281 0.0064644 0.0016370 0.0059988 -0.0002036 -0.0010914 0.0044884 0.0117348 -0.0011862 0.0084807
-0.2914632 -0.1710815 -0.0515608 0.3246578 0.2110717 -0.4037022 -0.2870648 -0.2484658 -0.0725207 0.3376316 0.2357898 -0.4268212 -0.8525444 -0.5004219 -0.1508178 0.5803669 0.3773174 -0.7216688 -0.7426832 -0.6428214 -0.1876227 0.5692654 0.3975545 -0.7196439 0.0000434 -0.0012747 0.0010135 0.0257216 0.0044720 0.0127138 -0.0005543 -0.0011505 0.0008409 0.0099857 0.0010498 0.0029622 0.0012516 -0.0030636 0.0031596 0.0370028 0.0024714 0.0327457 0.0004769 -0.0013180 0.0026517 0.0128626 -0.0009374 0.0098398
-0.2914197 -0.1723562 -0.0505472 0.3503793 0.2155437 -0.3909884 -0.2876191 -0.2496163 -0.0716798 0.3476173 0.2368396 -0.4238590 -0.8512928 -0.5034854 -0.1476582 0.6173697 0.3797888 -0.6889231 -0.7422063 -0.6441393 -0.1849711 0.5821279 0.3966171 -0.7098042 -0.0008002 0.0000617 0.0009742 0.0008877 -0.0010124 0.0007886 -0.0006070 -0.0004992 0.0012709 0.0073557 0.0004872 0.0009536 -0.0010720 0.0009263 0.0030604 0.0019763 -0.0015321 0.0009316 -0.0005324 -0.0003908 0.0035322 0.0085274 -0.0017184 0.0061130
-0.2922199 -0.1722945 -0.0495731 0.3512670 0.2145313 -0.3901999 -0.2882262 -0.2501155 -0.0704089 0.3549730 0.2373268 -0.4229054 -0.8523649 -0.5025591 -0.1445977 0.6193460 0.3782567 -0.6879916 -0.7427388 -0.6445301 -0.1814388 0.5906554 0.3948987 -0.7036912 -0.0009679 -0.0003171 0.0025336 0.0044085 -0.0001596 -0.0021763 -0.0006036 -0.0010665 0.0024924 0.0023819 -0.0021194 -0.0023875 -0.0012587 -0.0000040 0.0076411 0.0031923 -0.0030424 0.0012163 -0.0002289 -0.0015949 0.0067347 0.0017367 -0.0049922 -0.0013227
-0.2931878 -0.1726117 -0.0470395 0.3556755 0.2143717 -0.3923761 -0.2888297 -0.2511820 -0.0679165 0.3573549 0.2352074 -0.4252930 -0.8536236 -0.5025631 -0.1369566 0.6225383 0.3752144 -0.6867753 -0.7429676 -0.6461250 -0.1747041 0.5923921 0.3899065 -0.7050139 -0.0007476 0.0000554 0.0023225 0.0044647 -0.0011750 -0.0102718 -0.0005586 -0.0005065 0.0030081 0.0046372 -0.0058349 -0.0045832 -0.0014279 0.0006009 0.0068760 -0.0024167 -0.0081132 -0.0065399 -0.0009986 -0.0009216 0.0078362 0.0039750 -0.0120247 -0.0031893
-0.2939354 -0.1725562 -0.0447170 0.3601402 0.2131967 -0.4026479 -0.2893884 -0.2516885 -0.0649084 0.3619921 0.2293725 -0.4298761 -0.8550515 -0.5019622 -0.1300806 0.6201216 0.3671012 -0.6933152 -0.7439663 -0.6470466 -0.1668679 0.5963671 0.3778817 -0.7082031 -0.0004697 -0.0008456 0.0009614 0.0008978 -0.0106510 0.0132270 -0.0001729 -0.0003969 0.0007967 0.0096840 -0.0122976 -0.0018463 0.0003815 -0.0014304 0.0030563 0.0151172 -0.0107262 0.0081374 0.0000402 -0.0005983 0.0021554 0.0133078 -0.0218054 0.0000321
-0.2944051 -0.1734018 -0.0437556 0.3610380 0.2025458 -0.3894209 -0.2895612 -0.2520853 -0.0641117 0.3716761 0.2170749 -0.4317224 -0.8546700 -0.5033926 -0.1270243 0.6352388 0.3563750 -0.6851778 -0.7439260 -0.6476449 -0.1647125 0.6096748 0.3560764 -0.7081710 -0.0001812 -0.0001855 0.0014108 0.0103942 0.0032656 -0.0251617 -0.0002535 -0.0004721 0.0012639 0.0043371 -0.0188527 0.0145567 -0.0003472 -0.0004332 0.0041213 -0.0093667 -0.0095779 -0.0134036 -0.0000999 -0.0007323 0.0033668 0.0216739 -0.0232494 0.0077248
-0.2945863 -0.1735874 -0.0423448 0.3714322 0.2058114 -0.4145825 -0.2898147 -0.2525574 -0.0628478 0.3760132 0.1982222 -0.4171657 -0.8550172 -0.5038258 -0.1229030 0.6258721 0.3467971 -0.6985814 -0.7440259 -0.6483772 -0.1613457 0.6313488 0.3328269 -0.7004462 0.0001413 -0.0003864 0.0005434 0.0034187 -0.0038208 -0.0042347 0.0003700 -0.0006076 0.0003025 -0.0000389 -0.0029909 0.0013712 0.0004294 -0.0011101 0.0015798 0.0017441 -0.0086025 -0.0026478 0.0010845 -0.0014420 0.0008057 0.0020347 -0.0039314 -0.0000201
-0.2944450 -0.1739738 -0.0418015 0.3748509 0.2019906 -0.4188172 -0.2894448 -0.2531650 -0.0625453 0.3759743 0.1952313 -0.4157946 -0.8545878 -0.5049359 -0.1213232 0.6276161 0.3381946 -0.7012292 -0.7429414 -0.6498192 -0.1605401 0.6333834 0.3288955 -0.7004664 -0.0005990 -0.0028061 -0.0002604 -0.0075108 -0.0168511 0.0375486 0.0008188 -0.0015997 0.0006611 0.0033245 -0.0004626 -0.0076562 0.0031221 -0.0052322 -0.0000628 0.0273247 -0.0081043 0.0214550 0.0027279 -0.0035532 0.0018311 -0.0021937 -0.0047816 -0.0041964
-0.2950440 -0.1767799 -0.0420618 0.3673402 0.1851395 -0.3812686 -0.2886260 -0.2547647 -0.0618842 0.3792989 0.1947687 -0.4234508 -0.8514658 -0.5101681 -0.1213860 0.6549408 0.3300903 -0.6797742 -0.7402135 -0.6533724 -0.1587090 0.6311898 0.3241139 -0.7046628 0.0002132 -0.0016131 -0.0004598 0.0088924 0.0146345 -0.0399397 0.0000843 -0.0005608 0.0000800 -0.0005905 0.0023950 -0.0019009 0.0023322 -0.0036163 -0.0010793 -0.0269063 0.0033869 -0.0233371 0.0007693 -0.0009489 0.0003235 -0.0028111 0.0030336 -0.0011096
-0.2948308 -0.1783929 -0.0425216 0.3762326 0.1997740 -0.4212083 -0.2885416 -0.2553255 -0.0618043 0.3787083 0.1971637 -0.4253516 -0.8491336 -0.5137844 -0.1224653 0.6280345 0.3334773 -0.7031113 -0.7394442 -0.6543213 -0.1583855 0.6283787 0.3271475 -0.7057724 0.0005963 -0.0004902 0.0004589 -0.0023366 0.0051002 0.0084767 0.0005403 -0.0001578 0.0003591 -0.0015206 0.0104807 -0.0035123 0.0009610 -0.0018717 0.0012134 0.0020604 0.0117798 0.0075699 0.0007169 -0.0009968 0.0007777 -0.0077078 0.0145361 0.0000671
-0.2942345 -0.1788832 -0.0420628 0.3738959 0.2048742 -0.4127317 -0.2880013 -0.2554833 -0.0614452 0.3771877 0.2076444 -0.4288639 -0.8481726 -0.5156561 -0.1212519 0.6300950 0.3452571 -0.6955415 -0.7387273 -0.6553181 -0.1576078 0.6206709 0.3416836 -0.7057053 0.0014545 -0.0018336 -0.0030094 -0.0106946 0.0079432 0.0190768 0.0008653 -0.0003379 -0.0005367 -0.0098613 0.0171696 0.0023458 0.0044303 -0.0051389 -0.0086383 0.0000883 0.0239980 0.0125189 0.0015921 -0.0014258 -0.0015120 -0.0146469 0.0292200 0.0020253
-0.2927800 -0.1807168 -0.0450721 0.3632014 0.2128174 -0.3936549 -0.2871360 -0.2558212 -0.0619819 0.3673264 0.2248140 -0.4265181 -0.8437423 -0.5207950 -0.1298903 0.6301832 0.3692551 -0.6830225 -0.7371352 -0.6567439 -0.1591198 0.6060240 0.3709036 -0.7036799 0.0001982 -0.0003490 -0.0000304 -0.0101786 -0.0015834 0.0193203 0.0009553 -0.0008187 -0.0010909 -0.0084614 0.0193347 0.0018905 0.0006166 -0.0009775 -0.0000807 0.0045084 0.0105177 0.0100150 0.0024725 -0.0020838 -0.0027961 -0.0150155 0.0311807 0.0043680
-0.2925818 -0.1810657 -0.0451026 0.3530228 0.2112340 -0.3743346 -0.2861807 -0.2566399 -0.0630727 0.3588650 0.2441487 -0.4246277 -0.8431257 -0.5217725 -0.1299709 0.6346916 0.3797728 -0.6730076 -0.7346627 -0.6588277 -0.1619158 0.5910085 0.4020842 -0.6993119 0.0005404 -0.0010804 -0.0007701 -0.0038286 0.0149799 0.0012565 0.0005503 -0.0005146 -0.0009466 -0.0043228 0.0082691 0.0038389 0.0020688 -0.0027943 -0.0021387 -0.0098306 0.0250227 0.0054079 0.0015818 -0.0011687 -0.0023922 -0.0053507 0.0148773 0.0042234
-0.2920414 -0.1821461 -0.0458726 0.3491942 0.2262139 -0.3730781 -0.2856304 -0.2571545 -0.0640194 0.3545422 0.2524178 -0.4207887 -0.8410569 -0.5245669 -0.1321096 0.6248610 0.4047955 -0.6675997 -0.7330809 -0.6599965 -0.1643081 0.5856578 0.4169615 -0.6950885 0.0013371 0.0005232 -0.0006932 0.0006558 -0.0021728 0.0000940 0.0016843 0.0000376 -0.0012939 -0.0043978 0.0064912 0.0043462 0.0006894 -0.0004684 -0.0025028 0.0017657 -0.0035088 -0.0004632 0.0023677 -0.0016740 -0.0037707 -0.0045478 0.0127315 0.0039481
-0.2907043 -0.1816230 -0.0465658 0.3498500 0.2240411 -0.3729841 -0.2839460 -0.2571169 -0.0653133 0.3501444 0.2589090 -0.4164426 -0.8403674 -0.5250353 -0.1346124 0.6266267 0.4012866 -0.6680629 -0.7307131 -0.6616705 -0.1680787 0.5811100 0.4296930 -0.6911404 0.0018498 -0.0010077 0.0000881 -0.0011603 0.0018209 -0.0015485 0.0001087 -0.0000963 0.0003206 -0.0027789 0.0034997 0.0019734 0.0028478 -0.0044934 -0.0001474 -0.0032433 0.0025068 -0.0015221 0.0001492 -0.0003662 0.0007952 -0.0032146 0.0068638 0.0016079
-0.2888545 -0.1826306 -0.0464777 0.3486897 0.2258620 -0.3745326 -0.2838373 -0.2572132 -0.0649927 0.3473656 0.2624087 -0.4144691 -0.8375196 -0.5295287 -0.1347598 0.6233834 0.4037934 -0.6695849 -0.7305640 -0.6620366 -0.1672835 0.5778955 0.4365568 -0.6895324 0.0005909 -0.0000649 0.0002200 -0.0012175 0.0004886 -0.0016526 0.0003196 -0.0002102 0.0003534 -0.0009814 0.0006939 -0.0005810 0.0005243 -0.0009417 0.0004470 -0.0027853 0.0004771 -0.0022955 0.0005349 -0.0008023 0.0008440 -0.0017649 0.0010541 -0.0008082
-0.2882636 -0.1826955 -0.0462577 0.3474722 0.2263506 -0.3761852 -0.2835177 -0.2574234 -0.0646393 0.3463842 0.2631026 -0.4150501 -0.8369954 -0.5304704 -0.1343128 0.6205981 0.4042705 -0.6718805 -0.7300291 -0.6628389 -0.1664395 0.5761306 0.4376109 -0.6903407 -0.0001418 -0.0004019 -0.0002209 0.0003951 0.0053443 0.0004058 0.0001392 -0.0003314 -0.0003776 -0.0003473 -0.0006531 -0.0009655 0.0004667 -0.0006091 -0.0004997 -0.0016762 0.0079586 0.0032977 0.0006987 -0.0005438 -0.0008943 -0.0007516 -0.0012183 -0.0013967
-0.2884054 -0.1830974 -0.0464786 0.3478673 0.2316949 -0.3757794 -0.2833785 -0.2577548 -0.0650169 0.3460369 0.2624495 -0.4160156 -0.8365287 -0.5310795 -0.1348125 0.6189218 0.4122291 -0.6685828 -0.7293304 -0.6633827 -0.1673338 0.5753790 0.4363926 -0.6917373 0.0000915 -0.0000621 -0.0003152 -0.0009212 -0.0142523 -0.0069650 0.0002453 0.0000578 -0.0006166 0.0036264 -0.0081042 -0.0061072 0.0002633 -0.0001816 -0.0009147 0.0000860 -0.0242764 -0.0142950 0.0004183 -0.0000450 -0.0016363 0.0032740 -0.0154800 -0.0068278
-0.2883139 -0.1831595 -0.0467938 0.3469461 0.2174426 -0.3827444 -0.2831332 -0.2576970 -0.0656335 0.3496633 0.2543453 -0.4221228 -0.8362654 -0.5312611 -0.1357271 0.6190078 0.3879527 -0.6828778 -0.7289120 -0.6634277 -0.1689701 0.5786530 0.4209126 -0.6985652 0.0003135 -0.0003551 0.0002103 0.0101620 -0.0051034 -0.0173627 0.0005320 -0.0003744 0.0004315 0.0063410 -0.0173653 -0.0130793 0.0006628 -0.0011869 0.0005700 0.0001102 -0.0198204 -0.0107875 0.0009730 -0.0013259 0.0010195 0.0048043 -0.0325248 -0.0146897
-0.2880004 -0.1835146 -0.0465835 0.3571081 0.2123393 -0.4001071 -0.2826013 -0.2580713 -0.0652020 0.3560043 0.2369800 -0.4352021 -0.8356026 -0.5324480 -0.1351571 0.6191180 0.3681323 -0.6936653 -0.7279390 -0.6647536 -0.1679506 0.5834572 0.3883878 -0.7132549 0.0000026 0.0000192 0.0002103 0.0060256 -0.0073309 -0.0261850 0.0000221 0.0000438 0.0001663 0.0048623 -0.0174581 -0.0117876 -0.0000913 -0.0000073 0.0005942 -0.0101790 -0.0243538 -0.0211841 -0.0000801 -0.0000124 0.0003968 0.0033260 -0.0314366 -0.0135678
-0.2879979 -0.1834954 -0.0463733 0.3631337 0.2050083 -0.4262921 -0.2825792 -0.2580276 -0.0650357 0.3608666 0.2195219 -0.4469897 -0.8356939 -0.5324552 -0.1345630 0.6089390 0.3437785 -0.7148494 -0.7280192 -0.6647660 -0.1675538 0.5867832 0.3569513 -0.7268227 0.0002695 0.0000754 0.0001394 0.0083050 -0.0089096 -0.0138293 0.0002311 -0.0005575 0.0002360 0.0055879 -0.0233053 0.0081042 0.0000932 -0.0002204 0.0002938 0.0015966 -0.0214500 -0.0085804 0.0009013 -0.0011560 0.0006782 0.0194359 -0.0323535 0.0007823
-0.2877283 -0.1834200 -0.0462339 0.3714387 0.1960988 -0.4401215 -0.2823481 -0.2585850 -0.0647997 0.3664545 0.1962167 -0.4388855 -0.8356006 -0.5326756 -0.1342692 0.6105355 0.3223285 -0.7234298 -0.7271179 -0.6659220 -0.1668756 0.6062191 0.3245977 -0.7260404 0.0000171 -0.0003872 -0.0001965 -0.0144323 -0.0157095 0.0443919 0.0000470 -0.0002001 -0.0003048 0.0013620 -0.0075928 -0.0047784 0.0005796 -0.0007859 -0.0004852 0.0239525 -0.0017324 0.0201211 0.0004020 -0.0002578 -0.0007203 0.0003511 -0.0135360 -0.0056106
-0.2877112 -0.1838072 -0.0464304 0.3570064 0.1803893 -0.3957296 -0.2823010 -0.2587851 -0.0651045 0.3678164 0.1886239 -0.4436639 -0.8350210 -0.5334615 -0.1347544 0.6344880 0.3205960 -0.7033087 -0.7267159 -0.6661799 -0.1675959 0.6065702 0.3110617 -0.7316510 -0.0000871 0.0001862 -0.0003634 -0.0010480 -0.0055760 0.0037741 0.0001814 -0.0003479 -0.0003687 -0.0003673 -0.0068592 0.0016946 -0.0001979 0.0005754 -0.0010457 0.0039111 -0.0070745 0.0003501 0.0007698 -0.0006174 -0.0008788 0.0029784 -0.0095386 -0.0015163
-0.2877983 -0.1836210 -0.0467938 0.3559584 0.1748133 -0.3919555 -0.2821196 -0.2591330 -0.0654732 0.3674492 0.1817647 -0.4419693 -0.8352189 -0.5328862 -0.1358001 0.6383991 0.3135216 -0.7029586 -0.7259461 -0.6667973 -0.1684746 0.6095486 0.3015231 -0.7331673 -0.0003537 -0.0000779 -0.0000854 -0.0013634 -0.0024473 0.0023908 0.0000699 -0.0002459 -0.0000291 -0.0012427 -0.0027968 0.0009134 -0.0001814 0.0003127 -0.0001104 0.0013595 -0.0025396 0.0001079 0.0004005 -0.0004298 -0.0000238 0.0002309 -0.0035191 -0.0012457
-0.2881520 -0.1836989 -0.0468792 0.3545950 0.1723660 -0.3895647 -0.2820497 -0.2593789 -0.0655023 0.3662064 0.1789679 -0.4410558 -0.8354004 -0.5325735 -0.1359105 0.6397586 0.3109819 -0.7028507 -0.7255455 -0.6672271 -0.1684984 0.6097795 0.2980040 -0.7344131 -0.0003421 -0.0003243 0.0003559 -0.0012157 -0.0008069 0.0017021 -0.0001553 0.0000132 0.0003483 -0.0011581 -0.0010122 0.0017037 0.0000022 -0.0003063 0.0011922 0.0003763 -0.0002084 0.0002505 -0.0003147 0.0001117 0.0009155 0.0003666 -0.0005667 0.0000747
-0.2884940 -0.1840232 -0.0465232 0.3533793 0.1715591 -0.3878626 -0.2822050 -0.2593657 -0.0651540 0.3650484 0.1779557 -0.4393522 -0.8353981 -0.5328798 -0.1347183 0.6401349 0.3107736 -0.7026002 -0.7258603 -0.6671153 -0.1675829 0.6101461 0.2974372 -0.7343383 -0.0008198 0.0006021 0.0005756 -0.0013889 0.0002148 0.0003903 -0.0009210 0.0002086 0.0009215 -0.0023256 -0.0000748 0.0030910 -0.0016751 0.0021868 0.0017778 -0.0012479 0.0010080 -0.0006889 -0.0016635 0.0011823 0.0025302 -0.0001041 0.0017301 0.0006166
-0.2893139 -0.1834211 -0.0459476 0.3519904 0.1717739 -0.3874724 -0.2831260 -0.2591571 -0.0642326 0.3627228 0.1778809 -0.4362611 -0.8370733 -0.5306931 -0.1329405 0.6388870 0.3117816 -0.7032892 -0.7275238 -0.6659330 -0.1650527 0.6100420 0.2991674 -0.7337218 -0.0000577 0.0000603 0.0009533 0.0137294 0.0071873 -0.0345475 -0.0004445 0.0000931 0.0004438 -0.0013989 0.0105205 -0.0136856 -0.0004314 0.0000069 0.0027170 -0.0152301 -0.0066015 -0.0163754 -0.0007892 0.0005617 0.0012198 -0.0148232 0.0111915 -0.0074880
-0.2893716 -0.1833608 -0.0449943 0.3657198 0.1789612 -0.4220198 -0.2835705 -0.2590640 -0.0637887 0.3613239 0.1884014 -0.4499468 -0.8375047 -0.5306861 -0.1302235 0.6236570 0.3051801 -0.7196646 -0.7283130 -0.6653713 -0.1638329 0.5952189 0.3103589 -0.7412097 -0.0007179 0.0006239 0.0001787 -0.0042646 0.0129875 0.0015800 -0.0005062 0.0001750 0.0001014 -0.0021016 0.0118606 -0.0016608 -0.0014752 0.0021853 0.0006102 -0.0076171 0.0219642 0.0030954 -0.0008582 0.0008520 0.0003596 -0.0071156 0.0175015 0.0018573
-0.2900895 -0.1827368 -0.0448157 0.3614553 0.1919487 -0.4204399 -0.2840767 -0.2588890 -0.0636873 0.3592223 0.2002621 -0.4516076 -0.8389799 -0.5285009 -0.1296132 0.6160399 0.3271443 -0.7165692 -0.7291712 -0.6645193 -0.1634733 0.5881033 0.3278604 -0.7393525 -0.0001869 0.0005873 0.0005298 -0.0001944 0.0138493 -0.0110642 -0.0004775 0.0003503 0.0007048 -0.0047894 0.0152461 0.0016000 -0.0010784 0.0013610 0.0014502 -0.0131491 0.0163019 -0.0035470 -0.0012232 0.0009012 0.0018096 -0.0089872 0.0242633 0.0040747
-0.2902764 -0.1821496 -0.0442858 0.3612608 0.2057979 -0.4315040 -0.2845542 -0.2585388 -0.0629825 0.3544329 0.2155081 -0.4500076 -0.8400582 -0.5271398 -0.1281630 0.6028908 0.3434462 -0.7201162 -0.7303944 -0.6636180 -0.1616637 0.5791161 0.3521237 -0.7352778 -0.0007043 -0.0004797 0.0007252 -0.0072562 0.0033989 0.0080148 -0.0004414 0.0001342 0.0005428 -0.0034035 0.0100539 0.0023285 -0.0002082 -0.0002396 0.0023726 -0.0031634 0.0109589 0.0026735 -0.0008586 0.0005934 0.0014534 -0.0055175 0.0164553 0.0037491
-0.2909807 -0.1826293 -0.0435607 0.3540047 0.2091969 -0.4234892 -0.2849956 -0.2584045 -0.0624397 0.3510294 0.2255621 -0.4476791 -0.8402664 -0.5273794 -0.1257904 0.5997274 0.3544052 -0.7174427 -0.7312530 -0.6630247 -0.1602103 0.5735986 0.3685790 -0.7315287 -0.0002174 0.0002330 0.0003058 -0.0130969 -0.0080951 0.0308639 -0.0000685 0.0001217 -0.0002831 -0.0039699 0.0096934 0.0019286 -0.0005753 0.0007056 0.0008910 0.0117581 0.0063106 0.0131916 -0.0001478 0.0003375 -0.0007203 -0.0064661 0.0158536 0.0031247
-0.2911980 -0.1823963 -0.0432549 0.3409078 0.2011017 -0.3926254 -0.2850641 -0.2582829 -0.0627228 0.3470595 0.2352554 -0.4457504 -0.8408417 -0.5266739 -0.1248995 0.6114855 0.3607157 -0.7042512 -0.7314008 -0.6626871 -0.1609306 0.5671324 0.3844326 -0.7284040 0.0000618 -0.0001019 -0.0003091 -0.0025370 0.0112020 -0.0095072 -0.0003279 0.0003998 0.0002749 -0.0025424 0.0035450 0.0014603 0.0002767 -0.0002327 -0.0008780 -0.0145159 0.0138404 -0.0052100 -0.0009708 0.0009087 0.0006771 -0.0031163 0.0065125 0.0010473
-0.2911362 -0.1824982 -0.0435640 0.3383708 0.2123037 -0.4021326 -0.2853920 -0.2578831 -0.0624479 0.3445171 0.2388004 -0.4442902 -0.8405650 -0.5269066 -0.1257775 0.5969695 0.3745561 -0.7094611 -0.7323716 -0.6617784 -0.1602534 0.5640162 0.3909451 -0.7273566 -0.0002080 0.0004409 -0.0002091 -0.0119505 -0.0057189 0.0009274 -0.0000501 -0.0000982 -0.0006267 -0.0002879 0.0009234 0.0005475 -0.0006753 0.0012263 -0.0006149 -0.0108839 -0.0036343 -0.0109003 0.0002520 0.0000920 -0.0015243 -0.0002880 0.0016394 0.0006600
-0.2913442 -0.1820573 -0.0437731 0.3264203 0.2065848 -0.4012052 -0.2854421 -0.2579813 -0.0630746 0.3442292 0.2397238 -0.4437426 -0.8412403 -0.5256803 -0.1263924 0.5860857 0.3709218 -0.7203614 -0.7321196 -0.6616864 -0.1617777 0.5637281 0.3925845 -0.7266966 0.0000282 0.0000704 -0.0001503 0.0099201 -0.0025893 -0.0011158 0.0000431 0.0002234 -0.0000054 0.0007154 -0.0007632 -0.0007748 -0.0000199 0.0001400 -0.0004492 0.0116686 -0.0083748 0.0053443 -0.0002246 0.0002701 -0.0000880 0.0005545 -0.0016773 -0.0004737
-0.2913160 -0.1819869 -0.0439234 0.3363404 0.2039955 -0.4023210 -0.2853990 -0.2577579 -0.0630800 0.3449446 0.2389606 -0.4445174 -0.8412601 -0.5255403 -0.1268416 0.5977543 0.3625470 -0.7150171 -0.7323442 -0.6614162 -0.1618657 0.5642826 0.3909072 -0.7271703 -0.0000816 -0.0002763 -0.0005080 0.0061683 0.0090474 -0.0031167 -0.0000730 -0.0000794 -0.0002380 0.0046118 -0.0081235 -0.0080681 0.0004409 -0.0003745 -0.0013639 0.0011330 0.0099654 0.0060964 0.0000843 0.0000416 -0.0005504 0.0025423 -0.0165921 -0.0067219
-0.2913977 -0.1822631 -0.0444314 0.3425087 0.2130429 -0.4054377 -0.2854720 -0.2578373 -0.0633180 0.3495564 0.2308371 -0.4525855 -0.8408192 -0.5259148 -0.1282055 0.5988873 0.3725124 -0.7089207 -0.7322600 -0.6613746 -0.1624161 0.5668249 0.3743151 -0.7338922 -0.0000584 -0.0001862 -0.0002330 0.0039182 -0.0168940 -0.0049466 -0.0001571 -0.0003468 -0.0004630 0.0060924 -0.0192706 -0.0130752 0.0002607 -0.0002685 -0.0006065 0.0070159 -0.0294463 -0.0088446 0.0003852 -0.0001771 -0.0010117 0.0040713 -0.0347032 -0.0135978
-0.2914561 -0.1824493 -0.0446644 0.3464269 0.1961490 -0.4103843 -0.2856291 -0.2581840 -0.0637811 0.3556488 0.2115666 -0.4656607 -0.8405585 -0.5261833 -0.1288120 0.6059032 0.3430660 -0.7177653 -0.7318748 -0.6615517 -0.1634279 0.5708962 0.3396119 -0.7474900 0.0000044 0.0000201 -0.0003808 0.0032783 -0.0153383 -0.0006365 -0.0000948 -0.0000325 -0.0003825 0.0052030 -0.0201740 -0.0031806 0.0000975 0.0001110 -0.0010851 0.0085379 -0.0253769 -0.0044091 0.0000450 0.0001770 -0.0009155 0.0094215 -0.0318166 -0.0064951
-0.2914517 -0.1824292 -0.0450452 0.3497051 0.1808107 -0.4110208 -0.2857239 -0.2582165 -0.0641636 0.3608518 0.1913926 -0.4688412 -0.8404610 -0.5260722 -0.1298971 0.6144411 0.3176891 -0.7221743 -0.7318298 -0.6613747 -0.1643433 0.5803177 0.3077953 -0.7539850 -0.0000551 -0.0000883 -0.0007953 0.0004866 -0.0065745 0.0015161 0.0000727 -0.0002135 -0.0006320 0.0011571 -0.0084232 -0.0006117 0.0003183 0.0000441 -0.0022185 0.0039532 -0.0100100 -0.0009592 0.0005465 -0.0002207 -0.0015371 0.0031774 -0.0128807 -0.0026911
-0.2915067 -0.1825175 -0.0458405 0.3501917 0.1742362 -0.4095047 -0.2856513 -0.2584300 -0.0647956 0.3620089 0.1829693 -0.4694529 -0.8401427 -0.5260282 -0.1321156 0.6183943 0.3076791 -0.7231335 -0.7312833 -0.6615953 -0.1658804 0.5834951 0.2949146 -0.7566762 -0.0001610 0.0000221 -0.0003732 -0.0080011 -0.0069645 0.0050569 -0.0000094 -0.0000772 -0.0003289 -0.0006440 -0.0067105 0.0053351 -0.0000448 0.0003261 -0.0010091 -0.0024614 -0.0065951 -0.0048604 0.0001867 -0.0000069 -0.0007939 0.0049993 -0.0078714 0.0008452
-0.2916677 -0.1824954 -0.0462137 0.3421906 0.1672717 -0.4044478 -0.2856607 -0.2585072 -0.0651245 0.3613648 0.1762588 -0.4641178 -0.8401875 -0.5257021 -0.1331248 0.6159329 0.3010840 -0.7279939 -0.7310966 -0.6616022 -0.1666743 0.5884944 0.2870432 -0.7558310 -0.0002425 0.0003238 -0.0000393 0.0083086 0.0004288 -0.0182420 -0.0003674 0.0002002 -0.0001473 0.0002497 -0.0020228 0.0005022 -0.0006041 0.0009917 -0.0000983 -0.0054588 -0.0089955 -0.0082165 -0.0006389 0.0007845 -0.0003082 0.0011846 -0.0029193 -0.0001797
-0.2919102 -0.1821716 -0.0462531 0.3504992 0.1677005 -0.4226898 -0.2860281 -0.2583070 -0.0652718 0.3616145 0.1742360 -0.4636156 -0.8407917 -0.5247104 -0.1332231 0.6104741 0.2920885 -0.7362104 -0.7317355 -0.6608177 -0.1669826 0.5896791 0.2841239 -0.7560107 0.0000338 0.0000968 0.0000566 -0.0019717 -0.0016137 0.0140710 -0.0000219 0.0001201 -0.0001246 -0.0002142 0.0001009 0.0007611 -0.0001127 0.0001477 0.0001299 0.0095035 0.0033547 0.0093396 -0.0001357 0.0002355 -0.0003369 0.0002980 0.0004769 0.0004120
-0.2918765 -0.1820748 -0.0461964 0.3485275 0.1660868 -0.4086187 -0.2860500 -0.2581869 -0.0653964 0.3614003 0.1743369 -0.4628545 -0.8409044 -0.5245627 -0.1330932 0.6199776 0.2954433 -0.7268707 -0.7318712 -0.6605821 -0.1673195 0.5899771 0.2846008 -0.7555987 0.0000943 0.0001262 0.0002211 -0.0027207 0.0027146 0.0010764 -0.0003926 0.0001635 0.0001304 -0.0033009 0.0036228 -0.0036063 -0.0001520 0.0000994 0.0005702 -0.0030229 0.0057157 -0.0002263 -0.0007089 0.0006847 0.0004011 -0.0071355 0.0050461 -0.0036117
-0.2917822 -0.1819486 -0.0459753 0.3458069 0.1688015 -0.4075423 -0.2864426 -0.2580233 -0.0652660 0.3580994 0.1779598 -0.4664608 -0.8410564 -0.5244633 -0.1325230 0.6169547 0.3011590 -0.7270971 -0.7325801 -0.6598974 -0.1669184 0.5828416 0.2896468 -0.7592104 0.0000406 0.0000294 0.0000610 -0.0024221 0.0085145 0.0012421 -0.0000889 -0.0000466 0.0000176 -0.0031817 0.0113504 0.0007558 -0.0000228 -0.0000023 0.0001539 -0.0045813 0.0150565 0.0025237 -0.0000532 0.0000376 0.0000847 -0.0060911 0.0179871 0.0024276
-0.2917416 -0.1819192 -0.0459143 0.3433848 0.1773160 -0.4063002 -0.2865315 -0.2580699 -0.0652483 0.3549177 0.1893102 -0.4657050 -0.8410792 -0.5244656 -0.1323690 0.6123734 0.3162155 -0.7245733 -0.7326333 -0.6598598 -0.1668337 0.5767505 0.3076340 -0.7567828 -0.0002259 0.0004781 0.0010185 -0.0084546 0.0159443 0.0026290 -0.0000129 0.0000489 0.0003678 -0.0112987 0.0208454 0.0028906 -0.0011215 0.0010859 0.0028640 -0.0132113 0.0295111 0.0024392 -0.0001905 -0.0000167 0.0009049 -0.0166948 0.0348933 0.0024535
-0.2919675 -0.1814411 -0.0448958 0.3349302 0.1932603 -0.4036712 -0.2865444 -0.2580210 -0.0648805 0.3436190 0.2101556 -0.4628144 -0.8422008 -0.5233797 -0.1295050 0.5991622 0.3457266 -0.7221342 -0.7328238 -0.6598765 -0.1659288 0.5600557 0.3425272 -0.7543293 -0.0004454 -0.0003383 0.0000366 -0.0014701 0.0168801 -0.0194829 -0.0002632 -0.0002083 0.0000771 -0.0081861 0.0128891 0.0086856 0.0000451 -0.0001490 0.0003097 -0.0225264 0.0176588 -0.0096050 -0.0000780 0.0000033 0.0003317 -0.0074841 0.0249030 0.0062253
-0.2924129 -0.1817794 -0.0448591 0.3334601 0.2101405 -0.4231541 -0.2868076 -0.2582292 -0.0648034 0.3354329 0.2230448 -0.4541288 -0.8421557 -0.5235287 -0.1291954 0.5766358 0.3633854 -0.7317391 -0.7329018 -0.6598732 -0.1655971 0.5525716 0.3674303 -0.7481040 -0.0000504 -0.0000593 -0.0000224 -0.0046555 -0.0144528 0.0230189 0.0002099 -0.0001726 0.0006924 -0.0035232 0.0091565 0.0052968 0.0000401 -0.0000555 -0.0000361 0.0172630 -0.0099272 0.0090003 0.0002482 -0.0007008 0.0017049 -0.0035904 0.0166324 0.0057325
-0.2924633 -0.1818386 -0.0448816 0.3288046 0.1956877 -0.4001352 -0.2865978 -0.2584018 -0.0641110 0.3319097 0.2322013 -0.4488320 -0.8421157 -0.5235842 -0.1292315 0.5938989 0.3534583 -0.7227388 -0.7326536 -0.6605740 -0.1638923 0.5489812 0.3840627 -0.7423716 0.0000000 0.0000000 0.0000000 0.0000000 0.0000000 0.0000000 0.0000000 0.0000000 0.0000000 0.0000000 0.0000000 0.0000000 0.0000000 0.0000000 0.0000000 0.0000000 0.0000000 0.0000000 0.0000000 0.0000000 0.0000000 0.0000000 0.0000000 0.0000000
