-0.2261227 -0.2461965 -0.0178713 0.2527864 0.5850751 -0.2681204 -0.2025574 -0.3374654 -0.0424467 0.2007428 0.6649886 -0.2844168 -0.6754792 -0.7354440 -0.0533857 0.3655891 0.8461574 -0.3877658 -0.5116748 -0.8524623 -0.1072236 0.2674431 0.8859427 -0.3789192 -0.0000380 -0.0002947 -0.0003946 -0.0084676 -0.0000434 -0.0005422 0.0000179 -0.0002934 -0.0003528 -0.0063540 -0.0031980 0.0003603 0.0004183 -0.0003007 -0.0011359 -0.0107704 0.0034712 -0.0024071 0.0004054 -0.0001403 -0.0008152 -0.0068510 0.0012352 -0.0018789
-0.2261607 -0.2464912 -0.0182660 0.2443188 0.5850317 -0.2686627 -0.2025395 -0.3377588 -0.0427996 0.1943888 0.6617906 -0.2840565 -0.6750608 -0.7357447 -0.0545216 0.3548188 0.8496286 -0.3901729 -0.5112694 -0.8526026 -0.1080387 0.2605922 0.8871778 -0.3807981 -0.0003993 -0.0003776 0.0000181 -0.0049065 -0.0001860 -0.0000479 -0.0001662 -0.0003683 0.0002030 -0.0031267 -0.0072654 0.0002913 -0.0000908 0.0000727 0.0001428 -0.0061812 0.0020370 -0.0011296 0.0000672 -0.0001179 0.0006146 -0.0016345 -0.0009892 -0.0034032
-0.2265600 -0.2468688 -0.0182479 0.2394123 0.5848457 -0.2687106 -0.2027057 -0.3381271 -0.0425966 0.1912621 0.6545252 -0.2837651 -0.6751516 -0.7356720 -0.0543788 0.3486376 0.8516656 -0.3913024 -0.5112022 -0.8527206 -0.1074242 0.2589576 0.8861886 -0.3842013 0.0000977 -0.0001972 -0.0010081 -0.0040330 0.0011926 0.0008329 0.0001532 -0.0002333 -0.0008231 -0.0007016 -0.0028735 0.0016238 0.0005636 -0.0002905 -0.0029810 -0.0055215 0.0026115 0.0008130 0.0006567 -0.0001368 -0.0020179 0.0002264 0.0001318 0.0004570
-0.2264623 -0.2470660 -0.0192560 0.2353793 0.5860383 -0.2678777 -0.2025525 -0.3383604 -0.0434197 0.1905605 0.6516517 -0.2821413 -0.6745880 -0.7359625 -0.0573599 0.3431160 0.8542771 -0.3904894 -0.5105455 -0.8528574 -0.1094420 0.2591840 0.8863205 -0.3837443 -0.0010731 0.0042741 0.0001541 -0.0024648 0.0026881 -0.0003297 -0.0010903 0.0041214 0.0007156 -0.0003257 -0.0011998 0.0004982 -0.0080980 0.0075018 0.0000474 -0.0043768 0.0019373 0.0004219 -0.0066914 0.0039161 0.0009769 0.0000291 -0.0000177 -0.0000213
-0.2275354 -0.2427919 -0.0191019 0.2329145 0.5887264 -0.2682074 -0.2036427 -0.3342390 -0.0427041 0.1902349 0.6504519 -0.2816431 -0.6826860 -0.7284608 -0.0573125 0.3387393 0.8562144 -0.3900675 -0.5172368 -0.8489413 -0.1084651 0.2592131 0.8863027 -0.3837656 0.0004049 -0.0018202 -0.0005880 -0.0014208 0.0028295 0.0001268 0.0003635 -0.0018024 -0.0007057 -0.0020472 0.0020225 0.0008236 0.0034306 -0.0030751 -0.0015720 -0.0029925 0.0017486 0.0012569 0.0027801 -0.0015085 -0.0013959 -0.0031215 0.0016049 0.0016175
-0.2271305 -0.2446121 -0.0196899 0.2314937 0.5915559 -0.2680806 -0.2032792 -0.3360414 -0.0434098 0.1881877 0.6524744 -0.2808196 -0.6792554 -0.7315359 -0.0588845 0.3357468 0.8579629 -0.3888106 -0.5144567 -0.8504498 -0.1098610 0.2560917 0.8879076 -0.3821481 -0.0002812 0.0007022 0.0002534 0.0028945 -0.0058017 0.0030398 -0.0002170 0.0007479 0.0001354 -0.0000682 0.0032472 0.0007378 -0.0015267 0.0013645 0.0006993 0.0067663 -0.0019963 0.0015047 -0.0012525 0.0007340 0.0001932 -0.0009909 0.0012888 0.0023410
-0.2274116 -0.2439099 -0.0194364 0.2343882 0.5857542 -0.2650407 -0.2034962 -0.3352935 -0.0432744 0.1881194 0.6557216 -0.2800818 -0.6807821 -0.7301714 -0.0581851 0.3425131 0.8559667 -0.3873059 -0.5157092 -0.8497158 -0.1096678 0.2551008 0.8891964 -0.3798071 0.0002045 0.0000118 -0.0002907 0.0016222 -0.0004185 0.0000727 0.0001254 -0.0000087 -0.0002999 0.0035333 0.0052806 -0.0001000 0.0003458 -0.0002505 -0.0008933 0.0022843 -0.0008256 0.0002031 0.0002861 -0.0000743 -0.0007669 0.0028185 0.0003566 0.0027486
-0.2272071 -0.2438980 -0.0197271 0.2360104 0.5853357 -0.2649681 -0.2033708 -0.3353022 -0.0435743 0.1916527 0.6610022 -0.2801817 -0.6804363 -0.7304219 -0.0590785 0.3447974 0.8551410 -0.3871028 -0.5154231 -0.8497901 -0.1104347 0.2579193 0.8895530 -0.3770585 -0.0001101 -0.0000078 0.0003267 0.0040605 0.0006799 0.0003765 -0.0000069 0.0001027 0.0000003 0.0041681 0.0045454 -0.0004724 -0.0002044 0.0001111 0.0009890 0.0049890 -0.0013091 0.0015896 -0.0001269 0.0000799 -0.0000228 0.0037417 -0.0002301 0.0020408
-0.2273172 -0.2439058 -0.0194005 0.2400710 0.5860156 -0.2645916 -0.2033777 -0.3351995 -0.0435740 0.1958208 0.6655476 -0.2806541 -0.6806407 -0.7303108 -0.0580895 0.3497864 0.8538320 -0.3855132 -0.5155500 -0.8497101 -0.1104575 0.2616611 0.8893229 -0.3750177 0.0002942 -0.0004064 -0.0002704 0.0057048 0.0002388 -0.0000864 0.0003732 -0.0003603 -0.0003745 0.0082526 0.0008144 -0.0001822 0.0011103 -0.0009700 -0.0007897 0.0071405 -0.0024465 0.0011357 0.0011490 -0.0005780 -0.0009055 0.0099416 -0.0024574 0.0012508
-0.2270230 -0.2443122 -0.0196708 0.2457758 0.5862544 -0.2646780 -0.2030045 -0.3355598 -0.0439486 0.2040734 0.6663620 -0.2808363 -0.6795305 -0.7312808 -0.0588792 0.3569269 0.8513854 -0.3843775 -0.5144010 -0.8502881 -0.1113630 0.2716026 0.8868655 -0.3737668 0.0017251 -0.0054931 -0.0001998 0.0060819 0.0001757 -0.0018410 0.0017709 -0.0051237 -0.0015131 0.0053493 0.0005963 0.0002493 0.0109543 -0.0100213 -0.0000874 0.0072192 -0.0035012 -0.0009665 0.0091445 -0.0050988 -0.0027821 0.0064144 -0.0014517 0.0012765
-0.2252979 -0.2498052 -0.0198706 0.2518577 0.5864301 -0.2665190 -0.2012336 -0.3406835 -0.0454617 0.2094227 0.6669583 -0.2805870 -0.6685762 -0.7413021 -0.0589665 0.3641461 0.8478843 -0.3853439 -0.5052565 -0.8553869 -0.1141451 0.2780170 0.8854137 -0.3724904 0.0001925 0.0006595 0.0002731 0.0014696 -0.0001555 -0.0008819 0.0003773 0.0007207 0.0002226 0.0047401 0.0004727 -0.0007312 -0.0006869 0.0005646 0.0007008 0.0017308 -0.0011368 -0.0008591 -0.0001091 0.0000217 0.0003209 0.0055317 -0.0017438 0.0000288
-0.2251054 -0.2491457 -0.0195976 0.2533273 0.5862746 -0.2674009 -0.2008563 -0.3399628 -0.0452392 0.2141628 0.6674310 -0.2813182 -0.6692630 -0.7407375 -0.0582657 0.3658768 0.8467475 -0.3862031 -0.5053656 -0.8553652 -0.1138243 0.2835487 0.8836699 -0.3724616 -0.0000898 0.0004542 -0.0001928 0.0006324 0.0004282 -0.0007479 -0.0000325 0.0004770 -0.0002268 0.0005876 0.0002303 -0.0016783 -0.0007945 0.0007677 -0.0006196 0.0004462 -0.0004609 -0.0005868 -0.0005471 0.0004138 -0.0006760 0.0004033 -0.0008601 -0.0017283
-0.2251952 -0.2486916 -0.0197904 0.2539598 0.5867028 -0.2681488 -0.2008888 -0.3394858 -0.0454660 0.2147504 0.6676613 -0.2829965 -0.6700575 -0.7399699 -0.0588854 0.3663231 0.8462866 -0.3867899 -0.5059127 -0.8549515 -0.1145002 0.2839520 0.8828099 -0.3741898 -0.0017181 0.0054106 0.0024590 0.0004375 -0.0008690 -0.0005863 -0.0009655 0.0057695 0.0019121 -0.0004590 -0.0003948 -0.0019127 -0.0110977 0.0096817 0.0068595 0.0008151 -0.0008296 -0.0010401 -0.0084453 0.0045876 0.0035177 -0.0006966 -0.0008013 -0.0024098
-0.2269133 -0.2432810 -0.0173314 0.2543973 0.5858338 -0.2687350 -0.2018543 -0.3337163 -0.0435539 0.2142913 0.6672665 -0.2849092 -0.6811552 -0.7302882 -0.0520258 0.3671382 0.8454569 -0.3878300 -0.5143580 -0.8503639 -0.1109825 0.2832553 0.8820086 -0.3765996 0.0003258 -0.0005192 -0.0007240 -0.0001471 -0.0014338 -0.0003781 0.0004641 -0.0005288 -0.0005681 -0.0047568 -0.0008680 -0.0048610 0.0013784 -0.0011278 -0.0021414 0.0003812 -0.0007052 -0.0011738 0.0015418 -0.0007511 -0.0013690 -0.0061957 -0.0008546 -0.0065527
-0.2265875 -0.2438002 -0.0180554 0.2542502 0.5844000 -0.2691132 -0.2013903 -0.3342451 -0.0441220 0.2095345 0.6663985 -0.2897702 -0.6797769 -0.7314160 -0.0541672 0.3675194 0.8447518 -0.3890038 -0.5128162 -0.8511150 -0.1123515 0.2770597 0.8811539 -0.3831523 0.0002191 -0.0028040 -0.0013502 -0.0034177 0.0002281 -0.0000749 0.0005816 -0.0027803 -0.0010875 -0.0079959 -0.0033573 -0.0012275 0.0046751 -0.0040351 -0.0037064 -0.0044015 0.0015855 -0.0006866 0.0043243 -0.0023077 -0.0021291 -0.0089180 0.0010046 -0.0040123
-0.2263684 -0.2466042 -0.0194056 0.2508325 0.5846281 -0.2691881 -0.2008087 -0.3370254 -0.0452096 0.2015386 0.6630412 -0.2909977 -0.6751017 -0.7354511 -0.0578736 0.3631179 0.8463373 -0.3896904 -0.5084919 -0.8534227 -0.1144806 0.2681416 0.8821585 -0.3871646 0.0002171 -0.0004708 -0.0003706 -0.0077336 0.0055259 -0.0027389 0.0004441 -0.0004397 -0.0002615 -0.0056609 -0.0025559 0.0001389 0.0010931 -0.0009173 -0.0010663 -0.0127174 0.0043050 -0.0022627 0.0013556 -0.0007243 -0.0006098 -0.0062038 0.0010771 -0.0017871
-0.2261513 -0.2470749 -0.0197762 0.2430989 0.5901540 -0.2719270 -0.2003646 -0.3374651 -0.0454711 0.1958776 0.6604853 -0.2908588 -0.6740087 -0.7363684 -0.0589398 0.3504004 0.8506423 -0.3919530 -0.5071363 -0.8541469 -0.1150904 0.2619378 0.8832356 -0.3889517 0.0000811 -0.0003688 -0.0004740 -0.0042481 0.0011216 -0.0002435 -0.0001561 -0.0005253 -0.0001654 -0.0018225 -0.0025645 0.0017002 0.0007340 -0.0005605 -0.0013685 -0.0059120 0.0021393 -0.0005915 0.0003064 -0.0001470 -0.0002589 -0.0012509 0.0005925 0.0005059
-0.2260701 -0.2474437 -0.0202502 0.2388508 0.5912756 -0.2721705 -0.2005207 -0.3379904 -0.0456365 0.1940551 0.6579208 -0.2891587 -0.6732747 -0.7369288 -0.0603083 0.3444884 0.8527816 -0.3925445 -0.5068299 -0.8542939 -0.1153493 0.2606869 0.8838281 -0.3884458 0.0002569 -0.0003919 -0.0004088 -0.0009434 0.0005969 -0.0001183 0.0004346 -0.0003816 -0.0002723 -0.0016545 0.0006209 0.0004435 0.0010475 -0.0008573 -0.0011915 -0.0014750 0.0005761 -0.0000396 0.0012743 -0.0006671 -0.0006479 -0.0022043 0.0008966 0.0005684
-0.2258132 -0.2478356 -0.0206589 0.2379075 0.5918725 -0.2722888 -0.2000862 -0.3383720 -0.0459088 0.1924006 0.6585417 -0.2887151 -0.6722272 -0.7377861 -0.0614999 0.3430134 0.8533578 -0.3925842 -0.5055556 -0.8549609 -0.1159972 0.2584826 0.8847248 -0.3878774 0.0015047 -0.0048658 -0.0016240 0.0015415 -0.0057744 0.0025314 0.0015330 -0.0048804 -0.0015505 -0.0003760 0.0014768 0.0004623 0.0098231 -0.0084650 -0.0043037 0.0049231 -0.0017155 0.0006075 0.0083920 -0.0045195 -0.0028374 -0.0008620 0.0007575 0.0011568
-0.2243085 -0.2527014 -0.0222829 0.2394490 0.5860981 -0.2697574 -0.1985532 -0.3432524 -0.0474592 0.1920246 0.6600185 -0.2882528 -0.6624041 -0.7462511 -0.0658035 0.3479364 0.8516422 -0.3919767 -0.4971636 -0.8594805 -0.1188346 0.2576206 0.8854823 -0.3867206 0.0001078 0.0005503 -0.0002997 0.0006117 0.0007564 0.0004158 0.0000792 0.0005175 -0.0002180 0.0009244 0.0016203 0.0006253 -0.0005863 0.0006076 -0.0009762 0.0005372 0.0002394 0.0009988 -0.0003725 0.0003103 -0.0006830 0.0007438 0.0004714 0.0015790
-0.2242007 -0.2521511 -0.0225826 0.2400607 0.5868545 -0.2693415 -0.1984740 -0.3427349 -0.0476772 0.1929490 0.6616388 -0.2876275 -0.6629905 -0.7456434 -0.0667797 0.3484737 0.8518817 -0.3909779 -0.4975361 -0.8591702 -0.1195176 0.2583643 0.8859536 -0.3851416 -0.0005605 0.0031840 0.0000794 0.0022973 -0.0001026 0.0004000 -0.0004772 0.0030862 0.0005141 0.0022394 0.0017652 -0.0001412 -0.0056083 0.0050392 -0.0001608 0.0030488 -0.0008414 0.0008980 -0.0043045 0.0024303 0.0005518 0.0022313 -0.0002444 0.0009423
-0.2247612 -0.2489671 -0.0225032 0.2423580 0.5867519 -0.2689416 -0.1989513 -0.3396487 -0.0471632 0.1951884 0.6634040 -0.2877687 -0.6685988 -0.7406042 -0.0669406 0.3515224 0.8510403 -0.3900799 -0.5018405 -0.8567399 -0.1189658 0.2605956 0.8857092 -0.3841993 -0.0013035 0.0055512 0.0009971 0.0013944 0.0003973 -0.0002993 -0.0012477 0.0054468 0.0014344 0.0022955 0.0013619 -0.0002281 -0.0104885 0.0093950 0.0023371 0.0015381 -0.0005906 0.0001010 -0.0085429 0.0047318 0.0023856 0.0023995 -0.0004209 0.0006656
-0.2260647 -0.2434158 -0.0215062 0.2437524 0.5871492 -0.2692409 -0.2001989 -0.3342019 -0.0457288 0.1974839 0.6647659 -0.2879967 -0.6790873 -0.7312092 -0.0646034 0.3530605 0.8504497 -0.3899790 -0.5103835 -0.8520081 -0.1165802 0.2629951 0.8852883 -0.3835337 -0.0005999 0.0022477 0.0003860 0.0015331 0.0000701 0.0004057 0.0000751 0.0024429 0.0003733 0.0020539 0.0013820 0.0000181 -0.0043789 0.0040102 0.0009196 0.0019921 -0.0004456 0.0008380 -0.0026354 0.0015416 0.0003111 0.0021143 -0.0002325 0.0009202
-0.2266646 -0.2411681 -0.0211201 0.2452855 0.5872193 -0.2688352 -0.2001238 -0.3317590 -0.0453555 0.1995377 0.6661479 -0.2879786 -0.6834662 -0.7271990 -0.0636839 0.3550526 0.8500041 -0.3891409 -0.5130188 -0.8504664 -0.1162691 0.2651094 0.8850559 -0.3826135 0.0000702 0.0012153 0.0004532 0.0011075 0.0002345 -0.0003737 -0.0005347 0.0011004 0.0002168 0.0013384 0.0008231 0.0002060 -0.0017708 0.0015653 0.0011858 0.0012222 -0.0005687 -0.0001248 -0.0022760 0.0013290 0.0003522 0.0014221 -0.0000886 0.0007838
-0.2265944 -0.2399528 -0.0206669 0.2463930 0.5874538 -0.2692089 -0.2006585 -0.3306586 -0.0451386 0.2008761 0.6669710 -0.2877726 -0.6852370 -0.7256337 -0.0624980 0.3562748 0.8494354 -0.3892657 -0.5152949 -0.8491375 -0.1159169 0.2665315 0.8849673 -0.3818297 0.0002508 -0.0012118 0.0002061 0.0011249 -0.0001179 -0.0000720 -0.0000056 -0.0011743 -0.0002120 0.0004739 0.0005325 -0.0001937 0.0021965 -0.0021323 0.0007534 0.0014562 -0.0005749 0.0000813 0.0013386 -0.0007783 -0.0002385 0.0003909 -0.0000820 0.0000831
-0.2263436 -0.2411646 -0.0204607 0.2475180 0.5873359 -0.2692809 -0.2006641 -0.3318329 -0.0453506 0.2013500 0.6675035 -0.2879664 -0.6830405 -0.7277660 -0.0617446 0.3577309 0.8488605 -0.3891843 -0.5139563 -0.8499158 -0.1161554 0.2669224 0.8848853 -0.3817466 0.0007094 -0.0015106 -0.0002095 -0.0002411 0.0003908 -0.0002721 0.0005415 -0.0014007 -0.0007861 0.0001165 0.0000677 -0.0003573 0.0034356 -0.0031657 -0.0005135 -0.0005299 0.0001335 -0.0001954 0.0027040 -0.0013943 -0.0017098 0.0000739 -0.0001770 -0.0003585
-0.2256343 -0.2426752 -0.0206702 0.2472769 0.5877267 -0.2695530 -0.2001227 -0.3332336 -0.0461367 0.2014665 0.6675712 -0.2883237 -0.6796048 -0.7309317 -0.0622582 0.3572011 0.8489940 -0.3893797 -0.5112523 -0.8513101 -0.1178653 0.2669963 0.8847082 -0.3821051 0.0000923 -0.0006549 -0.0007784 -0.0017870 0.0013999 -0.0002647 0.0000516 -0.0006998 -0.0006695 -0.0049996 0.0002755 0.0019029 0.0012296 -0.0009461 -0.0022541 -0.0029175 0.0012157 -0.0000130 0.0009778 -0.0003758 -0.0015124 -0.0060027 0.0024831 0.0016135
-0.2255420 -0.2433301 -0.0214486 0.2454899 0.5891266 -0.2698177 -0.2000710 -0.3339334 -0.0468062 0.1964669 0.6678467 -0.2864208 -0.6783753 -0.7318778 -0.0645123 0.3542836 0.8502097 -0.3893927 -0.5102745 -0.8516859 -0.1193777 0.2609937 0.8871914 -0.3804915 0.0003929 -0.0038304 -0.0006003 -0.0024943 -0.0001071 -0.0008468 0.0008741 -0.0035889 -0.0009802 -0.0021633 -0.0020797 -0.0013528 0.0064130 -0.0057782 -0.0012932 -0.0032753 0.0006316 -0.0015834 0.0057508 -0.0031865 -0.0016551 -0.0022241 -0.0005364 -0.0027594
-0.2251491 -0.2471606 -0.0220489 0.2429956 0.5890195 -0.2706645 -0.1991969 -0.3375223 -0.0477864 0.1943036 0.6657670 -0.2877736 -0.6719623 -0.7376560 -0.0658054 0.3510083 0.8508413 -0.3909761 -0.5045237 -0.8548725 -0.1210328 0.2587696 0.8866549 -0.3832510 -0.0004492 0.0017836 0.0002342 -0.0050461 -0.0004580 -0.0006675 -0.0004946 0.0017754 0.0002109 -0.0022883 -0.0132806 0.0012364 -0.0034082 0.0030746 0.0004990 -0.0063513 0.0016580 -0.0020336 -0.0029125 0.0017059 0.0001388 0.0013976 -0.0025822 -0.0049865
-0.2255983 -0.2453770 -0.0218147 0.2379496 0.5885615 -0.2713320 -0.1996915 -0.3357469 -0.0475755 0.1920154 0.6524864 -0.2865372 -0.6753705 -0.7345814 -0.0653064 0.3446570 0.8524993 -0.3930097 -0.5074362 -0.8531665 -0.1208940 0.2601672 0.8840728 -0.3882375 0.0003001 -0.0014694 -0.0005722 -0.0029231 -0.0063034 0.0015722 0.0000738 -0.0014109 -0.0010066 -0.0040506 -0.0031471 -0.0016140 0.0027444 -0.0023766 -0.0015297 -0.0007481 -0.0004944 -0.0017237 0.0018444 -0.0007866 -0.0021546 -0.0043803 -0.0004367 -0.0038853
-0.2252982 -0.2468464 -0.0223870 0.2350265 0.5822581 -0.2697599 -0.1996178 -0.3371578 -0.0485821 0.1879648 0.6493393 -0.2881512 -0.6726261 -0.7369580 -0.0668361 0.3439088 0.8520048 -0.3947334 -0.5055918 -0.8539531 -0.1230486 0.2557869 0.8836361 -0.3921229 0.0000620 -0.0006110 -0.0008467 -0.0033103 -0.0004738 0.0004900 0.0001532 -0.0006154 -0.0007494 -0.0050817 -0.0016621 -0.0002091 0.0011203 -0.0007967 -0.0024313 -0.0039837 0.0014664 -0.0002826 0.0010794 -0.0003877 -0.0017270 -0.0060071 0.0009545 -0.0017165
-0.2252362 -0.2474574 -0.0232337 0.2317161 0.5817843 -0.2692699 -0.1994646 -0.3377732 -0.0493314 0.1828831 0.6476772 -0.2883603 -0.6715058 -0.7377547 -0.0692674 0.3399251 0.8534713 -0.3950161 -0.5045124 -0.8543408 -0.1247756 0.2497798 0.8845906 -0.3938394 0.0005775 -0.0024769 -0.0008738 -0.0029349 0.0036856 -0.0020978 0.0005753 -0.0024628 -0.0009309 -0.0003193 -0.0001902 -0.0004227 0.0047184 -0.0040506 -0.0022836 -0.0057709 0.0016565 -0.0013392 0.0039045 -0.0020391 -0.0017355 -0.0004084 -0.0001616 -0.0006212
-0.2246587 -0.2499343 -0.0241075 0.2287813 0.5854699 -0.2713677 -0.1988893 -0.3402360 -0.0502623 0.1825638 0.6474870 -0.2887830 -0.6667874 -0.7418053 -0.0715510 0.3341542 0.8551277 -0.3963553 -0.5006079 -0.8563800 -0.1265112 0.2493714 0.8844291 -0.3944606 -0.0007419 0.0019094 0.0003134 -0.0016757 0.0020669 -0.0007925 -0.0006398 0.0018739 0.0005316 -0.0003565 0.0016754 0.0008860 -0.0040718 0.0036097 0.0007327 -0.0031850 0.0011110 -0.0002737 -0.0033212 0.0018156 0.0009118 -0.0008417 0.0010244 0.0017709
-0.2254007 -0.2480249 -0.0237941 0.2271056 0.5875368 -0.2721602 -0.1995291 -0.3383621 -0.0497307 0.1822073 0.6491624 -0.2878970 -0.6708592 -0.7381956 -0.0708183 0.3309692 0.8562388 -0.3966290 -0.5039291 -0.8545644 -0.1255994 0.2485297 0.8854534 -0.3926897 -0.0000860 -0.0002816 -0.0000810 0.0003108 0.0030228 -0.0007246 -0.0002200 -0.0003020 -0.0001496 0.0015010 0.0061069 0.0022415 0.0002856 -0.0002418 -0.0001836 -0.0009797 0.0006848 0.0006632 -0.0000620 0.0000740 -0.0002546 0.0003789 0.0023788 0.0056516
-0.2254867 -0.2483065 -0.0238751 0.2274164 0.5905596 -0.2728848 -0.1997491 -0.3386641 -0.0498803 0.1837083 0.6552693 -0.2856555 -0.6705736 -0.7384374 -0.0710019 0.3299895 0.8569236 -0.3959658 -0.5039911 -0.8544904 -0.1258540 0.2489086 0.8878322 -0.3870381 0.0001349 0.0001827 -0.0003734 0.0040073 -0.0043896 0.0029679 0.0001471 0.0001778 -0.0003530 0.0023906 0.0063533 0.0004584 0.0000050 0.0001072 -0.0011531 0.0075740 -0.0019134 0.0022546 0.0001404 0.0000575 -0.0009488 0.0011840 0.0013020 0.0037705
-0.2253518 -0.2481239 -0.0242485 0.2314237 0.5861700 -0.2699169 -0.1996020 -0.3384863 -0.0502333 0.1860989 0.6616226 -0.2851971 -0.6705686 -0.7383302 -0.0721550 0.3375635 0.8550102 -0.3937112 -0.5038506 -0.8544329 -0.1268028 0.2500926 0.8891342 -0.3832676 0.0001564 -0.0003792 -0.0002771 0.0040014 0.0030007 0.0003515 0.0000349 -0.0003933 -0.0003566 0.0057436 0.0057941 0.0020591 0.0008549 -0.0006987 -0.0007823 0.0039507 -0.0003427 0.0026721 0.0005504 -0.0002078 -0.0007830 0.0057166 0.0008214 0.0057220
-0.2251954 -0.2485031 -0.0245256 0.2354251 0.5891707 -0.2695653 -0.1995671 -0.3388796 -0.0505899 0.1918425 0.6674167 -0.2831380 -0.6697137 -0.7390289 -0.0729373 0.3415142 0.8546675 -0.3910390 -0.5033002 -0.8546407 -0.1275857 0.2558092 0.8899556 -0.3775456 -0.0001904 0.0003130 0.0005218 0.0010051 0.0014750 -0.0007349 -0.0003102 0.0001881 0.0008313 0.0020690 0.0014972 -0.0008498 -0.0008481 0.0006206 0.0015216 0.0005195 -0.0002047 0.0000067 -0.0009218 0.0002381 0.0020619 0.0020080 -0.0005938 -0.0000335
-0.2253858 -0.2481901 -0.0240039 0.2364302 0.5906457 -0.2703003 -0.1998773 -0.3386915 -0.0497586 0.1939116 0.6689139 -0.2839878 -0.6705618 -0.7384082 -0.0714157 0.3420338 0.8544628 -0.3910323 -0.5042221 -0.8544026 -0.1255239 0.2578172 0.8893617 -0.3775791 0.0014899 -0.0047231 -0.0011113 0.0027494 0.0007740 0.0007944 0.0012129 -0.0047077 -0.0014426 0.0017881 0.0009188 0.0002318 0.0095384 -0.0082844 -0.0027335 0.0033299 -0.0004817 0.0018790 0.0075797 -0.0040628 -0.0024741 0.0019655 -0.0001881 0.0009054
-0.2238960 -0.2529131 -0.0251152 0.2391796 0.5914197 -0.2695059 -0.1986645 -0.3433992 -0.0512011 0.1956996 0.6698327 -0.2837560 -0.6610234 -0.7466927 -0.0741492 0.3453636 0.8539811 -0.3891533 -0.4966424 -0.8584654 -0.1279980 0.2597827 0.8891737 -0.3766737 -0.0002609 0.0004117 -0.0000445 0.0014270 0.0000616 -0.0003979 -0.0001296 0.0003999 0.0001163 0.0009259 0.0004625 -0.0008247 -0.0010271 0.0009264 -0.0001603 0.0017090 -0.0007753 -0.0001802 -0.0006891 0.0003697 0.0001970 0.0008959 -0.0005220 -0.0006125
-0.2241569 -0.2525014 -0.0251597 0.2406066 0.5914813 -0.2699038 -0.1987941 -0.3429993 -0.0510848 0.1966256 0.6702952 -0.2845807 -0.6620505 -0.7457662 -0.0743095 0.3470726 0.8532058 -0.3893335 -0.4973315 -0.8580957 -0.1278010 0.2606787 0.8886516 -0.3772862 0.0004748 -0.0025074 -0.0006665 0.0002641 0.0004036 -0.0005712 0.0006714 -0.0024530 -0.0006692 -0.0000407 0.0002345 -0.0007959 0.0045319 -0.0038377 -0.0016072 0.0000513 -0.0002280 -0.0004537 0.0039763 -0.0021321 -0.0010741 -0.0002260 -0.0002761 -0.0008054
-0.2236821 -0.2550088 -0.0258262 0.2408707 0.5918849 -0.2704750 -0.1981227 -0.3454523 -0.0517540 0.1965849 0.6705297 -0.2853766 -0.6575186 -0.7496039 -0.0759168 0.3471239 0.8529777 -0.3897872 -0.4933552 -0.8602278 -0.1288751 0.2604526 0.8883756 -0.3780916 0.0000856 0.0001762 -0.0000454 -0.0004468 0.0001818 -0.0000024 0.0000444 0.0001677 -0.0000633 -0.0012147 -0.0006510 -0.0005832 -0.0001058 0.0001105 -0.0001748 -0.0006444 0.0002607 -0.0000029 -0.0000835 0.0000791 -0.0002084 -0.0013783 -0.0000704 -0.0011108
-0.2235965 -0.2548326 -0.0258716 0.2404240 0.5920667 -0.2704774 -0.1980783 -0.3452846 -0.0518173 0.1953702 0.6698787 -0.2859599 -0.6576243 -0.7494934 -0.0760915 0.3464795 0.8532384 -0.3897900 -0.4934387 -0.8601487 -0.1290836 0.2590743 0.8883051 -0.3792024 -0.0002088 0.0001004 -0.0001174 -0.0035722 0.0006589 -0.0005148 -0.0001079 0.0001250 -0.0001082 -0.0044170 -0.0030469 -0.0004860 -0.0004766 0.0004520 -0.0003292 -0.0049189 0.0015227 -0.0010039 -0.0003184 0.0002252 -0.0002825 -0.0046236 0.0002678 -0.0024950
-0.2238053 -0.2547321 -0.0259890 0.2368518 0.5927256 -0.2709922 -0.1981862 -0.3451596 -0.0519255 0.1909531 0.6668318 -0.2864458 -0.6581009 -0.7490414 -0.0764207 0.3415605 0.8547611 -0.3907939 -0.4937571 -0.8599235 -0.1293660 0.2544507 0.8885730 -0.3816975 0.0002502 -0.0005833 0.0000703 -0.0031058 -0.0020167 0.0010792 0.0004234 -0.0006212 0.0003710 -0.0030352 -0.0075388 0.0021856 0.0012522 -0.0011254 0.0002667 -0.0029146 0.0010447 -0.0002500 0.0013957 -0.0009516 0.0010133 -0.0012427 -0.0002156 -0.0013260
-0.2235551 -0.2553154 -0.0259186 0.2337459 0.5907089 -0.2699130 -0.1977628 -0.3457808 -0.0515544 0.1879179 0.6592930 -0.2842603 -0.6568487 -0.7501669 -0.0761540 0.3386459 0.8558058 -0.3910439 -0.4923613 -0.8608751 -0.1283528 0.2532080 0.8883573 -0.3830235 0.0000252 -0.0005073 -0.0001164 -0.0018122 -0.0038451 0.0013432 0.0000935 -0.0005355 0.0000494 -0.0037020 -0.0052572 0.0017408 0.0007932 -0.0006675 -0.0002582 -0.0004553 -0.0000792 -0.0005670 0.0007331 -0.0004566 0.0002533 -0.0028729 0.0004263 -0.0008985
-0.2235298 -0.2558227 -0.0260350 0.2319337 0.5868638 -0.2685697 -0.1976694 -0.3463163 -0.0515050 0.1842159 0.6540358 -0.2825195 -0.6560556 -0.7508344 -0.0764122 0.3381906 0.8557266 -0.3916109 -0.4916282 -0.8613316 -0.1280994 0.2503351 0.8887836 -0.3839219 0.0000267 -0.0001410 0.0002432 -0.0029919 -0.0019159 0.0000620 0.0001898 -0.0001181 0.0003242 -0.0003625 -0.0048858 0.0000948 0.0002128 -0.0002598 0.0007293 -0.0030571 0.0005420 -0.0014407 0.0004318 -0.0003643 0.0007958 0.0010332 -0.0012521 -0.0022150
-0.2235032 -0.2559637 -0.0257918 0.2289418 0.5849479 -0.2685077 -0.1974796 -0.3464344 -0.0511809 0.1838535 0.6491500 -0.2824247 -0.6558427 -0.7510941 -0.0756828 0.3351335 0.8562686 -0.3930516 -0.4911965 -0.8616959 -0.1273036 0.2513683 0.8875315 -0.3861369 -0.0002918 -0.0005302 -0.0002786 -0.0013700 -0.0001359 0.0000958 -0.0002518 -0.0005762 -0.0000754 -0.0008476 -0.0000113 -0.0002149 0.0003187 -0.0002093 -0.0006806 -0.0017067 0.0005687 -0.0002121 0.0001430 -0.0000832 0.0000118 -0.0011110 0.0001540 -0.0003676
-0.2237949 -0.2564938 -0.0260703 0.2275718 0.5848120 -0.2684119 -0.1977314 -0.3470106 -0.0512563 0.1830059 0.6491387 -0.2826395 -0.6555241 -0.7513034 -0.0763634 0.3334268 0.8568373 -0.3932637 -0.4910535 -0.8617791 -0.1272918 0.2502573 0.8876855 -0.3865045 0.0011534 -0.0017647 -0.0007442 -0.0009764 0.0009188 -0.0003249 0.0006812 -0.0019914 -0.0004142 -0.0020354 0.0032434 -0.0000396 0.0045859 -0.0037682 -0.0020344 -0.0017176 0.0006042 -0.0001356 0.0034325 -0.0018623 -0.0005722 -0.0035899 0.0015277 0.0012058
-0.2226416 -0.2582585 -0.0268146 0.2265954 0.5857308 -0.2687368 -0.1970501 -0.3490020 -0.0516705 0.1809705 0.6523821 -0.2826791 -0.6509382 -0.7550717 -0.0783978 0.3317093 0.8574415 -0.3933993 -0.4876209 -0.8636415 -0.1278640 0.2466674 0.8892132 -0.3852987 -0.0000843 0.0004230 0.0001305 0.0012413 0.0013418 0.0005667 -0.0002176 0.0003694 0.0001849 -0.0000899 0.0048929 0.0003988 -0.0007697 0.0006312 0.0003189 0.0011638 0.0002808 0.0015985 -0.0008241 0.0004092 0.0003829 -0.0015191 0.0015944 0.0027231
-0.2227259 -0.2578355 -0.0266840 0.2278368 0.5870726 -0.2681701 -0.1972677 -0.3486326 -0.0514856 0.1808807 0.6572750 -0.2822803 -0.6517080 -0.7544405 -0.0780789 0.3328731 0.8577224 -0.3918007 -0.4884450 -0.8632323 -0.1274811 0.2451483 0.8908076 -0.3825756 -0.0000622 -0.0002491 0.0000828 0.0003142 0.0033418 -0.0001476 -0.0000876 -0.0002507 0.0000588 0.0002247 0.0034001 -0.0002468 0.0002411 -0.0002385 0.0002928 -0.0010102 0.0010802 0.0015122 0.0000875 -0.0000827 0.0002249 -0.0007485 0.0007663 0.0013084
-0.2227881 -0.2580845 -0.0266012 0.2281509 0.5904144 -0.2683177 -0.1973553 -0.3488833 -0.0514268 0.1811054 0.6606751 -0.2825271 -0.6514668 -0.7546789 -0.0777861 0.3318629 0.8588026 -0.3902885 -0.4883575 -0.8633150 -0.1272562 0.2443998 0.8915739 -0.3812673 -0.0004119 0.0013722 0.0003807 0.0020203 0.0000733 0.0004252 -0.0002354 0.0013990 0.0004588 0.0016335 0.0035229 -0.0004403 -0.0027244 0.0022643 0.0009347 0.0026611 -0.0006053 0.0009414 -0.0019779 0.0010078 0.0007754 0.0009762 0.0002901 0.0013076
-0.2232000 -0.2567123 -0.0262206 0.2301712 0.5904877 -0.2678925 -0.1975907 -0.3474843 -0.0509680 0.1827389 0.6641980 -0.2829674 -0.6541912 -0.7524146 -0.0768515 0.3345240 0.8581973 -0.3893471 -0.4903354 -0.8623072 -0.1264808 0.2453760 0.8918640 -0.3799596 -0.0013955 0.0048170 0.0018016 0.0011431 0.0001957 0.0004251 -0.0013736 0.0049101 0.0014776 0.0008348 0.0007160 -0.0002900 -0.0095764 0.0079655 0.0046840 0.0014729 -0.0001967 0.0008357 -0.0080211 0.0042430 0.0025193 0.0008056 -0.0001806 0.0000972
-0.2245955 -0.2518953 -0.0244189 0.2313143 0.5906834 -0.2674674 -0.1989642 -0.3425742 -0.0494905 0.1835737 0.6649140 -0.2832574 -0.6637676 -0.7444491 -0.0721675 0.3359969 0.8580006 -0.3885113 -0.4983566 -0.8580643 -0.1239615 0.2461816 0.8916833 -0.3798625 -0.0005184 0.0023903 0.0000343 0.0014561 -0.0000732 0.0001103 -0.0005406 0.0022847 0.0003891 0.0002292 0.0011424 -0.0005663 -0.0043598 0.0039303 -0.0002048 0.0019261 -0.0005859 0.0003773 -0.0035364 0.0020004 0.0004375 -0.0001183 -0.0000108 -0.0001020
-0.2251139 -0.2495050 -0.0243846 0.2327704 0.5906102 -0.2673571 -0.1995049 -0.3402895 -0.0491013 0.1838029 0.6660564 -0.2838237 -0.6681274 -0.7405188 -0.0723723 0.3379229 0.8574147 -0.3881341 -0.5018929 -0.8560639 -0.1235239 0.2460632 0.8916725 -0.3799645 -0.0001609 -0.0002821 -0.0002622 -0.0003020 0.0004586 -0.0004698 -0.0001406 -0.0002910 -0.0002162 -0.0002813 0.0002540 -0.0008304 0.0001875 -0.0000998 -0.0007055 -0.0006703 0.0000761 -0.0004148 0.0000837 0.0000140 -0.0004359 -0.0005321 -0.0002247 -0.0008705
-0.2252749 -0.2497871 -0.0246468 0.2324684 0.5910688 -0.2678269 -0.1996454 -0.3405805 -0.0493176 0.1835216 0.6663104 -0.2846541 -0.6679399 -0.7406186 -0.0730778 0.3372526 0.8574908 -0.3885488 -0.5018093 -0.8560499 -0.1239598 0.2455311 0.8914478 -0.3808349 0.0012455 -0.0039155 -0.0008400 -0.0005549 0.0004867 -0.0004685 0.0011104 -0.0038576 -0.0011975 -0.0005411 -0.0006758 -0.0007523 0.0078978 -0.0068477 -0.0020123 -0.0010063 0.0001926 -0.0004468 0.0064082 -0.0034205 -0.0020895 -0.0005771 -0.0003700 -0.0012355
-0.2240294 -0.2537027 -0.0254869 0.2319135 0.5915555 -0.2682954 -0.1985351 -0.3444381 -0.0505151 0.1829805 0.6656346 -0.2854064 -0.6600420 -0.7474664 -0.0750902 0.3362463 0.8576834 -0.3889956 -0.4954011 -0.8594704 -0.1260494 0.2449540 0.8910778 -0.3820705 0.0000238 -0.0001738 0.0000418 -0.0019130 -0.0000928 -0.0001427 0.0000587 -0.0001500 -0.0000135 -0.0014445 -0.0059764 0.0002664 0.0002861 -0.0002674 0.0001476 -0.0024518 0.0006930 -0.0005826 0.0002720 -0.0001565 -0.0000016 -0.0000393 -0.0011167 -0.0026189
-0.2240056 -0.2538765 -0.0254451 0.2300005 0.5914627 -0.2684381 -0.1984763 -0.3445881 -0.0505285 0.1815360 0.6596582 -0.2851400 -0.6597559 -0.7477338 -0.0749425 0.3337945 0.8583764 -0.3895782 -0.4951291 -0.8596268 -0.1260510 0.2449146 0.8899612 -0.3846894 0.0000520 0.0000535 0.0001506 -0.0019230 -0.0051161 0.0004424 0.0000760 0.0001269 -0.0000937 -0.0026441 -0.0064552 -0.0016016 -0.0000132 -0.0000308 0.0004249 -0.0002721 -0.0009497 -0.0023175 0.0000230 0.0000273 -0.0002761 -0.0016756 -0.0018020 -0.0051927
-0.2239536 -0.2538230 -0.0252944 0.2280775 0.5863466 -0.2679957 -0.1984003 -0.3444612 -0.0506222 0.1788919 0.6532030 -0.2867416 -0.6597691 -0.7477646 -0.0745176 0.3335224 0.8574267 -0.3918957 -0.4951061 -0.8595996 -0.1263271 0.2432390 0.8881592 -0.3898821 0.0000143 0.0006469 0.0004422 -0.0030601 -0.0002601 -0.0001197 -0.0001973 0.0006343 0.0002707 -0.0021392 -0.0024578 0.0010377 -0.0009810 0.0007490 0.0011891 -0.0039008 0.0011147 -0.0008590 -0.0010885 0.0005509 0.0005243 -0.0018892 0.0004113 -0.0002369
-0.2239392 -0.2531761 -0.0248523 0.2250174 0.5860865 -0.2681155 -0.1985976 -0.3438269 -0.0503515 0.1767527 0.6507452 -0.2857039 -0.6607500 -0.7470156 -0.0733286 0.3296216 0.8585414 -0.3927547 -0.4961946 -0.8590487 -0.1258028 0.2413498 0.8885704 -0.3901190 0.0014772 -0.0062391 -0.0020339 -0.0006384 -0.0008036 -0.0002081 0.0016766 -0.0062095 -0.0019421 -0.0006941 -0.0017251 -0.0004000 0.0117849 -0.0097490 -0.0051036 -0.0005407 -0.0001482 -0.0007765 0.0099890 -0.0052045 -0.0033120 -0.0004400 -0.0004838 -0.0013713
-0.2224620 -0.2594152 -0.0268862 0.2243790 0.5852829 -0.2683235 -0.1969210 -0.3500364 -0.0522936 0.1760586 0.6490201 -0.2861039 -0.6489651 -0.7567646 -0.0784322 0.3290809 0.8583932 -0.3935312 -0.4862055 -0.8642532 -0.1291148 0.2409098 0.8880866 -0.3914903 0.0003604 -0.0006011 -0.0002671 -0.0001835 0.0000011 -0.0000723 0.0000970 -0.0006941 -0.0002008 0.0010683 -0.0006628 0.0004985 0.0015096 -0.0012168 -0.0007231 -0.0002542 0.0000406 -0.0001239 0.0009332 -0.0004778 -0.0003109 0.0016362 -0.0002687 0.0004010
-0.2221017 -0.2600163 -0.0271533 0.2241955 0.5852840 -0.2683958 -0.1968240 -0.3507305 -0.0524944 0.1771269 0.6483573 -0.2856054 -0.6474555 -0.7579814 -0.0791553 0.3288267 0.8584339 -0.3936551 -0.4852724 -0.8647310 -0.1294256 0.2425460 0.8878179 -0.3910893 0.0000066 -0.0001331 0.0000842 -0.0002838 -0.0001455 -0.0003237 -0.0000605 -0.0001454 0.0000582 -0.0011524 0.0021145 0.0002987 0.0001890 -0.0001892 0.0002661 -0.0003725 -0.0000993 -0.0005272 0.0000275 -0.0000439 0.0001906 -0.0020666 0.0010897 0.0012010
-0.2220950 -0.2601493 -0.0270691 0.2239117 0.5851385 -0.2687195 -0.1968845 -0.3508759 -0.0524361 0.1759745 0.6504718 -0.2853067 -0.6472664 -0.7581706 -0.0788892 0.3284541 0.8583345 -0.3941823 -0.4852449 -0.8647749 -0.1292350 0.2404794 0.8889076 -0.3898883 -0.0003390 0.0012061 0.0000349 -0.0003636 0.0015270 -0.0012416 -0.0001396 0.0011704 0.0003597 -0.0000365 0.0027056 -0.0012366 -0.0023059 0.0019808 -0.0000584 -0.0013403 0.0001225 -0.0008470 -0.0015321 0.0007760 0.0005725 -0.0009920 0.0001996 -0.0001555
-0.2224340 -0.2589432 -0.0270342 0.2235481 0.5866655 -0.2699612 -0.1970241 -0.3497055 -0.0520764 0.1759380 0.6531774 -0.2865434 -0.6495724 -0.7561898 -0.0789476 0.3271138 0.8584570 -0.3950293 -0.4867770 -0.8639989 -0.1286625 0.2394874 0.8891072 -0.3900438 0.0001246 -0.0002255 -0.0001508 -0.0007201 0.0017780 -0.0016057 0.0000593 -0.0002579 -0.0001024 -0.0002212 0.0006044 -0.0008693 0.0005564 -0.0004340 -0.0004168 -0.0019705 0.0001806 -0.0012322 0.0003955 -0.0001949 -0.0001870 -0.0005690 -0.0001741 -0.0007451
-0.2223095 -0.2591687 -0.0271850 0.2228280 0.5884435 -0.2715669 -0.1969648 -0.3499634 -0.0521788 0.1757168 0.6537818 -0.2874127 -0.6490160 -0.7566238 -0.0793645 0.3251434 0.8586376 -0.3962615 -0.4863815 -0.8641938 -0.1288496 0.2389184 0.8889331 -0.3907889 -0.0024121 0.0072960 0.0019776 -0.0003692 0.0004830 -0.0000320 -0.0020837 0.0073289 0.0021890 -0.0005954 0.0005128 -0.0003541 -0.0148795 0.0125156 0.0048944 -0.0006843 0.0003193 0.0001311 -0.0119913 0.0063134 0.0036862 -0.0009559 0.0001504 -0.0002409
-0.2247215 -0.2518727 -0.0252073 0.2224588 0.5889265 -0.2715988 -0.1990484 -0.3426345 -0.0499898 0.1751214 0.6542946 -0.2877668 -0.6638955 -0.7441082 -0.0744700 0.3244590 0.8589569 -0.3961304 -0.4983728 -0.8578803 -0.1251634 0.2379624 0.8890835 -0.3910298 -0.0008385 0.0035225 0.0005468 -0.0005728 -0.0000471 -0.0002668 -0.0008479 0.0034162 0.0009238 0.0005707 -0.0008215 0.0004340 -0.0066209 0.0058442 0.0011625 -0.0007787 0.0000821 -0.0004588 -0.0054224 0.0029543 0.0015032 0.0010235 -0.0001936 0.0001840
-0.2255600 -0.2483502 -0.0246605 0.2218860 0.5888794 -0.2718657 -0.1998963 -0.3392183 -0.0490660 0.1756921 0.6534731 -0.2873328 -0.6705164 -0.7382640 -0.0733075 0.3236804 0.8590390 -0.3965892 -0.5037952 -0.8549260 -0.1236602 0.2389860 0.8888899 -0.3908458 -0.0002283 0.0031566 0.0012933 0.0001988 -0.0023088 0.0008614 -0.0006523 0.0031007 0.0010554 0.0000323 -0.0024099 -0.0000921 -0.0052233 0.0044485 0.0033744 0.0013616 -0.0005378 -0.0000510 -0.0047794 0.0025596 0.0019094 0.0007279 -0.0007442 -0.0012440
-0.2257884 -0.2451936 -0.0233671 0.2220848 0.5865706 -0.2710043 -0.2005486 -0.3361176 -0.0480106 0.1757244 0.6510632 -0.2874249 -0.6757397 -0.7338155 -0.0699332 0.3250420 0.8585012 -0.3966402 -0.5085747 -0.8523664 -0.1217508 0.2397139 0.8881458 -0.3920898 0.0006770 -0.0022340 0.0001814 -0.0008393 -0.0000877 0.0003475 0.0009909 -0.0020364 -0.0002253 -0.0002725 -0.0008725 0.0003189 0.0043876 -0.0040903 0.0007860 -0.0009981 0.0004820 0.0002269 0.0041295 -0.0024246 -0.0001807 -0.0000562 -0.0000208 -0.0000814
-0.2251114 -0.2474276 -0.0231858 0.2212455 0.5864829 -0.2706568 -0.1995577 -0.3381540 -0.0482359 0.1754519 0.6501907 -0.2871061 -0.6713521 -0.7379058 -0.0691472 0.3240439 0.8589831 -0.3964133 -0.5044451 -0.8547911 -0.1219315 0.2396577 0.8881250 -0.3921712 0.0004333 -0.0019882 -0.0005185 -0.0014963 0.0008061 0.0000268 0.0005871 -0.0019452 -0.0005219 -0.0005920 -0.0009236 0.0004757 0.0037142 -0.0032406 -0.0012907 -0.0022853 0.0009300 0.0001548 0.0032996 -0.0018138 -0.0008743 -0.0004334 0.0001321 0.0000345
-0.2246781 -0.2494157 -0.0237042 0.2197493 0.5872890 -0.2706300 -0.1989706 -0.3400992 -0.0487578 0.1748598 0.6492671 -0.2866304 -0.6676379 -0.7411465 -0.0704378 0.3217586 0.8599131 -0.3962586 -0.5011456 -0.8566048 -0.1228057 0.2392243 0.8882570 -0.3921367 -0.0005743 0.0033900 0.0002523 -0.0010012 0.0007615 -0.0001738 -0.0006912 0.0031779 0.0009048 -0.0002730 -0.0000379 0.0003094 -0.0059819 0.0054036 0.0003047 -0.0016547 0.0006077 -0.0000209 -0.0049022 0.0026694 0.0015212 -0.0003015 0.0002158 0.0003052
-0.2252524 -0.2460258 -0.0234519 0.2187481 0.5880505 -0.2708038 -0.1996618 -0.3369213 -0.0478530 0.1745868 0.6492292 -0.2863210 -0.6736198 -0.7357429 -0.0701331 0.3201039 0.8605208 -0.3962794 -0.5060478 -0.8539354 -0.1212845 0.2389228 0.8884728 -0.3918315 -0.0000586 -0.0016338 -0.0009451 -0.0001573 0.0003958 -0.0001400 0.0000681 -0.0016871 -0.0006177 -0.0007534 0.0010055 0.0000348 0.0024553 -0.0019946 -0.0025414 -0.0003920 0.0001437 -0.0000044 0.0020662 -0.0010635 -0.0011058 -0.0012589 0.0005239 0.0004228
-0.2253110 -0.2476596 -0.0243969 0.2185907 0.5884463 -0.2709438 -0.1995937 -0.3386084 -0.0484707 0.1738334 0.6502347 -0.2862862 -0.6711645 -0.7377375 -0.0726745 0.3197119 0.8606645 -0.3962838 -0.5039816 -0.8549989 -0.1223903 0.2376639 0.8889967 -0.3914087 0.0002003 -0.0010231 -0.0005658 -0.0003544 0.0003905 -0.0004201 0.0003961 -0.0010816 -0.0001371 -0.0008572 0.0007627 -0.0005636 0.0019182 -0.0015877 -0.0015388 -0.0007001 0.0000808 -0.0003885 0.0019419 -0.0011250 -0.0001165 -0.0013967 0.0001970 -0.0003979
-0.2251107 -0.2486827 -0.0249627 0.2182363 0.5888368 -0.2713639 -0.1991976 -0.3396900 -0.0486078 0.1729761 0.6509974 -0.2868499 -0.6692463 -0.7393252 -0.0742133 0.3190118 0.8607453 -0.3966723 -0.5020396 -0.8561240 -0.1225068 0.2362671 0.8891937 -0.3918066 0.0005670 -0.0013848 -0.0002768 -0.0009264 0.0007020 -0.0008091 0.0003444 -0.0014679 -0.0002070 -0.0032115 0.0016135 -0.0015278 0.0030081 -0.0026441 -0.0006744 -0.0016468 0.0002322 -0.0008162 0.0022667 -0.0012997 -0.0001784 -0.0047924 0.0006435 -0.0013973
-0.2245437 -0.2500675 -0.0252396 0.2173099 0.5895388 -0.2721731 -0.1988532 -0.3411579 -0.0488148 0.1697647 0.6526109 -0.2883777 -0.6662382 -0.7419693 -0.0748877 0.3173650 0.8609775 -0.3974885 -0.4997729 -0.8574237 -0.1226851 0.2314747 0.8898371 -0.3932039 0.0000526 -0.0012074 -0.0003881 0.0006923 -0.0042209 0.0014450 0.0000998 -0.0012518 -0.0001697 -0.0001097 -0.0019158 -0.0003301 0.0019125 -0.0016165 -0.0009511 0.0028750 -0.0011597 -0.0002044 0.0015591 -0.0008920 -0.0001040 0.0003561 -0.0006730 -0.0013104
-0.2244911 -0.2512749 -0.0256277 0.2180023 0.5853179 -0.2707280 -0.1987535 -0.3424097 -0.0489846 0.1696550 0.6506951 -0.2887077 -0.6643257 -0.7435858 -0.0758388 0.3202400 0.8598178 -0.3976929 -0.4982137 -0.8583157 -0.1227892 0.2318307 0.8891642 -0.3945144 0.0000031 -0.0002817 0.0000429 -0.0027626 -0.0010623 -0.0013643 -0.0000112 -0.0002898 0.0000534 -0.0013544 -0.0038765 -0.0008649 0.0004104 -0.0003840 0.0001725 -0.0034770 0.0000169 -0.0027387 0.0002811 -0.0001931 0.0002099 -0.0007723 -0.0011526 -0.0030374
-0.2244881 -0.2515567 -0.0255848 0.2152397 0.5842556 -0.2720923 -0.1987647 -0.3426995 -0.0489312 0.1683006 0.6468186 -0.2895726 -0.6639153 -0.7439698 -0.0756663 0.3167630 0.8598347 -0.4004316 -0.4979326 -0.8585088 -0.1225793 0.2310584 0.8880116 -0.3975517 0.0001410 -0.0010644 0.0004396 -0.0002676 -0.0049989 0.0009700 0.0001257 -0.0010152 0.0002266 -0.0029762 -0.0091143 -0.0000646 0.0017219 -0.0016784 0.0014464 0.0018423 -0.0013314 -0.0013927 0.0012876 -0.0008602 0.0008063 -0.0013279 -0.0018741 -0.0049208
-0.2243471 -0.2526210 -0.0251452 0.2149721 0.5792567 -0.2711223 -0.1986390 -0.3437147 -0.0487046 0.1653244 0.6377043 -0.2896373 -0.6621934 -0.7456482 -0.0742198 0.3186053 0.8585033 -0.4018243 -0.4966450 -0.8593690 -0.1217730 0.2297305 0.8861376 -0.4024725 0.0002564 -0.0009145 -0.0000552 -0.0006765 -0.0029592 -0.0005215 0.0002923 -0.0008825 -0.0001437 -0.0019754 -0.0029586 0.0000037 0.0017648 -0.0015587 -0.0000494 0.0001995 -0.0011529 -0.0022967 0.0015123 -0.0008486 -0.0001669 -0.0017710 -0.0003264 -0.0017219
-0.2240907 -0.2535355 -0.0252004 0.2142956 0.5762975 -0.2716438 -0.1983467 -0.3445972 -0.0488483 0.1633489 0.6347457 -0.2896336 -0.6604286 -0.7472069 -0.0742693 0.3188048 0.8573504 -0.4041210 -0.4951326 -0.8602176 -0.1219399 0.2279595 0.8858111 -0.4041944 -0.0000173 -0.0012304 0.0004008 -0.0006416 -0.0016844 -0.0000233 0.0000921 -0.0011179 0.0000846 -0.0007337 -0.0019917 -0.0002012 0.0017006 -0.0016348 0.0013750 -0.0001776 -0.0004166 -0.0010224 0.0013471 -0.0008426 0.0004858 -0.0004366 -0.0004946 -0.0013274
-0.2241080 -0.2547659 -0.0247996 0.2136540 0.5746131 -0.2716671 -0.1982546 -0.3457151 -0.0487637 0.1626153 0.6327540 -0.2898348 -0.6587280 -0.7488417 -0.0728943 0.3186272 0.8569338 -0.4051434 -0.4937856 -0.8610602 -0.1214541 0.2275228 0.8853166 -0.4055218 -0.0010003 0.0031026 0.0005520 -0.0024785 0.0041839 -0.0026893 -0.0008920 0.0030481 0.0008722 0.0000189 -0.0003452 -0.0000798 -0.0062489 0.0054204 0.0012661 -0.0055158 0.0012522 -0.0016466 -0.0050583 0.0027110 0.0014903 0.0001121 -0.0001499 -0.0002643
-0.2251083 -0.2516633 -0.0242476 0.2111756 0.5787970 -0.2743564 -0.1991466 -0.3426670 -0.0478915 0.1626342 0.6324088 -0.2899146 -0.6649769 -0.7434212 -0.0716282 0.3131113 0.8581860 -0.4067900 -0.4988439 -0.8583493 -0.1199638 0.2276350 0.8851666 -0.4057861 0.0000437 -0.0002104 0.0000543 -0.0005271 0.0008028 -0.0005568 -0.0000074 -0.0002301 0.0000690 0.0002529 0.0004495 -0.0000472 0.0003716 -0.0003502 0.0001866 -0.0011289 0.0002346 -0.0003722 0.0002225 -0.0001615 0.0002307 0.0002026 0.0000411 0.0002033
-0.2250646 -0.2518738 -0.0241933 0.2106484 0.5795998 -0.2749132 -0.1991540 -0.3428971 -0.0478225 0.1628870 0.6328583 -0.2899618 -0.6646053 -0.7437714 -0.0714416 0.3119824 0.8584206 -0.4071622 -0.4986214 -0.8585107 -0.1197331 0.2278375 0.8852077 -0.4055828 0.0002961 -0.0002220 0.0000207 -0.0003393 0.0013535 -0.0005676 0.0001779 -0.0002444 -0.0000281 0.0019474 0.0043357 0.0018841 0.0008098 -0.0007280 0.0000543 -0.0010954 0.0003670 -0.0000640 0.0006007 -0.0003440 -0.0000331 0.0015920 0.0016890 0.0046135
-0.2247685 -0.2520957 -0.0241725 0.2103091 0.5809533 -0.2754808 -0.1989761 -0.3431415 -0.0478506 0.1648344 0.6371940 -0.2880777 -0.6637955 -0.7444994 -0.0713873 0.3108871 0.8587875 -0.4072262 -0.4980207 -0.8588547 -0.1197661 0.2294295 0.8868967 -0.4009692 -0.0011182 0.0022796 0.0009465 -0.0000440 0.0021519 -0.0006208 -0.0007312 0.0024140 0.0008469 0.0006362 0.0075076 0.0011562 -0.0053043 0.0045181 0.0025894 -0.0010213 0.0005291 0.0003380 -0.0040995 0.0021700 0.0015856 -0.0011332 0.0025841 0.0051098
-0.2258867 -0.2498161 -0.0232260 0.2102651 0.5831052 -0.2761016 -0.1997073 -0.3407275 -0.0470037 0.1654707 0.6447016 -0.2869216 -0.6690998 -0.7399813 -0.0687979 0.3098658 0.8593167 -0.4068883 -0.5021202 -0.8566847 -0.1181805 0.2282963 0.8894808 -0.3958595 0.0002174 -0.0010763 -0.0006002 0.0010152 0.0031531 0.0003158 0.0003514 -0.0010390 -0.0006035 0.0006650 0.0052705 0.0004107 0.0020149 -0.0016636 -0.0016332 0.0001722 0.0009732 0.0021935 0.0018723 -0.0009171 -0.0012813 -0.0005535 0.0015164 0.0031035
-0.2256693 -0.2508923 -0.0238263 0.2112803 0.5862583 -0.2757858 -0.1993559 -0.3417665 -0.0476072 0.1661357 0.6499721 -0.2865109 -0.6670849 -0.7416449 -0.0704311 0.3100379 0.8602898 -0.4046948 -0.5002479 -0.8576018 -0.1194618 0.2277427 0.8909972 -0.3927559 0.0005932 -0.0004414 0.0003341 0.0007727 0.0010093 0.0006698 0.0004419 -0.0003937 -0.0000206 0.0007219 0.0028497 0.0002171 0.0015745 -0.0015044 0.0009689 0.0007517 0.0004229 0.0014786 0.0012585 -0.0007307 -0.0000159 0.0001712 0.0007045 0.0017018
-0.2250761 -0.2513337 -0.0234922 0.2120530 0.5872676 -0.2751160 -0.1989140 -0.3421602 -0.0476278 0.1668576 0.6528218 -0.2862938 -0.6655104 -0.7431493 -0.0694622 0.3107897 0.8607128 -0.4032162 -0.4989894 -0.8583325 -0.1194777 0.2279139 0.8917017 -0.3910542 0.0020373 -0.0041743 0.0002073 0.0006664 0.0005655 0.0000325 0.0020506 -0.0038722 -0.0008946 0.0004061 0.0008983 0.0000126 0.0094367 -0.0084331 0.0009694 0.0006658 -0.0000302 0.0004495 0.0081302 -0.0044651 -0.0015082 0.0002777 0.0001443 0.0004913
-0.2230389 -0.2555080 -0.0232848 0.2127194 0.5878331 -0.2750835 -0.1968633 -0.3460324 -0.0485224 0.1672637 0.6537201 -0.2862812 -0.6560736 -0.7515824 -0.0684929 0.3114555 0.8606826 -0.4027667 -0.4908592 -0.8627976 -0.1209859 0.2281916 0.8918460 -0.3905628 0.0001222 -0.0001411 0.0000073 0.0006105 -0.0010608 0.0004400 0.0001073 -0.0002035 0.0002110 -0.0002228 0.0002229 -0.0003418 0.0004084 -0.0003587 0.0000266 0.0013058 -0.0004203 0.0001140 0.0003867 -0.0002976 0.0005554 -0.0003915 -0.0000384 -0.0003161
-0.2229167 -0.2556491 -0.0232775 0.2133299 0.5867723 -0.2746435 -0.1967561 -0.3462359 -0.0483114 0.1670408 0.6539430 -0.2866230 -0.6556652 -0.7519411 -0.0684662 0.3127613 0.8602623 -0.4026527 -0.4904725 -0.8630951 -0.1204305 0.2278001 0.8918076 -0.3908790 0.0004534 -0.0003708 0.0003569 0.0031129 -0.0084039 0.0030673 0.0003036 -0.0003495 0.0001244 -0.0213096 -0.0102607 -0.0007955 0.0012524 -0.0011842 0.0010415 0.0080756 -0.0029366 0.0000905 0.0009252 -0.0005740 0.0003515 -0.0253515 0.0023907 -0.0084005
-0.2224632 -0.2560199 -0.0229206 0.2164428 0.5783684 -0.2715762 -0.1964525 -0.3465854 -0.0481870 0.1457312 0.6436823 -0.2874185 -0.6544128 -0.7531253 -0.0674248 0.3208369 0.8573257 -0.4025622 -0.4895473 -0.8636692 -0.1200791 0.2024486 0.8941982 -0.3992794 0.0000219 -0.0001631 -0.0000725 -0.0014189 -0.0010155 -0.0008093 0.0000670 -0.0001845 0.0000508 -0.0032331 -0.0034740 -0.0024684 0.0002827 -0.0002285 -0.0001906 -0.0016311 -0.0002373 -0.0017978 0.0003138 -0.0002004 0.0001626 -0.0037292 -0.0014019 -0.0049795
-0.2224413 -0.2561830 -0.0229931 0.2150238 0.5773529 -0.2723855 -0.1963855 -0.3467699 -0.0481362 0.1424982 0.6402083 -0.2898869 -0.6541301 -0.7533538 -0.0676154 0.3192058 0.8570884 -0.4043600 -0.4892336 -0.8638695 -0.1199165 0.1987195 0.8927963 -0.4042589 0.0002584 -0.0004260 -0.0001209 0.0012069 -0.0061964 0.0005972 0.0001667 -0.0004530 -0.0001186 -0.0110381 -0.0263872 -0.0045014 0.0010679 -0.0008969 -0.0003235 0.0042681 -0.0026574 -0.0022261 0.0008098 -0.0004306 -0.0001983 -0.0091159 -0.0074880 -0.0203345
-0.2221829 -0.2566090 -0.0231140 0.2162307 0.5711565 -0.2717883 -0.1962188 -0.3472229 -0.0482548 0.1314600 0.6138211 -0.2943882 -0.6530621 -0.7542507 -0.0679389 0.3234739 0.8544310 -0.4065862 -0.4884238 -0.8643001 -0.1201148 0.1896036 0.8853084 -0.4245934 0.0000000 0.0000000 0.0000000 0.0000000 0.0000000 0.0000000 0.0000000 0.0000000 0.0000000 0.0000000 0.0000000 0.0000000 0.0000000 0.0000000 0.0000000 0.0000000 0.0000000 0.0000000 0.0000000 0.0000000 0.0000000 0.0000000 0.0000000 0.0000000
