-0.2629694 -0.2436087 -0.0359303 0.2032549 0.6258488 -0.2070942 -0.2691167 -0.3331215 -0.0584124 0.1625706 0.6792926 -0.2198478 -0.7299384 -0.6761976 -0.0997336 0.2946382 0.9072299 -0.3002036 -0.6226522 -0.7707394 -0.1351481 0.2220129 0.9276693 -0.3002330 -0.0014601 -0.0191796 -0.0032432 0.0060141 0.0033070 -0.0006186 0.0025128 -0.0159624 -0.0139882 0.0088833 0.0046523 -0.0034302 0.0245175 -0.0248448 -0.0047697 0.0065463 -0.0017356 0.0012589 0.0237752 -0.0134138 -0.0274865 0.0098021 -0.0029382 -0.0016511
-0.2644296 -0.2627883 -0.0391735 0.2092691 0.6291558 -0.2077128 -0.2666039 -0.3490839 -0.0724006 0.1714538 0.6839449 -0.2232780 -0.7054208 -0.7010424 -0.1045034 0.3011845 0.9054943 -0.2989446 -0.5988770 -0.7841532 -0.1626346 0.2318150 0.9247312 -0.3018841 0.0009503 0.0061901 0.0003324 0.0023907 0.0033936 -0.0004409 0.0006216 0.0060160 0.0008112 0.0087995 0.0066969 -0.0025683 -0.0070169 0.0072109 -0.0005214 0.0017290 -0.0002312 0.0010487 -0.0056795 0.0043875 -0.0000823 0.0089546 -0.0022207 0.0002147
-0.2634793 -0.2565982 -0.0388411 0.2116597 0.6325494 -0.2081537 -0.2659823 -0.3430679 -0.0715894 0.1802533 0.6906418 -0.2258463 -0.7124378 -0.6938316 -0.1050248 0.3029135 0.9052632 -0.2978959 -0.6045565 -0.7797658 -0.1627170 0.2407696 0.9225105 -0.3016695 -0.0003378 0.0048821 0.0010952 0.0021344 0.0017352 -0.0021287 -0.0002168 0.0047554 0.0014215 -0.0310503 0.0055379 -0.0122619 -0.0072220 0.0071818 0.0020589 0.0018099 -0.0012097 -0.0018221 -0.0057596 0.0041152 0.0018428 -0.0420306 0.0048037 -0.0154916
-0.2638171 -0.2517161 -0.0377459 0.2137942 0.6342846 -0.2102824 -0.2661992 -0.3383125 -0.0701679 0.1492030 0.6961797 -0.2381082 -0.7196597 -0.6866498 -0.1029659 0.3047234 0.9040535 -0.2997180 -0.6103160 -0.7756506 -0.1608742 0.1987390 0.9273142 -0.3171611 0.0011284 0.0028837 -0.0129233 -0.0270168 0.0397332 -0.0127693 -0.0009790 -0.0286346 -0.0054705 -0.0015960 0.0047733 -0.0025757 0.0006802 0.0055948 -0.0357156 -0.0503012 0.0140719 -0.0041159 0.0297072 -0.0217675 -0.0034967 -0.0034089 0.0002654 -0.0013388
-0.2626886 -0.2488324 -0.0506691 0.1867774 0.6740178 -0.2230517 -0.2671782 -0.3669471 -0.0756384 0.1476070 0.7009530 -0.2406839 -0.7189795 -0.6810550 -0.1386816 0.2544222 0.9181254 -0.3038339 -0.5806088 -0.7974181 -0.1643709 0.1953301 0.9275796 -0.3184999 -0.0009903 -0.0127836 0.0043920 0.0007781 0.0001579 -0.0000048 0.0008230 0.0005880 -0.0009220 0.0015877 0.0032281 -0.0037016 0.0145474 -0.0178660 0.0150497 0.0009400 -0.0002160 0.0001360 0.0007883 -0.0000980 -0.0022910 0.0009355 -0.0012295 -0.0029892
-0.2636789 -0.2616160 -0.0462772 0.1875555 0.6741757 -0.2230565 -0.2663552 -0.3663591 -0.0765604 0.1491947 0.7041811 -0.2443855 -0.7044322 -0.6989210 -0.1236319 0.2553622 0.9179095 -0.3036978 -0.5798206 -0.7975161 -0.1666620 0.1962656 0.9263501 -0.3214891 0.0003135 0.0125676 0.0027971 0.0019856 0.0004406 -0.0020680 -0.0003839 -0.0001634 -0.0012606 0.0028164 0.0025591 -0.0031354 -0.0169763 0.0167297 0.0045315 0.0021622 -0.0013265 -0.0021727 -0.0001230 0.0006237 -0.0025361 0.0026745 -0.0014240 -0.0024468
-0.2633655 -0.2490484 -0.0434801 0.1895411 0.6746163 -0.2251245 -0.2667391 -0.3665225 -0.0778209 0.1520111 0.7067402 -0.2475209 -0.7214084 -0.6821913 -0.1191003 0.2575244 0.9165830 -0.3058706 -0.5799436 -0.7968924 -0.1691981 0.1989402 0.9249261 -0.3239359 -0.0014024 -0.0082826 0.0079244 0.0008358 0.0002852 -0.0005168 0.0022455 0.0262369 0.0013550 0.0012089 0.0021508 -0.0001203 0.0076045 -0.0115633 0.0232436 0.0009125 -0.0004031 -0.0004378 -0.0243104 0.0194865 -0.0054935 0.0009883 0.0000675 0.0008023
-0.2647678 -0.2573310 -0.0355557 0.1903769 0.6749015 -0.2256413 -0.2644936 -0.3402856 -0.0764659 0.1532200 0.7088910 -0.2476411 -0.7138039 -0.6937546 -0.0958567 0.2584370 0.9161798 -0.3063084 -0.6042540 -0.7774059 -0.1746916 0.1999285 0.9249937 -0.3231336 0.0012837 0.0043746 0.0017049 0.0075594 -0.0034175 0.0016091 -0.0011629 0.0034600 0.0036742 0.0007993 0.0003231 -0.0004871 -0.0044893 0.0041613 0.0035749 0.0108555 -0.0026257 0.0015126 -0.0062919 0.0032957 0.0073979 0.0008814 -0.0003222 -0.0003754
-0.2634841 -0.2529564 -0.0338508 0.1979363 0.6714840 -0.2240322 -0.2656566 -0.3368256 -0.0727917 0.1540192 0.7092141 -0.2481282 -0.7182932 -0.6895933 -0.0922818 0.2692924 0.9135541 -0.3047958 -0.6105459 -0.7741102 -0.1672937 0.2008099 0.9246715 -0.3235089 0.0001528 0.0033329 -0.0004522 -0.0025162 0.0011928 0.0005967 0.0001423 0.0032725 -0.0003213 -0.0068052 0.0047195 -0.0011547 -0.0042290 0.0046822 -0.0018378 -0.0035085 0.0013295 0.0009093 -0.0032866 0.0029815 -0.0017334 -0.0097220 0.0020344 -0.0000673
-0.2633313 -0.2496235 -0.0343029 0.1954201 0.6726768 -0.2234354 -0.2655143 -0.3335531 -0.0731130 0.1472140 0.7139336 -0.2492829 -0.7225222 -0.6849111 -0.0941196 0.2657839 0.9148836 -0.3038865 -0.6138325 -0.7711287 -0.1690270 0.1910879 0.9267059 -0.3235762 0.0008603 0.0009914 -0.0046209 -0.0008943 -0.0020659 0.0010025 -0.0020580 -0.0319190 -0.0042095 -0.0203929 0.0002994 -0.0030581 0.0007067 0.0011537 -0.0129239 -0.0003382 0.0002175 0.0003594 0.0315252 -0.0242341 0.0007531 -0.0259653 0.0032343 -0.0049748
-0.2624710 -0.2486321 -0.0389238 0.1945258 0.6706109 -0.2224329 -0.2675723 -0.3654721 -0.0773225 0.1268211 0.7142330 -0.2523410 -0.7218155 -0.6837574 -0.1070435 0.2654457 0.9151010 -0.3035271 -0.5823074 -0.7953628 -0.1682739 0.1651227 0.9299402 -0.3285511 -0.0001819 0.0006205 -0.0000897 -0.0027695 -0.0073801 0.0056662 0.0007032 0.0311686 0.0052730 -0.0132148 -0.0119764 0.0182088 -0.0010626 0.0011754 -0.0003303 -0.0004517 0.0014381 0.0039705 -0.0329038 0.0246957 0.0021789 -0.0134302 0.0077460 0.0159267
-0.2626529 -0.2480116 -0.0390136 0.1917564 0.6632308 -0.2167667 -0.2668691 -0.3343035 -0.0720494 0.1136063 0.7022566 -0.2341322 -0.7228781 -0.6825820 -0.1073738 0.2649940 0.9165392 -0.2995566 -0.6152111 -0.7706671 -0.1660950 0.1516925 0.9376862 -0.3126244 -0.0001103 -0.0000994 0.0012132 0.0287877 -0.0220280 0.0055150 0.0003427 0.0003141 0.0000996 0.0865115 -0.0581787 0.0358252 -0.0002651 -0.0002371 0.0033445 0.0455365 -0.0137123 0.0021099 0.0001244 -0.0001101 0.0000500 0.1329700 -0.0215015 0.0305376
-0.2627633 -0.2481110 -0.0378004 0.2205440 0.6412028 -0.2112516 -0.2665264 -0.3339894 -0.0719498 0.2001177 0.6440779 -0.1983070 -0.7231431 -0.6828191 -0.1040293 0.3105306 0.9028268 -0.2974467 -0.6150867 -0.7707772 -0.1660450 0.2846625 0.9161847 -0.2820867 0.0009624 0.0028063 -0.0004093 -0.0018120 -0.0011493 0.0002884 0.0011804 0.0030117 -0.0009464 -0.0030543 -0.0058998 0.0004012 -0.0024762 0.0029213 -0.0018743 -0.0018190 0.0005247 -0.0003002 -0.0013828 0.0018276 -0.0033124 -0.0017752 -0.0000712 -0.0020098
-0.2618009 -0.2453047 -0.0382096 0.2187320 0.6400535 -0.2109632 -0.2653460 -0.3309777 -0.0728962 0.1970634 0.6381781 -0.1979058 -0.7256193 -0.6798978 -0.1059036 0.3087116 0.9033515 -0.2977469 -0.6164695 -0.7689495 -0.1693573 0.2828873 0.9161135 -0.2840965 -0.0004119 0.0003635 -0.0011516 -0.0048200 -0.0034101 0.0007008 0.0001076 -0.0001643 0.0001311 -0.0078357 0.0556532 -0.0404250 -0.0007874 0.0013383 -0.0031386 -0.0047572 0.0012750 -0.0010215 0.0003042 -0.0003140 0.0003196 -0.0331262 -0.0003276 -0.0304757
-0.2622127 -0.2449412 -0.0393612 0.2139120 0.6366434 -0.2102624 -0.2652384 -0.3311420 -0.0727651 0.1892277 0.6938313 -0.2383309 -0.7264067 -0.6785595 -0.1090422 0.3039543 0.9046266 -0.2987684 -0.6161654 -0.7692636 -0.1690378 0.2497611 0.9157859 -0.3145722 0.0001118 0.0014831 0.0001998 -0.0074980 -0.0054592 -0.0010415 0.0002795 0.0010439 0.0013393 -0.0097594 -0.0067944 -0.0016425 -0.0019258 0.0020321 0.0002196 -0.0077593 0.0010948 -0.0044433 -0.0010712 0.0002816 0.0026474 -0.0103243 0.0008210 -0.0055871
-0.2621009 -0.2434581 -0.0391614 0.2064141 0.6311842 -0.2113038 -0.2649589 -0.3300981 -0.0714258 0.1794683 0.6870369 -0.2399734 -0.7283325 -0.6765274 -0.1088226 0.2961950 0.9057214 -0.3032117 -0.6172365 -0.7689820 -0.1663904 0.2394367 0.9166068 -0.3201593 -0.0004021 0.0006958 0.0013988 -0.0036046 -0.0042852 -0.0007747 0.0004109 0.0009096 0.0007680 -0.0047348 -0.0051316 -0.0013212 -0.0017801 0.0013208 0.0037916 -0.0031934 -0.0000318 -0.0031810 -0.0005978 0.0001841 0.0013739 -0.0046252 -0.0002443 -0.0040988
-0.2625030 -0.2427623 -0.0377626 0.2028095 0.6268990 -0.2120785 -0.2645480 -0.3291885 -0.0706578 0.1747335 0.6819053 -0.2412946 -0.7301126 -0.6752067 -0.1050310 0.2930016 0.9056895 -0.3063927 -0.6178344 -0.7687979 -0.1650165 0.2348115 0.9163625 -0.3242581 0.0004325 0.0027986 0.0003604 -0.0018808 -0.0002231 0.0014757 0.0001367 0.0028649 0.0002050 -0.0024989 -0.0003019 0.0019327 -0.0033646 0.0036017 0.0003507 -0.0022122 0.0012529 0.0016026 -0.0030411 0.0025437 -0.0004166 -0.0028953 0.0014256 0.0019541
-0.2620705 -0.2399636 -0.0374022 0.2009287 0.6266759 -0.2106028 -0.2644113 -0.3263236 -0.0704527 0.1722346 0.6816034 -0.2393619 -0.7334772 -0.6716049 -0.1046804 0.2907895 0.9069424 -0.3047901 -0.6208754 -0.7662543 -0.1654331 0.2319162 0.9177881 -0.3223040 -0.0010855 -0.0000975 0.0010438 -0.0009428 -0.0002528 0.0009830 -0.0001305 0.0001935 0.0002395 -0.0009443 -0.0000871 0.0013026 -0.0014855 0.0011435 0.0031358 -0.0010280 0.0006877 0.0010701 -0.0004622 0.0002624 0.0005211 -0.0010485 0.0007700 0.0014441
-0.2631561 -0.2400612 -0.0363584 0.1999859 0.6264231 -0.2096198 -0.2645418 -0.3261301 -0.0702132 0.1712903 0.6815163 -0.2380592 -0.7349627 -0.6704615 -0.1015446 0.2897614 0.9076301 -0.3037200 -0.6213376 -0.7659919 -0.1649120 0.2308677 0.9185581 -0.3208599 0.0015559 -0.0015422 0.0004586 -0.0009179 -0.0009261 0.0019629 0.0020691 -0.0013550 -0.0000325 -0.0007664 -0.0005917 0.0024661 0.0040410 -0.0045884 0.0012391 -0.0006175 0.0008970 0.0021008 0.0045190 -0.0036077 -0.0001676 -0.0005647 0.0010723 0.0026769
-0.2616002 -0.2416034 -0.0358998 0.1990680 0.6254970 -0.2076568 -0.2624727 -0.3274851 -0.0702457 0.1705239 0.6809246 -0.2355932 -0.7309217 -0.6750499 -0.1003055 0.2891440 0.9085272 -0.3016192 -0.6168186 -0.7695996 -0.1650795 0.2303030 0.9196304 -0.3181830 -0.0020210 -0.0391948 -0.0087899 0.0024161 0.0005751 0.0002157 -0.0144451 -0.0441755 0.0144526 -0.0149049 -0.0071415 0.0109952 0.0510269 -0.0491454 -0.0149520 0.0030173 -0.0006937 0.0008199 0.0236277 -0.0265415 0.0455640 -0.0162701 0.0070671 0.0092789
-0.2636212 -0.2807982 -0.0446897 0.2014841 0.6260721 -0.2074411 -0.2769179 -0.3716606 -0.0557932 0.1556190 0.6737831 -0.2245980 -0.6798948 -0.7241953 -0.1152574 0.2921613 0.9078335 -0.3007992 -0.5931909 -0.7961410 -0.1195156 0.2140329 0.9266975 -0.3089041 0.0000033 0.0168155 0.0022011 -0.0121707 0.0001417 0.0082899 0.0030226 0.0167244 -0.0000301 -0.0082910 0.0035551 0.0081901 -0.0221843 0.0211446 0.0020999 -0.0153246 0.0078908 0.0095766 -0.0130532 0.0105197 -0.0040445 -0.0111496 0.0060550 0.0108921
-0.2636179 -0.2639827 -0.0424886 0.1893135 0.6262138 -0.1991513 -0.2738953 -0.3549362 -0.0558233 0.1473281 0.6773382 -0.2164078 -0.7020791 -0.7030508 -0.1131575 0.2768366 0.9157242 -0.2912226 -0.6062441 -0.7856214 -0.1235601 0.2028833 0.9327525 -0.2980120 0.0003249 -0.0005498 0.0052205 0.0152157 0.0074895 -0.0049312 0.0044190 0.0016129 -0.0066231 0.0126551 0.0059475 -0.0028900 0.0001255 -0.0022074 0.0137987 0.0168314 -0.0058372 -0.0018040 0.0057069 -0.0017720 -0.0156039 0.0147123 -0.0034049 -0.0002584
-0.2632930 -0.2645325 -0.0372681 0.2045291 0.6337033 -0.2040824 -0.2694762 -0.3533233 -0.0624464 0.1599832 0.6832857 -0.2192978 -0.7019535 -0.7052582 -0.0993588 0.2936681 0.9098871 -0.2930266 -0.6005373 -0.7873934 -0.1391640 0.2175956 0.9293476 -0.2982704 0.0008906 0.0198648 0.0018050 0.0036173 0.0039206 -0.0001284 0.0010255 0.0196995 0.0023617 0.0074887 0.0069582 -0.0007553 -0.0258899 0.0266066 0.0009923 0.0032023 -0.0004712 0.0017694 -0.0202833 0.0158533 0.0002117 0.0076291 -0.0010727 0.0023318
-0.2624024 -0.2446677 -0.0354631 0.2081464 0.6376239 -0.2042108 -0.2684507 -0.3336238 -0.0600847 0.1674719 0.6902439 -0.2200532 -0.7278434 -0.6786516 -0.0983665 0.2968704 0.9094159 -0.2912572 -0.6208205 -0.7715401 -0.1389522 0.2252247 0.9282748 -0.2959386 -0.0000332 0.0000540 -0.0000375 0.0031100 0.0024488 -0.0009825 -0.0000910 0.0000787 -0.0001146 0.0254503 -0.0493620 0.0236093 -0.0001099 0.0001333 -0.0001063 0.0029647 -0.0009643 0.0000275 -0.0001936 0.0002029 -0.0002612 0.0513571 -0.0094785 0.0143080
-0.2624356 -0.2446137 -0.0355006 0.2112564 0.6400727 -0.2051933 -0.2685417 -0.3335451 -0.0601993 0.1929222 0.6408819 -0.1964439 -0.7279533 -0.6785183 -0.0984728 0.2998350 0.9084515 -0.2912297 -0.6210142 -0.7713372 -0.1392134 0.2765818 0.9187963 -0.2816306 -0.0003981 -0.0355507 -0.0083225 -0.0006622 0.0004440 -0.0016769 0.0028224 -0.0350972 -0.0104460 0.0018075 0.0095177 -0.0043590 0.0481724 -0.0460860 -0.0148693 -0.0012345 -0.0002660 -0.0020906 0.0432196 -0.0302587 -0.0144016 -0.0015389 -0.0001502 -0.0019902
-0.2628337 -0.2801644 -0.0438231 0.2105943 0.6405167 -0.2068703 -0.2657193 -0.3686423 -0.0706453 0.1947298 0.6503996 -0.2008029 -0.6797810 -0.7246043 -0.1133421 0.2986006 0.9081855 -0.2933203 -0.5777945 -0.8015958 -0.1536151 0.2750428 0.9186461 -0.2836208 0.0021279 0.0359943 0.0027298 -0.0292846 0.0334984 -0.0078255 0.0004341 0.0345376 0.0084116 -0.0612199 0.0661057 -0.0380606 -0.0453110 0.0455026 -0.0009493 -0.0503159 0.0148078 -0.0006832 -0.0375272 0.0266492 0.0092655 -0.1009710 0.0155425 -0.0278125
-0.2607058 -0.2441701 -0.0410933 0.1813097 0.6740151 -0.2146958 -0.2652852 -0.3341047 -0.0622338 0.1335099 0.7165053 -0.2388635 -0.7250919 -0.6791018 -0.1142914 0.2482846 0.9229933 -0.2940035 -0.6153218 -0.7749467 -0.1443495 0.1740719 0.9341886 -0.3114332 0.0000298 0.0004475 0.0001043 0.0012288 0.0014460 -0.0021241 -0.0001877 0.0007155 -0.0009585 0.0090722 -0.0036852 -0.0004882 -0.0005979 0.0006081 0.0001830 0.0009094 -0.0008815 -0.0019901 -0.0008627 0.0011229 -0.0023248 0.0122294 -0.0028005 -0.0013096
-0.2606760 -0.2437226 -0.0409890 0.1825384 0.6754611 -0.2168199 -0.2654729 -0.3333892 -0.0631922 0.1425821 0.7128201 -0.2393517 -0.7256898 -0.6784936 -0.1141084 0.2491940 0.9221118 -0.2959936 -0.6161845 -0.7738238 -0.1466744 0.1863012 0.9313881 -0.3127428 -0.0000985 -0.0000378 -0.0000523 0.0026625 0.0027194 -0.0036562 -0.0011106 -0.0002778 0.0011959 -0.0027600 0.0087937 -0.0081169 -0.0000658 0.0000894 -0.0001129 0.0021729 -0.0016405 -0.0032510 -0.0015361 0.0006588 0.0030180 -0.0060195 -0.0009645 -0.0063346
-0.2607745 -0.2437604 -0.0410413 0.1852010 0.6781805 -0.2204760 -0.2665835 -0.3336670 -0.0619963 0.1398221 0.7216138 -0.2474686 -0.7257556 -0.6784042 -0.1142212 0.2513669 0.9204713 -0.2992446 -0.6177206 -0.7731650 -0.1436563 0.1802817 0.9304236 -0.3190774 -0.0021857 -0.0344653 -0.0046573 0.0018876 0.0039047 -0.0034089 0.0031108 -0.0305428 -0.0177981 0.0085202 -0.0025250 0.0013466 0.0437101 -0.0432360 -0.0043084 0.0008191 -0.0010543 -0.0025412 0.0406201 -0.0245865 -0.0311224 0.0112800 -0.0018287 0.0012478
-0.2629602 -0.2782258 -0.0456987 0.1870886 0.6820852 -0.2238850 -0.2634727 -0.3642098 -0.0797944 0.1483423 0.7190888 -0.2461221 -0.6820456 -0.7216402 -0.1185297 0.2521861 0.9194169 -0.3017858 -0.5771006 -0.7977514 -0.1747787 0.1915617 0.9285949 -0.3178296 0.0018720 0.0362323 0.0071032 0.0009653 0.0007488 -0.0008507 0.0007693 0.0360159 0.0076901 0.0018904 0.0018254 -0.0013309 -0.0470989 0.0458218 0.0107436 0.0008955 -0.0004637 -0.0006619 -0.0388154 0.0282910 0.0057279 0.0018214 -0.0006168 -0.0006979
-0.2610882 -0.2419935 -0.0385955 0.1880539 0.6828340 -0.2247357 -0.2627034 -0.3281939 -0.0721043 0.1502327 0.7209142 -0.2474530 -0.7291444 -0.6758184 -0.1077861 0.2530816 0.9189533 -0.3024477 -0.6159159 -0.7694605 -0.1690508 0.1933831 0.9279781 -0.3185274 -0.0010357 -0.0004274 0.0013692 0.0010322 0.0000918 -0.0003712 0.0000107 0.0001427 -0.0000938 0.0006654 -0.0001905 -0.0000830 -0.0010578 0.0005032 0.0040843 0.0012322 -0.0004433 -0.0003127 -0.0001201 0.0001533 -0.0002599 0.0008619 -0.0002197 -0.0001156
-0.2621239 -0.2424209 -0.0372263 0.1890861 0.6829258 -0.2251069 -0.2626927 -0.3280512 -0.0721982 0.1508981 0.7207237 -0.2475360 -0.7302022 -0.6753152 -0.1037018 0.2543138 0.9185100 -0.3027604 -0.6160360 -0.7693072 -0.1693107 0.1942450 0.9277583 -0.3186430 -0.0005799 0.0001687 -0.0013644 0.0002077 -0.0015948 0.0013484 -0.0020631 -0.0003965 0.0001105 -0.0073142 0.0044115 -0.0020296 -0.0006914 0.0013220 -0.0036651 0.0009039 0.0001031 0.0010752 -0.0025757 0.0018770 0.0008751 -0.0102115 0.0016575 -0.0012286
-0.2627038 -0.2422522 -0.0385907 0.1892937 0.6813310 -0.2237585 -0.2647558 -0.3284477 -0.0720877 0.1435839 0.7251352 -0.2495656 -0.7308937 -0.6739932 -0.1073669 0.2552176 0.9186131 -0.3016852 -0.6186117 -0.7674302 -0.1684356 0.1840335 0.9294158 -0.3198717 0.0002146 -0.0000262 -0.0020084 -0.0019296 -0.0034246 0.0008744 -0.0251295 -0.0020415 0.0364131 0.0038040 -0.0134087 0.0068191 0.0007639 0.0000810 -0.0055620 -0.0012657 0.0002160 -0.0004101 -0.0386430 0.0181145 0.0875508 0.0083056 -0.0006232 0.0030911
-0.2624892 -0.2422784 -0.0405991 0.1873642 0.6779064 -0.2228841 -0.2898853 -0.3304892 -0.0356746 0.1473879 0.7117265 -0.2427465 -0.7301298 -0.6739121 -0.1129289 0.2539519 0.9188291 -0.3020953 -0.6572547 -0.7493156 -0.0808848 0.1923391 0.9287926 -0.3167806 -0.0010490 0.0002721 -0.0016117 -0.0009682 -0.0107737 0.0069885 0.0266479 0.0028543 -0.0415190 -0.0411017 -0.0104080 0.0057695 -0.0013532 0.0021936 -0.0042325 0.0029516 0.0006586 0.0045334 0.0412270 -0.0174151 -0.0997636 -0.0502196 0.0089678 -0.0000906
-0.2635381 -0.2420062 -0.0422108 0.1863959 0.6671327 -0.2158955 -0.2632374 -0.3276349 -0.0771936 0.1062862 0.7013185 -0.2369770 -0.7314830 -0.6717185 -0.1171614 0.2569035 0.9194876 -0.2975619 -0.6160277 -0.7667307 -0.1806484 0.1421195 0.9377605 -0.3168712 -0.0018927 -0.0355167 -0.0049305 -0.0021103 -0.0033084 0.0028136 -0.0021580 -0.0355234 -0.0049173 -0.0066043 -0.0093305 -0.0007078 0.0454453 -0.0455727 -0.0046811 -0.0013522 0.0010464 0.0020783 0.0355883 -0.0275237 0.0010656 -0.0071277 -0.0006525 -0.0050076
-0.2654308 -0.2775229 -0.0471414 0.1842856 0.6638243 -0.2130820 -0.2653953 -0.3631583 -0.0821109 0.0996819 0.6919880 -0.2376847 -0.6860377 -0.7172912 -0.1218425 0.2555513 0.9205341 -0.2954836 -0.5804395 -0.7942544 -0.1795828 0.1349917 0.9371079 -0.3218788 0.0031669 0.0332016 0.0039897 -0.0036096 -0.0050849 0.0025398 0.0025160 0.0335706 0.0031024 -0.0065140 -0.0144823 0.0037629 -0.0404096 0.0405433 0.0023162 -0.0027796 0.0010643 0.0009282 -0.0324411 0.0258488 -0.0046188 -0.0060900 0.0002505 -0.0017622
-0.2622639 -0.2443213 -0.0431517 0.1806760 0.6587394 -0.2105421 -0.2628793 -0.3295877 -0.0790085 0.0931679 0.6775057 -0.2339219 -0.7264473 -0.6767479 -0.1195263 0.2527717 0.9215984 -0.2945554 -0.6128806 -0.7684056 -0.1842016 0.1289018 0.9373584 -0.3236410 0.0007720 -0.0052709 0.0019479 0.0329652 -0.0200230 0.0048013 0.0001201 -0.0039454 -0.0010402 0.0963748 0.0186458 0.0001192 0.0077267 -0.0092660 0.0062762 0.0505997 -0.0146185 0.0024027 0.0047567 -0.0035160 -0.0010612 0.1210125 -0.0194742 0.0153694
-0.2614919 -0.2495922 -0.0412037 0.2136412 0.6387164 -0.2057408 -0.2627592 -0.3335331 -0.0800487 0.1895426 0.6961515 -0.2338026 -0.7187207 -0.6860139 -0.1132501 0.3033714 0.9069799 -0.2921528 -0.6081239 -0.7719216 -0.1852628 0.2499143 0.9178842 -0.3082716 -0.0002222 0.0021151 -0.0009178 -0.0030937 -0.0021275 -0.0000321 -0.0285984 -0.0015388 0.0401751 -0.0301529 -0.0190644 0.0075998 -0.0029551 0.0035966 -0.0028998 -0.0031762 0.0006580 -0.0012348 -0.0454131 0.0203300 0.0958235 -0.0320051 0.0077931 -0.0009808
-0.2617140 -0.2474771 -0.0421215 0.2105475 0.6365889 -0.2057729 -0.2913576 -0.3350719 -0.0398735 0.1593898 0.6770871 -0.2262028 -0.7216757 -0.6824173 -0.1161499 0.3001952 0.9076379 -0.2933876 -0.6535370 -0.7515916 -0.0894394 0.2179092 0.9256773 -0.3092524 -0.0009990 -0.0028393 -0.0009944 -0.0050823 -0.0015690 0.0008865 0.0266357 -0.0017900 -0.0358384 -0.0065876 -0.0027386 0.0024892 0.0027510 -0.0025835 -0.0018384 -0.0059051 0.0019081 -0.0000735 0.0450789 -0.0226790 -0.0845831 -0.0076505 0.0022393 0.0014181
-0.2627131 -0.2503164 -0.0431159 0.2054652 0.6350199 -0.2048864 -0.2647219 -0.3368619 -0.0757119 0.1528021 0.6743485 -0.2237136 -0.7189247 -0.6850008 -0.1179883 0.2942901 0.9095460 -0.2934610 -0.6084581 -0.7742706 -0.1740224 0.2102587 0.9279167 -0.3078343 -0.0006886 -0.0266325 -0.0006468 -0.0033395 -0.0027513 -0.0017379 -0.0012265 -0.0256084 -0.0032109 -0.0029037 -0.0021857 -0.0017617 0.0342361 -0.0349026 0.0042313 -0.0035481 -0.0000772 -0.0037518 0.0258066 -0.0198454 0.0011148 -0.0034012 -0.0003424 -0.0033182
-0.2634017 -0.2769489 -0.0437626 0.2021258 0.6322686 -0.2066243 -0.2659484 -0.3624703 -0.0789228 0.1498984 0.6721628 -0.2254753 -0.6846886 -0.7199034 -0.1137569 0.2907421 0.9094689 -0.2972128 -0.5826515 -0.7941160 -0.1729076 0.2068575 0.9275743 -0.3111525 0.0020070 0.0382078 0.0048707 -0.0006592 -0.0006161 -0.0006246 0.0021794 0.0380568 0.0052287 -0.0002850 -0.0002747 -0.0009297 -0.0492736 0.0495496 0.0045536 -0.0007122 -0.0001463 -0.0011412 -0.0386283 0.0299944 -0.0006712 -0.0003865 -0.0003487 -0.0012932
-0.2613947 -0.2387411 -0.0388919 0.2014666 0.6316525 -0.2072488 -0.2637690 -0.3244135 -0.0736942 0.1496134 0.6718881 -0.2264050 -0.7339622 -0.6703538 -0.1092033 0.2900299 0.9093226 -0.2983540 -0.6212798 -0.7641216 -0.1735788 0.2064710 0.9272256 -0.3124457 0.0000927 -0.0002348 0.0000657 -0.0011305 -0.0009169 -0.0001074 0.0000256 -0.0009260 0.0018226 -0.0009899 -0.0007660 -0.0001698 0.0004298 -0.0005043 0.0002096 -0.0011579 0.0001582 -0.0006406 0.0006160 -0.0014958 0.0044443 -0.0011221 0.0000447 -0.0006063
-0.2613021 -0.2389759 -0.0388262 0.2003361 0.6307356 -0.2073562 -0.2637434 -0.3253395 -0.0718716 0.1486235 0.6711221 -0.2265748 -0.7335324 -0.6708581 -0.1089937 0.2888719 0.9094808 -0.2989945 -0.6206639 -0.7656173 -0.1691345 0.2053489 0.9272703 -0.3130520 0.0003395 -0.0002641 0.0005716 -0.0017572 -0.0004298 0.0011978 0.0001726 -0.0004783 0.0011496 -0.0015074 -0.0002080 0.0009961 0.0006785 -0.0009931 0.0015642 -0.0020150 0.0010271 0.0011885 0.0005032 -0.0010056 0.0027315 -0.0018543 0.0007543 0.0010261
-0.2609626 -0.2392401 -0.0382546 0.1985788 0.6303058 -0.2061584 -0.2635708 -0.3258178 -0.0707219 0.1471161 0.6709141 -0.2255787 -0.7328540 -0.6718512 -0.1074294 0.2868570 0.9105079 -0.2978061 -0.6201607 -0.7666229 -0.1664030 0.2034946 0.9280247 -0.3120259 -0.0022561 -0.0279874 -0.0056124 -0.0005405 0.0013204 -0.0012854 -0.0019931 -0.0287094 -0.0036405 0.0228698 0.0157407 -0.0110500 0.0358614 -0.0357565 -0.0087286 -0.0013710 0.0000249 -0.0012386 0.0289134 -0.0226911 0.0008436 0.0243958 -0.0074660 -0.0052086
-0.2632187 -0.2672275 -0.0438670 0.1980384 0.6316262 -0.2074439 -0.2655638 -0.3545272 -0.0743624 0.1699859 0.6866548 -0.2366287 -0.6969926 -0.7076077 -0.1161581 0.2854860 0.9105328 -0.2990447 -0.5912474 -0.7893140 -0.1655594 0.2278904 0.9205587 -0.3172345 0.0022839 0.0250109 0.0030616 0.0012133 0.0010362 0.0004296 0.0026750 0.0250138 0.0030242 0.0235365 -0.0845453 0.0492015 -0.0311461 0.0317021 0.0022905 0.0012686 -0.0000320 0.0011185 -0.0236594 0.0185700 -0.0013034 0.0654885 -0.0077640 0.0330959
-0.2609348 -0.2422166 -0.0408054 0.1992517 0.6326624 -0.2070143 -0.2628888 -0.3295134 -0.0713383 0.1935224 0.6021095 -0.1874272 -0.7281386 -0.6759056 -0.1138676 0.2867546 0.9105009 -0.2979261 -0.6149068 -0.7707441 -0.1668628 0.2933789 0.9127947 -0.2841385 -0.0013045 -0.0355559 -0.0045571 0.0042671 0.0035748 0.0007909 -0.0074951 -0.0385765 0.0077175 -0.0162222 0.0903773 -0.0473516 0.0464449 -0.0461668 -0.0040528 0.0043593 -0.0004251 0.0029436 0.0285620 -0.0274822 0.0288972 -0.0577304 0.0075851 -0.0279045
-0.2622393 -0.2777725 -0.0453625 0.2035188 0.6362372 -0.2062233 -0.2703840 -0.3680899 -0.0636207 0.1773001 0.6924868 -0.2347788 -0.6816937 -0.7220724 -0.1179203 0.2911139 0.9100758 -0.2949826 -0.5863448 -0.7982263 -0.1379656 0.2356485 0.9203798 -0.3120430 0.0017395 0.0334512 0.0054759 -0.0017021 0.0015163 0.0032188 0.0021398 0.0332980 0.0060714 0.0172265 -0.0685667 0.0436590 -0.0431933 0.0422049 0.0069286 -0.0024125 0.0022393 0.0045817 -0.0333825 0.0247533 0.0050087 0.0500361 -0.0040816 0.0313617
-0.2604999 -0.2443213 -0.0398867 0.2018166 0.6377535 -0.2030046 -0.2682442 -0.3347919 -0.0575494 0.1945266 0.6239201 -0.1911198 -0.7248870 -0.6798674 -0.1109917 0.2887014 0.9123151 -0.2904008 -0.6197273 -0.7734731 -0.1329569 0.2856846 0.9162981 -0.2806814 0.0000949 -0.0002801 0.0005987 0.0019696 0.0004827 -0.0012485 0.0012895 0.0000674 -0.0015331 0.0022148 0.0153243 -0.0050353 0.0003766 -0.0006737 0.0016830 0.0022455 -0.0011008 -0.0012127 0.0020613 -0.0009953 -0.0037452 -0.0034181 0.0008308 -0.0007440
-0.2604049 -0.2446014 -0.0392879 0.2037862 0.6382362 -0.2042531 -0.2669547 -0.3347245 -0.0590825 0.1967414 0.6392444 -0.1961552 -0.7245104 -0.6805412 -0.1093087 0.2909470 0.9112142 -0.2916135 -0.6176660 -0.7744684 -0.1367021 0.2822665 0.9171289 -0.2814253 0.0000119 -0.0014382 -0.0014978 0.0012071 0.0018501 0.0011699 0.0024999 -0.0011115 -0.0035456 0.0008338 0.0071970 -0.0021069 0.0023198 -0.0018407 -0.0038092 0.0010155 0.0004310 0.0023716 0.0055357 -0.0028873 -0.0082625 -0.0017936 0.0005432 -0.0000225
-0.2603930 -0.2460396 -0.0407858 0.2049934 0.6400863 -0.2030832 -0.2644548 -0.3358360 -0.0626281 0.1975753 0.6464414 -0.1982621 -0.7221906 -0.6823819 -0.1131179 0.2919625 0.9116452 -0.2892420 -0.6121303 -0.7773556 -0.1449646 0.2804729 0.9176721 -0.2814479 0.0006601 -0.0204792 -0.0046225 -0.0288627 0.0290448 -0.0120724 -0.0006487 -0.0208104 -0.0029136 -0.0979300 0.0665963 -0.0448110 0.0293979 -0.0285108 -0.0080008 -0.0488908 0.0117992 -0.0076867 0.0219501 -0.0166200 -0.0009460 -0.1493421 0.0206683 -0.0384304
-0.2597330 -0.2665188 -0.0454083 0.1761307 0.6691311 -0.2151556 -0.2651034 -0.3566464 -0.0655417 0.0996453 0.7130377 -0.2430731 -0.6927927 -0.7108927 -0.1211187 0.2430717 0.9234444 -0.2969287 -0.5901803 -0.7939757 -0.1459106 0.1311308 0.9383403 -0.3198783 0.0013249 0.0183980 0.0067324 0.0011683 0.0011873 -0.0003193 -0.0056910 0.0183870 0.0101690 0.0377066 -0.0009868 0.0045148 -0.0243589 0.0222909 0.0137829 0.0011150 -0.0002416 0.0001637 -0.0297364 0.0196148 0.0191486 0.0487885 -0.0056140 0.0073872
-0.2584080 -0.2481208 -0.0386758 0.1772989 0.6703184 -0.2154749 -0.2707944 -0.3382594 -0.0553727 0.1373519 0.7120509 -0.2385583 -0.7171517 -0.6886018 -0.1073358 0.2441867 0.9232028 -0.2967650 -0.6199166 -0.7743609 -0.1267620 0.1799193 0.9327263 -0.3124911 0.0001665 0.0013874 0.0006103 0.0013231 0.0014038 -0.0005620 -0.0002012 0.0015273 0.0001391 0.0016722 0.0004686 -0.0018852 -0.0018104 0.0016794 0.0013588 0.0012184 -0.0003372 -0.0000438 -0.0019899 0.0015961 0.0000068 0.0018737 -0.0010096 -0.0019216
-0.2582416 -0.2467334 -0.0380655 0.1786220 0.6717222 -0.2160369 -0.2709956 -0.3367321 -0.0552336 0.1390241 0.7125195 -0.2404435 -0.7189621 -0.6869224 -0.1059770 0.2454052 0.9228656 -0.2968088 -0.6219065 -0.7727648 -0.1267552 0.1817930 0.9317167 -0.3144127 0.0011160 0.0004431 -0.0019838 0.0012804 0.0006439 -0.0006519 0.0005994 -0.0001366 0.0018953 -0.0026147 0.0042889 -0.0046735 0.0013286 -0.0004699 -0.0058000 0.0013852 -0.0005128 -0.0004452 0.0006581 -0.0012072 0.0042081 -0.0045788 -0.0004857 -0.0040273
-0.2571256 -0.2462903 -0.0400493 0.1799024 0.6723661 -0.2166888 -0.2703963 -0.3368687 -0.0533382 0.1364094 0.7168084 -0.2451170 -0.7176334 -0.6873923 -0.1117770 0.2467904 0.9223528 -0.2972540 -0.6212484 -0.7739720 -0.1225472 0.1772142 0.9312309 -0.3184400 0.0007662 -0.0000363 0.0005995 0.0009231 0.0002227 0.0000666 0.0065838 0.0014424 -0.0098357 0.0009464 -0.0001647 -0.0005646 0.0009563 -0.0012374 0.0014912 0.0011256 -0.0002181 0.0002600 0.0097102 -0.0035727 -0.0238950 0.0011843 -0.0004497 -0.0006527
-0.2563593 -0.2463266 -0.0394498 0.1808255 0.6725888 -0.2166222 -0.2638125 -0.3354263 -0.0631740 0.1373557 0.7166437 -0.2456816 -0.7166771 -0.6886297 -0.1102858 0.2479159 0.9221346 -0.2969940 -0.6115382 -0.7775447 -0.1464422 0.1783984 0.9307813 -0.3190927 -0.0008935 -0.0129014 -0.0013626 0.0004969 -0.0009532 0.0009699 -0.0006938 -0.0126765 -0.0022553 -0.0279274 -0.0037329 -0.0030250 0.0166372 -0.0167850 -0.0007736 0.0010374 0.0000120 0.0009063 0.0131936 -0.0099051 -0.0015665 -0.0349679 0.0036494 -0.0068933
-0.2572528 -0.2592280 -0.0408124 0.1813225 0.6716356 -0.2156523 -0.2645063 -0.3481028 -0.0654293 0.1094283 0.7129108 -0.2487065 -0.7000399 -0.7054147 -0.1110593 0.2489533 0.9221466 -0.2960877 -0.5983446 -0.7874498 -0.1480087 0.1434305 0.9344307 -0.3259861 -0.0019287 -0.0202419 0.0002896 -0.0020153 -0.0029210 0.0018280 0.0003059 -0.0187295 -0.0050959 -0.0061302 -0.0036613 0.0039042 0.0238592 -0.0236963 0.0053392 -0.0014980 0.0007223 0.0009965 0.0209061 -0.0143017 -0.0061317 -0.0070429 0.0020132 0.0027661
-0.2591816 -0.2794699 -0.0405228 0.1793071 0.6687146 -0.2138243 -0.2642004 -0.3668323 -0.0705252 0.1032981 0.7092495 -0.2448023 -0.6761807 -0.7291110 -0.1057202 0.2474553 0.9228689 -0.2950912 -0.5774384 -0.8017516 -0.1541404 0.1363877 0.9364439 -0.3232200 0.0000044 0.0337533 0.0041834 -0.0021615 -0.0043152 0.0030815 0.0000648 0.0329267 0.0066943 -0.0029634 -0.0114116 0.0060778 -0.0457921 0.0446346 0.0044919 -0.0011391 0.0009603 0.0020591 -0.0361091 0.0261386 0.0058708 -0.0015898 0.0010884 0.0024980
-0.2591772 -0.2457166 -0.0363394 0.1771457 0.6643994 -0.2107428 -0.2641356 -0.3339056 -0.0638309 0.1003347 0.6978379 -0.2387245 -0.7219728 -0.6844765 -0.1012283 0.2463162 0.9238293 -0.2930321 -0.6135476 -0.7756130 -0.1482697 0.1347979 0.9375324 -0.3207220 -0.0000735 -0.0000397 0.0002775 0.0389477 -0.0195427 0.0051928 -0.0010558 -0.0006422 0.0024981 0.0920688 0.0045652 0.0050014 -0.0000997 -0.0000109 0.0007877 0.0578333 -0.0161989 0.0037222 -0.0013330 -0.0000795 0.0060616 0.1167551 -0.0191942 0.0151469
-0.2592507 -0.2457563 -0.0360619 0.2160933 0.6448567 -0.2055500 -0.2651914 -0.3345478 -0.0613328 0.1924036 0.7024031 -0.2337231 -0.7220725 -0.6844874 -0.1004406 0.3041495 0.9076304 -0.2893099 -0.6148806 -0.7756924 -0.1422080 0.2515529 0.9183382 -0.3055751 -0.0016469 -0.0339101 -0.0028520 -0.0191427 -0.0111371 0.0092148 -0.0011712 -0.0339610 -0.0027803 -0.0798405 -0.0371514 0.0163575 0.0434317 -0.0429745 -0.0007813 -0.0195606 0.0080791 0.0056103 0.0348139 -0.0268215 0.0025868 -0.0927578 0.0201470 -0.0010674
-0.2608976 -0.2796664 -0.0389139 0.1969507 0.6337196 -0.1963352 -0.2663626 -0.3685088 -0.0641131 0.1125630 0.6652517 -0.2173656 -0.6786408 -0.7274619 -0.1012219 0.2845889 0.9157094 -0.2836995 -0.5800667 -0.8025139 -0.1396213 0.1587952 0.9384852 -0.3066425 0.0015902 0.0346843 0.0060526 0.0059791 -0.0015482 -0.0027490 0.0035108 0.0358694 0.0019004 0.0617447 0.0224995 -0.0092535 -0.0451948 0.0436142 0.0094923 0.0081760 -0.0036814 -0.0035175 -0.0333595 0.0262222 -0.0055667 0.0752349 -0.0150931 0.0023779
-0.2593074 -0.2449821 -0.0328613 0.2029297 0.6321714 -0.1990842 -0.2628518 -0.3326394 -0.0622127 0.1743078 0.6877512 -0.2266192 -0.7238357 -0.6838476 -0.0917296 0.2927649 0.9120280 -0.2872170 -0.6134261 -0.7762917 -0.1451880 0.2340300 0.9233921 -0.3042646 -0.0021075 0.0029740 0.0013126 -0.0009052 -0.0009708 -0.0004415 -0.0003505 0.0029462 0.0012332 -0.0010857 -0.0010878 -0.0004882 -0.0071241 0.0071528 0.0035144 -0.0008752 -0.0000547 -0.0010625 -0.0040531 0.0028233 0.0021285 -0.0011109 -0.0000856 -0.0011102
-0.2614150 -0.2420080 -0.0315486 0.2020245 0.6312006 -0.1995257 -0.2632023 -0.3296932 -0.0609795 0.1732221 0.6866634 -0.2271073 -0.7309598 -0.6766948 -0.0882152 0.2918897 0.9119733 -0.2882794 -0.6174792 -0.7734684 -0.1430595 0.2329192 0.9233065 -0.3053748 -0.0010699 -0.0050062 -0.0008752 -0.0033349 -0.0001689 -0.0008430 -0.0008927 -0.0049449 -0.0010688 -0.0039255 -0.0003667 -0.0006158 0.0056465 -0.0058690 -0.0013801 -0.0044544 0.0009120 -0.0015850 0.0044290 -0.0033350 -0.0009747 -0.0049550 0.0008177 -0.0012630
-0.2624849 -0.2470142 -0.0324238 0.1986896 0.6310317 -0.2003687 -0.2640951 -0.3346381 -0.0620483 0.1692966 0.6862967 -0.2277231 -0.7253132 -0.6825638 -0.0895954 0.2874353 0.9128853 -0.2898645 -0.6130502 -0.7768034 -0.1440342 0.2279642 0.9241243 -0.3066377 0.0004658 0.0010871 0.0015872 -0.0015289 0.0003975 0.0006732 0.0001605 0.0013026 0.0009732 -0.0015039 0.0006200 0.0011003 -0.0011593 0.0007077 0.0040979 -0.0021005 0.0009315 0.0008611 -0.0014091 0.0007735 0.0018467 -0.0019932 0.0009652 0.0014385
-0.2620191 -0.2459271 -0.0308366 0.1971607 0.6314292 -0.1996956 -0.2639345 -0.3333355 -0.0610751 0.1677926 0.6869167 -0.2266229 -0.7264725 -0.6818562 -0.0854975 0.2853348 0.9138168 -0.2890034 -0.6144593 -0.7760300 -0.1421875 0.2259709 0.9250895 -0.3051992 -0.0005458 -0.0002675 -0.0016246 0.0000028 -0.0008744 0.0002565 -0.0000260 -0.0003199 -0.0015041 0.0003345 -0.0009880 -0.0003298 -0.0000604 0.0006206 -0.0043247 0.0003648 -0.0001120 0.0000064 0.0006262 0.0001234 -0.0033388 0.0006755 -0.0004124 -0.0007480
-0.2625648 -0.2461947 -0.0324612 0.1971635 0.6305548 -0.1994391 -0.2639605 -0.3336554 -0.0625792 0.1681271 0.6859287 -0.2269527 -0.7265329 -0.6812356 -0.0898222 0.2856996 0.9137048 -0.2889970 -0.6138331 -0.7759066 -0.1455263 0.2266464 0.9246771 -0.3059472 0.0001816 -0.0005345 -0.0005150 0.0021293 -0.0003894 -0.0014215 -0.0013186 -0.0011574 0.0014714 0.0030560 -0.0001751 -0.0019461 0.0010628 -0.0009521 -0.0013546 0.0028063 -0.0014471 -0.0017784 -0.0009266 0.0000092 0.0039146 0.0037674 -0.0016473 -0.0021525
-0.2623833 -0.2467292 -0.0329762 0.1992928 0.6301654 -0.2008606 -0.2652791 -0.3348128 -0.0611078 0.1711831 0.6857536 -0.2288988 -0.7254701 -0.6821877 -0.0911767 0.2885058 0.9122577 -0.2907754 -0.6147596 -0.7758974 -0.1416116 0.2304138 0.9230298 -0.3080996 -0.0004085 0.0018241 -0.0005721 0.0006193 0.0001613 -0.0007042 -0.0005828 0.0013733 0.0008981 0.0009275 0.0001800 -0.0009719 -0.0029254 0.0033700 -0.0018111 0.0006742 -0.0004674 -0.0007954 -0.0025404 0.0016902 0.0018118 0.0010365 -0.0006023 -0.0010251
-0.2627918 -0.2449051 -0.0335483 0.1999121 0.6303267 -0.2015648 -0.2658619 -0.3334395 -0.0602097 0.1721106 0.6859336 -0.2298707 -0.7283954 -0.6788176 -0.0929878 0.2891800 0.9117902 -0.2915708 -0.6173000 -0.7742071 -0.1397999 0.2314503 0.9224276 -0.3091248 0.0000592 -0.0001166 -0.0005775 0.0014637 -0.0007554 -0.0011753 0.0005622 -0.0002272 -0.0002639 0.0021664 -0.0006970 -0.0017365 0.0003461 -0.0001534 -0.0015772 0.0020836 -0.0011983 -0.0016661 0.0011140 -0.0007683 -0.0006565 0.0027872 -0.0014336 -0.0021674
-0.2627326 -0.2450217 -0.0341259 0.2013758 0.6295713 -0.2027401 -0.2652997 -0.3336667 -0.0604737 0.1742770 0.6852366 -0.2316072 -0.7280493 -0.6789711 -0.0945650 0.2912636 0.9105919 -0.2932369 -0.6161860 -0.7749754 -0.1404563 0.2342375 0.9209940 -0.3112922 0.0009012 0.0032185 -0.0000564 -0.0141622 -0.0013200 0.0114003 0.0003775 0.0033658 -0.0004879 -0.0377712 -0.0197004 0.0135423 -0.0032411 0.0036194 -0.0009054 -0.0171206 0.0093765 0.0130518 -0.0031043 0.0028539 -0.0020493 -0.0429268 0.0117440 0.0056779
-0.2618314 -0.2418031 -0.0341823 0.1872137 0.6282513 -0.1913398 -0.2649222 -0.3303009 -0.0609616 0.1365059 0.6655362 -0.2180649 -0.7312903 -0.6753517 -0.0954704 0.2741430 0.9199685 -0.2801850 -0.6192903 -0.7721215 -0.1425056 0.1913107 0.9327380 -0.3056143 0.0003990 -0.0008797 0.0007029 0.0147284 0.0071799 -0.0043394 0.0005424 -0.0007606 0.0002953 0.0197098 0.0174094 0.0042976 0.0015977 -0.0020084 0.0020250 0.0164756 -0.0055074 -0.0014207 0.0015717 -0.0013976 0.0007600 0.0219614 -0.0003527 0.0137705
-0.2614324 -0.2426828 -0.0334794 0.2019420 0.6354312 -0.1956793 -0.2643798 -0.3310615 -0.0606662 0.1562157 0.6829456 -0.2137673 -0.7296926 -0.6773600 -0.0934454 0.2906186 0.9144611 -0.2816057 -0.6177186 -0.7735192 -0.1417455 0.2132721 0.9323852 -0.2918438 0.0023063 -0.0010311 -0.0022918 0.0041643 0.0022348 -0.0012571 -0.0010073 -0.0426381 -0.0127724 0.0245096 0.0124020 -0.0095278 0.0049101 -0.0043141 -0.0066076 0.0044576 -0.0015342 -0.0003420 0.0460012 -0.0315334 -0.0164616 0.0269424 -0.0081511 -0.0049530
-0.2591261 -0.2437139 -0.0357712 0.2061064 0.6376660 -0.1969363 -0.2653871 -0.3736996 -0.0734386 0.1807254 0.6953476 -0.2232951 -0.7247826 -0.6816741 -0.1000530 0.2950762 0.9129269 -0.2819477 -0.5717175 -0.8050526 -0.1582072 0.2402144 0.9242341 -0.2967968 -0.0007586 -0.0027083 -0.0005957 0.0042622 0.0025122 -0.0006568 -0.0009389 -0.0012013 0.0021740 0.0117119 -0.0569846 0.0338160 0.0028430 -0.0028675 -0.0009715 0.0044962 -0.0012900 0.0005680 -0.0005850 -0.0005642 0.0050681 0.0374171 -0.0032602 0.0234331
-0.2598847 -0.2464221 -0.0363669 0.2103685 0.6401782 -0.1975931 -0.2663260 -0.3749009 -0.0712646 0.1924373 0.6383630 -0.1894790 -0.7219396 -0.6845416 -0.1010245 0.2995724 0.9116369 -0.2813797 -0.5723024 -0.8056168 -0.1531390 0.2776316 0.9209739 -0.2733637 -0.0001510 -0.0000236 -0.0004290 -0.0383279 0.0203578 -0.0059091 0.0000203 0.0003673 0.0001863 -0.0991544 0.0639942 -0.0386578 -0.0000811 0.0002553 -0.0011439 -0.0580316 0.0157393 -0.0043324 -0.0003698 0.0002078 0.0002900 -0.1523099 0.0226133 -0.0331286
-0.2600357 -0.2464457 -0.0367960 0.1720407 0.6605360 -0.2035023 -0.2663057 -0.3745336 -0.0710783 0.0932829 0.7023572 -0.2281369 -0.7220207 -0.6842863 -0.1021685 0.2415408 0.9273762 -0.2857121 -0.5726722 -0.8054090 -0.1528490 0.1253216 0.9435873 -0.3064923 -0.0020018 -0.0402853 -0.0044952 0.0039057 0.0022271 -0.0001103 -0.0000964 0.0004824 0.0000418 0.0395281 0.0088609 0.0029103 0.0511945 -0.0497561 -0.0035385 0.0044309 -0.0008381 0.0010632 -0.0006259 0.0004495 -0.0000217 0.0499467 -0.0050050 0.0092647
-0.2620376 -0.2867310 -0.0412912 0.1759463 0.6627631 -0.2036125 -0.2664020 -0.3740512 -0.0710365 0.1328110 0.7112181 -0.2252265 -0.6708262 -0.7340424 -0.1057069 0.2459717 0.9265381 -0.2846489 -0.5732981 -0.8049595 -0.1528707 0.1752684 0.9385823 -0.2972276 0.0015415 0.0425050 0.0091170 0.0014380 0.0045959 -0.0024014 0.0023311 0.0422556 0.0092358 -0.0220303 0.0078564 -0.0188457 -0.0557522 0.0528446 0.0159664 0.0001878 -0.0004319 -0.0012404 -0.0429217 0.0307016 0.0086564 -0.0309110 -0.0015625 -0.0208209
-0.2604961 -0.2442260 -0.0321742 0.1773844 0.6673590 -0.2060139 -0.2640709 -0.3317956 -0.0618007 0.1107807 0.7190745 -0.2440723 -0.7265784 -0.6811978 -0.0897406 0.2461595 0.9261063 -0.2858893 -0.6162198 -0.7742579 -0.1442144 0.1443574 0.9370198 -0.3180485 -0.0003116 -0.0009105 0.0020976 0.0026661 0.0027687 -0.0026158 0.0000604 0.0001639 -0.0009499 0.0008648 0.0016384 -0.0009062 0.0004780 -0.0012732 0.0060060 0.0023300 -0.0012560 -0.0020429 0.0001035 0.0003355 -0.0022255 0.0007584 -0.0002437 -0.0003724
-0.2608077 -0.2451365 -0.0300766 0.1800504 0.6701277 -0.2086298 -0.2640106 -0.3316317 -0.0627506 0.1116455 0.7207129 -0.2449785 -0.7261004 -0.6824710 -0.0837346 0.2484895 0.9248503 -0.2879321 -0.6161163 -0.7739225 -0.1464399 0.1451158 0.9367761 -0.3184209 -0.0004431 -0.0031691 -0.0009085 0.0028169 0.0068961 -0.0049486 -0.0006572 -0.0030808 -0.0011201 0.0394227 -0.0022860 0.0067781 0.0039272 -0.0039178 -0.0019172 0.0009586 -0.0013265 -0.0034087 0.0026981 -0.0018380 -0.0015929 0.0506154 -0.0059482 0.0097971
-0.2612508 -0.2483056 -0.0309851 0.1828673 0.6770238 -0.2135783 -0.2646677 -0.3347125 -0.0638708 0.1510683 0.7184269 -0.2382004 -0.7221732 -0.6863888 -0.0856518 0.2494481 0.9235238 -0.2913408 -0.6134183 -0.7757605 -0.1480328 0.1957312 0.9308279 -0.3086238 -0.0006354 0.0028493 -0.0006021 0.0011404 0.0007265 -0.0003159 0.0016132 0.0041955 -0.0040840 0.0000759 0.0000481 -0.0001092 -0.0046412 0.0051724 -0.0020124 0.0011972 -0.0003288 -0.0000145 -0.0014083 0.0032567 -0.0107951 0.0000747 -0.0000502 -0.0001041
-0.2618862 -0.2454563 -0.0315872 0.1840076 0.6777503 -0.2138943 -0.2630545 -0.3305170 -0.0679547 0.1511442 0.7184750 -0.2383096 -0.7268145 -0.6812164 -0.0876642 0.2506453 0.9231950 -0.2913553 -0.6148265 -0.7725038 -0.1588278 0.1958059 0.9307777 -0.3087279 -0.0021282 -0.0250497 -0.0051594 -0.0002795 0.0002133 -0.0005638 -0.0008335 -0.0236410 -0.0083084 -0.0039471 -0.0004063 -0.0020388 0.0316241 -0.0310673 -0.0090952 -0.0004801 -0.0000758 -0.0006521 0.0260501 -0.0176795 -0.0113274 -0.0049876 0.0000873 -0.0028467
-0.2640144 -0.2705060 -0.0367466 0.1837281 0.6779636 -0.2144581 -0.2638880 -0.3541580 -0.0762631 0.1471971 0.7180687 -0.2403484 -0.6951903 -0.7122837 -0.0967595 0.2501652 0.9231192 -0.2920074 -0.5887764 -0.7901832 -0.1701552 0.1908182 0.9308650 -0.3115746 0.0007231 0.0126207 0.0022542 0.0000586 -0.0020908 0.0015692 -0.0001805 0.0120714 0.0034457 -0.0024735 -0.0043952 0.0048256 -0.0161043 0.0155937 0.0035765 0.0008909 0.0001360 0.0011971 -0.0137841 0.0095984 0.0039979 -0.0017212 0.0016267 0.0038385
-0.2632913 -0.2578853 -0.0344924 0.1837866 0.6758728 -0.2128889 -0.2640685 -0.3420866 -0.0728174 0.1447235 0.7136735 -0.2355228 -0.7112946 -0.6966900 -0.0931830 0.2510561 0.9232552 -0.2908104 -0.6025605 -0.7805848 -0.1661573 0.1890970 0.9324917 -0.3077361 0.0032827 0.0004975 -0.0026053 -0.0032211 -0.0042761 0.0023417 -0.0010281 -0.0248665 -0.0059754 -0.0121867 0.0001924 0.0008396 0.0042408 -0.0032370 -0.0076987 -0.0025553 0.0010202 0.0010478 0.0256349 -0.0180096 -0.0053182 -0.0154037 0.0030499 0.0001770
-0.2600086 -0.2573878 -0.0370977 0.1805656 0.6715967 -0.2105472 -0.2650966 -0.3669531 -0.0787928 0.1325369 0.7138659 -0.2346832 -0.7070539 -0.6999269 -0.1008817 0.2485008 0.9242754 -0.2897626 -0.5769256 -0.7985944 -0.1714755 0.1736933 0.9355416 -0.3075591 -0.0007218 0.0113426 0.0017146 -0.0033229 -0.0099428 0.0035154 -0.0016412 0.0345405 0.0107947 -0.0254574 -0.0239611 0.0169087 -0.0167212 0.0169173 0.0026598 -0.0008119 0.0003571 0.0004446 -0.0411078 0.0283918 0.0139234 -0.0272782 0.0077999 0.0097849
-0.2607304 -0.2460452 -0.0353831 0.1772427 0.6616539 -0.2070318 -0.2667378 -0.3324126 -0.0679981 0.1070795 0.6899048 -0.2177746 -0.7237751 -0.6830096 -0.0982219 0.2476889 0.9246325 -0.2893180 -0.6180334 -0.7702026 -0.1575522 0.1464152 0.9433415 -0.2977741 -0.0002221 0.0000751 0.0004978 0.0373677 -0.0190106 0.0036698 0.0010309 0.0003675 -0.0004696 0.0831467 -0.0501873 0.0270933 -0.0004940 0.0003241 0.0013982 0.0556934 -0.0161648 0.0018367 0.0011804 -0.0006584 -0.0013995 0.1276439 -0.0216998 0.0230594
-0.2609526 -0.2459701 -0.0348854 0.2146104 0.6426433 -0.2033621 -0.2657068 -0.3320451 -0.0684678 0.1902262 0.6397175 -0.1906813 -0.7242690 -0.6826855 -0.0968237 0.3033823 0.9084678 -0.2874813 -0.6168531 -0.7708610 -0.1589517 0.2740591 0.9216417 -0.2747147 -0.0006465 -0.0060629 -0.0011759 0.0000867 -0.0048526 0.0009143 0.0004936 -0.0060650 -0.0013125 0.0005711 0.0561148 -0.0387065 0.0076402 -0.0077378 -0.0019631 0.0021278 -0.0009030 -0.0005983 0.0076515 -0.0057866 -0.0013354 -0.0220494 -0.0025695 -0.0282662
-0.2615991 -0.2520330 -0.0360612 0.2146971 0.6377907 -0.2024478 -0.2652132 -0.3381101 -0.0697803 0.1907972 0.6958323 -0.2293877 -0.7166288 -0.6904233 -0.0987867 0.3055101 0.9075647 -0.2880796 -0.6092015 -0.7766476 -0.1602871 0.2520096 0.9190722 -0.3029809 -0.0016476 0.0026675 -0.0005277 -0.0035960 -0.0045583 -0.0001215 -0.0001433 0.0018416 0.0015240 -0.0049823 -0.0052553 -0.0003470 -0.0056918 0.0061912 -0.0016094 -0.0028795 0.0002254 -0.0023199 -0.0025544 0.0014103 0.0029282 -0.0046303 0.0003074 -0.0028698
-0.2632467 -0.2493655 -0.0365889 0.2111011 0.6332324 -0.2025693 -0.2653565 -0.3362685 -0.0682563 0.1858149 0.6905770 -0.2297347 -0.7223206 -0.6842321 -0.1003961 0.3026306 0.9077901 -0.2903995 -0.6117559 -0.7752373 -0.1573589 0.2473793 0.9193796 -0.3058506 -0.0018322 -0.0002587 0.0028926 -0.0047791 -0.0032787 -0.0002350 -0.0089753 -0.0026781 0.0123034 -0.0063459 -0.0041218 -0.0004963 -0.0025924 0.0015831 0.0082465 -0.0049978 0.0009587 -0.0021588 -0.0122520 0.0042537 0.0300858 -0.0067869 0.0008676 -0.0027922
-0.2650789 -0.2496242 -0.0336963 0.2063220 0.6299537 -0.2028043 -0.2743318 -0.3389466 -0.0559529 0.1794691 0.6864552 -0.2302310 -0.7249130 -0.6826490 -0.0921495 0.2976328 0.9087488 -0.2925583 -0.6240079 -0.7709836 -0.1272731 0.2405924 0.9202472 -0.3086428 0.0005360 -0.0042450 0.0006674 -0.0007863 -0.0023604 -0.0018758 0.0009303 -0.0043882 0.0010848 -0.0009418 -0.0029799 -0.0029694 0.0063102 -0.0069599 0.0024299 -0.0003513 -0.0010144 -0.0034856 0.0058852 -0.0052484 0.0032239 -0.0006054 -0.0014788 -0.0048392
-0.2645429 -0.2538692 -0.0330289 0.2055357 0.6275933 -0.2046801 -0.2734015 -0.3433348 -0.0548681 0.1785273 0.6834753 -0.2332005 -0.7186028 -0.6896089 -0.0897196 0.2972814 0.9077344 -0.2960439 -0.6181227 -0.7762320 -0.1240492 0.2399870 0.9187684 -0.3134820 0.0001070 -0.0005578 0.0004011 -0.0028199 -0.0038215 0.0018223 0.0030840 -0.0002038 -0.0019293 -0.0039205 -0.0044419 0.0016772 0.0008217 -0.0010044 0.0011552 -0.0020094 0.0008396 0.0005651 0.0048980 -0.0030971 -0.0047978 -0.0035081 0.0008813 -0.0000818
-0.2644359 -0.2544270 -0.0326278 0.2027159 0.6237718 -0.2028578 -0.2703176 -0.3435386 -0.0567974 0.1746068 0.6790334 -0.2315232 -0.7177811 -0.6906132 -0.0885644 0.2952720 0.9085740 -0.2954788 -0.6132247 -0.7793291 -0.1288469 0.2364789 0.9196497 -0.3135638 0.0012160 -0.0116993 0.0001762 0.0001655 -0.0001092 0.0008244 0.0000018 -0.0110327 -0.0018625 0.0002838 -0.0000163 0.0008887 0.0171955 -0.0177083 0.0021913 0.0003674 0.0002295 0.0010750 0.0121257 -0.0091282 -0.0015946 0.0004569 0.0002595 0.0011080
-0.2632198 -0.2661263 -0.0324516 0.2028813 0.6236626 -0.2020334 -0.2703158 -0.3545713 -0.0586599 0.1748906 0.6790171 -0.2306345 -0.7005857 -0.7083215 -0.0863732 0.2956394 0.9088035 -0.2944038 -0.6010990 -0.7884574 -0.1304415 0.2369358 0.9199091 -0.3124558 0.0005032 -0.0054707 -0.0030063 -0.0001238 0.0001875 0.0002364 -0.0002905 -0.0059236 -0.0011856 -0.0001540 0.0001243 0.0001436 0.0083680 -0.0072945 -0.0070529 -0.0002081 0.0001881 0.0003720 0.0059874 -0.0043356 -0.0011695 -0.0002192 0.0001272 0.0002085
-0.2627166 -0.2715970 -0.0354579 0.2027575 0.6238501 -0.2017970 -0.2706062 -0.3604949 -0.0598455 0.1747366 0.6791414 -0.2304910 -0.6922176 -0.7156161 -0.0934261 0.2954313 0.9089915 -0.2940318 -0.5951116 -0.7927930 -0.1316111 0.2367166 0.9200363 -0.3122473 -0.0005287 -0.0010389 0.0017003 0.0010271 -0.0000758 -0.0005860 0.0012257 -0.0006295 -0.0002202 0.0013027 0.0000161 -0.0006756 0.0003479 -0.0009344 0.0047032 0.0013202 -0.0006501 -0.0006787 0.0024358 -0.0017326 -0.0005422 0.0015919 -0.0006450 -0.0006882
-0.2632453 -0.2726359 -0.0337576 0.2037846 0.6237743 -0.2023830 -0.2693806 -0.3611244 -0.0600658 0.1760393 0.6791575 -0.2311665 -0.6918697 -0.7165504 -0.0887228 0.2967516 0.9083415 -0.2947105 -0.5926759 -0.7945255 -0.1321533 0.2383085 0.9193913 -0.3129355 0.0013524 0.0315214 -0.0070575 0.0017514 0.0030379 0.0005728 0.0071896 -0.0076374 -0.0156444 0.0024458 0.0037234 0.0012467 -0.0390306 0.0436391 -0.0251855 0.0011999 0.0003054 0.0021601 0.0211558 -0.0092961 -0.0328787 0.0021321 0.0005304 0.0032062
-0.2618929 -0.2411145 -0.0408151 0.2055360 0.6268122 -0.2018102 -0.2621910 -0.3687618 -0.0757102 0.1784851 0.6828809 -0.2299198 -0.7309003 -0.6729113 -0.1139083 0.2979515 0.9086469 -0.2925504 -0.5715201 -0.8038216 -0.1650320 0.2404406 0.9199218 -0.3097293 -0.0046034 -0.0453016 -0.0062088 0.0029971 0.0033785 -0.0012626 -0.0004015 0.0004052 0.0001685 0.0041954 0.0040207 -0.0011014 0.0545785 -0.0539636 -0.0054303 0.0024570 -0.0008068 0.0000078 -0.0010296 0.0006668 0.0003228 0.0039872 -0.0008422 0.0006212
-0.2664963 -0.2864161 -0.0470239 0.2085330 0.6301907 -0.2030728 -0.2625925 -0.3683566 -0.0755417 0.1826805 0.6869016 -0.2310212 -0.6763218 -0.7268749 -0.1193387 0.3004085 0.9078401 -0.2925426 -0.5725497 -0.8031548 -0.1647092 0.2444278 0.9190795 -0.3091082 0.0009716 0.0028551 0.0038980 -0.0009816 0.0009715 -0.0000870 -0.0040455 -0.0047156 0.0100042 -0.0164058 -0.0024235 0.0164594 -0.0030160 0.0013916 0.0090020 -0.0016781 0.0005965 0.0001332 -0.0030673 -0.0022319 0.0232270 -0.0186151 0.0104904 0.0177179
-0.2655247 -0.2835610 -0.0431260 0.2075514 0.6311622 -0.2031598 -0.2666380 -0.3730722 -0.0655375 0.1662746 0.6844781 -0.2145618 -0.6793378 -0.7254832 -0.1103367 0.2987304 0.9084365 -0.2924094 -0.5756170 -0.8053868 -0.1414821 0.2258128 0.9295700 -0.2913902 0.0020296 0.0014588 0.0009164 0.0003780 0.0007579 -0.0014419 0.0000548 0.0016467 -0.0005809 0.0048174 0.0032790 -0.0042381 0.0007876 -0.0009838 0.0016390 0.0000178 -0.0005087 -0.0015575 -0.0014689 0.0013434 -0.0016476 0.0048550 -0.0023297 -0.0035978
-0.2634951 -0.2821022 -0.0422096 0.2079295 0.6319201 -0.2046017 -0.2665832 -0.3714255 -0.0661184 0.1710920 0.6877571 -0.2187999 -0.6785502 -0.7264671 -0.1086977 0.2987482 0.9079279 -0.2939669 -0.5770859 -0.8040434 -0.1431298 0.2306678 0.9272402 -0.2949880 0.0008636 0.0375421 0.0066075 -0.0309835 0.0298562 -0.0051875 0.0013403 0.0377206 0.0058925 -0.0677971 0.0195044 -0.0088111 -0.0497117 0.0483163 0.0099753 -0.0517646 0.0157884 0.0011403 -0.0390254 0.0289069 0.0032358 -0.0929652 0.0156113 -0.0084407
-0.2626315 -0.2445601 -0.0356020 0.1769460 0.6617763 -0.2097892 -0.2652428 -0.3337049 -0.0602259 0.1032949 0.7072615 -0.2276110 -0.7282619 -0.6781508 -0.0987223 0.2469836 0.9237163 -0.2928265 -0.6161113 -0.7751364 -0.1398939 0.1377026 0.9428515 -0.3034287 -0.0022395 -0.0355505 -0.0066171 0.0021292 0.0008896 -0.0004684 -0.0019354 -0.0359587 -0.0051262 -0.0005426 0.0035095 -0.0031618 0.0452803 -0.0441267 -0.0101416 0.0024543 -0.0006743 -0.0000458 0.0362560 -0.0271423 -0.0019393 -0.0014855 -0.0005934 -0.0025034
-0.2648710 -0.2801106 -0.0422191 0.1790752 0.6626659 -0.2102576 -0.2671782 -0.3696636 -0.0653521 0.1027523 0.7107710 -0.2307729 -0.6829816 -0.7222775 -0.1088639 0.2494378 0.9230420 -0.2928724 -0.5798553 -0.8022787 -0.1418333 0.1362171 0.9422582 -0.3059320 0.0027497 0.0372205 -0.0003767 -0.0000078 0.0058192 -0.0033916 0.0046168 0.0030655 -0.0142702 0.0188169 0.0035134 -0.0062163 -0.0453648 0.0473682 -0.0094954 -0.0022031 -0.0000787 -0.0021085 0.0064519 0.0016713 -0.0320525 0.0232537 -0.0052813 -0.0049432
-0.2621214 -0.2428901 -0.0425958 0.1790675 0.6684851 -0.2136491 -0.2625614 -0.3665981 -0.0796223 0.1215691 0.7142844 -0.2369891 -0.7283464 -0.6749093 -0.1183593 0.2472347 0.9229633 -0.2949809 -0.5734035 -0.8006074 -0.1738858 0.1594707 0.9369769 -0.3108752 -0.0011703 0.0006112 0.0001609 0.0011508 0.0037071 -0.0011295 -0.0004397 -0.0001817 -0.0001378 -0.0096988 0.0124436 -0.0080342 -0.0023929 0.0024887 0.0005855 0.0002089 -0.0000288 0.0000851 -0.0004319 0.0003401 -0.0001406 -0.0151291 0.0006899 -0.0052681
-0.2632917 -0.2422790 -0.0424349 0.1802182 0.6721922 -0.2147787 -0.2630012 -0.3667798 -0.0797601 0.1118704 0.7267280 -0.2450233 -0.7307393 -0.6724206 -0.1177738 0.2474436 0.9229345 -0.2948958 -0.5738354 -0.8002673 -0.1740264 0.1443417 0.9376667 -0.3161433 -0.0016062 -0.0468182 -0.0118212 0.0015527 0.0017490 -0.0008386 0.0002112 -0.0000130 0.0004949 0.0003764 0.0008102 0.0001788 0.0615401 -0.0579120 -0.0192909 0.0013644 -0.0004440 -0.0002411 0.0002146 -0.0003718 0.0010055 0.0003442 0.0001286 0.0005393
-0.2648979 -0.2890972 -0.0542561 0.1817709 0.6739412 -0.2156173 -0.2627900 -0.3667928 -0.0792652 0.1122467 0.7275382 -0.2448445 -0.6691992 -0.7303326 -0.1370646 0.2488080 0.9224905 -0.2951369 -0.5736208 -0.8006391 -0.1730209 0.1446858 0.9377953 -0.3156040 0.0000000 0.0000000 0.0000000 0.0000000 0.0000000 0.0000000 0.0000000 0.0000000 0.0000000 0.0000000 0.0000000 0.0000000 0.0000000 0.0000000 0.0000000 0.0000000 0.0000000 0.0000000 0.0000000 0.0000000 0.0000000 0.0000000 0.0000000 0.0000000
