-0.1895141 -0.2815850 -0.0098161 0.1301031 0.6173790 -0.0643192 -0.1693925 -0.4044024 -0.0334813 0.1007785 0.6690989 -0.1040621 -0.5581141 -0.8292605 -0.0289082 0.2051424 0.9734635 -0.1014165 -0.3852256 -0.9196758 -0.0761419 0.1472076 0.9773560 -0.1520041 0.0017669 -0.0060076 -0.0008545 0.0007042 -0.0053013 -0.0002719 0.0018200 -0.0063767 -0.0009268 0.0008116 -0.0053017 -0.0003497 0.0117284 -0.0076973 -0.0021457 0.0027446 -0.0007120 -0.0012357 0.0086383 -0.0034724 -0.0011839 0.0022786 -0.0006016 -0.0016343
-0.1877472 -0.2875926 -0.0106706 0.1308073 0.6120777 -0.0645911 -0.1675724 -0.4107791 -0.0344081 0.1015901 0.6637972 -0.1044119 -0.5463857 -0.8369577 -0.0310539 0.2078870 0.9727515 -0.1026521 -0.3765873 -0.9231483 -0.0773257 0.1494862 0.9767544 -0.1536384 -0.0008210 0.0039153 0.0004490 -0.0197102 0.0252829 -0.0001749 -0.0001107 -0.0001350 -0.0002197 -0.0197135 0.0252827 -0.0001725 -0.0069470 0.0045377 0.0010595 -0.0370221 0.0074950 0.0030434 -0.0000935 0.0000770 -0.0004618 -0.0328137 0.0051710 0.0046077
-0.1885682 -0.2836773 -0.0102217 0.1110971 0.6373606 -0.0647660 -0.1676831 -0.4109141 -0.0346279 0.0818765 0.6890799 -0.1045844 -0.5533328 -0.8324201 -0.0299944 0.1708649 0.9802465 -0.0996087 -0.3766809 -0.9230713 -0.0777875 0.1166725 0.9819253 -0.1490307 0.0002217 -0.0146989 -0.0028794 0.0263451 -0.0225284 0.0057622 -0.0001384 -0.0134906 -0.0027299 0.0262650 -0.0225286 0.0058213 0.0199133 -0.0126166 -0.0071094 0.0463444 -0.0085856 0.0063610 0.0101841 -0.0037643 -0.0037962 0.0417880 -0.0052233 0.0043124
-0.1883465 -0.2983762 -0.0131011 0.1374422 0.6148322 -0.0590038 -0.1678215 -0.4244047 -0.0373578 0.1081415 0.6665513 -0.0987631 -0.5334194 -0.8450367 -0.0371037 0.2172093 0.9716609 -0.0932477 -0.3664968 -0.9268356 -0.0815837 0.1584605 0.9767021 -0.1447183 -0.0001231 -0.0002022 -0.0002930 0.0016130 -0.0000254 0.0000414 0.0000417 -0.0001065 0.0000297 0.0015602 -0.0000255 0.0000803 0.0000253 0.0000197 -0.0008032 0.0024367 -0.0005371 0.0001130 0.0001558 -0.0000686 0.0000792 0.0022362 -0.0003413 0.0001627
-0.1884695 -0.2985784 -0.0133940 0.1390552 0.6148068 -0.0589625 -0.1677798 -0.4245112 -0.0373281 0.1097017 0.6665258 -0.0986828 -0.5333942 -0.8450170 -0.0379069 0.2196459 0.9711239 -0.0931347 -0.3663409 -0.9269042 -0.0815045 0.1606966 0.9763607 -0.1445556 0.0009558 -0.0009636 -0.0006471 0.0023817 0.0539520 -0.0154258 0.0008808 0.0000082 -0.0002390 0.0024007 0.0539516 -0.0154386 0.0032033 -0.0019313 -0.0017940 -0.0139456 0.0014926 -0.0150527 0.0016765 -0.0006099 -0.0005775 -0.0088012 -0.0001348 -0.0100756
-0.1875137 -0.2995420 -0.0140411 0.1414369 0.6687588 -0.0743883 -0.1668990 -0.4245030 -0.0375671 0.1121024 0.7204774 -0.1141214 -0.5301908 -0.8469483 -0.0397010 0.2057003 0.9726165 -0.1081874 -0.3646644 -0.9275141 -0.0820820 0.1518955 0.9762259 -0.1546311 0.0073757 -0.0380717 -0.0075997 0.0222279 0.0071494 -0.0302625 0.0009539 -0.0014994 0.0001679 0.0220615 0.0071493 -0.0301391 0.0601961 -0.0339131 -0.0167616 0.0270192 -0.0115242 -0.0406184 0.0028994 -0.0011832 0.0005507 0.0260821 -0.0109793 -0.0367403
-0.1801380 -0.3376137 -0.0216408 0.1636648 0.6759082 -0.1046508 -0.1659451 -0.4260024 -0.0373992 0.1341639 0.7276267 -0.1442605 -0.4699947 -0.8808615 -0.0564626 0.2327195 0.9610923 -0.1488058 -0.3617650 -0.9286973 -0.0815313 0.1779776 0.9652466 -0.1913714 0.0002762 -0.0007840 0.0001132 0.0032194 0.0356920 -0.0104360 0.0018534 -0.0011249 0.0002488 0.0031681 0.0356917 -0.0103988 0.0013992 -0.0007692 0.0003766 -0.0071736 0.0006436 -0.0067353 0.0043202 -0.0017242 0.0006057 -0.0043252 -0.0000522 -0.0041908
-0.1798618 -0.3383977 -0.0215276 0.1668842 0.7116002 -0.1150868 -0.1640917 -0.4271273 -0.0371504 0.1373320 0.7633184 -0.1546593 -0.4685956 -0.8816306 -0.0560859 0.2255459 0.9617359 -0.1555411 -0.3574448 -0.9304215 -0.0809256 0.1736524 0.9651944 -0.1955622 -0.0008266 -0.0028598 -0.0003950 0.0399630 -0.0176066 0.0188972 -0.0008672 -0.0024778 -0.0006507 0.0383436 0.0027065 0.0141835 0.0014144 -0.0007122 -0.0005963 0.0576031 -0.0117417 0.0238691 0.0001874 0.0000104 -0.0009415 0.0463913 -0.0057044 0.0196083
-0.1806884 -0.3412575 -0.0219226 0.2068472 0.6939936 -0.0961896 -0.1649589 -0.4296051 -0.0378011 0.1756756 0.7660249 -0.1404758 -0.4671812 -0.8823428 -0.0566822 0.2831490 0.9499943 -0.1316720 -0.3572575 -0.9304111 -0.0818671 0.2200437 0.9594900 -0.1759539 -0.0000200 0.0001881 0.0000127 0.0130477 0.0247927 -0.0051964 0.0003111 -0.0007404 -0.0000572 0.0334290 0.0134363 0.0058335 -0.0002419 0.0001275 0.0000099 0.0067675 -0.0023231 -0.0019985 0.0011233 -0.0004287 -0.0000205 0.0355302 -0.0068092 0.0113901
-0.1807084 -0.3410694 -0.0219098 0.2198949 0.7187863 -0.1013859 -0.1646478 -0.4303455 -0.0378582 0.2091046 0.7794612 -0.1346423 -0.4674230 -0.8822154 -0.0566723 0.2899165 0.9476712 -0.1336705 -0.3561342 -0.9308399 -0.0818876 0.2555739 0.9526808 -0.1645638 0.0000517 -0.0017311 -0.0003448 0.0054152 0.0024160 -0.0011912 0.0005609 -0.0027135 -0.0009343 0.0048090 0.0035833 -0.0019873 0.0019680 -0.0009969 -0.0006658 0.0055688 -0.0018428 -0.0008554 0.0030503 -0.0010206 -0.0015864 0.0042962 -0.0014094 -0.0014188
-0.1806567 -0.3428005 -0.0222546 0.2253101 0.7212023 -0.1025771 -0.1640870 -0.4330590 -0.0387925 0.2139136 0.7830445 -0.1366296 -0.4654551 -0.8832123 -0.0573381 0.2954853 0.9458283 -0.1345259 -0.3530839 -0.9318604 -0.0834741 0.2598701 0.9512714 -0.1659827 -0.0002106 0.0003705 -0.0000383 0.0073312 0.0505562 -0.0192938 0.0000310 0.0007355 -0.0000196 0.0059169 0.0014267 0.0028770 -0.0008151 0.0004387 -0.0001323 -0.0101134 0.0008576 -0.0149685 -0.0004617 0.0001901 -0.0001671 0.0063984 -0.0010847 0.0039756
-0.1808673 -0.3424300 -0.0222929 0.2326412 0.7717585 -0.1218710 -0.1640559 -0.4323235 -0.0388120 0.2198305 0.7844712 -0.1337525 -0.4662702 -0.8827736 -0.0574704 0.2853719 0.9466860 -0.1494944 -0.3535456 -0.9316704 -0.0836412 0.2662685 0.9501867 -0.1620071 0.0000420 0.0002576 0.0001205 0.0137497 0.0043906 0.0025280 0.0001398 0.0002062 -0.0000388 0.0002861 0.0461622 -0.0237349 -0.0001971 0.0000864 0.0002732 0.0140030 -0.0036336 0.0044879 0.0001198 -0.0000341 -0.0001266 -0.0143083 0.0006122 -0.0182636
-0.1808254 -0.3421724 -0.0221724 0.2463909 0.7761491 -0.1193429 -0.1639161 -0.4321173 -0.0388508 0.2201166 0.8306334 -0.1574874 -0.4664673 -0.8826872 -0.0571971 0.2993749 0.9430524 -0.1450065 -0.3534257 -0.9317045 -0.0837678 0.2519602 0.9507989 -0.1802707 -0.0004999 0.0056517 0.0008477 0.0011182 0.0022063 -0.0004308 0.0002063 0.0017345 -0.0001196 0.0074149 0.0052601 0.0002425 -0.0071431 0.0037158 0.0014984 0.0004560 -0.0001582 -0.0000865 -0.0008375 0.0003689 -0.0005631 0.0064623 -0.0014190 0.0016771
-0.1813253 -0.3365207 -0.0213247 0.2475092 0.7783554 -0.1197737 -0.1637098 -0.4303828 -0.0389704 0.2275314 0.8358935 -0.1572450 -0.4736104 -0.8789714 -0.0556988 0.2998309 0.9428942 -0.1450930 -0.3542632 -0.9313355 -0.0843309 0.2584226 0.9493799 -0.1785936 0.0006739 0.0052990 0.0010436 0.0033355 -0.0020828 0.0038798 0.0013119 0.0033248 0.0004277 0.0031227 -0.0018759 0.0043157 -0.0045207 0.0023248 0.0020208 0.0045974 -0.0008003 0.0044428 0.0000818 -0.0000556 0.0002711 0.0040619 -0.0002675 0.0045600
-0.1806514 -0.3312217 -0.0202810 0.2508447 0.7762726 -0.1158939 -0.1623979 -0.4270580 -0.0385428 0.2306542 0.8340176 -0.1529293 -0.4781311 -0.8766466 -0.0536780 0.3044282 0.9420939 -0.1406502 -0.3541814 -0.9313912 -0.0840597 0.2624845 0.9491123 -0.1740336 -0.0114000 0.0212541 0.0033193 -0.0178348 0.0425131 -0.0146820 -0.0119164 0.0203805 0.0024780 -0.0151962 0.0444993 -0.0128305 -0.0479849 0.0275042 0.0072120 -0.0338801 0.0085993 -0.0109616 -0.0384815 0.0153039 0.0028198 -0.0281928 0.0061979 -0.0062157
-0.1920513 -0.3099676 -0.0169618 0.2330099 0.8187857 -0.1305759 -0.1743143 -0.4066775 -0.0360647 0.2154580 0.8785169 -0.1657598 -0.5261160 -0.8491424 -0.0464660 0.2705481 0.9506932 -0.1516118 -0.3926629 -0.9160873 -0.0812399 0.2342917 0.9553102 -0.1802493 0.0067641 -0.0118333 -0.0030690 0.0157574 -0.0324258 0.0086879 0.0062154 -0.0123368 -0.0031672 0.0191406 -0.0310903 0.0094653 0.0278599 -0.0162127 -0.0073986 0.0278310 -0.0075089 0.0054156 0.0217284 -0.0085278 -0.0053310 0.0283925 -0.0064319 0.0052436
-0.1852873 -0.3218009 -0.0200307 0.2487672 0.7863599 -0.1218880 -0.1680990 -0.4190143 -0.0392319 0.2345987 0.8474266 -0.1562945 -0.4982561 -0.8653551 -0.0538647 0.2983791 0.9431843 -0.1461962 -0.3709344 -0.9246151 -0.0865709 0.2626842 0.9488783 -0.1750056 0.0022414 -0.0141998 -0.0025768 -0.0033302 -0.0052604 0.0020514 0.0004089 -0.0055396 -0.0004151 0.0076855 -0.0476557 0.0266327 0.0206946 -0.0112612 -0.0051178 -0.0017699 0.0007700 0.0013744 0.0049505 -0.0019745 0.0000412 0.0238175 -0.0031468 0.0216802
-0.1830459 -0.3360007 -0.0226075 0.2454370 0.7810995 -0.1198366 -0.1676901 -0.4245539 -0.0396470 0.2422841 0.7997709 -0.1296618 -0.4775615 -0.8766163 -0.0589824 0.2966092 0.9439542 -0.1448219 -0.3659839 -0.9265896 -0.0865297 0.2865017 0.9457315 -0.1533254 0.0005756 -0.0008053 -0.0007663 -0.0048847 -0.0011079 -0.0004619 -0.0000011 0.0004948 -0.0000831 -0.0150511 0.0412437 -0.0254565 0.0020946 -0.0010065 -0.0019232 -0.0050518 0.0014213 -0.0009839 -0.0003629 0.0001684 -0.0002668 -0.0297046 0.0047027 -0.0219744
-0.1824703 -0.3368060 -0.0233738 0.2405524 0.7799916 -0.1202985 -0.1676912 -0.4240591 -0.0397301 0.2272331 0.8410146 -0.1551183 -0.4754669 -0.8776228 -0.0609057 0.2915574 0.9453756 -0.1458057 -0.3663468 -0.9264213 -0.0867964 0.2567971 0.9504342 -0.1752998 0.0025307 -0.0210981 -0.0034570 -0.0244229 -0.0266772 -0.0128695 0.0026023 -0.0196965 -0.0030422 0.0286342 -0.0287931 0.0139219 0.0272862 -0.0138188 -0.0059226 -0.0196756 0.0022622 -0.0217140 0.0190819 -0.0070198 -0.0031753 0.0396212 -0.0094880 0.0117259
-0.1799397 -0.3579041 -0.0268308 0.2161295 0.7533144 -0.1331680 -0.1650889 -0.4437556 -0.0427723 0.2558672 0.8122215 -0.1411964 -0.4481807 -0.8914416 -0.0668282 0.2718818 0.9476378 -0.1675197 -0.3472649 -0.9334410 -0.0899717 0.2964183 0.9409462 -0.1635739 -0.0174915 0.0436257 0.0053717 -0.0125394 -0.0030959 0.0154416 -0.0149041 0.0416193 0.0026470 -0.0545785 0.0037818 -0.0044695 -0.0828813 0.0460769 0.0091063 -0.0129326 0.0065759 0.0177818 -0.0595875 0.0244609 -0.0007268 -0.0604390 0.0156892 -0.0071965
-0.1974311 -0.3142784 -0.0214591 0.2035901 0.7502185 -0.1177264 -0.1799930 -0.4021363 -0.0401254 0.2012887 0.8160033 -0.1456660 -0.5310619 -0.8453647 -0.0577219 0.2589492 0.9542138 -0.1497379 -0.4068524 -0.9089802 -0.0906985 0.2359793 0.9566354 -0.1707704 0.0175325 -0.0481989 -0.0065115 -0.0207218 0.0009447 -0.0144103 0.0181406 -0.0482001 -0.0059219 -0.0312757 -0.0017354 -0.0175524 0.0875577 -0.0482511 -0.0112339 -0.0257919 0.0035201 -0.0187365 0.0701850 -0.0277593 -0.0050839 -0.0354188 0.0039383 -0.0217747
-0.1798986 -0.3624773 -0.0279706 0.1828683 0.7511632 -0.1321366 -0.1618525 -0.4503364 -0.0460473 0.1700129 0.8142679 -0.1632184 -0.4435042 -0.8936157 -0.0689559 0.2331572 0.9577338 -0.1684743 -0.3366674 -0.9367394 -0.0957824 0.2005605 0.9605737 -0.1925451 -0.0009075 0.0200320 0.0036186 -0.0020176 0.0201366 0.0037804 -0.0010550 0.0199536 0.0039435 -0.0020583 0.0201363 0.0037973 -0.0224775 0.0110501 0.0061948 -0.0078121 0.0033282 0.0085387 -0.0158661 0.0053864 0.0046694 -0.0066043 0.0030069 0.0084436
-0.1808061 -0.3424453 -0.0243520 0.1808507 0.7712998 -0.1283562 -0.1629075 -0.4303828 -0.0421038 0.1679546 0.8344042 -0.1594211 -0.4659817 -0.8825656 -0.0627610 0.2253452 0.9610620 -0.1599356 -0.3525335 -0.9313531 -0.0911130 0.1939562 0.9635806 -0.1841015 -0.0152177 0.0563437 0.0041385 -0.0357895 -0.0145471 0.0687972 -0.0155280 0.0558217 0.0039371 -0.0364967 -0.0145472 0.0691003 -0.0982749 0.0590190 0.0045762 -0.0376437 0.0181361 0.0828693 -0.0757352 0.0323567 -0.0004921 -0.0365643 0.0180169 0.0759623
-0.1960238 -0.2861016 -0.0202135 0.1450611 0.7567527 -0.0595591 -0.1784354 -0.3745611 -0.0381667 0.1314579 0.8198570 -0.0903208 -0.5642567 -0.8235466 -0.0581848 0.1877015 0.9791981 -0.0770663 -0.4282687 -0.8989963 -0.0916051 0.1573918 0.9815975 -0.1081392 -0.0069110 0.0318327 0.0072412 0.0003946 0.0005299 -0.0000684 -0.0013002 -0.0008433 0.0000484 0.0003360 0.0005297 -0.0000415 -0.0590424 0.0425787 0.0183414 0.0003650 -0.0000723 -0.0000288 -0.0017671 0.0008029 0.0004033 0.0002933 -0.0000443 0.0000250
-0.2029348 -0.2542689 -0.0129723 0.1454557 0.7572826 -0.0596274 -0.1797356 -0.3754044 -0.0381182 0.1317939 0.8203867 -0.0903623 -0.6232990 -0.7809679 -0.0398434 0.1880664 0.9791258 -0.0770951 -0.4300358 -0.8981934 -0.0912018 0.1576851 0.9815532 -0.1081142 0.0120000 -0.0363813 -0.0026025 0.0141554 0.0184718 0.0124994 0.0138704 -0.0425811 -0.0028615 0.0149261 0.0184716 0.0121684 0.0747993 -0.0539850 -0.0048985 0.0131059 -0.0013726 0.0176954 0.0627162 -0.0274633 0.0004495 0.0138822 -0.0006332 0.0166780
-0.1909348 -0.2906502 -0.0155748 0.1596111 0.7757544 -0.0471280 -0.1658653 -0.4179855 -0.0409797 0.1467200 0.8388583 -0.0781939 -0.5484997 -0.8349528 -0.0447419 0.2011723 0.9777532 -0.0593997 -0.3673196 -0.9256567 -0.0907523 0.1715673 0.9809200 -0.0914362 0.0000840 0.0011219 -0.0000282 -0.0002360 -0.0004298 -0.0012038 0.0000039 -0.0003232 -0.0004220 -0.0001392 -0.0004299 -0.0012446 -0.0013083 0.0008721 -0.0002078 -0.0001974 -0.0000547 -0.0015477 0.0002819 -0.0000265 -0.0008663 -0.0000964 -0.0001233 -0.0014914
-0.1908508 -0.2895283 -0.0156030 0.1593751 0.7753246 -0.0483318 -0.1658614 -0.4183087 -0.0414017 0.1465809 0.8384284 -0.0794386 -0.5498080 -0.8340807 -0.0449496 0.2009749 0.9776986 -0.0609473 -0.3670377 -0.9256832 -0.0916186 0.1714708 0.9807967 -0.0929276 -0.0005641 0.0038337 0.0001403 0.0025115 -0.0025938 0.0022723 0.0000807 0.0008689 -0.0003816 0.0026140 -0.0025940 0.0022312 -0.0062451 0.0041486 0.0000311 0.0037249 -0.0006080 0.0027067 -0.0004711 0.0002873 -0.0010081 0.0035278 -0.0004018 0.0023669
-0.1914149 -0.2856946 -0.0154627 0.1618866 0.7727308 -0.0460595 -0.1657807 -0.4174398 -0.0417833 0.1491948 0.8358344 -0.0772074 -0.5560531 -0.8299321 -0.0449186 0.2046998 0.9770906 -0.0582406 -0.3675088 -0.9253959 -0.0926267 0.1749986 0.9803949 -0.0905607 -0.0000428 0.0005886 0.0002911 0.0024771 -0.0005934 0.0023427 0.0009842 -0.0015692 0.0001102 0.0024728 -0.0005935 0.0023436 -0.0008968 0.0005594 0.0007844 0.0031852 -0.0005013 0.0029481 0.0030565 -0.0012544 0.0004656 0.0029744 -0.0002887 0.0027124
-0.1914577 -0.2851060 -0.0151716 0.1643637 0.7721374 -0.0437169 -0.1647966 -0.4190090 -0.0416730 0.1516676 0.8352409 -0.0748638 -0.5569499 -0.8293727 -0.0441342 0.2078850 0.9765892 -0.0552925 -0.3644523 -0.9266503 -0.0921611 0.1779730 0.9801063 -0.0878482 -0.0000941 -0.0012407 -0.0000236 0.0014106 -0.0019414 0.0016231 -0.0003307 0.0010931 0.0001808 0.0014243 -0.0019415 0.0016184 0.0014762 -0.0009931 0.0000701 0.0022329 -0.0003701 0.0019389 -0.0014665 0.0005568 0.0002150 0.0020492 -0.0002218 0.0017183
-0.1915518 -0.2863467 -0.0151952 0.1657743 0.7701960 -0.0420938 -0.1651273 -0.4179159 -0.0414923 0.1530919 0.8332994 -0.0732454 -0.5554737 -0.8303658 -0.0440641 0.2101180 0.9762191 -0.0533536 -0.3659188 -0.9260936 -0.0919460 0.1800222 0.9798845 -0.0861299 0.0073537 -0.0396689 -0.0084292 0.0018764 -0.0012406 0.0023627 -0.0001697 -0.0000264 -0.0000753 0.0018748 -0.0012408 0.0023626 0.0645375 -0.0385514 -0.0189011 0.0026310 -0.0004139 0.0029349 -0.0003001 0.0001333 -0.0001477 0.0024355 -0.0002192 0.0026726
-0.1841981 -0.3260156 -0.0236244 0.1676507 0.7689554 -0.0397310 -0.1652969 -0.4179423 -0.0415675 0.1549668 0.8320586 -0.0708828 -0.4909362 -0.8689171 -0.0629652 0.2127490 0.9758052 -0.0504187 -0.3662189 -0.9259603 -0.0920938 0.1824578 0.9796653 -0.0834573 0.0001654 -0.0007038 -0.0001220 0.0003135 -0.0013224 0.0016081 -0.0000431 -0.0001677 0.0002015 0.0002328 -0.0013225 0.0016420 0.0011436 -0.0006281 -0.0002344 0.0007509 -0.0000647 0.0019606 0.0000284 -0.0000586 0.0004773 0.0005733 0.0000447 0.0017997
-0.1840327 -0.3267194 -0.0237464 0.1679642 0.7676330 -0.0381229 -0.1653400 -0.4181100 -0.0413661 0.1551995 0.8307361 -0.0692408 -0.4897926 -0.8695453 -0.0631996 0.2134998 0.9757406 -0.0484582 -0.3661906 -0.9260188 -0.0916164 0.1830311 0.9797100 -0.0816576 -0.0000498 0.0016271 0.0005136 0.0004886 -0.0009355 0.0002771 0.0000229 -0.0008003 0.0002720 0.0004813 -0.0009356 0.0002793 -0.0019934 0.0010442 0.0011321 0.0008449 -0.0001703 0.0003019 0.0006239 -0.0003199 0.0007449 0.0007520 -0.0001202 0.0002476
-0.1840825 -0.3250923 -0.0232328 0.1684528 0.7666975 -0.0378459 -0.1653171 -0.4189103 -0.0410941 0.1556808 0.8298005 -0.0689615 -0.4917860 -0.8685011 -0.0620675 0.2143447 0.9755702 -0.0481563 -0.3655666 -0.9263387 -0.0908715 0.1837831 0.9795898 -0.0814099 -0.0001989 0.0007994 0.0005302 0.0000038 -0.0008254 -0.0000001 -0.0000535 -0.0003539 0.0002120 -0.0000242 -0.0008256 0.0000122 -0.0013596 0.0006783 0.0013143 0.0002245 -0.0000518 -0.0000495 0.0001468 -0.0001102 0.0005344 0.0001482 -0.0000331 -0.0000639
-0.1842814 -0.3242929 -0.0227026 0.1684566 0.7658721 -0.0378460 -0.1653706 -0.4192642 -0.0408821 0.1556566 0.8289749 -0.0689493 -0.4931456 -0.8678228 -0.0607532 0.2145692 0.9755185 -0.0482058 -0.3654198 -0.9264489 -0.0903372 0.1839313 0.9795567 -0.0814738 0.0002382 -0.0001853 0.0002785 -0.0000040 -0.0000559 0.0000989 -0.0014000 0.0013069 0.0014074 -0.0000098 -0.0000560 0.0001014 0.0006726 -0.0004340 0.0007495 0.0000113 0.0000035 0.0001223 -0.0037633 0.0012097 0.0029514 0.0000025 0.0000090 0.0001135
-0.1840432 -0.3244782 -0.0224241 0.1684526 0.7658162 -0.0377470 -0.1667707 -0.4179573 -0.0394747 0.1556468 0.8289189 -0.0688479 -0.4924730 -0.8682568 -0.0600037 0.2145805 0.9755220 -0.0480834 -0.3691831 -0.9252392 -0.0873858 0.1839339 0.9795656 -0.0813603 -0.0028866 0.0170891 0.0041510 -0.0003161 0.0012610 0.0004210 -0.0002375 0.0013788 0.0007471 -0.0003131 0.0012610 0.0004198 -0.0264468 0.0149403 0.0092773 -0.0007139 0.0001864 0.0006054 -0.0015535 0.0004887 0.0014156 -0.0006178 0.0001659 0.0006053
-0.1869298 -0.3073891 -0.0182731 0.1681365 0.7670772 -0.0373260 -0.1670082 -0.4165785 -0.0387276 0.1553337 0.8301799 -0.0684281 -0.5189198 -0.8533165 -0.0507264 0.2138667 0.9757084 -0.0474780 -0.3707366 -0.9247505 -0.0859702 0.1833161 0.9797315 -0.0807550 -0.0021623 0.0101143 0.0022297 -0.0006198 -0.0007164 -0.0002899 -0.0001506 0.0004641 0.0000920 -0.0005745 -0.0007166 -0.0003085 -0.0172329 0.0104221 0.0052369 -0.0005666 0.0001036 -0.0004186 -0.0006485 0.0002480 0.0001315 -0.0005092 0.0000589 -0.0004390
-0.1890921 -0.2972748 -0.0160434 0.1675167 0.7663608 -0.0376159 -0.1671587 -0.4161144 -0.0386356 0.1547592 0.8294633 -0.0687366 -0.5361527 -0.8428944 -0.0454895 0.2133001 0.9758120 -0.0478965 -0.3713851 -0.9245025 -0.0858387 0.1828069 0.9797904 -0.0811940 -0.0009328 0.0047992 0.0022653 0.0000715 -0.0002744 0.0000561 0.0002500 0.0000507 0.0001487 0.0001215 -0.0002747 0.0000357 -0.0082413 0.0049940 0.0060172 0.0001604 -0.0000323 0.0000558 0.0004298 -0.0002004 0.0003013 0.0001975 -0.0000354 0.0000182
-0.1900249 -0.2924756 -0.0137781 0.1675882 0.7660864 -0.0375598 -0.1669088 -0.4160637 -0.0384869 0.1548807 0.8291886 -0.0687009 -0.5443940 -0.8379004 -0.0394724 0.2134605 0.9757796 -0.0478407 -0.3709553 -0.9247029 -0.0855374 0.1830043 0.9797550 -0.0811759 0.0047920 -0.0219485 -0.0037691 0.0002332 -0.0003997 -0.0002484 0.0006258 0.0002824 0.0004860 0.0001911 -0.0004000 -0.0002303 0.0373946 -0.0227069 -0.0085561 0.0003864 -0.0001012 -0.0003365 0.0009514 -0.0004712 0.0009796 0.0002990 -0.0000812 -0.0003046
-0.1852329 -0.3144241 -0.0175473 0.1678214 0.7656867 -0.0378082 -0.1662830 -0.4157813 -0.0380010 0.1550718 0.8287886 -0.0689312 -0.5069994 -0.8606073 -0.0480284 0.2138469 0.9756785 -0.0481772 -0.3700039 -0.9251741 -0.0845577 0.1833034 0.9796738 -0.0814805 -0.0001331 0.0035295 0.0014605 0.0015496 -0.0079258 0.0003675 0.0021742 -0.0075191 -0.0004742 0.0015925 -0.0079260 0.0003492 -0.0046112 0.0025378 0.0036289 0.0040326 -0.0008919 0.0000134 0.0098210 -0.0038778 0.0001132 0.0035379 -0.0006946 -0.0003119
-0.1853661 -0.3108946 -0.0160868 0.1693710 0.7577609 -0.0374406 -0.1641088 -0.4233004 -0.0384751 0.1566642 0.8208626 -0.0685820 -0.5116106 -0.8580695 -0.0443995 0.2178795 0.9747865 -0.0481638 -0.3601829 -0.9290519 -0.0844445 0.1868413 0.9789792 -0.0817924 0.0007333 -0.0038499 -0.0005694 -0.0001382 0.0004387 0.0001556 0.0014218 -0.0002631 -0.0003411 -0.0001586 0.0004384 0.0001640 0.0061577 -0.0035790 -0.0011987 -0.0002870 0.0000752 0.0002243 0.0029352 -0.0010603 -0.0007928 -0.0002751 0.0000719 0.0002332
-0.1846327 -0.3147445 -0.0166562 0.1692328 0.7581996 -0.0372850 -0.1626869 -0.4235635 -0.0388162 0.1565056 0.8213010 -0.0684180 -0.5054529 -0.8616485 -0.0455982 0.2175925 0.9748617 -0.0479395 -0.3572477 -0.9301122 -0.0852373 0.1865662 0.9790511 -0.0815592 0.0018335 -0.0068272 -0.0009400 0.0386113 -0.0305227 -0.0654043 0.0010435 -0.0009013 0.0003504 0.0384011 -0.0305228 -0.0653166 0.0118218 -0.0067238 -0.0019186 0.0545569 -0.0220474 -0.0865210 0.0026323 -0.0010842 0.0008506 0.0495840 -0.0209394 -0.0804744
-0.1827992 -0.3215717 -0.0175962 0.2078441 0.7276769 -0.1026893 -0.1616434 -0.4244648 -0.0384658 0.1949068 0.7907782 -0.1337346 -0.4936311 -0.8683723 -0.0475168 0.2721494 0.9528143 -0.1344605 -0.3546154 -0.9311964 -0.0843867 0.2361503 0.9581118 -0.1620336 0.0018605 -0.0038494 -0.0013211 0.0085610 0.0077287 0.0018910 0.0012781 0.0011667 -0.0002912 0.0139073 -0.0044407 0.0070261 0.0083080 -0.0044890 -0.0032241 0.0077390 -0.0016746 0.0040927 0.0016313 -0.0005356 -0.0009222 0.0174500 -0.0031215 0.0081488
-0.1809387 -0.3254211 -0.0189173 0.2164051 0.7354056 -0.1007983 -0.1603653 -0.4232981 -0.0387570 0.2088141 0.7863375 -0.1267085 -0.4853231 -0.8728613 -0.0507409 0.2798884 0.9511397 -0.1303679 -0.3529841 -0.9317320 -0.0853089 0.2536003 0.9549902 -0.1538848 0.0007062 -0.0019139 -0.0004504 0.0286280 0.0581598 -0.0233554 0.0013014 0.0016180 0.0004921 0.0182168 0.0122399 -0.0038804 0.0036436 -0.0019562 -0.0010202 0.0119001 -0.0061520 -0.0174759 0.0013100 -0.0005599 0.0007093 0.0165364 -0.0047891 -0.0014986
-0.1802325 -0.3273350 -0.0193677 0.2450331 0.7935654 -0.1241537 -0.1590639 -0.4216801 -0.0382648 0.2270309 0.7985774 -0.1305889 -0.4816795 -0.8748175 -0.0517611 0.2917885 0.9449877 -0.1478437 -0.3516741 -0.9322919 -0.0845997 0.2701367 0.9502011 -0.1553834 -0.0075691 0.0100268 0.0020926 -0.0058899 0.0112526 -0.0134465 -0.0059893 0.0115259 0.0016447 0.0064781 0.0182472 -0.0159896 -0.0270973 0.0151920 0.0049607 -0.0107071 0.0009702 -0.0138872 -0.0203750 0.0077566 0.0020537 0.0007245 -0.0027173 -0.0146417
-0.1878016 -0.3173082 -0.0172751 0.2391432 0.8048180 -0.1376002 -0.1650532 -0.4101542 -0.0366201 0.2335091 0.8168246 -0.1465784 -0.5087768 -0.8596254 -0.0468003 0.2810815 0.9459579 -0.1617309 -0.3720492 -0.9245353 -0.0825460 0.2708612 0.9474839 -0.1700251 0.0015283 -0.0005753 -0.0014109 0.0090743 0.0006144 -0.0043735 0.0007989 0.0017171 -0.0004736 0.0096956 0.0017274 -0.0030616 0.0038521 -0.0020505 -0.0038512 0.0093377 -0.0035866 -0.0043809 0.0002545 0.0000252 -0.0014168 0.0096743 -0.0032879 -0.0025839
-0.1862733 -0.3178835 -0.0186860 0.2482175 0.8054324 -0.1419736 -0.1642543 -0.4084371 -0.0370937 0.2432047 0.8185520 -0.1496400 -0.5049247 -0.8616759 -0.0506515 0.2904192 0.9423712 -0.1661118 -0.3717947 -0.9245101 -0.0839627 0.2805354 0.9441959 -0.1726090 0.0051391 -0.0086649 -0.0043200 0.0254097 -0.0325315 -0.0101311 0.0053709 -0.0072596 -0.0038784 0.0147262 -0.0075437 -0.0114872 0.0207760 -0.0111463 -0.0108405 0.0377116 -0.0155166 -0.0162906 0.0162774 -0.0056524 -0.0077165 0.0172529 -0.0078645 -0.0134168
-0.1811342 -0.3265484 -0.0230060 0.2736272 0.7729009 -0.1521047 -0.1588834 -0.4156967 -0.0409721 0.2579309 0.8110083 -0.1611272 -0.4841488 -0.8728223 -0.0614920 0.3281308 0.9268546 -0.1824024 -0.3555173 -0.9301625 -0.0916792 0.2977883 0.9363314 -0.1860258 0.0007749 -0.0020484 -0.0004422 -0.0026623 -0.0250718 0.0248766 0.0013526 -0.0007470 -0.0001363 0.0008598 -0.0069895 0.0002091 0.0039244 -0.0020987 -0.0009410 0.0082555 0.0015296 0.0244565 0.0032071 -0.0011940 -0.0002580 0.0031894 -0.0012447 -0.0011245
-0.1803594 -0.3285968 -0.0234482 0.2709649 0.7478291 -0.1272281 -0.1575308 -0.4164437 -0.0411085 0.2587907 0.8040188 -0.1609181 -0.4802244 -0.8749210 -0.0624331 0.3363864 0.9283842 -0.1579460 -0.3523102 -0.9313566 -0.0919372 0.3009777 0.9350867 -0.1871503 0.0006235 -0.0016762 -0.0003958 -0.0087487 -0.0060703 -0.0052678 0.0004950 -0.0005575 -0.0000190 -0.0049921 -0.0309930 0.0000600 0.0031773 -0.0016753 -0.0008526 -0.0077210 0.0013464 -0.0081262 0.0013794 -0.0005235 0.0000288 0.0050353 -0.0030251 -0.0068013
-0.1797358 -0.3302730 -0.0238440 0.2622162 0.7417588 -0.1324959 -0.1570358 -0.4170012 -0.0411275 0.2537986 0.7730258 -0.1608581 -0.4770471 -0.8765963 -0.0632856 0.3286654 0.9297307 -0.1660721 -0.3509307 -0.9318801 -0.0919084 0.3060130 0.9320616 -0.1939516 0.0003498 0.0001297 0.0002539 -0.0322613 -0.0288990 -0.0126060 0.0002195 -0.0000654 0.0003559 -0.0275760 -0.0439180 0.0006388 0.0005535 -0.0003458 0.0006245 -0.0272657 0.0046078 -0.0241115 0.0004524 -0.0002474 0.0007855 -0.0159948 0.0026574 -0.0114501
-0.1793860 -0.3301433 -0.0235901 0.2299549 0.7128598 -0.1451019 -0.1568163 -0.4170666 -0.0407716 0.2262226 0.7291078 -0.1602193 -0.4764936 -0.8769421 -0.0626611 0.3013997 0.9343385 -0.1901836 -0.3504783 -0.9321275 -0.0911228 0.2900182 0.9347190 -0.2054017 0.0013193 -0.0031965 -0.0004727 -0.0050037 -0.0293370 0.0107831 0.0007499 -0.0014484 0.0002273 -0.0199881 -0.0180974 -0.0076745 0.0062694 -0.0033144 -0.0008819 0.0059039 -0.0005851 0.0066922 0.0025069 -0.0010091 0.0007237 -0.0183409 0.0019107 -0.0157685
-0.1780668 -0.3333398 -0.0240628 0.2249512 0.6835228 -0.1343188 -0.1560664 -0.4185150 -0.0405443 0.2062345 0.7110104 -0.1678938 -0.4702242 -0.8802565 -0.0635430 0.3073036 0.9337534 -0.1834915 -0.3479714 -0.9331366 -0.0903991 0.2716773 0.9366297 -0.2211702 0.0001861 -0.0014285 0.0000600 -0.0541439 0.0238254 -0.0572910 -0.0001794 -0.0007685 0.0001307 -0.0618703 0.0404573 -0.0733832 0.0019347 -0.0010562 0.0003532 -0.0803120 0.0062652 -0.0711452 0.0001954 -0.0001159 0.0004453 -0.0917497 -0.0000418 -0.0795441
-0.1778806 -0.3347683 -0.0240028 0.1708073 0.7073482 -0.1916098 -0.1562458 -0.4192835 -0.0404136 0.1443642 0.7514677 -0.2412769 -0.4682895 -0.8813127 -0.0631898 0.2269915 0.9400186 -0.2546367 -0.3477761 -0.9332525 -0.0899538 0.1799276 0.9365879 -0.3007143 -0.0003999 0.0001508 0.0001807 -0.0394225 -0.0754566 0.0368602 -0.0004257 -0.0022655 0.0003187 -0.0392755 -0.0754570 0.0367833 -0.0009994 0.0004973 0.0004828 -0.0290331 0.0120569 0.0214743 0.0007780 -0.0003997 0.0011509 -0.0327526 0.0101540 0.0143243
-0.1782806 -0.3346175 -0.0238221 0.1313848 0.6318916 -0.1547496 -0.1566715 -0.4215490 -0.0400950 0.1050887 0.6760107 -0.2044937 -0.4692889 -0.8808154 -0.0627070 0.1979584 0.9520755 -0.2331623 -0.3469980 -0.9336522 -0.0888029 0.1471750 0.9467419 -0.2863900 -0.0007269 0.0056007 0.0015085 -0.0097861 -0.0222520 -0.0004132 0.0005167 -0.0006896 0.0000729 -0.0096680 -0.0222522 -0.0004753 -0.0077783 0.0039628 0.0032396 -0.0081740 -0.0005841 -0.0090071 0.0014954 -0.0005783 0.0002515 -0.0092339 -0.0016623 -0.0099152
-0.1790074 -0.3290168 -0.0223136 0.1215987 0.6096396 -0.1551628 -0.1561548 -0.4222386 -0.0400220 0.0954207 0.6537585 -0.2049690 -0.4770672 -0.8768526 -0.0594673 0.1897844 0.9514914 -0.2421694 -0.3455026 -0.9342305 -0.0885514 0.1379411 0.9450796 -0.2963052 -0.0030482 0.0118059 0.0014630 0.0055749 -0.0528622 -0.0070223 -0.0024036 0.0100184 0.0008954 0.0052869 -0.0528625 -0.0068687 -0.0198969 0.0109501 0.0025507 0.0244212 -0.0136801 -0.0310079 -0.0120998 0.0045351 0.0003076 0.0181820 -0.0135343 -0.0320985
-0.1820556 -0.3172109 -0.0208506 0.1271736 0.5567774 -0.1621851 -0.1585583 -0.4122202 -0.0391266 0.1007077 0.6008960 -0.2118378 -0.4969641 -0.8659025 -0.0569166 0.2142056 0.9378113 -0.2731774 -0.3576024 -0.9296954 -0.0882438 0.1561231 0.9315453 -0.3284037 -0.0002733 -0.0006275 -0.0007533 -0.0081969 0.0465282 0.0062857 0.0006922 -0.0039340 -0.0013409 -0.0076910 0.0465278 0.0060195 0.0002341 -0.0000046 -0.0019401 -0.0266575 0.0132051 0.0274266 0.0043767 -0.0014506 -0.0023025 -0.0204690 0.0126478 0.0282415
-0.1823289 -0.3178384 -0.0216039 0.1189767 0.6033056 -0.1558993 -0.1578661 -0.4161542 -0.0404675 0.0930167 0.6474238 -0.2058182 -0.4967301 -0.8659071 -0.0588568 0.1875481 0.9510164 -0.2457508 -0.3532258 -0.9311460 -0.0905462 0.1356541 0.9441931 -0.3001622 0.0002184 -0.0059123 -0.0004079 -0.0002405 -0.0034707 0.0006756 -0.0000185 -0.0042480 0.0003276 -0.0001669 -0.0034712 0.0006376 0.0073259 -0.0041413 -0.0002978 0.0006627 -0.0002078 -0.0002971 0.0030422 -0.0012944 0.0015170 0.0004496 -0.0002562 -0.0006016
-0.1821105 -0.3237507 -0.0220118 0.1187362 0.5998349 -0.1552238 -0.1578846 -0.4204022 -0.0401399 0.0928498 0.6439526 -0.2051807 -0.4894042 -0.8700485 -0.0591546 0.1882108 0.9508087 -0.2460479 -0.3501836 -0.9324405 -0.0890293 0.1361037 0.9439369 -0.3007638 0.0011085 -0.0035237 -0.0008062 0.0000063 -0.0004658 0.0001686 0.0000832 -0.0005190 0.0000789 0.0000152 -0.0004661 0.0001642 0.0063300 -0.0034106 -0.0017442 0.0001543 -0.0000101 0.0000789 0.0005318 -0.0002246 0.0002632 0.0001196 -0.0000090 0.0000258
-0.1810020 -0.3272744 -0.0228180 0.1187425 0.5993691 -0.1550551 -0.1578014 -0.4209212 -0.0400610 0.0928650 0.6434865 -0.2050165 -0.4830741 -0.8734590 -0.0608988 0.1883651 0.9507985 -0.2459690 -0.3496518 -0.9326651 -0.0887661 0.1362233 0.9439279 -0.3007379 -0.0112571 0.0139525 0.0033046 0.0016635 -0.0452269 -0.0068883 -0.0121133 0.0156745 0.0035240 0.0006584 -0.0452271 -0.0063536 -0.0391936 0.0223265 0.0078911 0.0158019 -0.0111652 -0.0286310 -0.0356920 0.0136198 0.0059050 0.0095979 -0.0111248 -0.0288293
-0.1922591 -0.3133219 -0.0195134 0.1204061 0.5541422 -0.1619434 -0.1699147 -0.4052467 -0.0365370 0.0935234 0.5982594 -0.2113701 -0.5222678 -0.8511325 -0.0530077 0.2041670 0.9396333 -0.2745999 -0.3853438 -0.9190453 -0.0828611 0.1458212 0.9328031 -0.3295673 -0.0016936 0.0016616 -0.0005291 -0.0028119 0.0045574 -0.0004303 -0.0024700 0.0051811 0.0002338 -0.0029141 0.0045569 -0.0003743 -0.0053085 0.0033760 -0.0015105 -0.0060573 0.0016018 0.0010508 -0.0090075 0.0038458 -0.0001871 -0.0054106 0.0013376 0.0014423
-0.1939526 -0.3116603 -0.0200425 0.1175942 0.5586996 -0.1623737 -0.1723847 -0.4000656 -0.0363032 0.0906093 0.6028163 -0.2117444 -0.5275763 -0.8477565 -0.0545182 0.1981097 0.9412350 -0.2735491 -0.3943513 -0.9151995 -0.0830481 0.1404106 0.9341407 -0.3281250 0.0130080 -0.0153481 -0.0026624 0.0006153 0.0428561 0.0063776 0.0145122 -0.0203094 -0.0033108 0.0019195 0.0428560 0.0056869 0.0443109 -0.0256148 -0.0061219 -0.0112454 0.0096970 0.0269524 0.0441353 -0.0173381 -0.0048296 -0.0051431 0.0097662 0.0268900
-0.1809447 -0.3270084 -0.0227049 0.1182096 0.6015557 -0.1559961 -0.1578725 -0.4203750 -0.0396140 0.0925287 0.6456723 -0.2060575 -0.4832654 -0.8733712 -0.0606402 0.1868643 0.9509321 -0.2465967 -0.3502160 -0.9325375 -0.0878777 0.1352675 0.9439069 -0.3012350 -0.0015850 0.0041430 0.0011634 0.0004349 -0.0015639 0.0003379 -0.0001932 -0.0016057 0.0000824 0.0004896 -0.0015643 0.0003100 -0.0080467 0.0043198 0.0026572 0.0011299 -0.0002348 -0.0000464 0.0007790 -0.0003377 0.0004848 0.0010152 -0.0002129 -0.0002093
-0.1825297 -0.3228654 -0.0215415 0.1186445 0.5999918 -0.1556582 -0.1580658 -0.4219807 -0.0395317 0.0930183 0.6441080 -0.2057475 -0.4913122 -0.8690514 -0.0579829 0.1879942 0.9506973 -0.2466431 -0.3494369 -0.9328753 -0.0873929 0.1362828 0.9436940 -0.3014442 -0.0026790 0.0114920 0.0029788 0.0020902 -0.0022288 0.0003296 -0.0016802 -0.0000336 0.0001363 0.0020224 -0.0022292 0.0003654 -0.0192317 0.0107236 0.0068131 0.0038598 -0.0008189 -0.0001827 -0.0032393 0.0011806 0.0004185 0.0033588 -0.0005934 -0.0003198
-0.1852087 -0.3113734 -0.0185627 0.1207347 0.5977630 -0.1553287 -0.1597459 -0.4220143 -0.0393953 0.0950407 0.6418788 -0.2053821 -0.5105439 -0.8583278 -0.0511698 0.1918541 0.9498784 -0.2468258 -0.3526763 -0.9316946 -0.0869743 0.1396416 0.9431006 -0.3017641 -0.0007212 0.0030019 0.0008556 -0.0004469 -0.0010166 0.0002664 -0.0000899 -0.0003440 -0.0001088 -0.0005831 -0.0010170 0.0003377 -0.0051795 0.0029816 0.0020545 -0.0003702 0.0000708 -0.0000149 0.0000831 -0.0000155 -0.0001705 -0.0006235 0.0000888 -0.0000104
-0.1859299 -0.3083715 -0.0177072 0.1202878 0.5967464 -0.1550623 -0.1598358 -0.4223583 -0.0395041 0.0944576 0.6408618 -0.2050444 -0.5157234 -0.8553461 -0.0491153 0.1914838 0.9499493 -0.2468407 -0.3525932 -0.9317101 -0.0871449 0.1390181 0.9431893 -0.3017745 -0.0005896 0.0069635 0.0013056 0.0008496 -0.0012489 -0.0002373 0.0007558 -0.0000213 -0.0001087 0.0008196 -0.0012491 -0.0002217 -0.0099332 0.0059060 0.0028919 0.0016489 -0.0005311 -0.0007577 0.0014840 -0.0005335 -0.0002854 0.0014121 -0.0004559 -0.0007699
-0.1865194 -0.3014080 -0.0164015 0.1211374 0.5954975 -0.1552996 -0.1590801 -0.4223796 -0.0396128 0.0952772 0.6396127 -0.2052661 -0.5256566 -0.8494401 -0.0462235 0.1931327 0.9494181 -0.2475984 -0.3511092 -0.9322437 -0.0874302 0.1404303 0.9427334 -0.3025443 -0.0004826 0.0001555 0.0004819 -0.0005382 0.0000369 0.0002090 0.0000729 0.0005443 0.0007091 -0.0005105 0.0000366 0.0001949 -0.0012116 0.0006774 0.0013709 -0.0008212 0.0002411 0.0002857 -0.0003001 -0.0000220 0.0014523 -0.0007327 0.0001873 0.0002445
-0.1870021 -0.3012525 -0.0159196 0.1205992 0.5955344 -0.1550906 -0.1590071 -0.4218353 -0.0389036 0.0947667 0.6396493 -0.2050712 -0.5268682 -0.8487627 -0.0448526 0.1923115 0.9496593 -0.2473127 -0.3514094 -0.9322657 -0.0859780 0.1396976 0.9429207 -0.3022999 -0.0006524 -0.0002058 -0.0000410 0.0449807 0.1191636 0.0685905 -0.0001813 -0.0003373 -0.0001342 0.0450321 0.1191631 0.0685651 -0.0010638 0.0006639 -0.0000496 0.0318358 0.0178357 0.1302165 -0.0000980 0.0000575 -0.0002223 0.0387162 0.0254898 0.1280882
-0.1876544 -0.3014583 -0.0159606 0.1655799 0.7146980 -0.0865001 -0.1591884 -0.4221726 -0.0390378 0.1397988 0.7588124 -0.1365061 -0.5279321 -0.8480988 -0.0449022 0.2241474 0.9674949 -0.1170962 -0.3515074 -0.9322082 -0.0862002 0.1784138 0.9684105 -0.1742117 0.0049293 -0.0260430 -0.0050300 0.0002921 -0.0008560 -0.0000490 0.0002294 -0.0009614 0.0002179 0.0003635 -0.0008564 -0.0000855 0.0414622 -0.0238095 -0.0109811 0.0006257 -0.0001678 -0.0001864 0.0011234 -0.0004810 0.0006317 0.0006352 -0.0001669 -0.0002760
-0.1827251 -0.3275013 -0.0209906 0.1658720 0.7138420 -0.0865490 -0.1589590 -0.4231340 -0.0388199 0.1401623 0.7579560 -0.1365917 -0.4864699 -0.8719083 -0.0558833 0.2247731 0.9673272 -0.1172826 -0.3503840 -0.9326892 -0.0855685 0.1790490 0.9682435 -0.1744877 0.0006624 -0.0012903 0.0007706 0.0179952 0.0841659 -0.0209791 0.0009372 -0.0013496 0.0002417 0.0391515 0.0644950 0.0197379 0.0027454 -0.0016617 0.0021607 -0.0021589 -0.0011522 -0.0129053 0.0027645 -0.0010981 0.0007034 0.0319473 -0.0004759 0.0369874
-0.1820627 -0.3287916 -0.0202199 0.1838672 0.7980079 -0.1075281 -0.1580218 -0.4244836 -0.0385782 0.1793138 0.8224510 -0.1168538 -0.4837245 -0.8735700 -0.0537226 0.2226141 0.9661750 -0.1301879 -0.3476195 -0.9337872 -0.0848651 0.2109963 0.9677677 -0.1375003 -0.0107257 0.0252734 0.0053784 0.0074735 -0.0103115 0.0207398 -0.0084581 0.0135561 0.0018037 -0.0086172 0.0227949 -0.0069904 -0.0519830 0.0301740 0.0124820 0.0120918 0.0000444 0.0237300 -0.0265832 0.0101316 0.0022058 -0.0150539 0.0024885 -0.0046602
-0.1927884 -0.3035182 -0.0148415 0.1913407 0.7876964 -0.0867883 -0.1664800 -0.4109275 -0.0367745 0.1706966 0.8452459 -0.1238442 -0.5357074 -0.8433960 -0.0412406 0.2347060 0.9662193 -0.1064579 -0.3742027 -0.9236557 -0.0826592 0.1959423 0.9702561 -0.1421605 0.0039954 -0.0099913 -0.0032956 0.0097677 0.0202204 0.0040668 0.0048338 -0.0077615 -0.0028545 0.0222708 0.0215196 0.0013519 0.0204638 -0.0122172 -0.0082582 0.0056616 -0.0005858 0.0075880 0.0154320 -0.0056168 -0.0052965 0.0193283 -0.0033097 0.0055105
-0.1887930 -0.3135095 -0.0181371 0.2011084 0.8079168 -0.0827215 -0.1616462 -0.4186890 -0.0396290 0.1929674 0.8667655 -0.1224923 -0.5152436 -0.8556132 -0.0494988 0.2403676 0.9656336 -0.0988699 -0.3587707 -0.9292725 -0.0879557 0.2152706 0.9669464 -0.1366500 0.0024709 -0.0133693 -0.0013423 0.0020002 0.0589669 -0.0274044 0.0005234 -0.0028189 0.0005254 -0.0027965 0.0759982 -0.0240746 0.0207005 -0.0120007 -0.0022042 -0.0139731 0.0006364 -0.0238816 0.0030476 -0.0013230 0.0016238 -0.0197938 0.0021210 -0.0140062
-0.1863221 -0.3268788 -0.0194794 0.2031085 0.8668837 -0.1101259 -0.1611227 -0.4215079 -0.0391036 0.1901709 0.9427637 -0.1465669 -0.4945432 -0.8676139 -0.0517030 0.2263945 0.9662699 -0.1227515 -0.3557231 -0.9305955 -0.0863319 0.1954768 0.9690674 -0.1506562 0.0013346 -0.0025960 -0.0006456 0.0006692 -0.0286962 0.0130429 0.0008050 0.0001762 0.0000137 0.0026932 -0.0461169 0.0098020 0.0056626 -0.0031140 -0.0014828 0.0083593 -0.0006704 0.0109111 0.0014245 -0.0005381 -0.0000557 0.0125088 -0.0021189 0.0031682
-0.1849876 -0.3294748 -0.0201250 0.2037777 0.8381875 -0.0970829 -0.1603177 -0.4213317 -0.0390898 0.1928641 0.8966468 -0.1367649 -0.4888806 -0.8707279 -0.0531859 0.2347537 0.9655995 -0.1118404 -0.3542986 -0.9311336 -0.0863876 0.2079856 0.9669484 -0.1474879 0.0013103 -0.0014087 -0.0001950 -0.0073975 0.0116505 -0.0017547 0.0001994 -0.0014346 0.0001890 0.0126418 -0.0037088 -0.0183785 0.0042325 -0.0023366 -0.0004302 -0.0110389 0.0025296 -0.0007547 0.0014152 -0.0005977 0.0006545 0.0131496 -0.0061001 -0.0194545
-0.1836772 -0.3308835 -0.0203200 0.1963802 0.8498380 -0.0988377 -0.1601183 -0.4227663 -0.0389008 0.2055059 0.8929380 -0.1551434 -0.4846481 -0.8730645 -0.0536161 0.2237149 0.9681291 -0.1125951 -0.3528834 -0.9317313 -0.0857331 0.2211352 0.9608483 -0.1669425 -0.0000379 -0.0004215 -0.0000385 -0.0264396 -0.0036638 -0.0175636 -0.0002984 -0.0002326 -0.0000923 -0.0290801 -0.0326379 -0.0310406 0.0003963 -0.0002170 -0.0000467 -0.0285792 0.0034971 -0.0210635 -0.0004008 0.0001649 -0.0001411 -0.0246093 -0.0025349 -0.0404533
-0.1837151 -0.3313050 -0.0203585 0.1699406 0.8461742 -0.1164012 -0.1604167 -0.4229989 -0.0389931 0.1764259 0.8603001 -0.1861840 -0.4842518 -0.8732815 -0.0536627 0.1951356 0.9716262 -0.1336586 -0.3532842 -0.9315664 -0.0858742 0.1965259 0.9583134 -0.2073958 0.0000394 -0.0001494 0.0000104 -0.0004972 -0.0010683 -0.0004396 -0.0001056 -0.0000300 0.0000564 0.0002139 -0.0026415 -0.0006707 0.0002454 -0.0001387 0.0000431 -0.0003303 -0.0000262 -0.0006708 -0.0001856 0.0000579 0.0001357 0.0007545 -0.0004359 -0.0012932
-0.1836757 -0.3314544 -0.0203481 0.1694434 0.8451059 -0.1168409 -0.1605224 -0.4230289 -0.0389367 0.1766398 0.8576586 -0.1868547 -0.4840064 -0.8734201 -0.0536197 0.1948054 0.9716000 -0.1343294 -0.3534698 -0.9315085 -0.0857385 0.1972804 0.9578775 -0.2086890 -0.0002071 -0.0002066 -0.0002059 -0.0016282 -0.0024123 -0.0009526 -0.0010980 0.0012565 0.0007303 -0.0400890 0.0581704 0.0261401 -0.0001734 0.0001270 -0.0005009 -0.0013088 0.0000543 -0.0014904 -0.0030790 0.0010415 0.0014518 -0.0519822 0.0166193 0.0376790
-0.1838828 -0.3316610 -0.0205540 0.1678152 0.8426936 -0.1177934 -0.1616204 -0.4217724 -0.0382064 0.1365508 0.9158290 -0.1607146 -0.4841799 -0.8732931 -0.0541206 0.1934966 0.9716543 -0.1358198 -0.3565488 -0.9304669 -0.0842867 0.1452982 0.9744968 -0.1710099 -0.0007427 -0.0009292 -0.0000102 -0.0005124 -0.0011509 -0.0000808 -0.0011614 -0.0008098 0.0000928 -0.0250021 -0.1120178 0.0187791 -0.0004604 0.0002467 0.0001397 -0.0003221 0.0000246 -0.0002825 -0.0016451 0.0005941 0.0004195 -0.0098962 0.0011997 -0.0012767
-0.1846255 -0.3325902 -0.0205642 0.1673028 0.8415427 -0.1178743 -0.1627818 -0.4225822 -0.0381136 0.1115487 0.8038112 -0.1419355 -0.4846402 -0.8730463 -0.0539809 0.1931745 0.9716788 -0.1361023 -0.3581939 -0.9298728 -0.0838672 0.1354020 0.9756965 -0.1722866 -0.0058743 0.0297810 0.0062490 -0.0001943 0.0002413 0.0000069 -0.0002304 0.0004098 -0.0002648 -0.0005829 0.0009850 -0.0002419 -0.0474311 0.0272914 0.0139981 -0.0002680 0.0000587 0.0000387 -0.0007251 0.0003371 -0.0006339 -0.0008585 0.0001010 -0.0001003
-0.1904997 -0.3028092 -0.0143152 0.1671084 0.8417840 -0.1178674 -0.1630122 -0.4221724 -0.0383784 0.1109658 0.8047962 -0.1421774 -0.5320713 -0.8457550 -0.0399828 0.1929064 0.9717375 -0.1360636 -0.3589190 -0.9295357 -0.0845011 0.1345435 0.9757975 -0.1723869 0.0033964 -0.0170675 -0.0039051 -0.0000710 0.0003012 0.0000918 -0.0000772 0.0003850 -0.0001994 -0.0006231 0.0011039 0.0001678 0.0277859 -0.0163846 -0.0091250 -0.0001413 0.0000487 0.0001478 -0.0004178 0.0002068 -0.0004978 -0.0009118 0.0001967 0.0004047
-0.1871033 -0.3198767 -0.0182203 0.1670375 0.8420852 -0.1177756 -0.1630895 -0.4217874 -0.0385778 0.1103427 0.8059001 -0.1420096 -0.5042854 -0.8621396 -0.0491078 0.1927652 0.9717862 -0.1359158 -0.3593368 -0.9293289 -0.0849989 0.1336317 0.9759942 -0.1719823 -0.0057156 0.0321532 0.0053670 0.0002991 0.0018395 0.0005711 0.0005771 0.0004356 -0.0005649 0.0003221 0.0019441 0.0003617 -0.0520355 0.0319999 0.0120233 -0.0000480 0.0001398 0.0009345 0.0008264 -0.0001945 -0.0013519 0.0000858 0.0001337 0.0008274
-0.1928189 -0.2877235 -0.0128533 0.1673366 0.8439247 -0.1172045 -0.1625123 -0.4213518 -0.0391427 0.1106648 0.8078442 -0.1416479 -0.5563209 -0.8301397 -0.0370845 0.1927172 0.9719260 -0.1349813 -0.3585105 -0.9295234 -0.0863508 0.1337176 0.9761279 -0.1711549 -0.0012420 0.0093969 -0.0002759 -0.0008486 0.0053775 -0.0001402 -0.0015517 0.0049978 -0.0007091 -0.0009107 0.0056033 -0.0003281 -0.0151942 0.0104595 -0.0015815 -0.0020935 0.0004994 0.0006253 -0.0066576 0.0028172 -0.0023500 -0.0019610 0.0003920 0.0007169
-0.1940609 -0.2783266 -0.0131292 0.1664879 0.8493022 -0.1173446 -0.1640641 -0.4163540 -0.0398518 0.1097541 0.8134475 -0.1419760 -0.5715150 -0.8196801 -0.0386660 0.1906237 0.9724254 -0.1343561 -0.3651681 -0.9267062 -0.0887008 0.1317565 0.9765199 -0.1704380 0.0014079 -0.0066812 -0.0014255 -0.0000880 -0.0000597 -0.0002397 -0.0002304 0.0000057 -0.0002732 -0.0002460 0.0000616 -0.0000476 0.0119983 -0.0080603 -0.0036049 -0.0000914 -0.0000209 -0.0002810 -0.0004288 0.0002255 -0.0005877 -0.0003010 0.0000319 -0.0000498
-0.1926530 -0.2850078 -0.0145547 0.1664000 0.8492425 -0.1175843 -0.1642945 -0.4163483 -0.0401251 0.1095080 0.8135091 -0.1420236 -0.5595168 -0.8277404 -0.0422708 0.1905322 0.9724044 -0.1346371 -0.3655969 -0.9264807 -0.0892885 0.1314555 0.9765518 -0.1704878 0.0031727 -0.0165206 -0.0032648 -0.0001236 0.0000229 -0.0000699 0.0010697 -0.0018707 -0.0008281 -0.0002193 0.0001122 0.0000221 0.0281145 -0.0179038 -0.0077045 -0.0001432 0.0000171 -0.0000788 0.0035242 -0.0012319 -0.0015558 -0.0002754 0.0000444 0.0000423
-0.1894802 -0.3015284 -0.0178195 0.1662764 0.8492654 -0.1176543 -0.1632248 -0.4182190 -0.0409532 0.1092887 0.8136213 -0.1420015 -0.5314022 -0.8456442 -0.0499753 0.1903890 0.9724215 -0.1347159 -0.3620728 -0.9277126 -0.0908443 0.1311801 0.9765962 -0.1704455 0.0034052 -0.0161539 -0.0043543 0.0001590 -0.0015992 -0.0002611 0.0019592 -0.0030473 -0.0019422 -0.0000288 -0.0013128 -0.0002379 0.0269053 -0.0156737 -0.0101436 0.0005076 -0.0001730 -0.0005296 0.0061674 -0.0020020 -0.0038239 0.0001618 -0.0001163 -0.0005411
-0.1860750 -0.3176823 -0.0221738 0.1664354 0.8476662 -0.1179154 -0.1612656 -0.4212663 -0.0428955 0.1092600 0.8123085 -0.1422394 -0.5044969 -0.8613179 -0.0601189 0.1908966 0.9722485 -0.1352455 -0.3559054 -0.9297146 -0.0946682 0.1313419 0.9764798 -0.1709866 0.0006058 -0.0015955 -0.0007603 0.0000957 -0.0000565 0.0003247 0.0003233 0.0000363 -0.0003275 -0.0000082 0.0001087 0.0003334 0.0031613 -0.0017113 -0.0018737 0.0001274 0.0000250 0.0003600 0.0006213 -0.0001612 -0.0007475 -0.0000174 0.0000742 0.0004106
-0.1854692 -0.3192778 -0.0229342 0.1665311 0.8476097 -0.1175907 -0.1609423 -0.4212300 -0.0432229 0.1092518 0.8124172 -0.1419060 -0.5013356 -0.8630293 -0.0619926 0.1910240 0.9722735 -0.1348855 -0.3552841 -0.9298758 -0.0954157 0.1313245 0.9765540 -0.1705760 -0.0001280 0.0014851 0.0001792 0.0002731 0.0002044 -0.0000980 0.0004147 0.0003899 -0.0000150 0.0002654 0.0002373 -0.0001285 -0.0020162 0.0011543 0.0002797 0.0002554 -0.0000601 -0.0000716 0.0005173 -0.0001831 -0.0001403 0.0002734 -0.0000534 -0.0000953
-0.1855971 -0.3177927 -0.0227550 0.1668043 0.8478141 -0.1176887 -0.1605276 -0.4208401 -0.0432379 0.1095172 0.8126545 -0.1420345 -0.5033518 -0.8618750 -0.0617130 0.1912793 0.9722134 -0.1349571 -0.3547668 -0.9300589 -0.0955560 0.1315978 0.9765005 -0.1706713 0.0005365 -0.0028098 -0.0006246 0.0002133 0.0001580 0.0001083 -0.0004068 0.0000756 0.0002421 0.0002251 0.0002091 0.0000112 0.0044255 -0.0024742 -0.0013187 0.0002051 -0.0000193 0.0001520 -0.0008589 0.0002721 0.0005457 0.0002338 -0.0000209 0.0000611
-0.1850606 -0.3206025 -0.0233796 0.1670176 0.8479721 -0.1175804 -0.1609344 -0.4207645 -0.0429958 0.1097423 0.8128636 -0.1420233 -0.4989263 -0.8643492 -0.0630316 0.1914845 0.9721941 -0.1348051 -0.3556257 -0.9297868 -0.0950103 0.1318316 0.9764797 -0.1706102 -0.0039267 0.0205689 0.0048305 0.0006362 -0.0010539 0.0000516 0.0005468 0.0034299 0.0013608 0.0005154 -0.0007330 -0.0001248 -0.0333153 0.0193700 0.0107923 0.0009300 -0.0001949 -0.0000815 -0.0015631 0.0003683 0.0022876 0.0007188 -0.0001460 -0.0002785
-0.1889873 -0.3000336 -0.0185490 0.1676537 0.8469182 -0.1175288 -0.1603876 -0.4173346 -0.0416350 0.1102577 0.8121306 -0.1421481 -0.5322416 -0.8449793 -0.0522394 0.1924144 0.9719991 -0.1348866 -0.3571887 -0.9294185 -0.0927226 0.1325505 0.9763337 -0.1708887 0.0030555 -0.0130493 -0.0029834 -0.0003843 -0.0005035 -0.0004261 -0.0000239 0.0003378 0.0001851 -0.0004917 -0.0002197 -0.0005707 0.0225143 -0.0133292 -0.0067913 -0.0003296 -0.0000137 -0.0005676 -0.0003101 0.0000848 0.0003459 -0.0005623 -0.0000507 -0.0007236
-0.1859318 -0.3130829 -0.0215324 0.1672694 0.8464147 -0.1179549 -0.1604116 -0.4169968 -0.0414499 0.1097660 0.8119109 -0.1427187 -0.5097273 -0.8583085 -0.0590306 0.1920848 0.9719854 -0.1354542 -0.3574988 -0.9293337 -0.0923767 0.1319882 0.9762829 -0.1716122 0.0013053 -0.0059562 -0.0012639 -0.0003187 -0.0001895 -0.0006598 -0.0001595 0.0009990 0.0006519 -0.0003729 -0.0000665 -0.0007052 0.0098092 -0.0055617 -0.0026955 -0.0003317 -0.0000438 -0.0007820 -0.0010995 0.0002989 0.0012639 -0.0004495 -0.0000885 -0.0008465
-0.1846266 -0.3190391 -0.0227963 0.1669507 0.8462252 -0.1186147 -0.1605711 -0.4159978 -0.0407980 0.1093931 0.8118444 -0.1434240 -0.4999181 -0.8638703 -0.0617262 0.1917531 0.9719416 -0.1362362 -0.3585983 -0.9290348 -0.0911128 0.1315387 0.9761944 -0.1724587 -0.0087020 0.0226203 0.0038071 -0.0529391 -0.1344279 0.0389027 -0.0105195 0.0221984 0.0022512 -0.0539245 -0.1340163 0.0407093 -0.0455887 0.0274783 0.0081452 -0.0345530 0.0094903 0.0263288 -0.0382837 0.0155310 0.0016952 -0.0508931 0.0092978 0.0231222
-0.1933286 -0.2964188 -0.0189892 0.1140116 0.7117973 -0.0797119 -0.1710906 -0.3937994 -0.0385468 0.0554686 0.6778281 -0.1027147 -0.5455068 -0.8363919 -0.0535810 0.1572002 0.9814318 -0.1099075 -0.3968819 -0.9135038 -0.0894176 0.0806456 0.9854922 -0.1493366 0.0000000 0.0000000 0.0000000 0.0000000 0.0000000 0.0000000 0.0000000 0.0000000 0.0000000 0.0000000 0.0000000 0.0000000 0.0000000 0.0000000 0.0000000 0.0000000 0.0000000 0.0000000 0.0000000 0.0000000 0.0000000 0.0000000 0.0000000 0.0000000
