-0.2173699 -0.2971235 -0.0221299 0.2691763 0.5808435 -0.1985943 -0.2105980 -0.3912911 -0.0430612 0.2018696 0.6616584 -0.2510068 -0.5893796 -0.8056248 -0.0600034 0.4015881 0.8665690 -0.2962857 -0.4717206 -0.8764568 -0.0964533 0.2743170 0.8991156 -0.3410885 0.0009156 -0.0009538 -0.0009827 0.0067777 0.0120534 -0.0032202 0.0013964 -0.0008472 -0.0012993 0.0309940 0.0050484 0.0039507 0.0029457 -0.0019483 -0.0026149 0.0016163 -0.0002701 0.0014088 0.0033523 -0.0014769 -0.0028627 0.0369268 -0.0080003 0.0108752
-0.2164543 -0.2980773 -0.0231126 0.2759540 0.5928969 -0.2018144 -0.2092016 -0.3921383 -0.0443605 0.2328636 0.6667068 -0.2470561 -0.5864339 -0.8075730 -0.0626183 0.4032044 0.8662989 -0.2948769 -0.4683683 -0.8779337 -0.0993160 0.3112438 0.8911153 -0.3302133 0.0015540 -0.0015871 -0.0015635 0.0100205 0.0103394 -0.0004276 0.0013088 -0.0016441 -0.0013921 0.0153492 0.0120992 -0.0022478 0.0049632 -0.0032499 -0.0041495 0.0067650 -0.0015071 0.0049454 0.0039437 -0.0017612 -0.0028937 0.0134076 -0.0032672 0.0041348
-0.2149003 -0.2996644 -0.0246761 0.2859746 0.6032363 -0.2022420 -0.2078928 -0.3937824 -0.0457527 0.2482129 0.6788060 -0.2493039 -0.5814708 -0.8108229 -0.0667679 0.4099694 0.8647918 -0.2899315 -0.4644245 -0.8796948 -0.1022097 0.3246514 0.8878481 -0.3260785 0.0007308 -0.0011528 -0.0008554 0.0102477 0.0317840 -0.0086082 0.0010032 -0.0011186 -0.0009218 0.0051103 0.0207983 -0.0021298 0.0028697 -0.0018659 -0.0022082 -0.0051553 0.0030202 0.0017859 0.0028757 -0.0012878 -0.0019160 -0.0021071 0.0029248 0.0059399
-0.2141695 -0.3008172 -0.0255315 0.2962222 0.6350203 -0.2108501 -0.2068896 -0.3949010 -0.0466744 0.2533232 0.6996043 -0.2514337 -0.5786011 -0.8126888 -0.0689761 0.4048141 0.8678120 -0.2881456 -0.4615489 -0.8809827 -0.1041257 0.3225444 0.8907729 -0.3201386 0.0004764 -0.0004893 -0.0006825 0.0027106 0.0018254 0.0028053 0.0005353 -0.0005137 -0.0005583 0.0132352 0.0067771 0.0083759 0.0015526 -0.0009476 -0.0018112 0.0026556 0.0002604 0.0045635 0.0014658 -0.0006258 -0.0011833 0.0135264 -0.0001833 0.0136969
-0.2136931 -0.3013065 -0.0262140 0.2989328 0.6368457 -0.2080449 -0.2063542 -0.3954147 -0.0472327 0.2665584 0.7063814 -0.2430578 -0.5770485 -0.8136364 -0.0707873 0.4074697 0.8680724 -0.2835820 -0.4600831 -0.8816085 -0.1053091 0.3360707 0.8905896 -0.3064418 0.0003211 -0.0000534 -0.0003122 0.0032614 0.0003900 0.0018284 0.0006712 -0.0000872 -0.0000373 0.0088938 0.0016172 0.0025487 0.0006811 -0.0004068 -0.0008662 0.0037965 -0.0008369 0.0029351 0.0012638 -0.0006420 -0.0001367 0.0096027 -0.0021004 0.0046194
-0.2133720 -0.3013599 -0.0265262 0.3021942 0.6372357 -0.2062164 -0.2056830 -0.3955019 -0.0472700 0.2754522 0.7079986 -0.2405091 -0.5763674 -0.8140432 -0.0716534 0.4112662 0.8672355 -0.2806469 -0.4588193 -0.8822505 -0.1054458 0.3456734 0.8884893 -0.3018223 0.0001797 -0.0001807 -0.0000094 0.0034684 0.0002089 0.0008487 0.0008378 -0.0002180 0.0004141 0.0054937 0.0018167 0.0013212 0.0005544 -0.0003907 -0.0000169 0.0039423 -0.0013382 0.0016777 0.0016295 -0.0009488 0.0008690 0.0055146 -0.0012057 0.0028325
-0.2131923 -0.3015406 -0.0265356 0.3056626 0.6374446 -0.2053678 -0.2048452 -0.3957199 -0.0468559 0.2809459 0.7098153 -0.2391880 -0.5758131 -0.8144340 -0.0716703 0.4152085 0.8658973 -0.2789692 -0.4571899 -0.8831994 -0.1045768 0.3511881 0.8872835 -0.2989898 -0.0038725 0.0354383 0.0098652 0.0010917 -0.0000080 0.0002169 -0.0046252 0.0354469 0.0095321 0.0023313 0.0002453 0.0010584 -0.0555376 0.0404538 0.0231829 0.0012643 -0.0004654 0.0004409 -0.0434435 0.0221483 0.0153730 0.0025942 -0.0004957 0.0015920
-0.2170648 -0.2661023 -0.0166705 0.3067544 0.6374366 -0.2051509 -0.2094704 -0.3602730 -0.0373238 0.2832772 0.7100606 -0.2381296 -0.6313506 -0.7739802 -0.0484874 0.4164728 0.8654319 -0.2785283 -0.5006334 -0.8610510 -0.0892038 0.3537822 0.8867879 -0.2973978 0.0002652 0.0000409 -0.0002946 0.0008072 -0.0000938 0.0007498 0.0004654 -0.0000874 0.0003762 0.0005024 0.0002173 0.0007434 0.0004325 -0.0002968 -0.0008834 0.0010692 -0.0001825 0.0010357 0.0008843 -0.0006020 0.0008588 0.0005612 0.0001054 0.0009839
-0.2167997 -0.2660614 -0.0169651 0.3075615 0.6373428 -0.2044011 -0.2090050 -0.3603604 -0.0369476 0.2837797 0.7102779 -0.2373862 -0.6309182 -0.7742769 -0.0493708 0.4175421 0.8652494 -0.2774926 -0.4997491 -0.8616531 -0.0883450 0.3543434 0.8868932 -0.2964139 0.0003085 0.0000317 0.0002528 0.0002810 -0.0001905 0.0001885 0.0006016 -0.0001397 0.0012000 -0.0000761 -0.0001466 0.0006673 0.0004730 -0.0004296 0.0007028 0.0004381 -0.0001415 0.0002184 0.0010995 -0.0009202 0.0028113 0.0000619 0.0002097 0.0007023
-0.2164912 -0.2660297 -0.0167123 0.3078426 0.6371523 -0.2042126 -0.2084034 -0.3605001 -0.0357476 0.2837036 0.7101313 -0.2367189 -0.6304452 -0.7747066 -0.0486680 0.4179802 0.8651078 -0.2772743 -0.4986495 -0.8625733 -0.0855337 0.3544053 0.8871029 -0.2957115 0.0001832 -0.0001423 0.0002991 -0.0003137 -0.0004444 -0.0000198 -0.0001073 -0.0004799 0.0019263 -0.0054587 -0.0011639 -0.0012623 0.0004975 -0.0004586 0.0008684 -0.0001365 -0.0000043 -0.0002191 0.0001098 -0.0005136 0.0046686 -0.0056962 0.0014069 -0.0025371
-0.2163080 -0.2661720 -0.0164132 0.3075289 0.6367079 -0.2042324 -0.2085107 -0.3609800 -0.0338213 0.2782450 0.7089674 -0.2379812 -0.6299477 -0.7751652 -0.0477997 0.4178436 0.8651036 -0.2774933 -0.4985397 -0.8630869 -0.0808651 0.3487091 0.8885098 -0.2982487 0.0020350 -0.0279657 0.0010511 -0.0047085 -0.0033527 -0.0014899 0.0036763 -0.0268114 -0.0037334 -0.0147785 -0.0045719 -0.0047411 0.0416627 -0.0323878 0.0056231 -0.0038983 0.0006719 -0.0037222 0.0331868 -0.0179167 -0.0044534 -0.0153145 0.0028432 -0.0088959
-0.2142730 -0.2941377 -0.0153621 0.3028204 0.6333552 -0.2057223 -0.2048344 -0.3877914 -0.0375546 0.2634664 0.7043955 -0.2427223 -0.5882850 -0.8075530 -0.0421766 0.4139454 0.8657754 -0.2812155 -0.4653529 -0.8810036 -0.0853185 0.3333946 0.8913531 -0.3071446 -0.0000612 -0.0003102 -0.0002994 -0.0049472 -0.0289361 0.0047012 0.0000605 -0.0005607 0.0008401 -0.0055518 -0.0226309 -0.0004131 0.0003151 -0.0001880 -0.0007866 0.0096641 -0.0062229 -0.0046593 0.0005547 -0.0004825 0.0019834 0.0022572 -0.0041002 -0.0092733
-0.2143342 -0.2944479 -0.0156615 0.2978732 0.6044191 -0.2010211 -0.2047739 -0.3883521 -0.0367145 0.2579147 0.6817646 -0.2431353 -0.5879699 -0.8077410 -0.0429632 0.4236095 0.8595525 -0.2858748 -0.4647982 -0.8814862 -0.0833351 0.3356518 0.8872528 -0.3164179 0.0002240 -0.0002254 -0.0005515 -0.0013428 -0.0108794 0.0036530 0.0000823 -0.0003440 -0.0000807 -0.0064339 -0.0133541 0.0043237 0.0007347 -0.0004530 -0.0015039 0.0047641 -0.0021135 0.0007530 0.0004732 -0.0002369 -0.0001318 -0.0016910 0.0003814 -0.0007187
-0.2141102 -0.2946733 -0.0162130 0.2965304 0.5935397 -0.1973681 -0.2046916 -0.3886961 -0.0367953 0.2514807 0.6684105 -0.2388117 -0.5872352 -0.8081940 -0.0444671 0.4283736 0.8574390 -0.2851218 -0.4643250 -0.8817231 -0.0834668 0.3339608 0.8876342 -0.3171366 0.0000874 -0.0005456 -0.0005160 -0.0049134 -0.0123505 0.0035567 -0.0003830 -0.0006510 -0.0002430 -0.0371793 -0.0045493 -0.0079932 0.0009040 -0.0005800 -0.0013633 0.0014128 -0.0008799 -0.0005182 -0.0000555 0.0000676 -0.0004043 -0.0443510 0.0095169 -0.0163989
-0.2140228 -0.2952189 -0.0167290 0.2916171 0.5811892 -0.1938114 -0.2050747 -0.3893471 -0.0370382 0.2143014 0.6638612 -0.2468049 -0.5863312 -0.8087740 -0.0458304 0.4297864 0.8565591 -0.2856400 -0.4643805 -0.8816555 -0.0838711 0.2896099 0.8971512 -0.3335355 -0.0007148 -0.0002919 -0.0003393 -0.0099620 -0.0071643 -0.0002084 -0.0011224 -0.0005590 0.0007535 -0.0229325 -0.0070051 -0.0006398 -0.0008786 0.0006860 -0.0008437 -0.0082671 0.0025154 -0.0047262 -0.0015369 0.0006339 0.0018831 -0.0265733 0.0056972 -0.0065771
-0.2147375 -0.2955108 -0.0170683 0.2816550 0.5740249 -0.1940198 -0.2061970 -0.3899061 -0.0362847 0.1913689 0.6568561 -0.2474447 -0.5872098 -0.8080880 -0.0466741 0.4215194 0.8590744 -0.2903662 -0.4659174 -0.8810215 -0.0819880 0.2630365 0.9028484 -0.3401126 -0.0001095 0.0003045 -0.0005794 -0.0118470 -0.0072899 -0.0026028 -0.0007803 0.0000596 0.0003626 0.0057407 -0.0538083 0.0175945 -0.0005473 0.0004923 -0.0016048 -0.0113258 0.0025420 -0.0085624 -0.0014652 0.0006957 0.0008711 0.0290659 -0.0091745 -0.0005091
-0.2148471 -0.2952063 -0.0176478 0.2698080 0.5667350 -0.1966226 -0.2069773 -0.3898465 -0.0359221 0.1971096 0.6030478 -0.2298503 -0.5877570 -0.8075957 -0.0482790 0.4101936 0.8616165 -0.2989286 -0.4673826 -0.8803258 -0.0811169 0.2921024 0.8936739 -0.3406217 -0.0002795 -0.0010777 -0.0005992 -0.0163063 -0.0094941 -0.0010257 -0.0009711 -0.0010925 -0.0008067 -0.0194461 -0.0071077 -0.0063700 0.0009438 -0.0005954 -0.0014944 -0.0161339 0.0045949 -0.0083088 -0.0006269 0.0004769 -0.0015451 -0.0250250 0.0021891 -0.0144827
-0.2151266 -0.2962840 -0.0182470 0.2535018 0.5572409 -0.1976483 -0.2079484 -0.3909390 -0.0367288 0.1776635 0.5959401 -0.2362202 -0.5868132 -0.8081911 -0.0497734 0.3940596 0.8662114 -0.3072374 -0.4680095 -0.8798489 -0.0826620 0.2670774 0.8958630 -0.3551044 -0.0000694 -0.0000424 0.0000025 -0.0045143 -0.0058155 0.0002410 -0.0004113 0.0000025 -0.0003540 -0.0109689 -0.0049453 -0.0010068 -0.0000695 0.0000494 0.0000170 -0.0028302 0.0002332 -0.0029451 -0.0006938 0.0004407 -0.0007554 -0.0138516 0.0019171 -0.0052671
-0.2151960 -0.2963264 -0.0182445 0.2489874 0.5514254 -0.1974073 -0.2083597 -0.3909365 -0.0370828 0.1666946 0.5909948 -0.2372270 -0.5868827 -0.8081417 -0.0497563 0.3912294 0.8664447 -0.3101825 -0.4687033 -0.8794082 -0.0834174 0.2532258 0.8977801 -0.3603715 0.0000167 -0.0004457 -0.0017940 -0.0085512 -0.0065192 0.0030686 -0.0000009 -0.0004229 -0.0019145 0.0169978 -0.0064199 0.0251099 0.0007554 -0.0002366 -0.0048265 -0.0074513 0.0033204 -0.0000159 0.0005624 0.0001090 -0.0042011 0.0300613 0.0037403 0.0332484
-0.2151792 -0.2967721 -0.0200385 0.2404362 0.5449062 -0.1943387 -0.2083606 -0.3913594 -0.0389973 0.1836925 0.5845749 -0.2121172 -0.5861273 -0.8083783 -0.0545829 0.3837781 0.8697651 -0.3101984 -0.4681409 -0.8792992 -0.0876185 0.2832870 0.9015204 -0.3271231 -0.0001202 0.0000563 -0.0003784 -0.0039238 -0.0044132 0.0017793 -0.0004854 0.0002132 -0.0012696 -0.0013633 -0.0010208 0.0016845 -0.0002542 0.0002542 -0.0010238 -0.0026779 0.0011487 -0.0000787 -0.0009292 0.0007812 -0.0028213 -0.0012955 0.0010087 0.0016664
-0.2152994 -0.2967158 -0.0204169 0.2365125 0.5404930 -0.1925594 -0.2088460 -0.3911462 -0.0402669 0.1823291 0.5835541 -0.2104326 -0.5863815 -0.8081241 -0.0556067 0.3811002 0.8709138 -0.3102771 -0.4690701 -0.8785180 -0.0904398 0.2819916 0.9025291 -0.3254567 -0.0001079 0.0000756 -0.0016433 0.0137876 0.0030200 -0.0080958 -0.0004225 0.0002399 -0.0025063 0.0179766 0.0082098 -0.0070151 -0.0001386 0.0004198 -0.0044596 0.0154932 -0.0097328 -0.0076553 -0.0007154 0.0009751 -0.0055814 0.0208109 -0.0079586 -0.0032595
-0.2154074 -0.2966402 -0.0220601 0.2503001 0.5435130 -0.2006552 -0.2092685 -0.3909063 -0.0427732 0.2003057 0.5917639 -0.2174478 -0.5865201 -0.8077043 -0.0600663 0.3965934 0.8611810 -0.3179325 -0.4697855 -0.8775429 -0.0960212 0.3028025 0.8945705 -0.3287161 0.0000427 -0.0013267 -0.0009608 -0.0243126 -0.0102527 0.0142656 -0.0000542 -0.0011667 -0.0017053 -0.0242985 -0.0102526 0.0142233 0.0018772 -0.0011759 -0.0024278 -0.0251615 0.0152828 0.0115836 0.0011577 -0.0002226 -0.0035563 -0.0280708 0.0131172 0.0115008
-0.2153647 -0.2979669 -0.0230209 0.2259875 0.5332603 -0.1863895 -0.2093228 -0.3920730 -0.0444784 0.1760072 0.5815113 -0.2032244 -0.5846429 -0.8088802 -0.0624941 0.3714318 0.8764638 -0.3063489 -0.4686278 -0.8777655 -0.0995775 0.2747317 0.9076877 -0.3172154 0.0000095 -0.0000192 -0.0003057 0.0071562 0.0044116 -0.0050577 -0.0001097 -0.0000286 -0.0002980 -0.0181869 0.0068713 -0.0305690 0.0000721 0.0000121 -0.0008249 0.0067279 -0.0043585 -0.0041791 -0.0001341 0.0001448 -0.0006434 -0.0328628 -0.0059566 -0.0410869
-0.2153552 -0.2979861 -0.0233267 0.2331437 0.5376719 -0.1914473 -0.2094325 -0.3921016 -0.0447765 0.1578203 0.5883826 -0.2337934 -0.5845708 -0.8088681 -0.0633191 0.3781598 0.8721053 -0.3105280 -0.4687619 -0.8776207 -0.1002209 0.2418689 0.9017311 -0.3583023 -0.0000101 -0.0000495 -0.0005370 0.0033884 0.0049759 -0.0003634 -0.0000429 0.0000417 -0.0009413 0.0018827 0.0018143 -0.0000633 0.0001001 0.0000420 -0.0014435 0.0019592 -0.0000433 0.0022788 -0.0000133 0.0002481 -0.0020887 0.0020943 -0.0001431 0.0010614
-0.2153653 -0.2980356 -0.0238637 0.2365322 0.5426478 -0.1918106 -0.2094754 -0.3920599 -0.0457177 0.1597030 0.5901969 -0.2338568 -0.5844707 -0.8088262 -0.0647626 0.3801189 0.8720619 -0.3082492 -0.4687752 -0.8773725 -0.1023096 0.2439632 0.9015880 -0.3572409 0.0002246 -0.0007324 0.0000337 -0.0219151 0.0449541 -0.0230229 0.0006133 -0.0008920 0.0008411 0.0054402 0.0227608 -0.0045490 0.0013366 -0.0009779 0.0001720 -0.0556446 0.0163188 -0.0165523 0.0018019 -0.0011881 0.0019746 -0.0004269 0.0023391 0.0056646
-0.2151407 -0.2987680 -0.0238300 0.2146171 0.5876019 -0.2148336 -0.2088621 -0.3929519 -0.0448766 0.1651433 0.6129577 -0.2384057 -0.5831341 -0.8098041 -0.0645906 0.3244743 0.8883808 -0.3248016 -0.4669733 -0.8785607 -0.1003350 0.2435364 0.9039271 -0.3515763 0.0001889 -0.0005309 -0.0002893 0.0529815 -0.0177634 0.0241646 0.0001466 -0.0006060 0.0000374 0.0138737 0.0196969 -0.0007502 0.0010466 -0.0006946 -0.0007242 0.0823441 -0.0220802 0.0349359 0.0008076 -0.0004501 0.0001867 0.0123343 0.0003318 0.0097486
-0.2149518 -0.2992989 -0.0241193 0.2675986 0.5698385 -0.1906690 -0.2087155 -0.3935579 -0.0448392 0.1790170 0.6326546 -0.2391560 -0.5820876 -0.8104986 -0.0653148 0.4068184 0.8663006 -0.2898657 -0.4661657 -0.8790107 -0.1001483 0.2558706 0.9042588 -0.3418277 0.0000194 0.0001490 -0.0002617 0.0038446 0.0052236 -0.0018690 0.0001646 0.0001252 -0.0001094 0.0226700 0.0153235 -0.0004207 -0.0001285 0.0001514 -0.0007293 0.0017256 -0.0007855 0.0000804 0.0001847 -0.0000656 -0.0002837 0.0243718 -0.0038986 0.0089379
-0.2149324 -0.2991499 -0.0243810 0.2714432 0.5750621 -0.1925380 -0.2085509 -0.3934327 -0.0449486 0.2016870 0.6479781 -0.2395767 -0.5822161 -0.8103472 -0.0660441 0.4085440 0.8655150 -0.2897852 -0.4659809 -0.8790763 -0.1004320 0.2802424 0.9003602 -0.3328898 -0.0002803 0.0339840 0.0050629 -0.0045465 0.0401758 -0.0189267 -0.0012809 0.0335955 0.0066194 0.0141770 0.0222970 -0.0061671 -0.0469568 0.0351364 0.0095676 -0.0289898 0.0094156 -0.0109389 -0.0356397 0.0188550 0.0088028 0.0091872 -0.0016582 0.0033976
-0.2152127 -0.2651659 -0.0193181 0.2668968 0.6152379 -0.2114647 -0.2098318 -0.3598372 -0.0383292 0.2158640 0.6702751 -0.2457438 -0.6291729 -0.7752108 -0.0564764 0.3795542 0.8749306 -0.3007242 -0.5016207 -0.8602214 -0.0916292 0.2894296 0.8987021 -0.3294922 0.0014858 -0.0237585 -0.0038606 0.0322030 -0.0252778 0.0164491 0.0017063 -0.0235623 -0.0047516 0.0333927 -0.0099345 0.0069642 0.0357018 -0.0270669 -0.0078857 0.0541767 -0.0194169 0.0179280 0.0268483 -0.0143832 -0.0066459 0.0450921 -0.0124740 0.0090316
-0.2137268 -0.2889244 -0.0231787 0.2990997 0.5899601 -0.1950155 -0.2081255 -0.3833995 -0.0430808 0.2492567 0.6603406 -0.2387796 -0.5934711 -0.8022777 -0.0643621 0.4337309 0.8555138 -0.2827962 -0.4747724 -0.8746046 -0.0982751 0.3345217 0.8862281 -0.3204606 0.0001549 -0.0017375 0.0004037 -0.0064876 0.0382861 -0.0155197 0.0005470 -0.0017262 0.0004581 -0.0049057 0.0308284 -0.0114049 0.0025276 -0.0019701 0.0013448 -0.0297493 0.0118456 -0.0078696 0.0025483 -0.0015247 0.0013120 -0.0190696 0.0060567 -0.0025223
-0.2135719 -0.2906619 -0.0227750 0.2926122 0.6282462 -0.2105352 -0.2075785 -0.3851257 -0.0426227 0.2443510 0.6911690 -0.2501845 -0.5909435 -0.8042478 -0.0630173 0.4039816 0.8673593 -0.2906658 -0.4722241 -0.8761293 -0.0969631 0.3154521 0.8922847 -0.3229829 0.0002049 -0.0035457 -0.0000567 0.0023333 0.0006759 0.0011403 0.0004090 -0.0034761 -0.0003294 0.0131585 0.0062509 0.0013802 0.0050111 -0.0036829 0.0003186 0.0025471 -0.0005047 0.0020530 0.0040075 -0.0021359 -0.0001113 0.0130165 -0.0026847 0.0056185
-0.2133670 -0.2942076 -0.0228317 0.2949455 0.6289221 -0.2093950 -0.2071695 -0.3886018 -0.0429521 0.2575096 0.6974199 -0.2488042 -0.5859324 -0.8079308 -0.0626988 0.4065287 0.8668547 -0.2886129 -0.4682165 -0.8782652 -0.0970744 0.3284686 0.8896000 -0.3173644 0.0002641 -0.0014946 -0.0000176 0.0045765 0.0022954 0.0023825 0.0003252 -0.0016250 0.0006175 0.0074552 0.0058312 0.0049064 0.0024167 -0.0017575 0.0001331 0.0045076 -0.0006301 0.0045281 0.0020171 -0.0012538 0.0016580 0.0068883 0.0004810 0.0086712
-0.2131028 -0.2957022 -0.0228493 0.2995220 0.6312175 -0.2070125 -0.2068443 -0.3902268 -0.0423346 0.2649647 0.7032511 -0.2438979 -0.5835157 -0.8096882 -0.0625656 0.4110363 0.8662246 -0.2840848 -0.4661995 -0.8795190 -0.0954165 0.3353569 0.8900810 -0.3086932 -0.0015949 0.0233959 0.0062894 0.0029374 0.0020332 0.0015979 -0.0014242 0.0235806 0.0054674 0.0064302 0.0010819 0.0024415 -0.0349246 0.0253055 0.0148646 0.0026002 -0.0002057 0.0031646 -0.0258376 0.0133128 0.0083173 0.0071013 -0.0013222 0.0040129
-0.2146977 -0.2723063 -0.0165599 0.3024594 0.6332507 -0.2054146 -0.2082686 -0.3666462 -0.0368672 0.2713949 0.7043330 -0.2414563 -0.6184403 -0.7843827 -0.0477010 0.4136365 0.8660189 -0.2809202 -0.4920371 -0.8662062 -0.0870992 0.3424582 0.8887588 -0.3046803 0.0000184 -0.0000404 -0.0002703 0.0217712 -0.0220994 0.0180285 -0.0001095 -0.0001265 0.0000919 0.0171537 -0.0140528 0.0114188 0.0001123 -0.0000411 -0.0007740 0.0387194 -0.0133607 0.0194853 -0.0000779 0.0000192 0.0002489 0.0261862 -0.0068694 0.0107887
-0.2146793 -0.2723467 -0.0168302 0.3242306 0.6111513 -0.1873860 -0.2083780 -0.3667727 -0.0367753 0.2885486 0.6902802 -0.2300375 -0.6183280 -0.7844238 -0.0484750 0.4523559 0.8526582 -0.2614348 -0.4921149 -0.8661870 -0.0868503 0.3686444 0.8818894 -0.2938917 0.0000500 0.0000611 -0.0005023 -0.0076120 0.0259228 -0.0146556 0.0003089 0.0000391 -0.0003136 -0.0096623 0.0171968 -0.0082962 0.0000476 0.0000537 -0.0014547 -0.0242315 0.0087787 -0.0117612 0.0005455 -0.0002318 -0.0007735 -0.0186955 0.0058588 -0.0051714
-0.2146293 -0.2722856 -0.0173326 0.3166186 0.6370741 -0.2020416 -0.2080691 -0.3667336 -0.0370889 0.2788863 0.7074770 -0.2383336 -0.6182803 -0.7843701 -0.0499297 0.4281243 0.8614369 -0.2731960 -0.4915694 -0.8664188 -0.0876237 0.3499489 0.8877483 -0.2990631 -0.0006378 0.0058519 0.0007135 -0.0004363 0.0000603 -0.0002697 -0.0005310 0.0057453 0.0012673 0.0005875 0.0000496 0.0003001 -0.0094433 0.0074438 0.0014681 -0.0005547 0.0001526 -0.0003873 -0.0069241 0.0037623 0.0020205 0.0006668 -0.0001161 0.0004365
-0.2152672 -0.2664337 -0.0166191 0.3161823 0.6371344 -0.2023114 -0.2086002 -0.3609883 -0.0358216 0.2794738 0.7075266 -0.2380336 -0.6277236 -0.7769263 -0.0484616 0.4275696 0.8615895 -0.2735833 -0.4984935 -0.8626566 -0.0856032 0.3506157 0.8876321 -0.2986266 -0.0011162 0.0001402 -0.0005026 -0.0007010 -0.0003601 -0.0006156 -0.0012192 -0.0001051 0.0007097 0.0000500 -0.0001031 -0.0002314 -0.0021204 0.0018052 -0.0013760 -0.0006934 0.0000269 -0.0009962 -0.0021483 0.0010657 0.0018240 0.0000649 -0.0001240 -0.0002921
-0.2163834 -0.2662935 -0.0171217 0.3154813 0.6367743 -0.2029270 -0.2098194 -0.3610934 -0.0351119 0.2795238 0.7074235 -0.2382650 -0.6298440 -0.7751211 -0.0498376 0.4268762 0.8616164 -0.2745795 -0.5006418 -0.8615909 -0.0837792 0.3506806 0.8875082 -0.2989187 -0.0007001 -0.0000180 -0.0007669 -0.0027427 -0.0016777 -0.0012172 -0.0003228 -0.0001031 -0.0001667 -0.0019379 -0.0002243 -0.0009821 -0.0011299 0.0010614 -0.0021574 -0.0024030 0.0003865 -0.0025009 -0.0004539 0.0002975 -0.0003446 -0.0021766 0.0003672 -0.0014515
-0.2170835 -0.2663115 -0.0178886 0.3127386 0.6350966 -0.2041442 -0.2101421 -0.3611965 -0.0352786 0.2775859 0.7071992 -0.2392471 -0.6309739 -0.7740597 -0.0519950 0.4244733 0.8620028 -0.2770805 -0.5010957 -0.8612934 -0.0841238 0.3485040 0.8878754 -0.3003703 0.0019620 -0.0341132 -0.0039235 -0.0038940 -0.0019585 -0.0007999 0.0039204 -0.0335143 -0.0061521 -0.0055413 -0.0069321 -0.0057542 0.0497937 -0.0375787 -0.0069335 -0.0035067 0.0009878 -0.0022658 0.0400166 -0.0212174 -0.0085088 -0.0042286 -0.0016799 -0.0096814
-0.2151215 -0.3004247 -0.0218121 0.3088445 0.6331381 -0.2049440 -0.2062217 -0.3947108 -0.0414307 0.2720446 0.7002671 -0.2450012 -0.5811802 -0.8116385 -0.0589285 0.4209665 0.8629906 -0.2793463 -0.4610791 -0.8825108 -0.0926326 0.3442754 0.8861955 -0.3100517 0.0000872 0.0000979 -0.0004349 -0.0085638 -0.0076092 -0.0034086 -0.0001838 -0.0000039 -0.0000693 -0.0136911 -0.0052297 -0.0069405 0.0000718 0.0000360 -0.0011920 -0.0064868 0.0004317 -0.0082444 -0.0003133 0.0001780 -0.0001353 -0.0143782 0.0013126 -0.0116581
-0.2150343 -0.3003268 -0.0222471 0.3002807 0.6255289 -0.2083526 -0.2064055 -0.3947147 -0.0415001 0.2583535 0.6950374 -0.2519417 -0.5811083 -0.8116025 -0.0601205 0.4144798 0.8634223 -0.2875907 -0.4613924 -0.8823328 -0.0927679 0.3298972 0.8875081 -0.3217098 0.0004986 0.0005496 -0.0006173 -0.0014076 -0.0354417 0.0068030 -0.0003665 0.0003445 0.0000323 0.0025306 -0.0280161 0.0057586 0.0002515 -0.0000459 -0.0017850 0.0177400 -0.0100590 -0.0038833 -0.0009614 0.0004988 0.0000436 0.0145710 -0.0067814 -0.0033474
-0.2145358 -0.2997772 -0.0228644 0.2988731 0.5900872 -0.2015496 -0.2067720 -0.3943702 -0.0414678 0.2608841 0.6670213 -0.2461831 -0.5808568 -0.8116484 -0.0619054 0.4322197 0.8533634 -0.2914740 -0.4623539 -0.8818339 -0.0927243 0.3444681 0.8807267 -0.3250572 -0.0001165 -0.0003168 -0.0005669 -0.0009928 -0.0066570 0.0036814 -0.0001087 -0.0003408 -0.0004410 -0.0108184 -0.0127258 0.0030820 0.0002510 -0.0000659 -0.0014732 0.0030827 -0.0007772 0.0023225 0.0001619 0.0000106 -0.0009040 -0.0071979 0.0017389 -0.0028197
-0.2146523 -0.3000940 -0.0234313 0.2978803 0.5834302 -0.1978682 -0.2068807 -0.3947110 -0.0419088 0.2500657 0.6542955 -0.2431011 -0.5806058 -0.8117143 -0.0633786 0.4353025 0.8525862 -0.2891515 -0.4621920 -0.8818233 -0.0936283 0.3372702 0.8824656 -0.3278769 0.0000575 0.0004117 -0.0004906 -0.0078952 -0.0051687 0.0011471 -0.0004887 0.0002657 0.0000433 -0.0418676 -0.0020912 -0.0080356 -0.0003726 0.0003761 -0.0013858 -0.0064247 0.0026423 -0.0017922 -0.0011044 0.0005697 0.0000941 -0.0517689 0.0118998 -0.0165060
-0.2145948 -0.2996823 -0.0239219 0.2899851 0.5782615 -0.1967212 -0.2073695 -0.3944453 -0.0418655 0.2081981 0.6522043 -0.2511367 -0.5809784 -0.8113382 -0.0647644 0.4288777 0.8552284 -0.2909437 -0.4632964 -0.8812535 -0.0935341 0.2855013 0.8943654 -0.3443829 -0.0002452 -0.0000368 -0.0004322 -0.0136804 -0.0071813 -0.0008580 -0.0003915 -0.0001043 -0.0001302 -0.0207881 -0.0187191 0.0000222 -0.0003481 0.0003408 -0.0011343 -0.0130477 0.0042296 -0.0064069 -0.0005787 0.0003290 -0.0002310 -0.0203268 0.0019801 -0.0109299
-0.2148400 -0.2997191 -0.0243541 0.2763047 0.5710802 -0.1975792 -0.2077610 -0.3945496 -0.0419957 0.1874100 0.6334852 -0.2511146 -0.5813265 -0.8109974 -0.0658987 0.4158300 0.8594580 -0.2973506 -0.4638751 -0.8809245 -0.0937652 0.2651745 0.8963455 -0.3553128 -0.0009187 0.0089049 0.0003408 -0.0753118 0.0136002 -0.0316436 -0.0009398 0.0087706 0.0010676 -0.0165688 -0.0182817 -0.0017433 -0.0132026 0.0096506 -0.0002705 -0.1110126 0.0272437 -0.0502791 -0.0098866 0.0051860 0.0008564 -0.0163999 -0.0005017 -0.0128924
-0.2157587 -0.2908142 -0.0240133 0.2009929 0.5846804 -0.2292228 -0.2087008 -0.3857790 -0.0409280 0.1708412 0.6152035 -0.2528578 -0.5945291 -0.8013468 -0.0661693 0.3048174 0.8867017 -0.3476297 -0.4737616 -0.8757385 -0.0929088 0.2487746 0.8958438 -0.3682052 0.0011721 0.0248055 0.0019545 0.0312883 -0.0441028 0.0265216 -0.0011292 0.0244237 0.0033560 -0.0096628 -0.0220956 0.0047303 -0.0320321 0.0246406 0.0017610 0.0684406 -0.0180352 0.0219044 -0.0263754 0.0144354 0.0033544 -0.0056018 -0.0010111 -0.0061493
-0.2145866 -0.2660087 -0.0220587 0.2322812 0.5405776 -0.2027013 -0.2098299 -0.3613553 -0.0375721 0.1611784 0.5931079 -0.2481275 -0.6265612 -0.7767062 -0.0644083 0.3732580 0.8686665 -0.3257253 -0.5001370 -0.8613031 -0.0895544 0.2431728 0.8948327 -0.3743545 -0.0003389 0.0001703 0.0002036 0.0129350 -0.0003321 -0.0111010 -0.0000717 0.0002154 0.0000112 0.0380511 -0.0041776 0.0093170 -0.0008663 0.0006495 0.0006070 0.0155787 -0.0120051 -0.0132986 -0.0003506 0.0002043 -0.0000054 0.0559686 -0.0105588 0.0157825
-0.2149254 -0.2658384 -0.0218551 0.2452162 0.5402455 -0.2138022 -0.2099016 -0.3611399 -0.0375608 0.1992295 0.5889303 -0.2388106 -0.6274276 -0.7760567 -0.0638012 0.3888367 0.8566614 -0.3390239 -0.5004876 -0.8610988 -0.0895597 0.2991414 0.8842740 -0.3585721 0.0007995 -0.0242386 -0.0030233 -0.0273838 -0.0211203 0.0118925 0.0012927 -0.0240700 -0.0038544 0.0714814 -0.0914597 0.0635968 0.0349455 -0.0265804 -0.0050370 -0.0246221 0.0113129 0.0014319 0.0264004 -0.0143340 -0.0045610 0.1574913 -0.0451451 0.0630231
-0.2141259 -0.2900770 -0.0248785 0.2178325 0.5191252 -0.2019098 -0.2086089 -0.3852099 -0.0414152 0.2707109 0.4974706 -0.1752138 -0.5924821 -0.8026371 -0.0688382 0.3642146 0.8679743 -0.3375919 -0.4740873 -0.8754328 -0.0941208 0.4566328 0.8391289 -0.2955490 -0.0001082 -0.0015784 -0.0002575 -0.0019007 -0.0022109 0.0009864 0.0000761 -0.0015448 -0.0003849 -0.0039739 -0.0091106 -0.0021888 0.0019063 -0.0013647 -0.0004537 -0.0013923 0.0005781 -0.0000123 0.0016261 -0.0008158 -0.0005835 0.0000687 -0.0029693 -0.0081958
-0.2142341 -0.2916554 -0.0251360 0.2159317 0.5169143 -0.2009233 -0.2085328 -0.3867547 -0.0418002 0.2667370 0.4883600 -0.1774025 -0.5905757 -0.8040018 -0.0692919 0.3628223 0.8685524 -0.3376042 -0.4724612 -0.8762486 -0.0947043 0.4567014 0.8361596 -0.3037449 -0.0001921 -0.0005580 0.0000561 -0.0042300 -0.0054354 -0.0012105 -0.0000500 -0.0005403 0.0000078 -0.0034373 -0.0109439 -0.0009444 0.0003787 -0.0003005 0.0002610 -0.0035858 -0.0006241 -0.0053966 0.0004175 -0.0002384 0.0001240 0.0022984 -0.0038993 -0.0071602
-0.2144262 -0.2922134 -0.0250798 0.2117017 0.5114789 -0.2021338 -0.2085828 -0.3872950 -0.0417924 0.2632997 0.4774161 -0.1783470 -0.5901970 -0.8043023 -0.0690310 0.3592366 0.8679283 -0.3430008 -0.4720436 -0.8764870 -0.0945803 0.4589998 0.8322603 -0.3109051 0.0006833 0.0086488 0.0009036 -0.0010621 -0.0011700 -0.0003570 0.0001223 0.0086750 0.0005725 -0.0009466 -0.0014920 -0.0003086 -0.0103385 0.0075946 0.0011050 -0.0010281 -0.0001097 -0.0013501 -0.0080866 0.0044424 -0.0003581 -0.0003873 -0.0003100 -0.0013980
-0.2137429 -0.2835646 -0.0241762 0.2106396 0.5103089 -0.2024908 -0.2084606 -0.3786200 -0.0412199 0.2623531 0.4759241 -0.1786556 -0.6005354 -0.7967078 -0.0679260 0.3582085 0.8678186 -0.3443509 -0.4801302 -0.8720446 -0.0949383 0.4586125 0.8319503 -0.3123031 -0.0008072 0.0018492 0.0008013 -0.0213863 0.0037281 0.0001940 0.0001796 0.0019081 0.0008015 -0.1262396 0.0755343 -0.0570070 -0.0040308 0.0028808 0.0020592 -0.0341061 0.0124864 -0.0020891 -0.0016114 0.0007320 0.0014529 -0.2372737 0.0647951 -0.0709159
-0.2145501 -0.2817154 -0.0233750 0.1892533 0.5140370 -0.2022969 -0.2082809 -0.3767119 -0.0404184 0.1361135 0.5514584 -0.2356626 -0.6045663 -0.7938269 -0.0658668 0.3241024 0.8803051 -0.3464400 -0.4817416 -0.8713125 -0.0934854 0.2213388 0.8967454 -0.3832190 0.0001609 -0.0061147 -0.0002724 0.0210814 0.0009998 0.0008083 0.0004212 -0.0059629 -0.0010013 0.1245252 -0.0730752 0.0548742 0.0085072 -0.0064174 0.0001209 0.0313767 -0.0098598 0.0059114 0.0065778 -0.0034755 -0.0011994 0.2327414 -0.0633144 0.0682526
-0.2143892 -0.2878301 -0.0236473 0.2103346 0.5150368 -0.2014886 -0.2078597 -0.3826748 -0.0414197 0.2606386 0.4783832 -0.1807884 -0.5960591 -0.8002443 -0.0657459 0.3554790 0.8704452 -0.3405286 -0.4751638 -0.8747881 -0.0946848 0.4540802 0.8334311 -0.3149664 0.0000000 0.0000000 0.0000000 0.0000000 0.0000000 0.0000000 0.0000000 0.0000000 0.0000000 0.0000000 0.0000000 0.0000000 0.0000000 0.0000000 0.0000000 0.0000000 0.0000000 0.0000000 0.0000000 0.0000000 0.0000000 0.0000000 0.0000000 0.0000000
