-0.1480372 -0.3686441 -0.0493102 0.2545434 0.6316441 -0.1566172 -0.1168638 -0.4320996 -0.0646601 0.2174683 0.6916166 -0.1749806 -0.3698100 -0.9209055 -0.1231812 0.3642675 0.9039222 -0.2241290 -0.2583938 -0.9554019 -0.1429679 0.2915837 0.9273265 -0.2346157 0.0000371 -0.0000691 0.0000016 0.0015963 -0.0002619 0.0003512 -0.0001584 -0.0001358 -0.0001096 0.0009931 0.0002512 -0.0003804 0.0001386 -0.0000582 0.0000193 0.0021439 -0.0007211 0.0005883 -0.0002437 0.0000934 -0.0001832 0.0010912 -0.0004242 -0.0003172
-0.1480001 -0.3687132 -0.0493086 0.2561396 0.6313822 -0.1562660 -0.1170222 -0.4322354 -0.0647696 0.2184614 0.6918678 -0.1753610 -0.3696714 -0.9209637 -0.1231619 0.3664114 0.9032011 -0.2235406 -0.2586375 -0.9553085 -0.1431512 0.2926749 0.9269023 -0.2349330 0.0009956 -0.0023324 -0.0002473 0.0003471 -0.0003711 0.0002552 0.0007761 -0.0024377 -0.0002471 0.0003730 -0.0001560 0.0000324 0.0041433 -0.0016444 -0.0000593 0.0006356 -0.0001887 0.0002805 0.0029391 -0.0008116 0.0001383 0.0005166 -0.0001557 0.0000300
-0.1470045 -0.3710456 -0.0495559 0.2564868 0.6310111 -0.1560108 -0.1162461 -0.4346731 -0.0650168 0.2188344 0.6917118 -0.1753286 -0.3655281 -0.9226081 -0.1232213 0.3670470 0.9030124 -0.2232602 -0.2556984 -0.9561201 -0.1430128 0.2931915 0.9267466 -0.2349030 0.0016024 -0.0039988 -0.0008338 -0.0201861 0.0028775 -0.0085575 0.0014759 -0.0040254 -0.0009753 -0.0019789 0.0078832 0.0339586 0.0068539 -0.0025418 -0.0010789 -0.0276464 0.0074469 -0.0131106 0.0052395 -0.0012361 -0.0009992 -0.0024820 0.0111082 0.0453869
-0.1454021 -0.3750444 -0.0503898 0.2363007 0.6338886 -0.1645683 -0.1147702 -0.4386985 -0.0659920 0.2168555 0.6995950 -0.1413700 -0.3586742 -0.9251499 -0.1243002 0.3394006 0.9104593 -0.2363708 -0.2504590 -0.9573562 -0.1440121 0.2907095 0.9378548 -0.1895161 -0.0018151 0.0051043 0.0010146 0.0109121 0.0037288 0.0010541 -0.0017276 0.0051909 0.0008324 -0.0071267 -0.0006826 -0.0305996 -0.0082623 0.0030804 0.0012334 0.0121831 -0.0036461 0.0038224 -0.0063746 0.0016363 0.0003598 -0.0109563 -0.0055888 -0.0398708
-0.1472173 -0.3699401 -0.0493752 0.2472128 0.6376174 -0.1635142 -0.1164978 -0.4335076 -0.0651596 0.2097287 0.6989124 -0.1719695 -0.3669365 -0.9220695 -0.1230668 0.3515837 0.9068132 -0.2325483 -0.2568335 -0.9557199 -0.1436523 0.2797532 0.9322660 -0.2293869 -0.0001641 0.0003741 0.0001418 0.0068521 -0.0054124 0.0006500 0.0000569 0.0005152 0.0000142 0.0079247 -0.0054288 -0.0032448 -0.0006859 0.0002384 0.0002609 0.0110863 -0.0043600 0.0000646 -0.0001629 0.0000633 -0.0001300 0.0113604 -0.0047249 -0.0049640
-0.1473814 -0.3695660 -0.0492334 0.2540650 0.6322050 -0.1628642 -0.1164409 -0.4329924 -0.0651454 0.2176535 0.6934836 -0.1752144 -0.3676224 -0.9218311 -0.1228058 0.3626700 0.9024532 -0.2324837 -0.2569964 -0.9556566 -0.1437823 0.2911136 0.9275411 -0.2343509 0.0043421 -0.0506783 -0.0021352 -0.0175111 -0.0398697 0.0134546 0.0051351 -0.0505894 -0.0008809 0.0206787 -0.0311993 0.0074354 0.0475400 -0.0185593 0.0078572 -0.0015683 0.0017521 0.0044085 0.0346513 -0.0103488 0.0118877 0.0382641 -0.0122567 0.0024784
-0.1430393 -0.4202443 -0.0513686 0.2365539 0.5923353 -0.1494096 -0.1113058 -0.4835818 -0.0660264 0.2383322 0.6622843 -0.1677790 -0.3200824 -0.9403904 -0.1149486 0.3611017 0.9042053 -0.2280752 -0.2223451 -0.9660054 -0.1318946 0.3293777 0.9152844 -0.2318725 -0.0021237 0.0505573 0.0030471 0.0347838 -0.0228201 0.0171465 -0.0025932 0.0505441 0.0021232 -0.0130235 -0.0100797 0.0105435 -0.0427394 0.0163916 -0.0058266 0.0598601 -0.0206414 0.0228779 -0.0294749 0.0085998 -0.0093892 -0.0110162 0.0062820 0.0096984
-0.1451631 -0.3696870 -0.0483215 0.2713377 0.5695152 -0.1322632 -0.1138990 -0.4330377 -0.0639031 0.2253086 0.6522046 -0.1572355 -0.3628218 -0.9239988 -0.1207752 0.4209618 0.8835639 -0.2051973 -0.2518199 -0.9574057 -0.1412838 0.3183616 0.9215664 -0.2221740 -0.0009998 0.0026912 0.0004586 -0.0162105 0.0144811 -0.0005113 -0.0007240 0.0027623 0.0007236 -0.0225597 0.0115480 0.0026581 -0.0044955 0.0017135 0.0004924 -0.0290474 0.0135440 0.0012354 -0.0030444 0.0006875 0.0008040 -0.0332148 0.0119374 0.0047758
-0.1461629 -0.3669958 -0.0478629 0.2551272 0.5839963 -0.1327744 -0.1146230 -0.4302754 -0.0631796 0.2027489 0.6637526 -0.1545774 -0.3673172 -0.9222853 -0.1202828 0.3919145 0.8971079 -0.2039619 -0.2548644 -0.9567181 -0.1404798 0.2851467 0.9335038 -0.2173982 -0.0018674 -0.0038234 -0.0029268 -0.0412005 0.0341219 -0.0024641 -0.0016266 -0.0038162 -0.0024539 -0.0418776 0.0336489 -0.0025569 -0.0004677 0.0009760 -0.0059055 -0.0716292 0.0283223 0.0014863 -0.0011043 0.0008966 -0.0040377 -0.0656056 0.0182402 0.0029570
-0.1480303 -0.3708192 -0.0507897 0.2139266 0.6181182 -0.1352386 -0.1162496 -0.4340916 -0.0656334 0.1608713 0.6974015 -0.1571343 -0.3677849 -0.9213093 -0.1261882 0.3202853 0.9254302 -0.2024756 -0.2559687 -0.9558215 -0.1445175 0.2195411 0.9517440 -0.2144412 -0.0021448 0.0035576 0.0009558 0.0015535 0.0025161 0.0085490 -0.0010862 0.0040127 0.0013357 -0.0339099 -0.0404561 0.0098066 -0.0077503 0.0029173 0.0015711 0.0017688 0.0021625 0.0131268 -0.0045398 0.0009620 0.0017640 -0.0342310 0.0071196 -0.0005951
-0.1501751 -0.3672616 -0.0498339 0.2154801 0.6206343 -0.1266896 -0.1173358 -0.4300789 -0.0642977 0.1269614 0.6569454 -0.1473276 -0.3755352 -0.9183920 -0.1246172 0.3220540 0.9275927 -0.1893488 -0.2605085 -0.9548595 -0.1427535 0.1853101 0.9588637 -0.2150363 -0.0039187 0.0080047 0.0008493 -0.0093315 -0.0208043 0.0213854 -0.0029437 0.0084394 0.0012236 0.0206248 -0.0471209 0.0208663 -0.0155988 0.0064959 0.0002802 -0.0014237 0.0053442 0.0255654 -0.0110191 0.0030201 0.0003654 0.0452764 -0.0060828 0.0174550
-0.1540938 -0.3592569 -0.0489847 0.2061486 0.5998300 -0.1053042 -0.1202795 -0.4216395 -0.0630741 0.1475862 0.6098245 -0.1264613 -0.3911339 -0.9118961 -0.1243370 0.3206303 0.9329369 -0.1637834 -0.2715276 -0.9518395 -0.1423881 0.2305866 0.9527809 -0.1975813 0.0022556 -0.0292018 0.0006691 0.0001989 -0.0337110 0.0111753 0.0022900 -0.0293531 0.0014478 -0.0014395 -0.0333541 0.0095164 0.0295010 -0.0132956 0.0092638 0.0177216 -0.0046612 0.0094385 0.0206075 -0.0072556 0.0113316 0.0105412 -0.0016613 0.0046336
-0.1518382 -0.3884587 -0.0483156 0.2063476 0.5661190 -0.0941289 -0.1179895 -0.4509926 -0.0616263 0.1461467 0.5764704 -0.1169450 -0.3616329 -0.9251918 -0.1150731 0.3383519 0.9282756 -0.1543449 -0.2509201 -0.9590950 -0.1310565 0.2411278 0.9511196 -0.1929477 -0.0004715 -0.0072289 -0.0004103 -0.0060418 -0.0082630 0.0056239 -0.0006361 -0.0073696 -0.0001592 -0.0057240 -0.0085317 0.0044061 0.0047519 -0.0019549 0.0009023 -0.0041182 0.0025725 0.0066639 0.0024782 -0.0008697 0.0016568 -0.0054270 0.0021709 0.0040502
-0.1523097 -0.3956877 -0.0487258 0.2003058 0.5578560 -0.0885050 -0.1186256 -0.4583622 -0.0617855 0.1404227 0.5679387 -0.1125388 -0.3568810 -0.9271467 -0.1141709 0.3342337 0.9308481 -0.1476810 -0.2484419 -0.9599648 -0.1293997 0.2357008 0.9532905 -0.1888975 0.0002604 0.0001388 -0.0002227 0.0066102 -0.0061437 -0.0011840 0.0005177 0.0001761 0.0002811 0.0025910 -0.0041085 -0.0016416 0.0004464 -0.0001008 -0.0005744 0.0129267 -0.0051938 -0.0027979 0.0009112 -0.0003024 0.0004986 0.0055562 -0.0021366 -0.0037193
-0.1520493 -0.3955489 -0.0489485 0.2069160 0.5517123 -0.0896890 -0.1181078 -0.4581861 -0.0615044 0.1430137 0.5638302 -0.1141804 -0.3564346 -0.9272475 -0.1147453 0.3471604 0.9256542 -0.1504789 -0.2475306 -0.9602672 -0.1289011 0.2412571 0.9511539 -0.1926168 -0.0004851 0.0030435 0.0000297 -0.0316491 -0.0308255 0.0230948 -0.0008239 0.0028225 0.0002308 -0.0510050 -0.0167588 0.0224963 -0.0033719 0.0013837 -0.0006472 -0.0305674 0.0152488 0.0301865 -0.0030575 0.0008205 -0.0002019 -0.0776220 0.0217981 0.0295590
-0.1525343 -0.3925054 -0.0489188 0.1752669 0.5208868 -0.0665942 -0.1189318 -0.4553636 -0.0612736 0.0920087 0.5470714 -0.0916841 -0.3598065 -0.9258638 -0.1153925 0.3165930 0.9409031 -0.1202924 -0.2505881 -0.9594467 -0.1291030 0.1636351 0.9729521 -0.1630578 0.0000444 -0.0014718 0.0003605 0.0001126 -0.0007891 -0.0002426 0.0000101 -0.0012580 -0.0007602 0.0001337 -0.0007891 -0.0003127 0.0012092 -0.0006180 0.0012021 0.0005915 -0.0002744 -0.0005861 0.0007074 -0.0000163 -0.0012438 0.0004405 -0.0002016 -0.0007585
-0.1524899 -0.3939772 -0.0485584 0.1753794 0.5200977 -0.0668368 -0.1189216 -0.4566216 -0.0620338 0.0921424 0.5462823 -0.0919968 -0.3585973 -0.9264818 -0.1141904 0.3171845 0.9406287 -0.1208784 -0.2498807 -0.9594631 -0.1303467 0.1640756 0.9727504 -0.1638163 0.0032854 -0.0267590 -0.0030249 -0.0066537 0.0008171 -0.0043584 0.0026044 -0.0271539 -0.0028577 -0.0064746 0.0008172 -0.0049434 0.0265736 -0.0097789 -0.0005973 -0.0116148 0.0027706 -0.0080590 0.0180697 -0.0046630 0.0010231 -0.0116924 0.0004124 -0.0086179
-0.1492046 -0.4207361 -0.0515832 0.1687258 0.5209148 -0.0711951 -0.1163173 -0.4837755 -0.0648915 0.0856679 0.5470995 -0.0969402 -0.3320237 -0.9362607 -0.1147877 0.3055697 0.9433993 -0.1289375 -0.2318110 -0.9641260 -0.1293237 0.1523832 0.9731628 -0.1724341 -0.0033824 0.0294423 0.0031532 -0.0063190 0.0301515 0.0000504 -0.0051599 0.0287573 0.0021779 -0.0065488 0.0301515 0.0008073 -0.0288935 0.0107249 0.0002351 -0.0250203 0.0085397 0.0060385 -0.0238702 0.0064185 -0.0026739 -0.0184024 0.0043585 0.0096418
-0.1525870 -0.3912939 -0.0484301 0.1624067 0.5510663 -0.0711448 -0.1214772 -0.4550182 -0.0627136 0.0791191 0.5772510 -0.0961330 -0.3609172 -0.9255358 -0.1145526 0.2805494 0.9519390 -0.1228990 -0.2556813 -0.9577075 -0.1319976 0.1339808 0.9775213 -0.1627923 0.0014398 -0.0036221 -0.0012040 0.0187265 -0.0109764 -0.0004326 0.0005282 -0.0041457 -0.0008116 0.0187101 -0.0109764 -0.0003814 0.0059078 -0.0020297 -0.0020261 0.0349401 -0.0112352 -0.0017713 0.0032082 -0.0007669 -0.0006071 0.0339052 -0.0057286 -0.0028375
-0.1511472 -0.3949160 -0.0496340 0.1811332 0.5400899 -0.0715774 -0.1209490 -0.4591639 -0.0635252 0.0978291 0.5662746 -0.0965144 -0.3550094 -0.9275655 -0.1165787 0.3154895 0.9407038 -0.1246702 -0.2524731 -0.9584745 -0.1326046 0.1678861 0.9717927 -0.1656298 0.0045845 -0.0426992 -0.0058496 0.0072560 -0.0279861 -0.0108850 0.0043930 -0.0426004 -0.0066958 0.0071583 -0.0279861 -0.0105526 0.0397051 -0.0138885 -0.0027848 0.0258867 -0.0127311 -0.0247581 0.0282788 -0.0066644 -0.0024648 0.0199992 -0.0084724 -0.0259771
-0.1465626 -0.4376152 -0.0554836 0.1883892 0.5121038 -0.0824624 -0.1165560 -0.5017643 -0.0702210 0.1049874 0.5382885 -0.1070670 -0.3153044 -0.9414539 -0.1193635 0.3413762 0.9279728 -0.1494284 -0.2241943 -0.9651389 -0.1350694 0.1878852 0.9633203 -0.1916069 0.0005775 -0.0033216 -0.0002255 0.0050099 -0.0004532 0.0005944 0.0007125 -0.0032750 -0.0001547 0.0787594 0.0498067 -0.0179852 0.0032395 -0.0011138 0.0002771 0.0083036 -0.0028711 0.0014051 0.0026590 -0.0006816 0.0004853 0.1043819 -0.0278976 -0.0073008
-0.1459851 -0.4409367 -0.0557091 0.1933991 0.5116506 -0.0818680 -0.1158435 -0.5050393 -0.0703757 0.1837468 0.5880952 -0.1250522 -0.3120649 -0.9425677 -0.1190864 0.3496798 0.9251017 -0.1480232 -0.2215353 -0.9658205 -0.1345841 0.2922671 0.9354227 -0.1989077 -0.0080494 0.0764212 0.0062654 0.0069198 0.1247756 -0.0422502 -0.0100668 0.0755695 0.0060063 -0.0306002 0.1016831 -0.0117582 -0.0741784 0.0285410 -0.0048942 -0.0545088 0.0126754 -0.0348655 -0.0569338 0.0159848 -0.0077782 -0.0794743 0.0230049 0.0088135
-0.1540345 -0.3645155 -0.0494437 0.2003190 0.6364262 -0.1241182 -0.1259103 -0.4294698 -0.0643694 0.1531465 0.6897783 -0.1368104 -0.3862433 -0.9140268 -0.1239806 0.2951709 0.9377771 -0.1828887 -0.2784691 -0.9498357 -0.1423624 0.2127928 0.9584276 -0.1900942 0.0000651 0.0000419 -0.0000649 0.0042493 -0.0055274 0.0016482 0.0004124 0.0001600 0.0000799 0.0055335 -0.0043362 0.0020078 0.0001097 -0.0000219 -0.0001799 0.0081411 -0.0023475 0.0013033 0.0007413 -0.0002304 0.0000893 0.0087138 -0.0015969 0.0019189
-0.1539694 -0.3644736 -0.0495086 0.2045683 0.6308988 -0.1224700 -0.1254979 -0.4293098 -0.0642895 0.1586800 0.6854421 -0.1348026 -0.3861336 -0.9140487 -0.1241605 0.3033121 0.9354296 -0.1815854 -0.2777278 -0.9500661 -0.1422731 0.2215066 0.9568306 -0.1881753 0.0006860 -0.0037886 -0.0010184 0.0007411 -0.0039691 0.0011828 0.0014469 -0.0034780 -0.0008919 0.0013808 -0.0031388 0.0025995 0.0049046 -0.0018513 -0.0015044 0.0027780 -0.0007576 0.0007618 0.0050339 -0.0013054 -0.0010111 0.0029240 -0.0001337 0.0028056
-0.1532834 -0.3682622 -0.0505269 0.2053094 0.6269297 -0.1212871 -0.1240510 -0.4327878 -0.0651813 0.1600608 0.6823033 -0.1322032 -0.3812290 -0.9159000 -0.1256649 0.3060900 0.9346720 -0.1808236 -0.2726939 -0.9513715 -0.1432842 0.2244305 0.9566969 -0.1853697 0.0003571 -0.0013766 0.0007142 0.0036698 -0.0101236 0.0006583 -0.0000819 -0.0014388 0.0001291 0.0003093 -0.0139748 -0.0031020 0.0018664 -0.0010594 0.0020950 0.0094340 -0.0033968 -0.0013060 0.0006410 -0.0002907 0.0007141 0.0045088 -0.0026125 -0.0077876
-0.1529263 -0.3696388 -0.0498127 0.2089792 0.6168061 -0.1206289 -0.1241329 -0.4342266 -0.0650522 0.1603701 0.6683285 -0.1353051 -0.3793626 -0.9169594 -0.1235698 0.3155240 0.9312751 -0.1821296 -0.2720530 -0.9516622 -0.1425701 0.2289393 0.9540844 -0.1931573 0.0001973 -0.0001579 -0.0001287 -0.0383793 0.0067621 -0.0058131 0.0041532 0.0020466 -0.0012778 -0.0476926 0.0029025 -0.0105561 0.0005703 -0.0001962 -0.0002928 -0.0565421 0.0153423 -0.0098175 0.0074325 -0.0015294 -0.0037235 -0.0670641 0.0102217 -0.0163904
-0.1527289 -0.3697968 -0.0499414 0.1705999 0.6235682 -0.1264419 -0.1199798 -0.4321800 -0.0663300 0.1126775 0.6712310 -0.1458613 -0.3787924 -0.9171556 -0.1238626 0.2589819 0.9466175 -0.1919471 -0.2646205 -0.9531916 -0.1462937 0.1618752 0.9643061 -0.2095477 0.0001743 -0.0000673 -0.0007913 -0.0052109 -0.0060767 0.0009812 -0.0007094 -0.0004808 -0.0009551 -0.0028517 -0.0057386 0.0009345 0.0005210 0.0000481 -0.0019332 -0.0051043 0.0012521 -0.0006391 -0.0011034 0.0005928 -0.0018493 -0.0026815 0.0003321 -0.0005252
-0.1525546 -0.3698640 -0.0507327 0.1653890 0.6174915 -0.1254607 -0.1206891 -0.4326608 -0.0672851 0.1098259 0.6654924 -0.1449268 -0.3782714 -0.9171075 -0.1257958 0.2538776 0.9478696 -0.1925863 -0.2657239 -0.9525988 -0.1481430 0.1591937 0.9646381 -0.2100729 -0.0001820 -0.0045072 0.0005460 -0.0041566 -0.0154039 0.0032476 0.0005869 -0.0040861 0.0004531 -0.0029672 -0.0159043 0.0029857 0.0033953 -0.0017478 0.0026178 -0.0000363 0.0000455 0.0001763 0.0034137 -0.0012815 0.0021781 -0.0005195 -0.0000661 -0.0006952
-0.1527366 -0.3743713 -0.0501867 0.1612325 0.6020876 -0.1222131 -0.1201023 -0.4367469 -0.0668320 0.1068587 0.6495881 -0.1419411 -0.3748761 -0.9188553 -0.1231780 0.2538413 0.9479151 -0.1924099 -0.2623102 -0.9538803 -0.1459650 0.1586742 0.9645721 -0.2107681 -0.0002078 -0.0070452 0.0008108 -0.0052567 -0.0186001 0.0109872 0.0004044 -0.0069548 0.0017067 -0.0043433 -0.0189487 0.0103304 0.0053508 -0.0026758 0.0038821 0.0001366 0.0021871 0.0112991 0.0044269 -0.0020535 0.0056556 -0.0015221 0.0021742 0.0090138
-0.1529444 -0.3814165 -0.0493759 0.1559757 0.5834875 -0.1112258 -0.1196979 -0.4437017 -0.0651253 0.1025154 0.6306394 -0.1316108 -0.3695253 -0.9215311 -0.1192959 0.2539778 0.9501022 -0.1811108 -0.2578833 -0.9559338 -0.1403094 0.1571522 0.9667463 -0.2017543 0.0016634 -0.0041852 -0.0000891 0.0056106 -0.0131945 0.0046951 0.0014715 -0.0040657 -0.0009428 0.0060573 -0.0135175 0.0045529 0.0068791 -0.0028214 0.0007198 0.0143310 -0.0031492 0.0042200 0.0051555 -0.0012403 -0.0009219 0.0126646 -0.0015163 0.0030252
-0.1512810 -0.3856016 -0.0494650 0.1615863 0.5702930 -0.1065307 -0.1182264 -0.4477674 -0.0660682 0.1085727 0.6171219 -0.1270579 -0.3626462 -0.9243525 -0.1185761 0.2683088 0.9469530 -0.1768908 -0.2527278 -0.9571742 -0.1412312 0.1698167 0.9652300 -0.1987292 -0.0007392 0.0142670 0.0014288 -0.0201526 0.0333058 -0.0174642 0.0009059 0.0154151 0.0005479 -0.0201137 0.0332840 -0.0168992 -0.0135365 0.0054635 -0.0002924 -0.0446014 0.0077669 -0.0192336 -0.0063991 0.0022340 -0.0034839 -0.0381803 0.0026440 -0.0154945
-0.1520202 -0.3713346 -0.0480362 0.1414337 0.6035988 -0.1239950 -0.1173206 -0.4323523 -0.0655202 0.0884590 0.6504059 -0.1439571 -0.3761827 -0.9188889 -0.1188684 0.2237075 0.9547199 -0.1961244 -0.2591269 -0.9549402 -0.1447151 0.1316365 0.9678740 -0.2142236 -0.0004157 0.0028818 0.0001223 0.0067022 0.0025493 0.0006436 -0.0012095 0.0025090 -0.0001301 0.0065870 0.0025750 0.0009001 -0.0033801 0.0014477 -0.0004364 0.0091877 -0.0017503 0.0021947 -0.0038678 0.0012026 -0.0009500 0.0091325 -0.0007688 0.0023474
-0.1524359 -0.3684528 -0.0479139 0.1481359 0.6061481 -0.1233514 -0.1185300 -0.4298433 -0.0656503 0.0950460 0.6529809 -0.1430570 -0.3795627 -0.9174413 -0.1193048 0.2328952 0.9529696 -0.1939297 -0.2629948 -0.9537376 -0.1456650 0.1407690 0.9671052 -0.2118763 0.0000402 0.0024969 -0.0001793 0.0222487 0.0073364 0.0067001 0.0002628 0.0026619 -0.0003218 0.0222171 0.0073630 0.0067824 -0.0020697 0.0010069 -0.0011313 0.0303269 -0.0052154 0.0137186 -0.0009160 0.0004912 -0.0015502 0.0305732 -0.0022257 0.0127550
-0.1523957 -0.3659559 -0.0480932 0.1703845 0.6134845 -0.1166513 -0.1182672 -0.4271814 -0.0659720 0.1172631 0.6603439 -0.1362746 -0.3816324 -0.9164343 -0.1204361 0.2632221 0.9477542 -0.1802112 -0.2639108 -0.9532464 -0.1472152 0.1713422 0.9648796 -0.1991213 -0.0001702 -0.0039780 -0.0005931 0.0037969 -0.0000766 -0.0017385 0.0000966 -0.0036837 -0.0010813 0.0478240 0.0236184 0.0047560 0.0031605 -0.0012650 -0.0003408 0.0053461 -0.0019483 -0.0023326 0.0023442 -0.0004591 -0.0012051 0.0592940 -0.0093447 0.0153823
-0.1525658 -0.3699339 -0.0486864 0.1741814 0.6134079 -0.1183898 -0.1181706 -0.4308651 -0.0670533 0.1650871 0.6839623 -0.1315186 -0.3784719 -0.9176993 -0.1207769 0.2685682 0.9458060 -0.1825438 -0.2615666 -0.9537056 -0.1484203 0.2306362 0.9555349 -0.1837391 0.0004254 0.0008586 0.0002095 0.0082293 0.0073457 -0.0052873 -0.0006226 0.0004330 -0.0003002 -0.0105659 -0.0034970 -0.0219863 0.0001409 -0.0000881 0.0002283 0.0083512 -0.0034347 -0.0052115 -0.0014973 0.0005262 -0.0007322 -0.0143637 -0.0031350 -0.0311111
-0.1521405 -0.3690752 -0.0484769 0.1824108 0.6207536 -0.1236771 -0.1187931 -0.4304321 -0.0673535 0.1545212 0.6804653 -0.1535049 -0.3783310 -0.9177874 -0.1205486 0.2769193 0.9423713 -0.1877553 -0.2630639 -0.9531794 -0.1491524 0.2162725 0.9523999 -0.2148501 -0.0000069 0.0000774 0.0001536 0.0198277 0.0054585 -0.0037570 0.0000637 0.0001194 0.0001426 0.0009468 -0.0058897 -0.0005093 -0.0000990 -0.0000059 0.0003559 0.0248009 -0.0081232 -0.0023641 0.0000527 -0.0000561 0.0002656 0.0029482 -0.0012011 -0.0023206
-0.1521474 -0.3689978 -0.0483234 0.2022384 0.6262121 -0.1274341 -0.1187294 -0.4303127 -0.0672110 0.1554680 0.6745756 -0.1540142 -0.3784300 -0.9177932 -0.1201927 0.3017203 0.9342481 -0.1901194 -0.2630112 -0.9532355 -0.1488868 0.2192207 0.9511988 -0.2171708 -0.0006292 -0.0004658 -0.0002496 0.0038997 0.0195263 0.0053763 0.0009258 -0.0000227 0.0011854 0.0049634 0.0101902 -0.0083035 -0.0009084 0.0004292 -0.0004122 -0.0024248 0.0033105 0.0129016 0.0018218 -0.0008873 0.0024975 0.0030462 -0.0025016 -0.0077095
-0.1527766 -0.3694636 -0.0485730 0.2061381 0.6457384 -0.1220579 -0.1178035 -0.4303354 -0.0660256 0.1604314 0.6847658 -0.1623177 -0.3793385 -0.9173640 -0.1206049 0.2992955 0.9375586 -0.1772179 -0.2611894 -0.9541228 -0.1463893 0.2222670 0.9486971 -0.2248802 0.0001068 -0.0011513 -0.0003173 0.0056621 -0.0034223 0.0005519 0.0003664 -0.0012294 0.0004986 0.0125090 -0.0109951 -0.0114727 0.0012549 -0.0004559 -0.0004709 0.0089287 -0.0028224 0.0003953 0.0013914 -0.0005978 0.0014285 0.0189355 -0.0089794 -0.0175076
-0.1526698 -0.3706148 -0.0488903 0.2118002 0.6423161 -0.1215059 -0.1174371 -0.4315648 -0.0655270 0.1729404 0.6737707 -0.1737903 -0.3780836 -0.9178199 -0.1210758 0.3082241 0.9347362 -0.1768226 -0.2597979 -0.9547206 -0.1449608 0.2412025 0.9397178 -0.2423879 0.0006007 -0.0021885 -0.0004451 0.0002373 -0.0025873 0.0004302 0.0008852 -0.0020586 -0.0003172 0.0087859 0.0279394 0.0309738 0.0031940 -0.0012368 -0.0005488 0.0014362 -0.0004742 0.0000032 0.0029716 -0.0007841 -0.0001292 0.0047741 0.0100857 0.0490777
-0.1520691 -0.3728033 -0.0493354 0.2120375 0.6397288 -0.1210757 -0.1165519 -0.4336234 -0.0658442 0.1817263 0.7017101 -0.1428166 -0.3748896 -0.9190567 -0.1216246 0.3096603 0.9342620 -0.1768193 -0.2568263 -0.9555046 -0.1450901 0.2459766 0.9498035 -0.1933101 -0.0003540 0.0002492 0.0001421 0.0049699 -0.0232888 -0.0143009 -0.0005958 0.0001887 -0.0001493 -0.0012075 -0.0235122 -0.0019194 -0.0009778 0.0003576 0.0003165 0.0154951 -0.0106123 -0.0260237 -0.0013157 0.0004049 -0.0003307 0.0059404 -0.0033674 -0.0086712
-0.1524231 -0.3725541 -0.0491933 0.2170074 0.6164400 -0.1353766 -0.1171477 -0.4334347 -0.0659935 0.1805189 0.6781979 -0.1447359 -0.3758674 -0.9186991 -0.1213082 0.3251554 0.9236496 -0.2028430 -0.2581421 -0.9550997 -0.1454208 0.2519170 0.9464361 -0.2019813 0.0007713 0.0008316 0.0001945 -0.0106375 -0.0020990 -0.0018281 -0.0006886 0.0002046 -0.0005111 -0.0164084 -0.0051690 0.0057900 0.0009059 -0.0003909 0.0001579 -0.0136261 0.0037396 -0.0042767 -0.0014845 0.0005718 -0.0011077 -0.0196453 0.0061270 0.0053259
-0.1516518 -0.3717226 -0.0489988 0.2063699 0.6143410 -0.1372047 -0.1178363 -0.4332301 -0.0665046 0.1641104 0.6730289 -0.1389460 -0.3749615 -0.9190900 -0.1211503 0.3115293 0.9273893 -0.2071198 -0.2596266 -0.9545279 -0.1465284 0.2322717 0.9525631 -0.1966554 0.0001177 0.0003183 0.0001853 -0.0167008 -0.0084241 0.0055778 -0.0001138 0.0004730 -0.0007783 -0.0197331 -0.0108232 0.0109724 -0.0000418 -0.0000291 0.0003508 -0.0190150 0.0070767 0.0041203 -0.0004266 0.0003966 -0.0018152 -0.0229496 0.0075199 0.0111160
-0.1515340 -0.3714043 -0.0488135 0.1896691 0.6059169 -0.1316269 -0.1179501 -0.4327571 -0.0672829 0.1443774 0.6622057 -0.1279736 -0.3750033 -0.9191191 -0.1207995 0.2925143 0.9344659 -0.2029995 -0.2600532 -0.9541313 -0.1483436 0.2093221 0.9600830 -0.1855395 0.0040181 -0.0212218 -0.0014468 -0.0021226 -0.0257200 0.0144180 0.0047480 -0.0210830 -0.0005446 -0.0011592 -0.0248908 0.0131603 0.0257907 -0.0103399 0.0018188 0.0095326 -0.0000491 0.0142327 0.0205417 -0.0060976 0.0048351 0.0066209 0.0008541 0.0124251
-0.1475159 -0.3926261 -0.0502604 0.1875466 0.5801969 -0.1172089 -0.1132021 -0.4538401 -0.0678275 0.1432182 0.6373149 -0.1148133 -0.3492126 -0.9294591 -0.1189807 0.3020469 0.9344168 -0.1887668 -0.2395115 -0.9602289 -0.1435085 0.2159429 0.9609371 -0.1731143 -0.0112514 0.1001680 0.0091596 -0.0217882 0.0907438 0.0116057 -0.0114986 0.1004680 0.0076965 -0.0217116 0.0907565 0.0125366 -0.1242914 0.0572386 -0.0035972 -0.0649562 0.0252563 0.0377185 -0.0890605 0.0291340 -0.0149299 -0.0528890 0.0160871 0.0358657
-0.1587673 -0.2924581 -0.0411007 0.1657584 0.6709407 -0.1056031 -0.1247007 -0.3533721 -0.0601310 0.1215066 0.7280714 -0.1022767 -0.4735040 -0.8722205 -0.1225779 0.2370908 0.9596731 -0.1510483 -0.3285720 -0.9310949 -0.1584383 0.1630539 0.9770242 -0.1372486 0.0004846 0.0100311 0.0081268 -0.0054851 0.0073685 -0.0055557 0.0000489 0.0101087 0.0071289 -0.0051989 0.0074415 -0.0035977 -0.0128738 0.0043667 0.0212543 -0.0100089 0.0013833 -0.0064460 -0.0092179 0.0008967 0.0148096 -0.0084184 0.0008681 -0.0035154
-0.1582827 -0.2824270 -0.0329739 0.1602733 0.6783092 -0.1111588 -0.1246518 -0.3432634 -0.0530021 0.1163077 0.7355129 -0.1058743 -0.4863778 -0.8678538 -0.1013236 0.2270818 0.9610564 -0.1574944 -0.3377899 -0.9301983 -0.1436287 0.1546355 0.9778923 -0.1407640 0.0000470 0.0010754 -0.0014104 -0.0000590 -0.0012316 0.0016879 0.0008314 0.0015713 -0.0015789 -0.0000953 -0.0012233 0.0012939 -0.0010680 0.0011489 -0.0045975 0.0003874 0.0002453 0.0020697 0.0008733 0.0004508 -0.0048867 0.0001599 0.0001841 0.0014625
-0.1582357 -0.2813516 -0.0343843 0.1602143 0.6770776 -0.1094709 -0.1238204 -0.3416921 -0.0545810 0.1162124 0.7342896 -0.1045804 -0.4874458 -0.8667049 -0.1059210 0.2274692 0.9613017 -0.1554247 -0.3369165 -0.9297475 -0.1485154 0.1547953 0.9780764 -0.1393015 -0.0031645 0.0178022 0.0015394 -0.0043862 0.0143728 0.0021876 -0.0036777 0.0173852 0.0019254 -0.0043696 0.0143945 0.0020798 -0.0318857 0.0186920 0.0002373 -0.0100949 0.0032456 0.0057685 -0.0248573 0.0095320 -0.0008940 -0.0083851 0.0020050 0.0051209
-0.1614002 -0.2635493 -0.0328449 0.1558281 0.6914504 -0.1072833 -0.1274981 -0.3243069 -0.0526556 0.1118428 0.7486841 -0.1025006 -0.5193315 -0.8480128 -0.1056837 0.2173743 0.9645473 -0.1496562 -0.3617739 -0.9202155 -0.1494093 0.1464103 0.9800814 -0.1341806 -0.0011815 0.0160766 0.0003404 -0.0006458 0.0154426 0.0014767 -0.0014441 0.0160870 -0.0001344 -0.0006488 0.0154515 0.0013471 -0.0264657 0.0172310 -0.0034360 -0.0052084 0.0019202 0.0049968 -0.0194312 0.0089936 -0.0066589 -0.0036307 0.0011134 0.0042936
-0.1625817 -0.2474727 -0.0325045 0.1551823 0.7068930 -0.1058066 -0.1289422 -0.3082199 -0.0527899 0.1111940 0.7641356 -0.1011535 -0.5457971 -0.8307818 -0.1091198 0.2121659 0.9664674 -0.1446593 -0.3812051 -0.9112219 -0.1560683 0.1427796 0.9811949 -0.1298870 0.0028233 -0.0091966 -0.0000354 0.0121522 -0.0192036 0.0115133 0.0027744 -0.0090615 -0.0005152 0.0121966 -0.0191977 0.0118510 0.0204032 -0.0133209 0.0021064 0.0221932 -0.0033291 0.0125974 0.0161177 -0.0068843 0.0018211 0.0195016 -0.0014650 0.0124379
-0.1597584 -0.2566693 -0.0325399 0.1673345 0.6876894 -0.0942934 -0.1261678 -0.3172814 -0.0533051 0.1233906 0.7449379 -0.0893025 -0.5253939 -0.8441027 -0.1070134 0.2343591 0.9631383 -0.1320619 -0.3650874 -0.9181062 -0.1542472 0.1622812 0.9797298 -0.1174491 -0.0003427 0.0012345 -0.0005465 0.0249272 0.0209039 -0.0063675 -0.0014554 0.0006773 -0.0006824 0.0248985 0.0208777 -0.0063187 -0.0025184 0.0018402 -0.0020848 0.0250748 -0.0069771 -0.0037678 -0.0041909 0.0020107 -0.0019660 0.0264106 -0.0052603 -0.0042250
-0.1601011 -0.2554348 -0.0330864 0.1922617 0.7085933 -0.1006609 -0.1276232 -0.3166041 -0.0539875 0.1482890 0.7658156 -0.0956212 -0.5279123 -0.8422626 -0.1090982 0.2594340 0.9561612 -0.1358298 -0.3692784 -0.9160955 -0.1562132 0.1886918 0.9744695 -0.1216741 -0.0060241 0.0504429 0.0008389 -0.0438111 0.0617268 -0.0214158 -0.0065214 0.0503767 0.0002734 -0.0481962 0.0581745 -0.0302567 -0.0970464 0.0710885 -0.0122163 -0.0724533 0.0140942 -0.0179318 -0.0735686 0.0372083 -0.0211112 -0.0694681 0.0070113 -0.0282630
-0.1661252 -0.2049919 -0.0322476 0.1484505 0.7703201 -0.1220767 -0.1341446 -0.2662274 -0.0537141 0.1000928 0.8239901 -0.1258778 -0.6249587 -0.7711741 -0.1213145 0.1869806 0.9702554 -0.1537616 -0.4428470 -0.8788872 -0.1773244 0.1192237 0.9814808 -0.1499371 0.0172324 -0.1557612 -0.0121709 0.0208807 -0.1527925 -0.0076813 0.0179259 -0.1556007 -0.0115772 0.0276976 -0.1473979 -0.0082626 0.2458951 -0.1472609 0.0082303 0.0721980 -0.0250669 -0.0448463 0.1801402 -0.0746342 0.0297368 0.0629439 -0.0169861 -0.0412826
-0.1488928 -0.3607531 -0.0444185 0.1693313 0.6175276 -0.1297580 -0.1162188 -0.4218281 -0.0652912 0.1277905 0.6765922 -0.1341405 -0.3790636 -0.9184349 -0.1130842 0.2591787 0.9451885 -0.1986078 -0.2627068 -0.9535214 -0.1475876 0.1821677 0.9644947 -0.1912197 0.0062128 -0.0802873 -0.0078572 0.0120091 -0.0642413 0.0068921 0.0074116 -0.0802163 -0.0060797 0.0093328 -0.0662523 0.0064577 0.0732008 -0.0270225 0.0010209 0.0455601 -0.0154021 -0.0078659 0.0529112 -0.0144912 0.0099744 0.0326071 -0.0085258 -0.0087685
-0.1426800 -0.4410404 -0.0522757 0.1813404 0.5532863 -0.1228659 -0.1088072 -0.5020444 -0.0713709 0.1371233 0.6103399 -0.1276828 -0.3058628 -0.9454574 -0.1120633 0.3047388 0.9297865 -0.2064737 -0.2097956 -0.9680126 -0.1376132 0.2147747 0.9559689 -0.1999882 -0.0092127 0.0969543 0.0077768 -0.0115788 0.1093862 -0.0140933 -0.0110601 0.0970035 0.0046821 -0.0128062 0.1084502 -0.0136494 -0.0951807 0.0369641 -0.0054274 -0.0614045 0.0200811 0.0101578 -0.0705055 0.0208528 -0.0183340 -0.0474631 0.0114123 0.0097768
-0.1518927 -0.3440861 -0.0444989 0.1697615 0.6626725 -0.1369593 -0.1198672 -0.4050409 -0.0666888 0.1243171 0.7187901 -0.1413322 -0.4010435 -0.9084933 -0.1174907 0.2433343 0.9498676 -0.1963159 -0.2803011 -0.9471598 -0.1559472 0.1673117 0.9673812 -0.1902114 0.0003189 -0.0015605 -0.0001407 0.0088834 -0.0080451 0.0011470 0.0004760 -0.0017146 0.0005192 0.0087528 -0.0081590 0.0010490 0.0022189 -0.0009806 0.0000339 0.0148145 -0.0039059 0.0000619 0.0020313 -0.0008807 0.0017231 0.0133752 -0.0024620 -0.0002699
-0.1515738 -0.3456466 -0.0446396 0.1786449 0.6546274 -0.1358123 -0.1193913 -0.4067555 -0.0661696 0.1330699 0.7106311 -0.1402832 -0.3988246 -0.9094739 -0.1174568 0.2581488 0.9459617 -0.1962540 -0.2782698 -0.9480405 -0.1542241 0.1806869 0.9649192 -0.1904813 0.0012861 -0.0062526 -0.0004469 -0.0050178 -0.0019310 0.0006356 0.0015353 -0.0063925 0.0003388 -0.0031154 -0.0004466 0.0004842 0.0087659 -0.0038502 0.0004387 -0.0060733 0.0016368 0.0000016 0.0071142 -0.0025039 0.0027647 -0.0039710 0.0008098 0.0003787
-0.1502877 -0.3518992 -0.0450865 0.1736271 0.6526964 -0.1351767 -0.1178560 -0.4131480 -0.0658308 0.1299545 0.7101845 -0.1397990 -0.3900587 -0.9133241 -0.1170181 0.2520756 0.9475985 -0.1962524 -0.2711556 -0.9505444 -0.1514594 0.1767158 0.9657290 -0.1901026 -0.0109079 0.0893652 0.0092370 -0.0186017 0.0726818 0.0127254 -0.0102308 0.0897178 0.0092676 -0.0124694 0.0768218 0.0122199 -0.1296747 0.0668510 0.0014307 -0.0458694 0.0172589 0.0333746 -0.0922749 0.0328512 -0.0090318 -0.0309327 0.0108393 0.0317943
-0.1611956 -0.2625341 -0.0358495 0.1550254 0.7253782 -0.1224512 -0.1280868 -0.3234302 -0.0565632 0.1174851 0.7870063 -0.1275790 -0.5197334 -0.8464731 -0.1155874 0.2062062 0.9648574 -0.1628778 -0.3634305 -0.9176932 -0.1604911 0.1457831 0.9765684 -0.1583083 -0.0041036 0.0272359 0.0032612 -0.0079856 0.0191694 0.0078877 -0.0034591 0.0272000 0.0044396 -0.0086892 0.0187408 0.0079490 -0.0514500 0.0334115 0.0029801 -0.0146299 0.0052039 0.0136145 -0.0372714 0.0153469 0.0017175 -0.0133979 0.0038825 0.0127399
-0.1652991 -0.2352981 -0.0325883 0.1470399 0.7445476 -0.1145635 -0.1315459 -0.2962302 -0.0521236 0.1087959 0.8057471 -0.1196300 -0.5711834 -0.8130616 -0.1126073 0.1915763 0.9700613 -0.1492633 -0.4007019 -0.9023463 -0.1587736 0.1323853 0.9804509 -0.1455685 0.0112559 -0.0561604 -0.0023796 0.0146388 -0.0919091 0.0179029 0.0128586 -0.0553263 -0.0021271 0.0146740 -0.0919846 0.0168393 0.1065146 -0.0661181 0.0071274 0.0464387 -0.0092804 0.0069646 0.0841987 -0.0351483 0.0141035 0.0363771 -0.0048589 0.0050709
-0.1540432 -0.2914585 -0.0349678 0.1616786 0.6526385 -0.0966606 -0.1186873 -0.3515565 -0.0542507 0.1234699 0.7137625 -0.1027908 -0.4646688 -0.8791797 -0.1054799 0.2380150 0.9607809 -0.1422987 -0.3165032 -0.9374947 -0.1446701 0.1687623 0.9755920 -0.1404975 -0.0026274 0.0584609 0.0006159 0.0255767 0.0606045 -0.0146902 -0.0022264 0.0588441 0.0001695 0.0255070 0.0605898 -0.0143917 -0.0891983 0.0554788 -0.0159621 0.0130735 -0.0044016 -0.0070102 -0.0598385 0.0264332 -0.0236565 0.0181100 -0.0042668 -0.0064928
-0.1566706 -0.2329976 -0.0343519 0.1872553 0.7132430 -0.1113507 -0.1209138 -0.2927124 -0.0540812 0.1489769 0.7743523 -0.1171825 -0.5538670 -0.8237009 -0.1214420 0.2510885 0.9563793 -0.1493089 -0.3763417 -0.9110615 -0.1683267 0.1868723 0.9713252 -0.1469903 -0.0008075 0.0007928 -0.0000195 -0.0847458 0.0187950 -0.0224640 -0.0005370 0.0011222 -0.0005165 -0.0847307 0.0187950 -0.0225687 -0.0032509 0.0022183 -0.0001555 -0.1146266 0.0181184 -0.0288269 -0.0025339 0.0014222 -0.0019953 -0.1073522 0.0103856 -0.0259854
-0.1574780 -0.2322048 -0.0343714 0.1025095 0.7320380 -0.1338148 -0.1214508 -0.2915902 -0.0545977 0.0642461 0.7931473 -0.1397511 -0.5571179 -0.8214826 -0.1215976 0.1364618 0.9744977 -0.1781358 -0.3788756 -0.9096393 -0.1703220 0.0795201 0.9817107 -0.1729757 -0.0024657 -0.0226973 -0.0014330 0.0501950 -0.0489877 0.0387740 -0.0020053 -0.0226879 -0.0006184 0.0503006 -0.0489876 0.0381294 0.0293372 -0.0196409 0.0034504 0.0797308 -0.0074632 0.0435810 0.0180424 -0.0089219 0.0089384 0.0712487 -0.0022323 0.0392190
-0.1599437 -0.2549022 -0.0358045 0.1527044 0.6830503 -0.0950407 -0.1234561 -0.3142781 -0.0552161 0.1145467 0.7441597 -0.1016218 -0.5277807 -0.8411235 -0.1181472 0.2161927 0.9670345 -0.1345548 -0.3608332 -0.9185612 -0.1613836 0.1507687 0.9794784 -0.1337567 -0.0005699 0.0099652 0.0026269 0.0080006 0.0016128 -0.0076583 -0.0010268 0.0101221 0.0013369 0.0078760 0.0016128 -0.0068898 -0.0168515 0.0100381 0.0055737 0.0099200 -0.0037104 -0.0099433 -0.0129543 0.0052657 -0.0004005 0.0095744 -0.0027025 -0.0083664
-0.1605136 -0.2449369 -0.0331776 0.1607050 0.6846631 -0.1026991 -0.1244829 -0.3041560 -0.0538792 0.1224227 0.7457725 -0.1085116 -0.5446321 -0.8310855 -0.1125735 0.2261127 0.9633241 -0.1444981 -0.3737875 -0.9132956 -0.1617841 0.1603431 0.9767759 -0.1421231 -0.0012693 0.0064183 0.0015054 0.0009876 0.0049788 0.0009429 -0.0015009 0.0063263 0.0013660 0.0009838 0.0049790 0.0009681 -0.0133463 0.0084508 0.0033382 -0.0001635 0.0003811 0.0023041 -0.0107600 0.0042133 0.0014952 0.0002609 0.0002695 0.0021635
-0.1617829 -0.2385186 -0.0316722 0.1616926 0.6896419 -0.1017562 -0.1259838 -0.2978297 -0.0525132 0.1234064 0.7507515 -0.1075435 -0.5579784 -0.8226346 -0.1092353 0.2259492 0.9637053 -0.1421940 -0.3845476 -0.9090823 -0.1602889 0.1606040 0.9770454 -0.1399596 -0.0001031 -0.0063788 -0.0020331 -0.0034210 0.0027593 0.0029338 0.0004452 -0.0061684 -0.0016792 -0.0032708 0.0027596 0.0020148 0.0101334 -0.0061327 -0.0048283 -0.0052392 0.0018495 0.0043861 0.0079325 -0.0029099 -0.0022880 -0.0046426 0.0011711 0.0029610
-0.1618860 -0.2448974 -0.0337054 0.1582716 0.6924012 -0.0988223 -0.1255386 -0.3039981 -0.0541924 0.1201356 0.7535111 -0.1055287 -0.5478451 -0.8287673 -0.1140637 0.2207100 0.9655548 -0.1378079 -0.3766151 -0.9119922 -0.1625768 0.1559614 0.9782165 -0.1369986 -0.0010471 0.0034298 0.0036599 0.0157763 0.0063472 -0.0011727 -0.0017124 0.0032966 0.0028902 0.0156031 0.0063474 -0.0000992 -0.0085405 0.0042017 0.0114641 0.0186929 -0.0044262 0.0002648 -0.0083828 0.0022203 0.0073621 0.0182678 -0.0028897 0.0014184
-0.1629331 -0.2414676 -0.0300455 0.1740479 0.6987484 -0.0999950 -0.1272511 -0.3007015 -0.0513022 0.1357387 0.7598585 -0.1056279 -0.5563855 -0.8245656 -0.1025995 0.2394029 0.9611286 -0.1375431 -0.3849979 -0.9097719 -0.1552148 0.1742293 0.9753267 -0.1355802 -0.0026007 -0.0038862 -0.0002496 -0.0259200 0.0465445 -0.0091619 -0.0016071 -0.0031689 -0.0005442 -0.0259121 0.0465444 -0.0092155 0.0000053 -0.0000995 0.0007740 -0.0464454 0.0097209 -0.0046492 -0.0006776 0.0002807 0.0000373 -0.0406056 0.0058058 -0.0041472
-0.1655339 -0.2453538 -0.0302951 0.1481279 0.7452929 -0.1091569 -0.1288582 -0.3038704 -0.0518464 0.1098266 0.8064029 -0.1148434 -0.5563803 -0.8246651 -0.1018255 0.1929576 0.9708495 -0.1421923 -0.3856755 -0.9094913 -0.1551775 0.1336236 0.9811325 -0.1397274 0.0011088 -0.0004441 0.0008270 0.0000197 0.0075325 -0.0036747 0.0007645 -0.0003184 -0.0000793 -0.0000533 0.0075329 -0.0031593 0.0031104 -0.0024143 0.0026692 -0.0019265 -0.0001080 -0.0033000 0.0022974 -0.0009310 -0.0002337 -0.0013249 -0.0001781 -0.0024893
-0.1644250 -0.2457979 -0.0294681 0.1481476 0.7528254 -0.1128316 -0.1280937 -0.3041888 -0.0519257 0.1097733 0.8139358 -0.1180027 -0.5532699 -0.8270795 -0.0991564 0.1910311 0.9707415 -0.1454924 -0.3833781 -0.9104222 -0.1554111 0.1322987 0.9809544 -0.1422167 -0.0019965 0.0114701 -0.0001119 0.0062500 0.0082031 -0.0060246 -0.0019276 0.0115099 -0.0001047 0.0062270 0.0082030 -0.0058506 -0.0227223 0.0160605 -0.0032210 0.0055096 -0.0019894 -0.0058058 -0.0173545 0.0083701 -0.0049493 0.0058843 -0.0015984 -0.0053210
-0.1664215 -0.2343278 -0.0295799 0.1543977 0.7610285 -0.1188563 -0.1300213 -0.2926789 -0.0520304 0.1160003 0.8221388 -0.1238533 -0.5759922 -0.8110190 -0.1023774 0.1965407 0.9687521 -0.1512982 -0.4007326 -0.9020521 -0.1603604 0.1381830 0.9793560 -0.1475377 0.0003911 -0.0010206 -0.0002560 0.0164588 -0.0012543 0.0005792 -0.0003245 -0.0017648 0.0005559 0.0164559 -0.0012542 0.0006017 0.0026041 -0.0017596 -0.0006612 0.0203706 -0.0041787 0.0011393 0.0010132 -0.0008915 0.0025085 0.0193928 -0.0027953 0.0009121
-0.1660304 -0.2353484 -0.0298359 0.1708565 0.7597742 -0.1182770 -0.1303458 -0.2944437 -0.0514744 0.1324562 0.8208846 -0.1232516 -0.5733882 -0.8127786 -0.1030386 0.2169113 0.9645734 -0.1501589 -0.3997194 -0.9029436 -0.1578519 0.1575758 0.9765607 -0.1466256 0.0010448 -0.0006289 -0.0006058 -0.0039041 0.0217217 -0.0282951 0.0002475 -0.0014710 0.0004363 -0.0039118 0.0217217 -0.0282436 0.0035642 -0.0022346 -0.0021002 -0.0114215 -0.0026857 -0.0302463 0.0021757 -0.0012887 0.0018938 -0.0090920 -0.0032522 -0.0283690
-0.1649857 -0.2359773 -0.0304417 0.1669523 0.7814959 -0.1465722 -0.1300982 -0.2959147 -0.0510381 0.1285444 0.8426063 -0.1514952 -0.5698240 -0.8150132 -0.1051388 0.2054897 0.9618877 -0.1804052 -0.3975437 -0.9042323 -0.1559582 0.1484838 0.9733085 -0.1749946 0.0008249 -0.0019349 -0.0010478 0.0024383 -0.0026156 0.0149797 0.0265490 -0.0703261 -0.0130101 0.0024295 -0.0026153 0.0150485 0.0052358 -0.0032235 -0.0031611 0.0041842 0.0022206 0.0175184 0.1292463 -0.0447024 -0.0099917 0.0036309 0.0022673 0.0165238
-0.1641608 -0.2379122 -0.0314895 0.1693906 0.7788803 -0.1315924 -0.1035492 -0.3662408 -0.0640483 0.1309739 0.8399910 -0.1364467 -0.5645882 -0.8182367 -0.1082999 0.2096739 0.9641083 -0.1628868 -0.2682974 -0.9489347 -0.1659499 0.1521147 0.9755758 -0.1584708 0.0008221 -0.0008622 -0.0004171 -0.0020527 -0.0023576 0.0013486 -0.0290298 0.0655335 0.0108799 -0.0020572 -0.0023574 0.0013840 0.0033854 -0.0021496 -0.0013255 -0.0017892 0.0005699 0.0010842 -0.1299455 0.0456652 0.0062418 -0.0018955 0.0004701 0.0010901
-0.1633387 -0.2387744 -0.0319066 0.1673379 0.7765227 -0.1302438 -0.1325790 -0.3007073 -0.0531684 0.1289168 0.8376336 -0.1350627 -0.5612028 -0.8203863 -0.1096254 0.2078847 0.9646781 -0.1618026 -0.3982429 -0.9032696 -0.1597081 0.1502192 0.9760458 -0.1573807 0.0051289 -0.0169304 -0.0030354 -0.0162179 -0.0213784 -0.0011318 0.0050919 -0.0169258 -0.0031024 -0.0162395 -0.0213782 -0.0009561 0.0385660 -0.0243190 -0.0058035 -0.0144492 0.0019160 -0.0063598 0.0306941 -0.0124756 -0.0025222 -0.0153001 0.0013337 -0.0054874
-0.1582099 -0.2557047 -0.0349420 0.1511200 0.7551443 -0.1313756 -0.1274871 -0.3176331 -0.0562708 0.1126773 0.8162554 -0.1360188 -0.5226368 -0.8447053 -0.1154288 0.1934355 0.9665941 -0.1681624 -0.3675488 -0.9157452 -0.1622303 0.1349191 0.9773796 -0.1628681 -0.0008682 0.0010170 0.0001865 -0.0077053 -0.0090135 0.0064486 0.0003439 0.0019625 -0.0007386 -0.0076782 -0.0090132 0.0062294 -0.0036055 0.0021792 0.0004551 -0.0071804 0.0024186 0.0059176 -0.0009228 0.0009055 -0.0029878 -0.0075431 0.0018983 0.0054187
-0.1590781 -0.2546877 -0.0347555 0.1434147 0.7461308 -0.1249270 -0.1271432 -0.3156706 -0.0570094 0.1049991 0.8072422 -0.1297893 -0.5262422 -0.8425261 -0.1149737 0.1862551 0.9690127 -0.1622448 -0.3684716 -0.9148397 -0.1652181 0.1273760 0.9792778 -0.1574494 -0.0012754 0.0029912 0.0004526 -0.0035603 -0.0214179 0.0159969 -0.0005965 0.0032770 0.0006553 -0.0035347 -0.0214177 0.0157912 -0.0075551 0.0046591 0.0007836 0.0011974 0.0023495 0.0162414 -0.0048465 0.0018724 0.0005237 -0.0006258 0.0023812 0.0150420
-0.1603535 -0.2516965 -0.0343029 0.1398544 0.7247129 -0.1089301 -0.1277397 -0.3123936 -0.0563541 0.1014644 0.7858245 -0.1139981 -0.5337974 -0.8378669 -0.1141901 0.1874526 0.9713622 -0.1460034 -0.3733180 -0.9129674 -0.1646944 0.1267502 0.9816591 -0.1424075 -0.0002258 0.0026581 -0.0001484 -0.0004478 -0.0013912 0.0005971 -0.0002737 0.0022291 0.0009955 -0.0004109 -0.0013910 0.0003323 -0.0044877 0.0030542 -0.0012956 -0.0002182 0.0001176 0.0005034 -0.0031040 0.0009319 0.0019129 -0.0002819 0.0000588 0.0001548
-0.1605793 -0.2490384 -0.0344513 0.1394066 0.7233217 -0.1083330 -0.1280134 -0.3101645 -0.0553586 0.1010534 0.7844335 -0.1136658 -0.5382851 -0.8348127 -0.1154857 0.1872344 0.9714798 -0.1455001 -0.3764221 -0.9120354 -0.1627815 0.1264683 0.9817179 -0.1422526 0.0068728 -0.0058297 -0.0012313 0.0056233 -0.0087670 0.0018715 0.0071230 -0.0058385 -0.0008111 0.0056957 -0.0087669 0.0013739 0.0255216 -0.0154248 -0.0035510 0.0095883 -0.0017447 0.0010192 0.0239395 -0.0093406 -0.0009936 0.0084883 -0.0010890 0.0002888
-0.1537065 -0.2548681 -0.0356826 0.1450299 0.7145547 -0.1064615 -0.1208904 -0.3160030 -0.0561697 0.1067492 0.7756666 -0.1122918 -0.5127635 -0.8502375 -0.1190367 0.1968226 0.9697351 -0.1444809 -0.3524826 -0.9213760 -0.1637751 0.1349566 0.9806289 -0.1419639 -0.0037373 0.0132890 0.0011104 -0.0037247 0.0055691 0.0002649 -0.0041306 0.0131008 0.0010460 -0.0037164 0.0055694 0.0002042 -0.0293595 0.0184132 -0.0000049 -0.0062561 0.0014358 0.0012624 -0.0237549 0.0098244 -0.0021138 -0.0055075 0.0009062 0.0011384
-0.1574438 -0.2415791 -0.0345721 0.1413052 0.7201238 -0.1061966 -0.1250211 -0.3029022 -0.0551237 0.1030328 0.7812360 -0.1120876 -0.5421230 -0.8318243 -0.1190416 0.1905665 0.9711709 -0.1432185 -0.3762374 -0.9115516 -0.1658889 0.1294491 0.9815351 -0.1408255 0.0003460 -0.0001259 -0.0000980 -0.0004951 -0.0021236 0.0013411 0.0002275 0.0001126 -0.0009766 -0.0004898 -0.0021235 0.0013133 0.0010594 -0.0006369 -0.0003668 -0.0000644 0.0002121 0.0013594 0.0006566 0.0002712 -0.0029515 -0.0002368 0.0002085 0.0012410
-0.1570978 -0.2417050 -0.0346702 0.1408101 0.7180002 -0.1048555 -0.1247936 -0.3027896 -0.0561003 0.1025430 0.7791125 -0.1107743 -0.5410637 -0.8324613 -0.1194083 0.1905021 0.9713830 -0.1418591 -0.3755808 -0.9112804 -0.1688404 0.1292123 0.9817435 -0.1395844 0.0000000 0.0000000 0.0000000 0.0000000 0.0000000 0.0000000 0.0000000 0.0000000 0.0000000 0.0000000 0.0000000 0.0000000 0.0000000 0.0000000 0.0000000 0.0000000 0.0000000 0.0000000 0.0000000 0.0000000 0.0000000 0.0000000 0.0000000 0.0000000
