-0.1417754 0.2471245 -0.2786831 0.0951275 0.4062310 -0.1212248 -0.1264310 0.3449347 -0.2938191 -0.1232177 0.3644736 -0.2851227 -0.3557359 0.6200727 -0.6992580 0.2189484 0.9349933 -0.2790146 -0.2687624 0.7332493 -0.6245897 -0.2573080 0.7611083 -0.5954047 0.0001247 -0.0000365 -0.0003188 -0.0006403 0.0019481 0.0002183 -0.0007136 0.0003744 0.0016430 -0.0009888 -0.0004869 0.0019617 0.0004519 -0.0003342 -0.0005258 -0.0022827 0.0009891 0.0015386 -0.0018371 0.0016655 0.0027567 -0.0027603 0.0010213 0.0025109
-0.1416508 0.2470880 -0.2790018 0.0944872 0.4081791 -0.1210065 -0.1271446 0.3453091 -0.2921762 -0.1242064 0.3639867 -0.2831611 -0.3552841 0.6197385 -0.6997838 0.2166657 0.9359824 -0.2774761 -0.2705995 0.7349148 -0.6218329 -0.2600683 0.7621296 -0.5928937 -0.0013417 -0.0010214 -0.0008271 -0.0006375 0.0001107 0.0002864 -0.0011749 -0.0009385 0.0000021 -0.0011071 0.0011841 0.0019892 -0.0029818 -0.0032216 -0.0013242 -0.0014058 0.0004974 0.0005848 -0.0027162 -0.0014185 -0.0004867 -0.0023082 0.0024507 0.0041871
-0.1429924 0.2460666 -0.2798290 0.0938497 0.4082898 -0.1207200 -0.1283195 0.3443706 -0.2921741 -0.1253135 0.3651708 -0.2811719 -0.3582658 0.6165169 -0.7011081 0.2152598 0.9364798 -0.2768913 -0.2733156 0.7334963 -0.6223197 -0.2623766 0.7645803 -0.5887066 0.0025393 -0.0004910 -0.0018327 -0.1281248 -0.0388982 -0.1226127 -0.0001009 -0.0004570 -0.0041904 -0.0009967 -0.0008586 -0.0074074 0.0064372 -0.0013613 -0.0044415 -0.2925148 -0.1038825 -0.2715733 0.0011263 -0.0045651 -0.0058302 0.0001142 -0.0081459 -0.0104807
-0.1404531 0.2455756 -0.2816617 -0.0342751 0.3693916 -0.2433328 -0.1284204 0.3439136 -0.2963645 -0.1263102 0.3643122 -0.2885792 -0.3518286 0.6151556 -0.7055496 -0.0772550 0.8325973 -0.5484646 -0.2721894 0.7289312 -0.6281499 -0.2622623 0.7564344 -0.5991873 0.0090404 0.0326289 -0.0298020 -0.1006813 -0.0776827 -0.0633342 0.0047139 0.0242073 -0.0186493 0.0041624 0.0080179 -0.0198694 0.0516686 0.0202916 -0.0058650 -0.2265344 -0.1759548 -0.1418488 0.0248011 0.0072370 -0.0018147 0.0173243 -0.0098160 -0.0193321
-0.1314128 0.2782045 -0.3114637 -0.1349563 0.2917089 -0.3066669 -0.1237065 0.3681209 -0.3150138 -0.1221478 0.3723301 -0.3084486 -0.3001601 0.6354473 -0.7114146 -0.3037894 0.6566426 -0.6903134 -0.2473883 0.7361682 -0.6299646 -0.2449381 0.7466184 -0.6185195 -0.0011499 -0.0028243 -0.0102024 0.0179256 0.0722021 -0.0248126 -0.0002093 -0.0076281 -0.0281859 0.0016306 0.0009165 -0.0222523 0.0013985 -0.0148124 -0.0135364 0.0724898 0.0625912 0.0351772 0.0058036 -0.0333560 -0.0391332 0.0100258 -0.0190857 -0.0260831
-0.1325627 0.2753802 -0.3216660 -0.1170308 0.3639110 -0.3314795 -0.1239158 0.3604928 -0.3431997 -0.1205172 0.3732466 -0.3307009 -0.2987615 0.6206348 -0.7249510 -0.2312996 0.7192337 -0.6551361 -0.2415847 0.7028122 -0.6690978 -0.2349123 0.7275326 -0.6446026 -0.0047480 -0.0124099 -0.0153491 0.0613201 0.0222283 0.0041805 0.0004135 0.0161217 -0.0152942 0.0010615 0.0042056 -0.0195405 -0.0070637 -0.0349343 -0.0256660 0.1219014 0.0390226 0.0124236 0.0104905 0.0018986 -0.0017063 0.0089235 -0.0134609 -0.0179913
-0.1373107 0.2629703 -0.3370152 -0.0557106 0.3861393 -0.3272990 -0.1235023 0.3766145 -0.3584940 -0.1194558 0.3774522 -0.3502415 -0.3058252 0.5857005 -0.7506170 -0.1093982 0.7582564 -0.6427125 -0.2310941 0.7047108 -0.6708041 -0.2259888 0.7140717 -0.6625939 0.0012065 0.0051847 -0.0117179 -0.0532653 -0.0241268 -0.0288128 0.0006254 -0.0017735 -0.0096293 -0.0008583 -0.0030744 -0.0184177 0.0102579 -0.0033686 -0.0067003 -0.1004255 -0.0612330 -0.0429496 0.0033566 -0.0099879 -0.0114683 0.0027803 -0.0195204 -0.0213480
-0.1361042 0.2681550 -0.3487331 -0.1089760 0.3620125 -0.3561118 -0.1228768 0.3748410 -0.3681233 -0.1203141 0.3743778 -0.3686591 -0.2955673 0.5823319 -0.7573173 -0.2098237 0.6970233 -0.6856621 -0.2277375 0.6947229 -0.6822724 -0.2232085 0.6945513 -0.6839419 -0.0022752 -0.0143008 -0.0049863 0.1489310 -0.0117358 0.0884328 -0.0019070 -0.0232979 -0.0030062 -0.0009906 -0.0063080 -0.0163323 -0.0073345 -0.0266650 -0.0169467 0.3000861 0.0942877 0.0809476 -0.0094021 -0.0266491 -0.0230234 0.0011476 -0.0207613 -0.0208248
-0.1383795 0.2538542 -0.3537194 0.0399550 0.3502767 -0.2676791 -0.1247838 0.3515431 -0.3711295 -0.1213047 0.3680698 -0.3849914 -0.3029018 0.5556669 -0.7742640 0.0902625 0.7913110 -0.6047145 -0.2371396 0.6680738 -0.7052958 -0.2220609 0.6737899 -0.7047667 -0.0003971 -0.0039537 0.0000131 0.0035724 -0.0142245 0.0004367 0.0022736 0.0137402 -0.0050609 -0.0000135 -0.0013484 -0.0013258 -0.0022548 -0.0061594 -0.0035027 0.0105981 -0.0126196 -0.0145325 0.0096282 0.0102872 0.0066794 -0.0000117 -0.0025078 -0.0023854
-0.1387766 0.2499005 -0.3537063 0.0435274 0.3360522 -0.2672423 -0.1225102 0.3652833 -0.3761904 -0.1213183 0.3667214 -0.3863172 -0.3051566 0.5495075 -0.7777667 0.1008606 0.7786914 -0.6192470 -0.2275114 0.6783610 -0.6986164 -0.2220726 0.6712821 -0.7071521 0.0000143 -0.0022744 0.0002082 -0.0963636 0.0193749 -0.0881110 -0.0004710 -0.0036176 0.0001342 0.0003920 -0.0040905 0.0067165 -0.0009192 -0.0033046 -0.0019641 -0.2054107 -0.0753869 -0.0839116 -0.0019115 -0.0036688 -0.0029215 -0.0023962 0.0018501 0.0025197
-0.1387623 0.2476261 -0.3534981 -0.0528362 0.3554271 -0.3553534 -0.1229811 0.3616657 -0.3760562 -0.1209262 0.3626309 -0.3796008 -0.3060758 0.5462029 -0.7797307 -0.1045502 0.7033045 -0.7031586 -0.2294229 0.6746922 -0.7015380 -0.2244688 0.6731322 -0.7046324 0.0010596 0.0012023 0.0059861 0.0908539 -0.0247011 0.0982116 -0.0001609 0.0000975 0.0018568 -0.0000595 -0.0002235 0.0094791 -0.0005803 0.0079240 0.0058410 0.1949284 0.0829205 0.0918632 -0.0008147 0.0016935 0.0019003 -0.0029710 0.0081537 0.0088446
-0.1377026 0.2488284 -0.3475120 0.0380177 0.3307260 -0.2571418 -0.1231420 0.3617632 -0.3741995 -0.1209858 0.3624074 -0.3701217 -0.3066561 0.5541269 -0.7738898 0.0903782 0.7862250 -0.6112954 -0.2302377 0.6763857 -0.6996377 -0.2274398 0.6812858 -0.6957879 0.0039394 0.0108672 0.0077464 -0.0142700 0.0129755 0.0039111 -0.0004930 -0.0018332 0.0074679 -0.0011588 0.0015385 0.0145019 0.0081303 0.0254481 0.0156187 -0.0348379 0.0176139 0.0190469 -0.0036918 0.0046366 0.0057462 -0.0059729 0.0141985 0.0162144
-0.1337632 0.2596956 -0.3397656 0.0237477 0.3437015 -0.2532307 -0.1236351 0.3599300 -0.3667315 -0.1221446 0.3639459 -0.3556198 -0.2985257 0.5795751 -0.7582711 0.0555403 0.8038389 -0.5922485 -0.2339295 0.6810224 -0.6938916 -0.2334128 0.6954843 -0.6795734 0.0034798 0.0137415 0.0145688 -0.0916556 0.0256261 -0.0869572 -0.0004421 0.0015408 0.0105189 0.0000131 0.0002313 0.0143059 0.0053612 0.0357150 0.0265111 -0.1895610 -0.0749470 -0.0791344 -0.0035659 0.0108670 0.0120667 -0.0042690 0.0132459 0.0153379
-0.1302834 0.2734371 -0.3251968 -0.0679079 0.3693276 -0.3401880 -0.1240771 0.3614708 -0.3562127 -0.1221315 0.3641772 -0.3413139 -0.2931646 0.6152900 -0.7317600 -0.1340207 0.7288919 -0.6713829 -0.2374954 0.6918893 -0.6818248 -0.2376818 0.7087302 -0.6642355 -0.0032528 -0.0112113 0.0192775 0.1069888 -0.0240938 0.1255913 -0.0016406 0.0182267 0.0303389 -0.0018473 0.0038527 0.0256882 -0.0214253 0.0024718 0.0110635 0.2297206 0.1165044 0.1458863 -0.0061836 0.0440790 0.0501831 -0.0100597 0.0266882 0.0335344
-0.1335362 0.2622258 -0.3059192 0.0390809 0.3452338 -0.2145966 -0.1257178 0.3796975 -0.3258738 -0.1239788 0.3680299 -0.3156256 -0.3145899 0.6177619 -0.7206965 0.0956999 0.8453963 -0.5254966 -0.2436790 0.7359683 -0.6316417 -0.2477415 0.7354184 -0.6307011 -0.0059123 -0.0079696 0.0152345 -0.0319973 0.0239508 -0.0233395 -0.0018774 -0.0278048 0.0162723 -0.0000530 0.0049035 0.0135279 -0.0250342 0.0014739 0.0127399 -0.0795743 -0.0049523 -0.0161619 -0.0189926 -0.0115504 -0.0057141 -0.0024700 0.0169067 0.0212742
-0.1394485 0.2542562 -0.2906847 0.0070836 0.3691846 -0.2379361 -0.1275952 0.3518927 -0.3096015 -0.1240318 0.3729334 -0.3020977 -0.3396240 0.6192358 -0.7079566 0.0161257 0.8404440 -0.5416584 -0.2626716 0.7244179 -0.6373558 -0.2502115 0.7523251 -0.6094269 0.0009242 -0.0006013 0.0022370 -0.0096211 -0.0130499 0.0035784 0.0011469 0.0006330 0.0106543 0.0000788 0.0000468 0.0073949 0.0003765 0.0019678 0.0015451 -0.0220776 -0.0051047 -0.0080441 -0.0012019 0.0112363 0.0135098 -0.0021093 0.0069194 0.0095253
-0.1385243 0.2536549 -0.2884477 -0.0025375 0.3561347 -0.2343577 -0.1264483 0.3525257 -0.2989472 -0.1239530 0.3729802 -0.2947027 -0.3392475 0.6212036 -0.7064115 -0.0059519 0.8353393 -0.5497026 -0.2638735 0.7356541 -0.6238459 -0.2523208 0.7592445 -0.5999016 -0.0026104 -0.0021820 0.0033507 -0.0113610 0.0017129 0.0014027 -0.0036090 -0.0017202 0.0073630 -0.0036849 -0.0008443 0.0049912 -0.0087955 -0.0010630 0.0033527 -0.0265807 0.0022817 0.0044203 -0.0103108 0.0039076 0.0091335 -0.0089224 0.0024255 0.0069338
-0.1411347 0.2514729 -0.2850970 -0.0138985 0.3578476 -0.2329549 -0.1300573 0.3508055 -0.2915842 -0.1276379 0.3721359 -0.2897116 -0.3480430 0.6201406 -0.7030588 -0.0325326 0.8376210 -0.5452822 -0.2741844 0.7395617 -0.6147124 -0.2612432 0.7616700 -0.5929678 0.0061482 0.0901415 0.0159369 0.1417975 -0.0434422 0.1487288 0.0078007 0.0634014 0.0294105 0.0010928 0.0033642 0.0179876 0.0516154 0.1300374 0.1119889 0.3982524 0.0614035 0.3044423 0.0321985 0.0802898 0.0957845 -0.0021365 0.0198626 0.0274257
-0.1349865 0.3416144 -0.2691601 0.1278990 0.3144054 -0.0842262 -0.1222565 0.4142069 -0.2621737 -0.1265451 0.3755001 -0.2717240 -0.2964276 0.7501780 -0.5910700 0.3657199 0.8990245 -0.2408400 -0.2419859 0.8198516 -0.5189280 -0.2633797 0.7815326 -0.5655422 -0.0056619 -0.0818437 -0.0026668 0.0020333 -0.0056850 0.0031687 -0.0059703 -0.0552409 -0.0158033 -0.0003172 0.0142263 0.0038934 -0.0539338 -0.1030780 -0.0860627 0.0113137 -0.0031886 0.0056298 -0.0298118 -0.0589647 -0.0702895 0.0042687 0.0144676 0.0185091
-0.1406485 0.2597707 -0.2718270 0.1299322 0.3087204 -0.0810574 -0.1282268 0.3589660 -0.2779770 -0.1268623 0.3897264 -0.2678306 -0.3503613 0.6470999 -0.6771326 0.3770335 0.8958359 -0.2352101 -0.2717976 0.7608869 -0.5892175 -0.2591110 0.7960002 -0.5470330 0.0005712 0.0002510 -0.0000501 0.0170348 -0.0648430 0.0308155 0.0002961 0.0002778 -0.0001678 0.0008814 -0.0055479 -0.0023824 0.0014200 0.0006306 -0.0001303 0.1312632 -0.0523669 0.0614446 0.0007597 0.0002179 -0.0000686 0.0000465 -0.0059832 -0.0086276
-0.1400773 0.2600217 -0.2718771 0.1469670 0.2438774 -0.0502419 -0.1279308 0.3592438 -0.2781448 -0.1259808 0.3841785 -0.2702130 -0.3489414 0.6477305 -0.6772630 0.5082968 0.8434690 -0.1737656 -0.2710380 0.7611047 -0.5892860 -0.2590645 0.7900170 -0.5556606 -0.0005857 -0.0010674 -0.0028116 0.0075193 0.0429824 -0.0030595 0.0002548 -0.0012598 -0.0040509 0.0004386 -0.0029371 -0.0045532 -0.0002185 -0.0049429 -0.0045812 -0.0403618 0.0254218 0.0123169 0.0013263 -0.0048742 -0.0068441 0.0009689 -0.0062435 -0.0092162
-0.1406630 0.2589543 -0.2746887 0.1544863 0.2868598 -0.0533014 -0.1276759 0.3579840 -0.2821957 -0.1255423 0.3812414 -0.2747661 -0.3491598 0.6427876 -0.6818442 0.4679350 0.8688908 -0.1614487 -0.2697116 0.7562305 -0.5961301 -0.2580955 0.7837735 -0.5648768 0.0022450 -0.0030887 -0.0056929 -0.1542187 0.0855887 -0.1823376 0.0011628 -0.0033722 -0.0099921 0.0025874 0.0005798 -0.0117323 0.0065668 -0.0095046 -0.0121173 -0.4673279 -0.0238207 -0.3732065 0.0042514 -0.0121549 -0.0169624 0.0086622 -0.0091890 -0.0163304
-0.1384180 0.2558656 -0.2803816 0.0002676 0.3724485 -0.2356390 -0.1265131 0.3546118 -0.2921878 -0.1229548 0.3818212 -0.2864984 -0.3425930 0.6332830 -0.6939616 0.0006071 0.8450701 -0.5346551 -0.2654602 0.7440756 -0.6130925 -0.2494333 0.7745845 -0.5812072 0.0051923 0.0183522 -0.0243307 -0.1228262 -0.0030684 -0.0727311 0.0039122 0.0264666 -0.0356203 0.0016441 0.0017581 -0.0237420 0.0335121 0.0028966 -0.0129645 -0.2474312 -0.1011657 -0.0863796 0.0285076 -0.0075597 -0.0204671 0.0106485 -0.0195577 -0.0294615
-0.1332258 0.2742178 -0.3047123 -0.1225586 0.3693801 -0.3083701 -0.1226009 0.3810784 -0.3278081 -0.1213108 0.3835793 -0.3102404 -0.3090810 0.6361796 -0.7069261 -0.2468241 0.7439044 -0.6210347 -0.2369526 0.7365159 -0.6335596 -0.2387848 0.7550269 -0.6106687 0.0037405 0.0023544 -0.0064721 0.1472234 0.0047375 0.0500212 0.0053773 -0.0010489 -0.0091407 0.0078758 0.0033882 -0.0328215 0.0120952 -0.0018368 -0.0068027 0.3009942 0.0777539 0.0536343 0.0120618 -0.0074382 -0.0128689 0.0245286 -0.0241222 -0.0373071
-0.1294852 0.2765722 -0.3111843 0.0246647 0.3741176 -0.2583489 -0.1172236 0.3800295 -0.3369488 -0.1134350 0.3869675 -0.3430619 -0.2969858 0.6343427 -0.7137287 0.0541701 0.8216583 -0.5674004 -0.2248908 0.7290778 -0.6464284 -0.2142562 0.7309047 -0.6479758 -0.0031512 -0.0254539 -0.0200127 0.0067345 0.0000392 -0.0055868 0.0020048 -0.0334630 -0.0190952 0.0056099 -0.0106487 -0.0260327 -0.0070277 -0.0587591 -0.0454019 0.0142443 -0.0064250 -0.0076771 -0.0010063 -0.0496023 -0.0516285 0.0138478 -0.0314623 -0.0380394
-0.1326364 0.2511183 -0.3311970 0.0313993 0.3741568 -0.2639357 -0.1152188 0.3465665 -0.3560440 -0.1078251 0.3763188 -0.3690946 -0.3040135 0.5755836 -0.7591306 0.0684144 0.8152333 -0.5750775 -0.2258971 0.6794755 -0.6980570 -0.2004084 0.6994423 -0.6860152 0.0087545 0.0328317 -0.0324950 0.0189327 -0.0134821 -0.0126816 0.0043402 0.0209856 -0.0179283 -0.0000768 0.0019827 -0.0215514 0.0447114 0.0187634 -0.0021276 0.0416453 -0.0265538 -0.0297956 0.0190153 0.0063182 0.0002842 0.0057800 -0.0170801 -0.0186135
-0.1238819 0.2839500 -0.3636920 0.0503319 0.3606747 -0.2766173 -0.1108786 0.3675521 -0.3739723 -0.1079020 0.3783015 -0.3906460 -0.2593022 0.5943470 -0.7612582 0.1100597 0.7886795 -0.6048731 -0.2068818 0.6857938 -0.6977728 -0.1946284 0.6823622 -0.7046287 0.0003381 0.0008908 -0.0013111 0.0022228 -0.0018158 -0.0021979 0.0009398 -0.0052990 -0.0111096 0.0006213 -0.0018576 -0.0098598 0.0014851 0.0000723 -0.0004478 0.0048214 -0.0042387 -0.0045979 0.0032922 -0.0149569 -0.0153395 0.0030631 -0.0101668 -0.0105328
-0.1235438 0.2848408 -0.3650032 0.0525547 0.3588589 -0.2788153 -0.1099388 0.3622531 -0.3850819 -0.1072807 0.3764439 -0.4005058 -0.2578171 0.5944193 -0.7617060 0.1148811 0.7844408 -0.6094710 -0.2035897 0.6708369 -0.7131123 -0.1915653 0.6721955 -0.7151615 0.0012062 0.0024639 -0.0005332 0.0011720 0.0074667 0.0014785 0.0011637 0.0020403 -0.0019999 0.0009452 0.0030475 -0.0014585 0.0033485 0.0031896 0.0013710 0.0012603 0.0074471 0.0099506 0.0031057 0.0005944 -0.0003204 0.0026707 0.0019341 0.0011110
-0.1223375 0.2873047 -0.3655364 0.0537267 0.3663256 -0.2773368 -0.1087751 0.3642934 -0.3870818 -0.1063354 0.3794914 -0.4019643 -0.2544685 0.5976089 -0.7603350 0.1161413 0.7918879 -0.5995204 -0.2004840 0.6714312 -0.7134327 -0.1888946 0.6741296 -0.7140505 0.0001095 -0.0016989 0.0012750 -0.0053968 -0.0204736 0.0081588 0.0003086 0.0000301 0.0011212 0.0000003 -0.0000287 0.0002482 -0.0008407 -0.0010370 -0.0005323 -0.0065285 -0.0074921 -0.0109779 0.0002585 0.0010979 0.0009622 -0.0000654 0.0001846 0.0001916
-0.1222280 0.2856058 -0.3642614 0.0483300 0.3458520 -0.2691780 -0.1084665 0.3643235 -0.3859606 -0.1063351 0.3794627 -0.4017160 -0.2553092 0.5965720 -0.7608673 0.1096128 0.7843958 -0.6104984 -0.2002255 0.6725291 -0.7124706 -0.1889600 0.6743142 -0.7138589 -0.0018257 0.0008941 0.0055037 -0.0053476 0.0080587 0.0003131 -0.0006116 0.0042148 0.0044441 -0.0007975 -0.0010546 0.0157057 -0.0055367 0.0058471 0.0065129 -0.0133541 0.0081849 0.0083771 -0.0011938 0.0079993 0.0079770 -0.0054496 0.0123693 0.0133800
-0.1240537 0.2864999 -0.3587577 0.0429823 0.3539107 -0.2688649 -0.1090781 0.3685383 -0.3815166 -0.1071326 0.3784081 -0.3860103 -0.2608459 0.6024191 -0.7543545 0.0962587 0.7925807 -0.6021213 -0.2014194 0.6805285 -0.7044936 -0.1944096 0.6866835 -0.7004789 -0.0052912 -0.0218176 0.0279219 -0.0096805 0.0098953 0.0046898 -0.0027809 0.0056802 0.0148910 -0.0038734 0.0023873 0.0201288 -0.0311364 -0.0049271 0.0075281 -0.0223917 0.0143794 0.0161529 -0.0073927 0.0180415 0.0200978 -0.0112992 0.0189813 0.0224515
-0.1293449 0.2646823 -0.3308357 0.0333018 0.3638060 -0.2641752 -0.1118590 0.3742185 -0.3666255 -0.1110060 0.3807954 -0.3658815 -0.2919823 0.5974920 -0.7468264 0.0738670 0.8069601 -0.5859684 -0.2088120 0.6985699 -0.6843958 -0.2057089 0.7056648 -0.6780274 -0.0004433 0.0109013 0.0063851 -0.1414866 0.0004093 -0.0695466 -0.0011874 0.0054939 0.0059233 -0.0009132 0.0046663 0.0227454 0.0003487 0.0217430 0.0177874 -0.2878000 -0.0867322 -0.0739592 -0.0021795 0.0101311 0.0111756 -0.0062345 0.0242912 0.0282241
-0.1297883 0.2755836 -0.3244506 -0.1081847 0.3642153 -0.3337218 -0.1130464 0.3797124 -0.3607022 -0.1119192 0.3854617 -0.3431362 -0.2916336 0.6192350 -0.7290390 -0.2139330 0.7202279 -0.6599276 -0.2109915 0.7087011 -0.6732202 -0.2119434 0.7299559 -0.6498033 -0.0010087 0.0016493 0.0111683 0.1035408 0.0183132 0.0765025 -0.0045141 -0.0043709 0.0322473 -0.0033464 0.0027740 0.0194060 -0.0067814 0.0132756 0.0142811 0.2038592 0.1095707 0.1019556 -0.0184263 0.0237729 0.0322448 -0.0103740 0.0188499 0.0254118
-0.1307969 0.2772329 -0.3132823 -0.0046439 0.3825285 -0.2572192 -0.1175605 0.3753415 -0.3284549 -0.1152656 0.3882357 -0.3237302 -0.2984150 0.6325107 -0.7147578 -0.0100738 0.8297986 -0.5579720 -0.2294178 0.7324740 -0.6409753 -0.2223174 0.7488059 -0.6243915 -0.0008463 0.0047663 0.0141054 -0.0155630 0.0049492 0.0060672 -0.0021963 0.0047060 0.0126704 -0.0012085 -0.0001006 0.0108477 -0.0065303 0.0207270 0.0217290 -0.0336456 0.0085430 0.0145827 -0.0061262 0.0150232 0.0198739 -0.0051855 0.0093189 0.0132539
-0.1316432 0.2819992 -0.2991768 -0.0202069 0.3874777 -0.2511521 -0.1197568 0.3800475 -0.3157845 -0.1164741 0.3881351 -0.3128825 -0.3049452 0.6532377 -0.6930288 -0.0437194 0.8383416 -0.5433893 -0.2355440 0.7474972 -0.6211014 -0.2275029 0.7581248 -0.6111376 -0.0060158 -0.0068001 0.0098399 0.1598334 -0.0301805 0.1459138 -0.0054130 -0.0061203 0.0151643 -0.0021017 -0.0022056 0.0345961 -0.0209717 -0.0016857 0.0080045 0.3947305 0.0598780 0.2788277 -0.0168938 0.0066250 0.0148219 -0.0143147 0.0289211 0.0436140
-0.1376591 0.2751991 -0.2893370 0.1396265 0.3572972 -0.1052383 -0.1251698 0.3739272 -0.3006202 -0.1185757 0.3859295 -0.2782863 -0.3259169 0.6515519 -0.6850243 0.3510110 0.8982196 -0.2645616 -0.2524378 0.7541222 -0.6062795 -0.2418176 0.7870459 -0.5675236 -0.0038660 -0.0001555 0.0040097 -0.0333893 -0.0041904 -0.0041874 -0.0057927 0.0003024 0.0243154 -0.0047207 0.0008162 0.0022262 -0.0103906 0.0020368 0.0069984 -0.0748090 0.0198092 -0.0199302 -0.0185586 0.0202582 0.0345314 -0.0093461 0.0007830 0.0051693
-0.1415251 0.2750436 -0.2853272 0.1062372 0.3531068 -0.1094257 -0.1309626 0.3742296 -0.2763048 -0.1232964 0.3867457 -0.2760601 -0.3363074 0.6535887 -0.6780259 0.2762021 0.9180288 -0.2844918 -0.2709964 0.7743805 -0.5717481 -0.2511637 0.7878289 -0.5623543 0.0068183 0.0371080 0.0124093 -0.0115875 0.0371042 -0.0043097 0.0021699 0.0288413 0.0152075 -0.0032824 0.0120704 0.0158218 0.0273247 0.0624066 0.0520224 -0.0494003 0.0170035 0.0119564 0.0119697 0.0362722 0.0466314 -0.0057198 0.0215426 0.0342175
-0.1347068 0.3121516 -0.2729179 0.0946497 0.3902110 -0.1137355 -0.1287927 0.4030709 -0.2610973 -0.1265788 0.3988161 -0.2602383 -0.3089828 0.7159954 -0.6260034 0.2268017 0.9350323 -0.2725354 -0.2590267 0.8106526 -0.5251166 -0.2568836 0.8093715 -0.5281369 -0.0027413 -0.0082623 0.0034978 -0.0030320 0.0015124 -0.0006696 -0.0032031 -0.0146241 -0.0076332 -0.0000930 0.0079020 0.0080440 -0.0115947 -0.0072182 -0.0023795 -0.0077495 0.0015543 -0.0009999 -0.0101116 -0.0186129 -0.0228227 0.0010030 0.0122102 0.0186974
-0.1374481 0.3038893 -0.2694202 0.0916177 0.3917234 -0.1144050 -0.1319958 0.3884468 -0.2687306 -0.1266718 0.4067181 -0.2521943 -0.3205775 0.7087771 -0.6283829 0.2190522 0.9365866 -0.2735354 -0.2691383 0.7920398 -0.5479394 -0.2558806 0.8215817 -0.5094395 -0.0038537 0.0000051 0.0034541 -0.0054699 0.0019617 -0.0000213 0.0014374 0.0092842 0.0196987 -0.0019572 0.0001085 0.0066902 -0.0096824 0.0015048 0.0067496 -0.0134149 0.0031518 0.0003962 0.0010984 0.0245129 0.0366700 -0.0054193 0.0048552 0.0107168
-0.1413018 0.3038944 -0.2659661 0.0861478 0.3936851 -0.1144263 -0.1305584 0.3977310 -0.2490319 -0.1286290 0.4068266 -0.2455041 -0.3302599 0.7102819 -0.6216333 0.2056374 0.9397384 -0.2731392 -0.2680399 0.8165527 -0.5112693 -0.2612999 0.8264369 -0.4987227 0.0009538 0.0591330 -0.0054428 -0.0010521 0.0004968 -0.0002037 0.0079632 0.0218286 0.0219947 0.0000310 0.0006257 0.0006535 0.0344783 0.0547933 0.0496428 -0.0026604 0.0004953 -0.0002853 0.0191412 0.0352581 0.0503270 0.0001604 0.0009620 0.0015133
-0.1403481 0.3630274 -0.2714089 0.0850957 0.3941819 -0.1146300 -0.1225951 0.4195596 -0.2270372 -0.1285980 0.4074523 -0.2448506 -0.2957816 0.7650752 -0.5719905 0.2029770 0.9402337 -0.2734245 -0.2488987 0.8518108 -0.4609423 -0.2611395 0.8273989 -0.4972094 -0.0025306 -0.0856098 -0.0096830 -0.0027442 -0.0001152 0.0004999 -0.0002291 -0.0875478 -0.0082601 -0.0028110 -0.0082931 -0.0075610 -0.0444178 -0.1045337 -0.0972996 -0.0061731 0.0015075 0.0006761 -0.0400536 -0.0707308 -0.0926105 -0.0069261 -0.0131409 -0.0176933
-0.1428787 0.2774176 -0.2810919 0.0823515 0.3940667 -0.1141301 -0.1228243 0.3320118 -0.2352973 -0.1314090 0.3991592 -0.2524116 -0.3401994 0.6605415 -0.6692901 0.1968039 0.9417412 -0.2727484 -0.2889523 0.7810800 -0.5535528 -0.2680655 0.8142580 -0.5149027 0.0034171 0.0848587 0.0043293 0.0437548 -0.0328625 0.0222147 -0.0043840 0.1021929 -0.0289719 0.0002196 0.0015888 -0.0018325 0.0476741 0.0993448 0.0887716 0.1236930 -0.0237477 0.0391472 0.0461786 0.0475883 0.0492019 0.0016326 -0.0003776 -0.0014424
-0.1394616 0.3622763 -0.2767626 0.1261064 0.3612042 -0.0919154 -0.1272083 0.4342047 -0.2642692 -0.1311894 0.4007480 -0.2542440 -0.2925253 0.7598863 -0.5805185 0.3204969 0.9179936 -0.2336012 -0.2427737 0.8286683 -0.5043509 -0.2664329 0.8138804 -0.5163450 -0.0036138 -0.0898844 -0.0177047 -0.1562516 0.0413133 -0.1386457 -0.0069623 -0.0621693 -0.0254388 -0.0030711 0.0057101 -0.0255277 -0.0434223 -0.1202975 -0.1109042 -0.3853460 -0.0520892 -0.2623868 -0.0309054 -0.0697960 -0.0865912 0.0038860 -0.0190495 -0.0307500
-0.1430754 0.2723919 -0.2944673 -0.0301453 0.4025175 -0.2305611 -0.1341706 0.3720354 -0.2897080 -0.1342604 0.4064581 -0.2797717 -0.3359476 0.6395888 -0.6914227 -0.0648491 0.8659044 -0.4959881 -0.2736791 0.7588723 -0.5909421 -0.2625470 0.7948309 -0.5470950 0.0025268 -0.0007297 -0.0047858 -0.0974556 -0.0190307 -0.0807174 0.0053707 -0.0023705 -0.0265256 0.0085737 0.0009512 -0.0273249 0.0074936 -0.0047300 -0.0079143 -0.1852821 -0.1141695 -0.1141996 0.0177353 -0.0242949 -0.0374596 0.0233443 -0.0194639 -0.0373604
-0.1405486 0.2716622 -0.2992530 -0.1276009 0.3834868 -0.3112785 -0.1287998 0.3696649 -0.3162336 -0.1256868 0.4074093 -0.3070966 -0.3284540 0.6348588 -0.6993370 -0.2501312 0.7517349 -0.6101877 -0.2559438 0.7345775 -0.6284017 -0.2392026 0.7753670 -0.5844555 -0.0024448 0.0162406 -0.0216317 0.1617299 -0.0125970 0.0631849 -0.0036432 0.0258103 -0.0289514 -0.0022174 -0.0010667 -0.0299361 0.0136327 -0.0009978 -0.0071386 0.3263938 0.0770314 0.0558138 0.0113051 -0.0040854 -0.0091979 0.0037379 -0.0273118 -0.0360039
-0.1429934 0.2879028 -0.3208848 0.0341291 0.3708898 -0.2480936 -0.1324430 0.3954752 -0.3451850 -0.1279041 0.4063426 -0.3370328 -0.3148213 0.6338610 -0.7064756 0.0762626 0.8287663 -0.5543739 -0.2446387 0.7304920 -0.6375996 -0.2354647 0.7480552 -0.6204594 0.0003350 -0.0015735 -0.0139877 -0.1528464 0.0065527 -0.1011660 0.0005214 -0.0069730 -0.0155793 -0.0001169 -0.0114927 -0.0240504 0.0067803 -0.0155926 -0.0166115 -0.3012050 -0.1135986 -0.1073935 0.0031748 -0.0193932 -0.0227288 0.0027673 -0.0303560 -0.0358636
-0.1426584 0.2863293 -0.3348724 -0.1187174 0.3774425 -0.3492596 -0.1319216 0.3885022 -0.3607642 -0.1280210 0.3948499 -0.3610832 -0.3080410 0.6182684 -0.7230871 -0.2249424 0.7151677 -0.6617674 -0.2414639 0.7110989 -0.6603284 -0.2326974 0.7176991 -0.6563230 -0.0014169 0.0073283 -0.0233766 0.0034668 -0.0287745 -0.0137734 -0.0004678 -0.0058130 -0.0162214 -0.0038387 -0.0033198 -0.0380831 0.0110479 -0.0129301 -0.0153983 0.0017515 -0.0399476 -0.0412715 0.0021741 -0.0193996 -0.0210618 0.0031648 -0.0361498 -0.0385189
-0.1440753 0.2936576 -0.3582491 -0.1152506 0.3486680 -0.3630330 -0.1323894 0.3826892 -0.3769856 -0.1318597 0.3915301 -0.3991663 -0.2969931 0.6053383 -0.7384854 -0.2231909 0.6752201 -0.7030389 -0.2392899 0.6916992 -0.6813901 -0.2295326 0.6815494 -0.6948419 -0.0001178 -0.0037248 -0.0111009 0.0030900 0.0036583 -0.0109084 -0.0002687 -0.0104441 -0.0106182 -0.0038056 -0.0080208 -0.0189456 0.0034371 -0.0150776 -0.0134569 0.0099077 -0.0052407 -0.0080434 -0.0003663 -0.0192125 -0.0188430 -0.0030282 -0.0241283 -0.0218958
-0.1441931 0.2899329 -0.3693500 -0.1121606 0.3523264 -0.3739414 -0.1326582 0.3722452 -0.3876038 -0.1356653 0.3835094 -0.4181119 -0.2935560 0.5902607 -0.7519422 -0.2132832 0.6699793 -0.7110823 -0.2396562 0.6724867 -0.7002332 -0.2325608 0.6574211 -0.7167377 -0.0010535 0.0041820 -0.0133887 -0.0004197 0.0064451 -0.0068566 -0.0024399 -0.0033651 -0.0196136 -0.0012040 -0.0008945 -0.0045146 0.0054097 -0.0067833 -0.0073507 0.0029164 0.0004184 -0.0004742 0.0008903 -0.0205455 -0.0194636 -0.0008875 -0.0048221 -0.0041065
-0.1452466 0.2941149 -0.3827386 -0.1125803 0.3587715 -0.3807981 -0.1350980 0.3688801 -0.4072174 -0.1368693 0.3826149 -0.4226266 -0.2881463 0.5834774 -0.7592930 -0.2103667 0.6703978 -0.7115565 -0.2387659 0.6519413 -0.7196968 -0.2334483 0.6525991 -0.7208442 0.0033674 0.0045684 -0.0008820 0.0025625 -0.0017552 0.0045509 0.0030904 0.0042892 0.0006735 0.0033351 0.0045240 -0.0004507 0.0080097 0.0062645 0.0018446 0.0028695 0.0029465 0.0019422 0.0061182 0.0057249 0.0032121 0.0066634 0.0048899 0.0023201
-0.1418792 0.2986833 -0.3836207 -0.1100179 0.3570163 -0.3762472 -0.1320076 0.3731693 -0.4065438 -0.1335342 0.3871389 -0.4230773 -0.2801366 0.5897419 -0.7574483 -0.2074972 0.6733442 -0.7096143 -0.2326476 0.6576661 -0.7164847 -0.2267849 0.6574890 -0.7185241 0.0006762 -0.0034810 0.0025701 -0.0014211 0.0090221 0.0039736 0.0006694 0.0033511 0.0024422 0.0036164 -0.0002708 0.0174322 -0.0009893 -0.0020139 -0.0011979 -0.0012505 0.0123201 0.0122702 0.0013077 0.0055391 0.0046978 0.0010009 0.0148490 0.0135537
-0.1412031 0.2952023 -0.3810506 -0.1114389 0.3660384 -0.3722736 -0.1313382 0.3765204 -0.4041016 -0.1299178 0.3868681 -0.4056451 -0.2811258 0.5877280 -0.7586462 -0.2087478 0.6856643 -0.6973442 -0.2313399 0.6632052 -0.7117870 -0.2257840 0.6723379 -0.7049704 -0.0014499 -0.0205438 0.0205945 0.1726598 -0.0209471 0.0998298 0.0005383 0.0020163 0.0086771 0.0010626 -0.0002770 0.0106737 -0.0191358 -0.0096158 -0.0000561 0.3466586 0.0917150 0.0836162 -0.0010637 0.0093739 0.0092018 -0.0012727 0.0088773 0.0089883
-0.1426529 0.2746585 -0.3604560 0.0612209 0.3450913 -0.2724438 -0.1307999 0.3785367 -0.3954246 -0.1288552 0.3865911 -0.3949713 -0.3002616 0.5781123 -0.7587023 0.1379108 0.7773793 -0.6137279 -0.2324036 0.6725791 -0.7025852 -0.2270567 0.6812152 -0.6959821 0.0012784 -0.0032296 0.0095720 -0.0128174 -0.0156828 0.0107954 0.0020653 0.0012836 0.0105123 0.0027528 -0.0038461 0.0201594 -0.0033801 0.0048581 0.0050795 -0.0236044 0.0005305 -0.0041640 0.0008131 0.0107084 0.0101374 -0.0020767 0.0142486 0.0149329
-0.1413745 0.2714289 -0.3508840 0.0484034 0.3294086 -0.2616484 -0.1287346 0.3798203 -0.3849122 -0.1261024 0.3827450 -0.3748120 -0.3036417 0.5829703 -0.7536228 0.1143064 0.7779098 -0.6178919 -0.2315905 0.6832875 -0.6924478 -0.2291334 0.6954638 -0.6810492 0.0052975 0.0102975 0.0131980 -0.0039167 0.0117420 0.0027401 0.0023698 0.0047312 0.0130858 0.0032948 0.0039942 0.0164722 0.0080446 0.0290178 0.0200746 -0.0109874 0.0144009 0.0165859 0.0016853 0.0163565 0.0159555 0.0022778 0.0189382 0.0191079
-0.1360770 0.2817263 -0.3376860 0.0444868 0.3411505 -0.2589084 -0.1263648 0.3845514 -0.3718264 -0.1228076 0.3867392 -0.3583398 -0.2955971 0.6119881 -0.7335482 0.1033190 0.7923107 -0.6013060 -0.2299052 0.6996440 -0.6764924 -0.2268557 0.7144020 -0.6619413 -0.0036089 0.0062369 0.0136031 -0.0151942 0.0258833 0.0054423 -0.0034843 0.0037637 0.0131107 -0.0044536 0.0004621 0.0164295 -0.0110792 0.0202270 0.0220331 -0.0377889 0.0287777 0.0342790 -0.0086307 0.0137003 0.0175230 -0.0123575 0.0134214 0.0192515
-0.1396858 0.2879632 -0.3240829 0.0292925 0.3670338 -0.2534661 -0.1298491 0.3883151 -0.3587156 -0.1272612 0.3872013 -0.3419102 -0.3066763 0.6322151 -0.7115150 0.0655301 0.8210884 -0.5670270 -0.2385359 0.7133443 -0.6589693 -0.2392132 0.7278234 -0.6426897 0.0044739 0.0001666 0.0110438 -0.0148441 0.0143559 0.0061613 0.0063269 -0.0009498 0.0389724 0.0039705 0.0096609 0.0301026 0.0037986 0.0132018 0.0103004 -0.0337601 0.0175328 0.0232392 -0.0002706 0.0355526 0.0408068 0.0019070 0.0360454 0.0425313
-0.1352119 0.2881298 -0.3130392 0.0144484 0.3813897 -0.2473048 -0.1235221 0.3873652 -0.3197432 -0.1232906 0.3968622 -0.3118076 -0.3028777 0.6454170 -0.7012147 0.0317700 0.8386212 -0.5437878 -0.2388065 0.7488969 -0.6181626 -0.2373062 0.7638689 -0.6001584 0.0016537 -0.0071164 0.0153704 -0.1448069 0.0050700 -0.0561034 -0.0009390 -0.0074317 0.0093768 -0.0005554 -0.0010696 0.0136121 -0.0072928 0.0071978 0.0099201 -0.2882138 -0.0783699 -0.0530829 -0.0071010 0.0017674 0.0049475 -0.0051517 0.0109891 0.0163697
-0.1335582 0.2810134 -0.2976687 -0.1303585 0.3864597 -0.3034082 -0.1244611 0.3799336 -0.3103664 -0.1238460 0.3957926 -0.2981956 -0.3101705 0.6526148 -0.6912946 -0.2564438 0.7602513 -0.5968707 -0.2459074 0.7506642 -0.6132151 -0.2424579 0.7748580 -0.5837887 -0.0029465 -0.0009415 0.0081011 0.2755029 -0.0765601 0.2437295 0.0004656 -0.0008436 0.0125424 0.0043461 -0.0011925 0.0204900 -0.0107523 0.0058345 0.0105207 0.6742814 0.1318788 0.4250695 -0.0031903 0.0108996 0.0149085 0.0020646 0.0189439 0.0251390
-0.1365048 0.2800719 -0.2895677 0.1451444 0.3098996 -0.0596786 -0.1239955 0.3790900 -0.2978241 -0.1194999 0.3946001 -0.2777056 -0.3209228 0.6584493 -0.6807739 0.4178376 0.8921301 -0.1718012 -0.2490977 0.7615639 -0.5983066 -0.2403934 0.7938019 -0.5586497 -0.0003870 0.0007284 0.0046539 -0.0141557 0.0156754 -0.0091686 -0.0021730 0.0007657 0.0230184 -0.0041914 0.0003780 0.0106561 -0.0028476 0.0056875 0.0069081 -0.0515656 0.0182458 -0.0207101 -0.0107663 0.0208094 0.0323006 -0.0107221 0.0080743 0.0164915
-0.1368917 0.2808003 -0.2849138 0.1309888 0.3255750 -0.0688472 -0.1261685 0.3798557 -0.2748057 -0.1236913 0.3949781 -0.2670495 -0.3237704 0.6641368 -0.6738657 0.3662720 0.9103759 -0.1925112 -0.2598641 0.7823732 -0.5660060 -0.2511154 0.8018762 -0.5421582 -0.0026668 0.0042929 0.0119674 -0.0046477 0.0017185 -0.0007186 -0.0017182 0.0033351 0.0182815 -0.0018192 0.0116082 0.0045827 -0.0095961 0.0168714 0.0218730 -0.0130309 0.0047143 -0.0019900 -0.0073828 0.0183865 0.0299435 0.0000713 0.0113709 0.0171764
-0.1395586 0.2850932 -0.2729463 0.1263411 0.3272935 -0.0695658 -0.1278867 0.3831908 -0.2565242 -0.1255105 0.4065863 -0.2624668 -0.3333665 0.6810082 -0.6519928 0.3532410 0.9150902 -0.1945013 -0.2672469 0.8007597 -0.5360625 -0.2510441 0.8132472 -0.5249818 0.0099428 0.0578358 0.0123532 -0.0010836 0.0016841 -0.0021320 0.0024066 0.0331269 0.0046509 0.0008318 0.0024945 0.0008013 0.0451957 0.0814153 0.0726241 -0.0045714 0.0006595 -0.0050785 0.0175349 0.0277339 0.0348217 0.0023625 0.0026968 0.0030691
-0.1296158 0.3429290 -0.2605931 0.1252575 0.3289776 -0.0716978 -0.1254801 0.4163177 -0.2518733 -0.1246787 0.4090808 -0.2616656 -0.2881708 0.7624235 -0.5793686 0.3486696 0.9157497 -0.1995797 -0.2497119 0.8284936 -0.5012407 -0.2486816 0.8159440 -0.5219127 -0.0106648 -0.0598412 -0.0148578 -0.0020888 0.0062506 -0.0008935 -0.0001570 -0.0346482 -0.0137637 0.0026600 -0.0024317 0.0136916 -0.0465044 -0.0870455 -0.0777897 -0.0107044 0.0040900 0.0003950 -0.0111172 -0.0361284 -0.0502351 0.0005115 0.0111269 0.0175662
-0.1402806 0.2830878 -0.2754509 0.1231687 0.3352282 -0.0725913 -0.1256371 0.3816695 -0.2656370 -0.1220188 0.4066491 -0.2479740 -0.3346751 0.6753780 -0.6571583 0.3379651 0.9198397 -0.1991848 -0.2608291 0.7923652 -0.5514758 -0.2481702 0.8270709 -0.5043465 -0.0020972 0.0060925 0.0146432 -0.0141823 0.0277398 -0.0244432 -0.0024677 0.0063126 0.0127963 -0.0011896 -0.0031523 -0.0102645 -0.0087108 0.0220652 0.0281440 -0.0593719 0.0079864 -0.0488566 -0.0057846 0.0151088 0.0252602 -0.0009126 -0.0113464 -0.0177181
-0.1423778 0.2891803 -0.2608077 0.1089864 0.3629680 -0.0970344 -0.1281048 0.3879821 -0.2528406 -0.1232084 0.4034968 -0.2582384 -0.3433859 0.6974432 -0.6290144 0.2785932 0.9278261 -0.2480414 -0.2666136 0.8074740 -0.5262156 -0.2490828 0.8157244 -0.5220646 0.0054800 -0.0032218 -0.0094110 0.0046798 -0.0000653 -0.0001878 0.0051717 -0.0032299 -0.0087919 0.0042979 -0.0011375 0.0038614 0.0147558 -0.0109852 -0.0196594 0.0109888 -0.0032761 0.0003529 0.0111665 -0.0079834 -0.0174401 0.0067313 0.0043241 0.0036187
-0.1368978 0.2859585 -0.2702187 0.1136662 0.3629027 -0.0972222 -0.1229331 0.3847522 -0.2616325 -0.1189105 0.4023593 -0.2543771 -0.3286301 0.6864580 -0.6486738 0.2895820 0.9245500 -0.2476885 -0.2554471 0.7994906 -0.5436557 -0.2423515 0.8200485 -0.5184459 0.0054309 -0.0002759 -0.0060987 0.0281656 -0.0277844 0.0141362 0.0042843 -0.0000424 -0.0223193 0.0042580 0.0085768 -0.0149459 0.0145878 -0.0040320 -0.0113809 0.0903983 -0.0267379 0.0250935 0.0146112 -0.0185979 -0.0327162 0.0151045 -0.0055524 -0.0153658
-0.1314669 0.2856826 -0.2763174 0.1418318 0.3351183 -0.0830860 -0.1186487 0.3847098 -0.2839518 -0.1146525 0.4109361 -0.2693229 -0.3140423 0.6824260 -0.6600547 0.3799803 0.8978120 -0.2225950 -0.2408359 0.7808927 -0.5763719 -0.2272470 0.8144961 -0.5338117 0.0023346 -0.0014739 -0.0104860 0.0063213 0.0012742 -0.0061319 0.0012796 -0.0019361 -0.0160946 0.0025093 -0.0107152 -0.0187882 0.0094255 -0.0119917 -0.0165002 0.0117058 -0.0084607 -0.0132785 0.0062472 -0.0158334 -0.0233383 0.0055010 -0.0231204 -0.0358841
-0.1291323 0.2842087 -0.2868034 0.1481532 0.3363925 -0.0892179 -0.1173692 0.3827737 -0.3000464 -0.1121432 0.4002209 -0.2881111 -0.3046168 0.6704342 -0.6765549 0.3916860 0.8893513 -0.2358735 -0.2345887 0.7650593 -0.5997103 -0.2217460 0.7913757 -0.5696958 0.0043481 0.0086485 -0.0128779 -0.1277529 0.0552532 -0.1611749 0.0052745 0.0073531 -0.0197888 0.0066223 0.0052858 -0.0246852 0.0192010 -0.0005897 -0.0088983 -0.3478423 -0.0476358 -0.3022648 0.0176777 -0.0101367 -0.0191932 0.0199420 -0.0158623 -0.0285133
-0.1247843 0.2928572 -0.2996813 0.0204003 0.3916456 -0.2503928 -0.1120946 0.3901267 -0.3198352 -0.1055209 0.4055067 -0.3127963 -0.2854158 0.6698445 -0.6854532 0.0438437 0.8417155 -0.5381383 -0.2169110 0.7549226 -0.6189035 -0.2018040 0.7755134 -0.5982091 0.0050637 0.0108062 -0.0136911 -0.1229846 0.0123979 -0.0763221 0.0047596 0.0105844 -0.0149063 0.0036783 0.0164263 -0.0229052 0.0208339 0.0012503 -0.0070987 -0.2375312 -0.0788494 -0.0787253 0.0155508 -0.0031895 -0.0090706 0.0162040 -0.0065746 -0.0135799
-0.1197205 0.3036633 -0.3133724 -0.1025844 0.4040435 -0.3267149 -0.1073350 0.4007111 -0.3347415 -0.1018426 0.4219329 -0.3357015 -0.2645819 0.6710948 -0.6925519 -0.1936874 0.7628660 -0.6168635 -0.2013602 0.7517330 -0.6279741 -0.1856000 0.7689388 -0.6117890 0.0046734 0.0045632 -0.0198524 0.0056036 -0.0029349 -0.0084669 0.0053327 -0.0059640 -0.0184996 0.0044892 -0.0046255 -0.0079786 0.0188973 -0.0128730 -0.0190541 0.0112690 -0.0083907 -0.0136050 0.0122753 -0.0199779 -0.0268398 0.0083707 -0.0092421 -0.0138712
-0.1150471 0.3082265 -0.3332249 -0.0969808 0.4011087 -0.3351818 -0.1020023 0.3947471 -0.3532410 -0.0973534 0.4173075 -0.3436801 -0.2456847 0.6582218 -0.7116060 -0.1824184 0.7544753 -0.6304685 -0.1890849 0.7317551 -0.6548140 -0.1772293 0.7596967 -0.6256602 0.0032797 0.0027644 -0.0104251 0.0069222 -0.0053575 -0.0276647 0.0027784 -0.0008638 -0.0076661 0.0045401 -0.0127047 -0.0218367 0.0112547 -0.0059245 -0.0091928 0.0169956 -0.0275454 -0.0360209 0.0064741 -0.0068561 -0.0093959 0.0094238 -0.0281792 -0.0351904
-0.1117675 0.3109910 -0.3436499 -0.0900586 0.3957512 -0.3628465 -0.0992240 0.3938834 -0.3609071 -0.0928133 0.4046028 -0.3655168 -0.2344300 0.6522972 -0.7207988 -0.1654228 0.7269299 -0.6664894 -0.1826108 0.7248990 -0.6642099 -0.1678055 0.7315175 -0.6608505 0.0007707 0.0016683 -0.0086766 0.0028541 -0.0035292 -0.0035896 0.0008581 -0.0005621 -0.0069524 -0.0005511 -0.0010415 -0.0149615 0.0050754 -0.0062437 -0.0072200 0.0050615 -0.0056681 -0.0073544 0.0029298 -0.0064343 -0.0077449 0.0018075 -0.0140028 -0.0156236
-0.1109967 0.3126593 -0.3523266 -0.0872044 0.3922220 -0.3664361 -0.0983658 0.3933213 -0.3678596 -0.0933644 0.4035613 -0.3804783 -0.2293546 0.6460536 -0.7280187 -0.1603613 0.7212619 -0.6738439 -0.1796810 0.7184647 -0.6719548 -0.1659980 0.7175148 -0.6764741 0.0007294 -0.0008334 -0.0044051 -0.0005089 -0.0129003 0.0008260 0.0005851 -0.0020116 -0.0051011 -0.0004522 -0.0022622 -0.0031277 0.0026856 -0.0050545 -0.0052898 -0.0038691 -0.0110378 -0.0107072 0.0016871 -0.0061490 -0.0069595 -0.0006319 -0.0047582 -0.0048573
-0.1102673 0.3118259 -0.3567316 -0.0877134 0.3793217 -0.3656101 -0.0977807 0.3913097 -0.3729607 -0.0938167 0.4012991 -0.3836060 -0.2266689 0.6409990 -0.7333086 -0.1642304 0.7102241 -0.6845511 -0.1779939 0.7123156 -0.6789143 -0.1666299 0.7127566 -0.6813314 0.0005130 0.0001486 -0.0013140 0.0005395 0.0021040 -0.0000314 0.0007598 0.0000089 -0.0006376 0.0006020 -0.0013578 0.0013986 0.0014913 -0.0009362 -0.0012761 0.0014459 0.0020327 0.0017689 0.0014810 -0.0003788 -0.0007836 0.0004728 0.0001473 0.0000386
-0.1097544 0.3119745 -0.3580456 -0.0871739 0.3814257 -0.3656415 -0.0970209 0.3913186 -0.3735983 -0.0932146 0.3999413 -0.3822074 -0.2251776 0.6400628 -0.7345847 -0.1627845 0.7122568 -0.6827822 -0.1765129 0.7119368 -0.6796978 -0.1661571 0.7129039 -0.6812928 0.0002795 0.0001444 0.0002463 0.1449597 -0.0123876 0.0899116 0.0003801 0.0005681 -0.0001692 0.0007616 -0.0002788 0.0031686 0.0005036 0.0004951 0.0002774 0.2872480 0.0826055 0.0888943 0.0008362 0.0004469 0.0002517 0.0006258 0.0026662 0.0026480
-0.1094749 0.3121190 -0.3577994 0.0577859 0.3690381 -0.2757299 -0.0966409 0.3918867 -0.3737676 -0.0924531 0.3996625 -0.3790388 -0.2246740 0.6405579 -0.7343073 0.1244636 0.7948622 -0.5938879 -0.1756767 0.7123838 -0.6794461 -0.1655313 0.7155701 -0.6786448 -0.0028763 -0.0035365 0.0067529 -0.0057871 -0.0045009 0.0093264 -0.0012341 -0.0009714 0.0019681 -0.0030072 0.0042819 0.0146550 -0.0090466 0.0013763 0.0040367 -0.0100526 0.0072157 0.0077299 -0.0028306 0.0005795 0.0013469 -0.0073033 0.0157869 0.0189138
-0.1123512 0.3085825 -0.3510464 0.0519987 0.3645372 -0.2664035 -0.0978749 0.3909153 -0.3717995 -0.0954603 0.4039444 -0.3643838 -0.2337206 0.6419342 -0.7302706 0.1144109 0.8020779 -0.5861580 -0.1785073 0.7129633 -0.6780992 -0.1728346 0.7313570 -0.6597311 -0.0039537 -0.0066305 0.0148728 -0.1507204 0.0238657 -0.0749262 -0.0030296 0.0023517 0.0076330 -0.0039550 -0.0023057 0.0129184 -0.0155404 0.0051997 0.0097939 -0.3019481 -0.0642461 -0.0622509 -0.0065038 0.0081023 0.0103902 -0.0102891 0.0084647 0.0123290
-0.1163049 0.3019520 -0.3361736 -0.0987216 0.3884029 -0.3413297 -0.1009045 0.3932670 -0.3641665 -0.0994153 0.4016387 -0.3514654 -0.2492610 0.6471340 -0.7204766 -0.1875371 0.7378318 -0.6484089 -0.1850111 0.7210656 -0.6677090 -0.1831237 0.7398218 -0.6474021 -0.0041625 -0.0015694 0.0150199 -0.0065349 0.0024109 0.0073004 -0.0034534 0.0011258 0.0125292 -0.0045426 -0.0015192 0.0198248 -0.0149564 0.0116856 0.0161004 -0.0130372 0.0068931 0.0118912 -0.0087482 0.0111961 0.0148306 -0.0130273 0.0151364 0.0216521
-0.1204674 0.3003826 -0.3211537 -0.1052566 0.3908138 -0.3340293 -0.1043579 0.3943928 -0.3516373 -0.1039579 0.4001195 -0.3316406 -0.2642174 0.6588196 -0.7043762 -0.2005743 0.7447249 -0.6365177 -0.1937593 0.7322617 -0.6528784 -0.1961510 0.7549581 -0.6257500 -0.0108223 -0.0154745 0.0177986 -0.0128471 0.0010604 0.0154018 -0.0126628 -0.0121035 0.0298476 -0.0085634 -0.0009486 0.0190605 -0.0366386 -0.0059408 0.0092253 -0.0271227 0.0107854 0.0222228 -0.0342564 0.0126324 0.0258682 -0.0205147 0.0136670 0.0238601
-0.1312897 0.2849081 -0.3033551 -0.1181037 0.3918742 -0.3186275 -0.1170207 0.3822893 -0.3217897 -0.1125212 0.3991709 -0.3125802 -0.3008560 0.6528789 -0.6951510 -0.2276969 0.7555103 -0.6142949 -0.2280158 0.7448940 -0.6270101 -0.2166657 0.7686251 -0.6018899 0.0000000 0.0000000 0.0000000 0.0000000 0.0000000 0.0000000 0.0000000 0.0000000 0.0000000 0.0000000 0.0000000 0.0000000 0.0000000 0.0000000 0.0000000 0.0000000 0.0000000 0.0000000 0.0000000 0.0000000 0.0000000 0.0000000 0.0000000 0.0000000
