-0.1464904 0.1289167 -0.4426855 0.3441593 0.0206280 -0.2624227 -0.1536426 0.1180221 -0.5250412 0.3951831 -0.0035130 -0.3012957 -0.3027996 0.2664743 -0.9150431 0.7943005 0.0476082 -0.6056569 -0.2745354 0.2108872 -0.9381668 0.7952141 -0.0070691 -0.6062875 -0.0293850 0.0271481 0.0233561 0.0368348 0.0002926 0.0112733 -0.0227118 0.0147892 0.0412421 0.0290226 0.0036230 0.0011873 -0.0630318 0.0581499 0.0428123 0.0397418 -0.0018105 0.0558605 -0.0570883 0.0388565 0.0284120 0.0211467 0.0072807 0.0287453
-0.1758753 0.1560647 -0.4193294 0.3809941 0.0209206 -0.2511493 -0.1763544 0.1328113 -0.4837991 0.4242058 0.0001100 -0.3001084 -0.3658314 0.3246242 -0.8722308 0.8340423 0.0457977 -0.5497964 -0.3316237 0.2497436 -0.9097548 0.8163608 0.0002116 -0.5775422 -0.0096286 -0.0006311 0.0057369 -0.0112816 0.0001958 0.0421311 -0.0072681 0.0097646 0.0029131 -0.0081410 0.0053100 0.0431068 -0.0212824 -0.0002616 0.0091365 0.0353958 0.0038608 0.0582565 -0.0121539 0.0171868 0.0094409 0.0343663 0.0108705 0.0520514
-0.1855039 0.1554337 -0.4135924 0.3697125 0.0211164 -0.2090182 -0.1836225 0.1425760 -0.4808860 0.4160648 0.0054199 -0.2570016 -0.3871139 0.3243626 -0.8630943 0.8694381 0.0496585 -0.4915399 -0.3437776 0.2669304 -0.9003139 0.8507271 0.0110821 -0.5254908 -0.0167223 0.0036370 -0.0067172 0.0069166 0.0023232 0.0062370 -0.0321501 0.0072456 -0.0306880 0.0083954 0.0020075 0.0078186 -0.0232416 -0.0015779 0.0102060 0.0097326 0.0050569 0.0181846 -0.0314295 -0.0064055 0.0107374 0.0115521 0.0040065 0.0192825
-0.2022262 0.1590707 -0.4203096 0.3766290 0.0234396 -0.2027812 -0.2157726 0.1498216 -0.5115740 0.4244602 0.0074274 -0.2491830 -0.4103555 0.3227847 -0.8528883 0.8791707 0.0547155 -0.4733552 -0.3752072 0.2605249 -0.8895765 0.8622792 0.0150886 -0.5062083 -0.0088789 0.0015692 -0.0100956 0.0076178 0.0043942 0.0149097 -0.0297835 -0.0033579 0.0236403 0.0032972 0.0032001 0.0112302 -0.0071883 -0.0050558 0.0015919 0.0173013 0.0102227 0.0350390 -0.0589950 -0.0015420 0.0267925 0.0114033 0.0066179 0.0201964
-0.2111051 0.1606400 -0.4304052 0.3842468 0.0278339 -0.1878716 -0.2455561 0.1464637 -0.4879336 0.4277573 0.0106276 -0.2379528 -0.4175438 0.3177290 -0.8512964 0.8964719 0.0649381 -0.4383162 -0.4342022 0.2589830 -0.8627840 0.8736825 0.0217065 -0.4860120 -0.0099350 0.0031317 0.0053574 0.0148924 -0.0005773 0.0083522 0.0114244 0.0121236 -0.0287681 0.0196403 -0.0000068 0.0126954 -0.0190305 0.0057350 0.0117882 0.0137657 -0.0027795 0.0289218 0.0367107 0.0102548 -0.0144340 0.0192959 -0.0005080 0.0364120
-0.2210401 0.1637717 -0.4250478 0.3991392 0.0272566 -0.1795194 -0.2341317 0.1585873 -0.5167017 0.4473976 0.0106208 -0.2252573 -0.4365743 0.3234640 -0.8395082 0.9102376 0.0621586 -0.4093944 -0.3974915 0.2692378 -0.8772181 0.8929785 0.0211985 -0.4495999 -0.0044250 0.0012254 0.0028815 0.0002617 0.0003240 0.0029039 -0.0146570 0.0030533 0.0463171 -0.0009252 0.0003994 0.0016576 -0.0087942 0.0024601 0.0055895 0.0025153 0.0008714 0.0057741 -0.0498622 0.0214126 0.0314066 0.0009397 0.0008660 0.0019130
-0.2254651 0.1649971 -0.4221663 0.3994009 0.0275806 -0.1766155 -0.2487887 0.1616406 -0.4703846 0.4464724 0.0110202 -0.2235997 -0.4453685 0.3259241 -0.8339187 0.9127529 0.0630301 -0.4036203 -0.4473537 0.2906504 -0.8458114 0.8939181 0.0220644 -0.4476869 -0.0079880 0.0016470 -0.0058380 0.0012945 -0.0018372 0.0001875 -0.0012958 -0.0126600 -0.0217184 0.0016594 -0.0006956 0.0001693 -0.0077393 -0.0024856 0.0032076 0.0008814 -0.0043320 0.0013431 0.0099550 -0.0300829 -0.0148784 0.0008260 -0.0014502 0.0015837
-0.2334532 0.1666441 -0.4280044 0.4006953 0.0257434 -0.1764279 -0.2500845 0.1489806 -0.4921030 0.4481318 0.0103246 -0.2234304 -0.4531078 0.3234385 -0.8307110 0.9136343 0.0586981 -0.4022772 -0.4373987 0.2605675 -0.8606898 0.8947441 0.0206142 -0.4461032 0.0026303 0.0053497 0.0126537 -0.0033381 0.0009502 0.0001313 0.0056205 0.0037059 0.0124229 0.0178473 0.0016711 -0.0131383 -0.0036518 0.0169083 0.0088019 -0.0012796 0.0025920 -0.0025098 0.0005554 0.0122745 0.0035287 -0.0033081 0.0023341 -0.0064620
-0.2308228 0.1719938 -0.4153507 0.3973572 0.0266936 -0.1762966 -0.2444640 0.1526865 -0.4796801 0.4659791 0.0119958 -0.2365688 -0.4567596 0.3403468 -0.8219092 0.9123547 0.0612900 -0.4047870 -0.4368433 0.2728421 -0.8571611 0.8914360 0.0229484 -0.4525652 0.0012954 -0.0072713 -0.0082351 0.0056140 0.0008500 -0.0342218 0.0056360 -0.0065816 -0.0092045 0.0109639 -0.0054975 -0.0214044 0.0059611 -0.0168271 -0.0100257 -0.0276379 -0.0008185 -0.0574028 0.0129211 -0.0135044 -0.0106142 -0.0119208 -0.0109652 -0.0231548
-0.2295274 0.1647224 -0.4235858 0.4029712 0.0275436 -0.2105185 -0.2388279 0.1461048 -0.4888845 0.4769429 0.0064982 -0.2579731 -0.4507986 0.3235197 -0.8319349 0.8847168 0.0604716 -0.4621898 -0.4239222 0.2593376 -0.8677753 0.8795152 0.0119832 -0.4757200 0.0043723 -0.0076470 0.0016267 -0.0206551 -0.0045077 -0.0153475 0.0094255 -0.0049745 0.0004075 -0.0455712 0.0023798 -0.0266104 0.0035345 -0.0114939 -0.0062744 -0.0248990 -0.0086645 -0.0457761 0.0126673 -0.0063301 -0.0079282 -0.0449205 0.0051935 -0.0748768
-0.2251551 0.1570755 -0.4219591 0.3823161 0.0230359 -0.2258660 -0.2294024 0.1411304 -0.4884770 0.4313717 0.0088780 -0.2845835 -0.4472640 0.3120258 -0.8382093 0.8598178 0.0518070 -0.5079660 -0.4112549 0.2530075 -0.8757035 0.8345946 0.0171767 -0.5505967 0.0189434 -0.0122154 -0.0129645 -0.0200516 0.0014119 -0.0286143 0.0345791 -0.0089744 -0.0375859 -0.0284924 -0.0005218 -0.0227019 0.0370223 -0.0238383 -0.0270362 -0.0427818 0.0033314 -0.0659782 0.0732172 -0.0237040 -0.0370672 -0.0395848 -0.0006872 -0.0557756
-0.2062118 0.1448601 -0.4349236 0.3622645 0.0244478 -0.2544803 -0.1948234 0.1321560 -0.5260629 0.4028793 0.0083562 -0.3072854 -0.4102417 0.2881874 -0.8652455 0.8170360 0.0551385 -0.5739441 -0.3380377 0.2293036 -0.9127707 0.7950098 0.0164895 -0.6063724 0.0227161 -0.0047236 -0.0008091 -0.0411949 0.0010027 -0.0115747 0.0425841 -0.0036453 0.0304573 -0.0480401 0.0033587 -0.0168030 0.0381336 -0.0040067 -0.0183703 -0.0484752 0.0057837 -0.0629254 0.0530257 0.0112854 -0.0150682 -0.0568521 0.0078805 -0.0678155
-0.1834956 0.1401365 -0.4357327 0.3210696 0.0254505 -0.2660550 -0.1522393 0.1285107 -0.4956056 0.3548392 0.0117149 -0.3240884 -0.3721081 0.2841807 -0.8836158 0.7685608 0.0609221 -0.6368695 -0.2850120 0.2405889 -0.9278390 0.7381577 0.0243700 -0.6741879 0.0245216 -0.0046000 0.0065771 -0.0305603 0.0136783 -0.0082496 0.0290580 -0.0033201 -0.0184595 -0.0601496 0.0094952 -0.0162355 0.0390403 -0.0002170 -0.0155118 -0.0449279 0.0365441 -0.0463990 0.0582589 -0.0101371 -0.0184564 -0.0842795 0.0226924 -0.0809468
-0.1589740 0.1355365 -0.4291556 0.2905093 0.0391288 -0.2743046 -0.1231813 0.1251906 -0.5140652 0.2946897 0.0212101 -0.3403239 -0.3330678 0.2839637 -0.8991276 0.7236329 0.0974663 -0.6832685 -0.2267531 0.2304518 -0.9462954 0.6538782 0.0470624 -0.7551347 0.0365546 -0.0049826 0.0155565 -0.0308354 0.0200688 -0.0059024 0.0543327 0.0001915 0.0249593 0.0007029 -0.0036816 0.0190678 0.0614235 0.0057308 -0.0186341 -0.0519271 0.0556618 -0.0415509 0.0916482 0.0155916 -0.0135011 0.0224306 -0.0069305 0.0196106
-0.1224194 0.1305539 -0.4135991 0.2596738 0.0591976 -0.2802069 -0.0688486 0.1253821 -0.4891058 0.2953926 0.0175285 -0.3212561 -0.2716444 0.2896944 -0.9177617 0.6717058 0.1531281 -0.7248194 -0.1351050 0.2460434 -0.9597965 0.6763089 0.0401319 -0.7355241 0.0198572 0.0009210 0.0170257 -0.0314837 0.0134510 0.0004769 0.0340638 0.0000408 0.0295434 -0.0499552 0.0097430 -0.0068540 0.0332404 0.0159165 -0.0040656 -0.0520206 0.0441604 -0.0348302 0.0622784 0.0165461 -0.0023589 -0.0786394 0.0262774 -0.0634633
-0.1025623 0.1314749 -0.3965734 0.2281901 0.0726486 -0.2797300 -0.0347848 0.1254229 -0.4595624 0.2454374 0.0272715 -0.3281101 -0.2384040 0.3056109 -0.9218273 0.6196852 0.1972884 -0.7596496 -0.0728266 0.2625896 -0.9621554 0.5976695 0.0664093 -0.7989875 0.0646939 0.0077305 0.0359079 -0.0290897 0.0013497 -0.0131981 0.0454369 0.0145708 0.0504994 -0.0134382 0.0020782 -0.0050837 0.1409176 0.0527522 -0.0066512 -0.0694311 0.0072208 -0.0499159 0.0974565 0.0611057 0.0163146 -0.0277401 0.0056911 -0.0195368
-0.0378684 0.1392054 -0.3606655 0.1991005 0.0739983 -0.2929281 0.0106521 0.1399937 -0.4090630 0.2319992 0.0293497 -0.3331938 -0.0974864 0.3583631 -0.9284785 0.5502541 0.2045093 -0.8095656 0.0246300 0.3236953 -0.9458408 0.5699294 0.0721005 -0.8185243 0.0320295 0.0086911 0.0151600 -0.0517148 0.0098314 -0.0041741 0.0421560 0.0084877 0.0280973 -0.0565733 0.0083898 -0.0061764 0.0819524 0.0351102 0.0092737 -0.1194045 0.0405487 -0.0589477 0.1034598 0.0364566 0.0217825 -0.1129590 0.0262080 -0.0655083
-0.0058388 0.1478965 -0.3455055 0.1473856 0.0838298 -0.2971022 0.0528082 0.1484814 -0.3809657 0.1754258 0.0377395 -0.3393703 -0.0155340 0.3934733 -0.9192048 0.4308496 0.2450579 -0.8685132 0.1280898 0.3601519 -0.9240582 0.4569704 0.0983084 -0.8840325 -0.0194048 0.0130434 0.0636080 -0.0674033 0.0494809 0.0263909 -0.0866368 0.0123233 0.0310720 -0.0671284 0.0494808 0.0265744 -0.0619993 0.1008378 0.0533843 -0.1746401 0.1819797 0.0013364 -0.2156020 0.0558380 0.0189096 -0.1405990 0.1564898 -0.0297437
-0.0252436 0.1609399 -0.2818976 0.0799823 0.1333107 -0.2707113 -0.0338287 0.1608047 -0.3498936 0.1082975 0.0872203 -0.3127959 -0.0775333 0.4943111 -0.8658205 0.2562094 0.4270376 -0.8671768 -0.0875122 0.4159899 -0.9051486 0.3163714 0.2547982 -0.9137762 -0.0510177 -0.0014162 0.0274974 -0.0018714 0.0011598 0.0057670 0.0462171 0.0034939 0.0687292 -0.0014686 0.0011599 0.0060406 -0.1686207 0.0205950 0.0446750 -0.0019520 0.0106749 0.0047611 0.1255270 0.0881717 0.0423763 0.0009731 0.0077430 0.0025328
-0.0762613 0.1595237 -0.2544002 0.0781109 0.1344704 -0.2649443 0.0123884 0.1642986 -0.2811645 0.1068289 0.0883802 -0.3067553 -0.2461540 0.5149061 -0.8211455 0.2542574 0.4377125 -0.8624157 0.0380148 0.5041615 -0.8627723 0.3173445 0.2625412 -0.9112434 0.0700655 0.0131848 0.0218616 -0.0012480 0.0138234 0.0016054 0.0161705 0.0325903 -0.0052683 -0.0011556 0.0138233 0.0016691 0.2247689 0.0812050 0.0185283 -0.0077783 0.0378269 0.0179572 0.0438754 0.0603991 0.0414531 -0.0053103 0.0392476 0.0103782
-0.0061958 0.1727085 -0.2325386 0.0768629 0.1482938 -0.2633388 0.0285590 0.1968889 -0.2864328 0.1056732 0.1022035 -0.3050862 -0.0213851 0.5961110 -0.8026172 0.2464791 0.4755394 -0.8444586 0.0818902 0.5645606 -0.8213192 0.3120342 0.3017889 -0.9008652 -0.0740005 -0.0954920 0.0238654 -0.0123226 -0.0722273 0.0376256 -0.0184503 -0.0997304 0.0710411 -0.0105093 -0.0722269 0.0389377 -0.3176928 -0.2696318 -0.0796739 0.0150557 -0.1672973 -0.0701924 -0.0391487 -0.1537544 -0.0894010 0.0227725 -0.1963249 -0.0355011
-0.0801963 0.0772165 -0.2086732 0.0645403 0.0760665 -0.2257133 0.0101087 0.0971585 -0.2153917 0.0951639 0.0299766 -0.2661485 -0.3390779 0.3264792 -0.8822911 0.2615348 0.3082421 -0.9146509 0.0427416 0.4108063 -0.9107203 0.3348067 0.1054640 -0.9363663 0.0634484 0.0322970 0.0147442 -0.0028860 0.0111467 0.0007598 -0.0076842 0.0777146 0.0138706 -0.0029681 0.0111467 0.0006978 0.2640904 0.1638582 0.0139904 -0.0139478 0.0419825 0.0112997 -0.0336551 0.2445711 0.1554733 -0.0101720 0.0393369 0.0016765
-0.0167479 0.1095135 -0.1939290 0.0616544 0.0872133 -0.2249534 0.0024245 0.1748731 -0.2015211 0.0921958 0.0411233 -0.2654507 -0.0749874 0.4903374 -0.8683007 0.2475870 0.3502246 -0.9033512 0.0090864 0.6553773 -0.7552470 0.3246346 0.1448010 -0.9346898 -0.0583808 -0.0311811 -0.0191794 -0.0011340 0.0065489 0.0005930 0.0066858 -0.0580372 -0.0072346 -0.0011346 0.0065492 0.0005929 -0.2391539 -0.1628001 -0.0227854 -0.0060685 0.0239519 0.0079961 0.0289684 -0.1673417 -0.1167467 -0.0041128 0.0229989 0.0024297
-0.0751287 0.0783324 -0.2131084 0.0605204 0.0937621 -0.2243604 0.0091103 0.1168359 -0.2087557 0.0910612 0.0476724 -0.2648579 -0.3141413 0.3275373 -0.8910862 0.2415185 0.3741765 -0.8953551 0.0380548 0.4880356 -0.8719937 0.3205218 0.1677999 -0.9322601 0.0000380 0.0004715 -0.0007043 0.0008009 -0.0001105 -0.0027522 0.0015946 -0.0029027 -0.0034255 0.0007852 -0.0001104 -0.0027639 0.0011670 0.0009135 -0.0000744 0.0006648 -0.0043068 -0.0016085 0.0063507 -0.0154270 -0.0081592 -0.0004031 -0.0020285 -0.0005013
-0.0750907 0.0788039 -0.2138127 0.0613212 0.0936516 -0.2271126 0.0107050 0.1139332 -0.2121812 0.0918464 0.0475620 -0.2676218 -0.3129744 0.3284508 -0.8911605 0.2421833 0.3698698 -0.8969635 0.0444055 0.4726086 -0.8801530 0.3201187 0.1657714 -0.9327614 0.0677390 0.0037619 -0.0076865 0.0057611 -0.0058422 -0.0203615 0.0352095 -0.0013644 -0.0402944 0.0056349 -0.0058421 -0.0204562 0.2818889 0.0206622 -0.0454044 0.0053310 -0.0458784 -0.0161445 0.1194456 -0.0708942 -0.0208345 -0.0025615 -0.0298637 -0.0056876
-0.0073518 0.0825658 -0.2214992 0.0670823 0.0878094 -0.2474741 0.0459145 0.1125688 -0.2524756 0.0974813 0.0417199 -0.2880780 -0.0310855 0.3491130 -0.9365649 0.2475143 0.3239914 -0.9131080 0.1638511 0.4017144 -0.9009874 0.3175572 0.1359077 -0.9384490 -0.0023079 -0.0090585 -0.0128234 0.0024992 -0.0146831 -0.0106284 -0.0009256 -0.0217260 -0.0193965 0.0024001 -0.0146832 -0.0107026 -0.0082180 -0.0500250 -0.0168509 0.0035566 -0.0601296 -0.0182031 -0.0088005 -0.0886323 -0.0359965 -0.0016683 -0.0504004 -0.0064863
-0.0096597 0.0735074 -0.2343226 0.0695815 0.0731263 -0.2581025 0.0449890 0.0908428 -0.2718721 0.0998814 0.0270367 -0.2987805 -0.0393035 0.2990880 -0.9534158 0.2510709 0.2638617 -0.9313111 0.1550506 0.3130821 -0.9369839 0.3158889 0.0855073 -0.9449353 -0.0146170 0.0495160 -0.0234485 0.0228085 0.0096849 -0.0027218 -0.0195858 0.0571705 -0.0259542 -0.0198783 0.0795587 -0.0061635 -0.0453864 0.1300835 0.0541719 0.0688055 0.0228507 0.0282745 -0.0788899 0.1306731 0.0440781 -0.0754928 0.2347940 0.0286292
-0.0242766 0.1230233 -0.2577711 0.0923900 0.0828112 -0.2608243 0.0254032 0.1480133 -0.2978263 0.0800031 0.1065953 -0.3049440 -0.0846900 0.4291714 -0.8992438 0.3198764 0.2867124 -0.9030366 0.0761607 0.4437552 -0.8929058 0.2403961 0.3203013 -0.9163061 0.0019277 0.0022220 -0.0241449 0.0665985 -0.0369317 0.0125191 -0.0045155 -0.0260977 -0.0371606 0.0631442 -0.0330867 -0.0040466 0.0124319 -0.0242314 -0.0122398 0.2129412 -0.1329566 0.0708920 -0.0176671 -0.1023446 -0.0451865 0.1704959 -0.1093011 0.0293750
-0.0223489 0.1252453 -0.2819160 0.1589885 0.0458795 -0.2483052 0.0208877 0.1219156 -0.3349870 0.1431473 0.0735086 -0.3089907 -0.0722580 0.4049400 -0.9114836 0.5328176 0.1537558 -0.8321445 0.0584937 0.3414106 -0.9380924 0.4108920 0.2110001 -0.8869311 -0.0003062 -0.0207090 -0.0536046 0.0180251 0.0031777 -0.0192268 0.0246051 -0.0304125 -0.0620456 0.0173673 0.0031777 -0.0190512 0.0079257 -0.1080949 -0.0412726 0.0126438 -0.0025878 0.0077538 0.0524720 -0.1182172 -0.0303452 0.0192440 -0.0055015 0.0078672
-0.0226551 0.1045363 -0.3355206 0.1770136 0.0490572 -0.2675320 0.0454929 0.0915031 -0.3970326 0.1605146 0.0766863 -0.3280419 -0.0643324 0.2968451 -0.9527562 0.5454614 0.1511680 -0.8243907 0.1109657 0.2231934 -0.9684376 0.4301360 0.2054987 -0.8790639 -0.0026900 -0.0117701 -0.0501364 0.0489424 -0.0184482 -0.0210980 -0.0144702 -0.0121278 -0.0445043 0.0483554 -0.0184485 -0.0209343 0.0005655 -0.0634510 -0.0175330 0.0688302 -0.0679535 0.0397117 -0.0419782 -0.0466808 -0.0134402 0.0782416 -0.0637512 0.0296760
-0.0253452 0.0927662 -0.3856570 0.2259560 0.0306090 -0.2886300 0.0310227 0.0793753 -0.4415368 0.2088700 0.0582378 -0.3489762 -0.0637668 0.2333941 -0.9702891 0.6142916 0.0832145 -0.7846790 0.0689874 0.1765126 -0.9818778 0.5083776 0.1417474 -0.8493879 -0.0298289 -0.0080706 -0.0128570 0.0209632 -0.0060155 -0.0025167 -0.0427037 -0.0171512 -0.0357227 0.0204377 -0.0060156 -0.0023654 -0.0704330 -0.0273889 0.0009841 0.0311737 -0.0189254 0.0235999 -0.0932501 -0.0472669 -0.0094379 0.0339922 -0.0182289 0.0183776
-0.0551741 0.0846957 -0.3985139 0.2469192 0.0245934 -0.2911467 -0.0116810 0.0622241 -0.4772595 0.2293077 0.0522222 -0.3513416 -0.1341998 0.2060052 -0.9693051 0.6454653 0.0642891 -0.7610792 -0.0242627 0.1292456 -0.9913157 0.5423698 0.1235185 -0.8310103 -0.0291454 0.0013973 -0.0212799 0.0573595 0.0093482 -0.0292396 -0.0411933 0.0017938 -0.0269230 0.0564562 0.0093483 -0.0289679 -0.0588624 -0.0088824 0.0081237 0.0411564 0.0123022 0.0381100 -0.0792150 -0.0039596 0.0046062 0.0533760 0.0048406 0.0381605
-0.0843195 0.0860929 -0.4197939 0.3042787 0.0339417 -0.3203862 -0.0528744 0.0640179 -0.5041825 0.2857638 0.0615705 -0.3803095 -0.1930622 0.1971227 -0.9611814 0.6866217 0.0765913 -0.7229692 -0.1034777 0.1252861 -0.9867096 0.5957458 0.1283591 -0.7928498 -0.0266169 0.0026083 -0.0149210 0.0360300 -0.0017572 0.0220787 -0.0389262 0.0047232 -0.0190371 0.0357124 -0.0017570 0.0221775 -0.0495112 -0.0031688 0.0106342 0.0634717 -0.0056516 0.0654530 -0.0679067 0.0030482 0.0098996 0.0671507 -0.0050212 0.0543676
-0.1109364 0.0887012 -0.4347149 0.3403087 0.0321845 -0.2983075 -0.0918005 0.0687411 -0.5232196 0.3214762 0.0598135 -0.3581320 -0.2425734 0.1939540 -0.9505472 0.7500934 0.0709396 -0.6575161 -0.1713844 0.1283342 -0.9768100 0.6628966 0.1233378 -0.7384822 -0.0381124 0.0131977 0.0038038 0.0197888 -0.0018978 0.0189459 -0.0468436 0.0106065 0.0029729 0.0195928 -0.0018978 0.0190080 -0.0764468 0.0241478 0.0282361 0.0382789 -0.0046320 0.0459015 -0.0833734 0.0174664 0.0208599 0.0411435 -0.0037872 0.0384570
-0.1490488 0.1018989 -0.4309111 0.3600976 0.0302868 -0.2793616 -0.1386442 0.0793476 -0.5202467 0.3410690 0.0579158 -0.3391240 -0.3190202 0.2181017 -0.9223111 0.7883723 0.0663077 -0.6116147 -0.2547578 0.1458007 -0.9559501 0.7040401 0.1195506 -0.7000252 -0.0163502 0.0003459 -0.0074691 0.0221129 -0.0039363 0.0217311 -0.0266196 0.0059739 0.0012746 0.0218175 -0.0039366 0.0218263 -0.0258695 -0.0049012 0.0082014 0.0394882 -0.0092332 0.0535918 -0.0450171 0.0089655 0.0145775 0.0440950 -0.0082659 0.0458771
-0.1653990 0.1022447 -0.4383802 0.3822104 0.0263504 -0.2576306 -0.1652638 0.0853215 -0.5189721 0.3628866 0.0539792 -0.3172977 -0.3448897 0.2132006 -0.9141097 0.8278605 0.0570745 -0.5580229 -0.2997749 0.1547662 -0.9413726 0.7481350 0.1112847 -0.6541480 -0.0276390 0.0059290 -0.0146141 0.0174169 -0.0081670 0.0297595 -0.0352034 0.0114655 -0.0063932 0.0173415 -0.0081673 0.0297845 -0.0380068 0.0013651 0.0155822 0.0401609 -0.0175787 0.0630694 -0.0515634 0.0148624 0.0206188 0.0458423 -0.0156221 0.0537743
-0.1930380 0.1081737 -0.4529944 0.3996273 0.0181834 -0.2278711 -0.2004672 0.0967870 -0.5253653 0.3802280 0.0458119 -0.2875132 -0.3828966 0.2145657 -0.8985276 0.8680214 0.0394958 -0.4949535 -0.3513383 0.1696286 -0.9207538 0.7939773 0.0956626 -0.6003738 -0.0269293 0.0175870 0.0267792 0.0217042 0.0078560 0.0066946 -0.0149867 0.0076368 0.0090298 0.0216080 0.0078560 0.0067259 -0.0607259 0.0390641 0.0389515 0.0160734 0.0151436 0.0308511 -0.0272182 0.0138459 0.0135426 0.0208629 0.0131649 0.0309952
-0.2199673 0.1257607 -0.4262152 0.4213316 0.0260394 -0.2211765 -0.2154539 0.1044237 -0.5163355 0.4018360 0.0536679 -0.2807873 -0.4436224 0.2536298 -0.8595761 0.8840948 0.0546394 -0.4641023 -0.3785565 0.1834745 -0.9072112 0.8148403 0.1088274 -0.5693785 -0.0030812 0.0007305 0.0039680 -0.0179707 -0.0015541 0.0391516 -0.0249010 0.0145931 0.0387208 0.0423815 -0.0555587 0.0504746 -0.0078860 0.0024214 0.0048376 0.0260008 0.0006063 0.0534031 -0.0602320 0.0338010 0.0352846 0.0729262 -0.1126062 0.1090999
-0.2230485 0.1264912 -0.4222472 0.4033609 0.0244853 -0.1820248 -0.2403549 0.1190168 -0.4776147 0.4442176 -0.0018908 -0.2303127 -0.4515085 0.2560512 -0.8547385 0.9100956 0.0552457 -0.4106993 -0.4387885 0.2172754 -0.8719266 0.8877665 -0.0037788 -0.4602786 -0.0156044 0.0086694 -0.0013751 -0.0118081 0.0136525 0.0293916 -0.0062981 0.0057083 0.0284797 -0.0166289 0.0134952 0.0251734 -0.0213922 0.0117751 0.0153137 0.0178042 0.0351331 0.0489899 -0.0289178 0.0192298 0.0202717 0.0135718 0.0282403 0.0278541
-0.2386530 0.1351607 -0.4236222 0.3915528 0.0381378 -0.1526332 -0.2466530 0.1247252 -0.4491350 0.4275886 0.0116044 -0.2051392 -0.4729006 0.2678264 -0.8394248 0.9278998 0.0903788 -0.3617094 -0.4677063 0.2365053 -0.8516549 0.9013382 0.0244615 -0.4324246 -0.0053909 0.0026010 -0.0009962 0.0038024 0.0019263 0.0034419 -0.0041363 0.0032121 0.0011277 0.0128634 0.0041846 0.0088188 -0.0067832 0.0029531 0.0048100 0.0035244 0.0040090 0.0102269 -0.0062632 0.0052848 0.0049611 0.0115496 0.0082629 0.0255278
-0.2440439 0.1377617 -0.4246185 0.3953552 0.0400642 -0.1491913 -0.2507893 0.1279373 -0.4480073 0.4404520 0.0157889 -0.1963204 -0.4796838 0.2707795 -0.8346148 0.9314242 0.0943879 -0.3514825 -0.4739695 0.2417901 -0.8466938 0.9128878 0.0327244 -0.4068968 -0.0120203 -0.0074055 0.0035530 0.0023115 -0.0004676 0.0004351 -0.0037349 0.0003880 0.0012338 -0.0005106 0.0005569 -0.0011047 -0.0226368 -0.0150600 0.0086115 0.0011435 -0.0015300 0.0026345 -0.0063021 0.0003518 0.0036597 -0.0010648 0.0011539 -0.0022866
-0.2560642 0.1303562 -0.4210655 0.3976667 0.0395966 -0.1487562 -0.2545242 0.1283253 -0.4467735 0.4399415 0.0163458 -0.1974251 -0.5023206 0.2557195 -0.8260034 0.9325677 0.0928579 -0.3488479 -0.4802716 0.2421419 -0.8430341 0.9118230 0.0338783 -0.4091834 -0.0006407 0.0013871 -0.0021821 -0.0006990 0.0007123 0.0013191 -0.0082986 -0.0108672 -0.0432181 -0.0016479 0.0016614 0.0000775 0.0011811 0.0014698 -0.0002610 0.0006455 0.0019024 0.0022450 0.0177989 -0.0354584 -0.0191729 -0.0006306 0.0035578 -0.0010932
-0.2567049 0.1317433 -0.4232476 0.3969677 0.0403089 -0.1474370 -0.2628229 0.1174581 -0.4899916 0.4382936 0.0180072 -0.1973476 -0.5011395 0.2571893 -0.8262644 0.9332132 0.0947602 -0.3466030 -0.4624726 0.2066835 -0.8622071 0.9111924 0.0374361 -0.4102766 0.0053187 -0.0061126 -0.0022690 0.0074299 -0.0033979 -0.0140082 0.0047946 0.0003429 -0.0032809 0.0075459 -0.0038292 -0.0137170 0.0081710 -0.0108274 -0.0081742 -0.0078071 -0.0102947 -0.0228413 0.0090046 0.0003442 -0.0046876 -0.0077316 -0.0087054 -0.0174302
-0.2513862 0.1256307 -0.4255166 0.4043977 0.0369110 -0.1614452 -0.2580283 0.1178010 -0.4932726 0.4458395 0.0141780 -0.2110646 -0.4929685 0.2463619 -0.8344386 0.9254061 0.0844655 -0.3694443 -0.4534680 0.2070277 -0.8668946 0.9034608 0.0287307 -0.4277068 0.0091104 -0.0043205 0.0007947 -0.0165554 -0.0026242 -0.0143513 0.0237461 -0.0073689 -0.0231795 -0.0419966 0.0109005 -0.0307294 0.0120604 -0.0055658 -0.0086181 -0.0175401 -0.0042067 -0.0420624 0.0479668 -0.0158892 -0.0269929 -0.0467038 0.0244737 -0.0852618
-0.2422758 0.1213102 -0.4247220 0.3878423 0.0342868 -0.1757965 -0.2342822 0.1104321 -0.5164521 0.4038429 0.0250785 -0.2417940 -0.4809081 0.2407961 -0.8430567 0.9078660 0.0802589 -0.4115067 -0.4055012 0.1911385 -0.8938875 0.8567570 0.0532043 -0.5129685 0.0212508 -0.0104823 0.0047130 -0.0328423 0.0059581 -0.0114276 0.0305601 -0.0088205 0.0058195 -0.0086672 0.0091738 -0.0006263 0.0274149 -0.0134023 -0.0187066 -0.0277541 0.0195158 -0.0526571 0.0411147 -0.0093914 -0.0194528 -0.0066802 0.0204771 -0.0085105
-0.2210250 0.1108279 -0.4200090 0.3550000 0.0402449 -0.1872241 -0.2037221 0.1016116 -0.5106326 0.3951756 0.0342523 -0.2424202 -0.4534932 0.2273938 -0.8617633 0.8801119 0.0997747 -0.4641638 -0.3643865 0.1817471 -0.9133403 0.8500768 0.0736815 -0.5214791 0.0358379 0.0006070 0.0110050 -0.0231717 0.0147276 -0.0087113 0.0509602 0.0043567 0.0149346 -0.0329267 0.0211298 -0.0149250 0.0531729 0.0134958 -0.0223837 -0.0276507 0.0414487 -0.0391908 0.0758389 0.0184135 -0.0229695 -0.0411106 0.0499966 -0.0532186
-0.1851871 0.1114349 -0.4090040 0.3318283 0.0549725 -0.1959354 -0.1527618 0.1059683 -0.4956980 0.3622489 0.0553821 -0.2573453 -0.4003203 0.2408896 -0.8841470 0.8524612 0.1412234 -0.5033546 -0.2885475 0.2001605 -0.9363098 0.8089662 0.1236781 -0.5746977 0.0303801 -0.0015178 0.0120940 -0.0289147 0.0108492 -0.0118097 0.0484478 0.0018355 0.0210493 -0.0219551 0.0082685 -0.0078005 0.0484722 0.0089319 -0.0179573 -0.0407050 0.0351675 -0.0533663 0.0789930 0.0164045 -0.0172029 -0.0285939 0.0222875 -0.0333427
-0.1548070 0.1099171 -0.3969099 0.3029136 0.0658217 -0.2077451 -0.1043141 0.1078038 -0.4746487 0.3402938 0.0636506 -0.2651458 -0.3518482 0.2498215 -0.9021043 0.8117562 0.1763909 -0.5567209 -0.2095545 0.2165650 -0.9535127 0.7803723 0.1459656 -0.6080404 0.0433274 0.0094891 0.0292294 -0.0104545 -0.0001949 -0.0369856 0.0580238 0.0117144 0.0410317 -0.0144774 0.0014795 -0.0394504 0.0747676 0.0469605 -0.0117594 -0.0559553 -0.0067917 -0.0757355 0.1071793 0.0477607 -0.0054718 -0.0575432 -0.0014732 -0.0677111
-0.1114796 0.1194062 -0.3676806 0.2924591 0.0656269 -0.2447306 -0.0462903 0.1195183 -0.4336171 0.3258164 0.0651302 -0.3045962 -0.2770806 0.2967820 -0.9138637 0.7558009 0.1695992 -0.6324564 -0.1023753 0.2643257 -0.9589845 0.7228290 0.1444924 -0.6757515 -0.0033460 0.0199261 0.0557698 -0.1119645 0.0183079 0.0327337 0.0153263 0.0217243 0.0821995 -0.1080002 0.0180298 0.0351246 -0.0415271 0.0898246 0.0484017 -0.1351232 0.1190323 -0.0965505 0.0208919 0.1073620 0.0342095 -0.1115604 0.0888837 -0.0804801
-0.1148256 0.1393323 -0.3119108 0.1804946 0.0839347 -0.2119970 -0.0309640 0.1412426 -0.3514176 0.2178162 0.0831600 -0.2694715 -0.3186077 0.3866067 -0.8654620 0.6206777 0.2886315 -0.7290069 -0.0814834 0.3716877 -0.9247749 0.6112686 0.2333761 -0.7562316 -0.0222467 -0.0032728 0.0322274 -0.0217775 0.0047178 -0.0490607 -0.0157565 0.0040010 0.0530409 -0.0219859 0.0047178 -0.0491955 -0.0846791 0.0137004 0.0425926 -0.1217585 -0.0099568 -0.0916149 -0.0579295 0.0617168 0.0344241 -0.1015785 -0.0046555 -0.0731675
-0.1370723 0.1360595 -0.2796834 0.1587171 0.0886525 -0.2610577 -0.0467204 0.1452436 -0.2983767 0.1958303 0.0878777 -0.3186670 -0.4032868 0.4003070 -0.8228694 0.4989192 0.2786747 -0.8206218 -0.1394130 0.4334045 -0.8903508 0.5096902 0.2287206 -0.8293991 0.0259314 -0.0777278 0.0465801 -0.1305879 -0.0185422 -0.0103273 0.0251705 -0.0781235 0.0430572 -0.1301873 -0.0185423 -0.0100672 -0.0165107 -0.1799784 -0.0575995 -0.3990651 -0.0297945 -0.1427514 0.0580534 -0.1799991 -0.0735819 -0.3179307 -0.0261745 -0.1309151
-0.1111409 0.0583318 -0.2331032 0.0281292 0.0701103 -0.2713851 -0.0215499 0.0671202 -0.2553194 0.0656430 0.0693355 -0.3287342 -0.4197974 0.2203286 -0.8804689 0.0998541 0.2488801 -0.9633732 -0.0813595 0.2534054 -0.9639327 0.1917595 0.2025461 -0.9603142 0.0494522 0.0141195 0.0210738 0.0136151 0.0035370 0.0344458 0.0361435 0.0296736 0.0393014 0.0138319 0.0035371 0.0345893 0.1543588 0.0914197 -0.0318662 0.0660556 0.0438259 0.0216741 0.1428939 0.1547282 0.0530867 0.0619224 0.0300613 0.0214110
-0.0616887 0.0724513 -0.2120294 0.0417442 0.0736473 -0.2369392 0.0145936 0.0967938 -0.2160180 0.0794749 0.0728726 -0.2941449 -0.2654386 0.3117483 -0.9123351 0.1659097 0.2927061 -0.9416991 0.0615344 0.4081336 -0.9108460 0.2536819 0.2326074 -0.9389032 0.0126081 0.0059275 0.0016600 0.0035093 0.0038165 -0.0030274 0.0057884 0.0047214 0.0021205 -0.0703242 0.0145514 0.0033288 0.0518578 0.0293276 -0.0031159 0.0107320 0.0096643 0.0050188 0.0242341 0.0190464 0.0107566 -0.2235622 0.0551511 -0.0183260
-0.0490806 0.0783788 -0.2103694 0.0452536 0.0774638 -0.2399667 0.0203821 0.1015152 -0.2138976 0.0091507 0.0874240 -0.2908161 -0.2135808 0.3410759 -0.9154509 0.1766417 0.3023703 -0.9366803 0.0857685 0.4271799 -0.9000895 0.0301197 0.2877585 -0.9572293 0.0096477 -0.0089841 -0.0070788 0.0012696 0.0010877 -0.0010951 0.0021014 0.0069274 0.0125854 0.0011541 0.0013300 -0.0009643 0.0433427 -0.0414882 -0.0233068 0.0038412 0.0023641 0.0014996 0.0120857 0.0447921 0.0239234 0.0036493 0.0030908 0.0010565
-0.0394329 0.0693947 -0.2174482 0.0465231 0.0785515 -0.2410618 0.0224835 0.1084426 -0.2013122 0.0103048 0.0887540 -0.2917804 -0.1702381 0.2995877 -0.9387578 0.1804829 0.3047345 -0.9351806 0.0978542 0.4719720 -0.8761661 0.0337690 0.2908493 -0.9561727 0.0006885 0.0014466 0.0031126 -0.0353063 0.0242197 0.0420949 0.0006181 0.0035365 0.0062782 -0.0461275 0.0456392 0.1313336 0.0010779 0.0097089 0.0029584 -0.1304573 0.1536112 0.0478156 0.0043300 0.0233400 0.0134817 -0.2024743 0.3420679 0.2005575
-0.0387445 0.0708413 -0.2143356 0.0112168 0.1027712 -0.1989668 0.0231016 0.1119791 -0.1950339 -0.0358228 0.1343932 -0.1604468 -0.1691602 0.3092966 -0.9357994 0.0500256 0.4583456 -0.8873650 0.1021842 0.4953120 -0.8626844 -0.1687053 0.6329172 -0.7556152 0.0232146 0.0262792 0.0316956 -0.0009534 0.0012373 0.0010854 -0.0268203 0.0451835 -0.0184600 -0.0009791 0.0012375 0.0010543 0.0942954 0.1588918 0.0553478 -0.0041628 0.0064221 0.0031210 -0.1162104 0.0974652 0.0574400 -0.0044804 0.0053466 0.0055312
-0.0155299 0.0971205 -0.1826400 0.0102634 0.1040085 -0.1978815 -0.0037187 0.1571626 -0.2134939 -0.0368019 0.1356307 -0.1593925 -0.0748648 0.4681884 -0.8804515 0.0458628 0.4647677 -0.8842441 -0.0140262 0.5927772 -0.8052444 -0.1731857 0.6382638 -0.7500841 0.0030568 -0.0071014 -0.0058016 0.0140874 -0.0029640 -0.0171653 0.0754692 -0.0616637 0.0117475 0.0141077 -0.0029640 -0.0171395 0.0152453 -0.0379093 -0.0202734 0.0560886 -0.0417171 -0.0161081 0.3200552 -0.1854566 -0.0552417 0.0709547 -0.0406358 -0.0451452
-0.0124731 0.0900191 -0.1884416 0.0243508 0.1010445 -0.2150467 0.0717505 0.0954989 -0.2017465 -0.0226941 0.1326667 -0.1765320 -0.0596195 0.4302791 -0.9007250 0.1019514 0.4230506 -0.9003522 0.3060290 0.4073205 -0.8604860 -0.1022310 0.5976280 -0.7952293 0.0011499 0.0738120 -0.0150338 0.0097730 0.0671155 -0.0197435 0.0004350 0.0719387 -0.0194531 0.0102973 0.0671156 -0.0191116 0.0163153 0.1962773 0.1225528 0.0153905 0.1552025 0.0929773 -0.0542155 0.1767728 0.0888482 0.0579404 0.1161395 0.0962483
-0.0113231 0.1638311 -0.2034754 0.0341238 0.1681600 -0.2347902 0.0721855 0.1674376 -0.2211996 -0.0123969 0.1997823 -0.1956436 -0.0433042 0.6265564 -0.7781721 0.1173419 0.5782531 -0.8073749 0.2518135 0.5840934 -0.7716378 -0.0442906 0.7137675 -0.6989809 -0.0472956 -0.0526482 -0.0192325 0.0075294 -0.0473006 -0.0111326 -0.0427579 -0.0437034 -0.0277236 0.0157819 -0.0773462 -0.1004949 -0.1859190 -0.1917854 -0.0927073 0.0329418 -0.1421962 -0.0799070 -0.1465397 -0.1414477 -0.1188577 0.0548534 -0.3317139 -0.2250989
-0.0586187 0.1111829 -0.2227079 0.0416533 0.1208594 -0.2459229 0.0294275 0.1237342 -0.2489232 0.0033850 0.1224361 -0.2961385 -0.2292231 0.4347710 -0.8708794 0.1502837 0.4360570 -0.8872819 0.1052738 0.4426457 -0.8904955 0.0105628 0.3820536 -0.9240798 0.0849347 -0.0041298 -0.0484561 0.0367553 -0.0761915 0.0065317 0.0410765 0.0355953 -0.0188946 0.0512217 -0.0989619 0.0022228 0.3191260 -0.0690477 -0.0554920 0.1561982 -0.2614600 -0.0484450 0.1153930 0.0560314 0.0522668 0.1715412 -0.3037711 -0.0560783
0.0263160 0.1070532 -0.2711640 0.0784086 0.0446679 -0.2393911 0.0705040 0.1593295 -0.2678178 0.0546067 0.0234742 -0.2939157 0.0899029 0.3657233 -0.9263714 0.3064819 0.1745970 -0.9357269 0.2206668 0.4986771 -0.8382287 0.1821040 0.0782825 -0.9801581 0.0128952 -0.0103178 -0.0255781 0.0098918 0.0006589 0.0093197 0.0259359 -0.0983395 -0.0409101 0.0109220 0.0007348 0.0088509 0.0347495 -0.0582021 -0.0169698 0.0459191 0.0062994 0.0175275 0.0723388 -0.3133759 -0.0997538 0.0411628 0.0042014 0.0088969
0.0392113 0.0967354 -0.2967420 0.0883004 0.0453269 -0.2300714 0.0964400 0.0609901 -0.3087278 0.0655287 0.0242090 -0.2850648 0.1246524 0.3075212 -0.9433411 0.3524010 0.1808964 -0.9181993 0.2930057 0.1853011 -0.9379825 0.2232669 0.0824839 -0.9712612 -0.0333537 -0.0265145 -0.0279814 -0.0085322 -0.0174613 -0.0498973 -0.0436694 0.0008870 -0.0745943 -0.0145937 -0.0248069 -0.0660174 -0.1070242 -0.0961914 -0.0339147 -0.0796344 -0.0856103 -0.0391506 -0.1583366 -0.0273926 -0.0402451 -0.0796900 -0.0841692 -0.0183765
0.0058575 0.0702208 -0.3247234 0.0797682 0.0278656 -0.2799687 0.0527706 0.0618771 -0.3833221 0.0509351 -0.0005979 -0.3510822 0.0176282 0.2113298 -0.9772558 0.2727666 0.0952860 -0.9573500 0.1346691 0.1579085 -0.9782275 0.1435768 -0.0016854 -0.9896377 -0.0364050 0.0002279 -0.0247225 0.1228233 -0.0141389 0.0018410 -0.0304957 -0.0030695 -0.0414302 0.1588020 -0.0225719 0.0119851 -0.1030082 -0.0144262 0.0005577 0.3155392 -0.0554252 0.1496945 -0.0827924 -0.0209499 -0.0109899 0.3815652 -0.0563274 0.1406028
-0.0305475 0.0704487 -0.3494459 0.2025915 0.0137267 -0.2781278 0.0222749 0.0588076 -0.4247523 0.2097371 -0.0231698 -0.3390971 -0.0853799 0.1969036 -0.9766981 0.5883058 0.0398608 -0.8076555 0.0518766 0.1369587 -0.9892174 0.5251421 -0.0580127 -0.8490349 -0.0108449 -0.0035657 -0.0504621 0.0690754 0.0068282 -0.0463067 -0.0235146 -0.0076840 -0.0522788 0.0890407 0.0066703 -0.0574063 -0.0161790 -0.0328016 -0.0045033 0.0529407 0.0086571 0.0418559 -0.0544606 -0.0303988 -0.0050855 0.0763295 0.0247975 0.0508315
-0.0413924 0.0668830 -0.3999080 0.2716669 0.0205549 -0.3244344 -0.0012397 0.0511236 -0.4770311 0.2987778 -0.0164995 -0.3965034 -0.1015589 0.1641020 -0.9812015 0.6412465 0.0485180 -0.7657996 -0.0025839 0.1065598 -0.9943029 0.6014715 -0.0332153 -0.7982034 -0.0212698 0.0032041 -0.0156047 0.0199849 0.0034698 0.0005418 -0.0362384 0.0069945 -0.0269076 0.0239772 0.0034955 0.0021593 -0.0455297 0.0004157 0.0058560 0.0268922 0.0065197 0.0238012 -0.0710959 0.0076972 0.0035877 0.0316892 0.0077048 0.0246036
-0.0626621 0.0700871 -0.4155128 0.2916519 0.0240247 -0.3238927 -0.0374781 0.0581181 -0.5039387 0.3227550 -0.0130040 -0.3943441 -0.1470886 0.1645176 -0.9753455 0.6681386 0.0550377 -0.7419984 -0.0736799 0.1142570 -0.9907152 0.6331607 -0.0255104 -0.7735998 -0.0342205 0.0118458 -0.0162580 0.0302398 0.0074023 0.0062476 -0.0372048 0.0165015 -0.0175565 0.0376868 0.0082615 0.0095601 -0.0681928 0.0175441 0.0159147 0.0419352 0.0142883 0.0412923 -0.0666820 0.0259860 0.0105976 0.0504567 0.0165159 0.0438148
-0.0968827 0.0819329 -0.4317707 0.3218916 0.0314270 -0.3176451 -0.0746829 0.0746197 -0.5214951 0.3604418 -0.0047424 -0.3847840 -0.2152814 0.1820618 -0.9594308 0.7100738 0.0693260 -0.7007061 -0.1403619 0.1402430 -0.9801176 0.6836175 -0.0089946 -0.7297851 -0.0183310 0.0074425 -0.0066341 0.0363544 0.0007731 0.0216805 -0.0317449 0.0043524 -0.0086234 0.0456715 0.0002373 0.0282899 -0.0340889 0.0113839 0.0105403 0.0590203 -0.0001979 0.0653199 -0.0544064 0.0042799 0.0099740 0.0678822 0.0006580 0.0701043
-0.1152137 0.0893754 -0.4384049 0.3582461 0.0322000 -0.2959646 -0.1064278 0.0789721 -0.5301185 0.4061133 -0.0045051 -0.3564941 -0.2493703 0.1934456 -0.9488905 0.7690941 0.0691281 -0.6353862 -0.1947683 0.1445229 -0.9701435 0.7514997 -0.0083366 -0.6596808 -0.0239908 0.0087702 -0.0036428 0.0207781 -0.0091893 0.0016969 -0.0442730 0.0048447 0.0070294 0.0197840 -0.0193293 0.0082748 -0.0444796 0.0137323 0.0157617 0.0198853 -0.0212287 0.0228365 -0.0788454 0.0076555 0.0204187 0.0219478 -0.0349477 0.0273000
-0.1392044 0.0981456 -0.4420476 0.3790242 0.0230108 -0.2942677 -0.1507008 0.0838167 -0.5230890 0.4258973 -0.0238344 -0.3482193 -0.2938500 0.2071780 -0.9331289 0.7889794 0.0478993 -0.6125497 -0.2736136 0.1521784 -0.9497249 0.7734475 -0.0432842 -0.6323808 -0.0183648 0.0064619 -0.0083003 0.0186337 0.0102915 0.0216501 -0.0052396 0.0031694 0.0004421 0.0231735 0.0164161 0.0208206 -0.0287399 0.0069840 0.0111362 0.0338489 0.0210093 0.0484530 -0.0087297 0.0053173 0.0034282 0.0345299 0.0299370 0.0433184
-0.1575692 0.1046075 -0.4503480 0.3976579 0.0333023 -0.2726176 -0.1559404 0.0869861 -0.5226469 0.4490708 -0.0074183 -0.3273987 -0.3225899 0.2141619 -0.9219927 0.8228284 0.0689087 -0.5640967 -0.2823434 0.1574957 -0.9462966 0.8079773 -0.0133472 -0.5890624 -0.0203484 0.0061976 -0.0072471 -0.0132931 -0.0094264 0.0529324 -0.0201901 0.0079343 -0.0047580 -0.0185101 -0.0133793 0.0702561 -0.0309019 0.0059890 0.0128298 0.0441081 -0.0150564 0.0685959 -0.0298997 0.0107787 0.0113164 0.0498267 -0.0280879 0.0767585
-0.1779176 0.1108052 -0.4575951 0.3843648 0.0238759 -0.2196851 -0.1761305 0.0949204 -0.5274049 0.4305607 -0.0207977 -0.2571426 -0.3534918 0.2201509 -0.9091629 0.8669365 0.0538523 -0.4955008 -0.3122431 0.1682744 -0.9349802 0.8578041 -0.0414351 -0.5123039 0.0000000 0.0000000 0.0000000 0.0000000 0.0000000 0.0000000 0.0000000 0.0000000 0.0000000 0.0000000 0.0000000 0.0000000 0.0000000 0.0000000 0.0000000 0.0000000 0.0000000 0.0000000 0.0000000 0.0000000 0.0000000 0.0000000 0.0000000 0.0000000
