-0.1900062 -0.2731118 -0.0112720 0.3222320 0.3683115 -0.1436828 -0.1703353 -0.3617535 -0.0362030 0.3215822 0.3965894 -0.2060802 -0.5707681 -0.8204128 -0.0338604 0.6317891 0.7221356 -0.2817140 -0.4242630 -0.9010382 -0.0901727 0.5840511 0.7202776 -0.3742787 -0.0051601 0.0102663 0.0012797 -0.0070093 0.0073163 -0.0016257 -0.0048082 0.0074903 0.0008679 -0.0080319 0.0059364 -0.0022136 -0.0251005 0.0179106 0.0033526 -0.0154519 0.0123084 -0.0023997 -0.0171606 0.0081697 0.0011158 -0.0151125 0.0101075 -0.0036716
-0.1951663 -0.2628455 -0.0099923 0.3152227 0.3756278 -0.1453086 -0.1751435 -0.3542632 -0.0353351 0.3135503 0.4025258 -0.2082939 -0.5958686 -0.8025023 -0.0305078 0.6163372 0.7344439 -0.2841137 -0.4414236 -0.8928684 -0.0890569 0.5689386 0.7303851 -0.3779503 -0.0003514 0.0021602 0.0002521 -0.0010988 -0.0008416 -0.0016790 -0.0007986 0.0019870 0.0004308 -0.0012430 -0.0022594 -0.0022619 -0.0038708 0.0028648 0.0006304 -0.0011689 -0.0004769 -0.0037412 -0.0036467 0.0017364 0.0007617 -0.0007152 -0.0021256 -0.0051428
-0.1955177 -0.2606853 -0.0097402 0.3141239 0.3747862 -0.1469875 -0.1759422 -0.3522762 -0.0349043 0.3123073 0.4002664 -0.2105558 -0.5997394 -0.7996374 -0.0298774 0.6151683 0.7339670 -0.2878548 -0.4450703 -0.8911321 -0.0882952 0.5682234 0.7282595 -0.3830930 -0.0003328 0.0003811 -0.0001805 -0.0009453 -0.0025241 -0.0011533 0.0001357 -0.0007524 -0.0006378 -0.0012562 -0.0035109 -0.0015301 -0.0012040 0.0009257 -0.0005629 0.0006792 -0.0019354 -0.0034554 0.0010925 -0.0003988 -0.0014620 0.0004836 -0.0028557 -0.0046720
-0.1958505 -0.2603043 -0.0099206 0.3131786 0.3722621 -0.1481408 -0.1758065 -0.3530286 -0.0355421 0.3110510 0.3967555 -0.2120859 -0.6009434 -0.7987117 -0.0304403 0.6158474 0.7320316 -0.2913103 -0.4439778 -0.8915309 -0.0897573 0.5687070 0.7254038 -0.3877650 -0.0017900 0.0056923 -0.0006996 -0.0023195 0.0026278 -0.0009690 -0.0012858 0.0030235 -0.0005004 -0.0028842 0.0023541 -0.0010517 -0.0119086 0.0092005 -0.0024913 -0.0055091 0.0040242 -0.0014507 -0.0055987 0.0029878 -0.0017423 -0.0057763 0.0036527 -0.0015749
-0.1976405 -0.2546119 -0.0106202 0.3108591 0.3748899 -0.1491098 -0.1770922 -0.3500051 -0.0360425 0.3081668 0.3991096 -0.2131375 -0.6128520 -0.7895112 -0.0329316 0.6103383 0.7360558 -0.2927610 -0.4495765 -0.8885431 -0.0914996 0.5629307 0.7290565 -0.3893400 -0.0008041 0.0007535 -0.0002270 -0.0027227 -0.0001441 -0.0001709 -0.0008172 0.0000416 -0.0005069 -0.0041715 -0.0002783 -0.0001440 -0.0026703 0.0021102 -0.0007136 -0.0033036 0.0022005 -0.0013248 -0.0016419 0.0009569 -0.0011978 -0.0050881 0.0028135 -0.0020394
-0.1984446 -0.2538584 -0.0108472 0.3081365 0.3747458 -0.1492807 -0.1779095 -0.3499635 -0.0365494 0.3039953 0.3988313 -0.2132815 -0.6155222 -0.7874010 -0.0336451 0.6070347 0.7382563 -0.2940858 -0.4512184 -0.8875861 -0.0926974 0.5578426 0.7318701 -0.3913794 -0.0032872 0.0166366 0.0011554 -0.0031237 0.0154052 -0.0013511 -0.0032591 0.0160593 0.0006108 -0.0030184 0.0154839 -0.0013282 -0.0319865 0.0259782 0.0025367 -0.0177858 0.0154698 0.0030829 -0.0235631 0.0125363 -0.0014854 -0.0157850 0.0143089 0.0048687
-0.2017318 -0.2372218 -0.0096919 0.3050127 0.3901510 -0.1506318 -0.1811686 -0.3339042 -0.0359386 0.3009770 0.4143152 -0.2146097 -0.6475087 -0.7614228 -0.0311084 0.5892489 0.7537261 -0.2910029 -0.4747815 -0.8750498 -0.0941829 0.5420576 0.7461790 -0.3865106 0.0015656 -0.0177530 -0.0027078 0.0076455 -0.0180463 0.0039583 0.0013203 -0.0168663 -0.0021869 0.0098685 -0.0176141 0.0040221 0.0304650 -0.0245771 -0.0071155 0.0266185 -0.0207623 0.0020887 0.0206522 -0.0106696 -0.0020865 0.0270390 -0.0198976 0.0009663
-0.2001662 -0.2549748 -0.0123997 0.3126582 0.3721047 -0.1466735 -0.1798483 -0.3507705 -0.0381255 0.3108455 0.3967011 -0.2105876 -0.6170438 -0.7859999 -0.0382239 0.6158674 0.7329638 -0.2889142 -0.4541293 -0.8857194 -0.0962694 0.5690966 0.7262814 -0.3855443 -0.0002740 0.0027579 -0.0005094 0.0041655 0.0027334 0.0015317 -0.0064113 0.0289525 0.0056559 0.0060528 0.0036511 0.0018662 -0.0046256 0.0037441 -0.0018138 0.0031615 -0.0005829 0.0053276 -0.0448951 0.0235088 0.0092774 0.0054027 -0.0004897 0.0071570
-0.2004401 -0.2522168 -0.0129091 0.3168238 0.3748382 -0.1451418 -0.1862596 -0.3218179 -0.0324695 0.3168983 0.4003523 -0.2087214 -0.6216694 -0.7822558 -0.0400377 0.6190289 0.7323809 -0.2835866 -0.4990244 -0.8622106 -0.0869919 0.5744994 0.7257916 -0.3783873 0.0439982 0.0156814 -0.0054609 0.0445419 0.0185554 0.0017836 0.0436487 0.0154797 -0.0049859 0.0449754 0.0221933 0.0033699 0.0711741 -0.0500761 -0.0246035 0.0343431 -0.0211004 0.0243858 0.0795514 -0.0388470 -0.0231787 0.0357277 -0.0132537 0.0321034
-0.1564419 -0.2365354 -0.0183700 0.3613656 0.3933936 -0.1433582 -0.1426109 -0.3063382 -0.0374554 0.3618737 0.4225456 -0.2053515 -0.5504952 -0.8323320 -0.0646412 0.6533720 0.7112805 -0.2592008 -0.4194730 -0.9010576 -0.1101706 0.6102270 0.7125380 -0.3462839 -0.0454255 -0.0340663 0.0043921 -0.0459313 -0.0287118 0.0157083 -0.0454969 -0.0340776 0.0043824 -0.0472827 -0.0230380 0.0187123 -0.0469363 0.0314798 0.0232733 -0.0209662 0.0198603 0.0032789 -0.0624409 0.0289453 0.0254408 -0.0294489 0.0250080 0.0017224
-0.2018675 -0.2706017 -0.0139779 0.3154343 0.3646818 -0.1276499 -0.1881078 -0.3404158 -0.0330730 0.3145909 0.3995076 -0.1866392 -0.5974316 -0.8008522 -0.0413679 0.6324058 0.7311408 -0.2559218 -0.4819139 -0.8721123 -0.0847298 0.5807782 0.7375460 -0.3445615 0.0019884 0.0178189 0.0000479 0.0104842 0.0216477 0.0023471 0.0019601 0.0178033 0.0000854 0.0135254 0.0231984 0.0033263 -0.0222335 0.0171749 -0.0018179 -0.0065347 0.0107393 0.0152991 -0.0159105 0.0093330 -0.0034905 -0.0006944 0.0097647 0.0204789
-0.1998790 -0.2527828 -0.0139300 0.3259185 0.3863295 -0.1253028 -0.1861477 -0.3226125 -0.0329876 0.3281164 0.4227060 -0.1833129 -0.6196651 -0.7836773 -0.0431858 0.6258711 0.7418801 -0.2406227 -0.4978244 -0.8627793 -0.0882203 0.5800837 0.7473107 -0.3240826 0.0003929 -0.0028713 0.0002494 0.0079980 0.0009864 0.0031796 0.0000949 -0.0029432 0.0003012 0.0105442 0.0027538 0.0044819 0.0050344 -0.0040107 0.0010351 0.0092360 -0.0052077 0.0083452 0.0035177 -0.0021597 0.0013790 0.0115250 -0.0040715 0.0116813
-0.1994861 -0.2556541 -0.0136806 0.3339165 0.3873159 -0.1221232 -0.1860529 -0.3255557 -0.0326864 0.3386605 0.4254598 -0.1788310 -0.6146306 -0.7876881 -0.0421508 0.6351071 0.7366724 -0.2322775 -0.4943067 -0.8649390 -0.0868414 0.5916088 0.7432392 -0.3124013 -0.0015218 0.0084572 -0.0004344 0.0100534 0.0093494 0.0138545 -0.0011648 0.0084281 -0.0000673 0.0161056 0.0137386 0.0179543 -0.0156471 0.0125809 -0.0021080 0.0065332 0.0032657 0.0303135 -0.0120695 0.0071891 -0.0017490 0.0127044 0.0048971 0.0383619
-0.2010080 -0.2471969 -0.0141150 0.3439699 0.3966653 -0.1082687 -0.1872176 -0.3171276 -0.0327537 0.3547661 0.4391984 -0.1608767 -0.6302777 -0.7751072 -0.0442588 0.6416403 0.7399380 -0.2019641 -0.5063763 -0.8577499 -0.0885904 0.6043132 0.7481363 -0.2740394 -0.0002937 0.0159843 -0.0001034 0.0178930 0.0152009 0.0073702 -0.0009028 0.0159696 -0.0004794 0.0253181 0.0159472 0.0100977 -0.0256548 0.0217109 -0.0020712 0.0074905 -0.0011085 0.0209664 -0.0211082 0.0133111 -0.0045941 0.0168955 -0.0042474 0.0276066
-0.2013016 -0.2312126 -0.0142184 0.3618629 0.4118661 -0.1008985 -0.1881204 -0.3011580 -0.0332330 0.3800842 0.4551456 -0.1507790 -0.6559326 -0.7533963 -0.0463300 0.6491308 0.7388295 -0.1809976 -0.5274845 -0.8444388 -0.0931845 0.6212087 0.7438889 -0.2464328 0.0036560 -0.0295505 0.0008272 0.0070438 -0.0288534 0.0040024 0.0033703 -0.0295658 0.0006932 0.0077912 -0.0274140 0.0055758 0.0523903 -0.0428854 0.0054379 0.0333517 -0.0302508 0.0017385 0.0415854 -0.0253762 0.0076036 0.0302591 -0.0254795 0.0025524
-0.1976456 -0.2607632 -0.0133912 0.3689067 0.3830127 -0.0968961 -0.1847501 -0.3307239 -0.0325398 0.3878754 0.4277315 -0.1452032 -0.6035422 -0.7962818 -0.0408921 0.6824824 0.7085788 -0.1792591 -0.4858991 -0.8698149 -0.0855809 0.6514678 0.7184094 -0.2438804 -0.0001518 -0.0004985 0.0002541 0.0078094 0.0002818 0.0048893 -0.0002833 -0.0004832 0.0001153 0.0106080 0.0012710 0.0070434 0.0004175 -0.0003586 0.0008345 0.0084259 -0.0056055 0.0105160 -0.0000446 -0.0000169 0.0004260 0.0109070 -0.0053046 0.0142258
-0.1977974 -0.2612617 -0.0131371 0.3767161 0.3832945 -0.0920068 -0.1850334 -0.3312071 -0.0324245 0.3984834 0.4290025 -0.1381598 -0.6031248 -0.7966404 -0.0400576 0.6909083 0.7029733 -0.1687432 -0.4859437 -0.8698318 -0.0851549 0.6623748 0.7131048 -0.2296547 -0.0006607 0.0159125 0.0032927 0.0137163 0.0150268 0.0039455 -0.0007693 0.0159297 0.0031625 0.0178584 0.0153882 0.0065163 -0.0254652 0.0195288 0.0088769 0.0005264 0.0024323 0.0127913 -0.0201623 0.0110515 0.0054483 0.0058895 0.0001803 0.0183555
-0.1984580 -0.2453492 -0.0098444 0.3904324 0.3983213 -0.0880613 -0.1858028 -0.3152774 -0.0292621 0.4163418 0.4443907 -0.1316435 -0.6285899 -0.7771116 -0.0311807 0.6914348 0.7054055 -0.1559519 -0.5061059 -0.8587803 -0.0797066 0.6682642 0.7132851 -0.2112992 0.0118746 0.0044636 -0.0033435 0.0226815 0.0032241 0.0118570 0.0121662 0.0044571 -0.0031236 0.0278783 0.0040752 0.0160289 0.0168020 -0.0127274 -0.0120608 0.0194490 -0.0144289 0.0248200 0.0204122 -0.0106420 -0.0108821 0.0239565 -0.0144483 0.0311388
-0.1865835 -0.2408856 -0.0131878 0.4131139 0.4015454 -0.0762043 -0.1736365 -0.3108203 -0.0323856 0.4442201 0.4484659 -0.1156147 -0.6117879 -0.7898390 -0.0432416 0.7108837 0.6909767 -0.1311319 -0.4856938 -0.8694224 -0.0905887 0.6922207 0.6988367 -0.1801604 -0.0019920 -0.0002181 0.0020038 0.0038435 0.0022667 -0.0016894 -0.0027397 -0.0002361 0.0015821 -0.0199906 0.0527066 0.0176671 -0.0038776 0.0026779 0.0067276 0.0010738 -0.0014649 -0.0018721 -0.0057336 0.0027431 0.0047626 -0.0532064 0.0560761 0.0326226
-0.1885755 -0.2411038 -0.0111841 0.4169574 0.4038120 -0.0778937 -0.1763763 -0.3110564 -0.0308035 0.4242296 0.5011724 -0.0979476 -0.6156655 -0.7871612 -0.0365140 0.7119575 0.6895117 -0.1330040 -0.4914274 -0.8666793 -0.0858261 0.6390143 0.7549128 -0.1475378 -0.0017510 -0.0005029 -0.0004802 0.0007813 -0.0068106 0.0068725 -0.0016419 -0.0005247 -0.0003373 0.0031013 -0.0068795 0.0075185 -0.0027014 0.0021859 -0.0013831 0.0074696 -0.0057981 0.0106918 -0.0027950 0.0016534 -0.0006284 0.0088177 -0.0055665 0.0104476
-0.1903264 -0.2416066 -0.0116643 0.4177388 0.3970015 -0.0710212 -0.1780182 -0.3115811 -0.0311408 0.4273309 0.4942930 -0.0904291 -0.6183669 -0.7849753 -0.0378971 0.7194272 0.6837136 -0.1223122 -0.4942224 -0.8650259 -0.0864545 0.6478320 0.7493464 -0.1370902 -0.0011107 -0.0002563 0.0005171 0.0059342 -0.0021455 0.0032711 -0.0012611 -0.0002642 0.0004475 0.0035154 -0.0023644 0.0012312 -0.0018560 0.0013815 0.0017820 0.0071659 -0.0065413 0.0061219 -0.0023778 0.0012204 0.0014348 0.0049815 -0.0039816 0.0019385
-0.1914371 -0.2418629 -0.0111472 0.4236730 0.3948560 -0.0677500 -0.1792793 -0.3118453 -0.0306933 0.4308463 0.4919286 -0.0891979 -0.6202229 -0.7835938 -0.0361150 0.7265931 0.6771723 -0.1161903 -0.4966002 -0.8638055 -0.0850197 0.6528135 0.7453647 -0.1351517 -0.0025853 -0.0099420 -0.0013930 -0.0014035 -0.0112602 0.0046083 -0.0023989 -0.0100236 -0.0009821 -0.0000750 -0.0109213 0.0067291 0.0103418 -0.0079182 -0.0033034 0.0091037 -0.0088547 0.0061819 0.0068463 -0.0038638 -0.0003682 0.0089467 -0.0064310 0.0084614
-0.1940224 -0.2518049 -0.0125403 0.4222695 0.3835958 -0.0631417 -0.1816782 -0.3218689 -0.0316754 0.4307713 0.4810073 -0.0824688 -0.6098811 -0.7915120 -0.0394185 0.7356968 0.6683176 -0.1100084 -0.4897539 -0.8676693 -0.0853880 0.6617602 0.7389337 -0.1266904 -0.0014351 -0.0057333 -0.0001092 0.0001521 -0.0066526 0.0017641 -0.0014239 -0.0057901 0.0001038 0.0031680 -0.0061927 0.0061391 0.0057925 -0.0044457 0.0003237 0.0060866 -0.0063956 0.0022276 0.0036521 -0.0022042 0.0015715 0.0081590 -0.0059109 0.0088519
-0.1954575 -0.2575381 -0.0126494 0.4224216 0.3769432 -0.0613777 -0.1831021 -0.3276590 -0.0315715 0.4339393 0.4748146 -0.0763297 -0.6040886 -0.7959576 -0.0390948 0.7417833 0.6619221 -0.1077808 -0.4861018 -0.8698734 -0.0838165 0.6699192 0.7330228 -0.1178384 -0.0002463 -0.0042459 0.0008462 0.0017997 -0.0047111 0.0025490 -0.0000889 -0.0042389 0.0009205 0.0007948 -0.0046793 0.0020190 0.0057213 -0.0044512 0.0030064 0.0058303 -0.0059301 0.0041058 0.0044448 -0.0027730 0.0032268 0.0044780 -0.0037083 0.0025612
-0.1957038 -0.2617841 -0.0118032 0.4242213 0.3722320 -0.0588287 -0.1831910 -0.3318980 -0.0306511 0.4347341 0.4701352 -0.0743107 -0.5983673 -0.8004088 -0.0360884 0.7476136 0.6559919 -0.1036750 -0.4816570 -0.8726464 -0.0805897 0.6743972 0.7293144 -0.1152772 -0.0001775 -0.0003402 0.0000738 0.0007503 -0.0005416 0.0004264 -0.0007224 -0.0005292 0.0004240 0.0005147 -0.0006044 -0.0001267 0.0001449 -0.0001203 0.0002669 0.0011081 -0.0011419 0.0007809 -0.0009146 0.0003884 0.0012767 0.0008808 -0.0008488 -0.0002107
-0.1958812 -0.2621243 -0.0117294 0.4249716 0.3716904 -0.0584023 -0.1839134 -0.3324272 -0.0302270 0.4352488 0.4695308 -0.0744374 -0.5982224 -0.8005291 -0.0358215 0.7487218 0.6548500 -0.1028941 -0.4825716 -0.8722580 -0.0793130 0.6752780 0.7284656 -0.1154879 -0.0031657 0.0547845 0.0043412 -0.0027163 0.0556044 0.0028889 -0.0025202 0.0549671 0.0040747 -0.0028952 0.0555988 0.0027336 -0.0940821 0.0793812 0.0101247 -0.0488040 0.0534210 0.0108768 -0.0734500 0.0447580 0.0013160 -0.0431660 0.0392872 0.0106550
-0.1990469 -0.2073398 -0.0073882 0.4222554 0.4272948 -0.0555134 -0.1864336 -0.2774601 -0.0261523 0.4323537 0.5251296 -0.0717039 -0.6923045 -0.7211478 -0.0256968 0.6999178 0.7082711 -0.0920173 -0.5560217 -0.8275001 -0.0779970 0.6321120 0.7677528 -0.1048329 -0.0013227 -0.0618742 -0.0044646 -0.0012819 -0.0587858 -0.0029481 -0.0005578 -0.0618672 -0.0039575 -0.0029083 -0.0587494 -0.0036527 0.0956192 -0.0805509 -0.0095999 0.0484451 -0.0531740 -0.0119094 0.0748379 -0.0456888 0.0005154 0.0405303 -0.0372593 -0.0131984
-0.2003696 -0.2692140 -0.0118528 0.4209735 0.3685090 -0.0584615 -0.1869914 -0.3393273 -0.0301099 0.4294453 0.4663802 -0.0753566 -0.5966853 -0.8016987 -0.0352967 0.7483629 0.6550970 -0.1039268 -0.4811838 -0.8731889 -0.0774815 0.6726423 0.7304936 -0.1180313 0.0114232 0.0227015 -0.0022409 0.0104542 0.0265762 -0.0067181 0.0111638 0.0225824 -0.0019726 0.0095001 0.0265381 -0.0073839 -0.0110266 0.0088359 -0.0100332 -0.0154121 0.0161117 -0.0068065 -0.0022681 0.0022740 -0.0107318 -0.0127699 0.0105171 -0.0063535
-0.1889464 -0.2465125 -0.0140937 0.4314277 0.3950852 -0.0651795 -0.1758276 -0.3167449 -0.0320825 0.4389454 0.4929183 -0.0827405 -0.6077119 -0.7928628 -0.0453300 0.7329508 0.6712088 -0.1107333 -0.4834519 -0.8709149 -0.0882134 0.6598724 0.7410106 -0.1243849 -0.0032780 0.0035017 0.0016779 -0.0044134 0.0032996 0.0018352 -0.0031248 0.0034745 0.0018944 -0.0130208 0.0015291 -0.0071981 -0.0121778 0.0091960 0.0052910 -0.0060210 0.0069835 0.0028987 -0.0108360 0.0056249 0.0048302 -0.0133279 0.0095499 -0.0121400
-0.1922244 -0.2430108 -0.0124159 0.4270143 0.3983848 -0.0633444 -0.1789524 -0.3132704 -0.0301881 0.4259247 0.4944474 -0.0899386 -0.6198897 -0.7836668 -0.0400390 0.7269298 0.6781922 -0.1078346 -0.4942878 -0.8652900 -0.0833832 0.6465445 0.7505606 -0.1365248 -0.0025650 -0.0021681 -0.0012276 -0.0071762 0.0000876 0.0027066 -0.0023768 -0.0022094 -0.0009255 -0.0078103 -0.0019338 -0.0037150 -0.0015761 0.0014357 -0.0034899 -0.0055556 0.0064710 0.0036455 -0.0022236 0.0014507 -0.0018115 -0.0060601 0.0038917 -0.0069376
-0.1947894 -0.2451789 -0.0136435 0.4198381 0.3984724 -0.0606378 -0.1813292 -0.3154798 -0.0311137 0.4181143 0.4925136 -0.0936536 -0.6214658 -0.7822311 -0.0435289 0.7213743 0.6846633 -0.1041891 -0.4965114 -0.8638393 -0.0851947 0.6404844 0.7544523 -0.1434624 -0.0019781 0.0034929 0.0008145 -0.0050697 0.0047275 -0.0011613 -0.0015837 0.0035768 0.0007798 -0.0149729 0.0004223 -0.0099715 -0.0093607 0.0073980 0.0023999 -0.0083960 0.0084290 -0.0020422 -0.0075880 0.0042492 0.0015959 -0.0156256 0.0095856 -0.0171539
-0.1967675 -0.2416860 -0.0128290 0.4147684 0.4031999 -0.0617991 -0.1829129 -0.3119030 -0.0303339 0.4031414 0.4929359 -0.1036251 -0.6308266 -0.7748330 -0.0411290 0.7129783 0.6930923 -0.1062313 -0.5040994 -0.8595901 -0.0835988 0.6248588 0.7640379 -0.1606163 0.0002547 0.0006341 0.0029251 -0.0080542 0.0012688 -0.0113895 0.0000648 0.0006298 0.0027944 -0.0091670 0.0001054 -0.0134924 -0.0007198 0.0001485 0.0093004 -0.0096192 0.0063833 -0.0203388 -0.0009310 -0.0001532 0.0075342 -0.0110857 0.0040714 -0.0218412
-0.1965128 -0.2410519 -0.0099038 0.4067142 0.4044686 -0.0731886 -0.1828481 -0.3112733 -0.0275395 0.3939745 0.4930412 -0.1171176 -0.6315464 -0.7746845 -0.0318286 0.7033590 0.6994756 -0.1265701 -0.5050304 -0.8597433 -0.0760646 0.6137731 0.7681093 -0.1824575 0.0000601 -0.0018181 -0.0000220 -0.0037084 0.0042704 -0.0056430 0.0036924 -0.0201812 -0.0043728 0.0012202 0.0024898 -0.0101211 0.0029677 -0.0024128 0.0000695 -0.0077929 0.0059858 -0.0094890 0.0312279 -0.0168344 -0.0083320 -0.0024585 -0.0015874 -0.0143640
-0.1964527 -0.2428700 -0.0099258 0.4030058 0.4087390 -0.0788316 -0.1791558 -0.3314545 -0.0319123 0.3951947 0.4955310 -0.1272386 -0.6285787 -0.7770973 -0.0317591 0.6955661 0.7054613 -0.1360591 -0.4738025 -0.8765777 -0.0843966 0.6113146 0.7665219 -0.1968215 0.0003585 0.0021273 0.0000869 -0.0098998 0.0047031 -0.0067615 -0.0032747 0.0205169 0.0043328 -0.0062022 0.0030343 -0.0100671 -0.0026489 0.0021465 0.0000877 -0.0141339 0.0112226 -0.0123128 -0.0307662 0.0165824 0.0081168 -0.0101805 0.0039420 -0.0153655
-0.1960943 -0.2407427 -0.0098389 0.3931060 0.4134421 -0.0855931 -0.1824305 -0.3109376 -0.0275795 0.3889924 0.4985653 -0.1373057 -0.6312276 -0.7749508 -0.0316714 0.6814322 0.7166840 -0.1483719 -0.5045687 -0.8599953 -0.0762797 0.6011341 0.7704638 -0.2121870 -0.0019697 -0.0012558 -0.0020690 -0.0062690 0.0006959 -0.0046189 -0.0021670 -0.0013065 -0.0020191 -0.0124211 -0.0047117 -0.0118732 -0.0016765 0.0016562 -0.0063797 -0.0073113 0.0050131 -0.0088359 -0.0026579 0.0020286 -0.0050497 -0.0115539 0.0027397 -0.0213754
-0.1980640 -0.2419984 -0.0119079 0.3868370 0.4141381 -0.0902120 -0.1845975 -0.3122440 -0.0295986 0.3765714 0.4938537 -0.1491789 -0.6329041 -0.7732946 -0.0380511 0.6741209 0.7216971 -0.1572078 -0.5072266 -0.8579666 -0.0813294 0.5895802 0.7732036 -0.2335624 0.0000472 0.0000196 0.0000475 -0.0042674 0.0021179 -0.0069042 0.0005615 0.0000378 0.0003775 -0.0120165 -0.0061089 -0.0150332 0.0000561 -0.0000531 0.0001462 -0.0072023 0.0039457 -0.0120910 0.0010596 -0.0007160 0.0009607 -0.0115482 0.0001563 -0.0268095
-0.1980168 -0.2419788 -0.0118603 0.3825696 0.4162560 -0.0971162 -0.1840360 -0.3122062 -0.0292211 0.3645548 0.4877448 -0.1642121 -0.6328480 -0.7733477 -0.0379048 0.6669186 0.7256428 -0.1692989 -0.5061670 -0.8586826 -0.0803688 0.5780320 0.7733599 -0.2603719 -0.0012463 -0.0004470 -0.0000930 -0.0061491 0.0001889 -0.0076791 -0.0008249 -0.0003984 0.0000483 -0.0070677 -0.0053493 -0.0128992 -0.0016741 0.0013808 -0.0001588 -0.0077488 0.0036159 -0.0142136 -0.0012136 0.0006886 0.0002994 -0.0069625 -0.0027550 -0.0225553
-0.1992631 -0.2424258 -0.0119534 0.3764205 0.4164449 -0.1047953 -0.1848609 -0.3126046 -0.0291728 0.3574871 0.4823955 -0.1771113 -0.6345221 -0.7719669 -0.0380636 0.6591698 0.7292587 -0.1835125 -0.5073806 -0.8579940 -0.0800694 0.5710694 0.7706049 -0.2829272 -0.0011175 0.0089984 0.0006398 -0.0213064 -0.0046093 -0.0152138 -0.0010876 0.0089774 0.0007514 -0.0316152 -0.0071682 0.0122562 -0.0163912 0.0137049 0.0013127 -0.0214862 0.0102807 -0.0319895 -0.0132281 0.0079148 0.0004967 -0.0273531 0.0223103 0.0078671
-0.2003806 -0.2334274 -0.0113136 0.3551141 0.4118356 -0.1200090 -0.1859485 -0.3036272 -0.0284214 0.3258720 0.4752273 -0.1648551 -0.6509133 -0.7582620 -0.0367509 0.6376836 0.7395394 -0.2155020 -0.5206087 -0.8500793 -0.0795727 0.5437163 0.7929152 -0.2750601 -0.0028242 -0.0153240 -0.0014434 -0.0063487 -0.0017156 0.0053908 -0.0025502 -0.0152317 -0.0015846 0.0303030 -0.0292087 -0.0076338 0.0187691 -0.0155718 -0.0029343 -0.0040600 0.0055510 0.0072679 0.0133767 -0.0079395 -0.0011706 0.0536157 -0.0449088 -0.0142165
-0.2032048 -0.2487514 -0.0127569 0.3487654 0.4101200 -0.1146183 -0.1884987 -0.3188589 -0.0300060 0.3561750 0.4460186 -0.1724888 -0.6321442 -0.7738338 -0.0396852 0.6336236 0.7450904 -0.2082341 -0.5072320 -0.8580188 -0.0807432 0.5973320 0.7480064 -0.2892766 -0.0002655 0.0143893 0.0023343 -0.0017426 0.0118594 -0.0075174 -0.0001810 0.0144952 0.0019831 -0.0027584 0.0092117 -0.0091962 -0.0230726 0.0191389 0.0061220 -0.0137509 0.0086744 -0.0099319 -0.0180498 0.0106743 0.0027280 -0.0124708 0.0053441 -0.0113899
-0.2034702 -0.2343621 -0.0104227 0.3470227 0.4219794 -0.1221356 -0.1886797 -0.3043637 -0.0280229 0.3534166 0.4552303 -0.1816850 -0.6552168 -0.7546950 -0.0335632 0.6198727 0.7537648 -0.2181660 -0.5252818 -0.8473445 -0.0780153 0.5848612 0.7533505 -0.3006665 -0.0007116 -0.0075755 -0.0005858 -0.0049787 -0.0090552 -0.0117351 -0.0008440 -0.0075877 -0.0006447 -0.0078017 -0.0125090 -0.0137648 0.0106487 -0.0090617 -0.0011889 -0.0009565 -0.0065933 -0.0240683 0.0076482 -0.0046678 -0.0002826 -0.0036901 -0.0088892 -0.0279936
-0.2041819 -0.2419376 -0.0110085 0.3420440 0.4129243 -0.1338707 -0.1895236 -0.3119513 -0.0286676 0.3456149 0.4427214 -0.1954499 -0.6445681 -0.7637567 -0.0347521 0.6189162 0.7471715 -0.2422342 -0.5176335 -0.8520123 -0.0782979 0.5811711 0.7444613 -0.3286601 -0.0007480 -0.0016044 -0.0003181 -0.0071446 -0.0057097 -0.0050687 -0.0008832 -0.0016018 -0.0004371 -0.0091050 -0.0083091 -0.0063412 0.0011303 -0.0009152 -0.0008112 -0.0046912 -0.0003162 -0.0125887 0.0002110 -0.0000550 -0.0007929 -0.0063164 -0.0023613 -0.0160566
-0.2049299 -0.2435420 -0.0113266 0.3348994 0.4072146 -0.1389394 -0.1904068 -0.3135531 -0.0291047 0.3365098 0.4344123 -0.2017911 -0.6434378 -0.7646718 -0.0355632 0.6142251 0.7468553 -0.2548230 -0.5174225 -0.8520672 -0.0790908 0.5748547 0.7421000 -0.3447167 0.0128575 -0.0076731 -0.0002579 0.0086370 -0.0115395 -0.0040189 0.0126525 -0.0076744 -0.0004150 0.0064480 -0.0137595 -0.0049513 0.0364613 -0.0292043 -0.0010453 0.0182627 -0.0183747 -0.0083788 0.0348060 -0.0200896 -0.0010573 0.0156526 -0.0178169 -0.0112539
-0.1920724 -0.2512151 -0.0115845 0.3435365 0.3956751 -0.1429583 -0.1777544 -0.3212275 -0.0295197 0.3429578 0.4206528 -0.2067424 -0.6069765 -0.7938761 -0.0366086 0.6324878 0.7284806 -0.2632018 -0.4826165 -0.8721569 -0.0801481 0.5905073 0.7242831 -0.3559706 -0.0024153 0.0009191 -0.0003337 -0.0026443 -0.0011999 -0.0012397 -0.0025289 0.0009318 -0.0004698 -0.0025313 -0.0018683 -0.0014982 -0.0061631 0.0047956 -0.0009645 -0.0022977 0.0007656 -0.0033698 -0.0062617 0.0036036 -0.0011749 -0.0020190 -0.0003390 -0.0040106
-0.1944877 -0.2502961 -0.0119182 0.3408922 0.3944751 -0.1441980 -0.1802833 -0.3202958 -0.0299894 0.3404265 0.4187844 -0.2082405 -0.6131396 -0.7890805 -0.0375731 0.6301901 0.7292462 -0.2665716 -0.4888782 -0.8685532 -0.0813230 0.5884883 0.7239441 -0.3599811 -0.0018342 -0.0006954 -0.0000357 -0.0017857 -0.0015280 -0.0007029 -0.0019372 -0.0006069 -0.0004515 -0.0012408 -0.0014875 -0.0006892 -0.0025288 0.0019674 0.0000855 -0.0009157 -0.0000605 -0.0023188 -0.0032332 0.0019115 -0.0008869 -0.0005621 -0.0006241 -0.0021664
-0.1963219 -0.2509915 -0.0119539 0.3391064 0.3929471 -0.1449009 -0.1822205 -0.3209027 -0.0304410 0.3391857 0.4172969 -0.2089297 -0.6156684 -0.7871131 -0.0374876 0.6292744 0.7291856 -0.2688903 -0.4921114 -0.8666417 -0.0822100 0.5879263 0.7233200 -0.3621476 -0.0021504 -0.0025105 -0.0001764 -0.0010328 -0.0037759 0.0014190 -0.0018017 -0.0024315 -0.0002025 -0.0003219 -0.0038781 0.0013853 -0.0003558 0.0002862 -0.0001629 0.0025175 -0.0019027 0.0007514 -0.0008575 0.0004760 0.0001207 0.0030188 -0.0023584 0.0002107
-0.1984723 -0.2535020 -0.0121303 0.3380737 0.3891712 -0.1434819 -0.1840222 -0.3233342 -0.0306434 0.3388638 0.4134188 -0.2075444 -0.6160243 -0.7868269 -0.0376505 0.6317919 0.7272830 -0.2681389 -0.4929689 -0.8661657 -0.0820893 0.5909450 0.7209616 -0.3619369 -0.0032690 -0.0088450 -0.0004435 -0.0021113 -0.0101137 0.0013729 0.0008801 -0.0293593 -0.0052469 -0.0246015 0.0125212 -0.0198113 0.0068745 -0.0053190 -0.0003156 0.0068341 -0.0067380 -0.0019941 0.0339963 -0.0177201 -0.0078556 -0.0454332 0.0184059 -0.0327182
-0.2017414 -0.2623470 -0.0125738 0.3359623 0.3790575 -0.1421090 -0.1831421 -0.3526935 -0.0358904 0.3142623 0.4259400 -0.2273557 -0.6091498 -0.7921459 -0.0379661 0.6386260 0.7205449 -0.2701330 -0.4589726 -0.8838858 -0.0899449 0.5455118 0.7393675 -0.3946551 -0.0000441 -0.0036371 -0.0003250 0.0147962 -0.0076201 0.0050925 -0.0002459 -0.0040443 -0.0000975 -0.0272580 0.0300578 0.0113783 0.0052054 -0.0039450 -0.0006402 0.0245168 -0.0183068 0.0110901 0.0036060 -0.0019223 0.0005841 -0.0510820 0.0461917 0.0225852
-0.2017855 -0.2659841 -0.0128989 0.3507585 0.3714374 -0.1370165 -0.1833879 -0.3567378 -0.0359879 0.2870043 0.4559978 -0.2159774 -0.6039444 -0.7960909 -0.0386063 0.6631428 0.7022382 -0.2590429 -0.4553666 -0.8858080 -0.0893607 0.4944297 0.7855592 -0.3720699 -0.0005392 -0.0002847 0.0001311 0.0004420 0.0009545 0.0022364 -0.0005513 -0.0000730 0.0003686 0.0347022 -0.0102029 0.0205475 -0.0006234 0.0004514 0.0004548 0.0003468 0.0012862 0.0044157 -0.0010479 0.0004414 0.0009773 0.0569511 -0.0215002 0.0371177
-0.2023247 -0.2662688 -0.0127678 0.3512006 0.3723919 -0.1347801 -0.1839392 -0.3568108 -0.0356193 0.3217065 0.4457949 -0.1954299 -0.6045678 -0.7956395 -0.0381515 0.6634896 0.7035244 -0.2546272 -0.4564146 -0.8853667 -0.0883834 0.5513809 0.7640590 -0.3349522 0.0000072 -0.0006140 0.0003496 0.0011831 0.0035269 0.0015929 0.0000664 -0.0005560 0.0001426 -0.0114423 0.0188493 0.0113827 0.0008716 -0.0007133 0.0010969 -0.0013530 0.0028354 0.0043655 0.0006731 -0.0003917 0.0004520 -0.0239398 0.0258239 0.0220768
-0.2023175 -0.2668828 -0.0124182 0.3523836 0.3759188 -0.1331872 -0.1838728 -0.3573668 -0.0354767 0.3102643 0.4646442 -0.1840472 -0.6036963 -0.7963528 -0.0370546 0.6621366 0.7063598 -0.2502617 -0.4557415 -0.8857583 -0.0879314 0.5274410 0.7898829 -0.3128754 0.0001143 -0.0011768 0.0003036 0.0087337 0.0214054 0.0121943 0.0001301 -0.0011655 0.0004252 0.0342535 0.0034315 -0.0051751 0.0018818 -0.0014688 0.0009982 -0.0060059 0.0155570 0.0304241 0.0013772 -0.0008308 0.0012551 0.0362130 -0.0240799 0.0032951
-0.2022033 -0.2680596 -0.0121146 0.3611173 0.3973242 -0.1209929 -0.1837427 -0.3585323 -0.0350515 0.3445178 0.4680757 -0.1892223 -0.6018145 -0.7978216 -0.0360565 0.6561308 0.7219168 -0.2198376 -0.4543643 -0.8865891 -0.0866763 0.5636540 0.7658030 -0.3095803 -0.0008599 0.0073921 0.0007978 -0.0100752 0.0260460 0.0158749 -0.0008739 0.0076391 0.0008535 -0.0042338 0.0321125 0.0299030 -0.0123728 0.0094039 0.0018275 -0.0291926 0.0341947 0.0321038 -0.0095333 0.0048779 0.0007450 -0.0197140 0.0337421 0.0549102
-0.2030632 -0.2606675 -0.0113168 0.3510421 0.4233702 -0.1051180 -0.1846166 -0.3508932 -0.0341979 0.3402840 0.5001882 -0.1593194 -0.6141872 -0.7884177 -0.0342290 0.6269382 0.7561115 -0.1877338 -0.4638976 -0.8817113 -0.0859313 0.5439400 0.7995451 -0.2546701 0.0003456 0.0141520 0.0010355 0.0380217 -0.0026045 -0.0024887 0.0000855 0.0147919 0.0012937 0.0357888 0.0030235 -0.0027889 -0.0206397 0.0164344 0.0020323 0.0403070 -0.0344974 0.0031882 -0.0156086 0.0083481 0.0004293 0.0357102 -0.0239325 0.0048087
-0.2027176 -0.2465154 -0.0102813 0.3890638 0.4207658 -0.1076067 -0.1845311 -0.3361012 -0.0329042 0.3760728 0.5032118 -0.1621083 -0.6348269 -0.7719833 -0.0321967 0.6672452 0.7216140 -0.1845457 -0.4795062 -0.8733632 -0.0855019 0.5796502 0.7756126 -0.2498615 0.0002322 0.0004204 0.0001550 0.0015667 0.0025871 0.0071900 0.0002022 0.0003311 0.0001274 0.0073679 0.0049516 0.0098071 -0.0002213 0.0001639 0.0004380 0.0008134 0.0024064 0.0128125 0.0000307 -0.0000406 0.0002430 0.0061465 0.0007276 0.0171852
-0.2024854 -0.2460950 -0.0101263 0.3906306 0.4233529 -0.1004167 -0.1843289 -0.3357701 -0.0327768 0.3834407 0.5081634 -0.1523012 -0.6350482 -0.7718194 -0.0317587 0.6680585 0.7240204 -0.1717331 -0.4794755 -0.8734038 -0.0852590 0.5857967 0.7763401 -0.2326763 0.0003880 -0.0003647 0.0001653 0.0034756 0.0015055 0.0075178 -0.0032317 0.0194195 0.0045846 0.0081901 0.0025485 0.0088106 0.0012773 -0.0010704 0.0005216 0.0034434 -0.0001210 0.0134464 -0.0290234 0.0157401 0.0088265 0.0081352 -0.0018146 0.0150640
-0.2020974 -0.2464597 -0.0099609 0.3941061 0.4248584 -0.0928989 -0.1875606 -0.3163506 -0.0281922 0.3916308 0.5107119 -0.1434907 -0.6337709 -0.7728898 -0.0312371 0.6715020 0.7238995 -0.1582868 -0.5084989 -0.8576637 -0.0764324 0.5939319 0.7745256 -0.2176123 0.0002263 -0.0043140 -0.0001989 0.0122915 -0.0077506 0.0138336 0.0001392 -0.0043157 -0.0002608 0.0158426 -0.0038268 0.0211205 0.0070191 -0.0056904 -0.0003062 0.0200054 -0.0141683 0.0237530 0.0053668 -0.0031638 0.0000503 0.0217994 -0.0085737 0.0326993
-0.2018711 -0.2507737 -0.0101598 0.4063976 0.4171077 -0.0790653 -0.1874214 -0.3206663 -0.0284531 0.4074734 0.5068851 -0.1223702 -0.6267518 -0.7785803 -0.0315434 0.6915073 0.7097311 -0.1345338 -0.5031320 -0.8608275 -0.0763821 0.6157313 0.7659518 -0.1849130 0.0013156 -0.0003996 0.0004590 0.0085010 -0.0051547 0.0138431 0.0012015 -0.0004013 0.0003766 0.0142906 -0.0037222 0.0175244 0.0030678 -0.0025140 0.0013758 0.0137394 -0.0094912 0.0236688 0.0028419 -0.0017386 0.0009532 0.0186255 -0.0091664 0.0272191
-0.2005555 -0.2511733 -0.0097009 0.4148986 0.4119531 -0.0652222 -0.1862199 -0.3210675 -0.0280764 0.4217640 0.5031629 -0.1048458 -0.6236840 -0.7810942 -0.0301675 0.7052468 0.7002399 -0.1108650 -0.5002902 -0.8625661 -0.0754289 0.6343568 0.7567854 -0.1576939 0.0006064 -0.0042167 0.0008189 0.0121607 -0.0059917 0.0144059 0.0006481 -0.0042066 0.0008079 0.0095193 -0.0014819 0.0265228 0.0074562 -0.0059979 0.0027940 0.0168560 -0.0138110 0.0249411 0.0060620 -0.0037274 0.0028054 0.0130204 -0.0037377 0.0401274
-0.1999491 -0.2553900 -0.0088820 0.4270592 0.4059613 -0.0508163 -0.1855718 -0.3252741 -0.0272685 0.4312833 0.5016810 -0.0783229 -0.6162278 -0.7870921 -0.0273735 0.7221028 0.6864289 -0.0859239 -0.4942282 -0.8662935 -0.0726235 0.6473772 0.7530477 -0.1175665 0.0110574 -0.0014911 -0.0025081 0.0111469 -0.0020537 -0.0031101 0.0107268 -0.0016172 -0.0022855 0.0168886 -0.0016181 0.0000703 0.0241974 -0.0180325 -0.0083256 0.0102022 -0.0114415 -0.0041947 0.0240757 -0.0127067 -0.0068462 0.0155493 -0.0133650 0.0018168
-0.1888917 -0.2568810 -0.0113901 0.4382061 0.4039077 -0.0539263 -0.1748450 -0.3268913 -0.0295540 0.4481719 0.5000630 -0.0782527 -0.5920304 -0.8051246 -0.0356991 0.7323050 0.6749874 -0.0901186 -0.4701524 -0.8790001 -0.0794698 0.6629265 0.7396827 -0.1157497 -0.0007271 0.0020456 0.0011242 -0.0007346 -0.0027744 0.0049148 -0.0007474 0.0020220 0.0011952 0.0032016 -0.0021544 0.0097867 -0.0046158 0.0032706 0.0033971 0.0022502 -0.0014474 0.0078237 -0.0039422 0.0018618 0.0029018 0.0052519 -0.0026172 0.0143979
-0.1896188 -0.2548355 -0.0102658 0.4374715 0.4011333 -0.0490115 -0.1755924 -0.3248694 -0.0283588 0.4513735 0.4979086 -0.0684660 -0.5966462 -0.8018540 -0.0323020 0.7345552 0.6735400 -0.0822949 -0.4740946 -0.8771383 -0.0765679 0.6681784 0.7370654 -0.1013518 -0.0015880 0.0012539 0.0002487 -0.0002179 -0.0020079 0.0021873 -0.0016973 0.0012363 0.0002288 0.0024933 -0.0019464 0.0047849 -0.0051094 0.0037962 0.0007766 0.0017202 -0.0014672 0.0034492 -0.0049595 0.0026501 0.0005580 0.0039190 -0.0026320 0.0070512
-0.1912069 -0.2535816 -0.0100171 0.4372536 0.3991254 -0.0468242 -0.1772897 -0.3236331 -0.0281300 0.4538668 0.4959622 -0.0636811 -0.6017556 -0.7980578 -0.0315253 0.7362754 0.6720728 -0.0788456 -0.4790541 -0.8744882 -0.0760099 0.6720974 0.7344334 -0.0943006 -0.0009899 -0.0004788 -0.0002351 0.0023688 -0.0031527 0.0010115 -0.0006872 -0.0004579 -0.0000854 -0.0002565 -0.0025337 0.0022314 -0.0012448 0.0009657 -0.0006402 0.0045385 -0.0048136 0.0016460 -0.0009020 0.0005016 -0.0000793 0.0018546 -0.0013214 0.0030016
-0.1921968 -0.2540604 -0.0102523 0.4396224 0.3959727 -0.0458127 -0.1779769 -0.3240910 -0.0282154 0.4536102 0.4934285 -0.0614497 -0.6030004 -0.7970921 -0.0321656 0.7408139 0.6672593 -0.0771996 -0.4799561 -0.8739866 -0.0760893 0.6739520 0.7331120 -0.0912990 0.0006428 -0.0092883 -0.0022605 -0.0002612 0.0003282 -0.0003266 0.0027728 -0.0193153 -0.0048465 -0.0006934 0.0006285 0.0012373 0.0152070 -0.0110073 -0.0062306 -0.0005038 0.0004958 -0.0005437 0.0271543 -0.0135209 -0.0093566 -0.0009125 0.0010622 0.0018226
-0.1915539 -0.2633487 -0.0125128 0.4393611 0.3963009 -0.0461393 -0.1752041 -0.3434063 -0.0330618 0.4529168 0.4940570 -0.0602124 -0.5877934 -0.8080994 -0.0383961 0.7403102 0.6677551 -0.0777434 -0.4528018 -0.8875075 -0.0854458 0.6730395 0.7341743 -0.0894764 0.0001166 -0.0019301 -0.0007288 0.0000922 -0.0001310 0.0004504 -0.0007799 0.0002251 -0.0005608 -0.0009987 0.0000879 0.0009642 0.0030888 -0.0021382 -0.0020474 0.0002227 -0.0001599 0.0007518 -0.0017777 0.0010456 -0.0014040 -0.0007920 0.0008874 0.0013421
-0.1914373 -0.2652787 -0.0132415 0.4394533 0.3961700 -0.0456890 -0.1759840 -0.3431811 -0.0336227 0.4519182 0.4941450 -0.0592482 -0.5847046 -0.8102376 -0.0404435 0.7405329 0.6675952 -0.0769916 -0.4545795 -0.8864619 -0.0868498 0.6722475 0.7350617 -0.0881343 -0.0011570 0.0059670 0.0009284 -0.0005092 0.0014315 -0.0028194 -0.0004202 0.0027622 -0.0001447 -0.0010461 0.0013700 -0.0037259 -0.0111123 0.0080211 0.0023510 -0.0018586 0.0015060 -0.0046405 -0.0037390 0.0020144 -0.0008818 -0.0021984 0.0013320 -0.0054527
-0.1925943 -0.2593117 -0.0123132 0.4389441 0.3976015 -0.0485084 -0.1764042 -0.3404189 -0.0337674 0.4508721 0.4955150 -0.0629741 -0.5958169 -0.8022164 -0.0380925 0.7386743 0.6691012 -0.0816320 -0.4583184 -0.8844475 -0.0877315 0.6700491 0.7363937 -0.0935870 0.0003908 -0.0031208 -0.0011878 -0.0004292 0.0011629 -0.0014597 -0.0009696 0.0014654 -0.0000775 -0.0014294 0.0009236 -0.0037032 0.0054554 -0.0038565 -0.0033762 -0.0014456 0.0012992 -0.0023739 -0.0035292 0.0018771 -0.0003942 -0.0022049 0.0012835 -0.0054914
-0.1922035 -0.2624325 -0.0135009 0.4385149 0.3987644 -0.0499680 -0.1773738 -0.3389535 -0.0338449 0.4494427 0.4964386 -0.0666773 -0.5903615 -0.8060730 -0.0414687 0.7372288 0.6704004 -0.0840060 -0.4618477 -0.8825704 -0.0881258 0.6678442 0.7376772 -0.0990784 -0.0005323 -0.0000494 -0.0000089 -0.0004453 -0.0001832 -0.0015599 -0.0008615 0.0002568 0.0003268 -0.0024013 -0.0007948 -0.0057681 -0.0009907 0.0007256 0.0000178 -0.0003548 0.0000503 -0.0026688 -0.0020696 0.0009982 0.0008835 -0.0019941 0.0005641 -0.0088262
-0.1927358 -0.2624819 -0.0135098 0.4380697 0.3985812 -0.0515279 -0.1782353 -0.3386967 -0.0335181 0.4470414 0.4956438 -0.0724455 -0.5913522 -0.8053474 -0.0414509 0.7368740 0.6704507 -0.0866747 -0.4639173 -0.8815722 -0.0872422 0.6658501 0.7382413 -0.1079046 0.0002323 -0.0035395 -0.0012059 -0.0035717 0.0012135 -0.0026039 -0.0006973 0.0006095 -0.0002070 -0.0031050 0.0001437 -0.0069037 0.0056954 -0.0039744 -0.0033191 -0.0040640 0.0038298 -0.0046222 -0.0020509 0.0011403 -0.0005833 -0.0034657 0.0015084 -0.0104899
-0.1925035 -0.2660214 -0.0147158 0.4344980 0.3997947 -0.0541318 -0.1789325 -0.3380872 -0.0337251 0.4439364 0.4957875 -0.0793491 -0.5856568 -0.8093218 -0.0447700 0.7328101 0.6742806 -0.0912969 -0.4659682 -0.8804319 -0.0878255 0.6623843 0.7397498 -0.1183945 -0.0005542 0.0001285 -0.0002382 -0.0033918 0.0001564 -0.0028782 -0.0003852 -0.0000339 -0.0001855 -0.0032741 -0.0009406 -0.0066964 -0.0012723 0.0009609 -0.0006927 -0.0031308 0.0026663 -0.0051968 -0.0007286 0.0004292 -0.0004312 -0.0028850 0.0008427 -0.0103820
-0.1930577 -0.2658930 -0.0149540 0.4311062 0.3999511 -0.0570100 -0.1793177 -0.3381211 -0.0339106 0.4406623 0.4948469 -0.0860455 -0.5869291 -0.8083609 -0.0454627 0.7296793 0.6769469 -0.0964937 -0.4666969 -0.8800027 -0.0882567 0.6594994 0.7405925 -0.1287765 -0.0001355 -0.0000049 -0.0000106 -0.0009921 0.0015057 -0.0015738 -0.0008260 -0.0005224 -0.0000678 -0.0099835 -0.0014836 -0.0111707 -0.0002621 0.0001915 -0.0000207 -0.0022356 0.0020292 -0.0025880 -0.0011131 0.0005893 0.0000191 -0.0090003 0.0045855 -0.0180592
-0.1931933 -0.2658979 -0.0149646 0.4301141 0.4014567 -0.0585838 -0.1801437 -0.3386436 -0.0339784 0.4306788 0.4933632 -0.0972162 -0.5871912 -0.8081694 -0.0454834 0.7274437 0.6789760 -0.0990817 -0.4678099 -0.8794134 -0.0882376 0.6504991 0.7451780 -0.1468357 -0.0001803 0.0007365 -0.0001485 -0.0014945 0.0035023 -0.0036028 -0.0001817 0.0005634 -0.0002827 -0.0124649 0.0009190 -0.0080128 -0.0014104 0.0010560 -0.0005188 -0.0045677 0.0039958 -0.0057973 -0.0009406 0.0005840 -0.0008231 -0.0129445 0.0083405 -0.0135827
-0.1933736 -0.2651614 -0.0151131 0.4286197 0.4049590 -0.0621866 -0.1803254 -0.3380802 -0.0342611 0.4182139 0.4942822 -0.1052290 -0.5886016 -0.8071134 -0.0460022 0.7228761 0.6829719 -0.1048790 -0.4687505 -0.8788294 -0.0890607 0.6375546 0.7535184 -0.1604184 -0.0018310 0.0023781 0.0004560 -0.0021687 0.0010109 -0.0015692 -0.0001330 -0.0002881 -0.0002255 -0.0046138 -0.0008925 -0.0047019 -0.0071140 0.0051644 0.0012722 -0.0027999 0.0025214 -0.0027747 0.0000632 0.0000179 -0.0005080 -0.0042994 0.0019010 -0.0078946
-0.1952046 -0.2627833 -0.0146572 0.4264509 0.4059699 -0.0637558 -0.1804584 -0.3383683 -0.0344866 0.4136001 0.4933897 -0.1099308 -0.5957156 -0.8019490 -0.0447300 0.7200762 0.6854933 -0.1076537 -0.4686873 -0.8788115 -0.0895687 0.6332552 0.7554195 -0.1683130 -0.0003248 0.0002537 0.0000668 -0.0085387 0.0072678 -0.0071339 -0.0000276 0.0003384 -0.0000555 -0.0055889 0.0047755 -0.0122306 -0.0010144 0.0007433 0.0002021 -0.0141206 0.0125659 -0.0120962 -0.0004122 0.0002413 -0.0002093 -0.0107291 0.0046598 -0.0180758
-0.1955294 -0.2625296 -0.0145904 0.4179122 0.4132377 -0.0708897 -0.1804861 -0.3380299 -0.0345421 0.4080112 0.4981652 -0.1221615 -0.5967300 -0.8012057 -0.0445279 0.7059556 0.6980592 -0.1197499 -0.4690996 -0.8785701 -0.0897780 0.6225261 0.7600793 -0.1863888 0.0085661 -0.0010231 -0.0020863 -0.0054617 0.0031896 -0.0070268 0.0083633 -0.0002395 -0.0019457 -0.0011812 0.0010899 -0.0109586 0.0189044 -0.0133256 -0.0070127 -0.0083864 0.0062359 -0.0120286 0.0176800 -0.0085955 -0.0059170 -0.0039028 -0.0009148 -0.0160328
-0.1869633 -0.2635527 -0.0166766 0.4124505 0.4164273 -0.0779165 -0.1721228 -0.3382694 -0.0364878 0.4068300 0.4992551 -0.1331201 -0.5778256 -0.8145312 -0.0515405 0.6975692 0.7042951 -0.1317785 -0.4514195 -0.8871656 -0.0956950 0.6186233 0.7591645 -0.2024216 -0.0058244 0.0060230 0.0010986 -0.0146438 0.0058021 -0.0166513 -0.0057886 0.0054584 0.0007343 -0.0192747 0.0105478 -0.0079846 -0.0207575 0.0149321 0.0031725 -0.0207599 0.0140659 -0.0291145 -0.0179173 0.0091982 0.0013761 -0.0276130 0.0182699 -0.0127588
-0.1927877 -0.2575296 -0.0155781 0.3978067 0.4222295 -0.0945677 -0.1779114 -0.3328109 -0.0357534 0.3875553 0.5098030 -0.1411046 -0.5985832 -0.7995991 -0.0483681 0.6768093 0.7183610 -0.1608930 -0.4693368 -0.8779675 -0.0943189 0.5910103 0.7774344 -0.2151804 -0.0000439 -0.0003280 0.0002259 -0.0120082 0.0150200 -0.0073692 0.0001561 -0.0003648 0.0000592 -0.0029402 0.0052469 -0.0231664 0.0003796 -0.0003285 0.0007424 -0.0250806 0.0202838 -0.0113089 0.0007103 -0.0004025 0.0002163 -0.0113065 -0.0011352 -0.0324140
-0.1928316 -0.2578576 -0.0153522 0.3857985 0.4372495 -0.1019370 -0.1777553 -0.3331757 -0.0356942 0.3846151 0.5150499 -0.1642710 -0.5982036 -0.7999277 -0.0476257 0.6517287 0.7386448 -0.1722019 -0.4686265 -0.8783700 -0.0941026 0.5797038 0.7762992 -0.2475944 0.0091405 -0.0094084 -0.0011159 0.0095505 -0.0105118 -0.0020320 0.0090662 -0.0092541 -0.0011338 0.0076720 -0.0118523 -0.0036067 0.0325173 -0.0231319 -0.0030886 0.0172833 -0.0165166 -0.0037351 0.0287565 -0.0145422 -0.0019293 0.0148890 -0.0135984 -0.0068593
-0.1836911 -0.2672660 -0.0164681 0.3953490 0.4267377 -0.1039690 -0.1686891 -0.3424298 -0.0368280 0.3922871 0.5031976 -0.1678778 -0.5656863 -0.8230596 -0.0507143 0.6690120 0.7221282 -0.1759370 -0.4398700 -0.8929122 -0.0960319 0.5945928 0.7627009 -0.2544538 -0.0028070 0.0000135 0.0005516 -0.0074638 -0.0166667 -0.0149362 -0.0027453 -0.0002072 0.0005488 -0.0334547 -0.0209139 -0.0133286 -0.0059024 0.0039707 0.0019327 0.0034118 -0.0112437 -0.0301928 -0.0055930 0.0025887 0.0017623 -0.0230661 0.0054519 -0.0341610
-0.1864981 -0.2672525 -0.0159165 0.3878851 0.4100711 -0.1189052 -0.1714344 -0.3426370 -0.0362792 0.3588324 0.4822838 -0.1812064 -0.5715887 -0.8190889 -0.0487815 0.6724237 0.7108845 -0.2061299 -0.4454630 -0.8903235 -0.0942696 0.5715267 0.7681528 -0.2886148 -0.0024342 0.0016115 0.0004718 -0.0156623 0.0094178 0.0019687 -0.0024112 0.0018288 0.0003486 -0.0026841 0.0020821 -0.0097084 -0.0073508 0.0050931 0.0014551 -0.0226875 0.0213573 0.0020105 -0.0069417 0.0034261 0.0007660 -0.0069231 -0.0002851 -0.0140435
-0.1889323 -0.2656411 -0.0154446 0.3722228 0.4194888 -0.1169365 -0.1738457 -0.3408083 -0.0359306 0.3561482 0.4843658 -0.1909148 -0.5789395 -0.8139958 -0.0473264 0.6497362 0.7322418 -0.2041194 -0.4524047 -0.8868974 -0.0935035 0.5646036 0.7678677 -0.3026583 0.0047430 -0.0017942 -0.0024894 0.0044826 -0.0046909 -0.0085174 0.0042409 -0.0004364 -0.0016251 0.0054299 -0.0143321 -0.0161525 0.0125889 -0.0083217 -0.0078174 0.0063190 -0.0098461 -0.0143662 0.0094745 -0.0042779 -0.0045750 0.0110385 -0.0195612 -0.0269985
-0.1841893 -0.2674353 -0.0179340 0.3767054 0.4147979 -0.1254539 -0.1696047 -0.3412447 -0.0375558 0.3615781 0.4700337 -0.2070673 -0.5663506 -0.8223175 -0.0551439 0.6560552 0.7223957 -0.2184855 -0.4429302 -0.8911753 -0.0980785 0.5756422 0.7483064 -0.3296568 0.0027677 0.0002689 -0.0015732 0.0022053 -0.0038625 -0.0044694 0.0023572 0.0007704 -0.0006705 0.0250628 -0.0341418 0.0082388 0.0055953 -0.0034658 -0.0051506 0.0042229 -0.0063122 -0.0079149 0.0042543 -0.0018591 -0.0021858 0.0523778 -0.0402882 0.0067000
-0.1814216 -0.2671664 -0.0195071 0.3789107 0.4109354 -0.1299233 -0.1672476 -0.3404743 -0.0382263 0.3866409 0.4358919 -0.1988286 -0.5607553 -0.8257833 -0.0602945 0.6602782 0.7160835 -0.2264004 -0.4386759 -0.8930345 -0.1002643 0.6280200 0.7080182 -0.3229568 0.0042764 -0.0007572 -0.0023375 0.0021983 -0.0006206 -0.0029578 0.0026168 0.0002783 -0.0015411 0.0015951 -0.0011749 -0.0032196 0.0104998 -0.0064514 -0.0075602 0.0018848 -0.0031765 -0.0044757 0.0054641 -0.0021622 -0.0043803 0.0013437 -0.0033050 -0.0045805
-0.1771453 -0.2679236 -0.0218447 0.3811089 0.4103148 -0.1328811 -0.1646308 -0.3401960 -0.0397674 0.3882360 0.4347170 -0.2020482 -0.5502555 -0.8322347 -0.0678547 0.6621629 0.7129071 -0.2308761 -0.4332118 -0.8951967 -0.1046446 0.6293636 0.7047132 -0.3275373 0.0005331 -0.0001630 -0.0008828 0.0015108 -0.0032748 0.0011199 0.0004632 0.0005680 -0.0006600 0.0014655 -0.0032656 0.0011198 0.0014921 -0.0007549 -0.0027633 0.0044580 -0.0037399 0.0013147 0.0004908 -0.0000114 -0.0019161 0.0041594 -0.0033190 0.0008957
-0.1766122 -0.2680866 -0.0227275 0.3826198 0.4070400 -0.1317612 -0.1641676 -0.3396280 -0.0404275 0.3897015 0.4314514 -0.2009284 -0.5487634 -0.8329897 -0.0706180 0.6666209 0.7091672 -0.2295615 -0.4327209 -0.8952080 -0.1065607 0.6335230 0.7013942 -0.3266417 0.0016729 0.0005398 -0.0014410 0.0008603 -0.0011413 -0.0027304 0.0021108 0.0002066 -0.0009686 -0.0000418 -0.0016791 -0.0030029 0.0030609 -0.0015911 -0.0047726 0.0010347 -0.0024798 -0.0045943 0.0044470 -0.0017944 -0.0028383 0.0001523 -0.0024868 -0.0049969
-0.1749393 -0.2675468 -0.0241684 0.3834801 0.4058987 -0.1344916 -0.1620568 -0.3394214 -0.0413961 0.3896598 0.4297723 -0.2039313 -0.5457025 -0.8345807 -0.0753906 0.6676556 0.7066874 -0.2341558 -0.4282740 -0.8970024 -0.1093990 0.6336753 0.6989074 -0.3316386 0.0009077 0.0012402 -0.0010005 0.0001027 -0.0011088 -0.0030183 0.0011850 0.0006444 -0.0019685 0.0019905 0.0054256 0.0055717 0.0003597 0.0000864 -0.0034783 0.0001779 -0.0019314 -0.0052546 0.0021592 -0.0003452 -0.0054643 -0.0001109 0.0051031 0.0107564
-0.1740316 -0.2663066 -0.0251689 0.3835828 0.4047899 -0.1375099 -0.1608718 -0.3387770 -0.0433645 0.3916503 0.4351979 -0.1983596 -0.5453428 -0.8344944 -0.0788689 0.6678335 0.7047560 -0.2394104 -0.4261148 -0.8973475 -0.1148633 0.6335644 0.7040105 -0.3208821 0.0021238 -0.0013096 -0.0009686 0.0014840 -0.0026132 -0.0012847 0.0016371 -0.0009808 -0.0010699 0.0013883 -0.0032377 -0.0016054 0.0066928 -0.0040453 -0.0030295 0.0032075 -0.0038981 -0.0024616 0.0046842 -0.0018557 -0.0027369 0.0031452 -0.0042492 -0.0030546
-0.1719077 -0.2676161 -0.0261375 0.3850668 0.4021767 -0.1387946 -0.1592346 -0.3397578 -0.0444344 0.3930386 0.4319602 -0.1999650 -0.5386501 -0.8385397 -0.0818984 0.6710410 0.7008580 -0.2418720 -0.4214306 -0.8992032 -0.1176002 0.6367095 0.6997613 -0.3239368 0.0003740 0.0004263 -0.0008052 0.0008240 -0.0001481 -0.0001180 0.0010341 -0.0012083 -0.0018428 0.0011852 -0.0003746 -0.0001800 0.0003422 0.0000436 -0.0026532 0.0008761 -0.0008413 -0.0000041 0.0037033 -0.0011147 -0.0045943 0.0013496 -0.0012313 -0.0000021
-0.1715338 -0.2671899 -0.0269427 0.3858907 0.4020286 -0.1389126 -0.1582006 -0.3409661 -0.0462772 0.3942238 0.4315857 -0.2001451 -0.5383079 -0.8384961 -0.0845515 0.6719171 0.7000167 -0.2418761 -0.4177272 -0.9003180 -0.1221945 0.6380591 0.6985300 -0.3239388 0.0000487 0.0008980 -0.0003900 0.0001839 0.0003687 -0.0008644 0.0003952 0.0005633 -0.0011847 -0.0003011 0.0001092 -0.0010531 -0.0011093 0.0008583 -0.0014251 -0.0003711 -0.0000786 -0.0012548 0.0004647 0.0002388 -0.0033023 -0.0007207 -0.0000790 -0.0015852
-0.1714851 -0.2662918 -0.0273327 0.3860746 0.4023974 -0.1397770 -0.1578053 -0.3404027 -0.0474619 0.3939227 0.4316949 -0.2011981 -0.5394172 -0.8376378 -0.0859767 0.6715460 0.6999381 -0.2431309 -0.4172625 -0.9000792 -0.1254968 0.6373384 0.6984511 -0.3255240 0.0004342 0.0000702 -0.0006881 0.0039078 0.0011437 0.0007902 0.0001941 0.0003217 -0.0001868 0.0043973 -0.0002294 -0.0054669 0.0009714 -0.0003932 -0.0022291 0.0029976 -0.0019426 0.0027286 0.0001306 0.0000247 -0.0006096 0.0025120 -0.0053566 -0.0064571
-0.1710509 -0.2662216 -0.0280208 0.3899825 0.4035411 -0.1389868 -0.1576112 -0.3400810 -0.0476487 0.3983200 0.4314655 -0.2066650 -0.5384458 -0.8380309 -0.0882057 0.6745435 0.6979955 -0.2404023 -0.4171319 -0.9000545 -0.1261064 0.6398504 0.6930945 -0.3319811 -0.0007663 0.0007790 -0.0003056 0.0086751 0.0040275 0.0053927 -0.0001518 0.0002483 -0.0001924 0.0132847 0.0057583 0.0068709 -0.0027721 0.0018960 -0.0010215 0.0062638 -0.0019704 0.0122569 -0.0005518 0.0003338 -0.0005546 0.0105467 -0.0022152 0.0162764
-0.1718171 -0.2654426 -0.0283264 0.3986576 0.4075686 -0.1335942 -0.1577630 -0.3398327 -0.0478410 0.4116046 0.4372238 -0.1997941 -0.5412179 -0.8361349 -0.0892272 0.6808074 0.6960251 -0.2281454 -0.4176837 -0.8997207 -0.1266610 0.6503971 0.6908792 -0.3157047 -0.0003282 0.0001459 -0.0001803 0.0089560 0.0042187 0.0061336 -0.0000732 0.0000420 -0.0000635 -0.0324529 0.0461782 0.0090885 -0.0009109 0.0006490 -0.0005475 0.0062605 -0.0019221 0.0132997 -0.0001927 0.0001131 -0.0001679 -0.0609882 0.0605915 0.0192441
-0.1721454 -0.2652968 -0.0285067 0.4076136 0.4117872 -0.1274605 -0.1578361 -0.3397908 -0.0479045 0.3791517 0.4834019 -0.1907056 -0.5421289 -0.8354860 -0.0897747 0.6870679 0.6941030 -0.2148457 -0.4178765 -0.8996075 -0.1268289 0.5894089 0.7514707 -0.2964606 -0.0016901 0.0031751 0.0003209 -0.0279555 0.0768193 -0.0380426 -0.0005094 0.0005518 0.0002602 -0.0280170 0.0768202 -0.0380153 -0.0083557 0.0054257 0.0005187 -0.0943353 0.0687231 -0.0435423 -0.0016996 0.0007093 0.0005833 -0.0875101 0.0492899 -0.0304645
-0.1738355 -0.2621217 -0.0281858 0.3796580 0.4886065 -0.1655031 -0.1583456 -0.3392390 -0.0476443 0.3511347 0.5602221 -0.2287209 -0.5504846 -0.8300603 -0.0892560 0.5927327 0.7628261 -0.2583880 -0.4195760 -0.8988982 -0.1262455 0.5018988 0.8007606 -0.3269251 0.0002540 0.0002909 0.0001239 0.0406327 -0.0643955 0.0491930 0.0004261 -0.0000756 0.0000709 0.0515885 -0.0541755 0.0582478 0.0001205 -0.0001102 0.0002816 0.0981021 -0.0655474 0.0672083 0.0009964 -0.0004852 0.0001478 0.1002342 -0.0441430 0.0720416
-0.1735815 -0.2618307 -0.0280620 0.4202907 0.4242111 -0.1163101 -0.1579195 -0.3393145 -0.0475735 0.4027232 0.5060467 -0.1704731 -0.5503640 -0.8301705 -0.0889744 0.6908348 0.6972787 -0.1911798 -0.4185796 -0.8993834 -0.1260977 0.6021330 0.7566176 -0.2548835 0.0000000 0.0000000 0.0000000 0.0000000 0.0000000 0.0000000 0.0000000 0.0000000 0.0000000 0.0000000 0.0000000 0.0000000 0.0000000 0.0000000 0.0000000 0.0000000 0.0000000 0.0000000 0.0000000 0.0000000 0.0000000 0.0000000 0.0000000 0.0000000
