-0.1949225 -0.2218359 -0.0408662 0.3627799 0.0324528 -0.1665978 -0.1868557 -0.3040134 -0.0520606 0.4001464 0.0269167 -0.2184406 -0.6538374 -0.7441142 -0.1370794 0.9057695 0.0810265 -0.4159524 -0.5181458 -0.8430210 -0.1443625 0.8762046 0.0589398 -0.4783216 -0.0000860 0.0023762 0.0000974 0.0057916 0.0186822 0.0038130 -0.0001047 0.0023172 0.0001523 0.0079644 0.0241275 0.0051450 -0.0040861 0.0036970 -0.0004674 0.0017047 0.0448751 0.0151538 -0.0030636 0.0019504 -0.0003476 0.0046569 0.0512333 0.0179469
-0.1950086 -0.2194597 -0.0407689 0.3685715 0.0511351 -0.1627847 -0.1869604 -0.3016962 -0.0519082 0.4081108 0.0510441 -0.2132956 -0.6579234 -0.7404172 -0.1375468 0.9074741 0.1259016 -0.4007986 -0.5212093 -0.8410706 -0.1447101 0.8808616 0.1101731 -0.4603746 0.0005899 0.0004145 -0.0018034 0.0068950 0.0062286 0.0052743 0.0001295 0.0006691 -0.0012384 0.0093367 0.0083047 0.0073245 0.0010130 0.0002975 -0.0062985 0.0056529 0.0136056 0.0177363 -0.0002912 0.0008147 -0.0036379 0.0087175 0.0162992 0.0214512
-0.1944186 -0.2190452 -0.0425723 0.3754665 0.0573636 -0.1575105 -0.1868309 -0.3010271 -0.0531466 0.4174475 0.0593489 -0.2059710 -0.6569104 -0.7401198 -0.1438453 0.9131271 0.1395072 -0.3830623 -0.5215005 -0.8402560 -0.1483480 0.8895791 0.1264723 -0.4389234 0.0009200 -0.0005469 -0.0011610 0.0022108 -0.0000242 0.0006617 0.0004998 -0.0000265 -0.0007151 0.0023844 -0.0003869 0.0007986 0.0030459 -0.0019191 -0.0039370 0.0014518 -0.0006548 0.0032392 0.0012045 -0.0003820 -0.0020511 0.0018037 -0.0012847 0.0033035
-0.1934986 -0.2195921 -0.0437333 0.3776773 0.0573394 -0.1568488 -0.1863311 -0.3010536 -0.0538617 0.4198319 0.0589620 -0.2051724 -0.6538645 -0.7420388 -0.1477823 0.9145788 0.1388524 -0.3798231 -0.5202960 -0.8406380 -0.1503991 0.8913828 0.1251876 -0.4356199 0.0009768 0.0026818 -0.0025889 0.0086081 -0.0090760 0.0050895 0.0007326 0.0036479 -0.0026061 0.0112424 -0.0131216 0.0075545 -0.0016375 0.0034984 -0.0099364 0.0099388 -0.0233410 0.0166093 -0.0023911 0.0030766 -0.0086269 0.0134307 -0.0289696 0.0208253
-0.1925218 -0.2169103 -0.0463222 0.3862854 0.0482634 -0.1517593 -0.1855985 -0.2974057 -0.0564678 0.4310743 0.0458405 -0.1976179 -0.6555020 -0.7385404 -0.1577187 0.9245176 0.1155114 -0.3632138 -0.5226870 -0.8375613 -0.1590260 0.9048135 0.0962179 -0.4147946 0.0013785 0.0035636 -0.0012004 0.0180207 -0.0246063 0.0220734 0.0020731 0.0020388 -0.0021174 0.0234227 -0.0339126 0.0297436 -0.0027876 0.0037831 -0.0059470 0.0262212 -0.0598810 0.0582532 0.0022552 -0.0000248 -0.0071069 0.0329586 -0.0716069 0.0684166
-0.1911432 -0.2133467 -0.0475225 0.4043061 0.0236571 -0.1296859 -0.1835254 -0.2953669 -0.0585852 0.4544970 0.0119279 -0.1678742 -0.6582896 -0.7347574 -0.1636657 0.9507388 0.0556305 -0.3049606 -0.5204318 -0.8375862 -0.1661329 0.9377721 0.0246111 -0.3463780 0.0007847 -0.0008472 -0.0016857 0.0064865 -0.0219239 0.0180862 0.0026874 -0.0029598 -0.0027286 0.0084836 -0.0290411 0.0240830 0.0035791 -0.0019315 -0.0055789 0.0142757 -0.0515589 0.0427957 0.0098845 -0.0046589 -0.0069702 0.0166347 -0.0598888 0.0499610
-0.1903585 -0.2141939 -0.0492083 0.4107926 0.0017332 -0.1115997 -0.1808380 -0.2983267 -0.0613139 0.4629806 -0.0171132 -0.1437912 -0.6547105 -0.7366888 -0.1692446 0.9650145 0.0040716 -0.2621648 -0.5105473 -0.8422451 -0.1731031 0.9544068 -0.0352778 -0.2964170 0.0012025 0.0020898 -0.0014768 -0.0025024 -0.0135446 0.0034746 0.0047791 -0.0045291 -0.0050877 -0.0035246 -0.0180047 0.0047786 -0.0005303 0.0019554 -0.0063294 0.0012846 -0.0320255 0.0062654 0.0167621 -0.0071625 -0.0131306 0.0001914 -0.0376856 0.0075945
-0.1891560 -0.2121041 -0.0506850 0.4082902 -0.0118114 -0.1081251 -0.1760589 -0.3028558 -0.0664016 0.4594560 -0.0351179 -0.1390127 -0.6552408 -0.7347335 -0.1755740 0.9662992 -0.0279539 -0.2558994 -0.4937852 -0.8494075 -0.1862338 0.9545983 -0.0729634 -0.2888225 0.0009638 -0.0040518 -0.0028419 -0.0001232 -0.0138683 0.0027903 0.0011845 -0.0041798 -0.0029502 -0.0005047 -0.0167406 0.0045074 0.0097650 -0.0066541 -0.0080165 0.0001856 -0.0328522 0.0064806 0.0081384 -0.0032666 -0.0063642 -0.0005536 -0.0348374 0.0092197
-0.1881923 -0.2161559 -0.0535269 0.4081670 -0.0256797 -0.1053349 -0.1748744 -0.3070356 -0.0693517 0.4589513 -0.0518585 -0.1345053 -0.6454758 -0.7413876 -0.1835905 0.9664848 -0.0608061 -0.2494189 -0.4856468 -0.8526742 -0.1925980 0.9540447 -0.1078007 -0.2796028 0.0008394 0.0009985 -0.0009097 0.0006626 -0.0018159 0.0015425 0.0008143 0.0009208 -0.0004838 0.0005818 -0.0024825 0.0020116 0.0004169 0.0005971 -0.0038355 0.0007143 -0.0042423 0.0038694 0.0007982 -0.0000160 -0.0019305 0.0006713 -0.0050969 0.0043367
-0.1873528 -0.2151574 -0.0544366 0.4088296 -0.0274956 -0.1037924 -0.1740601 -0.3061148 -0.0698355 0.4595331 -0.0543410 -0.1324937 -0.6450589 -0.7407905 -0.1874260 0.9671991 -0.0650484 -0.2455495 -0.4848485 -0.8526902 -0.1945285 0.9547160 -0.1128976 -0.2752661 -0.0001245 0.0001319 0.0003883 -0.0017495 -0.0009318 -0.0003458 0.0010727 0.0003628 0.0001047 -0.0021168 -0.0011260 -0.0008084 -0.0006285 0.0002250 0.0012794 -0.0006067 -0.0024512 -0.0017216 0.0018459 -0.0010085 -0.0001687 -0.0010941 -0.0027399 -0.0026424
-0.1874773 -0.2150255 -0.0540483 0.4070801 -0.0284275 -0.1041381 -0.1729873 -0.3057520 -0.0697308 0.4574163 -0.0554669 -0.1333022 -0.6456874 -0.7405655 -0.1861466 0.9665924 -0.0674996 -0.2472711 -0.4830027 -0.8536987 -0.1946972 0.9536220 -0.1156375 -0.2779085 0.0013013 0.0049141 -0.0024203 -0.0017094 0.0070054 -0.0080842 0.0015183 0.0048528 -0.0018560 -0.0025404 0.0077364 -0.0101070 -0.0044794 0.0068113 -0.0110538 -0.0040890 0.0166356 -0.0191873 -0.0018556 0.0028538 -0.0077268 -0.0046376 0.0160598 -0.0212787
-0.1861761 -0.2101114 -0.0564686 0.4053707 -0.0214220 -0.1122224 -0.1714690 -0.3008992 -0.0715868 0.4548759 -0.0477305 -0.1434092 -0.6501667 -0.7337542 -0.1972004 0.9625034 -0.0508640 -0.2664583 -0.4848583 -0.8508449 -0.2024240 0.9489843 -0.0995777 -0.2991872 0.0000807 0.0016458 -0.0003532 -0.0034078 0.0100210 -0.0112263 -0.0000538 0.0016505 -0.0005139 -0.0044492 0.0127650 -0.0148476 -0.0024254 0.0027148 -0.0020602 -0.0069205 0.0237605 -0.0270151 -0.0019032 0.0016119 -0.0021893 -0.0080435 0.0265349 -0.0314109
-0.1860954 -0.2084657 -0.0568218 0.4019629 -0.0114010 -0.1234487 -0.1715228 -0.2992488 -0.0721007 0.4504267 -0.0349654 -0.1582568 -0.6525922 -0.7310394 -0.1992607 0.9555829 -0.0271036 -0.2934734 -0.4867615 -0.8492330 -0.2046133 0.9409408 -0.0730428 -0.3305982 -0.0000177 0.0001387 -0.0001913 -0.0145631 0.0173002 -0.0246681 -0.0000622 0.0000972 0.0000109 -0.0198742 0.0228679 -0.0337876 -0.0001804 0.0003542 -0.0007069 -0.0216201 0.0413257 -0.0636137 -0.0002517 0.0001445 -0.0000008 -0.0279720 0.0473905 -0.0766241
-0.1861131 -0.2083270 -0.0570131 0.3873999 0.0058992 -0.1481167 -0.1715849 -0.2991516 -0.0720898 0.4305525 -0.0120975 -0.1920444 -0.6527726 -0.7306853 -0.1999676 0.9339628 0.0142221 -0.3570872 -0.4870133 -0.8490884 -0.2046141 0.9129688 -0.0256523 -0.4072222 0.0001488 -0.0001641 -0.0001302 -0.0138673 0.0369217 -0.0194641 -0.0002670 -0.0000592 0.0003098 -0.0189106 0.0489349 -0.0267969 0.0006339 -0.0004502 -0.0004224 -0.0265269 0.0898043 -0.0500229 -0.0005958 0.0001142 0.0009471 -0.0327359 0.1044234 -0.0607362
-0.1859643 -0.2084911 -0.0571433 0.3735326 0.0428209 -0.1675809 -0.1718519 -0.2992108 -0.0717800 0.4116420 0.0368374 -0.2188413 -0.6521386 -0.7311355 -0.2003900 0.9074359 0.1040264 -0.4071101 -0.4876090 -0.8489742 -0.2036670 0.8802329 0.0787711 -0.4679585 0.0005386 0.0000579 0.0001785 -0.0203500 0.0229025 -0.0133777 -0.0002669 0.0002491 0.0005173 -0.0274729 0.0302999 -0.0182751 0.0009088 -0.0008985 0.0003249 -0.0294141 0.0593640 -0.0427580 -0.0010155 0.0002585 0.0013609 -0.0385287 0.0683250 -0.0515574
-0.1854257 -0.2084332 -0.0569648 0.3531826 0.0657235 -0.1809586 -0.1721189 -0.2989617 -0.0712627 0.3841691 0.0671373 -0.2371165 -0.6512298 -0.7320339 -0.2000651 0.8780218 0.1633904 -0.4498680 -0.4886245 -0.8487157 -0.2023061 0.8417042 0.1470961 -0.5195158 -0.0008338 -0.0011874 0.0002135 -0.0384895 0.0341609 -0.0109203 -0.0021380 0.0009540 0.0007284 -0.0514625 0.0458583 -0.0149252 0.0002040 -0.0006449 0.0017041 -0.0539415 0.0981748 -0.0526011 -0.0059345 0.0029392 0.0021226 -0.0722974 0.1142140 -0.0633478
-0.1862595 -0.2096206 -0.0567514 0.3146931 0.0998844 -0.1918788 -0.1742569 -0.2980077 -0.0705343 0.3327066 0.1129956 -0.2520416 -0.6510259 -0.7326788 -0.1983609 0.8240803 0.2615653 -0.5024691 -0.4945589 -0.8457766 -0.2001835 0.7694069 0.2613102 -0.5828637 -0.0014148 -0.0014471 0.0003042 -0.0142940 0.0207713 0.0033148 -0.0035929 0.0016667 0.0016238 -0.0188174 0.0279972 0.0041441 -0.0005682 -0.0001353 0.0023798 -0.0222425 0.0604940 -0.0008538 -0.0100993 0.0048930 0.0046462 -0.0292722 0.0711438 -0.0016660
-0.1876744 -0.2110677 -0.0564472 0.3003992 0.1206557 -0.1885640 -0.1778497 -0.2963410 -0.0689105 0.3138892 0.1409928 -0.2478975 -0.6515940 -0.7328141 -0.1959812 0.8018378 0.3220592 -0.5033229 -0.5046583 -0.8408836 -0.1955373 0.7401347 0.3324539 -0.5845297 -0.0012254 0.0004524 0.0007841 -0.0198842 0.0082606 0.0006933 -0.0014229 -0.0003488 0.0009565 -0.0246382 0.0079730 0.0593754 -0.0035331 0.0023748 0.0029351 -0.0256289 0.0346633 -0.0165316 -0.0028455 0.0009829 0.0031658 0.0290913 0.0637016 0.0831794
-0.1888998 -0.2106153 -0.0556630 0.2805149 0.1289163 -0.1878707 -0.1792726 -0.2966898 -0.0679541 0.2892510 0.1489658 -0.1885221 -0.6551272 -0.7304393 -0.1930461 0.7762090 0.3567225 -0.5198545 -0.5075037 -0.8399007 -0.1923715 0.7692260 0.3961555 -0.5013503 -0.0014940 -0.0008480 0.0010481 -0.0188977 0.0018975 0.0009846 -0.0016969 -0.0005859 0.0014725 -0.0104904 0.0024233 -0.0028165 -0.0019920 0.0006013 0.0045498 -0.0224980 0.0201477 -0.0185586 -0.0032479 0.0008970 0.0047401 -0.0167433 0.0125021 -0.0151463
-0.1903938 -0.2114634 -0.0546149 0.2616173 0.1308137 -0.1868862 -0.1809695 -0.2972758 -0.0664815 0.2787606 0.1513890 -0.1913385 -0.6571191 -0.7298381 -0.1884963 0.7537109 0.3768702 -0.5384131 -0.5107517 -0.8390037 -0.1876313 0.7524827 0.4086576 -0.5164966 -0.0002160 -0.0000668 0.0002416 -0.0056370 -0.0033313 -0.0006981 -0.0006210 0.0000150 0.0009158 -0.0115512 -0.0041843 -0.0074982 -0.0004157 0.0001353 0.0009280 -0.0052355 -0.0041170 -0.0100753 -0.0015581 0.0003605 0.0026548 -0.0186959 -0.0044170 -0.0295312
-0.1906097 -0.2115302 -0.0543733 0.2559803 0.1274824 -0.1875843 -0.1815905 -0.2972608 -0.0655657 0.2672094 0.1472047 -0.1988367 -0.6575348 -0.7297028 -0.1875683 0.7484754 0.3727532 -0.5484884 -0.5123098 -0.8386432 -0.1849765 0.7337868 0.4042406 -0.5460279 0.0002512 -0.0000289 0.0003062 -0.0210415 -0.0242446 -0.0053042 -0.0002285 0.0003402 0.0005074 -0.0170844 -0.0265051 -0.0051267 0.0004102 -0.0006069 0.0009267 -0.0166473 -0.0511701 -0.0523542 -0.0010234 0.0003410 0.0012960 -0.0078928 -0.0539553 -0.0458996
-0.1903586 -0.2115591 -0.0540671 0.2349388 0.1032378 -0.1928885 -0.1818189 -0.2969206 -0.0650583 0.2501250 0.1206996 -0.2039634 -0.6571246 -0.7303096 -0.1866416 0.7318282 0.3215831 -0.6008426 -0.5133332 -0.8383021 -0.1836806 0.7258940 0.3502853 -0.5919274 0.0006806 0.0009258 0.0001599 -0.0068721 -0.0250311 -0.0033839 0.0003549 0.0010607 0.0001683 -0.0093048 -0.0235202 -0.0047013 -0.0002675 0.0002898 -0.0001918 0.0017610 -0.0700267 -0.0304784 -0.0005974 0.0003873 -0.0000967 -0.0030041 -0.0585738 -0.0344388
-0.1896779 -0.2106333 -0.0539072 0.2280666 0.0782067 -0.1962724 -0.1814641 -0.2958599 -0.0648900 0.2408202 0.0971794 -0.2086647 -0.6573921 -0.7300198 -0.1868333 0.7335892 0.2515564 -0.6313211 -0.5139306 -0.8379148 -0.1837773 0.7228899 0.2917115 -0.6263662 0.0003779 -0.0008898 0.0007244 0.0272914 -0.0192579 -0.0274366 0.0005789 -0.0018538 0.0003783 0.0254069 -0.0323050 -0.0779988 0.0019190 -0.0024031 0.0026819 0.0075030 -0.0804770 -0.0179202 0.0033600 -0.0024185 0.0016851 -0.0515523 -0.1281193 -0.0965055
-0.1893000 -0.2115231 -0.0531828 0.2553580 0.0589488 -0.2237090 -0.1808852 -0.2977137 -0.0645117 0.2662270 0.0648745 -0.2866635 -0.6554731 -0.7324229 -0.1841514 0.7410922 0.1710794 -0.6492413 -0.5105706 -0.8403333 -0.1820922 0.6713376 0.1635922 -0.7228717 0.0002010 -0.0003187 -0.0002114 -0.0194831 -0.0501818 -0.0004609 0.0000005 0.0001894 -0.0001938 -0.0260871 -0.0666090 -0.0006579 0.0010152 -0.0007458 -0.0006419 -0.0164918 -0.1441475 -0.0394016 -0.0001775 0.0002405 -0.0006109 -0.0300489 -0.1682242 -0.0444140
-0.1890991 -0.2118418 -0.0533942 0.2358749 0.0087670 -0.2241699 -0.1808847 -0.2975243 -0.0647055 0.2401400 -0.0017345 -0.2873214 -0.6544579 -0.7331687 -0.1847933 0.7246003 0.0269319 -0.6886429 -0.5107481 -0.8400928 -0.1827030 0.6412887 -0.0046320 -0.7672857 -0.0001391 -0.0009658 0.0008276 -0.0073027 -0.0312184 0.0078392 -0.0002750 -0.0008373 0.0003034 -0.0094981 -0.0413182 0.0102624 0.0009850 -0.0016939 0.0032714 -0.0001534 -0.0980904 0.0029949 0.0003602 -0.0004921 0.0012608 -0.0060125 -0.1139517 0.0041592
-0.1892381 -0.2128076 -0.0525666 0.2285722 -0.0224514 -0.2163306 -0.1811598 -0.2983616 -0.0644021 0.2306419 -0.0430527 -0.2770590 -0.6534729 -0.7348626 -0.1815219 0.7244469 -0.0711585 -0.6856480 -0.5103879 -0.8405849 -0.1814422 0.6352761 -0.1185837 -0.7631265 0.0000353 -0.0005247 0.0018289 -0.0044815 -0.0450213 0.0106448 0.0005248 -0.0026138 0.0017915 -0.0209209 -0.0239979 0.0552452 0.0002048 -0.0017183 0.0063378 -0.0052162 -0.1453986 0.0254887 0.0037838 -0.0035232 0.0058464 0.0357493 -0.0959521 0.0534088
-0.1892029 -0.2133323 -0.0507377 0.2240907 -0.0674727 -0.2056858 -0.1806349 -0.3009754 -0.0626105 0.2097210 -0.0670506 -0.2218138 -0.6532681 -0.7365808 -0.1751841 0.7192307 -0.2165571 -0.6601592 -0.5066041 -0.8441080 -0.1755959 0.6710255 -0.2145358 -0.7097177 0.0000150 -0.0031841 0.0010315 0.0026627 -0.0070353 0.0049038 0.0004187 -0.0013999 0.0007742 0.0021569 -0.0144069 -0.0049563 0.0049009 -0.0054443 0.0048355 0.0077748 -0.0223267 0.0164220 0.0023572 -0.0019414 0.0025771 -0.0106852 -0.0393353 0.0029644
-0.1891879 -0.2165164 -0.0497062 0.2267534 -0.0745080 -0.2007820 -0.1802162 -0.3023753 -0.0618364 0.2118779 -0.0814575 -0.2267701 -0.6483672 -0.7420252 -0.1703485 0.7270054 -0.2388838 -0.6437372 -0.5042469 -0.8460494 -0.1730188 0.6603402 -0.2538711 -0.7067533 0.0014442 0.0005440 0.0002892 0.0016880 -0.0028332 0.0037891 0.0009523 0.0020573 -0.0001971 -0.0020547 -0.0068114 -0.0021293 0.0018734 -0.0016743 0.0001813 0.0065766 -0.0094780 0.0111443 -0.0004223 0.0005848 -0.0016197 -0.0103686 -0.0195605 -0.0023109
-0.1877436 -0.2159725 -0.0494170 0.2284415 -0.0773412 -0.1969929 -0.1792639 -0.3003181 -0.0620335 0.2098232 -0.0882689 -0.2288994 -0.6464938 -0.7436995 -0.1701672 0.7335820 -0.2483618 -0.6325930 -0.5046692 -0.8454646 -0.1746385 0.6499716 -0.2734316 -0.7090642 0.0003720 -0.0008336 0.0004190 0.0008434 -0.0003748 0.0005744 -0.0000556 0.0003460 0.0005053 0.0010379 0.0005836 -0.0003289 0.0019684 -0.0020751 0.0016225 0.0018815 -0.0009233 0.0025530 -0.0006577 0.0001355 0.0012504 0.0017016 0.0024372 0.0006265
-0.1873716 -0.2168061 -0.0489981 0.2292849 -0.0777160 -0.1964185 -0.1793195 -0.2999721 -0.0615282 0.2108611 -0.0876853 -0.2292283 -0.6445254 -0.7457746 -0.1685447 0.7354635 -0.2492851 -0.6300400 -0.5053269 -0.8453291 -0.1733881 0.6516733 -0.2709944 -0.7084377 -0.0000799 -0.0032686 0.0009678 -0.0003538 -0.0010813 -0.0003397 -0.0003007 -0.0027253 0.0019138 0.0007214 0.0200408 0.0060014 0.0048664 -0.0052072 0.0046463 -0.0016657 -0.0032857 -0.0006333 0.0021772 -0.0025827 0.0063971 0.0201928 0.0561938 -0.0004041
-0.1874515 -0.2200746 -0.0480303 0.2289311 -0.0787973 -0.1967582 -0.1796202 -0.3026973 -0.0596144 0.2115825 -0.0676445 -0.2232269 -0.6396590 -0.7509818 -0.1638984 0.7337978 -0.2525708 -0.6306733 -0.5031497 -0.8479118 -0.1669910 0.6718660 -0.2148005 -0.7088418 -0.0004316 0.0007868 0.0014900 0.0035315 0.0161105 -0.0099772 -0.0014149 0.0013292 0.0024553 0.0268931 -0.0279526 -0.0382623 -0.0026878 0.0012665 0.0047834 -0.0012751 0.0550356 -0.0207793 -0.0051201 0.0017980 0.0065127 -0.0213367 -0.0459754 -0.0044656
-0.1878831 -0.2192878 -0.0465403 0.2324626 -0.0626868 -0.2067354 -0.1810351 -0.3013681 -0.0571590 0.2384756 -0.0955971 -0.2614892 -0.6423468 -0.7497153 -0.1591150 0.7325227 -0.1975351 -0.6514525 -0.5082698 -0.8461138 -0.1604783 0.6505294 -0.2607759 -0.7133074 -0.0016581 -0.0011385 0.0017963 0.0007464 0.0127183 -0.0064774 -0.0021646 0.0005055 0.0026938 0.0011141 0.0171436 -0.0088654 -0.0020544 0.0003112 0.0069947 -0.0035416 0.0413400 -0.0150231 -0.0057062 0.0020289 0.0076733 -0.0023971 0.0485454 -0.0180494
-0.1895413 -0.2204263 -0.0447440 0.2332090 -0.0499685 -0.2132128 -0.1831998 -0.3008626 -0.0544653 0.2395897 -0.0784535 -0.2703546 -0.6444012 -0.7494041 -0.1521202 0.7289810 -0.1561951 -0.6664756 -0.5139760 -0.8440849 -0.1528050 0.6481323 -0.2122305 -0.7313568 -0.0011020 0.0003052 0.0017945 0.0027433 0.0528709 -0.0167937 -0.0005460 0.0014415 0.0021543 0.0035548 0.0703974 -0.0224658 -0.0032710 0.0015871 0.0062080 -0.0129374 0.1650030 -0.0315243 -0.0033572 0.0010696 0.0055242 -0.0094448 0.1910688 -0.0378184
-0.1906433 -0.2201211 -0.0429495 0.2359524 0.0029024 -0.2300065 -0.1837457 -0.2994211 -0.0523110 0.2431445 -0.0080561 -0.2928204 -0.6476722 -0.7478171 -0.1459123 0.7160437 0.0088079 -0.6979999 -0.5173332 -0.8430153 -0.1472808 0.6386874 -0.0211617 -0.7691752 -0.0014201 0.0020291 0.0032165 -0.0043594 0.0613557 0.0011599 -0.0012652 0.0011730 0.0019786 -0.0084961 0.0808954 0.0004562 -0.0071399 0.0042643 0.0104485 -0.0181933 0.1848186 0.0084249 -0.0044680 0.0018424 0.0053244 -0.0242526 0.2118938 0.0036094
-0.1920634 -0.2180920 -0.0397330 0.2315930 0.0642581 -0.2288467 -0.1850110 -0.2982481 -0.0503324 0.2346484 0.0728392 -0.2923643 -0.6548121 -0.7435527 -0.1354638 0.6978503 0.1936264 -0.6895750 -0.5218012 -0.8411729 -0.1419564 0.6144348 0.1907321 -0.7655659 -0.0002513 -0.0005708 0.0004535 0.0116376 0.0214819 0.0049133 -0.0006222 -0.0002734 0.0007428 0.0150771 0.0283656 0.0064940 0.0003215 -0.0006063 0.0017870 0.0142805 0.0574032 0.0339426 -0.0010907 0.0002969 0.0022725 0.0212500 0.0668883 0.0378733
-0.1923147 -0.2186628 -0.0392794 0.2432306 0.0857400 -0.2239333 -0.1856332 -0.2985215 -0.0495895 0.2497255 0.1012048 -0.2858702 -0.6544906 -0.7441590 -0.1336768 0.7121308 0.2510296 -0.6556324 -0.5228920 -0.8408760 -0.1396839 0.6356849 0.2576204 -0.7276926 -0.0004423 -0.0017059 -0.0003064 0.0041727 0.0179652 0.0065149 -0.0010740 -0.0018266 0.0003779 0.0053592 0.0244995 0.0086639 0.0020495 -0.0017415 -0.0003128 0.0043515 0.0493016 0.0259863 -0.0000126 -0.0002988 0.0018586 0.0066335 0.0589108 0.0296703
-0.1927570 -0.2203686 -0.0395858 0.2474033 0.1037052 -0.2174185 -0.1867072 -0.3003480 -0.0492116 0.2550846 0.1257044 -0.2772064 -0.6524410 -0.7459005 -0.1339896 0.7164824 0.3003312 -0.6296461 -0.5229046 -0.8411748 -0.1378254 0.6423184 0.3165311 -0.6980223 -0.0002151 -0.0061267 -0.0000051 0.0111248 0.0006705 0.0041368 -0.0013050 -0.0056002 -0.0000032 0.0146471 0.0028256 0.0055409 0.0095784 -0.0086405 0.0020973 0.0200077 -0.0029876 0.0220531 0.0041885 -0.0029207 0.0020441 0.0256183 0.0017477 0.0252972
-0.1929721 -0.2264953 -0.0395909 0.2585281 0.1043757 -0.2132817 -0.1880122 -0.3059482 -0.0492148 0.2697318 0.1285300 -0.2716654 -0.6428627 -0.7545409 -0.1318923 0.7364900 0.2973436 -0.6075930 -0.5187161 -0.8440954 -0.1357812 0.6679367 0.3182788 -0.6727251 -0.0017987 0.0035500 0.0011156 0.0109511 0.0038606 0.0041726 -0.0005686 0.0017256 0.0005647 0.0144915 0.0045814 0.0052719 -0.0095687 0.0077326 0.0030100 0.0165485 0.0051143 0.0232539 -0.0033481 0.0018902 0.0010989 0.0224890 0.0050710 0.0256106
-0.1947709 -0.2229453 -0.0384753 0.2694792 0.1082363 -0.2091091 -0.1885808 -0.3042226 -0.0486501 0.2842232 0.1331114 -0.2663936 -0.6524314 -0.7468083 -0.1288823 0.7530386 0.3024579 -0.5843390 -0.5220642 -0.8422053 -0.1346823 0.6904257 0.3233499 -0.6471145 0.0003576 0.0005413 0.0006088 0.0234444 -0.0107925 0.0035064 0.0001545 0.0002212 0.0004286 0.0310598 -0.0144265 0.0045183 -0.0003668 0.0000232 0.0017345 0.0367108 -0.0397402 0.0300149 -0.0000413 -0.0001442 0.0010664 0.0484707 -0.0452001 0.0333842
-0.1944132 -0.2224040 -0.0378665 0.2929236 0.0974438 -0.2056027 -0.1884263 -0.3040014 -0.0482216 0.3152830 0.1186849 -0.2618753 -0.6527982 -0.7467851 -0.1271478 0.7897494 0.2627177 -0.5543241 -0.5221055 -0.8423495 -0.1336159 0.7388964 0.2781497 -0.6137302 0.0003010 -0.0019687 -0.0005724 0.0085712 -0.0264576 -0.0013325 0.0002569 -0.0035980 -0.0009919 0.0083168 -0.0354847 -0.0040512 0.0039533 -0.0032091 -0.0013393 0.0196206 -0.0721534 -0.0011984 0.0050612 -0.0028599 -0.0016110 0.0188925 -0.0833159 -0.0090023
-0.1941123 -0.2243727 -0.0384390 0.3014948 0.0709862 -0.2069352 -0.1881694 -0.3075994 -0.0492135 0.3235998 0.0832002 -0.2659265 -0.6488449 -0.7499942 -0.1284871 0.8093701 0.1905643 -0.5555226 -0.5170443 -0.8452094 -0.1352269 0.7577889 0.1948339 -0.6227325 0.0004577 -0.0003756 -0.0012860 0.0163482 -0.0276022 0.0038656 0.0006504 -0.0011154 -0.0017264 0.0187452 -0.0378909 0.0035797 0.0018614 -0.0008708 -0.0042306 0.0278024 -0.0762943 0.0206539 0.0029812 -0.0010991 -0.0044193 0.0316054 -0.0903576 0.0178017
-0.1936545 -0.2247483 -0.0397250 0.3178431 0.0433840 -0.2030696 -0.1875189 -0.3087148 -0.0509399 0.3423450 0.0453093 -0.2623468 -0.6469835 -0.7508651 -0.1327177 0.8371725 0.1142699 -0.5348687 -0.5140631 -0.8463085 -0.1396463 0.7893943 0.1044763 -0.6049309 0.0023507 0.0001330 -0.0022801 0.0059676 -0.0193193 0.0044505 0.0004937 0.0017983 -0.0003242 0.0070785 -0.0268622 0.0051586 0.0050589 -0.0028366 -0.0082312 0.0135422 -0.0510471 0.0130571 -0.0010892 0.0009214 -0.0015583 0.0152446 -0.0619969 0.0126879
-0.1913039 -0.2246152 -0.0420050 0.3238107 0.0240647 -0.1986191 -0.1870253 -0.3069165 -0.0512641 0.3494235 0.0184472 -0.2571882 -0.6419246 -0.7537017 -0.1409489 0.8507147 0.0632228 -0.5218116 -0.5151523 -0.8453871 -0.1412046 0.8046389 0.0424794 -0.5922430 0.0002267 -0.0006629 -0.0007368 0.0085269 -0.0081817 0.0051379 0.0011952 -0.0006737 -0.0006888 0.0111391 -0.0109151 0.0066842 0.0017473 -0.0010610 -0.0022516 0.0127605 -0.0219557 0.0191113 0.0033688 -0.0017289 -0.0018758 0.0164893 -0.0253263 0.0217570
-0.1910772 -0.2252781 -0.0427418 0.3323376 0.0158831 -0.1934812 -0.1858300 -0.3075902 -0.0519529 0.3605626 0.0075321 -0.2505040 -0.6401773 -0.7547627 -0.1432004 0.8634752 0.0412671 -0.5027003 -0.5117835 -0.8471161 -0.1430804 0.8211282 0.0171531 -0.5704860 0.0015202 -0.0008941 -0.0013218 -0.0002789 -0.0000928 0.0001474 0.0026366 -0.0009611 -0.0035685 -0.0009541 -0.0003415 -0.0001453 0.0048784 -0.0032520 -0.0044786 -0.0000095 -0.0002072 -0.0000333 0.0072666 -0.0026382 -0.0098262 -0.0008544 -0.0007513 -0.0012499
-0.1895569 -0.2261722 -0.0440636 0.3320587 0.0157902 -0.1933337 -0.1831934 -0.3085513 -0.0555214 0.3596085 0.0071906 -0.2506494 -0.6352988 -0.7580147 -0.1476790 0.8634657 0.0410600 -0.5027336 -0.5045169 -0.8497542 -0.1529067 0.8202738 0.0164018 -0.5717359 0.0004573 0.0018095 -0.0001176 0.0063271 0.0129873 0.0027554 0.0026885 0.0011543 -0.0018096 0.0083807 0.0165596 0.0033571 -0.0019775 0.0018998 -0.0012141 0.0054674 0.0328373 0.0133518 0.0045817 -0.0016279 -0.0058801 0.0085359 0.0370898 0.0147680
-0.1890997 -0.2243627 -0.0441812 0.3383857 0.0287775 -0.1905783 -0.1805049 -0.3073970 -0.0573310 0.3679892 0.0237501 -0.2472923 -0.6372763 -0.7561149 -0.1488931 0.8689331 0.0738972 -0.4893818 -0.4999352 -0.8513821 -0.1587868 0.8288096 0.0534917 -0.5569679 0.0006878 0.0001835 -0.0006739 0.0069619 0.0230040 0.0033144 0.0001487 0.0007893 -0.0004641 0.0091455 0.0304324 0.0043328 0.0012989 -0.0005942 -0.0025137 0.0026066 0.0567817 0.0167915 -0.0005198 0.0006025 -0.0015840 0.0057806 0.0664130 0.0193044
-0.1884118 -0.2241793 -0.0448551 0.3453476 0.0517815 -0.1872639 -0.1803562 -0.3066078 -0.0577951 0.3771348 0.0541825 -0.2429595 -0.6359774 -0.7567091 -0.1514068 0.8715397 0.1306789 -0.4725903 -0.5004550 -0.8507796 -0.1603708 0.8345902 0.1199046 -0.5376635 0.0017198 0.0040324 -0.0019574 0.0071380 0.0249706 0.0033699 0.0017393 0.0042912 -0.0020950 0.0090419 0.0318258 0.0052371 -0.0024587 0.0038667 -0.0086792 -0.0010164 0.0588735 0.0184327 -0.0009810 0.0020784 -0.0077604 0.0020787 0.0664363 0.0226274
-0.1866921 -0.2201469 -0.0468125 0.3524856 0.0767521 -0.1838940 -0.1786169 -0.3023166 -0.0598901 0.3861767 0.0860084 -0.2377224 -0.6384362 -0.7528424 -0.1600859 0.8705233 0.1895524 -0.4541576 -0.5014360 -0.8487013 -0.1681312 0.8366689 0.1863409 -0.5150361 -0.0005306 0.0012966 0.0000060 0.0119594 0.0290440 0.0174506 -0.0011290 0.0030396 0.0000499 0.0161741 0.0383176 0.0229250 -0.0032093 0.0028036 -0.0003284 0.0089570 0.0657554 0.0524955 -0.0060371 0.0037585 -0.0008146 0.0144388 0.0766505 0.0606672
-0.1872227 -0.2188502 -0.0468065 0.3644450 0.1057962 -0.1664434 -0.1797459 -0.2992769 -0.0598402 0.4023507 0.1243260 -0.2147974 -0.6416455 -0.7500389 -0.1604143 0.8794803 0.2553078 -0.4016621 -0.5074731 -0.8449428 -0.1689457 0.8511077 0.2629914 -0.4543690 -0.0006781 0.0011160 0.0000417 0.0075463 0.0097420 0.0115995 -0.0005768 -0.0000531 0.0002359 0.0102814 0.0128613 0.0152538 -0.0032211 0.0027849 -0.0000804 0.0079677 0.0203279 0.0322557 -0.0012002 0.0005608 0.0008077 0.0113485 0.0237482 0.0372963
-0.1879007 -0.2177343 -0.0467648 0.3719912 0.1155381 -0.1548439 -0.1803227 -0.2993301 -0.0596043 0.4126321 0.1371872 -0.1995435 -0.6448666 -0.7472540 -0.1604947 0.8874480 0.2756357 -0.3694064 -0.5086734 -0.8443820 -0.1681381 0.8624563 0.2867396 -0.4170727 0.0005317 0.0026440 -0.0008845 0.0047548 0.0091927 0.0068751 0.0016878 0.0024862 -0.0005674 0.0062478 0.0112459 0.0093684 -0.0030022 0.0035330 -0.0042631 0.0020591 0.0188570 0.0200480 0.0006615 0.0002007 -0.0029814 0.0041024 0.0203317 0.0236475
-0.1873690 -0.2150903 -0.0476493 0.3767460 0.1247308 -0.1479689 -0.1786349 -0.2968439 -0.0601717 0.4188799 0.1484331 -0.1901751 -0.6478688 -0.7437210 -0.1647578 0.8895071 0.2944927 -0.3493583 -0.5080119 -0.8441813 -0.1711195 0.8665586 0.3070713 -0.3934252 0.0002567 0.0000557 -0.0003593 0.0039615 -0.0050786 0.0011429 0.0006580 -0.0006772 -0.0003289 0.0053973 -0.0069011 0.0016175 0.0005558 -0.0001887 -0.0013274 0.0058102 -0.0131043 0.0040648 0.0022955 -0.0012167 -0.0007911 0.0075499 -0.0154829 0.0049531
-0.1871124 -0.2150346 -0.0480086 0.3807075 0.1196522 -0.1468260 -0.1779769 -0.2975211 -0.0605005 0.4242772 0.1415320 -0.1885577 -0.6473130 -0.7439097 -0.1660852 0.8953172 0.2813883 -0.3452936 -0.5057163 -0.8453980 -0.1719106 0.8741085 0.2915884 -0.3884721 0.0002857 0.0003631 -0.0010732 0.0154566 -0.0266660 0.0046580 0.0005175 -0.0003798 -0.0010010 0.0204884 -0.0356593 0.0065098 0.0003739 0.0005499 -0.0038741 0.0237502 -0.0656681 0.0154758 0.0018046 -0.0005182 -0.0027284 0.0296946 -0.0764458 0.0185348
-0.1868266 -0.2146715 -0.0490818 0.3961641 0.0929862 -0.1421680 -0.1774594 -0.2979009 -0.0615015 0.4447656 0.1058727 -0.1820478 -0.6469391 -0.7433597 -0.1699593 0.9190675 0.2157203 -0.3298178 -0.5039117 -0.8459162 -0.1746390 0.9038031 0.2151426 -0.3699373 -0.0001073 -0.0000048 -0.0011694 0.0187744 -0.0619898 0.0231704 0.0012244 -0.0018888 -0.0016044 0.0252203 -0.0826443 0.0309854 0.0002420 0.0006880 -0.0038844 0.0397158 -0.1440980 0.0548544 0.0052743 -0.0023056 -0.0039121 0.0471760 -0.1681419 0.0642745
-0.1869339 -0.2146763 -0.0502512 0.4149385 0.0309964 -0.1189976 -0.1762350 -0.2997897 -0.0631059 0.4699859 0.0232284 -0.1510624 -0.6466970 -0.7426717 -0.1738438 0.9587833 0.0716222 -0.2749634 -0.4986375 -0.8482218 -0.1785511 0.9509791 0.0470007 -0.3056628 0.0002845 -0.0002742 -0.0017549 0.0024096 -0.0187672 0.0111622 0.0005210 -0.0003880 -0.0019618 0.0031902 -0.0251499 0.0149117 0.0017208 -0.0001002 -0.0058657 0.0090301 -0.0432632 0.0248974 0.0020716 -0.0000767 -0.0053294 0.0100221 -0.0509032 0.0291462
-0.1866494 -0.2149505 -0.0520061 0.4173481 0.0122292 -0.1078354 -0.1757141 -0.3001777 -0.0650677 0.4731761 -0.0019215 -0.1361508 -0.6449762 -0.7427720 -0.1797095 0.9678134 0.0283590 -0.2500659 -0.4965658 -0.8482985 -0.1838804 0.9610012 -0.0039025 -0.2765166 -0.0006441 0.0008300 -0.0012328 -0.0075838 -0.0287585 0.0041645 0.0000858 0.0002373 -0.0011266 -0.0101416 -0.0384640 0.0057955 -0.0021698 0.0029320 -0.0042440 0.0009002 -0.0674354 0.0049802 0.0001936 0.0005871 -0.0032022 -0.0017936 -0.0797588 0.0064767
-0.1872936 -0.2141205 -0.0532388 0.4097642 -0.0165293 -0.1036709 -0.1756283 -0.2999404 -0.0661943 0.4630345 -0.0403855 -0.1303553 -0.6471460 -0.7398399 -0.1839535 0.9687136 -0.0390764 -0.2450857 -0.4963722 -0.8477115 -0.1870826 0.9592076 -0.0836613 -0.2700399 -0.0007919 0.0003861 -0.0010632 -0.0072507 -0.0147942 0.0002232 -0.0000089 0.0005060 -0.0005496 -0.0096416 -0.0197261 0.0004218 -0.0017825 0.0024180 -0.0033984 -0.0029275 -0.0360808 -0.0031253 -0.0004759 0.0006614 -0.0017246 -0.0056176 -0.0427672 -0.0032402
-0.1880855 -0.2137344 -0.0543021 0.4025135 -0.0313235 -0.1034476 -0.1756372 -0.2994344 -0.0667438 0.4533929 -0.0601116 -0.1299335 -0.6489285 -0.7374219 -0.1873519 0.9657860 -0.0751572 -0.2482110 -0.4968482 -0.8470500 -0.1888072 0.9535900 -0.1264285 -0.2732801 -0.0004074 0.0000448 0.0001590 -0.0049463 -0.0090916 0.0030240 -0.0000224 -0.0000762 0.0000047 -0.0063960 -0.0121444 0.0037836 -0.0009531 0.0006676 0.0006784 -0.0009137 -0.0229280 0.0044886 0.0000418 -0.0000363 0.0000531 -0.0026208 -0.0272933 0.0049010
-0.1884929 -0.2136896 -0.0541431 0.3975672 -0.0404151 -0.1004237 -0.1756595 -0.2995106 -0.0667392 0.4469969 -0.0722560 -0.1261498 -0.6498816 -0.7367543 -0.1866735 0.9648724 -0.0980852 -0.2437224 -0.4968064 -0.8470864 -0.1887540 0.9509691 -0.1537219 -0.2683790 0.0003032 0.0002941 -0.0005358 -0.0017775 -0.0027718 -0.0001259 0.0008698 0.0005685 -0.0004804 -0.0024767 -0.0038257 -0.0001358 0.0003443 0.0002189 -0.0020509 -0.0010350 -0.0070848 -0.0011385 0.0013079 -0.0003626 -0.0018018 -0.0018126 -0.0087305 -0.0012709
-0.1881897 -0.2133955 -0.0546789 0.3957897 -0.0431870 -0.1005496 -0.1747898 -0.2989421 -0.0672196 0.4445203 -0.0760816 -0.1262857 -0.6495373 -0.7365354 -0.1887244 0.9638373 -0.1051700 -0.2448609 -0.4954985 -0.8474489 -0.1905558 0.9491565 -0.1624524 -0.2696500 0.0004211 0.0000514 -0.0001496 -0.0010408 -0.0007290 -0.0015298 0.0017989 -0.0002050 -0.0002323 -0.0239610 0.0234775 -0.0390836 0.0008199 -0.0005424 -0.0007014 -0.0012513 -0.0019180 -0.0040572 0.0041674 -0.0021931 -0.0010219 -0.0247596 0.0468276 -0.0938348
-0.1877686 -0.2133441 -0.0548285 0.3947489 -0.0439160 -0.1020793 -0.1729909 -0.2991471 -0.0674518 0.4205592 -0.0526041 -0.1653693 -0.6487173 -0.7370778 -0.1894258 0.9625861 -0.1070880 -0.2489180 -0.4913312 -0.8496421 -0.1915777 0.9243969 -0.1156248 -0.3634848 0.0006470 0.0004590 0.0001604 -0.0054545 -0.0029423 -0.0058450 0.0011957 -0.0002589 -0.0002934 -0.0008493 0.0007170 -0.0041738 0.0004697 -0.0004230 0.0000384 -0.0053502 -0.0081318 -0.0164570 0.0029673 -0.0014828 -0.0010025 -0.0032216 0.0017435 -0.0086268
-0.1871215 -0.2128851 -0.0546681 0.3892945 -0.0468583 -0.1079243 -0.1717951 -0.2994060 -0.0677453 0.4197100 -0.0518871 -0.1695431 -0.6482476 -0.7375008 -0.1893874 0.9572359 -0.1152198 -0.2653750 -0.4883639 -0.8511249 -0.1925802 0.9211754 -0.1138813 -0.3721116 0.0002154 0.0000302 -0.0000520 -0.0030690 0.0048425 -0.0112307 -0.0000299 0.0000699 0.0000443 -0.0066007 0.0116544 -0.0130253 0.0004050 -0.0002839 -0.0002799 -0.0067985 0.0118258 -0.0278458 -0.0001592 0.0000695 0.0000966 -0.0101222 0.0251538 -0.0305169
-0.1869062 -0.2128549 -0.0547200 0.3862255 -0.0420158 -0.1191550 -0.1718250 -0.2993361 -0.0677010 0.4131093 -0.0402327 -0.1825685 -0.6478427 -0.7377846 -0.1896673 0.9504374 -0.1033940 -0.2932208 -0.4885231 -0.8510554 -0.1924837 0.9110531 -0.0887275 -0.4026285 0.0005255 -0.0002728 0.0000467 -0.0102734 0.0149365 -0.0248665 -0.0000179 0.0001783 0.0003810 0.0045852 -0.0145916 -0.0015433 0.0014910 -0.0013233 0.0000651 -0.0187190 0.0362835 -0.0637063 -0.0003512 -0.0000162 0.0009656 -0.0025310 -0.0305203 0.0021693
-0.1863807 -0.2131277 -0.0546733 0.3759521 -0.0270794 -0.1440215 -0.1718429 -0.2991578 -0.0673200 0.4176945 -0.0548244 -0.1841117 -0.6463516 -0.7391080 -0.1896022 0.9317184 -0.0671105 -0.3569271 -0.4888743 -0.8510715 -0.1915181 0.9085221 -0.1192478 -0.4004592 -0.0003046 -0.0003576 -0.0000673 -0.0241512 0.0453814 -0.0393642 -0.0003843 -0.0006339 -0.0001306 -0.0440982 0.0906750 -0.0622340 0.0000059 -0.0000252 0.0000781 -0.0459076 0.1131938 -0.1048256 -0.0000469 0.0000183 0.0000384 -0.0763449 0.1991042 -0.1482703
-0.1866853 -0.2134853 -0.0547406 0.3518009 0.0183021 -0.1833857 -0.1722272 -0.2997917 -0.0674506 0.3735963 0.0358506 -0.2463457 -0.6463457 -0.7391331 -0.1895241 0.8858108 0.0460833 -0.4617527 -0.4889212 -0.8510532 -0.1914797 0.8321772 0.0798564 -0.5487295 0.0006937 0.0006750 -0.0009664 -0.0051199 0.0222616 -0.0082907 0.0003556 0.0004399 -0.0009162 0.0049154 -0.0007367 -0.0007986 0.0006986 0.0003883 -0.0038558 -0.0152172 0.0557810 -0.0195896 0.0004947 0.0003519 -0.0028058 0.0026261 -0.0024131 0.0036552
-0.1859916 -0.2128103 -0.0557070 0.3466810 0.0405636 -0.1916764 -0.1718716 -0.2993518 -0.0683668 0.3785116 0.0351139 -0.2471444 -0.6456471 -0.7387448 -0.1933800 0.8705936 0.1018644 -0.4813423 -0.4884265 -0.8507013 -0.1942855 0.8348033 0.0774433 -0.5450743 0.0003634 -0.0007824 -0.0002511 -0.0252243 0.0362967 -0.0121914 0.0000014 -0.0008524 -0.0000411 -0.0338661 0.0483636 -0.0162056 0.0021396 -0.0017058 -0.0006070 -0.0428115 0.0960586 -0.0436370 0.0010189 -0.0006497 0.0002872 -0.0545394 0.1115465 -0.0511397
-0.1856282 -0.2135927 -0.0559581 0.3214567 0.0768604 -0.2038677 -0.1718702 -0.3002042 -0.0684078 0.3446456 0.0834775 -0.2633500 -0.6435075 -0.7404506 -0.1939870 0.8277822 0.1979229 -0.5249792 -0.4874076 -0.8513510 -0.1939982 0.7802639 0.1889898 -0.5962139 -0.0010208 -0.0017467 0.0003349 -0.0316505 0.0304913 -0.0027604 -0.0011758 -0.0021471 0.0003404 -0.0424217 0.0409574 -0.0038891 0.0006651 -0.0012052 0.0024137 -0.0482352 0.0908413 -0.0308280 -0.0001048 -0.0004463 0.0022356 -0.0644072 0.1057506 -0.0367768
-0.1866490 -0.2153394 -0.0556232 0.2898062 0.1073517 -0.2066282 -0.1730459 -0.3023513 -0.0680675 0.3022239 0.1244350 -0.2672391 -0.6428424 -0.7416558 -0.1915733 0.7795470 0.2887643 -0.5558073 -0.4875125 -0.8517973 -0.1917626 0.7158567 0.2947404 -0.6329907 0.0001838 -0.0009757 0.0000687 -0.0223651 0.0295994 0.0082421 0.0001418 -0.0018908 0.0000863 -0.0300184 0.0398192 0.0109598 0.0019430 -0.0018410 0.0006269 -0.0367621 0.0916004 0.0048142 0.0024856 -0.0016561 0.0010635 -0.0492674 0.1074925 0.0054022
-0.1864652 -0.2163152 -0.0555545 0.2674411 0.1369510 -0.1983861 -0.1729041 -0.3042422 -0.0679811 0.2722055 0.1642541 -0.2562794 -0.6408993 -0.7434968 -0.1909464 0.7427849 0.3803647 -0.5509931 -0.4850268 -0.8534535 -0.1906991 0.6665893 0.4022330 -0.6275886 0.0001921 -0.0008286 -0.0000177 0.0027638 0.0046784 -0.0045953 -0.0003116 -0.0000878 0.0000650 0.0098620 0.0053203 -0.0032547 0.0017525 -0.0015749 0.0002649 -0.0053866 0.0061467 -0.0029498 -0.0005828 0.0002653 0.0002965 0.0063835 0.0023473 0.0083774
-0.1862730 -0.2171438 -0.0555722 0.2702049 0.1416294 -0.2029814 -0.1732157 -0.3043300 -0.0679161 0.2820675 0.1695744 -0.2595341 -0.6391469 -0.7450717 -0.1906815 0.7373983 0.3865114 -0.5539429 -0.4856096 -0.8531882 -0.1904026 0.6729727 0.4045803 -0.6192112 0.0000356 -0.0009219 -0.0001214 -0.0210562 -0.0053214 -0.0058685 0.0000161 -0.0004608 0.0000603 -0.0279081 -0.0071565 -0.0077372 0.0016270 -0.0014012 0.0000334 -0.0306417 0.0001517 -0.0384985 0.0005537 -0.0003970 0.0003684 -0.0423072 -0.0015600 -0.0439898
-0.1862374 -0.2180657 -0.0556936 0.2491487 0.1363080 -0.2088499 -0.1731995 -0.3047908 -0.0678558 0.2541594 0.1624179 -0.2672713 -0.6375198 -0.7464729 -0.1906480 0.7067566 0.3866630 -0.5924414 -0.4850559 -0.8535852 -0.1900342 0.6306656 0.4030203 -0.6632010 0.0004969 0.0008322 -0.0003287 -0.0161023 -0.0198089 -0.0096519 0.0003225 0.0011893 -0.0004527 -0.0213497 -0.0269226 -0.0125414 -0.0002088 0.0006151 -0.0017014 -0.0214021 -0.0440565 -0.0501394 -0.0005722 0.0007398 -0.0018509 -0.0312584 -0.0541649 -0.0572231
-0.1857405 -0.2172334 -0.0560224 0.2330465 0.1164992 -0.2185018 -0.1728771 -0.3036014 -0.0683085 0.2328097 0.1354954 -0.2798127 -0.6377287 -0.7458578 -0.1923494 0.6853545 0.3426065 -0.6425807 -0.4856282 -0.8528455 -0.1918851 0.5994072 0.3488554 -0.7204242 -0.0003102 0.0009519 0.0006774 -0.0238972 -0.0542450 -0.0074692 -0.0008317 0.0001875 0.0005552 -0.0317808 -0.0724329 -0.0098246 -0.0024733 0.0016313 0.0019069 -0.0195639 -0.1444310 -0.0767588 -0.0021461 0.0008591 0.0016339 -0.0381263 -0.1727824 -0.0882551
-0.1860507 -0.2162815 -0.0553450 0.2091493 0.0622542 -0.2259710 -0.1737087 -0.3034139 -0.0677533 0.2010288 0.0630624 -0.2896372 -0.6402020 -0.7442265 -0.1904425 0.6657906 0.1981755 -0.7193395 -0.4877743 -0.8519864 -0.1902512 0.5612809 0.1760729 -0.8086792 -0.0006775 -0.0046025 -0.0001693 -0.0081035 -0.0424570 0.0036567 -0.0008368 -0.0057866 0.0001217 0.0061861 -0.0204888 0.0812362 0.0061824 -0.0057663 0.0019485 0.0034889 -0.1322707 -0.0207425 0.0048688 -0.0034616 0.0031387 0.1365213 -0.0327052 0.1068831
-0.1867282 -0.2208840 -0.0555143 0.2010458 0.0197972 -0.2223143 -0.1745455 -0.3092005 -0.0676316 0.2072150 0.0425736 -0.2084010 -0.6340196 -0.7499928 -0.1884940 0.6692795 0.0659048 -0.7400821 -0.4829055 -0.8554480 -0.1871125 0.6978022 0.1433677 -0.7017961 -0.0002319 0.0008114 0.0008619 -0.0041538 -0.0388949 0.0127149 -0.0002042 0.0008256 0.0007865 -0.0016649 -0.0444008 0.0254656 -0.0021313 0.0011731 0.0025338 0.0138830 -0.1321686 0.0128283 -0.0015754 0.0005013 0.0017896 0.0491860 -0.1500080 0.0369920
-0.1869601 -0.2200726 -0.0546524 0.1968920 -0.0190977 -0.2095994 -0.1747498 -0.3083749 -0.0668450 0.2055501 -0.0018272 -0.1829353 -0.6361509 -0.7488197 -0.1859603 0.6831625 -0.0662638 -0.7272538 -0.4844808 -0.8549466 -0.1853229 0.7469882 -0.0066402 -0.6648042 -0.0002485 0.0023705 0.0017246 0.0096269 -0.0231042 -0.0091659 -0.0002302 0.0000357 0.0006664 0.0008698 -0.0652287 -0.0950112 -0.0050549 0.0031710 0.0046782 -0.0033580 -0.0726534 0.0071372 -0.0006944 -0.0000001 0.0018261 -0.1616441 -0.1835100 -0.1233679
-0.1872086 -0.2177021 -0.0529277 0.2065189 -0.0422019 -0.2187653 -0.1749800 -0.3083392 -0.0661787 0.2064199 -0.0670559 -0.2779466 -0.6412058 -0.7456487 -0.1812821 0.6798045 -0.1389172 -0.7201166 -0.4851753 -0.8549467 -0.1834968 0.5853441 -0.1901502 -0.7881721 -0.0001655 0.0004657 0.0008486 -0.0000407 -0.0064589 0.0038368 -0.0002174 0.0008153 0.0010513 -0.0110243 0.0387953 0.0730797 -0.0014332 0.0005907 0.0026659 0.0039304 -0.0222189 0.0083991 -0.0016594 0.0004058 0.0025221 0.1014242 0.0908208 0.0681144
-0.1873741 -0.2172364 -0.0520791 0.2064782 -0.0486608 -0.2149285 -0.1751973 -0.3075239 -0.0651274 0.1953956 -0.0282607 -0.2048669 -0.6426390 -0.7450580 -0.1786162 0.6837349 -0.1611361 -0.7117175 -0.4868346 -0.8545409 -0.1809747 0.6867682 -0.0993294 -0.7200577 0.0003453 -0.0014121 -0.0000722 -0.0014623 -0.0067886 0.0034925 -0.0004351 0.0009541 0.0005885 -0.0011247 -0.0006675 0.0023574 0.0030391 -0.0026748 0.0002695 0.0003686 -0.0238893 0.0061907 -0.0021719 0.0009702 0.0012815 0.0018580 -0.0032114 0.0022281
-0.1870288 -0.2186485 -0.0521513 0.2050158 -0.0554494 -0.2114361 -0.1756324 -0.3065698 -0.0645389 0.1942709 -0.0289282 -0.2025096 -0.6396000 -0.7477328 -0.1783467 0.6841035 -0.1850254 -0.7055267 -0.4890066 -0.8535707 -0.1796932 0.6886262 -0.1025407 -0.7178296 -0.0001166 0.0001224 0.0001016 -0.0004373 0.0005565 -0.0007565 -0.0001443 0.0002736 0.0000386 -0.0001613 0.0034560 -0.0016582 -0.0004754 0.0003291 0.0003263 -0.0017630 0.0019383 -0.0022094 -0.0006332 0.0003584 0.0000224 -0.0023960 0.0124896 -0.0039590
-0.1871455 -0.2185261 -0.0520497 0.2045785 -0.0548929 -0.2121926 -0.1757767 -0.3062962 -0.0645004 0.1941096 -0.0254722 -0.2041678 -0.6400754 -0.7474037 -0.1780204 0.6823406 -0.1830871 -0.7077362 -0.4896398 -0.8532123 -0.1796709 0.6862303 -0.0900511 -0.7217886 0.0001979 0.0006879 0.0010291 -0.0010030 0.0051042 -0.0016479 -0.0001032 0.0016493 0.0012224 0.0027696 0.0150574 0.0165343 -0.0011269 0.0002510 0.0030275 -0.0024310 0.0168005 -0.0064569 -0.0024449 0.0008575 0.0026288 0.0371396 0.0517852 0.0323891
-0.1869476 -0.2178383 -0.0510205 0.2035755 -0.0497888 -0.2138405 -0.1758799 -0.3046470 -0.0632780 0.1968792 -0.0104148 -0.1876335 -0.6412023 -0.7471527 -0.1749929 0.6799095 -0.1662866 -0.7141931 -0.4920847 -0.8523549 -0.1770420 0.7233699 -0.0382659 -0.6893996 -0.0011018 0.0007259 0.0006648 0.0147038 0.0252761 -0.0086704 -0.0011466 0.0006784 0.0005078 0.0164788 -0.0138817 -0.1036016 -0.0036649 0.0026212 0.0023108 0.0182211 0.0878867 0.0025281 -0.0033480 0.0016574 0.0013710 -0.1337263 -0.0288808 -0.1154680
-0.1880493 -0.2171124 -0.0503557 0.2182792 -0.0245127 -0.2225109 -0.1770265 -0.3039686 -0.0627702 0.2133580 -0.0242965 -0.2912351 -0.6448672 -0.7445315 -0.1726821 0.6981306 -0.0783999 -0.7116650 -0.4954327 -0.8506974 -0.1756710 0.5896436 -0.0671466 -0.8048675 -0.0003201 -0.0015656 0.0011394 0.0022476 0.0361073 -0.0071345 -0.0009973 -0.0009703 0.0013098 0.0125608 0.0284743 -0.0019441 0.0015045 -0.0023477 0.0045873 -0.0059476 0.1147926 -0.0091389 -0.0012719 -0.0001133 0.0041902 0.0207008 0.0784333 0.0128118
-0.1883695 -0.2186780 -0.0492163 0.2205268 0.0115946 -0.2296454 -0.1780238 -0.3049389 -0.0614604 0.2259188 0.0041778 -0.2931792 -0.6433627 -0.7468792 -0.1680948 0.6921830 0.0363928 -0.7208039 -0.4967046 -0.8508107 -0.1714808 0.6103444 0.0112867 -0.7920557 -0.0004255 -0.0007341 0.0005141 0.0098798 0.0191953 -0.0014396 -0.0018999 -0.0002752 0.0020113 0.0115544 0.0410475 -0.0049049 0.0001645 -0.0006274 0.0021733 0.0107616 0.0575439 0.0157899 -0.0041232 0.0012297 0.0060007 0.0084175 0.1065526 0.0153656
-0.1887949 -0.2194121 -0.0487022 0.2304066 0.0307899 -0.2310850 -0.1799237 -0.3052141 -0.0594491 0.2374732 0.0452253 -0.2980841 -0.6431982 -0.7475066 -0.1659215 0.7029446 0.0939366 -0.7050140 -0.5008278 -0.8495810 -0.1654800 0.6187619 0.1178393 -0.7766902 -0.0005968 -0.0002102 0.0003360 0.0113034 0.0223958 0.0010837 -0.0010547 0.0001680 0.0008766 0.0089126 0.0194023 0.0003010 -0.0009672 0.0005199 0.0014168 0.0124586 0.0634802 0.0242658 -0.0025953 0.0010416 0.0025504 0.0099913 0.0470842 0.0167759
-0.1893917 -0.2196223 -0.0483662 0.2417100 0.0531857 -0.2300013 -0.1809784 -0.3050461 -0.0585725 0.2463858 0.0646276 -0.2977832 -0.6441654 -0.7469867 -0.1645047 0.7154033 0.1574168 -0.6807482 -0.5034232 -0.8485394 -0.1629297 0.6287532 0.1649235 -0.7599143 -0.0003084 -0.0008437 0.0003592 0.0092229 0.0040053 0.0014489 -0.0012146 0.0005163 0.0012712 0.0107304 0.0049811 0.0017425 0.0006372 -0.0009098 0.0016485 0.0136270 0.0087390 0.0167398 -0.0034197 0.0013677 0.0035231 0.0168800 0.0098679 0.0165397
-0.1897001 -0.2204660 -0.0480070 0.2509330 0.0571910 -0.2285524 -0.1821930 -0.3045298 -0.0573013 0.2571162 0.0696087 -0.2960406 -0.6435282 -0.7478966 -0.1628562 0.7290302 0.1661558 -0.6640084 -0.5068429 -0.8471717 -0.1594066 0.6456332 0.1747914 -0.7433746 -0.0014118 0.0011390 0.0022123 0.0136736 -0.0097689 0.0021960 -0.0003464 -0.0008850 0.0007190 0.0133655 -0.0084530 0.0024242 -0.0054274 0.0031315 0.0073520 0.0239132 -0.0312153 0.0199065 0.0001805 -0.0005476 0.0023549 0.0240915 -0.0233671 0.0163674
-0.1911119 -0.2193270 -0.0457947 0.2646065 0.0474221 -0.2263564 -0.1825394 -0.3054148 -0.0565823 0.2704817 0.0611557 -0.2936164 -0.6489556 -0.7447651 -0.1555043 0.7529434 0.1349405 -0.6441019 -0.5066624 -0.8477193 -0.1570517 0.6697247 0.1514243 -0.7270072 -0.0004699 0.0007651 0.0013725 0.0190670 -0.0169303 0.0063541 -0.0008102 0.0004878 0.0012987 0.0299150 -0.0337230 0.0068462 -0.0026447 0.0014013 0.0044175 0.0344270 -0.0503070 0.0334588 -0.0025363 0.0008757 0.0035180 0.0520243 -0.0855130 0.0379978
-0.1915818 -0.2185619 -0.0444221 0.2836735 0.0304917 -0.2200023 -0.1833496 -0.3049270 -0.0552836 0.3003967 0.0274327 -0.2867702 -0.6516003 -0.7433639 -0.1510868 0.7873704 0.0846335 -0.6106431 -0.5091987 -0.8468436 -0.1535337 0.7217491 0.0659113 -0.6890094 -0.0004700 0.0009410 0.0014081 0.0071153 -0.0166639 0.0075501 -0.0008160 0.0009889 0.0016431 0.0040165 -0.0145942 0.0067876 -0.0029373 0.0016836 0.0044892 0.0194888 -0.0462651 0.0211467 -0.0032179 0.0011756 0.0042860 0.0139210 -0.0348848 0.0123804
-0.1920519 -0.2176209 -0.0430141 0.2907888 0.0138278 -0.2124521 -0.1841656 -0.3039381 -0.0536405 0.3044132 0.0128385 -0.2799826 -0.6545376 -0.7416803 -0.1465976 0.8068593 0.0383684 -0.5894964 -0.5124166 -0.8456680 -0.1492477 0.7356701 0.0310265 -0.6766291 0.0004505 0.0003072 0.0007284 0.0115172 -0.0310891 0.0148823 0.0004952 0.0005969 0.0008750 0.0222187 -0.0501336 0.0264841 0.0001329 -0.0005434 0.0021731 0.0292723 -0.0861103 0.0430490 0.0001116 -0.0004304 0.0020708 0.0511302 -0.1208641 0.0659946
-0.1916014 -0.2173137 -0.0422857 0.3023060 -0.0172612 -0.1975698 -0.1836704 -0.3033412 -0.0527655 0.3266319 -0.0372951 -0.2534985 -0.6544047 -0.7422237 -0.1444245 0.8361315 -0.0477419 -0.5464474 -0.5123050 -0.8460984 -0.1471768 0.7868003 -0.0898376 -0.6106345 0.0006280 -0.0010845 -0.0002554 -0.0017798 -0.0260753 0.0152807 0.0004493 -0.0010363 -0.0001607 -0.0054465 -0.0351394 0.0178454 0.0031089 -0.0026018 -0.0006576 0.0124491 -0.0746253 0.0317269 0.0022086 -0.0013034 -0.0001723 0.0064575 -0.0890600 0.0286228
-0.1909734 -0.2183982 -0.0425411 0.3005262 -0.0433366 -0.1822892 -0.1832211 -0.3043775 -0.0529262 0.3211854 -0.0724346 -0.2356531 -0.6512958 -0.7448255 -0.1450821 0.8485806 -0.1223672 -0.5147206 -0.5100964 -0.8474019 -0.1473491 0.7932578 -0.1788976 -0.5820117 -0.0000032 -0.0007932 0.0003597 -0.0023021 -0.0224017 0.0108856 -0.0002789 -0.0000015 0.0002597 -0.0180169 -0.0095365 -0.0025261 0.0011897 -0.0013273 0.0014919 0.0030077 -0.0653505 0.0252724 -0.0006265 0.0002446 0.0007659 -0.0241011 -0.0290679 -0.0222633
-0.1909765 -0.2191914 -0.0421814 0.2982242 -0.0657383 -0.1714036 -0.1835000 -0.3043790 -0.0526665 0.3031685 -0.0819710 -0.2381792 -0.6501060 -0.7461528 -0.1435903 0.8515883 -0.1877177 -0.4894481 -0.5107229 -0.8471573 -0.1465832 0.7691567 -0.2079654 -0.6042750 -0.0011100 -0.0045063 0.0000394 -0.0095129 -0.0133318 0.0047233 -0.0013040 -0.0044803 0.0001481 0.0002594 0.0285128 0.0092560 0.0051929 -0.0048920 0.0021025 -0.0089314 -0.0430630 0.0029612 0.0026530 -0.0019703 0.0021975 0.0213523 0.0686928 0.0078703
-0.1920866 -0.2236977 -0.0421420 0.2887113 -0.0790701 -0.1666802 -0.1848040 -0.3088593 -0.0525184 0.3034279 -0.0534582 -0.2289232 -0.6449131 -0.7510448 -0.1414878 0.8426569 -0.2307807 -0.4864870 -0.5080699 -0.8491276 -0.1443857 0.7905091 -0.1392726 -0.5964047 0.0015150 -0.0000490 -0.0000373 0.0124223 -0.0011970 0.0049424 0.0014082 -0.0002019 -0.0000703 0.0035875 -0.0387238 -0.0004167 0.0030769 -0.0025240 -0.0005700 0.0149868 0.0021757 0.0258494 0.0031338 -0.0017984 -0.0004049 -0.0115750 -0.0946039 0.0145426
-0.1905715 -0.2237467 -0.0421792 0.3011336 -0.0802672 -0.1617378 -0.1833957 -0.3090612 -0.0525888 0.3070154 -0.0921820 -0.2293399 -0.6418362 -0.7535688 -0.1420578 0.8576437 -0.2286050 -0.4606376 -0.5049362 -0.8509261 -0.1447906 0.7789340 -0.2338765 -0.5818622 -0.0005019 0.0008628 -0.0002902 0.0075934 0.0070373 -0.0035328 -0.0001332 -0.0001397 -0.0010523 -0.0151920 0.0309003 0.0377778 -0.0023089 0.0021842 -0.0011150 0.0053103 0.0239127 -0.0013271 0.0001057 0.0004113 -0.0027591 0.0444528 0.0609687 0.0413651
-0.1910734 -0.2228840 -0.0424695 0.3087270 -0.0732299 -0.1652707 -0.1835290 -0.3092010 -0.0536411 0.2918234 -0.0612817 -0.1915621 -0.6441450 -0.7513845 -0.1431727 0.8629540 -0.2046923 -0.4619648 -0.5048305 -0.8505147 -0.1475497 0.8233868 -0.1729077 -0.5404970 -0.0005543 0.0019710 0.0006536 0.0086231 0.0039647 0.0040849 -0.0005130 0.0019346 0.0002569 0.0508388 -0.0454457 -0.0152045 -0.0045196 0.0035888 0.0016249 0.0122170 0.0136764 0.0174554 -0.0033984 0.0020037 0.0001302 0.0039027 -0.0847643 0.0413005
-0.1916277 -0.2209129 -0.0418159 0.3173501 -0.0692652 -0.1611858 -0.1840420 -0.3072663 -0.0533842 0.3426622 -0.1067274 -0.2067666 -0.6486646 -0.7477957 -0.1415478 0.8751710 -0.1910159 -0.4445094 -0.5082289 -0.8485110 -0.1474195 0.8272895 -0.2576720 -0.4991966 0.0010803 0.0010923 0.0001671 0.0045775 0.0142321 -0.0041686 0.0005345 0.0020789 0.0003632 0.0062195 0.0187598 -0.0066570 0.0002741 -0.0002048 -0.0001736 0.0042416 0.0406815 -0.0071907 -0.0014637 0.0008518 0.0001535 0.0066821 0.0473931 -0.0109741
-0.1905475 -0.2198206 -0.0416488 0.3219276 -0.0550331 -0.1653544 -0.1835075 -0.3051874 -0.0530210 0.3488817 -0.0879676 -0.2134236 -0.6483905 -0.7480006 -0.1417214 0.8794126 -0.1503344 -0.4517002 -0.5096927 -0.8476592 -0.1472660 0.8339716 -0.2102789 -0.5101707 0.0008832 0.0026310 -0.0003275 0.0190832 0.0482040 -0.0096543 0.0007187 0.0040630 -0.0000352 0.0254673 0.0633856 -0.0135018 -0.0025130 0.0026334 -0.0023358 0.0101245 0.1325205 -0.0048153 -0.0034218 0.0023595 -0.0016703 0.0198333 0.1542130 -0.0073946
-0.1896642 -0.2171896 -0.0419763 0.3410108 -0.0068291 -0.1750087 -0.1827888 -0.3011244 -0.0530562 0.3743490 -0.0245820 -0.2269254 -0.6509035 -0.7453671 -0.1440572 0.8895371 -0.0178140 -0.4565155 -0.5131144 -0.8452997 -0.1489363 0.8538049 -0.0560660 -0.5175653 -0.0000955 -0.0007506 -0.0013242 0.0017486 0.0267307 -0.0068073 0.0004226 -0.0002267 -0.0008964 0.0000662 0.0345385 -0.0098545 0.0014891 -0.0004891 -0.0041297 -0.0072878 0.0690399 -0.0114717 0.0013439 -0.0003759 -0.0024697 -0.0088426 0.0785352 -0.0167884
-0.1897598 -0.2179402 -0.0433004 0.3427595 0.0199016 -0.1818160 -0.1823661 -0.3013511 -0.0539526 0.3744151 0.0099564 -0.2367800 -0.6494144 -0.7458562 -0.1481869 0.8822493 0.0512259 -0.4679872 -0.5117705 -0.8456756 -0.1514060 0.8449623 0.0224692 -0.5343537 0.0002177 -0.0009236 -0.0012066 0.0109851 0.0216601 0.0038036 0.0002118 -0.0001888 -0.0006586 0.0140100 0.0283258 0.0048357 0.0023604 -0.0012959 -0.0037500 0.0061439 0.0531519 0.0209272 0.0008120 -0.0001698 -0.0017831 0.0105546 0.0618484 0.0234904
-0.1895420 -0.2188638 -0.0445070 0.3537445 0.0415616 -0.1780124 -0.1821543 -0.3015399 -0.0546112 0.3884252 0.0382822 -0.2319442 -0.6470540 -0.7471521 -0.1519369 0.8883933 0.1043778 -0.4470600 -0.5109585 -0.8458454 -0.1531891 0.8555169 0.0843177 -0.5108634 0.0003641 -0.0011810 -0.0007397 0.0024901 0.0126480 0.0025803 0.0001077 -0.0009779 -0.0008957 0.0026748 0.0168161 0.0026068 0.0029178 -0.0020833 -0.0021246 0.0004777 0.0308853 0.0093247 0.0016032 -0.0005809 -0.0021157 0.0008115 0.0363222 0.0087203
-0.1891780 -0.2200448 -0.0452467 0.3562347 0.0542097 -0.1754321 -0.1820466 -0.3025178 -0.0555069 0.3911000 0.0550983 -0.2293375 -0.6441362 -0.7492354 -0.1540615 0.8888710 0.1352631 -0.4377353 -0.5093553 -0.8464263 -0.1553048 0.8563284 0.1206398 -0.5021431 0.0005383 0.0003637 -0.0007688 0.0030514 0.0101759 0.0022849 0.0003408 0.0004174 -0.0009400 0.0033687 0.0132959 0.0026331 0.0007387 -0.0000360 -0.0028847 0.0004620 0.0241091 0.0091478 0.0004133 0.0002694 -0.0027979 0.0010539 0.0280157 0.0093985
-0.1886396 -0.2196811 -0.0460155 0.3592861 0.0643856 -0.1731472 -0.1817058 -0.3021004 -0.0564468 0.3944688 0.0683942 -0.2267044 -0.6433975 -0.7492714 -0.1569462 0.8893330 0.1593722 -0.4285875 -0.5089420 -0.8461570 -0.1581027 0.8573823 0.1486555 -0.4927446 -0.0001283 -0.0002500 0.0000436 0.0104265 -0.0001434 0.0086954 -0.0001555 -0.0000543 0.0004559 0.0138946 -0.0003740 0.0111235 0.0001395 -0.0001803 0.0002894 0.0130525 -0.0025715 0.0271975 -0.0003594 -0.0000257 0.0013005 0.0175119 -0.0029263 0.0308754
-0.1887680 -0.2199312 -0.0459719 0.3697126 0.0642422 -0.1644518 -0.1818613 -0.3021548 -0.0559909 0.4083634 0.0680202 -0.2155809 -0.6432580 -0.7494517 -0.1566567 0.9023855 0.1568007 -0.4013900 -0.5093014 -0.8461827 -0.1568022 0.8748942 0.1457292 -0.4618692 -0.0001938 0.0002167 -0.0001741 0.0128830 -0.0145516 0.0108586 -0.0002981 0.0005587 -0.0000756 0.0170899 -0.0196336 0.0141969 -0.0006829 0.0007122 -0.0005989 0.0189582 -0.0371388 0.0315161 -0.0012762 0.0008340 -0.0003477 0.0242260 -0.0434726 0.0362797
-0.1889618 -0.2197145 -0.0461460 0.3825956 0.0496906 -0.1535932 -0.1821594 -0.3015961 -0.0560666 0.4254533 0.0483866 -0.2013840 -0.6439409 -0.7487395 -0.1572556 0.9213437 0.1196619 -0.3698739 -0.5105776 -0.8453487 -0.1571499 0.8991202 0.1022565 -0.4255895 0.0000000 0.0000000 0.0000000 0.0000000 0.0000000 0.0000000 0.0000000 0.0000000 0.0000000 0.0000000 0.0000000 0.0000000 0.0000000 0.0000000 0.0000000 0.0000000 0.0000000 0.0000000 0.0000000 0.0000000 0.0000000 0.0000000 0.0000000 0.0000000
