-0.2763166 -0.2188610 -0.0164945 0.1569011 0.0227749 -0.2048897 -0.2718294 -0.3028108 -0.0256599 0.1391272 0.0142419 -0.2353391 -0.7830366 -0.6202167 -0.0467429 0.6056357 0.0879108 -0.7908711 -0.6666891 -0.7426742 -0.0629334 0.5082114 0.0520236 -0.8596596 -0.0023585 0.0008880 0.0011904 0.0061012 0.0176417 -0.0050822 -0.0027833 0.0035649 0.0017103 0.0056382 0.0200842 -0.0067259 -0.0038979 0.0046954 0.0035263 0.0006120 0.0624091 0.0099308 -0.0082696 0.0071705 0.0040689 0.0012897 0.0687870 0.0077128
-0.2786752 -0.2179730 -0.0153042 0.1630022 0.0404166 -0.2099719 -0.2746127 -0.2992459 -0.0239495 0.1447653 0.0343261 -0.2420650 -0.7869345 -0.6155212 -0.0432166 0.6062477 0.1503198 -0.7809402 -0.6749587 -0.7355037 -0.0588645 0.5095011 0.1208106 -0.8519468 -0.0002372 -0.0003114 0.0007622 0.0092077 0.0145959 -0.0030903 -0.0009611 -0.0005792 0.0025914 0.0072485 0.0157045 -0.0054222 0.0000995 -0.0002772 0.0021925 0.0100541 0.0465580 0.0184370 -0.0008161 0.0002587 0.0064891 0.0062859 0.0489446 0.0122166
-0.2789124 -0.2182844 -0.0145420 0.1722099 0.0550125 -0.2130622 -0.2755738 -0.2998251 -0.0213581 0.1520139 0.0500306 -0.2474872 -0.7868350 -0.6157984 -0.0410241 0.6163018 0.1968778 -0.7625033 -0.6757748 -0.7352450 -0.0523754 0.5157870 0.1697552 -0.8397303 -0.0009366 0.0009711 0.0004594 0.0089015 0.0120439 -0.0045220 -0.0010628 -0.0003783 0.0000074 0.0104721 0.0135377 -0.0025966 -0.0023686 0.0029522 0.0013099 0.0062220 0.0336114 0.0146137 -0.0009529 0.0008666 0.0001458 0.0170700 0.0387110 0.0196051
-0.2798490 -0.2173133 -0.0140825 0.1811114 0.0670565 -0.2175842 -0.2766366 -0.3002033 -0.0213507 0.1624860 0.0635683 -0.2500837 -0.7892036 -0.6128462 -0.0397143 0.6225238 0.2304892 -0.7478896 -0.6767277 -0.7343784 -0.0522296 0.5328570 0.2084662 -0.8201252 -0.0004348 0.0023873 0.0048212 0.0195761 0.0070996 -0.0040044 -0.0019339 0.0020926 0.0018258 0.0247532 0.0076403 0.0006441 -0.0040731 0.0045493 0.0135023 0.0290175 0.0102617 0.0284919 -0.0052472 0.0045665 0.0044303 0.0524105 0.0141158 0.0404334
-0.2802838 -0.2149260 -0.0092613 0.2006875 0.0741560 -0.2215886 -0.2785705 -0.2981107 -0.0195249 0.1872392 0.0712086 -0.2494396 -0.7932766 -0.6082969 -0.0262120 0.6515413 0.2407509 -0.7193976 -0.6819750 -0.7298119 -0.0477993 0.5852675 0.2225820 -0.7796918 -0.0005186 0.0009264 0.0001358 0.0246498 -0.0066927 -0.0083846 -0.0002481 0.0003516 0.0006558 0.0312675 -0.0067867 -0.0005082 -0.0018146 0.0023577 0.0003731 0.0334541 -0.0356714 0.0203098 -0.0008047 0.0006501 0.0015922 0.0608480 -0.0320890 0.0406064
-0.2808024 -0.2139996 -0.0091255 0.2253373 0.0674633 -0.2299732 -0.2788186 -0.2977591 -0.0188690 0.2185067 0.0644219 -0.2499478 -0.7950912 -0.6059392 -0.0258389 0.6849954 0.2050795 -0.6990878 -0.6827796 -0.7291618 -0.0462071 0.6461155 0.1904930 -0.7390854 -0.0003646 -0.0010288 -0.0001214 0.0244892 -0.0238887 -0.0128176 -0.0001716 -0.0004484 0.0003522 0.0310262 -0.0163098 -0.0071430 0.0010293 -0.0013364 -0.0002761 0.0265925 -0.0809648 0.0075401 0.0002952 -0.0003334 0.0009101 0.0441689 -0.0574002 0.0278936
-0.2811670 -0.2150284 -0.0092470 0.2498265 0.0435746 -0.2427907 -0.2789902 -0.2982075 -0.0185168 0.2495329 0.0481121 -0.2570908 -0.7940619 -0.6072757 -0.0261150 0.7115879 0.1241147 -0.6915477 -0.6824844 -0.7294952 -0.0452970 0.6902844 0.1330927 -0.7111918 -0.0004957 -0.0015264 -0.0002957 0.0279013 -0.0103370 -0.0058621 0.0009426 -0.0038827 0.0013448 0.0194698 -0.0201030 -0.0324068 0.0015757 -0.0020229 -0.0007343 0.0304969 -0.0353044 0.0271510 0.0058551 -0.0056419 0.0035089 -0.0112874 -0.0623943 -0.0195371
-0.2816627 -0.2165548 -0.0095427 0.2777278 0.0332376 -0.2486528 -0.2780476 -0.3020902 -0.0171720 0.2690027 0.0280091 -0.2894976 -0.7924862 -0.6092986 -0.0268493 0.7420847 0.0888103 -0.6643967 -0.6766293 -0.7351371 -0.0417882 0.6789971 0.0706985 -0.7307289 -0.0001368 -0.0006703 0.0002248 0.0207628 -0.0062445 -0.0144077 -0.0001316 -0.0002070 0.0006986 0.0295502 -0.0301267 -0.0572371 0.0007537 -0.0010082 0.0006702 0.0064234 -0.0211212 0.0047348 0.0000298 -0.0001233 0.0017207 -0.0265114 -0.0753265 -0.0270581
-0.2817995 -0.2172251 -0.0093179 0.2984906 0.0269931 -0.2630605 -0.2781792 -0.3022972 -0.0164735 0.2985528 -0.0021176 -0.3467347 -0.7917325 -0.6103068 -0.0261791 0.7485081 0.0676891 -0.6596619 -0.6765995 -0.7352603 -0.0400674 0.6524857 -0.0046281 -0.7577869 -0.0001889 -0.0010767 -0.0003904 0.0503619 -0.0097348 0.0881595 0.0001759 -0.0008159 -0.0012582 0.0202051 0.0156229 0.0711047 0.0012856 -0.0016191 -0.0010343 0.1445590 -0.0235077 0.2119129 0.0013045 -0.0010287 -0.0030044 0.1035510 0.0366601 0.1040420
-0.2819884 -0.2183018 -0.0097083 0.3488525 0.0172583 -0.1749010 -0.2780033 -0.3031131 -0.0177317 0.3187579 0.0135053 -0.2756300 -0.7904468 -0.6119258 -0.0272134 0.8930671 0.0441814 -0.4477490 -0.6752950 -0.7362890 -0.0430718 0.7560367 0.0320321 -0.6537450 -0.0004671 -0.0006032 -0.0006929 0.0123312 -0.0108831 0.0060313 -0.0002886 -0.0001645 -0.0020408 0.0039557 0.0005876 -0.0001561 0.0003692 -0.0003901 -0.0018804 0.0126950 -0.0281941 0.0242642 -0.0000302 0.0003314 -0.0049096 0.0037615 0.0011482 0.0044331
-0.2824555 -0.2189051 -0.0104011 0.3611837 0.0063751 -0.1688697 -0.2782919 -0.3032777 -0.0197725 0.3227137 0.0140928 -0.2757862 -0.7900777 -0.6123159 -0.0290938 0.9057621 0.0159873 -0.4234848 -0.6753252 -0.7359576 -0.0479814 0.7597981 0.0331802 -0.6493118 0.0004370 0.0006461 -0.0010608 0.0007803 -0.0020616 -0.0038441 0.0007617 0.0013428 -0.0013568 0.0099613 0.0079888 -0.0074864 -0.0003436 0.0005953 -0.0030310 -0.0032929 -0.0052326 -0.0071352 -0.0005048 0.0006982 -0.0034716 0.0006071 0.0172924 0.0018272
-0.2820186 -0.2182590 -0.0114620 0.3619640 0.0043135 -0.1727139 -0.2775302 -0.3019349 -0.0211292 0.3326750 0.0220816 -0.2832726 -0.7904213 -0.6117206 -0.0321248 0.9024692 0.0107547 -0.4306200 -0.6758300 -0.7352594 -0.0514530 0.7604053 0.0504726 -0.6474846 0.0004072 -0.0005816 -0.0024826 -0.0013352 0.0052945 -0.0034486 0.0009118 -0.0003879 -0.0018391 0.0125696 0.0222134 0.0212857 0.0014133 -0.0014187 -0.0069446 -0.0041998 0.0131773 -0.0081729 0.0018410 -0.0013592 -0.0045101 0.0320720 0.0512026 0.0461179
-0.2816113 -0.2188406 -0.0139446 0.3606288 0.0096080 -0.1761625 -0.2766184 -0.3023228 -0.0229684 0.3452446 0.0442950 -0.2619868 -0.7890080 -0.6131394 -0.0390694 0.8982695 0.0239320 -0.4387929 -0.6739890 -0.7366186 -0.0559631 0.7924773 0.1016751 -0.6013668 0.0012538 -0.0006109 -0.0037414 0.0085178 0.0150470 0.0044628 0.0031368 0.0003758 -0.0048704 0.0089424 0.0187914 0.0157433 0.0025291 -0.0024818 -0.0105446 0.0067902 0.0365161 0.0178261 0.0042444 -0.0028367 -0.0122129 0.0199462 0.0430305 0.0365407
-0.2803575 -0.2194515 -0.0176860 0.3691466 0.0246550 -0.1716997 -0.2734815 -0.3019470 -0.0278388 0.3541869 0.0630864 -0.2462435 -0.7864789 -0.6156211 -0.0496140 0.9050597 0.0604481 -0.4209668 -0.6697446 -0.7394554 -0.0681759 0.8124234 0.1447056 -0.5648260 0.0022857 -0.0000065 -0.0029423 -0.0176650 0.0661428 -0.0277510 0.0023973 0.0018519 -0.0040899 0.0100252 0.0213788 -0.0026740 0.0028245 -0.0028497 -0.0085201 -0.0564863 0.1587626 -0.0605619 0.0014963 -0.0003077 -0.0105312 -0.0015497 0.0433457 0.0106415
-0.2780718 -0.2194581 -0.0206283 0.3514817 0.0907978 -0.1994507 -0.2710842 -0.3000951 -0.0319286 0.3642121 0.0844651 -0.2489176 -0.7836544 -0.6184708 -0.0581341 0.8485734 0.2192107 -0.4815287 -0.6682483 -0.7397630 -0.0787071 0.8108737 0.1880513 -0.5541845 0.0009499 0.0013016 -0.0018699 0.0573112 -0.0148582 0.0279356 0.0001799 0.0006026 -0.0034589 0.0088917 0.0249864 0.0105807 -0.0004941 0.0011716 -0.0055272 0.0603135 -0.0503711 0.1001918 -0.0000155 0.0009780 -0.0085864 0.0072290 0.0519424 0.0315844
-0.2771218 -0.2181565 -0.0224982 0.4087929 0.0759395 -0.1715151 -0.2709043 -0.2994926 -0.0353875 0.3731038 0.1094515 -0.2383369 -0.7841485 -0.6172992 -0.0636612 0.9088869 0.1688396 -0.3813369 -0.6682638 -0.7387850 -0.0872936 0.8181028 0.2399938 -0.5226001 0.0000749 0.0008612 -0.0009472 -0.0279187 0.0393340 -0.0205978 0.0001842 0.0019311 -0.0019049 0.0043964 0.0199275 0.0010053 -0.0009613 0.0015166 -0.0027795 -0.0469522 0.0920293 -0.0534229 -0.0018212 0.0022624 -0.0050124 -0.0050450 0.0386620 0.0114367
-0.2770469 -0.2172953 -0.0234454 0.3808742 0.1152735 -0.1921129 -0.2707201 -0.2975615 -0.0372924 0.3775002 0.1293790 -0.2373316 -0.7851098 -0.6157826 -0.0664407 0.8619347 0.2608689 -0.4347598 -0.6700850 -0.7365227 -0.0923059 0.8130578 0.2786558 -0.5111634 0.0005435 0.0001780 -0.0014954 0.0033431 0.0087722 0.0060713 -0.0001708 0.0020233 -0.0028045 0.0084347 0.0150313 0.0055698 0.0005763 -0.0002527 -0.0043248 0.0023554 0.0181698 0.0162624 -0.0022594 0.0030046 -0.0072135 0.0032652 0.0267986 0.0209447
-0.2765034 -0.2171173 -0.0249408 0.3842174 0.1240458 -0.1860417 -0.2708909 -0.2955381 -0.0400969 0.3859348 0.1444104 -0.2317618 -0.7845335 -0.6160352 -0.0707655 0.8642901 0.2790387 -0.4184974 -0.6723444 -0.7335181 -0.0995194 0.8163230 0.3054544 -0.4902187 -0.0004934 -0.0012478 -0.0007491 0.0058944 0.0026578 0.0060975 -0.0003122 -0.0008277 -0.0003429 0.0213673 0.0096247 0.0118318 0.0012892 -0.0014204 -0.0018760 0.0066755 0.0038403 0.0167531 0.0006445 -0.0005033 -0.0006394 0.0185807 0.0102927 0.0393977
-0.2769968 -0.2183651 -0.0256899 0.3901118 0.1267036 -0.1799442 -0.2712031 -0.2963658 -0.0404397 0.4073021 0.1540351 -0.2199300 -0.7832444 -0.6174556 -0.0726415 0.8709655 0.2828790 -0.4017443 -0.6716999 -0.7340214 -0.1001588 0.8349037 0.3157471 -0.4508210 -0.0004680 -0.0001546 0.0001243 0.0203542 0.0012478 0.0074281 -0.0005740 0.0000135 0.0002422 0.0162929 0.0020948 -0.0010281 -0.0003196 0.0003535 0.0004441 0.0150604 -0.0066850 0.0293536 -0.0008358 0.0006723 0.0006864 0.0078620 -0.0051180 0.0112126
-0.2774649 -0.2185197 -0.0255656 0.4104660 0.1279514 -0.1725161 -0.2717771 -0.2963523 -0.0401976 0.4235950 0.1561299 -0.2209581 -0.7835640 -0.6171021 -0.0721974 0.8860260 0.2761940 -0.3723907 -0.6725358 -0.7333491 -0.0994723 0.8427657 0.3106291 -0.4396084 0.0001445 -0.0004948 -0.0001264 0.0225632 0.0023788 -0.0015511 0.0011071 -0.0019582 -0.0006922 0.0332420 -0.0056053 -0.0044125 0.0008537 -0.0010455 -0.0003157 0.0076262 -0.0072288 0.0131644 0.0040077 -0.0034483 -0.0015214 0.0172800 -0.0272499 0.0153236
-0.2773204 -0.2190145 -0.0256919 0.4330292 0.1303302 -0.1740672 -0.2706700 -0.2983105 -0.0408898 0.4568370 0.1505247 -0.2253706 -0.7827103 -0.6181477 -0.0725131 0.8936521 0.2689653 -0.3592264 -0.6685281 -0.7367974 -0.1009937 0.8600457 0.2833792 -0.4242848 0.0002321 -0.0001262 0.0004308 0.0236589 -0.0038260 0.0188287 0.0006067 -0.0012749 0.0015196 0.0359929 -0.0099429 0.0003328 0.0003579 -0.0005911 0.0011888 0.0221702 -0.0152794 0.0479179 0.0021328 -0.0024451 0.0038456 0.0204478 -0.0322147 0.0222307
-0.2770883 -0.2191407 -0.0252612 0.4566881 0.1265042 -0.1552385 -0.2700633 -0.2995854 -0.0393702 0.4928299 0.1405818 -0.2250378 -0.7823523 -0.6187388 -0.0713243 0.9158223 0.2536859 -0.3113085 -0.6663953 -0.7392426 -0.0971481 0.8804936 0.2511644 -0.4020541 0.0004085 -0.0002942 -0.0000755 0.0180572 -0.0045698 0.0155161 0.0012661 -0.0009060 0.0003840 0.0177345 -0.0083424 0.0086148 0.0008624 -0.0010613 -0.0002398 0.0156357 -0.0144486 0.0371709 0.0027832 -0.0026166 0.0008981 0.0150927 -0.0192020 0.0224245
-0.2766798 -0.2194349 -0.0253367 0.4747453 0.1219344 -0.1397224 -0.2687973 -0.3004914 -0.0389862 0.5105645 0.1322394 -0.2164229 -0.7814899 -0.6198000 -0.0715641 0.9314580 0.2392373 -0.2741376 -0.6636120 -0.7418592 -0.0962499 0.8955863 0.2319625 -0.3796296 -0.0002021 -0.0001828 0.0001063 0.0208106 -0.0003432 -0.0046794 0.0000540 -0.0006280 0.0008102 0.0218446 -0.0006656 -0.0032613 0.0000111 -0.0000547 0.0003532 0.0030343 -0.0099472 0.0018325 0.0007113 -0.0009027 0.0020825 0.0055961 -0.0092540 0.0077811
-0.2768819 -0.2196177 -0.0252304 0.4955559 0.1215912 -0.1444018 -0.2687433 -0.3011194 -0.0381760 0.5324091 0.1315738 -0.2196842 -0.7814788 -0.6198547 -0.0712109 0.9344924 0.2292901 -0.2723051 -0.6629007 -0.7427618 -0.0941675 0.9011823 0.2227084 -0.3718485 -0.0007123 -0.0002588 -0.0001375 0.0069022 0.0007404 0.0027216 -0.0006861 -0.0003130 0.0000636 0.0039095 0.0022497 0.0052905 -0.0004061 0.0005402 -0.0002414 0.0025929 -0.0011415 0.0080713 -0.0005771 0.0004756 0.0003146 0.0034110 0.0030078 0.0102367
-0.2775942 -0.2198765 -0.0253679 0.5024582 0.1223316 -0.1416802 -0.2694294 -0.3014324 -0.0381124 0.5363186 0.1338235 -0.2143937 -0.7818849 -0.6193146 -0.0714523 0.9370852 0.2281486 -0.2642338 -0.6634778 -0.7422862 -0.0938529 0.9045933 0.2257163 -0.3616118 -0.0007568 -0.0002144 -0.0002192 0.0039419 0.0027860 -0.0011149 -0.0005577 -0.0001808 0.0000095 -0.0028581 0.0049473 0.0132341 -0.0005002 0.0006861 -0.0004674 -0.0007286 0.0031995 0.0001992 -0.0005501 0.0004745 0.0001395 0.0045495 0.0107820 0.0187883
-0.2783510 -0.2200909 -0.0255871 0.5064001 0.1251176 -0.1427951 -0.2699871 -0.3016132 -0.0381029 0.5334604 0.1387708 -0.2011596 -0.7823851 -0.6186284 -0.0719198 0.9363567 0.2313481 -0.2640346 -0.6640279 -0.7418118 -0.0937134 0.9091428 0.2364983 -0.3428235 -0.0003467 0.0008524 0.0007140 0.0013105 0.0006334 -0.0007134 -0.0009402 0.0014158 0.0008027 -0.0020145 0.0035536 0.0043584 -0.0016480 0.0018660 0.0019467 -0.0002807 0.0005014 -0.0005548 -0.0031281 0.0025783 0.0018620 0.0003799 0.0070773 0.0060158
-0.2786977 -0.2192385 -0.0248731 0.5077106 0.1257510 -0.1435085 -0.2709273 -0.3001974 -0.0373002 0.5314459 0.1423244 -0.1968012 -0.7840331 -0.6167624 -0.0699730 0.9360760 0.2318495 -0.2645894 -0.6671560 -0.7392335 -0.0918514 0.9095227 0.2435756 -0.3368078 -0.0005445 0.0001706 0.0003679 -0.0001087 0.0032092 0.0000002 -0.0010634 0.0005404 0.0017900 -0.0024461 0.0032408 0.0008822 -0.0008772 0.0009936 0.0010924 -0.0013230 0.0056317 0.0003178 -0.0023693 0.0016055 0.0044405 -0.0015130 0.0062820 0.0005198
-0.2792422 -0.2190679 -0.0245052 0.5076019 0.1289602 -0.1435082 -0.2719907 -0.2996570 -0.0355102 0.5289998 0.1455652 -0.1959189 -0.7849103 -0.6157689 -0.0688806 0.9347530 0.2374812 -0.2642716 -0.6695254 -0.7376280 -0.0874109 0.9080097 0.2498575 -0.3362880 -0.0006793 0.0001202 0.0013294 -0.0026096 0.0030514 -0.0017171 -0.0004381 0.0007004 0.0023752 -0.0051473 0.0034869 -0.0008336 -0.0010907 0.0009783 0.0038044 -0.0026690 0.0061777 -0.0037765 -0.0017780 0.0009564 0.0057617 -0.0034022 0.0075310 -0.0034715
-0.2799215 -0.2189477 -0.0231758 0.5049923 0.1320116 -0.1452253 -0.2724288 -0.2989566 -0.0331349 0.5238525 0.1490521 -0.1967526 -0.7860010 -0.6147906 -0.0650762 0.9320840 0.2436589 -0.2680481 -0.6713034 -0.7366717 -0.0816492 0.9046075 0.2573885 -0.3397595 -0.0004051 -0.0000750 0.0013763 -0.0060158 0.0027097 -0.0026128 -0.0008268 -0.0010637 0.0024286 -0.0105223 0.0025144 -0.0001709 -0.0005240 0.0002685 0.0039123 -0.0038796 0.0069518 -0.0069628 -0.0001375 -0.0005354 0.0061980 -0.0045255 0.0083707 -0.0055295
-0.2803266 -0.2190228 -0.0217995 0.4989765 0.1347212 -0.1478381 -0.2732556 -0.3000204 -0.0307063 0.5133302 0.1515664 -0.1969235 -0.7865250 -0.6145221 -0.0611639 0.9282043 0.2506107 -0.2750109 -0.6714409 -0.7372070 -0.0754512 0.9000820 0.2657592 -0.3452890 -0.0003093 -0.0000290 0.0006374 -0.0176839 -0.0013525 -0.0043580 -0.0002223 -0.0000294 0.0007890 -0.0178665 -0.0027697 -0.0023320 -0.0003760 0.0003024 0.0018254 -0.0063729 0.0048337 -0.0164939 -0.0003610 0.0001310 0.0019590 -0.0063421 0.0026471 -0.0141371
-0.2806359 -0.2190518 -0.0211621 0.4812926 0.1333687 -0.1521961 -0.2734779 -0.3000498 -0.0299173 0.4954637 0.1487967 -0.1992555 -0.7869010 -0.6142197 -0.0593385 0.9218314 0.2554443 -0.2915048 -0.6718019 -0.7370760 -0.0734922 0.8937399 0.2684062 -0.3594260 -0.0004613 -0.0000996 0.0011295 -0.0259565 -0.0037240 -0.0011175 -0.0004961 -0.0000379 0.0039476 -0.0257108 -0.0053293 -0.0080777 -0.0005007 0.0003388 0.0032237 -0.0068371 0.0050756 -0.0165776 -0.0010690 0.0000707 0.0097116 -0.0126330 0.0006929 -0.0294649
-0.2810972 -0.2191514 -0.0200326 0.4553361 0.1296447 -0.1533136 -0.2739740 -0.3000877 -0.0259696 0.4697529 0.1434674 -0.2073331 -0.7874017 -0.6138809 -0.0561148 0.9149943 0.2605200 -0.3080824 -0.6728709 -0.7370053 -0.0637806 0.8811070 0.2690991 -0.3888910 -0.0004175 -0.0000173 0.0009034 -0.0285945 -0.0139335 -0.0014949 -0.0007267 -0.0010330 0.0031178 -0.0260530 -0.0068086 -0.0075066 -0.0005296 0.0004498 0.0025740 -0.0040660 -0.0135213 -0.0223738 -0.0000264 -0.0006096 0.0078036 -0.0137730 -0.0019618 -0.0310727
-0.2815147 -0.2191687 -0.0191292 0.4267416 0.1157112 -0.1548085 -0.2747007 -0.3011207 -0.0228518 0.4436999 0.1366588 -0.2148398 -0.7879313 -0.6134311 -0.0535408 0.9109283 0.2469986 -0.3304562 -0.6728973 -0.7376149 -0.0559770 0.8673340 0.2671373 -0.4199636 -0.0002061 -0.0003256 0.0018711 -0.0259435 -0.0085511 -0.0117275 -0.0003610 -0.0007487 0.0022150 -0.0366763 -0.0147977 0.0070941 0.0000119 -0.0004527 0.0052731 -0.0143951 -0.0072956 -0.0420631 0.0002321 -0.0006090 0.0055095 -0.0067181 -0.0094728 -0.0192964
-0.2817208 -0.2194944 -0.0172581 0.4007981 0.1071600 -0.1665360 -0.2750616 -0.3018695 -0.0206368 0.4070236 0.1218610 -0.2077456 -0.7879193 -0.6138838 -0.0482677 0.8965332 0.2397031 -0.3725194 -0.6726652 -0.7382239 -0.0504675 0.8606158 0.2576645 -0.4392600 0.0002431 -0.0008502 0.0012370 -0.0295875 -0.0085301 -0.0081559 0.0003154 -0.0007887 0.0010677 -0.0279505 -0.0069211 -0.0083816 0.0012823 -0.0019063 0.0034940 -0.0167845 -0.0059556 -0.0414907 0.0012940 -0.0013530 0.0026484 -0.0205482 -0.0029450 -0.0397017
-0.2814778 -0.2203446 -0.0160211 0.3712106 0.0986299 -0.1746919 -0.2747462 -0.3026582 -0.0195691 0.3790731 0.1149399 -0.2161272 -0.7866371 -0.6157901 -0.0447737 0.8797487 0.2337475 -0.4140101 -0.6713712 -0.7395769 -0.0478191 0.8400676 0.2547195 -0.4789618 0.0000216 0.0000330 0.0006054 -0.0317557 0.0079355 -0.0098946 -0.0000707 0.0000319 0.0001846 -0.0336347 -0.0114832 -0.0093146 -0.0000802 -0.0000178 0.0016842 -0.0328510 0.0321199 -0.0465100 -0.0001479 0.0001052 0.0004528 -0.0277885 -0.0114468 -0.0511523
-0.2814562 -0.2203116 -0.0154157 0.3394550 0.1065654 -0.1845864 -0.2748169 -0.3026263 -0.0193845 0.3454383 0.1034567 -0.2254419 -0.7867172 -0.6158078 -0.0430895 0.8468977 0.2658674 -0.4605201 -0.6715192 -0.7394717 -0.0473663 0.8122792 0.2432727 -0.5301141 0.0004880 -0.0005048 0.0010541 -0.0235475 -0.0034433 0.0004111 0.0001820 -0.0002218 0.0003014 -0.0241865 -0.0065653 -0.0252620 0.0011087 -0.0016116 0.0029334 -0.0154248 0.0055514 -0.0242320 0.0004903 -0.0004919 0.0007397 -0.0453108 -0.0119507 -0.0684255
-0.2809682 -0.2208164 -0.0143616 0.3159074 0.1031221 -0.1841753 -0.2746349 -0.3028481 -0.0190831 0.3212518 0.0968914 -0.2507038 -0.7856085 -0.6174195 -0.0401562 0.8314729 0.2714188 -0.4847521 -0.6710289 -0.7399636 -0.0466266 0.7669684 0.2313220 -0.5985396 0.0009977 0.0003402 0.0005236 -0.0321028 -0.0021317 0.0104499 0.0020375 -0.0008376 0.0000781 -0.0370551 -0.0034206 0.0184192 0.0005630 -0.0008022 0.0013539 -0.0153378 0.0189986 -0.0148290 0.0037624 -0.0034012 0.0001061 -0.0166379 0.0154576 -0.0147336
-0.2799706 -0.2204762 -0.0138380 0.2838046 0.1009904 -0.1737254 -0.2725974 -0.3036857 -0.0190050 0.2841967 0.0934708 -0.2322846 -0.7850455 -0.6182216 -0.0388023 0.8161351 0.2904173 -0.4995811 -0.6672665 -0.7433649 -0.0465205 0.7503304 0.2467797 -0.6132732 0.0015430 -0.0010362 0.0001745 -0.0185829 -0.0032187 0.0132340 0.0013039 -0.0012175 -0.0000591 -0.0204031 -0.0074970 0.0036835 0.0030701 -0.0039052 0.0004276 -0.0002010 0.0103696 0.0058415 0.0032594 -0.0029041 -0.0001399 -0.0165421 -0.0076286 -0.0226210
-0.2784276 -0.2215125 -0.0136636 0.2652217 0.0977716 -0.1604915 -0.2712935 -0.3049033 -0.0190641 0.2637936 0.0859737 -0.2286011 -0.7819754 -0.6221268 -0.0383747 0.8159341 0.3007869 -0.4937396 -0.6640071 -0.7462690 -0.0466604 0.7337883 0.2391511 -0.6358942 0.0010724 -0.0003496 0.0002211 -0.0336343 -0.0433568 -0.0284694 0.0007577 -0.0007295 -0.0007261 -0.0341126 -0.0086518 -0.0005606 0.0016349 -0.0020833 0.0005543 -0.0536546 -0.1216782 -0.1282331 0.0019795 -0.0016442 -0.0017681 -0.0451668 -0.0073271 -0.0511706
-0.2773553 -0.2218621 -0.0134424 0.2315874 0.0544148 -0.1889609 -0.2705358 -0.3056328 -0.0197902 0.2296809 0.0773219 -0.2291617 -0.7803405 -0.6242101 -0.0378204 0.7622795 0.1791087 -0.6219727 -0.6620276 -0.7479132 -0.0484285 0.6886216 0.2318240 -0.6870648 0.0009740 0.0005946 -0.0006439 -0.0294986 0.0242898 -0.0154934 0.0008295 0.0000219 -0.0009323 -0.0416576 -0.0021747 -0.0032352 0.0003129 -0.0002707 -0.0019355 -0.0842508 0.0849533 -0.0639926 0.0011909 -0.0008971 -0.0023459 -0.0786195 0.0119752 -0.0668978
-0.2763812 -0.2212675 -0.0140864 0.2020888 0.0787046 -0.2044543 -0.2697064 -0.3056109 -0.0207225 0.1880234 0.0751472 -0.2323969 -0.7800277 -0.6244808 -0.0397558 0.6780287 0.2640620 -0.6859653 -0.6608367 -0.7488103 -0.0507744 0.6100020 0.2437992 -0.7539625 0.0011342 -0.0000217 -0.0009111 -0.0146016 -0.0030180 -0.0003382 0.0011780 0.0001839 -0.0016061 -0.0191707 -0.0031488 -0.0048307 0.0013705 -0.0015327 -0.0026711 -0.0265438 -0.0010644 -0.0256524 0.0015446 -0.0010754 -0.0040470 -0.0470721 -0.0037669 -0.0369195
-0.2752471 -0.2212892 -0.0149975 0.1874872 0.0756866 -0.2047925 -0.2685284 -0.3054270 -0.0223286 0.1688526 0.0719984 -0.2372276 -0.7786572 -0.6260136 -0.0424270 0.6514849 0.2629977 -0.7116176 -0.6592921 -0.7498857 -0.0548213 0.5629299 0.2400322 -0.7908820 0.0005084 0.0002414 -0.0006154 -0.0135143 -0.0032078 0.0011514 0.0007190 0.0003289 -0.0009363 -0.0173566 -0.0030390 -0.0010190 0.0002925 -0.0002388 -0.0018060 -0.0244871 -0.0017840 -0.0223042 0.0006850 -0.0004230 -0.0023926 -0.0416688 -0.0027594 -0.0288670
-0.2747387 -0.2210477 -0.0156129 0.1739729 0.0724789 -0.2036411 -0.2678094 -0.3050980 -0.0232649 0.1514960 0.0689595 -0.2382467 -0.7783646 -0.6262523 -0.0442330 0.6269978 0.2612136 -0.7339218 -0.6586072 -0.7503087 -0.0572139 0.5212611 0.2372728 -0.8197490 0.0006661 0.0003141 -0.0003474 -0.0117347 -0.0053794 -0.0028627 0.0006147 0.0002174 -0.0004517 -0.0105912 -0.0039452 -0.0000374 0.0003451 -0.0003520 -0.0010741 -0.0284403 -0.0136586 -0.0279479 0.0006351 -0.0004655 -0.0011887 -0.0257447 -0.0086388 -0.0182187
-0.2740726 -0.2207337 -0.0159603 0.1622382 0.0670995 -0.2065038 -0.2671948 -0.3048806 -0.0237166 0.1409048 0.0650142 -0.2382841 -0.7780195 -0.6266043 -0.0453071 0.5985574 0.2475550 -0.7618697 -0.6579720 -0.7507742 -0.0584026 0.4955164 0.2286340 -0.8379678 0.0000718 0.0020322 0.0014585 -0.0130776 -0.0038280 -0.0009839 -0.0002299 0.0020275 -0.0004877 -0.0156695 -0.0041127 -0.0035853 -0.0028757 0.0033110 0.0039774 -0.0319568 -0.0072122 -0.0262920 -0.0027452 0.0025252 -0.0013982 -0.0467962 -0.0104226 -0.0286544
-0.2740009 -0.2187014 -0.0145018 0.1491605 0.0632715 -0.2074877 -0.2674247 -0.3028531 -0.0242043 0.1252353 0.0609016 -0.2418694 -0.7808952 -0.6232933 -0.0413297 0.5666007 0.2403428 -0.7881618 -0.6607172 -0.7482490 -0.0598008 0.4487203 0.2182114 -0.8666221 0.0009674 0.0005403 -0.0009789 -0.0019964 -0.0652377 0.0142098 0.0009865 0.0002271 -0.0007162 -0.0028648 -0.0124182 0.0053409 0.0004212 -0.0003268 -0.0029222 0.0391748 -0.2484363 -0.0074327 0.0011699 -0.0008784 -0.0018880 0.0033552 -0.0390985 -0.0071893
-0.2730334 -0.2181612 -0.0154806 0.1471641 -0.0019662 -0.1932778 -0.2664382 -0.3026261 -0.0249205 0.1223705 0.0484833 -0.2365285 -0.7804741 -0.6236201 -0.0442518 0.6057755 -0.0080935 -0.7955945 -0.6595473 -0.7491274 -0.0616888 0.4520754 0.1791128 -0.8738114 0.0004348 -0.0007340 -0.0006139 0.0000484 0.0040350 0.0000586 0.0001534 -0.0010593 -0.0000239 -0.0053339 -0.0191973 0.0011045 0.0015705 -0.0018353 -0.0017354 0.0002404 0.0166098 0.0001875 0.0015114 -0.0013318 0.0000469 -0.0096546 -0.0684061 -0.0161368
-0.2725986 -0.2188952 -0.0160945 0.1472126 0.0020688 -0.1932192 -0.2662848 -0.3036854 -0.0249444 0.1170366 0.0292860 -0.2354240 -0.7789036 -0.6254553 -0.0459872 0.6060158 0.0085163 -0.7954070 -0.6580359 -0.7504592 -0.0616418 0.4424208 0.1107067 -0.8899482 -0.0002206 -0.0013557 -0.0004359 0.0048691 0.0019455 0.0058556 -0.0002838 -0.0002761 0.0000586 0.0067660 -0.0208242 0.0076234 0.0016820 -0.0020069 -0.0011053 0.0241120 0.0081163 0.0190937 -0.0000665 0.0000415 0.0002041 0.0348320 -0.0780869 0.0117878
-0.2728192 -0.2202509 -0.0165304 0.1520816 0.0040143 -0.1873636 -0.2665686 -0.3039615 -0.0248857 0.1238025 0.0084618 -0.2278006 -0.7772216 -0.6274622 -0.0470925 0.6301278 0.0166326 -0.7763133 -0.6581024 -0.7504177 -0.0614377 0.4772527 0.0326198 -0.8781604 0.0003128 -0.0003653 -0.0008965 -0.0012167 -0.0058919 -0.0038977 0.0005945 0.0002141 -0.0002780 -0.0100431 -0.0231402 -0.0060277 0.0009571 -0.0009874 -0.0025497 -0.0108328 -0.0243399 -0.0088072 0.0005999 -0.0004624 -0.0007685 -0.0404666 -0.0889784 -0.0196377
-0.2725064 -0.2206163 -0.0174268 0.1508650 -0.0018776 -0.1912613 -0.2659741 -0.3037475 -0.0251638 0.1137594 -0.0146784 -0.2338283 -0.7762646 -0.6284497 -0.0496422 0.6192950 -0.0077073 -0.7851205 -0.6575024 -0.7508801 -0.0622062 0.4367862 -0.0563586 -0.8977982 -0.0011374 0.0001298 0.0011774 0.0022034 -0.0079185 -0.0060544 -0.0020468 -0.0004998 -0.0000415 0.0023114 -0.0028387 -0.0005707 -0.0015872 0.0017016 0.0034521 -0.0068225 -0.0314898 -0.0043989 -0.0022457 0.0019589 0.0001621 0.0059800 -0.0104625 0.0036544
-0.2736439 -0.2204864 -0.0162494 0.1530683 -0.0097961 -0.1973157 -0.2680209 -0.3042472 -0.0252053 0.1160708 -0.0175171 -0.2343990 -0.7778518 -0.6267480 -0.0461901 0.6124725 -0.0391971 -0.7895195 -0.6597481 -0.7489212 -0.0620441 0.4427662 -0.0668211 -0.8941438 -0.0012369 -0.0008121 0.0010142 -0.0023013 0.0106920 0.0038325 -0.0013715 -0.0009063 -0.0003180 -0.0013851 -0.0051607 -0.0104089 -0.0003615 0.0002309 0.0030577 0.0021753 0.0428496 0.0007263 -0.0007686 0.0007224 -0.0005359 -0.0200235 -0.0167715 -0.0082425
-0.2748807 -0.2212985 -0.0152352 0.1507670 0.0008959 -0.1934831 -0.2693924 -0.3051535 -0.0255233 0.1146856 -0.0226778 -0.2448079 -0.7782133 -0.6265171 -0.0431324 0.6146479 0.0036526 -0.7887932 -0.6605168 -0.7481988 -0.0625800 0.4227427 -0.0835925 -0.9023862 -0.0031508 0.0019918 0.0013440 0.0176302 0.0000268 -0.0055747 -0.0057144 0.0041398 0.0024395 0.0131920 0.0125135 0.0045938 -0.0063294 0.0076825 0.0039344 0.0312091 -0.0001135 0.0253429 -0.0130329 0.0112206 0.0060636 0.0468413 0.0462678 0.0202877
-0.2780315 -0.2193067 -0.0138912 0.1683972 0.0009228 -0.1990579 -0.2751068 -0.3010137 -0.0230837 0.1278776 -0.0101643 -0.2402141 -0.7845427 -0.6188346 -0.0391980 0.6458570 0.0035391 -0.7634502 -0.6735496 -0.7369781 -0.0565164 0.4695839 -0.0373248 -0.8820985 -0.0025068 0.0026436 0.0019765 -0.0041869 0.0292495 -0.0077259 -0.0020633 0.0023145 0.0031067 0.0110752 0.0281297 -0.0116721 -0.0064545 0.0079379 0.0056034 -0.0279961 0.1099875 -0.0145984 -0.0058305 0.0048273 0.0075501 0.0125039 0.0996546 0.0081956
-0.2805383 -0.2166631 -0.0119148 0.1642103 0.0301722 -0.2067838 -0.2771701 -0.2986992 -0.0199770 0.1389528 0.0179654 -0.2518862 -0.7909973 -0.6108967 -0.0335946 0.6178608 0.1135266 -0.7780486 -0.6793802 -0.7321508 -0.0489663 0.4820879 0.0623299 -0.8739029 -0.0013087 -0.0009084 0.0015320 0.0059798 0.0085353 -0.0003263 -0.0009020 -0.0004727 0.0006589 0.0039525 0.0090590 -0.0024855 -0.0002495 0.0000948 0.0044464 0.0105042 0.0293870 0.0133702 -0.0006651 0.0005045 0.0017225 0.0056204 0.0298990 0.0057816
-0.2818470 -0.2175714 -0.0103828 0.1701901 0.0387076 -0.2071101 -0.2780720 -0.2991718 -0.0193181 0.1429054 0.0270244 -0.2543718 -0.7912468 -0.6108019 -0.0291482 0.6283650 0.1429136 -0.7646784 -0.6800453 -0.7316464 -0.0472438 0.4877082 0.0922289 -0.8681213 -0.0018585 -0.0008515 0.0005804 0.0312416 0.0190096 -0.0141572 -0.0024982 -0.0006039 0.0010793 0.0334691 0.0254818 0.0126983 -0.0008267 0.0009899 0.0017810 0.0326348 0.0464857 0.0385881 -0.0026139 0.0022582 0.0028667 0.0929268 0.0806245 0.0725179
-0.2837055 -0.2184229 -0.0098024 0.2014317 0.0577172 -0.2212672 -0.2805703 -0.2997757 -0.0182388 0.1763744 0.0525062 -0.2416735 -0.7920735 -0.6098120 -0.0273672 0.6609998 0.1893993 -0.7260903 -0.6826592 -0.7293882 -0.0443771 0.5806351 0.1728534 -0.7956033 -0.0031234 0.0024879 0.0015073 -0.0041727 0.0098999 -0.0006466 -0.0018517 0.0013595 0.0008235 0.0069204 0.0106796 -0.0077781 -0.0066246 0.0085235 0.0042687 -0.0132174 0.0326494 -0.0026568 -0.0040991 0.0037370 0.0020287 -0.0004705 0.0271420 0.0060395
-0.2868289 -0.2159351 -0.0082951 0.1972590 0.0676170 -0.2219139 -0.2824220 -0.2984163 -0.0174154 0.1832948 0.0631857 -0.2494516 -0.7986981 -0.6012885 -0.0230985 0.6477824 0.2220488 -0.7287471 -0.6867583 -0.7256512 -0.0423485 0.5801645 0.1999953 -0.7895638 -0.0019319 0.0013679 -0.0002170 0.0162945 0.0070261 -0.0065255 -0.0030358 0.0027633 0.0003787 0.0225027 0.0089025 0.0031451 -0.0037424 0.0050254 -0.0005561 0.0164619 0.0101237 0.0182012 -0.0072398 0.0068667 0.0009293 0.0454314 0.0191428 0.0408261
-0.2887608 -0.2145672 -0.0085122 0.2135535 0.0746431 -0.2284394 -0.2854578 -0.2956530 -0.0170367 0.2057975 0.0720882 -0.2463065 -0.8024405 -0.5962631 -0.0236546 0.6642442 0.2321725 -0.7105459 -0.6939981 -0.7187845 -0.0414191 0.6255959 0.2191381 -0.7487377 -0.0012310 -0.0005669 -0.0004606 0.0245109 0.0059202 -0.0064722 -0.0008201 -0.0007195 0.0005211 0.0317718 0.0082705 0.0097208 -0.0004377 0.0006379 -0.0011876 0.0277667 0.0020108 0.0276996 -0.0001962 0.0001118 0.0013707 0.0634610 0.0139380 0.0625337
-0.2899919 -0.2151341 -0.0089728 0.2380643 0.0805633 -0.2349115 -0.2862779 -0.2963725 -0.0165155 0.2375693 0.0803587 -0.2365857 -0.8028782 -0.5956252 -0.0248422 0.6920109 0.2341834 -0.6828463 -0.6941943 -0.7186727 -0.0400485 0.6890570 0.2330761 -0.6862040 0.0000462 0.0000371 -0.0001002 0.0212476 0.0030683 -0.0035517 -0.0007950 0.0002410 0.0003098 0.0211472 0.0029348 -0.0050290 0.0000020 0.0000091 -0.0002815 0.0241630 -0.0032077 0.0242529 -0.0013087 0.0012229 0.0007862 0.0223643 -0.0040349 0.0218096
-0.2899456 -0.2150970 -0.0090730 0.2593120 0.0836316 -0.2384632 -0.2870729 -0.2961315 -0.0162057 0.2587166 0.0832935 -0.2416147 -0.8028763 -0.5956161 -0.0251237 0.7161739 0.2309757 -0.6585934 -0.6955030 -0.7174497 -0.0392623 0.7114212 0.2290412 -0.6643944 0.0003260 0.0006045 0.0006411 0.0190359 0.0117583 0.0581785 0.0001583 -0.0000816 0.0000523 0.0224401 -0.0069380 -0.0111939 -0.0005149 0.0006240 0.0017339 0.0904473 0.0454536 0.1361481 0.0002933 -0.0002909 0.0001216 0.0174645 -0.0310932 0.0089997
-0.2896197 -0.2144925 -0.0084319 0.2783478 0.0953899 -0.1802848 -0.2869146 -0.2962131 -0.0161534 0.2811567 0.0763555 -0.2528086 -0.8033912 -0.5949921 -0.0233898 0.8066212 0.2764293 -0.5224453 -0.6952097 -0.7177406 -0.0391407 0.7288857 0.1979481 -0.6553947 0.0001261 -0.0002370 0.0001877 0.0278266 -0.0501205 -0.0313208 0.0008226 -0.0017549 0.0003405 0.0296760 -0.0136036 -0.0215339 0.0004288 -0.0005989 0.0005231 0.0100066 -0.1556870 -0.0419485 0.0031310 -0.0030672 0.0008879 0.0124148 -0.0482920 0.0011191
-0.2894936 -0.2147295 -0.0082442 0.3061744 0.0452693 -0.2116055 -0.2860920 -0.2979680 -0.0158130 0.3108326 0.0627518 -0.2743425 -0.8029624 -0.5955909 -0.0228667 0.8166278 0.1207423 -0.5643938 -0.6920786 -0.7208078 -0.0382528 0.7413005 0.1496560 -0.6542756 0.0005834 -0.0006954 -0.0001641 0.0266822 0.0022705 -0.0587162 0.0005300 -0.0008417 0.0004265 0.0116751 -0.0056274 -0.0101365 0.0015085 -0.0020106 -0.0004584 -0.0450991 -0.0105497 -0.0621851 0.0016578 -0.0016430 0.0010519 0.0021073 -0.0179793 -0.0014728
-0.2889102 -0.2154250 -0.0084083 0.3328566 0.0475398 -0.2703217 -0.2855620 -0.2988098 -0.0153865 0.3225077 0.0571244 -0.2844790 -0.8014539 -0.5976015 -0.0233251 0.7715286 0.1101926 -0.6265789 -0.6904209 -0.7224508 -0.0372009 0.7434079 0.1316767 -0.6557484 0.0010868 -0.0003462 0.0000130 0.0081641 0.0001916 -0.0020220 0.0007062 0.0000635 -0.0000395 0.0227774 -0.0056581 -0.0093746 0.0015432 -0.0020638 -0.0000069 0.0052366 -0.0014717 0.0062439 0.0008209 -0.0007762 -0.0001434 0.0132788 -0.0188891 0.0117731
-0.2878233 -0.2157712 -0.0083953 0.3410207 0.0477314 -0.2723437 -0.2848559 -0.2987463 -0.0154260 0.3452851 0.0514663 -0.2938536 -0.7999107 -0.5996653 -0.0233320 0.7767652 0.1087210 -0.6203351 -0.6896000 -0.7232270 -0.0373443 0.7566867 0.1127876 -0.6439753 0.0006604 -0.0000806 -0.0003385 0.0159078 0.0046363 0.0121787 0.0007688 -0.0001769 -0.0008982 0.0102869 0.0076922 0.0141357 0.0007880 -0.0010111 -0.0009727 0.0257243 0.0090185 0.0354008 0.0012493 -0.0010719 -0.0022096 0.0226320 0.0168721 0.0309086
-0.2871630 -0.2158517 -0.0087338 0.3569285 0.0523678 -0.2601650 -0.2840871 -0.2989231 -0.0163242 0.3555720 0.0591586 -0.2797179 -0.7991227 -0.6006764 -0.0243047 0.8024895 0.1177395 -0.5849342 -0.6883507 -0.7242989 -0.0395539 0.7793187 0.1296597 -0.6130667 0.0017689 -0.0011158 -0.0008376 -0.0011104 0.0313663 0.0600731 0.0026375 -0.0017301 -0.0027367 0.0120455 0.0130505 0.0231940 0.0033356 -0.0043116 -0.0023842 0.0513668 0.0831970 0.1047739 0.0056741 -0.0049577 -0.0066796 0.0303226 0.0293736 0.0480981
-0.2853940 -0.2169676 -0.0095715 0.3558181 0.0837340 -0.2000919 -0.2814496 -0.3006533 -0.0190609 0.3676175 0.0722090 -0.2565239 -0.7957871 -0.6049881 -0.0266889 0.8538563 0.2009365 -0.4801603 -0.6826766 -0.7292566 -0.0462335 0.8096412 0.1590333 -0.5649686 0.0028551 -0.0014762 -0.0019020 0.0288130 -0.0127402 0.0127994 0.0025314 -0.0006275 -0.0019601 0.0100856 0.0174680 0.0118270 0.0050702 -0.0063512 -0.0054209 0.0330883 -0.0372274 0.0482708 0.0042169 -0.0035994 -0.0048993 0.0134422 0.0363893 0.0317297
-0.2825390 -0.2184437 -0.0114735 0.3846310 0.0709939 -0.1872925 -0.2789182 -0.3012807 -0.0210209 0.3777030 0.0896770 -0.2446968 -0.7907169 -0.6113392 -0.0321098 0.8869447 0.1637091 -0.4318894 -0.6784597 -0.7328560 -0.0511328 0.8230834 0.1954226 -0.5332389 0.0033015 -0.0020202 -0.0043551 -0.0042740 0.0231554 -0.0041866 0.0026309 0.0006826 -0.0023284 0.0040562 0.0207977 0.0097007 0.0066279 -0.0077156 -0.0123364 -0.0148043 0.0521706 -0.0071630 0.0028560 -0.0021949 -0.0059633 0.0037701 0.0438551 0.0242600
-0.2792375 -0.2204639 -0.0158286 0.3803570 0.0941493 -0.1914791 -0.2762873 -0.3005981 -0.0233494 0.3817592 0.1104748 -0.2349961 -0.7840890 -0.6190549 -0.0444462 0.8721404 0.2158798 -0.4390525 -0.6756036 -0.7350509 -0.0570961 0.8268535 0.2392777 -0.5089789 0.0007716 0.0009811 -0.0017882 0.0034897 0.0144137 0.0005097 0.0017045 0.0002067 -0.0032844 0.0053218 0.0207144 0.0013204 -0.0003178 0.0007966 -0.0051784 -0.0042187 0.0295937 0.0072485 0.0023560 -0.0014769 -0.0082070 -0.0046653 0.0393777 0.0126345
-0.2784659 -0.2194828 -0.0176168 0.3838467 0.1085630 -0.1909694 -0.2745828 -0.3003914 -0.0266338 0.3870810 0.1311892 -0.2336757 -0.7844068 -0.6182583 -0.0496246 0.8679217 0.2454734 -0.4318040 -0.6732476 -0.7365278 -0.0653031 0.8221882 0.2786553 -0.4963443 -0.0004623 -0.0006433 -0.0008230 -0.0012682 0.0174183 0.0098667 0.0014781 -0.0015712 -0.0018161 0.0021107 0.0139945 0.0075668 0.0004691 -0.0004143 -0.0022011 -0.0016315 0.0397917 0.0217246 0.0041005 -0.0033257 -0.0044033 0.0007288 0.0283249 0.0182537
-0.2789282 -0.2201262 -0.0184398 0.3825785 0.1259812 -0.1811027 -0.2731047 -0.3019627 -0.0284499 0.3891916 0.1451837 -0.2261089 -0.7839377 -0.6186726 -0.0518257 0.8662902 0.2852651 -0.4100793 -0.6691471 -0.7398535 -0.0697064 0.8229170 0.3069803 -0.4780906 0.0005888 0.0008275 -0.0013131 0.0137399 0.0135907 0.0043129 -0.0001638 -0.0002747 -0.0009160 0.0068847 0.0152347 0.0162570 -0.0003351 0.0007580 -0.0038316 0.0031067 0.0209115 0.0222586 0.0002176 0.0000116 -0.0021778 0.0090433 0.0299795 0.0372957
-0.2783394 -0.2192986 -0.0197528 0.3963184 0.1395720 -0.1767898 -0.2732685 -0.3022373 -0.0293659 0.3960763 0.1604184 -0.2098519 -0.7842728 -0.6179146 -0.0556573 0.8693969 0.3061766 -0.3878208 -0.6689295 -0.7398419 -0.0718842 0.8319603 0.3369598 -0.4407949 0.0001832 -0.0001580 -0.0001638 0.0050448 0.0131382 0.0003073 0.0005080 0.0010630 -0.0014643 0.0050249 0.0115473 0.0015327 0.0004349 -0.0005094 -0.0004673 -0.0049176 0.0227393 0.0077025 -0.0004244 0.0007605 -0.0037730 -0.0025220 0.0186486 0.0100110
-0.2781562 -0.2194567 -0.0199166 0.4013632 0.1527101 -0.1764825 -0.2727605 -0.3011744 -0.0308302 0.4011012 0.1719657 -0.2083192 -0.7838379 -0.6184239 -0.0561246 0.8644793 0.3289159 -0.3801183 -0.6693539 -0.7390814 -0.0756572 0.8294383 0.3556084 -0.4307839 -0.0006545 -0.0012466 -0.0014577 0.0084639 0.0085001 0.0030041 0.0018188 -0.0014534 -0.0027226 0.0240549 0.0343797 -0.0106196 0.0011748 -0.0011229 -0.0038763 0.0013578 0.0116711 0.0136124 0.0045913 -0.0034236 -0.0066653 -0.0131431 0.0405726 0.0104236
-0.2788107 -0.2207033 -0.0213743 0.4098270 0.1612102 -0.1734784 -0.2709418 -0.3026278 -0.0335527 0.4251561 0.2063454 -0.2189388 -0.7826631 -0.6195469 -0.0600009 0.8658371 0.3405870 -0.3665059 -0.6647626 -0.7425050 -0.0823225 0.8162952 0.3961810 -0.4203603 -0.0001388 -0.0004731 -0.0001384 0.0251354 0.0101227 0.0064826 -0.0000251 -0.0001800 0.0003690 0.0136380 -0.0006942 0.0082181 0.0005110 -0.0006140 -0.0003190 0.0103577 0.0045485 0.0301071 0.0001343 -0.0002227 0.0009295 0.0140815 -0.0070054 0.0215910
-0.2789496 -0.2211764 -0.0215127 0.4349624 0.1713329 -0.1669958 -0.2709669 -0.3028078 -0.0331837 0.4387941 0.2056512 -0.2107207 -0.7821522 -0.6201609 -0.0603200 0.8761948 0.3451355 -0.3363988 -0.6646283 -0.7427277 -0.0813930 0.8303767 0.3891756 -0.3987692 0.0027307 -0.0022457 -0.0015870 0.0147422 0.0070607 -0.0012168 0.0014162 -0.0013956 -0.0007183 0.0347910 0.0018251 -0.0029079 0.0062929 -0.0073999 -0.0045638 0.0017830 0.0031499 0.0079901 0.0037319 -0.0031319 -0.0017294 0.0161665 -0.0183075 0.0169036
-0.2762189 -0.2234221 -0.0230997 0.4497047 0.1783936 -0.1682126 -0.2695507 -0.3042034 -0.0339020 0.4735851 0.2074763 -0.2136287 -0.7758593 -0.6275608 -0.0648837 0.8779778 0.3482854 -0.3284087 -0.6608964 -0.7458596 -0.0831225 0.8465432 0.3708681 -0.3818657 0.0023169 -0.0030462 -0.0019692 0.0276994 0.0017375 0.0085198 0.0008167 -0.0014615 0.0006422 0.0229832 -0.0068686 0.0031618 0.0070861 -0.0080782 -0.0054784 0.0149301 -0.0113790 0.0297288 0.0028101 -0.0026647 0.0016746 0.0164083 -0.0222460 0.0161100
-0.2739019 -0.2264683 -0.0250689 0.4774040 0.1801311 -0.1596928 -0.2687339 -0.3056649 -0.0332598 0.4965683 0.2006077 -0.2104668 -0.7687732 -0.6356390 -0.0703622 0.8929078 0.3369064 -0.2986799 -0.6580863 -0.7485243 -0.0814479 0.8629516 0.3486222 -0.3657557 0.0004048 -0.0001675 0.0001538 0.0217103 -0.0019022 0.0069590 0.0004460 -0.0017618 0.0003714 0.0196867 -0.0054079 0.0054843 0.0006720 -0.0008549 0.0003895 0.0120212 -0.0137649 0.0217628 0.0026939 -0.0024790 0.0011058 0.0138977 -0.0170792 0.0175967
-0.2734972 -0.2266358 -0.0249151 0.4991144 0.1782289 -0.1527338 -0.2682880 -0.3074267 -0.0328884 0.5162551 0.1951998 -0.2049826 -0.7681012 -0.6364939 -0.0699727 0.9049290 0.3231415 -0.2769171 -0.6553924 -0.7510033 -0.0803421 0.8768492 0.3315430 -0.3481589 0.0001777 -0.0002494 -0.0004532 0.0213047 -0.0028497 0.0018436 0.0002737 -0.0005318 -0.0006119 0.0314757 0.0039112 -0.0095146 0.0006163 -0.0006032 -0.0012618 0.0088441 -0.0152034 0.0119779 0.0011002 -0.0008033 -0.0014409 0.0051395 -0.0109227 0.0027628
-0.2733194 -0.2268852 -0.0253683 0.5204190 0.1753792 -0.1508902 -0.2680142 -0.3079585 -0.0335003 0.5477307 0.1991110 -0.2144972 -0.7674848 -0.6370971 -0.0712345 0.9137731 0.3079381 -0.2649392 -0.6542922 -0.7518067 -0.0817830 0.8819887 0.3206203 -0.3453961 0.0000514 0.0004353 -0.0000095 0.0067820 0.0004633 0.0074537 -0.0000736 -0.0002852 -0.0009114 0.0109498 0.0014737 -0.0010731 -0.0005370 0.0006575 -0.0000899 0.0047519 -0.0015734 0.0150345 0.0003601 -0.0000757 -0.0021556 0.0026590 -0.0030028 0.0040495
-0.2732680 -0.2264500 -0.0253778 0.5272010 0.1758425 -0.1434365 -0.2680878 -0.3082438 -0.0344117 0.5586806 0.2005846 -0.2155703 -0.7680219 -0.6364395 -0.0713244 0.9185251 0.3063647 -0.2499047 -0.6539321 -0.7518824 -0.0839386 0.8846477 0.3176175 -0.3413466 0.0002848 -0.0008246 -0.0012207 0.0144794 -0.0003075 -0.0010039 -0.0002913 -0.0006716 -0.0012380 0.0071047 0.0050167 -0.0031331 0.0016535 -0.0016072 -0.0033478 0.0035683 -0.0075543 0.0040263 0.0005661 -0.0001685 -0.0028501 -0.0012723 0.0033933 -0.0001207
-0.2729832 -0.2272746 -0.0265985 0.5416804 0.1755350 -0.1444404 -0.2683792 -0.3089154 -0.0356496 0.5657852 0.2056013 -0.2187034 -0.7663683 -0.6380467 -0.0746722 0.9220934 0.2988104 -0.2458784 -0.6533661 -0.7520509 -0.0867887 0.8833754 0.3210108 -0.3414674 0.0000132 0.0004244 -0.0004453 0.0032651 0.0017944 0.0026256 0.0002975 0.0006452 -0.0010682 0.0026644 0.0024037 0.0048173 -0.0004951 0.0007491 -0.0013028 0.0009827 0.0015657 0.0056602 -0.0002070 0.0004998 -0.0027280 0.0020770 0.0029907 0.0083051
-0.2729699 -0.2268502 -0.0270438 0.5449455 0.1773294 -0.1418147 -0.2680817 -0.3082702 -0.0367178 0.5684496 0.2080050 -0.2138861 -0.7668634 -0.6372977 -0.0759750 0.9230761 0.3003760 -0.2402182 -0.6535730 -0.7515511 -0.0895167 0.8854524 0.3240015 -0.3331623 -0.0002318 0.0006903 0.0001011 0.0006013 0.0007563 0.0014658 -0.0006057 0.0003155 0.0000211 0.0005927 0.0017597 0.0029990 -0.0012320 0.0014583 0.0002269 0.0003419 0.0010603 0.0026570 -0.0012255 0.0010572 0.0000858 0.0007776 0.0026874 0.0047255
-0.2732017 -0.2261599 -0.0269426 0.5455468 0.1780858 -0.1403489 -0.2686874 -0.3079546 -0.0366967 0.5690423 0.2097648 -0.2108871 -0.7680954 -0.6358393 -0.0757481 0.9234180 0.3014363 -0.2375611 -0.6547985 -0.7504939 -0.0894308 0.8862300 0.3266889 -0.3284368 0.0000159 0.0005843 0.0002294 -0.0006505 0.0001872 0.0001557 0.0003051 0.0002357 0.0003642 -0.0015168 0.0005227 0.0009199 -0.0008216 0.0009272 0.0005602 -0.0001930 0.0006141 0.0000298 0.0000907 -0.0001740 0.0007992 -0.0003277 0.0015680 0.0006800
-0.2731858 -0.2255757 -0.0267132 0.5448963 0.1782730 -0.1401933 -0.2683822 -0.3077189 -0.0363325 0.5675255 0.2102875 -0.2099672 -0.7689170 -0.6349121 -0.0751879 0.9232250 0.3020504 -0.2375313 -0.6547077 -0.7506679 -0.0886317 0.8859022 0.3282570 -0.3277569 -0.0007798 0.0000218 0.0001933 -0.0041378 -0.0004414 -0.0028488 -0.0006076 0.0000439 0.0003962 -0.0059464 -0.0010005 0.0013352 -0.0009561 0.0010812 0.0006641 -0.0019153 0.0009278 -0.0061746 -0.0009541 0.0007113 0.0010371 -0.0009488 0.0015440 -0.0010117
-0.2739656 -0.2255539 -0.0265199 0.5407585 0.1778316 -0.1430420 -0.2689899 -0.3076750 -0.0359363 0.5615790 0.2092870 -0.2086319 -0.7698731 -0.6338309 -0.0745238 0.9213098 0.3029782 -0.2437059 -0.6556618 -0.7499565 -0.0875945 0.8849534 0.3298009 -0.3287686 -0.0003134 0.0008302 0.0007520 -0.0076527 -0.0021412 -0.0042972 -0.0000779 0.0003513 0.0013687 -0.0286514 -0.0135192 0.0127901 -0.0016162 0.0017304 0.0020440 -0.0026775 -0.0002336 -0.0101848 -0.0007178 0.0002533 0.0032684 0.0024082 -0.0038338 0.0026783
-0.2742790 -0.2247237 -0.0257679 0.5331058 0.1756904 -0.1473393 -0.2690678 -0.3073237 -0.0345676 0.5329276 0.1957678 -0.1958418 -0.7714892 -0.6321005 -0.0724798 0.9186323 0.3027446 -0.2538907 -0.6563796 -0.7497032 -0.0843261 0.8873616 0.3259671 -0.3260902 -0.0005106 0.0004138 0.0009772 -0.0216405 -0.0022261 -0.0022352 -0.0006417 0.0000544 0.0005737 -0.0082182 -0.0025021 -0.0022414 -0.0012982 0.0012765 0.0027612 -0.0059692 0.0067866 -0.0130112 -0.0010316 0.0007407 0.0014668 -0.0028492 -0.0001755 -0.0078223
-0.2747896 -0.2243099 -0.0247907 0.5114653 0.1734643 -0.1495744 -0.2697095 -0.3072693 -0.0339939 0.5247095 0.1932657 -0.1980832 -0.7727874 -0.6308240 -0.0697187 0.9126631 0.3095312 -0.2669019 -0.6574112 -0.7489625 -0.0828593 0.8845124 0.3257916 -0.3339125 -0.0002693 0.0000101 0.0004443 -0.0192076 -0.0050019 -0.0086504 0.0007809 0.0002255 0.0037913 -0.0147943 -0.0039113 -0.0083636 -0.0003853 0.0003317 0.0012825 -0.0074660 0.0002490 -0.0240528 0.0003350 -0.0012410 0.0090652 -0.0080653 -0.0003274 -0.0209303
-0.2750589 -0.2242998 -0.0243464 0.4922577 0.1684624 -0.1582249 -0.2689286 -0.3070438 -0.0302025 0.5099152 0.1893544 -0.2064468 -0.7731727 -0.6304922 -0.0684362 0.9051970 0.3097802 -0.2909547 -0.6570762 -0.7502035 -0.0737941 0.8764472 0.3254642 -0.3548428 0.0000784 -0.0000017 0.0015286 -0.0244253 -0.0077646 -0.0149385 0.0000252 -0.0000854 0.0011605 -0.0334929 -0.0139040 -0.0090992 -0.0001293 -0.0002901 0.0042677 -0.0125504 -0.0031610 -0.0394493 0.0000031 -0.0002756 0.0028292 -0.0126786 -0.0073671 -0.0359489
-0.2749804 -0.2243015 -0.0228178 0.4678324 0.1606978 -0.1731633 -0.2689034 -0.3071292 -0.0290420 0.4764223 0.1754504 -0.2155460 -0.7733020 -0.6307824 -0.0641685 0.8926466 0.3066191 -0.3304039 -0.6570732 -0.7504791 -0.0709650 0.8637685 0.3180971 -0.3907917 0.0000372 0.0000297 0.0010549 -0.0263657 -0.0143447 0.0011508 0.0000139 -0.0002467 0.0009334 -0.0223525 -0.0100475 -0.0020187 -0.0001426 -0.0001180 0.0029470 -0.0023836 -0.0114830 -0.0164770 0.0002120 -0.0003994 0.0022994 -0.0069902 -0.0060005 -0.0197282
-0.2749433 -0.2242718 -0.0217630 0.4414667 0.1463531 -0.1720125 -0.2688894 -0.3073759 -0.0281086 0.4540698 0.1654029 -0.2175647 -0.7734447 -0.6309004 -0.0612215 0.8902630 0.2951361 -0.3468810 -0.6568612 -0.7508784 -0.0686655 0.8567783 0.3120966 -0.4105200 0.0002710 -0.0003780 0.0013136 -0.0352338 -0.0207523 -0.0091381 0.0007620 -0.0005087 0.0021659 -0.0406284 -0.0158423 -0.0094817 0.0006563 -0.0011502 0.0036875 -0.0113256 -0.0233826 -0.0450618 0.0014443 -0.0017219 0.0052506 -0.0212485 -0.0098474 -0.0483215
-0.2746723 -0.2246498 -0.0204493 0.4062330 0.1256008 -0.1811506 -0.2681274 -0.3078846 -0.0259427 0.4134414 0.1495606 -0.2270464 -0.7727884 -0.6320506 -0.0575341 0.8789374 0.2717535 -0.3919427 -0.6554169 -0.7526003 -0.0634149 0.8355298 0.3022492 -0.4588414 0.0000000 0.0000000 0.0000000 0.0000000 0.0000000 0.0000000 0.0000000 0.0000000 0.0000000 0.0000000 0.0000000 0.0000000 0.0000000 0.0000000 0.0000000 0.0000000 0.0000000 0.0000000 0.0000000 0.0000000 0.0000000 0.0000000 0.0000000 0.0000000
