-0.2094807 -0.2231959 -0.0086152 0.1403046 -0.0789730 -0.2000247 -0.1847020 -0.3148987 -0.0302695 0.0897446 -0.1069817 -0.2784568 -0.6840780 -0.7288660 -0.0281338 0.5464163 -0.3075606 -0.7789966 -0.5042059 -0.8596212 -0.0826307 0.2880970 -0.3434314 -0.8938987 0.0010290 0.0002988 -0.0004879 0.0025450 -0.0017261 -0.0000894 0.0010756 0.0003471 -0.0006392 -0.0264362 -0.0152818 -0.0549565 0.0013378 -0.0011866 -0.0016816 0.0056081 -0.0042913 0.0056807 0.0018577 -0.0008998 -0.0019263 -0.1125927 0.0044908 -0.0303942
-0.2084518 -0.2228970 -0.0091031 0.1428496 -0.0806992 -0.2001141 -0.1836265 -0.3145516 -0.0309087 0.0633084 -0.1222635 -0.3334133 -0.6827402 -0.7300526 -0.0298154 0.5520244 -0.3118519 -0.7733159 -0.5023482 -0.8605210 -0.0845571 0.1755043 -0.3389406 -0.9242930 0.0000230 0.0003143 -0.0000798 0.0005620 -0.0002289 -0.0000802 0.0000297 0.0002239 0.0003111 -0.0000036 0.0006189 -0.0006281 -0.0004679 0.0004496 -0.0002854 0.0012227 -0.0003488 0.0010152 -0.0002402 0.0000623 0.0007975 -0.0001903 0.0020622 -0.0007897
-0.2084288 -0.2225827 -0.0091830 0.1434116 -0.0809280 -0.2001942 -0.1835968 -0.3143277 -0.0305976 0.0633048 -0.1216446 -0.3340414 -0.6832081 -0.7296030 -0.0301008 0.5532471 -0.3122007 -0.7723007 -0.5025884 -0.8604587 -0.0837596 0.1753140 -0.3368784 -0.9250827 0.0001052 -0.0016745 -0.0000979 0.0041389 -0.0004394 -0.0017804 0.0004928 -0.0015409 -0.0002169 0.0180705 0.0120281 0.0144805 0.0029209 -0.0027157 -0.0002063 0.0077142 0.0028558 0.0044282 0.0028517 -0.0016261 -0.0003410 0.0588588 0.0214361 0.0054853
-0.2083236 -0.2242572 -0.0092809 0.1475505 -0.0813675 -0.2019747 -0.1831039 -0.3158686 -0.0308145 0.0813753 -0.1096165 -0.3195609 -0.6802873 -0.7323187 -0.0303071 0.5609613 -0.3093449 -0.7678725 -0.4997367 -0.8620849 -0.0841006 0.2341728 -0.3154423 -0.9195973 0.0002957 -0.0009837 -0.0000291 0.0037952 0.0009866 -0.0022179 0.0002900 -0.0009885 -0.0000167 0.0147653 0.0155890 0.0111968 0.0021202 -0.0019621 -0.0000432 0.0067842 0.0078108 0.0018814 0.0017557 -0.0010267 0.0001170 0.0516100 0.0359407 0.0029693
-0.2080280 -0.2252409 -0.0093100 0.1513457 -0.0803809 -0.2041926 -0.1828139 -0.3168571 -0.0308312 0.0961406 -0.0940275 -0.3083641 -0.6781670 -0.7342808 -0.0303503 0.5677455 -0.3015341 -0.7659910 -0.4979811 -0.8631116 -0.0839836 0.2857829 -0.2795016 -0.9166281 -0.0004743 0.0028391 0.0005002 0.0076713 0.0074077 -0.0054831 -0.0006846 0.0027607 0.0005886 0.0065946 0.0102991 -0.0123791 -0.0054897 0.0050490 0.0014641 0.0145531 0.0343162 -0.0018130 -0.0047210 0.0026313 0.0011326 0.0102446 0.0382416 -0.0075804
-0.2085023 -0.2224018 -0.0088098 0.1590170 -0.0729732 -0.2096758 -0.1834986 -0.3140964 -0.0302427 0.1027353 -0.0837284 -0.3207432 -0.6836568 -0.7292318 -0.0288863 0.5822985 -0.2672179 -0.7678040 -0.5027021 -0.8604803 -0.0828510 0.2960275 -0.2412600 -0.9242085 0.0003405 -0.0012518 0.0000532 0.0091108 0.0126637 -0.0063970 0.0002641 -0.0007217 -0.0021815 0.0095646 0.0186036 -0.0078796 0.0026359 -0.0024717 0.0002385 0.0174255 0.0520896 -0.0029430 0.0016510 -0.0003836 -0.0058122 0.0218010 0.0569452 -0.0058523
-0.2081618 -0.2236536 -0.0087565 0.1681278 -0.0603095 -0.2160728 -0.1832345 -0.3148181 -0.0324242 0.1122998 -0.0651248 -0.3286228 -0.6810208 -0.7317035 -0.0286477 0.5997240 -0.2151283 -0.7707470 -0.5010511 -0.8608639 -0.0886632 0.3178285 -0.1843148 -0.9300608 0.0010403 -0.0039151 -0.0010024 0.0112038 0.0209770 -0.0100941 0.0012653 -0.0039688 -0.0005531 0.0114330 0.0190750 -0.0166685 0.0082576 -0.0074751 -0.0030507 0.0158917 0.0801064 -0.0056462 0.0073007 -0.0041240 -0.0008163 0.0168826 0.0597450 -0.0039900
-0.2071216 -0.2275687 -0.0097589 0.1793316 -0.0393325 -0.2261669 -0.1819692 -0.3187869 -0.0329772 0.1237329 -0.0460498 -0.3452912 -0.6727632 -0.7391785 -0.0316984 0.6156157 -0.1350219 -0.7763932 -0.4937503 -0.8649879 -0.0894795 0.3347111 -0.1245698 -0.9340508 0.0018813 -0.0061348 -0.0013893 0.0338820 -0.0025479 -0.0030442 0.0016906 -0.0063743 -0.0006410 0.0065655 0.0194504 -0.0069927 0.0133178 -0.0117201 -0.0041211 0.0594635 0.0024198 0.0506627 0.0108311 -0.0060340 -0.0005749 0.0113218 0.0539298 -0.0015085
-0.2052403 -0.2337034 -0.0111482 0.2132137 -0.0418804 -0.2292111 -0.1802786 -0.3251612 -0.0336182 0.1302983 -0.0265994 -0.3522840 -0.6594454 -0.7508986 -0.0358195 0.6750792 -0.1326021 -0.7257305 -0.4829193 -0.8710219 -0.0900544 0.3460329 -0.0706399 -0.9355593 -0.0001852 0.0003224 0.0005278 -0.0000653 0.0034651 -0.0000032 -0.0005918 0.0001146 0.0009291 0.0037748 0.0160810 -0.0003916 -0.0008884 0.0007027 0.0016807 0.0008260 0.0107851 -0.0011208 -0.0014504 0.0005493 0.0025132 0.0091776 0.0427727 0.0011885
-0.2054255 -0.2333810 -0.0106203 0.2131484 -0.0384153 -0.2292143 -0.1808704 -0.3250466 -0.0326891 0.1340732 -0.0105184 -0.3526755 -0.6603337 -0.7501959 -0.0341387 0.6759052 -0.1218170 -0.7268512 -0.4843697 -0.8704726 -0.0875412 0.3552105 -0.0278672 -0.9343709 0.0001615 -0.0007355 0.0004087 0.0055125 0.0120379 -0.0104375 -0.0002677 -0.0008829 0.0005481 0.0160658 0.0260716 0.0095788 0.0014343 -0.0013206 0.0013594 -0.0041078 0.0407771 -0.0094372 0.0003857 -0.0003802 0.0016634 0.0453396 0.0693610 0.0190360
-0.2052640 -0.2341165 -0.0102116 0.2186609 -0.0263774 -0.2396518 -0.1811381 -0.3259295 -0.0321411 0.1501390 0.0155532 -0.3430968 -0.6588994 -0.7515165 -0.0327793 0.6717974 -0.0810400 -0.7362885 -0.4839839 -0.8708528 -0.0858779 0.4005502 0.0414938 -0.9153348 -0.0004341 0.0013263 0.0008658 -0.0373023 0.0622618 -0.0480698 -0.0006286 0.0011447 0.0014119 0.0074886 0.0106584 -0.0021859 -0.0029565 0.0024888 0.0027081 -0.1415055 0.1859658 -0.1050087 -0.0027327 0.0011768 0.0035944 0.0137523 0.0273998 0.0078068
-0.2056981 -0.2327902 -0.0093458 0.1813586 0.0358844 -0.2877217 -0.1817667 -0.3247848 -0.0307292 0.1576276 0.0262116 -0.3452827 -0.6618559 -0.7490277 -0.0300712 0.5302920 0.1049259 -0.8412972 -0.4867166 -0.8696760 -0.0822834 0.4143025 0.0688936 -0.9075280 0.0015563 -0.0066779 -0.0009075 0.0106146 0.0083193 -0.0087564 0.0013285 -0.0067902 -0.0006812 0.0138234 0.0107578 -0.0037865 0.0134566 -0.0115758 -0.0024957 0.0090203 0.0192561 0.0083980 0.0103701 -0.0056628 -0.0006380 0.0245782 0.0257408 0.0139800
-0.2041418 -0.2394681 -0.0102533 0.1919732 0.0442037 -0.2964781 -0.1804382 -0.3315750 -0.0314103 0.1714510 0.0369694 -0.3490692 -0.6483993 -0.7606036 -0.0325669 0.5393123 0.1241819 -0.8328992 -0.4763465 -0.8753388 -0.0829215 0.4388807 0.0946344 -0.8935480 0.0005282 -0.0010023 0.0005472 0.0153528 0.0054634 0.0021223 0.0003212 -0.0004248 0.0007544 0.0135945 0.0043858 -0.0030785 0.0025070 -0.0022039 0.0017774 0.0311258 0.0124724 0.0230066 0.0010455 -0.0007575 0.0020251 0.0237907 0.0087666 0.0130690
-0.2036136 -0.2404704 -0.0097062 0.2073260 0.0496671 -0.2943559 -0.1801170 -0.3319998 -0.0306560 0.1850455 0.0413552 -0.3521477 -0.6458922 -0.7628075 -0.0307894 0.5704381 0.1366544 -0.8098926 -0.4753010 -0.8760963 -0.0808964 0.4626714 0.1034009 -0.8804791 -0.0001877 0.0003177 0.0009725 0.0093060 -0.0007037 -0.0052508 0.0000354 -0.0001297 0.0002300 0.0108838 -0.0015093 -0.0061288 -0.0009019 0.0006466 0.0030717 0.0104240 -0.0053673 0.0065478 0.0001916 -0.0001613 0.0006235 0.0148668 -0.0062845 0.0072519
-0.2038013 -0.2401527 -0.0087337 0.2166320 0.0489634 -0.2996067 -0.1800816 -0.3321295 -0.0304260 0.1959292 0.0398459 -0.3582765 -0.6467941 -0.7621608 -0.0277177 0.5808621 0.1312871 -0.8033448 -0.4751094 -0.8762576 -0.0802729 0.4775382 0.0971164 -0.8732272 -0.0004411 -0.0000449 0.0007693 0.0161891 -0.0153569 -0.0043671 -0.0003225 0.0000369 0.0005629 0.0212100 -0.0193601 -0.0024967 -0.0007848 0.0005809 0.0024653 0.0248699 -0.0438529 0.0124946 -0.0007552 0.0002736 0.0015009 0.0375272 -0.0485230 0.0174548
-0.2042424 -0.2401976 -0.0079644 0.2328211 0.0336065 -0.3039738 -0.1804041 -0.3320926 -0.0298631 0.2171393 0.0204858 -0.3607732 -0.6475789 -0.7615799 -0.0252524 0.6057320 0.0874342 -0.7908502 -0.4758646 -0.8759839 -0.0787720 0.5150654 0.0485934 -0.8557724 -0.0002599 0.0019742 0.0005356 0.0094396 -0.0123169 -0.0006931 -0.0005902 0.0019201 0.0004068 0.0097417 -0.0188390 -0.0122842 -0.0036007 0.0030250 0.0015974 0.0157243 -0.0328213 0.0093071 -0.0033650 0.0017665 0.0007789 0.0045479 -0.0448218 0.0013791
-0.2045022 -0.2382233 -0.0074288 0.2422607 0.0212896 -0.3046669 -0.1809944 -0.3301725 -0.0294563 0.2268810 0.0016468 -0.3730574 -0.6511796 -0.7585549 -0.0236549 0.6214562 0.0546129 -0.7815431 -0.4792296 -0.8742174 -0.0779931 0.5196133 0.0037716 -0.8543932 -0.0004864 0.0016281 0.0000568 -0.0004448 -0.0370075 -0.0323386 0.0000940 0.0016246 0.0007147 0.0275059 -0.0392807 -0.0224722 -0.0034589 0.0029795 0.0001123 -0.0388852 -0.0924797 -0.0303542 -0.0016865 0.0007865 0.0015848 0.0195979 -0.0835423 0.0160091
-0.2049886 -0.2365952 -0.0073720 0.2418159 -0.0157179 -0.3370055 -0.1809004 -0.3285479 -0.0287416 0.2543869 -0.0376339 -0.3955295 -0.6546384 -0.7555754 -0.0235426 0.5825710 -0.0378668 -0.8118972 -0.4809161 -0.8734309 -0.0764083 0.5392112 -0.0797707 -0.8383841 0.0008293 -0.0018189 0.0000848 0.0280889 0.0027591 0.0473307 0.0003996 -0.0019567 0.0001895 0.0082765 -0.0197672 -0.0050420 0.0043816 -0.0037844 0.0003326 0.0987634 0.0051542 0.0806563 0.0029742 -0.0017011 0.0008061 0.0052411 -0.0392111 0.0080739
-0.2041593 -0.2384141 -0.0072872 0.2699048 -0.0129588 -0.2896748 -0.1805007 -0.3305046 -0.0285521 0.2626634 -0.0574011 -0.4005715 -0.6502568 -0.7593598 -0.0232101 0.6813344 -0.0327126 -0.7312410 -0.4779418 -0.8751320 -0.0756022 0.5444523 -0.1189818 -0.8303102 -0.0001990 0.0002681 0.0002810 0.0322258 -0.0559751 0.0919822 -0.0001106 0.0002068 0.0006474 0.0164527 -0.0264160 -0.0128723 -0.0008005 0.0006595 0.0008894 0.1406043 -0.1548204 0.1934229 -0.0005163 0.0001387 0.0016796 0.0073427 -0.0467195 0.0129576
-0.2043583 -0.2381460 -0.0070062 0.3021305 -0.0689339 -0.1976927 -0.1806113 -0.3302978 -0.0279048 0.2791161 -0.0838171 -0.4134439 -0.6510573 -0.7587003 -0.0223207 0.8219386 -0.1875330 -0.5378181 -0.4784582 -0.8749933 -0.0739227 0.5517950 -0.1657012 -0.8173527 0.0000475 -0.0004739 -0.0000527 -0.0192404 0.0370609 -0.0768760 -0.0003844 -0.0006561 0.0002557 0.0078775 -0.0118775 0.0300275 0.0008349 -0.0007114 -0.0001442 -0.1066904 0.1069465 -0.1563907 -0.0000811 -0.0000246 0.0008206 0.0358294 -0.0302352 0.0323008
-0.2043108 -0.2386200 -0.0070588 0.2828901 -0.0318730 -0.2745687 -0.1809957 -0.3309539 -0.0276491 0.2869935 -0.0956946 -0.3834163 -0.6502224 -0.7594117 -0.0224649 0.7152483 -0.0805864 -0.6942087 -0.4785393 -0.8750179 -0.0731021 0.5876244 -0.1959365 -0.7850519 -0.0001624 0.0002409 0.0001307 0.0254250 -0.0313669 0.0766318 -0.0004804 0.0000543 0.0006161 0.0011922 -0.0046604 0.0116163 -0.0006828 0.0005731 0.0004102 0.1139977 -0.0895040 0.1618364 -0.0010951 0.0004630 0.0016550 0.0115189 -0.0127035 0.0120728
-0.2044732 -0.2383790 -0.0069282 0.3083151 -0.0632399 -0.1979369 -0.1814761 -0.3308996 -0.0270329 0.2881857 -0.1003551 -0.3718001 -0.6509052 -0.7588386 -0.0220547 0.8292460 -0.1700904 -0.5323723 -0.4796343 -0.8745549 -0.0714470 0.5991433 -0.2086400 -0.7729791 -0.0019647 0.0112949 0.0001978 -0.0013662 0.0002881 0.0011286 -0.0027260 0.0107061 0.0021533 0.0001796 -0.0013510 0.0042863 -0.0216019 0.0190728 0.0001293 0.0003029 -0.0000408 0.0004852 -0.0178944 0.0097142 0.0042474 0.0040245 -0.0040965 0.0042582
-0.2064379 -0.2270842 -0.0067304 0.3069489 -0.0629518 -0.1968083 -0.1842021 -0.3201935 -0.0248796 0.2883653 -0.1017061 -0.3675137 -0.6725071 -0.7397658 -0.0219254 0.8295490 -0.1701313 -0.5318871 -0.4975288 -0.8648406 -0.0671997 0.6031678 -0.2127365 -0.7687209 -0.0006328 0.0001330 0.0004754 0.0017181 -0.0002254 0.0044023 0.0002059 0.0005897 -0.0007725 0.0007033 0.0003757 0.0024802 -0.0013642 0.0011975 0.0015696 0.0065609 -0.0010017 0.0107020 -0.0001962 0.0002860 -0.0021914 0.0034476 0.0000929 0.0026919
-0.2070707 -0.2269512 -0.0062550 0.3086670 -0.0631772 -0.1924061 -0.1839962 -0.3196038 -0.0256521 0.2890686 -0.1013304 -0.3650335 -0.6738713 -0.7385683 -0.0203557 0.8361098 -0.1711329 -0.5211850 -0.4977250 -0.8645546 -0.0693911 0.6066154 -0.2126436 -0.7660290 0.0000897 0.0009199 0.0006315 -0.0236531 0.0335926 -0.0740220 0.0004285 0.0010424 0.0004537 -0.0007753 0.0015258 -0.0013423 -0.0013596 0.0011900 0.0020104 -0.1076767 0.0955212 -0.1597467 -0.0003846 0.0001406 0.0010153 -0.0019294 0.0033067 -0.0024324
-0.2069810 -0.2260313 -0.0056235 0.2850139 -0.0295846 -0.2664280 -0.1835677 -0.3185614 -0.0251984 0.2882934 -0.0998046 -0.3663759 -0.6752309 -0.7373783 -0.0183454 0.7284331 -0.0756118 -0.6809318 -0.4981097 -0.8644140 -0.0683758 0.6046860 -0.2093369 -0.7684614 0.0010983 -0.0016186 0.0000548 0.0108500 -0.0212370 -0.0277232 0.0004033 -0.0017149 -0.0003152 -0.0000925 0.0097373 -0.0283847 0.0045824 -0.0041752 0.0002058 -0.0244804 -0.0453087 -0.0189459 0.0028483 -0.0015866 -0.0006110 -0.0248034 0.0281145 -0.0258274
-0.2058827 -0.2276499 -0.0055687 0.2958639 -0.0508216 -0.2941512 -0.1831644 -0.3202763 -0.0255136 0.2882009 -0.0900673 -0.3947605 -0.6706485 -0.7415535 -0.0181396 0.7039527 -0.1209205 -0.6998777 -0.4952613 -0.8660006 -0.0689868 0.5798826 -0.1812224 -0.7942888 -0.0005920 0.0009938 0.0005360 -0.0006268 0.0025978 0.0029145 -0.0003716 0.0011681 -0.0000233 0.0003909 0.0083628 0.0005449 -0.0026899 0.0024012 0.0017274 0.0031959 0.0054154 0.0023109 -0.0021140 0.0012298 -0.0002174 0.0027249 0.0162779 -0.0015515
-0.2064747 -0.2266561 -0.0050327 0.2952371 -0.0482238 -0.2912367 -0.1835359 -0.3191082 -0.0255369 0.2885918 -0.0817044 -0.3942156 -0.6733384 -0.7391523 -0.0164122 0.7071486 -0.1155051 -0.6975668 -0.4973753 -0.8647708 -0.0692041 0.5826075 -0.1649445 -0.7958403 0.0000132 -0.0000031 0.0007111 0.0049732 -0.0185022 -0.0127917 0.0008357 0.0004149 -0.0002175 0.0047770 0.0230542 0.0023949 0.0000047 -0.0000522 0.0023183 -0.0129383 -0.0387930 -0.0054725 0.0012443 -0.0006555 -0.0007331 0.0124860 0.0459736 0.0010387
-0.2064615 -0.2266592 -0.0043216 0.3002103 -0.0667260 -0.3040284 -0.1827003 -0.3186933 -0.0257544 0.2933688 -0.0586502 -0.3918208 -0.6733337 -0.7392044 -0.0140939 0.6942103 -0.1542981 -0.7030393 -0.4961310 -0.8654264 -0.0699373 0.5950935 -0.1189709 -0.7948016 -0.0000197 0.0002924 0.0005608 -0.0084960 0.0652093 -0.0109865 -0.0003162 0.0001990 0.0006433 0.0019385 0.0222114 -0.0000536 -0.0005262 0.0004471 0.0018204 -0.0147640 0.1507655 -0.0306775 -0.0009390 0.0004004 0.0017359 0.0050803 0.0449138 -0.0016323
-0.2064812 -0.2263668 -0.0037608 0.2917143 -0.0015167 -0.3150149 -0.1830164 -0.3184943 -0.0251111 0.2953072 -0.0364388 -0.3918743 -0.6738598 -0.7387573 -0.0122735 0.6794463 -0.0035326 -0.7337167 -0.4970700 -0.8650260 -0.0682014 0.6001738 -0.0740571 -0.7964339 -0.0005675 0.0013739 0.0012588 0.0042994 0.0094882 0.0012914 -0.0008206 0.0013072 0.0012778 0.0031820 0.0213058 0.0048528 -0.0032719 0.0029409 0.0040911 0.0067160 0.0220106 0.0065030 -0.0033234 0.0016617 0.0033285 0.0102470 0.0431096 0.0049614
-0.2070487 -0.2249929 -0.0025020 0.2960137 0.0079715 -0.3137235 -0.1838370 -0.3171871 -0.0238334 0.2984892 -0.0151330 -0.3870216 -0.6771317 -0.7358164 -0.0081824 0.6861623 0.0184780 -0.7272137 -0.5003934 -0.8633643 -0.0648730 0.6104208 -0.0309475 -0.7914725 -0.0004728 0.0007354 0.0009642 -0.0016825 0.0095954 0.0039490 -0.0006077 0.0007447 0.0007850 0.0030600 0.0163057 0.0089725 -0.0020486 0.0018621 0.0031497 0.0020618 0.0225980 0.0028793 -0.0021848 0.0011167 0.0020704 0.0131495 0.0333725 0.0097090
-0.2075215 -0.2242575 -0.0015377 0.2943312 0.0175669 -0.3097744 -0.1844448 -0.3164424 -0.0230483 0.3015492 0.0011727 -0.3780491 -0.6791803 -0.7339542 -0.0050328 0.6882241 0.0410760 -0.7243344 -0.5025782 -0.8622476 -0.0628025 0.6235703 0.0024250 -0.7817635 -0.0006092 0.0003162 0.0009272 0.0025719 0.0162358 -0.0016019 -0.0008674 0.0002711 0.0008527 0.0035742 0.0191266 0.0015799 -0.0015947 0.0014643 0.0030356 -0.0002575 0.0372496 0.0028311 -0.0021561 0.0010923 0.0023482 0.0055283 0.0394278 0.0055655
-0.2081307 -0.2239413 -0.0006106 0.2969031 0.0338027 -0.3113764 -0.1853121 -0.3161713 -0.0221957 0.3051234 0.0202993 -0.3764692 -0.6807750 -0.7324899 -0.0019971 0.6879666 0.0783257 -0.7215033 -0.5047344 -0.8611553 -0.0604543 0.6290986 0.0418528 -0.7761980 0.0006287 -0.0046444 -0.0007503 0.0052575 0.0025214 -0.0004790 0.0004933 -0.0046776 -0.0007456 0.0053927 0.0120510 0.0030321 0.0086466 -0.0079316 -0.0024110 0.0054668 0.0050351 0.0058211 0.0065475 -0.0037064 -0.0013849 0.0088437 0.0246096 0.0089872
-0.2075020 -0.2285858 -0.0013609 0.3021606 0.0363241 -0.3118554 -0.1848188 -0.3208489 -0.0229413 0.3105161 0.0323503 -0.3734371 -0.6721284 -0.7404215 -0.0044081 0.6934335 0.0833608 -0.7156822 -0.4981869 -0.8648617 -0.0618392 0.6379423 0.0664623 -0.7672108 -0.0004533 0.0026184 0.0006418 0.0022109 0.0064489 -0.0006065 -0.0008834 0.0024188 0.0010565 0.0029144 0.0076431 -0.0001386 -0.0050414 0.0045984 0.0020666 0.0010083 0.0142284 0.0027818 -0.0047001 0.0025437 0.0025746 0.0026504 0.0152766 0.0036928
-0.2079553 -0.2259674 -0.0007191 0.3043715 0.0427730 -0.3124619 -0.1857022 -0.3184301 -0.0218848 0.3134306 0.0399934 -0.3735757 -0.6771698 -0.7358231 -0.0023415 0.6944417 0.0975892 -0.7129004 -0.5028870 -0.8623180 -0.0592646 0.6405927 0.0817389 -0.7635180 0.0007991 -0.0032773 -0.0012795 0.0143204 -0.0000266 0.0008950 0.0007872 -0.0033416 -0.0010053 0.0101458 0.0063664 0.0017666 0.0067257 -0.0061088 -0.0041268 0.0173468 -0.0021164 0.0170254 0.0055711 -0.0030646 -0.0022967 0.0130063 0.0119043 0.0124925
-0.2071562 -0.2292447 -0.0019986 0.3186919 0.0427464 -0.3115669 -0.1849150 -0.3217717 -0.0228901 0.3235763 0.0463598 -0.3718091 -0.6704441 -0.7419319 -0.0064683 0.7117885 0.0954728 -0.6958751 -0.4973159 -0.8653826 -0.0615612 0.6535990 0.0936432 -0.7510255 -0.0007112 0.0035070 0.0012737 0.0064188 -0.0023371 0.0002818 -0.0009203 0.0034806 0.0011695 0.0105687 0.0017371 -0.0029751 -0.0069435 0.0063093 0.0041060 0.0076162 -0.0060551 0.0070635 -0.0060168 0.0032949 0.0027313 0.0088484 0.0017096 0.0080105
-0.2078674 -0.2257377 -0.0007249 0.3251106 0.0404093 -0.3112851 -0.1858353 -0.3182911 -0.0217206 0.3341451 0.0480969 -0.3747842 -0.6773875 -0.7356226 -0.0023623 0.7194047 0.0894177 -0.6888116 -0.5033327 -0.8620877 -0.0588299 0.6624474 0.0953528 -0.7430150 0.0016576 -0.0040731 0.0000910 0.0150566 -0.0190124 0.0111114 0.0010556 -0.0040391 -0.0006718 0.0101900 -0.0042995 -0.0037062 0.0095342 -0.0086675 0.0003091 0.0295720 -0.0423062 0.0278922 0.0068960 -0.0038980 -0.0013305 0.0080443 -0.0100702 0.0060158
-0.2062098 -0.2298108 -0.0006340 0.3401672 0.0213969 -0.3001737 -0.1847797 -0.3223302 -0.0223924 0.3443351 0.0437974 -0.3784904 -0.6678533 -0.7442901 -0.0020532 0.7489767 0.0471115 -0.6609194 -0.4964368 -0.8659857 -0.0601604 0.6704917 0.0852826 -0.7369991 -0.0011186 0.0039255 0.0005198 0.0039357 0.0085998 -0.0361463 -0.0009287 0.0038673 0.0009697 0.0124936 -0.0126319 -0.0074996 -0.0083441 0.0075697 0.0016808 -0.0352142 0.0151098 -0.0366991 -0.0064610 0.0035889 0.0021477 0.0071429 -0.0260978 0.0039858
-0.2073284 -0.2258853 -0.0001142 0.3441030 0.0299967 -0.3363200 -0.1857084 -0.3184629 -0.0214227 0.3568287 0.0311655 -0.3859900 -0.6761974 -0.7367204 -0.0003724 0.7137625 0.0622213 -0.6976185 -0.5028978 -0.8623968 -0.0580126 0.6776346 0.0591848 -0.7330133 -0.0002315 0.0019583 0.0006439 0.0074554 -0.0229407 -0.0102911 -0.0003685 0.0019165 0.0006918 0.0150977 -0.0213194 -0.0120699 -0.0035976 0.0033203 0.0021073 -0.0017357 -0.0479304 -0.0043883 -0.0030598 0.0016824 0.0016436 0.0049683 -0.0411140 0.0024472
-0.2075599 -0.2239270 0.0005297 0.3515583 0.0070560 -0.3466111 -0.1860769 -0.3165464 -0.0207309 0.3719264 0.0098461 -0.3980599 -0.6797950 -0.7334001 0.0017349 0.7120268 0.0142908 -0.7020068 -0.5059576 -0.8607145 -0.0563690 0.6826029 0.0180707 -0.7305661 0.0026267 -0.0063656 0.0000750 0.0113297 0.0029229 0.0471836 0.0020615 -0.0061879 -0.0012293 0.0104704 -0.0266839 0.0001761 0.0150182 -0.0136394 0.0002268 0.0591263 0.0069148 0.0657103 0.0115022 -0.0064832 -0.0026387 0.0100105 -0.0485681 0.0099021
-0.2049332 -0.2302926 0.0006047 0.3628881 0.0099789 -0.2994275 -0.1840154 -0.3227343 -0.0219602 0.3823968 -0.0168378 -0.3978837 -0.6647768 -0.7470395 0.0019617 0.7711531 0.0212056 -0.6362965 -0.4944555 -0.8671977 -0.0590078 0.6926134 -0.0304973 -0.7206640 -0.0014352 0.0048682 0.0003784 0.0458594 -0.0271109 0.0570364 -0.0019704 0.0047915 0.0002028 0.0082534 -0.0095494 0.0086056 -0.0104629 0.0094481 0.0012553 0.0884228 -0.0572334 0.1265600 -0.0095882 0.0055347 0.0000425 0.0149268 -0.0172948 0.0156088
-0.2063684 -0.2254244 0.0009832 0.4087474 -0.0171320 -0.2423911 -0.1859858 -0.3179428 -0.0217574 0.3906502 -0.0263872 -0.3892781 -0.6752397 -0.7375914 0.0032170 0.8595759 -0.0360278 -0.5097365 -0.5040437 -0.8616630 -0.0589653 0.7075402 -0.0477921 -0.7050552 -0.0005515 0.0002988 0.0002256 -0.0057044 -0.0181755 -0.0223704 -0.0000918 0.0004588 -0.0000065 0.0195356 -0.0262276 -0.0127385 -0.0014649 0.0013473 0.0007363 -0.0260109 -0.0369945 -0.0378374 -0.0007256 0.0004299 -0.0000735 0.0036645 -0.0434346 0.0080146
-0.2069199 -0.2251256 0.0012088 0.4030430 -0.0353075 -0.2647614 -0.1860776 -0.3174840 -0.0217640 0.4101858 -0.0526148 -0.4020166 -0.6767046 -0.7362440 0.0039533 0.8335650 -0.0730222 -0.5475739 -0.5047693 -0.8612331 -0.0590388 0.7112047 -0.0912267 -0.6970406 -0.0000544 -0.0003664 -0.0003260 0.0012501 -0.0000782 0.0011610 0.0003925 -0.0003026 -0.0001729 0.0021447 -0.0077709 0.0082434 0.0004977 -0.0004621 -0.0010689 0.0018687 -0.0000990 0.0028686 0.0011646 -0.0006501 -0.0004573 0.0079665 -0.0140957 0.0102364
-0.2069743 -0.2254920 0.0008829 0.4042932 -0.0353857 -0.2636004 -0.1856851 -0.3177866 -0.0219369 0.4123305 -0.0603857 -0.3937732 -0.6762069 -0.7367062 0.0028844 0.8354337 -0.0731212 -0.5447053 -0.5036047 -0.8618831 -0.0594960 0.7191711 -0.1053224 -0.6868042 -0.0002079 0.0002296 -0.0000994 -0.0034038 -0.0032707 -0.0043931 0.0003767 0.0003973 -0.0002241 0.0028818 -0.0071854 0.0029640 -0.0007426 0.0006811 -0.0003244 -0.0067449 -0.0067864 -0.0092710 0.0003137 -0.0001351 -0.0006924 0.0039507 -0.0123574 0.0061822
-0.2071822 -0.2252625 0.0007835 0.4008894 -0.0386564 -0.2679935 -0.1853083 -0.3173893 -0.0221610 0.4152123 -0.0675711 -0.3908092 -0.6769494 -0.7360251 0.0025600 0.8286888 -0.0799076 -0.5539763 -0.5032910 -0.8620183 -0.0601884 0.7231218 -0.1176799 -0.6806220 -0.0001360 0.0008641 -0.0000501 0.0013950 -0.0018433 -0.0021183 -0.0001144 0.0006886 0.0006865 0.0016146 -0.0030997 0.0007378 -0.0016490 0.0015195 -0.0001594 -0.0013587 -0.0033832 -0.0015303 -0.0011003 0.0005213 0.0017729 0.0014990 -0.0051758 0.0025135
-0.2073182 -0.2243983 0.0007334 0.4022844 -0.0404997 -0.2701118 -0.1854227 -0.3167007 -0.0214745 0.4168269 -0.0706708 -0.3900714 -0.6785984 -0.7345055 0.0024007 0.8273301 -0.0832909 -0.5555066 -0.5043913 -0.8614970 -0.0584155 0.7246208 -0.1228556 -0.6781085 -0.0003564 0.0000434 0.0004451 0.0023344 -0.0027201 -0.0016052 -0.0000688 0.0001887 0.0001285 0.0027209 -0.0024209 -0.0019092 -0.0006963 0.0006501 0.0014541 -0.0003960 -0.0050390 0.0001887 -0.0003728 0.0001962 0.0003280 0.0002349 -0.0034254 0.0008808
-0.2076746 -0.2243549 0.0011785 0.4046188 -0.0432198 -0.2717170 -0.1854915 -0.3165120 -0.0213461 0.4195478 -0.0730917 -0.3919806 -0.6792948 -0.7338554 0.0038548 0.8269340 -0.0883299 -0.5553179 -0.5047642 -0.8613007 -0.0580874 0.7248557 -0.1262810 -0.6772277 -0.0005586 0.0001064 0.0006203 0.0004919 0.0007238 0.0000907 -0.0001950 0.0001819 0.0006724 -0.0002560 0.0006667 -0.0008043 -0.0011488 0.0010785 0.0020232 0.0005095 0.0015313 0.0005178 -0.0006635 0.0002686 0.0018151 -0.0007874 0.0012115 -0.0010663
-0.2082332 -0.2242485 0.0017988 0.4051107 -0.0424960 -0.2716263 -0.1856864 -0.3163301 -0.0206736 0.4192919 -0.0724250 -0.3927850 -0.6804436 -0.7327769 0.0058779 0.8274436 -0.0867986 -0.5548001 -0.5054277 -0.8610321 -0.0562724 0.7240683 -0.1250696 -0.6782940 0.0006297 -0.0037327 -0.0008074 0.0065140 0.0042968 0.0009286 0.0005569 -0.0038635 -0.0003397 -0.0008040 0.0066830 -0.0047993 0.0071569 -0.0065976 -0.0026627 0.0055739 0.0094937 0.0069809 0.0056949 -0.0032882 -0.0004503 -0.0037434 0.0119107 -0.0060504
-0.2076035 -0.2279813 0.0009914 0.4116247 -0.0381992 -0.2706977 -0.1851296 -0.3201936 -0.0210133 0.4184879 -0.0657420 -0.3975843 -0.6732867 -0.7393745 0.0032152 0.8330175 -0.0773049 -0.5478192 -0.4997328 -0.8643203 -0.0567227 0.7203248 -0.1131588 -0.6843444 -0.0001017 -0.0001015 0.0001147 -0.0233011 0.0370718 -0.0205149 -0.0002643 -0.0001394 0.0000966 -0.0001799 0.0158493 0.0041597 -0.0000156 0.0000159 0.0003705 -0.0329898 0.0749822 -0.0521395 -0.0003799 0.0002002 0.0002983 0.0053821 0.0266018 0.0018069
-0.2077052 -0.2280828 0.0011061 0.3883236 -0.0011274 -0.2912126 -0.1853939 -0.3203330 -0.0209167 0.4183080 -0.0498927 -0.3934245 -0.6733023 -0.7393586 0.0035857 0.8000277 -0.0023227 -0.5999586 -0.5001127 -0.8641201 -0.0564244 0.7257069 -0.0865570 -0.6825375 -0.0006915 0.0003657 0.0005571 0.0013188 0.0018671 -0.0019708 -0.0010039 0.0003605 0.0002581 0.0039031 0.0111997 -0.0032927 -0.0018069 0.0016605 0.0018023 -0.0009662 0.0038396 -0.0012889 -0.0024674 0.0013858 0.0007229 0.0014398 0.0199186 -0.0007026
-0.2083967 -0.2277171 0.0016632 0.3896424 0.0007397 -0.2931834 -0.1863978 -0.3199725 -0.0206587 0.4222111 -0.0386930 -0.3967172 -0.6751092 -0.7376981 0.0053880 0.7990614 0.0015169 -0.6012475 -0.5025801 -0.8627344 -0.0557015 0.7271467 -0.0666384 -0.6832401 -0.0003384 0.0000171 0.0006878 0.0431229 0.0285207 0.0309395 -0.0008515 0.0000712 -0.0000254 0.0056733 0.0267383 0.0171930 -0.0006138 0.0005818 0.0022227 0.0547435 0.0562111 0.0838651 -0.0017943 0.0010486 -0.0000131 0.0208085 0.0457412 0.0198199
-0.2087352 -0.2277000 0.0023510 0.4327653 0.0292604 -0.2622439 -0.1872493 -0.3199013 -0.0206841 0.4278844 -0.0119547 -0.3795242 -0.6757230 -0.7371164 0.0076107 0.8538050 0.0577280 -0.5173824 -0.5043745 -0.8616857 -0.0557146 0.7479552 -0.0208972 -0.6634201 -0.0008601 0.0005707 0.0005385 -0.0146695 -0.0096225 -0.0655956 -0.0002798 0.0008313 0.0000508 0.0064857 0.0118636 -0.0082625 -0.0024182 0.0022442 0.0017381 -0.0674165 -0.0207914 -0.0992447 -0.0015406 0.0009004 0.0000501 -0.0019803 0.0207407 -0.0025539
-0.2095952 -0.2271293 0.0028895 0.4180958 0.0196379 -0.3278395 -0.1875291 -0.3190700 -0.0206333 0.4343701 -0.0000911 -0.3877867 -0.6781412 -0.7348722 0.0093488 0.7863884 0.0369366 -0.6166271 -0.5059151 -0.8607854 -0.0556644 0.7459749 -0.0001565 -0.6659740 0.0001447 -0.0010885 -0.0000390 -0.0159079 0.0244114 0.0736751 0.0004330 -0.0010654 0.0001430 0.0104176 0.0186624 -0.0087777 0.0020050 -0.0018470 -0.0001469 0.0553571 0.0552549 0.0846823 0.0021077 -0.0012667 0.0004887 0.0000734 0.0313063 0.0008112
-0.2094506 -0.2282177 0.0028505 0.4021878 0.0440493 -0.2541644 -0.1870961 -0.3201354 -0.0204903 0.4447877 0.0185713 -0.3965644 -0.6761361 -0.7367192 0.0092018 0.8417455 0.0921915 -0.5319448 -0.5038073 -0.8620521 -0.0551757 0.7460483 0.0311499 -0.6651628 0.0005110 -0.0065048 -0.0012509 0.0018470 0.0008169 0.0030395 0.0008723 -0.0064963 -0.0009336 0.0096480 0.0142874 0.0000085 0.0112524 -0.0102103 -0.0041117 0.0038177 0.0017044 0.0063913 0.0093186 -0.0052683 -0.0017122 0.0062955 0.0232495 0.0086421
-0.2089396 -0.2347225 0.0015996 0.4040348 0.0448662 -0.2511249 -0.1862238 -0.3266317 -0.0214239 0.4544356 0.0328587 -0.3965559 -0.6648837 -0.7469296 0.0050902 0.8455632 0.0938959 -0.5255535 -0.4944888 -0.8673204 -0.0568879 0.7523438 0.0543994 -0.6565207 -0.0002497 -0.0000696 0.0000993 0.0277146 0.0097497 -0.0505360 -0.0005118 -0.0002600 0.0006001 0.0153393 0.0153192 -0.0042227 -0.0003320 0.0002978 0.0003123 -0.0302007 0.0092467 -0.0441355 -0.0007736 0.0003342 0.0016587 0.0061146 0.0233845 0.0094578
-0.2091893 -0.2347921 0.0016989 0.4317495 0.0546159 -0.3016608 -0.1867356 -0.3268917 -0.0208238 0.4697749 0.0481779 -0.4007786 -0.6652156 -0.7466317 0.0054025 0.8153625 0.1031426 -0.5696891 -0.4952623 -0.8669861 -0.0552292 0.7584584 0.0777839 -0.6470629 -0.0005791 0.0019206 0.0000844 -0.0022752 0.0048344 0.0149170 -0.0006835 0.0018569 0.0002276 0.0156560 0.0098870 -0.0007443 -0.0040627 0.0036417 0.0002874 0.0108483 0.0112263 0.0180591 -0.0035072 0.0019864 0.0004174 0.0088495 0.0139978 0.0123861
-0.2097684 -0.2328715 0.0017834 0.4294742 0.0594503 -0.2867438 -0.1874191 -0.3250348 -0.0205963 0.4854309 0.0580649 -0.4015229 -0.6692783 -0.7429900 0.0056899 0.8262107 0.1143689 -0.5516299 -0.4987696 -0.8649998 -0.0548118 0.7673079 0.0917817 -0.6346768 -0.0004742 0.0003756 0.0003910 0.0080305 0.0039328 -0.0017611 -0.0008186 0.0004862 -0.0004043 0.0098979 0.0046019 -0.0012013 -0.0014245 0.0012962 0.0012466 0.0025767 0.0057010 0.0051004 -0.0021635 0.0013199 -0.0010743 0.0048877 0.0059131 0.0068476
-0.2102426 -0.2324959 0.0021743 0.4375048 0.0633831 -0.2885049 -0.1882377 -0.3245486 -0.0210006 0.4953288 0.0626668 -0.4027242 -0.6707028 -0.7416938 0.0069364 0.8287875 0.1200698 -0.5465295 -0.5009330 -0.8636798 -0.0558861 0.7721957 0.0976948 -0.6278292 0.0020780 -0.0058292 -0.0000438 0.0110485 0.0032500 0.0001627 0.0012360 -0.0058099 -0.0009002 0.0172112 0.0031689 0.0019091 0.0128753 -0.0114448 -0.0002036 0.0059108 0.0039256 0.0099628 0.0091398 -0.0051252 -0.0017104 0.0115336 0.0029752 0.0149393
-0.2081646 -0.2383251 0.0021305 0.4485533 0.0666331 -0.2883422 -0.1870018 -0.3303585 -0.0219008 0.5125400 0.0658357 -0.4008152 -0.6578275 -0.7531386 0.0067328 0.8346983 0.1239954 -0.5365668 -0.4917932 -0.8688050 -0.0575965 0.7837293 0.1006699 -0.6128899 -0.0009116 0.0025611 0.0005996 0.0097536 0.0007293 0.0067068 -0.0006013 0.0025613 0.0008750 0.0163802 -0.0027309 0.0029904 -0.0056392 0.0049829 0.0019309 0.0106886 0.0002604 0.0170656 -0.0041573 0.0022350 0.0020126 0.0118389 -0.0057517 0.0145072
-0.2090762 -0.2357640 0.0027302 0.4583068 0.0673624 -0.2816355 -0.1876030 -0.3277972 -0.0210257 0.5289202 0.0631048 -0.3978248 -0.6634667 -0.7481557 0.0086637 0.8453869 0.1242558 -0.5195012 -0.4959505 -0.8665700 -0.0555839 0.7955681 0.0949182 -0.5983827 0.0005092 -0.0025899 -0.0008068 0.0087906 -0.0014385 0.0052588 0.0004883 -0.0025996 -0.0007886 0.0110131 -0.0060083 0.0037255 0.0049611 -0.0043956 -0.0025910 0.0089659 -0.0036766 0.0139895 0.0039686 -0.0021440 -0.0017725 0.0092255 -0.0098135 0.0109609
-0.2085670 -0.2383539 0.0019234 0.4670974 0.0659239 -0.2763767 -0.1871148 -0.3303968 -0.0218143 0.5399333 0.0570965 -0.3940993 -0.6585056 -0.7525513 0.0060727 0.8543527 0.1205793 -0.5055117 -0.4919819 -0.8687140 -0.0573564 0.8047936 0.0851048 -0.5874218 -0.0011374 0.0023695 0.0006647 0.0154269 -0.0047348 0.0056261 -0.0009213 0.0024050 0.0007223 0.0345428 -0.0181523 0.0096253 -0.0057307 0.0050736 0.0021250 0.0124547 -0.0106591 0.0191349 -0.0046052 0.0025163 0.0016543 0.0249448 -0.0288561 0.0321109
-0.2097044 -0.2359843 0.0025881 0.4825244 0.0611891 -0.2707506 -0.1880361 -0.3279918 -0.0210920 0.5744761 0.0389442 -0.3844740 -0.6642363 -0.7474777 0.0081977 0.8668075 0.1099202 -0.4863768 -0.4965870 -0.8661978 -0.0557021 0.8297385 0.0562486 -0.5553109 -0.0005690 0.0019737 0.0001762 0.0035607 -0.0014814 0.0084420 -0.0006132 0.0018594 0.0005753 -0.0130172 -0.0098148 0.0333205 -0.0041120 0.0036811 0.0005884 0.0081350 -0.0024476 0.0142270 -0.0033820 0.0018631 0.0013276 0.0172768 -0.0123041 0.0255618
-0.2102734 -0.2340107 0.0027643 0.4860851 0.0597077 -0.2623086 -0.1886493 -0.3261324 -0.0205167 0.5614589 0.0291294 -0.3511534 -0.6683483 -0.7437966 0.0087861 0.8749424 0.1074725 -0.4721497 -0.4999691 -0.8643346 -0.0543745 0.8470152 0.0439445 -0.5297491 -0.0002748 0.0008614 -0.0001341 0.0033635 -0.0010541 0.0066661 -0.0001743 0.0008455 0.0000157 -0.0041149 -0.0020221 0.0150729 -0.0018474 0.0016594 -0.0004141 0.0064773 -0.0018467 0.0117778 -0.0013176 0.0007667 -0.0000513 0.0085990 -0.0023304 0.0138105
-0.2105482 -0.2331493 0.0026302 0.4894486 0.0586536 -0.2556426 -0.1888236 -0.3252869 -0.0205010 0.5573440 0.0271073 -0.3360805 -0.6701958 -0.7421372 0.0083720 0.8814198 0.1056259 -0.4603720 -0.5012866 -0.8635679 -0.0544258 0.8556142 0.0416141 -0.5159386 -0.0001285 0.0001602 -0.0001179 0.0011779 -0.0008926 0.0114911 -0.0001012 0.0002921 -0.0006188 -0.0001451 -0.0036977 0.0155574 -0.0004809 0.0004304 -0.0003744 0.0089220 -0.0008068 0.0173093 -0.0004914 0.0003922 -0.0016676 0.0106279 -0.0052207 0.0176413
-0.2106767 -0.2329891 0.0025123 0.4906265 0.0577610 -0.2441515 -0.1889247 -0.3249948 -0.0211198 0.5571989 0.0234096 -0.3205231 -0.6706766 -0.7417068 0.0079977 0.8903418 0.1048191 -0.4430627 -0.5017780 -0.8631757 -0.0560934 0.8662421 0.0363934 -0.4982972 -0.0010813 0.0031693 0.0004772 0.0050500 -0.0036627 0.0067633 -0.0008886 0.0031422 0.0007545 0.0017193 -0.0058492 0.0112984 -0.0069100 0.0063260 0.0015682 0.0072239 -0.0068585 0.0132026 -0.0054599 0.0030897 0.0016714 0.0084376 -0.0089123 0.0143755
-0.2117581 -0.2298198 0.0029895 0.4956765 0.0540983 -0.2373883 -0.1898134 -0.3218526 -0.0203652 0.5589182 0.0175604 -0.3092248 -0.6775867 -0.7353807 0.0095658 0.8975656 0.0979606 -0.4298601 -0.5072379 -0.8600860 -0.0544220 0.8746797 0.0274812 -0.4839217 -0.0004181 -0.0004605 0.0000426 0.0016636 -0.0038347 0.0045785 -0.0006509 -0.0005639 0.0002259 0.0008419 -0.0030746 0.0056831 0.0000116 -0.0000092 0.0001170 0.0043457 -0.0068091 0.0076666 -0.0006494 0.0003381 0.0007190 0.0041623 -0.0047380 0.0073511
-0.2121761 -0.2302803 0.0030321 0.4973401 0.0502636 -0.2328097 -0.1904642 -0.3224165 -0.0201393 0.5597601 0.0144858 -0.3035417 -0.6775750 -0.7353899 0.0096829 0.9019114 0.0911515 -0.4221934 -0.5078873 -0.8597479 -0.0537030 0.8788420 0.0227432 -0.4765706 0.0005229 -0.0026998 0.0004927 0.0012945 -0.0025117 0.0014793 0.0003378 -0.0025135 -0.0004048 -0.0010179 0.0027425 0.0186570 0.0052000 -0.0047360 0.0015147 0.0018179 -0.0046056 0.0029283 0.0036097 -0.0020728 -0.0007868 0.0117052 0.0047160 0.0225091
-0.2116532 -0.2329801 0.0035248 0.4986347 0.0477519 -0.2313305 -0.1901264 -0.3249300 -0.0205441 0.5587421 0.0172283 -0.2848847 -0.6723751 -0.7401259 0.0111975 0.9037293 0.0865459 -0.4192651 -0.5042776 -0.8618207 -0.0544898 0.8905471 0.0274592 -0.4540614 -0.0004172 0.0031819 0.0013834 0.0017827 -0.0030441 0.0028755 -0.0008917 0.0031886 0.0009408 0.0572915 -0.0348898 -0.0523629 -0.0057333 0.0053316 0.0044969 0.0029668 -0.0055408 0.0053322 -0.0055308 0.0031251 0.0021704 -0.0136656 -0.0525991 -0.0259873
-0.2120704 -0.2297982 0.0049083 0.5004174 0.0447078 -0.2284549 -0.1910182 -0.3217414 -0.0196034 0.6160336 -0.0176615 -0.3372476 -0.6781084 -0.7347943 0.0156945 0.9066961 0.0810052 -0.4139329 -0.5098083 -0.8586956 -0.0523194 0.8768815 -0.0251399 -0.4800487 -0.0000408 -0.0010521 0.0004499 -0.0002031 -0.0022465 0.0023135 -0.0008239 -0.0015540 0.0017165 -0.0555528 0.0213408 0.1183441 0.0016192 -0.0014599 0.0013945 0.0017981 -0.0038865 0.0032126 0.0000716 -0.0003211 0.0047930 0.0545778 0.0312545 0.1162545
-0.2121111 -0.2308503 0.0053582 0.5002142 0.0424613 -0.2261414 -0.1918421 -0.3232954 -0.0178868 0.5604809 0.0036793 -0.2189035 -0.6764892 -0.7362542 0.0170890 0.9084941 0.0771186 -0.4107203 -0.5097367 -0.8590167 -0.0475264 0.9314593 0.0061146 -0.3637942 -0.0003593 0.0017311 0.0004904 0.0009508 -0.0012261 0.0008245 -0.0006749 0.0016229 0.0006547 -0.0379129 0.0240681 -0.0037820 -0.0033563 0.0031377 0.0016249 0.0010112 -0.0022857 0.0018193 -0.0032628 0.0018569 0.0016081 -0.0126009 0.0426751 -0.0277652
-0.2124705 -0.2291192 0.0058486 0.5011650 0.0412352 -0.2253169 -0.1925170 -0.3216725 -0.0172321 0.5225679 0.0277474 -0.2226854 -0.6798455 -0.7331166 0.0187139 0.9095054 0.0748329 -0.4089010 -0.5129995 -0.8571598 -0.0459183 0.9188584 0.0487897 -0.3915594 -0.0000542 -0.0000626 -0.0001292 -0.0006670 -0.0003072 0.0010630 -0.0001243 -0.0001193 0.0000435 -0.0002723 -0.0001334 0.0001762 0.0000013 -0.0000117 -0.0004180 0.0005465 -0.0004138 0.0011420 -0.0001069 0.0000567 0.0001360 0.0000474 -0.0002067 0.0000856
-0.2125247 -0.2291817 0.0057195 0.5004980 0.0409280 -0.2242538 -0.1926413 -0.3217918 -0.0171885 0.5222956 0.0276140 -0.2225092 -0.6798442 -0.7331283 0.0182960 0.9100518 0.0744191 -0.4077591 -0.5131064 -0.8571031 -0.0457823 0.9189059 0.0485830 -0.3914738 -0.0003579 0.0002242 0.0003547 0.0002955 -0.0010671 0.0005721 -0.0006006 0.0000881 0.0007048 0.0029433 -0.0012829 -0.0020263 -0.0009578 0.0009185 0.0011294 0.0006074 -0.0019347 0.0010088 -0.0013236 0.0006942 0.0019009 -0.0003773 -0.0025356 -0.0011900
-0.2128826 -0.2289575 0.0060742 0.5007935 0.0398609 -0.2236817 -0.1932418 -0.3217037 -0.0164837 0.5252389 0.0263311 -0.2245355 -0.6808020 -0.7322098 0.0194254 0.9106593 0.0724844 -0.4067502 -0.5144300 -0.8564089 -0.0438814 0.9185286 0.0460474 -0.3926638 -0.0003985 0.0005759 0.0002095 -0.0002185 -0.0007289 0.0008311 -0.0001646 0.0005688 0.0004511 -0.0003155 -0.0000970 -0.0008772 -0.0015919 0.0015017 0.0006792 0.0005787 -0.0012492 0.0010767 -0.0010169 0.0005534 0.0011528 -0.0006335 -0.0001737 -0.0014989
-0.2132811 -0.2283816 0.0062837 0.5005749 0.0391320 -0.2228507 -0.1934065 -0.3211349 -0.0160327 0.5249234 0.0262341 -0.2254127 -0.6823939 -0.7307081 0.0201046 0.9112379 0.0712352 -0.4056735 -0.5154469 -0.8558556 -0.0427286 0.9178951 0.0458736 -0.3941627 -0.0004388 -0.0008213 -0.0000321 -0.0006774 0.0002151 -0.0000697 -0.0015772 -0.0012177 0.0006366 0.0402674 -0.0237868 -0.0806057 0.0005573 -0.0005244 -0.0001600 -0.0002821 0.0004664 -0.0005510 -0.0016822 0.0009227 0.0018957 -0.0385270 -0.0420659 -0.0819647
-0.2137199 -0.2292029 0.0062516 0.4998975 0.0393471 -0.2229204 -0.1949836 -0.3223526 -0.0153961 0.5651908 0.0024473 -0.3060184 -0.6818366 -0.7312325 0.0199446 0.9109558 0.0717016 -0.4062246 -0.5171291 -0.8549329 -0.0408329 0.8793681 0.0038077 -0.4761274 0.0002096 -0.0022928 -0.0007485 0.0002168 0.0009032 0.0020557 -0.0000884 -0.0021045 -0.0003996 -0.0005444 -0.0000052 -0.0008159 0.0039653 -0.0037404 -0.0024730 0.0013401 0.0017220 0.0033287 0.0023088 -0.0013511 -0.0008540 -0.0007247 -0.0000076 -0.0013360
-0.2135104 -0.2314958 0.0055030 0.5001143 0.0402503 -0.2208647 -0.1950721 -0.3244571 -0.0157957 0.5646464 0.0024421 -0.3068344 -0.6778713 -0.7349730 0.0174715 0.9122959 0.0734236 -0.4028959 -0.5148203 -0.8562840 -0.0416869 0.8786434 0.0038001 -0.4774634 -0.0012685 0.0036926 0.0008618 -0.0063539 -0.0024155 -0.0118836 -0.0012766 0.0032506 0.0013388 -0.0034253 0.0014064 -0.0114311 -0.0079881 0.0075227 0.0028536 -0.0099180 -0.0042781 -0.0224662 -0.0063535 0.0036965 0.0033136 -0.0087964 0.0021647 -0.0158222
-0.2147789 -0.2278032 0.0063649 0.4937605 0.0378348 -0.2327484 -0.1963486 -0.3212065 -0.0144569 0.5612211 0.0038485 -0.3182655 -0.6858594 -0.7274502 0.0203251 0.9023780 0.0691455 -0.4253621 -0.5211737 -0.8525875 -0.0383733 0.8698470 0.0059649 -0.4932856 -0.0002021 0.0002942 0.0004723 -0.0046552 -0.0031425 -0.0093918 -0.0011225 -0.0000591 0.0012712 -0.0065749 0.0003649 -0.0220318 -0.0007884 0.0007880 0.0015129 -0.0079948 -0.0057067 -0.0174180 -0.0021600 0.0011765 0.0034290 -0.0175052 0.0005100 -0.0296596
-0.2149809 -0.2275090 0.0068372 0.4891053 0.0346923 -0.2421402 -0.1974712 -0.3212656 -0.0131857 0.5546462 0.0042134 -0.3402973 -0.6866477 -0.7266622 0.0218380 0.8943832 0.0634387 -0.4427802 -0.5233338 -0.8514110 -0.0349444 0.8523417 0.0064749 -0.5229452 -0.0002797 0.0010360 0.0008623 -0.0103863 -0.0019724 -0.0124625 -0.0005482 0.0009464 0.0010394 -0.0104602 0.0029814 -0.0090978 -0.0020800 0.0020608 0.0027968 -0.0130871 -0.0032031 -0.0259297 -0.0022226 0.0012632 0.0027075 -0.0109068 0.0046499 -0.0172988
-0.2152607 -0.2264730 0.0076995 0.4787190 0.0327199 -0.2546027 -0.1980194 -0.3203192 -0.0121462 0.5441860 0.0071948 -0.3493951 -0.6887277 -0.7246015 0.0246347 0.8812960 0.0602356 -0.4687099 -0.5255563 -0.8501478 -0.0322368 0.8414349 0.0111248 -0.5402440 0.0000749 0.0001279 0.0002141 -0.0473872 0.0044732 0.0248080 -0.0000186 -0.0000875 0.0011748 -0.0453562 0.0106385 -0.0317867 -0.0000665 0.0000872 0.0006961 -0.0012763 0.0156472 -0.0001260 0.0000178 -0.0001236 0.0031216 -0.0471851 0.0172699 -0.0666835
-0.2151858 -0.2263451 0.0079136 0.4313317 0.0371931 -0.2297946 -0.1980380 -0.3204067 -0.0109715 0.4988298 0.0178333 -0.3811818 -0.6887942 -0.7245143 0.0253309 0.8800197 0.0758828 -0.4688359 -0.5255386 -0.8502714 -0.0291152 0.7942498 0.0283946 -0.6069275 0.0001859 -0.0001651 0.0001987 -0.0170330 -0.0003201 -0.0529293 0.0000115 -0.0002455 0.0004307 -0.0355094 0.0063832 -0.0078176 0.0005879 -0.0005359 0.0006362 -0.0562452 -0.0025660 -0.0933208 0.0002959 -0.0002217 0.0011572 -0.0290033 0.0116027 -0.0355661
-0.2149999 -0.2265102 0.0081123 0.4142987 0.0368730 -0.2827239 -0.1980265 -0.3206522 -0.0105407 0.4633205 0.0242165 -0.3889994 -0.6882063 -0.7250502 0.0259670 0.8237746 0.0733168 -0.5621567 -0.5252426 -0.8504931 -0.0279580 0.7652465 0.0399973 -0.6424936 0.0003177 -0.0000867 0.0004038 -0.0280737 0.0119835 -0.0507137 0.0007684 -0.0000660 0.0007294 -0.0568409 0.0143811 -0.0087325 0.0006982 -0.0006142 0.0013051 -0.0702812 0.0219983 -0.0883530 0.0015290 -0.0010029 0.0019094 -0.0521311 0.0277171 -0.0552752
-0.2146822 -0.2265969 0.0085160 0.3862249 0.0488565 -0.3334377 -0.1972581 -0.3207182 -0.0098113 0.4064796 0.0385976 -0.3977319 -0.6875081 -0.7256644 0.0272722 0.7534933 0.0953150 -0.6505097 -0.5237136 -0.8514961 -0.0260486 0.7131154 0.0677145 -0.6977688 0.0001879 0.0001926 0.0008188 -0.0408659 -0.0101663 0.0711619 0.0005783 0.0001765 0.0012824 -0.0377540 0.0115785 0.0023681 0.0000612 0.0000463 0.0026457 0.0397370 -0.0064503 0.0481072 0.0008632 -0.0006268 0.0033755 -0.0339933 0.0247003 -0.0304158
-0.2144943 -0.2264043 0.0093349 0.3453590 0.0386902 -0.2622758 -0.1966798 -0.3205417 -0.0085289 0.3687256 0.0501761 -0.3953638 -0.6874470 -0.7256181 0.0299179 0.7932303 0.0888647 -0.6024024 -0.5228504 -0.8521228 -0.0226731 0.6791220 0.0924148 -0.7281846 0.0005876 -0.0024528 -0.0005128 -0.0292933 0.0349613 -0.0163366 0.0005304 -0.0024446 -0.0006267 -0.0457765 0.0106924 0.0454210 0.0048762 -0.0046590 -0.0017670 -0.0542807 0.0833296 -0.0489827 0.0039269 -0.0023546 -0.0015487 -0.0064006 0.0343778 -0.0007664
-0.2139067 -0.2288571 0.0088220 0.3160657 0.0736515 -0.2786124 -0.1961494 -0.3229863 -0.0091556 0.3229491 0.0608685 -0.3499428 -0.6825708 -0.7302771 0.0281509 0.7389496 0.1721944 -0.6513851 -0.5189236 -0.8544774 -0.0242217 0.6727214 0.1267926 -0.7289510 0.0017265 -0.0095530 -0.0015269 -0.0413545 0.0076633 -0.0531154 0.0010016 -0.0072092 -0.0024543 -0.0563640 0.0456607 -0.1485576 0.0179255 -0.0165324 -0.0052990 -0.1122084 0.0133216 -0.1054367 0.0103649 -0.0060182 -0.0060341 -0.2093011 0.0583933 -0.1376214
-0.2121802 -0.2384102 0.0072952 0.2747113 0.0813148 -0.3317278 -0.1951478 -0.3301955 -0.0116100 0.2665850 0.1065292 -0.4985005 -0.6646453 -0.7468095 0.0228519 0.6267412 0.1855160 -0.7568218 -0.5085587 -0.8604956 -0.0302558 0.4634203 0.1851859 -0.8665724 -0.0004481 0.0016460 -0.0002851 -0.0253283 0.0116165 0.0272059 -0.0002574 0.0002049 -0.0005595 -0.0352296 -0.0075511 0.1244943 -0.0033593 0.0029783 -0.0008286 -0.0101093 0.0442688 0.0038516 -0.0007080 0.0004714 -0.0014605 0.0498132 0.0343848 0.0368857
-0.2126283 -0.2367642 0.0070101 0.2493830 0.0929313 -0.3045219 -0.1954052 -0.3299906 -0.0121695 0.2313554 0.0989781 -0.3740062 -0.6680046 -0.7438312 0.0220233 0.6166319 0.2297848 -0.7529702 -0.5092667 -0.8600241 -0.0317163 0.5132335 0.2195707 -0.8296867 -0.0006126 0.0024287 -0.0000290 -0.0254018 0.0080473 0.0031844 0.0001035 0.0019141 -0.0005963 -0.0277477 0.0090809 0.0244784 -0.0048653 0.0043984 0.0000050 -0.0405545 0.0299312 -0.0220669 -0.0019665 0.0012320 -0.0017003 -0.0269382 0.0385167 -0.0051233
-0.2132409 -0.2343355 0.0069811 0.2239812 0.1009786 -0.3013375 -0.1953017 -0.3280765 -0.0127659 0.2036077 0.1080590 -0.3495278 -0.6728699 -0.7394328 0.0220283 0.5760773 0.2597160 -0.7750371 -0.5112332 -0.8587921 -0.0334167 0.4862954 0.2580874 -0.8348100 0.0003313 0.0016455 -0.0011579 -0.0319216 -0.0297349 0.0263975 0.0000259 0.0015746 -0.0011042 -0.0230324 0.0059386 0.0120911 -0.0020683 0.0017895 -0.0035684 -0.0159120 -0.0519249 -0.0268592 -0.0017128 0.0011448 -0.0030168 -0.0341024 0.0273830 -0.0101919
-0.2129096 -0.2326900 0.0058232 0.1920596 0.0712437 -0.2749400 -0.1952759 -0.3265019 -0.0138700 0.1805753 0.1139976 -0.3374367 -0.6749382 -0.7376433 0.0184599 0.5601653 0.2077910 -0.8018963 -0.5129460 -0.8576474 -0.0364335 0.4521929 0.2854704 -0.8450019 -0.0003007 0.0014839 -0.0006698 -0.0279581 0.0245350 -0.0001432 -0.0001777 0.0015488 -0.0008677 -0.0357468 0.0084281 0.0037110 -0.0028893 0.0026049 -0.0020764 -0.0693221 0.0786923 -0.0209039 -0.0020947 0.0013619 -0.0024019 -0.0748821 0.0334762 -0.0244287
-0.2132104 -0.2312061 0.0051534 0.1641014 0.0957787 -0.2750832 -0.1954536 -0.3249531 -0.0147377 0.1448285 0.1224257 -0.3337256 -0.6778274 -0.7350385 0.0163835 0.4908432 0.2864833 -0.8228003 -0.5150407 -0.8562855 -0.0388354 0.3773109 0.3189466 -0.8694306 -0.0002043 -0.0019868 -0.0011816 -0.0437444 0.0235155 -0.0392099 0.0001936 -0.0019261 -0.0011095 -0.0499774 0.0260650 -0.0412863 0.0027502 -0.0026016 -0.0038198 -0.1537723 0.0476111 -0.0574066 0.0026649 -0.0014684 -0.0027488 -0.1483917 0.0394297 -0.0356454
-0.2134147 -0.2331929 0.0039718 0.1203570 0.1192942 -0.3142931 -0.1952600 -0.3268792 -0.0158472 0.0948511 0.1484907 -0.3750119 -0.6750773 -0.7376400 0.0125637 0.3370709 0.3340944 -0.8802069 -0.5123758 -0.8577539 -0.0415842 0.2289191 0.3583762 -0.9050760 -0.0006369 0.0023983 -0.0004588 0.0242887 -0.0342732 0.0456514 -0.0001080 0.0025519 -0.0006945 0.0029006 -0.0343251 0.0432420 -0.0048918 0.0044842 -0.0014041 0.1196105 -0.0656626 0.0320403 -0.0031258 0.0019777 -0.0020632 0.0394629 -0.0449290 -0.0058148
-0.2140516 -0.2307946 0.0035130 0.1446457 0.0850210 -0.2686417 -0.1953680 -0.3243273 -0.0165418 0.0977517 0.1141656 -0.3317700 -0.6799691 -0.7331558 0.0111596 0.4566814 0.2684318 -0.8481665 -0.5155017 -0.8557762 -0.0436474 0.2683820 0.3134472 -0.9108907 0.0008210 0.0017344 0.0000352 0.0005086 -0.0445072 0.0089553 0.0008036 0.0019474 -0.0009499 -0.0022958 -0.0063911 -0.0017712 -0.0013504 0.0012574 0.0001778 0.0267685 -0.1334968 -0.0167431 -0.0006549 0.0005399 -0.0027559 -0.0056253 -0.0167817 -0.0072315
-0.2132306 -0.2290601 0.0035482 0.1451543 0.0405138 -0.2596864 -0.1945644 -0.3223799 -0.0174917 0.0954559 0.1077745 -0.3335412 -0.6813195 -0.7318984 0.0113374 0.4834499 0.1349350 -0.8649097 -0.5161566 -0.8552363 -0.0464033 0.2627567 0.2966655 -0.9181223 0.0002048 0.0017628 -0.0002849 -0.0408097 0.0207960 -0.0460205 0.0003685 0.0018336 -0.0004494 -0.0100190 -0.0228119 0.0019621 -0.0024723 0.0022963 -0.0008625 -0.1660914 0.0515356 -0.0648819 -0.0014068 0.0009285 -0.0014126 -0.0205837 -0.0558369 -0.0217468
-0.2130258 -0.2272973 0.0032633 0.1043445 0.0613098 -0.3057069 -0.1941959 -0.3205463 -0.0179411 0.0854369 0.0849626 -0.3315791 -0.6837917 -0.7296020 0.0104749 0.3173585 0.1864706 -0.9297915 -0.5175634 -0.8543078 -0.0478159 0.2421730 0.2408286 -0.9398691 0.0003021 0.0008076 -0.0010226 0.0086570 -0.0232758 0.0183106 0.0004433 0.0008413 -0.0010454 -0.0103875 -0.0288838 -0.0033160 -0.0007985 0.0007096 -0.0032638 0.0458186 -0.0642326 0.0061248 -0.0000555 0.0002013 -0.0029073 -0.0263605 -0.0795680 -0.0231574
-0.2127236 -0.2264897 0.0022407 0.1130015 0.0380340 -0.2873963 -0.1937526 -0.3197050 -0.0189865 0.0750494 0.0560788 -0.3348951 -0.6845903 -0.7288924 0.0072111 0.3631771 0.1222380 -0.9236668 -0.5176189 -0.8541065 -0.0507232 0.2158125 0.1612606 -0.9630265 0.0000373 0.0010181 -0.0010701 0.0283338 -0.0425008 0.0441588 0.0006852 0.0011027 -0.0008529 -0.0085034 -0.0271168 -0.0129709 -0.0015865 0.0014674 -0.0034344 0.1391627 -0.1381141 0.0591422 0.0000994 0.0000892 -0.0024565 -0.0285467 -0.0797592 -0.0158959
-0.2126863 -0.2254716 0.0011706 0.1413354 -0.0044668 -0.2432375 -0.1930674 -0.3186023 -0.0198394 0.0665460 0.0289620 -0.3478660 -0.6861768 -0.7274250 0.0037767 0.5023398 -0.0158761 -0.8645245 -0.5175195 -0.8540173 -0.0531797 0.1872658 0.0815014 -0.9789224 0.0017089 0.0003132 -0.0021108 0.0026873 -0.0080613 -0.0003958 0.0015599 0.0002314 -0.0018858 0.0158541 -0.0407735 0.0198525 0.0024260 -0.0022842 -0.0068237 0.0060423 -0.0283466 0.0045292 0.0029432 -0.0014379 -0.0051955 0.0562255 -0.1164042 0.0096475
-0.2109775 -0.2251584 -0.0009402 0.1440227 -0.0125281 -0.2436333 -0.1915075 -0.3183709 -0.0217252 0.0824002 -0.0118115 -0.3280134 -0.6837508 -0.7297093 -0.0030469 0.5083821 -0.0442226 -0.8599954 -0.5145763 -0.8554552 -0.0583752 0.2434912 -0.0349028 -0.9692749 0.0008111 -0.0001553 -0.0021758 0.0005600 -0.0241964 0.0112491 0.0007859 -0.0001883 -0.0020513 0.0041025 -0.0243293 0.0059139 0.0016866 -0.0015132 -0.0070653 0.0151958 -0.0887680 0.0184612 0.0019505 -0.0007753 -0.0055318 0.0143675 -0.0728305 0.0091174
-0.2101664 -0.2253137 -0.0031159 0.1445826 -0.0367245 -0.2323842 -0.1907216 -0.3185592 -0.0237765 0.0865027 -0.0361408 -0.3220996 -0.6820641 -0.7312224 -0.0101123 0.5235779 -0.1329906 -0.8415341 -0.5126258 -0.8562305 -0.0639070 0.2578588 -0.1077333 -0.9601575 0.0001330 0.0010780 -0.0005973 0.0033290 -0.0133636 0.0069557 0.0004770 0.0011833 -0.0007462 -0.0080090 -0.0308912 -0.0070116 -0.0015021 0.0014340 -0.0019727 0.0157836 -0.0496562 0.0195066 -0.0003851 0.0003993 -0.0022205 -0.0302871 -0.0866083 0.0059864
-0.2100334 -0.2242357 -0.0037132 0.1479116 -0.0500881 -0.2254284 -0.1902446 -0.3173759 -0.0245227 0.0784937 -0.0670320 -0.3291111 -0.6835662 -0.7297885 -0.0120850 0.5393615 -0.1826469 -0.8220276 -0.5130109 -0.8558312 -0.0661275 0.2275717 -0.1943416 -0.9541711 0.0010916 -0.0006339 -0.0020891 0.0022443 -0.0129200 0.0044762 0.0014764 -0.0006014 -0.0018650 -0.0309170 -0.0394102 -0.0407120 0.0030017 -0.0026559 -0.0068146 0.0077036 -0.0469115 0.0170289 0.0038284 -0.0018791 -0.0050504 -0.1048776 -0.0801594 0.0004440
-0.2089418 -0.2248696 -0.0058024 0.1501559 -0.0630081 -0.2209523 -0.1887683 -0.3179773 -0.0263876 0.0475766 -0.1064422 -0.3698231 -0.6805645 -0.7324444 -0.0188995 0.5470651 -0.2295583 -0.8049986 -0.5091825 -0.8577103 -0.0711778 0.1226941 -0.2745010 -0.9537271 0.0006181 -0.0001505 -0.0010107 -0.0031294 -0.0084908 0.0024546 0.0006380 -0.0001938 -0.0007949 -0.0009150 -0.0088812 0.0056810 0.0013736 -0.0011811 -0.0033130 -0.0082935 -0.0324460 0.0043245 0.0015831 -0.0007557 -0.0021640 -0.0014342 -0.0251907 0.0074285
-0.2083238 -0.2250201 -0.0068131 0.1470265 -0.0714989 -0.2184976 -0.1881303 -0.3181711 -0.0271825 0.0466616 -0.1153234 -0.3641421 -0.6791909 -0.7336255 -0.0222125 0.5387715 -0.2620043 -0.8006741 -0.5075993 -0.8584660 -0.0733419 0.1212599 -0.2996917 -0.9462985 0.0006986 0.0015950 -0.0013147 0.0011991 -0.0042348 0.0020912 0.0009980 0.0017080 -0.0015321 0.0008216 -0.0081534 0.0011199 -0.0012985 0.0013519 -0.0044262 0.0041460 -0.0153915 0.0080253 0.0001507 0.0003094 -0.0045238 0.0016340 -0.0198852 0.0067414
-0.2076252 -0.2234251 -0.0081278 0.1482256 -0.0757337 -0.2164064 -0.1871323 -0.3164631 -0.0287146 0.0474833 -0.1234768 -0.3630222 -0.6804894 -0.7322736 -0.0266387 0.5429175 -0.2773958 -0.7926488 -0.5074487 -0.8581566 -0.0778656 0.1228939 -0.3195769 -0.9395572 0.0006042 0.0001660 -0.0010231 0.0012406 -0.0011056 0.0009574 0.0011224 0.0001642 -0.0004855 0.0043956 -0.0034047 0.0039760 0.0008587 -0.0006655 -0.0034026 0.0040874 -0.0038147 0.0041653 0.0021238 -0.0011187 -0.0014609 0.0120935 -0.0105655 0.0053279
-0.2070210 -0.2232592 -0.0091508 0.1494662 -0.0768393 -0.2154489 -0.1860099 -0.3162989 -0.0292001 0.0518788 -0.1268815 -0.3590462 -0.6796307 -0.7329390 -0.0300413 0.5470050 -0.2812106 -0.7884835 -0.5053249 -0.8592753 -0.0793265 0.1349874 -0.3301424 -0.9342293 0.0005253 0.0004831 -0.0015452 0.0026179 0.0010321 0.0000789 0.0006111 0.0005184 -0.0016207 0.0035524 0.0006156 0.0003219 0.0002512 -0.0000037 -0.0051491 0.0073657 0.0048814 0.0034259 0.0008079 -0.0000431 -0.0045446 0.0092460 0.0015954 0.0008197
-0.2064957 -0.2227761 -0.0106960 0.1520841 -0.0758072 -0.2153700 -0.1853988 -0.3157805 -0.0308208 0.0554312 -0.1262659 -0.3587243 -0.6793796 -0.7329427 -0.0351903 0.5543706 -0.2763292 -0.7850576 -0.5045170 -0.8593185 -0.0838711 0.1442335 -0.3285470 -0.9334096 0.0014974 -0.0058713 -0.0008533 0.0033030 0.0010964 -0.0003175 0.0014583 -0.0057866 -0.0012808 0.0096051 0.0054488 -0.0012652 0.0122989 -0.0110942 -0.0023921 0.0083604 0.0057657 0.0039499 0.0098494 -0.0054654 -0.0024590 0.0245816 0.0149416 -0.0010170
-0.2049983 -0.2286474 -0.0115493 0.1553871 -0.0747108 -0.2156875 -0.1839406 -0.3215671 -0.0321016 0.0650363 -0.1208170 -0.3599895 -0.6670807 -0.7440369 -0.0375824 0.5627311 -0.2705635 -0.7811076 -0.4946676 -0.8647838 -0.0863302 0.1688151 -0.3136054 -0.9344266 -0.0016411 0.0036659 0.0027531 0.0068928 0.0083824 -0.0027420 -0.0010804 0.0040872 0.0014740 0.0335990 0.0292566 0.0088081 -0.0090862 0.0078509 0.0087992 0.0166713 0.0337454 0.0012294 -0.0071067 0.0037825 0.0032684 0.0934529 0.0701492 0.0006469
-0.2066394 -0.2249815 -0.0087963 0.1622800 -0.0663284 -0.2184296 -0.1850209 -0.3174799 -0.0306276 0.0986353 -0.0915605 -0.3511814 -0.6761669 -0.7361861 -0.0287832 0.5794024 -0.2368181 -0.7798782 -0.5017743 -0.8610013 -0.0830617 0.2622679 -0.2434562 -0.9337797 -0.0003855 0.0011895 0.0004265 0.0369094 0.0102466 -0.0107003 -0.0002850 0.0012073 0.0004500 0.0054625 0.0108452 -0.0041160 -0.0026500 0.0023914 0.0013395 0.0657606 0.0551723 0.0377397 -0.0020472 0.0010991 0.0010128 0.0124474 0.0304475 -0.0038549
-0.2070249 -0.2237920 -0.0083697 0.1991893 -0.0560818 -0.2291298 -0.1853059 -0.3162726 -0.0301777 0.1040978 -0.0807153 -0.3552974 -0.6788168 -0.7337946 -0.0274437 0.6451630 -0.1816458 -0.7421385 -0.5038215 -0.8599022 -0.0820490 0.2747154 -0.2130087 -0.9376347 -0.0001227 0.0000427 -0.0000058 -0.0148656 0.0297400 -0.0237119 -0.0003343 0.0000194 -0.0001164 0.0087317 0.0255502 -0.0266752 -0.0002862 0.0002654 -0.0000143 -0.0581507 0.0977556 -0.0630814 -0.0006875 0.0004300 -0.0002802 0.0058919 0.0758130 -0.0123321
-0.2071476 -0.2237493 -0.0083755 0.1843238 -0.0263418 -0.2528417 -0.1856402 -0.3162532 -0.0302940 0.1128295 -0.0551651 -0.3819726 -0.6791030 -0.7335292 -0.0274580 0.5870122 -0.0838902 -0.8052199 -0.5045091 -0.8594722 -0.0823292 0.2806072 -0.1371957 -0.9499668 -0.0000482 0.0000965 -0.0001276 0.0362523 0.0004612 0.0060297 0.0000839 0.0000858 0.0000469 0.0133477 0.0219315 -0.0119235 -0.0002350 0.0002335 -0.0004213 0.0773261 0.0059422 0.0618636 0.0000635 -0.0000469 0.0001007 0.0234746 0.0571041 0.0006936
-0.2071958 -0.2236527 -0.0085031 0.2205761 -0.0258806 -0.2468120 -0.1855563 -0.3161674 -0.0302471 0.1261772 -0.0332336 -0.3938962 -0.6793380 -0.7332957 -0.0278793 0.6643384 -0.0779480 -0.7433563 -0.5044455 -0.8595192 -0.0822285 0.3040818 -0.0800916 -0.9492732 0.0011210 -0.0063613 -0.0002525 -0.0192969 0.0272614 -0.0507154 0.0012756 -0.0061891 -0.0008219 0.0124495 0.0249965 -0.0165714 0.0123207 -0.0112073 -0.0004607 -0.1040127 0.0817919 -0.0849072 0.0098785 -0.0056114 -0.0011535 0.0158336 0.0610824 0.0020178
-0.2060749 -0.2300140 -0.0087556 0.2012792 0.0013808 -0.2975274 -0.1842807 -0.3223565 -0.0310690 0.1386267 -0.0082371 -0.4104676 -0.6670174 -0.7445030 -0.0283400 0.5603256 0.0038439 -0.8282635 -0.4945670 -0.8651306 -0.0833820 0.3199155 -0.0190091 -0.9472554 0.0002802 -0.0014736 0.0001759 0.0446075 -0.0011463 0.0334758 -0.0002962 -0.0017084 0.0005950 0.0450334 0.0243914 0.0674015 0.0028581 -0.0025752 0.0006507 0.1211604 -0.0031940 0.0964327 0.0012914 -0.0009217 0.0019412 0.1516497 0.0604869 0.0664002
-0.2057946 -0.2314876 -0.0085797 0.2458867 0.0002345 -0.2640516 -0.1845770 -0.3240649 -0.0304740 0.1836602 0.0161543 -0.3430661 -0.6641593 -0.7470782 -0.0276893 0.6814861 0.0006499 -0.7318308 -0.4932756 -0.8660523 -0.0814407 0.4715652 0.0414777 -0.8808552 -0.0002123 0.0006050 0.0001399 -0.0412980 0.0323490 -0.0427272 -0.0000808 0.0005991 0.0002917 0.0049257 0.0072842 -0.0019332 -0.0013603 0.0011959 0.0004238 -0.1288089 0.0873713 -0.0969033 -0.0008796 0.0004387 0.0006712 0.0072295 0.0180296 0.0049474
-0.2060069 -0.2308826 -0.0084398 0.2045887 0.0325835 -0.3067788 -0.1846578 -0.3234658 -0.0301823 0.1885859 0.0234385 -0.3449993 -0.6655195 -0.7458823 -0.0272655 0.5526771 0.0880213 -0.8287341 -0.4941552 -0.8656136 -0.0807695 0.4787947 0.0595073 -0.8759078 -0.0001802 0.0002563 -0.0000021 0.0066578 0.0118824 -0.0058181 -0.0002088 0.0002282 0.0000876 0.0081714 0.0150143 -0.0050377 -0.0007349 0.0006569 -0.0000132 0.0033905 0.0290270 0.0058803 -0.0006929 0.0003761 0.0002125 0.0089731 0.0358185 0.0081546
-0.2061871 -0.2306264 -0.0084420 0.2112465 0.0444659 -0.3125969 -0.1848666 -0.3232376 -0.0300947 0.1967573 0.0384528 -0.3500369 -0.6662545 -0.7452254 -0.0272786 0.5560676 0.1170483 -0.8228539 -0.4948481 -0.8652375 -0.0805570 0.4877678 0.0953258 -0.8677532 0.0001995 0.0000405 0.0005016 0.0136637 0.0167245 -0.0037114 -0.0000139 -0.0000085 0.0004991 0.0133079 0.0180990 -0.0083196 0.0002651 -0.0002940 0.0016061 0.0163512 0.0386873 0.0178178 -0.0000712 -0.0000821 0.0013306 0.0133187 0.0395721 0.0129345
-0.2059876 -0.2305859 -0.0079404 0.2249102 0.0611904 -0.3163083 -0.1848805 -0.3232461 -0.0295956 0.2100652 0.0565518 -0.3583566 -0.6659894 -0.7455193 -0.0256726 0.5724189 0.1557357 -0.8050360 -0.4949193 -0.8653196 -0.0792264 0.5010865 0.1348978 -0.8548186 0.0002203 -0.0007930 0.0002734 0.0107629 0.0020909 -0.0082545 0.0000444 -0.0008662 0.0004203 0.0115034 0.0064338 -0.0015683 0.0016538 -0.0015051 0.0009192 0.0079663 0.0001054 0.0057448 0.0010376 -0.0007079 0.0012702 0.0174161 0.0124976 0.0125422
-0.2057673 -0.2313788 -0.0076670 0.2356731 0.0632813 -0.3245628 -0.1848361 -0.3241123 -0.0291752 0.2215686 0.0629856 -0.3599249 -0.6643356 -0.7470244 -0.0247534 0.5803852 0.1558410 -0.7992913 -0.4938817 -0.8660275 -0.0779562 0.5185026 0.1473954 -0.8422765 -0.0000871 0.0001210 0.0008247 0.0197083 -0.0089717 -0.0118202 -0.0000346 0.0001231 0.0008710 0.0305800 0.0032618 -0.0082284 -0.0003924 0.0002657 0.0026588 0.0193550 -0.0282998 0.0093261 -0.0002990 -0.0000330 0.0022957 0.0404429 -0.0005428 0.0261795
-0.2058544 -0.2312578 -0.0068423 0.2553813 0.0543096 -0.3363829 -0.1848707 -0.3239892 -0.0283042 0.2521486 0.0662474 -0.3681534 -0.6647280 -0.7467587 -0.0220946 0.5997402 0.1275412 -0.7899652 -0.4941808 -0.8660605 -0.0756605 0.5589455 0.1468527 -0.8160969 -0.0004059 0.0006420 0.0007346 0.0134279 -0.0045255 0.0020903 -0.0004598 0.0006358 0.0007117 0.0119466 -0.0029311 -0.0065550 -0.0017931 0.0015339 0.0023580 0.0227296 -0.0122584 0.0158584 -0.0017274 0.0008300 0.0018281 0.0117306 -0.0100342 0.0063998
-0.2062603 -0.2306158 -0.0061077 0.2688093 0.0497841 -0.3342926 -0.1853305 -0.3233534 -0.0275926 0.2640951 0.0633163 -0.3747083 -0.6665211 -0.7452248 -0.0197367 0.6224698 0.1152828 -0.7741067 -0.4959082 -0.8652305 -0.0738323 0.5706761 0.1368185 -0.8096972 0.0013465 -0.0045593 -0.0015821 0.0220475 0.0086973 0.0125338 0.0011439 -0.0047837 -0.0007881 0.0251585 -0.0184163 -0.0101459 0.0097870 -0.0084946 -0.0049084 0.0421023 0.0183400 0.0389272 0.0078218 -0.0043185 -0.0013753 0.0275424 -0.0439588 0.0137627
-0.2049138 -0.2351751 -0.0076897 0.2908568 0.0584814 -0.3217588 -0.1841866 -0.3281371 -0.0283807 0.2892536 0.0449000 -0.3848543 -0.6567341 -0.7537194 -0.0246450 0.6645721 0.1336228 -0.7351795 -0.4880864 -0.8695490 -0.0752076 0.5982185 0.0928597 -0.7959345 0.0002690 -0.0009533 -0.0008290 0.0063150 -0.0307095 -0.0054964 0.0004452 -0.0009878 -0.0004862 0.0215679 -0.0230316 -0.0081861 0.0020465 -0.0016887 -0.0026077 0.0063654 -0.0709210 -0.0036787 0.0020549 -0.0010501 -0.0011508 0.0214830 -0.0492595 0.0123089
-0.2046448 -0.2361284 -0.0085188 0.2971718 0.0277719 -0.3272552 -0.1837414 -0.3291249 -0.0288668 0.3108215 0.0218684 -0.3930404 -0.6546876 -0.7554081 -0.0272527 0.6709375 0.0627018 -0.7388582 -0.4860315 -0.8705991 -0.0763584 0.6197015 0.0436002 -0.7836256 -0.0000118 0.0004498 0.0001638 0.0198265 -0.0372728 -0.0148570 -0.0000222 0.0003796 0.0004807 0.0183536 -0.0266548 -0.0127096 -0.0007430 0.0006268 0.0004953 0.0085924 -0.0830683 0.0054931 -0.0005170 0.0001843 0.0012007 0.0102918 -0.0527607 0.0070791
-0.2046566 -0.2356786 -0.0083549 0.3169983 -0.0095009 -0.3421122 -0.1837636 -0.3287453 -0.0283861 0.3291751 -0.0047864 -0.4057500 -0.6554306 -0.7547813 -0.0267574 0.6795299 -0.0203665 -0.7333650 -0.4865485 -0.8704148 -0.0751576 0.6299933 -0.0091605 -0.7765465 -0.0001535 0.0009211 -0.0004927 0.0135473 -0.0088995 -0.0130204 -0.0002224 0.0008139 -0.0000527 0.0144012 -0.0251461 -0.0158660 -0.0017126 0.0015503 -0.0016307 0.0012941 -0.0175328 0.0018992 -0.0013585 0.0007831 -0.0002586 0.0007664 -0.0457916 0.0025165
-0.2048101 -0.2347575 -0.0088477 0.3305456 -0.0184004 -0.3551326 -0.1839860 -0.3279314 -0.0284389 0.3435763 -0.0299325 -0.4216160 -0.6571432 -0.7532310 -0.0283882 0.6808240 -0.0378993 -0.7314658 -0.4879070 -0.8696316 -0.0754162 0.6307597 -0.0549520 -0.7740300 -0.0003977 0.0024729 0.0004975 -0.0014702 0.0402856 0.0603677 0.0003922 0.0028449 -0.0004050 0.0087508 -0.0126006 0.0342916 -0.0046929 0.0040664 0.0014572 0.0631348 0.0873763 0.0650746 -0.0023832 0.0014829 -0.0016119 0.0399277 -0.0260137 0.0367221
-0.2052077 -0.2322846 -0.0083502 0.3290754 0.0218852 -0.2947649 -0.1835938 -0.3250865 -0.0288439 0.3523270 -0.0425331 -0.3873243 -0.6618362 -0.7491646 -0.0269310 0.7439589 0.0494771 -0.6663912 -0.4902902 -0.8681487 -0.0770281 0.6706874 -0.0809657 -0.7373080 0.0019737 -0.0025440 -0.0019624 0.0263558 -0.0515913 0.0800083 0.0011929 -0.0029381 -0.0009583 0.0043097 -0.0072299 0.0008956 0.0077887 -0.0065605 -0.0062570 0.1097572 -0.1208286 0.1505638 0.0058362 -0.0030797 -0.0021261 0.0045076 -0.0132470 0.0057099
-0.2032340 -0.2348286 -0.0103126 0.3554312 -0.0297061 -0.2147566 -0.1824009 -0.3280246 -0.0298022 0.3566368 -0.0497630 -0.3864288 -0.6540474 -0.7557252 -0.0331880 0.8537160 -0.0713516 -0.5158274 -0.4844540 -0.8712284 -0.0791542 0.6751950 -0.0942127 -0.7315981 0.0007406 -0.0015702 -0.0006402 0.0135126 -0.0203036 -0.0276136 0.0007865 -0.0015528 -0.0006758 0.0003396 -0.0074378 0.0046184 0.0039069 -0.0032746 -0.0019778 -0.0232413 -0.0412179 -0.0297364 0.0034030 -0.0017394 -0.0015744 0.0037039 -0.0145719 0.0054698
-0.2024934 -0.2363988 -0.0109528 0.3689438 -0.0500097 -0.2423702 -0.1816144 -0.3295774 -0.0304780 0.3569764 -0.0572008 -0.3818104 -0.6501405 -0.7589998 -0.0351658 0.8304748 -0.1125694 -0.5455637 -0.4810510 -0.8729678 -0.0807286 0.6788989 -0.1087847 -0.7261282 -0.0006250 0.0036348 -0.0000793 -0.0017758 -0.0017258 0.0107922 -0.0000669 0.0037410 0.0000181 -0.0132575 0.0006236 0.0527845 -0.0069362 0.0060213 -0.0005224 0.0094006 -0.0057725 0.0158425 -0.0043303 0.0024606 -0.0006482 0.0384260 -0.0092892 0.0394670
-0.2031184 -0.2327640 -0.0110321 0.3671679 -0.0517355 -0.2315780 -0.1816813 -0.3258364 -0.0304599 0.3437189 -0.0565772 -0.3290259 -0.6570767 -0.7529785 -0.0356882 0.8398754 -0.1183420 -0.5297212 -0.4853812 -0.8705072 -0.0813769 0.7173248 -0.1180739 -0.6866612 0.0004063 -0.0010165 -0.0003204 0.0039155 -0.0053683 -0.0097216 0.0008648 -0.0007321 -0.0011517 0.0171367 -0.0137179 -0.0554422 0.0023977 -0.0020389 -0.0009758 -0.0084206 -0.0096056 -0.0109381 0.0027162 -0.0012232 -0.0030060 -0.0389648 -0.0140715 -0.0360872
-0.2027121 -0.2337805 -0.0113525 0.3710834 -0.0571038 -0.2412996 -0.1808165 -0.3265685 -0.0316116 0.3608556 -0.0702951 -0.3844681 -0.6546790 -0.7550174 -0.0366640 0.8314547 -0.1279476 -0.5406593 -0.4826651 -0.8717304 -0.0843828 0.6783601 -0.1321454 -0.7227484 -0.0002743 -0.0000970 -0.0000562 -0.0008579 0.0004858 -0.0017218 -0.0004353 -0.0000857 -0.0002810 -0.0025039 0.0022371 0.0008578 -0.0003467 0.0003081 -0.0001513 -0.0022192 0.0011339 -0.0036629 -0.0007636 0.0004893 -0.0006801 -0.0013863 0.0035748 -0.0019420
-0.2029865 -0.2338775 -0.0114087 0.3702256 -0.0566180 -0.2430214 -0.1812518 -0.3266542 -0.0318926 0.3583517 -0.0680580 -0.3836103 -0.6550257 -0.7547092 -0.0368153 0.8292356 -0.1268137 -0.5443222 -0.4834286 -0.8712411 -0.0850629 0.6769737 -0.1285705 -0.7246904 0.0004464 -0.0007020 -0.0005140 -0.0351370 0.0419282 -0.0563980 0.0002503 -0.0004293 -0.0019130 -0.0022534 0.0060148 -0.0055484 0.0019838 -0.0016363 -0.0016266 -0.0839539 0.0941416 -0.1216266 0.0012086 -0.0001671 -0.0050013 -0.0065204 0.0117571 -0.0080080
-0.2025400 -0.2345795 -0.0119227 0.3350885 -0.0146898 -0.2994194 -0.1810015 -0.3270835 -0.0338056 0.3560984 -0.0620432 -0.3891587 -0.6530418 -0.7563456 -0.0384418 0.7452816 -0.0326721 -0.6659488 -0.4822200 -0.8714082 -0.0900642 0.6704533 -0.1168134 -0.7326984 0.0000486 -0.0006420 -0.0000183 -0.0002305 0.0002720 0.0008066 0.0000355 -0.0006209 -0.0001310 -0.0018315 0.0146330 -0.0243086 0.0011127 -0.0009592 -0.0000025 0.0006778 0.0005537 0.0007324 0.0007819 -0.0004095 -0.0002201 -0.0222560 0.0300676 -0.0238169
-0.2024915 -0.2352215 -0.0119409 0.3348580 -0.0144178 -0.2986128 -0.1809660 -0.3277044 -0.0339366 0.3542669 -0.0474102 -0.4134672 -0.6519291 -0.7573048 -0.0384443 0.7459595 -0.0321184 -0.6652164 -0.4814381 -0.8718177 -0.0902843 0.6481973 -0.0867458 -0.7565153 -0.0003180 -0.0000194 0.0004371 -0.0042803 0.0122582 0.0123160 -0.0004694 -0.0000601 0.0004513 -0.0054984 0.0139877 0.0073197 -0.0005918 0.0004385 0.0014319 0.0099510 0.0271802 0.0105601 -0.0009432 0.0003922 0.0012571 0.0020192 0.0244355 -0.0006742
-0.2028095 -0.2352410 -0.0115038 0.3305777 -0.0021596 -0.2862968 -0.1814355 -0.3277645 -0.0334853 0.3487685 -0.0334225 -0.4061475 -0.6525209 -0.7568663 -0.0370124 0.7559105 -0.0049382 -0.6546564 -0.4823814 -0.8714255 -0.0890271 0.6502165 -0.0623103 -0.7571895 -0.0003244 -0.0002469 0.0005655 -0.0041328 0.0043546 -0.0513021 -0.0002927 -0.0001808 0.0003261 -0.0030619 0.0192176 0.0017367 -0.0002494 0.0001263 0.0018623 -0.0607867 0.0096122 -0.0642185 -0.0004317 0.0001445 0.0009302 -0.0006663 0.0356206 -0.0026606
-0.2031339 -0.2354879 -0.0109383 0.3264449 0.0021950 -0.3375989 -0.1817281 -0.3279453 -0.0331592 0.3457065 -0.0142049 -0.4044109 -0.6527703 -0.7567400 -0.0351501 0.6951238 0.0046740 -0.7188748 -0.4828130 -0.8712810 -0.0880969 0.6495502 -0.0266897 -0.7598501 -0.0004253 -0.0007047 0.0006082 -0.0006268 0.0114189 0.0108227 -0.0007934 -0.0008275 0.0007764 0.0027179 0.0206912 0.0069912 0.0002901 -0.0003421 0.0020385 0.0106370 0.0248153 0.0110387 -0.0007759 0.0002009 0.0022990 0.0096355 0.0389611 0.0079701
-0.2035592 -0.2361927 -0.0103301 0.3258181 0.0136139 -0.3267762 -0.1825216 -0.3287728 -0.0323828 0.3484244 0.0064863 -0.3974196 -0.6524802 -0.7570820 -0.0331116 0.7057609 0.0294893 -0.7078361 -0.4835889 -0.8710801 -0.0857979 0.6591858 0.0122715 -0.7518800 -0.0003470 -0.0003074 0.0003913 0.0074007 0.0116749 0.0003435 -0.0003157 -0.0003095 0.0004309 0.0036595 0.0197990 0.0036043 -0.0001783 0.0000980 0.0012997 0.0075349 0.0246445 0.0090667 -0.0003421 0.0000699 0.0012281 0.0064940 0.0374258 0.0072992
-0.2039062 -0.2365000 -0.0099388 0.3332188 0.0252888 -0.3264327 -0.1828373 -0.3290823 -0.0319519 0.3520839 0.0262853 -0.3938154 -0.6526585 -0.7569840 -0.0318118 0.7132958 0.0541338 -0.6987694 -0.4839310 -0.8710102 -0.0845698 0.6656798 0.0496972 -0.7445808 -0.0002177 -0.0001918 0.0000289 0.0024590 0.0045421 0.0545382 -0.0005525 -0.0003349 0.0003085 0.0042255 0.0172502 0.0208106 -0.0000987 0.0000800 0.0001215 0.0619269 0.0147584 0.0708493 -0.0007781 0.0003425 0.0009347 0.0226120 0.0344014 0.0240381
-0.2041240 -0.2366918 -0.0099099 0.3356778 0.0298309 -0.2718946 -0.1833897 -0.3294172 -0.0316434 0.3563094 0.0435355 -0.3730048 -0.6527572 -0.7569041 -0.0316903 0.7752227 0.0688922 -0.6279201 -0.4847091 -0.8706677 -0.0836351 0.6882918 0.0840986 -0.7205427 -0.0002143 0.0000975 0.0009210 0.0197607 -0.0010851 0.0096116 -0.0004195 0.0000537 0.0009133 0.0044732 0.0100279 0.0004740 -0.0006051 0.0004045 0.0029486 0.0277228 -0.0039547 0.0354155 -0.0010042 0.0003295 0.0024314 0.0037160 0.0186400 0.0060010
-0.2043383 -0.2365943 -0.0089889 0.3554385 0.0287458 -0.2622830 -0.1838093 -0.3293635 -0.0307301 0.3607826 0.0535634 -0.3725308 -0.6533623 -0.7564996 -0.0287417 0.8029455 0.0649376 -0.5925046 -0.4857133 -0.8703382 -0.0812038 0.6920078 0.1027386 -0.7145418 0.0003794 -0.0008948 -0.0001364 0.0063624 -0.0019262 -0.0061495 -0.0004164 -0.0002272 0.0001701 0.0091974 0.0174237 -0.0152475 0.0021173 -0.0018083 -0.0003956 -0.0012664 -0.0055106 -0.0022887 -0.0006039 0.0002878 0.0005319 -0.0076763 0.0285623 -0.0027103
-0.2039588 -0.2374891 -0.0091253 0.3618009 0.0268196 -0.2684325 -0.1842257 -0.3295907 -0.0305600 0.3699800 0.0709871 -0.3877783 -0.6512450 -0.7583079 -0.0291373 0.8016791 0.0594269 -0.5947933 -0.4863172 -0.8700504 -0.0806719 0.6843315 0.1313009 -0.7172520 -0.0000930 -0.0009939 -0.0004494 0.0021175 0.0047132 0.0040518 -0.0002034 -0.0006654 -0.0000471 0.0079562 0.0038557 -0.0013711 0.0014214 -0.0011652 -0.0013544 0.0053800 0.0105031 0.0084781 0.0003375 -0.0001905 0.0000207 0.0058269 0.0053713 0.0066170
-0.2040518 -0.2384830 -0.0095747 0.3639184 0.0315328 -0.2643808 -0.1844291 -0.3302561 -0.0306071 0.3779362 0.0748428 -0.3891493 -0.6498237 -0.7594731 -0.0304917 0.8070590 0.0699300 -0.5863152 -0.4859796 -0.8702409 -0.0806512 0.6901584 0.1366722 -0.7106350 -0.0017310 0.0057552 0.0011512 0.0138160 0.0239305 -0.0206271 -0.0012790 0.0044738 0.0012412 0.0190489 0.0005347 -0.0045104 -0.0123412 0.0106053 0.0033865 -0.0142215 0.0464835 -0.0118959 -0.0077365 0.0041293 0.0025802 0.0135489 -0.0030559 0.0128222
-0.2057828 -0.2327277 -0.0084236 0.3777344 0.0554633 -0.2850078 -0.1857081 -0.3257823 -0.0293659 0.3969850 0.0753775 -0.3936598 -0.6621649 -0.7488678 -0.0271052 0.7928375 0.1164135 -0.5982111 -0.4937161 -0.8661116 -0.0780710 0.7037073 0.1336164 -0.6978128 0.0000153 -0.0003763 0.0002560 0.0338616 -0.0225475 0.0271295 0.0000317 -0.0003856 0.0003120 0.0248006 -0.0069888 -0.0027761 0.0006132 -0.0005719 0.0008461 0.0526373 -0.0487999 0.0684936 0.0004700 -0.0003475 0.0008898 0.0199242 -0.0162861 0.0176723
-0.2057676 -0.2331041 -0.0081676 0.4115960 0.0329158 -0.2578783 -0.1856764 -0.3261679 -0.0290539 0.4217857 0.0683887 -0.3964359 -0.6615516 -0.7494397 -0.0262591 0.8454749 0.0676136 -0.5297175 -0.4932461 -0.8664591 -0.0771812 0.7236315 0.1173302 -0.6801405 -0.0008023 0.0017590 0.0003753 -0.0131650 0.0146218 -0.0327025 -0.0005444 0.0017820 0.0005112 0.0159071 -0.0082075 -0.0081685 -0.0042751 0.0037562 0.0011425 -0.0412515 0.0283399 -0.0568127 -0.0031767 0.0017193 0.0010928 0.0069721 -0.0168749 0.0047686
-0.2065699 -0.2313451 -0.0077923 0.3984311 0.0475376 -0.2905808 -0.1862208 -0.3243859 -0.0285427 0.4376928 0.0601812 -0.4046044 -0.6658267 -0.7456835 -0.0251166 0.8042234 0.0959535 -0.5865302 -0.4964228 -0.8647398 -0.0760884 0.7306035 0.1004554 -0.6753719 -0.0002191 0.0008545 0.0001054 0.0304614 -0.0164906 -0.0774555 -0.0005462 0.0009235 -0.0005094 0.0156764 -0.0163315 -0.0051173 -0.0017672 0.0015717 0.0003002 -0.0464716 -0.0411008 -0.0637031 -0.0021034 0.0013407 -0.0014588 0.0094115 -0.0288814 0.0066007
-0.2067890 -0.2304906 -0.0076869 0.4288925 0.0310470 -0.3680363 -0.1867670 -0.3234624 -0.0290521 0.4533692 0.0438497 -0.4097217 -0.6675940 -0.7441119 -0.0248164 0.7577518 0.0548527 -0.6502333 -0.4985262 -0.8633992 -0.0775472 0.7400150 0.0715740 -0.6687712 -0.0001654 0.0006412 0.0001647 -0.0112596 -0.0028393 0.1080995 -0.0001348 0.0008184 -0.0005655 0.0152816 -0.0197799 0.0019447 -0.0013335 0.0011819 0.0005028 0.0898427 0.0023954 0.1226861 -0.0011530 0.0008153 -0.0016352 0.0138218 -0.0328571 0.0128513
-0.2069544 -0.2298494 -0.0075222 0.4176328 0.0282077 -0.2599368 -0.1869018 -0.3226440 -0.0296177 0.4686508 0.0240698 -0.4077770 -0.6689274 -0.7429300 -0.0243136 0.8475946 0.0572481 -0.5275472 -0.4996792 -0.8625838 -0.0791824 0.7538369 0.0387169 -0.6559199 -0.0002654 0.0005572 -0.0000294 0.0346234 -0.0311449 -0.0659282 -0.0004203 0.0004535 0.0002734 0.0043055 -0.0146075 0.0147351 -0.0013673 0.0012371 -0.0001137 -0.0362762 -0.0625173 -0.0570336 -0.0013947 0.0007464 0.0006884 0.0151630 -0.0233317 0.0168561
-0.2072197 -0.2292923 -0.0075516 0.4522562 -0.0029372 -0.3258650 -0.1873221 -0.3221905 -0.0293443 0.4729562 0.0094623 -0.3930420 -0.6702948 -0.7416928 -0.0244273 0.8113184 -0.0052691 -0.5845808 -0.5010738 -0.8618374 -0.0784940 0.7689998 0.0153852 -0.6390638 -0.0000557 0.0001841 0.0000378 -0.0225088 0.0199482 0.0603471 0.0001977 0.0001789 0.0002940 0.0052327 -0.0138009 0.0051841 -0.0003974 0.0003556 0.0001144 0.0389218 0.0389248 0.0592629 0.0001587 -0.0001583 0.0007290 0.0076277 -0.0224315 0.0091431
-0.2072755 -0.2291081 -0.0075138 0.4297475 0.0170110 -0.2655180 -0.1871245 -0.3220116 -0.0290503 0.4781889 -0.0043386 -0.3878579 -0.6706922 -0.7413372 -0.0243129 0.8502402 0.0336557 -0.5253179 -0.5009151 -0.8619957 -0.0777650 0.7766275 -0.0070463 -0.6299207 -0.0004613 0.0018129 -0.0001725 -0.0045830 0.0025097 0.0086250 -0.0003095 0.0016787 0.0005613 0.0033367 -0.0103744 0.0030141 -0.0037325 0.0034154 -0.0006411 0.0049950 0.0056110 0.0085676 -0.0026263 0.0014213 0.0012293 0.0043169 -0.0168154 0.0057762
-0.2077367 -0.2272952 -0.0076864 0.4251645 0.0195207 -0.2568929 -0.1874340 -0.3203329 -0.0284890 0.4815257 -0.0147130 -0.3848438 -0.6744246 -0.7379219 -0.0249541 0.8552352 0.0392667 -0.5167503 -0.5035414 -0.8605744 -0.0765357 0.7809444 -0.0238617 -0.6241445 -0.0003730 0.0004090 0.0001486 -0.0018375 -0.0016627 0.0029656 -0.0004862 0.0003632 0.0002434 0.0007261 -0.0056153 0.0018496 -0.0013283 0.0012001 0.0004782 0.0017587 -0.0031145 0.0026934 -0.0014226 0.0007776 0.0006365 0.0017167 -0.0091297 0.0025715
-0.2081097 -0.2268862 -0.0075378 0.4233270 0.0178580 -0.2539274 -0.1879202 -0.3199697 -0.0282456 0.4822517 -0.0203283 -0.3829942 -0.6757529 -0.7367218 -0.0244758 0.8569939 0.0361522 -0.5140569 -0.5049640 -0.8597969 -0.0758993 0.7826612 -0.0329914 -0.6215731 -0.0003447 0.0002551 0.0004877 -0.0003105 -0.0022571 0.0012232 -0.0003645 0.0002979 0.0002758 -0.0003521 -0.0025773 0.0030523 -0.0010452 0.0009090 0.0015861 0.0010575 -0.0045071 0.0014690 -0.0011054 0.0005866 0.0007225 0.0020754 -0.0043086 0.0028669
-0.2084545 -0.2266311 -0.0070500 0.4230165 0.0156009 -0.2527041 -0.1882846 -0.3196718 -0.0279698 0.4818996 -0.0229056 -0.3799418 -0.6767981 -0.7358128 -0.0228897 0.8580514 0.0316450 -0.5125879 -0.5060694 -0.8592103 -0.0751768 0.7847365 -0.0373000 -0.6187061 0.0000582 0.0002241 0.0004933 -0.0004782 -0.0008935 0.0013668 0.0012949 0.0004361 0.0007805 -0.0017908 -0.0007870 0.0024536 -0.0002839 0.0002136 0.0015866 0.0010123 -0.0017434 0.0015934 0.0020079 -0.0013420 0.0018836 0.0007841 -0.0014642 0.0010860
-0.2083962 -0.2264070 -0.0065568 0.4225383 0.0147074 -0.2513373 -0.1869897 -0.3192357 -0.0271893 0.4801088 -0.0236926 -0.3774883 -0.6770820 -0.7355992 -0.0213031 0.8590637 0.0299017 -0.5109945 -0.5040615 -0.8605522 -0.0732932 0.7855207 -0.0387642 -0.6176201 -0.0000168 -0.0018121 -0.0000083 -0.0005764 0.0001494 -0.0001573 0.0000090 -0.0017782 -0.0001340 0.0013930 0.0017246 -0.0031446 0.0028958 -0.0026569 0.0000660 -0.0004560 0.0003289 -0.0007465 0.0021034 -0.0012237 -0.0000574 -0.0015362 0.0029957 -0.0021289
-0.2084130 -0.2282191 -0.0065651 0.4219620 0.0148568 -0.2514946 -0.1869807 -0.3210139 -0.0273233 0.4815018 -0.0219680 -0.3806329 -0.6741862 -0.7382560 -0.0212371 0.8586078 0.0302306 -0.5117410 -0.5019580 -0.8617760 -0.0733506 0.7839845 -0.0357684 -0.6197491 -0.0006945 0.0006527 0.0007289 -0.0016865 0.0015744 0.0004292 -0.0007739 0.0006054 0.0008574 -0.0018341 0.0106365 0.0037575 -0.0023053 0.0020477 0.0023564 -0.0006084 0.0033140 -0.0008133 -0.0023400 0.0011772 0.0022648 0.0022033 0.0171958 0.0020406
-0.2091076 -0.2275664 -0.0058361 0.4202755 0.0164312 -0.2510654 -0.1877546 -0.3204085 -0.0264658 0.4796677 -0.0113315 -0.3768754 -0.6764915 -0.7362084 -0.0188807 0.8579994 0.0335446 -0.5125542 -0.5042981 -0.8605988 -0.0710857 0.7861878 -0.0185726 -0.6177085 -0.0007330 0.0014354 0.0003244 0.0052154 0.0043415 -0.0160530 -0.0008498 0.0013253 0.0006925 -0.0036230 0.0129746 0.0104582 -0.0036104 0.0033084 0.0010171 -0.0117874 0.0077680 -0.0186882 -0.0033160 0.0018112 0.0017187 0.0062490 0.0213078 0.0077607
-0.2098405 -0.2261310 -0.0055117 0.4254909 0.0207727 -0.2671185 -0.1886044 -0.3190832 -0.0257734 0.4760448 0.0016431 -0.3664171 -0.6801019 -0.7328999 -0.0178636 0.8462120 0.0413125 -0.5312425 -0.5076140 -0.8587876 -0.0693670 0.7924369 0.0027351 -0.6099478 -0.0007420 -0.0003626 0.0007497 0.0064173 0.0072348 -0.0121386 -0.0007509 -0.0003556 0.0006943 0.0127870 0.0170774 -0.0169771 -0.0007320 0.0006239 0.0024675 -0.0076953 0.0130619 -0.0109137 -0.0011454 0.0005199 0.0019846 -0.0059379 0.0273849 -0.0069089
-0.2105825 -0.2264936 -0.0047620 0.4319082 0.0280075 -0.2792570 -0.1893553 -0.3194388 -0.0250791 0.4888318 0.0187205 -0.3833942 -0.6808339 -0.7322760 -0.0153962 0.8385166 0.0543744 -0.5421561 -0.5087594 -0.8582677 -0.0673824 0.7864990 0.0301201 -0.6168567 -0.0003093 -0.0002689 0.0006570 0.0022234 0.0064061 -0.0066359 -0.0006571 -0.0002770 0.0003244 0.0007601 0.0098846 -0.0037590 -0.0001237 0.0000731 0.0021412 -0.0051713 0.0116848 -0.0066350 -0.0010114 0.0005247 0.0009698 -0.0029323 0.0156609 -0.0027621
-0.2108918 -0.2267624 -0.0041051 0.4341316 0.0344136 -0.2858930 -0.1900124 -0.3197158 -0.0247547 0.4895919 0.0286051 -0.3871532 -0.6809576 -0.7322029 -0.0132550 0.8333454 0.0660593 -0.5487911 -0.5097709 -0.8577430 -0.0664126 0.7835667 0.0457810 -0.6196187 -0.0003680 -0.0002575 0.0003749 -0.0126742 0.0221873 0.0441706 -0.0004396 -0.0003036 0.0005107 0.0009074 0.0135266 -0.0018909 -0.0002327 0.0001953 0.0012274 0.0282809 0.0496554 0.0546148 -0.0005618 0.0002231 0.0014488 -0.0018584 0.0213643 -0.0004004
-0.2112598 -0.2270199 -0.0037301 0.4214575 0.0566009 -0.2417223 -0.1904520 -0.3200194 -0.0242440 0.4904993 0.0421317 -0.3890441 -0.6811903 -0.7320076 -0.0120276 0.8616263 0.1157147 -0.4941764 -0.5103326 -0.8575199 -0.0649638 0.7817082 0.0671453 -0.6200192 0.0003098 -0.0037738 -0.0008716 0.0265953 0.0036870 -0.0664691 0.0000121 -0.0039193 -0.0005147 0.0043007 0.0129952 -0.0016135 0.0066013 -0.0060392 -0.0026882 -0.0427344 -0.0055284 -0.0690954 0.0046310 -0.0026798 -0.0007812 0.0001708 0.0199659 0.0027050
-0.2109500 -0.2307937 -0.0046017 0.4480527 0.0602879 -0.3081914 -0.1904399 -0.3239387 -0.0247586 0.4947999 0.0551269 -0.3906576 -0.6745891 -0.7380468 -0.0147157 0.8188919 0.1101863 -0.5632718 -0.5057016 -0.8601997 -0.0657450 0.7818791 0.0871111 -0.6173142 0.0001169 -0.0016536 0.0004161 -0.0046136 0.0022526 0.0122180 0.0003366 -0.0016927 0.0008147 0.0023339 0.0108529 0.0003048 0.0028186 -0.0025926 0.0013791 0.0071932 0.0063207 0.0119012 0.0025441 -0.0016682 0.0023712 0.0003828 0.0167110 0.0030769
-0.2108330 -0.2324473 -0.0041857 0.4434391 0.0625405 -0.2959735 -0.1901033 -0.3256314 -0.0239439 0.4971338 0.0659798 -0.3903528 -0.6717704 -0.7406393 -0.0133366 0.8260851 0.1165070 -0.5513706 -0.5031576 -0.8618679 -0.0633738 0.7822618 0.1038221 -0.6142373 0.0001881 -0.0018820 0.0002448 0.0057244 0.0045824 -0.0047767 0.0000009 -0.0019276 0.0002544 0.0075516 0.0106175 -0.0035447 0.0032992 -0.0029935 0.0008305 -0.0014862 0.0067209 -0.0007630 0.0021851 -0.0013408 0.0009452 0.0004740 0.0149756 0.0033267
-0.2106449 -0.2343294 -0.0039409 0.4491635 0.0671229 -0.3007502 -0.1901024 -0.3275590 -0.0236896 0.5046854 0.0765973 -0.3938975 -0.6684713 -0.7436328 -0.0125062 0.8245990 0.1232279 -0.5521335 -0.5009725 -0.8632087 -0.0624286 0.7827358 0.1187977 -0.6109106 -0.0007292 0.0020671 0.0015331 0.0046085 0.0042430 0.0015555 -0.0008414 0.0021385 0.0010754 0.0052478 0.0038671 0.0007863 -0.0045767 0.0040737 0.0048394 0.0031552 0.0069551 0.0063538 -0.0041956 0.0022640 0.0025997 0.0031332 0.0052077 0.0050785
-0.2113741 -0.2322623 -0.0024078 0.4537721 0.0713659 -0.2991946 -0.1909438 -0.3254205 -0.0226142 0.5099332 0.0804644 -0.3931112 -0.6730480 -0.7395591 -0.0076668 0.8277541 0.1301830 -0.5457797 -0.5051681 -0.8609447 -0.0598289 0.7858690 0.1240054 -0.6058321 -0.0002113 0.0006808 0.0006374 0.0060911 0.0018319 0.0058868 -0.0000864 0.0006862 0.0007279 0.0090465 0.0013888 -0.0001650 -0.0014564 0.0013098 0.0020231 0.0078616 0.0028244 0.0128112 -0.0010184 0.0004727 0.0018353 0.0049186 0.0007172 0.0065833
-0.2115854 -0.2315815 -0.0017704 0.4598632 0.0731978 -0.2933078 -0.1910302 -0.3247343 -0.0218863 0.5189797 0.0818532 -0.3932762 -0.6745044 -0.7382492 -0.0056437 0.8356157 0.1330074 -0.5329685 -0.5061865 -0.8604719 -0.0579936 0.7907877 0.1247226 -0.5992488 -0.0002190 0.0008350 0.0008963 0.0064614 0.0001291 0.0031817 -0.0003684 0.0008253 0.0007749 0.0168292 -0.0014399 0.0012308 -0.0017148 0.0015541 0.0028532 0.0059985 -0.0006684 0.0093542 -0.0017396 0.0008951 0.0019690 0.0103946 -0.0044825 0.0130327
-0.2118044 -0.2307465 -0.0008740 0.4663246 0.0733269 -0.2901261 -0.1913986 -0.3239090 -0.0211114 0.5358089 0.0804133 -0.3920454 -0.6762192 -0.7366952 -0.0027905 0.8416142 0.1323391 -0.5236143 -0.5079261 -0.8595768 -0.0560246 0.8011823 0.1202401 -0.5862161 0.0006699 -0.0034734 -0.0000149 0.0076835 -0.0017093 0.0036540 0.0005507 -0.0033811 -0.0005642 0.0053401 -0.0040547 0.0026288 0.0066679 -0.0060652 -0.0000286 0.0071610 -0.0040981 0.0106475 0.0050179 -0.0028737 -0.0010934 0.0052301 -0.0064516 0.0059133
-0.2111345 -0.2342200 -0.0008890 0.4740080 0.0716176 -0.2864721 -0.1908479 -0.3272901 -0.0216756 0.5411490 0.0763586 -0.3894165 -0.6695514 -0.7427604 -0.0028191 0.8487752 0.1282409 -0.5129668 -0.5029082 -0.8624505 -0.0571180 0.8064123 0.1137885 -0.5803028 -0.0005236 -0.0013288 0.0002784 0.0057751 -0.0045562 0.0075174 -0.0003758 -0.0012631 0.0001294 0.0249570 -0.0122317 -0.0022436 0.0011740 -0.0010594 0.0008911 0.0094804 -0.0082788 0.0139614 0.0006920 -0.0004381 0.0005305 0.0124110 -0.0210345 0.0138003
-0.2116581 -0.2355488 -0.0006106 0.4797832 0.0670614 -0.2789547 -0.1912237 -0.3285532 -0.0215462 0.5661060 0.0641269 -0.3916602 -0.6683774 -0.7438198 -0.0019281 0.8582556 0.1199622 -0.4990054 -0.5022162 -0.8628886 -0.0565875 0.8188233 0.0927540 -0.5665025 -0.0001501 -0.0000530 0.0000777 0.0095936 -0.0088326 0.0025647 -0.0008308 0.0000010 -0.0007980 0.0145062 -0.0140813 0.0088502 -0.0001792 0.0001605 0.0002462 0.0078347 -0.0169099 0.0098554 -0.0015693 0.0010506 -0.0020246 0.0138932 -0.0209784 0.0174748
-0.2118082 -0.2356018 -0.0005328 0.4893768 0.0582288 -0.2763900 -0.1920545 -0.3285522 -0.0223442 0.5806122 0.0500456 -0.3828100 -0.6685567 -0.7436593 -0.0016818 0.8660903 0.1030523 -0.4891500 -0.5037855 -0.8618380 -0.0586121 0.8327165 0.0717756 -0.5490277 0.0000000 0.0000000 0.0000000 0.0000000 0.0000000 0.0000000 0.0000000 0.0000000 0.0000000 0.0000000 0.0000000 0.0000000 0.0000000 0.0000000 0.0000000 0.0000000 0.0000000 0.0000000 0.0000000 0.0000000 0.0000000 0.0000000 0.0000000 0.0000000
