-0.2192954 -0.2323801 -0.0353692 0.2134327 -0.0190866 -0.2362424 -0.2147069 -0.3047223 -0.0412534 0.1888988 -0.0174950 -0.3355369 -0.6821677 -0.7228706 -0.1100239 0.6691756 -0.0598424 -0.7406908 -0.5724875 -0.8125016 -0.1099967 0.4900699 -0.0453881 -0.8705006 0.0001953 0.0001269 -0.0002099 -0.0009414 0.0064354 0.0017127 0.0002891 0.0003629 -0.0008261 0.0093724 0.0240856 0.0013537 0.0001794 -0.0000590 -0.0007226 0.0017191 0.0198989 0.0002147 0.0002085 0.0001696 -0.0023130 0.0201099 0.0623467 0.0106001
-0.2191001 -0.2322532 -0.0355792 0.2124913 -0.0126512 -0.2345297 -0.2144179 -0.3043594 -0.0420795 0.1982712 0.0065906 -0.3341832 -0.6819883 -0.7229296 -0.1107465 0.6708947 -0.0399435 -0.7404761 -0.5722790 -0.8123320 -0.1123097 0.5101798 0.0169586 -0.8599006 0.0033299 -0.0080605 -0.0019266 -0.0040079 0.0390608 -0.0001302 0.0005164 -0.0044118 -0.0002200 0.0048880 0.0201206 0.0059100 0.0183600 -0.0161854 -0.0046071 -0.0090528 0.1237822 -0.0044645 0.0063996 -0.0045266 0.0004057 0.0148120 0.0520670 0.0115969
-0.2157702 -0.2403137 -0.0375057 0.2084834 0.0264096 -0.2346599 -0.2139015 -0.3087712 -0.0422995 0.2031592 0.0267113 -0.3282731 -0.6636283 -0.7391150 -0.1153536 0.6618419 0.0838387 -0.7449405 -0.5658794 -0.8168586 -0.1119039 0.5249918 0.0690256 -0.8483036 -0.0001616 0.0032122 -0.0005977 -0.0010455 0.0043408 0.0029171 0.0009671 0.0031945 -0.0005920 0.0024833 0.0148830 0.0044408 -0.0049983 0.0049368 -0.0026326 0.0018761 0.0145503 0.0034569 -0.0020812 0.0017927 -0.0025006 0.0079570 0.0387713 0.0090508
-0.2159317 -0.2371015 -0.0381034 0.2074379 0.0307504 -0.2317428 -0.2129344 -0.3055767 -0.0428915 0.2056425 0.0415943 -0.3238323 -0.6686266 -0.7341783 -0.1179862 0.6637180 0.0983890 -0.7414837 -0.5679606 -0.8150659 -0.1144045 0.5329488 0.1077970 -0.8392529 0.0012614 -0.0050449 -0.0012720 0.0019855 0.0088929 0.0004376 0.0001955 -0.0050479 -0.0009828 0.0135390 0.0188619 -0.0047164 0.0101059 -0.0086278 -0.0028014 0.0021025 0.0276491 0.0060944 0.0067018 -0.0044402 -0.0013469 0.0156228 0.0435141 0.0169548
-0.2146704 -0.2421464 -0.0393754 0.2094234 0.0396433 -0.2313052 -0.2127389 -0.3106246 -0.0438743 0.2191814 0.0604562 -0.3285487 -0.6585207 -0.7428061 -0.1207876 0.6658205 0.1260381 -0.7353893 -0.5612588 -0.8195061 -0.1157514 0.5485716 0.1513111 -0.8222981 -0.0005908 0.0026414 -0.0007258 0.0039847 0.0058528 0.0003393 -0.0005563 0.0026287 -0.0005346 0.0021245 0.0045291 0.0004539 -0.0048171 0.0047597 -0.0027862 0.0058252 0.0171489 0.0084853 -0.0041143 0.0031134 -0.0019615 0.0032370 0.0107246 0.0042200
-0.2152612 -0.2395050 -0.0401012 0.2134081 0.0454961 -0.2309659 -0.2132951 -0.3079959 -0.0444089 0.2213059 0.0649853 -0.3280948 -0.6633378 -0.7380464 -0.1235738 0.6716457 0.1431870 -0.7269040 -0.5653730 -0.8163927 -0.1177130 0.5518086 0.1620357 -0.8180781 -0.0005127 0.0026392 -0.0004381 0.0033714 0.0027429 0.0009706 -0.0006229 0.0023153 -0.0015558 0.0081531 0.0033007 0.0009604 -0.0047625 0.0046391 -0.0019480 0.0063925 0.0076940 0.0075300 -0.0036820 0.0032349 -0.0045603 0.0142286 0.0064145 0.0110921
-0.2157738 -0.2368658 -0.0405393 0.2167795 0.0482390 -0.2299952 -0.2139180 -0.3056806 -0.0459647 0.2294591 0.0682860 -0.3271344 -0.6681003 -0.7334073 -0.1255218 0.6780383 0.1508810 -0.7193741 -0.5690550 -0.8131578 -0.1222733 0.5660372 0.1684502 -0.8069860 0.0006180 -0.0032077 -0.0002285 0.0024870 -0.0024090 0.0010184 0.0002581 -0.0028656 0.0003928 0.0047096 -0.0028566 0.0022237 0.0059705 -0.0054051 0.0000611 0.0064728 -0.0078078 0.0045491 0.0039044 -0.0029760 0.0017312 0.0110009 -0.0072192 0.0063415
-0.2151559 -0.2400735 -0.0407678 0.2192665 0.0458300 -0.2289768 -0.2136599 -0.3085462 -0.0455719 0.2341687 0.0654294 -0.3249107 -0.6621298 -0.7388124 -0.1254607 0.6845110 0.1430732 -0.7148249 -0.5651506 -0.8161338 -0.1205421 0.5770381 0.1612309 -0.8006445 -0.0003468 0.0030269 -0.0006205 0.0109716 -0.0099203 0.0029304 0.0000539 0.0015267 -0.0006044 0.0102382 -0.0106285 0.0036342 -0.0050083 0.0049798 -0.0026664 0.0246829 -0.0324617 0.0185426 -0.0016594 0.0014481 -0.0019882 0.0229136 -0.0267098 0.0119988
-0.2155026 -0.2370467 -0.0413883 0.2302381 0.0359098 -0.2260464 -0.2136060 -0.3070196 -0.0461763 0.2444069 0.0548009 -0.3212765 -0.6671380 -0.7338326 -0.1281271 0.7091939 0.1106115 -0.6962823 -0.5668100 -0.8146857 -0.1225303 0.5999517 0.1345211 -0.7886457 0.0007592 -0.0029660 0.0010137 0.0085587 -0.0139928 -0.0002619 0.0000366 -0.0013880 -0.0000956 0.0066769 -0.0346650 0.0258486 0.0055301 -0.0056279 0.0037361 0.0150326 -0.0441415 0.0099313 0.0017804 -0.0012525 0.0001110 0.0467802 -0.0826559 0.0276938
-0.2147434 -0.2400126 -0.0403746 0.2387969 0.0219170 -0.2263083 -0.2135694 -0.3084075 -0.0462720 0.2510838 0.0201359 -0.2954280 -0.6616080 -0.7394605 -0.1243910 0.7242265 0.0664701 -0.6863510 -0.5650296 -0.8159381 -0.1224193 0.6467319 0.0518652 -0.7609519 0.0001295 -0.0008133 0.0002587 0.0099304 -0.0193577 0.0048689 -0.0001280 -0.0007920 -0.0000383 -0.0001801 -0.0194666 0.0011857 0.0013843 -0.0014003 0.0009811 0.0226409 -0.0587852 0.0214224 0.0007413 -0.0005328 0.0001328 0.0021125 -0.0501344 0.0000327
-0.2146139 -0.2408260 -0.0401159 0.2487273 0.0025593 -0.2214394 -0.2136974 -0.3091996 -0.0463102 0.2509037 0.0006693 -0.2942423 -0.6602237 -0.7408608 -0.1234099 0.7468673 0.0076848 -0.6649287 -0.5642883 -0.8164709 -0.1222865 0.6488444 0.0017309 -0.7609192 -0.0001820 0.0032159 0.0003738 0.0025876 -0.0142205 0.0042400 0.0003408 0.0010964 0.0003815 0.0026036 -0.0300076 0.0067699 -0.0052695 0.0046832 0.0002786 0.0092593 -0.0427697 0.0114445 -0.0007920 0.0004518 0.0006433 0.0106357 -0.0780521 0.0130815
-0.2147958 -0.2376101 -0.0397421 0.2513149 -0.0116612 -0.2171995 -0.2133565 -0.3081032 -0.0459287 0.2535073 -0.0293382 -0.2874724 -0.6654932 -0.7361776 -0.1231314 0.7561266 -0.0350849 -0.6534842 -0.5650803 -0.8160191 -0.1216433 0.6594800 -0.0763212 -0.7478377 0.0003990 0.0014026 0.0008619 0.0000907 -0.0136528 0.0069474 -0.0000113 -0.0000220 0.0002201 0.0001423 -0.0154400 0.0049531 -0.0016635 0.0011509 0.0021447 0.0086939 -0.0419248 0.0138600 -0.0000334 -0.0000635 0.0005822 0.0039871 -0.0408045 0.0088566
-0.2143968 -0.2362075 -0.0388802 0.2514056 -0.0253140 -0.2102521 -0.2133678 -0.3081252 -0.0457086 0.2536496 -0.0447783 -0.2825193 -0.6671567 -0.7350267 -0.1209866 0.7648205 -0.0770097 -0.6396242 -0.5651136 -0.8160826 -0.1210611 0.6634671 -0.1171257 -0.7389810 -0.0008820 0.0017016 0.0007822 0.0019278 -0.0111986 0.0044133 0.0002234 -0.0000449 0.0002849 0.0062709 -0.0168816 -0.0043838 -0.0043141 0.0035854 0.0021564 0.0064751 -0.0341561 0.0129303 0.0004063 -0.0003869 0.0007151 -0.0004261 -0.0401648 0.0071092
-0.2152789 -0.2345059 -0.0380979 0.2533334 -0.0365126 -0.2058388 -0.2131444 -0.3081701 -0.0454237 0.2599205 -0.0616599 -0.2869031 -0.6714708 -0.7314413 -0.1188302 0.7712956 -0.1111658 -0.6266939 -0.5647073 -0.8164695 -0.1203460 0.6630410 -0.1572905 -0.7318718 0.0000079 -0.0000025 0.0000412 0.0002761 -0.0052701 0.0016821 0.0000331 0.0001408 0.0002105 0.0013483 -0.0032826 0.0005264 0.0000072 -0.0000270 0.0001253 0.0013316 -0.0161262 0.0047261 -0.0001500 0.0000292 0.0005073 0.0016758 -0.0079353 0.0032759
-0.2152709 -0.2345085 -0.0380568 0.2536095 -0.0417827 -0.2041566 -0.2131113 -0.3080294 -0.0452131 0.2612688 -0.0649424 -0.2863766 -0.6714635 -0.7314683 -0.1187050 0.7726272 -0.1272920 -0.6219679 -0.5648573 -0.8164404 -0.1198387 0.6647168 -0.1652258 -0.7285959 -0.0000520 -0.0025551 0.0000564 0.0003189 -0.0021097 0.0007890 0.0003281 0.0001977 -0.0000273 0.0011081 -0.0019559 -0.0003809 0.0037983 -0.0036094 0.0008750 0.0008959 -0.0064142 0.0024643 0.0003558 -0.0002193 -0.0001817 0.0005485 -0.0043971 0.0015126
-0.2153230 -0.2370636 -0.0380003 0.2539284 -0.0438924 -0.2033676 -0.2127832 -0.3078317 -0.0452405 0.2623768 -0.0668983 -0.2867575 -0.6676652 -0.7350777 -0.1178299 0.7735231 -0.1337062 -0.6195036 -0.5645015 -0.8166597 -0.1200204 0.6652653 -0.1696229 -0.7270833 -0.0011528 -0.0016611 0.0005672 0.0002263 -0.0018684 0.0007569 -0.0001799 0.0002185 0.0004427 -0.0002347 -0.0006834 -0.0005617 0.0004083 -0.0007585 0.0024474 0.0007784 -0.0057075 0.0022346 -0.0006716 0.0002988 0.0011335 -0.0012164 -0.0015725 -0.0007430
-0.2164758 -0.2387247 -0.0374331 0.2541547 -0.0457608 -0.2026107 -0.2129631 -0.3076132 -0.0447978 0.2621422 -0.0675817 -0.2873192 -0.6672570 -0.7358362 -0.1153826 0.7743015 -0.1394137 -0.6172689 -0.5651732 -0.8163609 -0.1188869 0.6640489 -0.1711954 -0.7278264 -0.0006056 -0.0007933 0.0001457 -0.0002283 0.0000665 0.0000143 -0.0000140 -0.0000873 0.0004436 -0.0001623 0.0005320 -0.0002691 0.0001303 -0.0002418 0.0007920 -0.0002360 0.0001199 -0.0003230 0.0000028 -0.0001737 0.0011855 -0.0004069 0.0013465 -0.0006863
-0.2170814 -0.2395180 -0.0372875 0.2539264 -0.0456943 -0.2025964 -0.2129771 -0.3077005 -0.0443542 0.2619799 -0.0670497 -0.2875882 -0.6671267 -0.7360781 -0.1145906 0.7740655 -0.1392938 -0.6175919 -0.5651703 -0.8165347 -0.1177013 0.6636420 -0.1698488 -0.7285126 -0.0001493 0.0007031 0.0004800 -0.0024037 0.0013920 -0.0013913 -0.0001885 0.0007036 0.0004360 -0.0031380 0.0044071 -0.0012151 -0.0014289 0.0010943 0.0013108 -0.0045532 0.0037547 -0.0064913 -0.0012800 0.0007443 0.0009963 -0.0047587 0.0103919 -0.0066379
-0.2172307 -0.2388149 -0.0368075 0.2515227 -0.0443023 -0.2039877 -0.2131657 -0.3069969 -0.0439182 0.2588418 -0.0626425 -0.2888033 -0.6685556 -0.7349838 -0.1132798 0.7695124 -0.1355391 -0.6240832 -0.5664504 -0.8157904 -0.1167050 0.6588833 -0.1594569 -0.7351505 -0.0005116 -0.0007282 -0.0000540 -0.0040934 0.0051674 -0.0036160 -0.0003676 -0.0007599 0.0003314 -0.0046325 0.0114437 -0.0002768 0.0002424 -0.0002422 0.0001413 -0.0090086 0.0152534 -0.0140119 0.0002115 -0.0003067 0.0011232 -0.0042850 0.0276179 -0.0092415
-0.2177423 -0.2395430 -0.0368615 0.2474293 -0.0391348 -0.2076038 -0.2135332 -0.3077567 -0.0435869 0.2542093 -0.0511989 -0.2890802 -0.6683132 -0.7352259 -0.1131384 0.7605037 -0.1202856 -0.6380952 -0.5662389 -0.8160970 -0.1155819 0.6545983 -0.1318390 -0.7443920 -0.0017243 0.0032801 0.0012818 -0.0193175 0.0221425 -0.0615068 -0.0005516 0.0014982 0.0007286 -0.0114556 0.0227264 -0.0125192 -0.0081650 0.0069748 0.0034684 -0.1146451 0.0721747 -0.1238444 -0.0029595 0.0018313 0.0016323 -0.0292729 0.0584949 -0.0325177
-0.2194666 -0.2362630 -0.0355797 0.2281117 -0.0169924 -0.2691105 -0.2140848 -0.3062586 -0.0428583 0.2427537 -0.0284725 -0.3015994 -0.6764782 -0.7282511 -0.1096700 0.6458586 -0.0481110 -0.7619396 -0.5691984 -0.8142657 -0.1139496 0.6253254 -0.0733441 -0.7769098 -0.0004786 -0.0018059 -0.0003437 -0.0075883 0.0197234 0.0513607 -0.0003099 0.0000667 0.0002840 -0.0073394 0.0178765 -0.0088439 0.0020129 -0.0017909 -0.0004897 0.0656812 0.0569230 0.0593491 -0.0006876 0.0003720 0.0007822 -0.0213159 0.0461578 -0.0196035
-0.2199452 -0.2380689 -0.0359234 0.2205235 0.0027311 -0.2177498 -0.2143947 -0.3061919 -0.0425743 0.2354144 -0.0105959 -0.3104433 -0.6744654 -0.7300420 -0.1101597 0.7115398 0.0088120 -0.7025905 -0.5698861 -0.8138937 -0.1131674 0.6040095 -0.0271863 -0.7965133 -0.0005239 0.0009348 0.0003094 -0.0058492 0.0063120 0.0043435 -0.0001505 0.0001880 0.0002650 -0.0129308 0.0226025 -0.0082714 -0.0023568 0.0020597 0.0008275 -0.0026582 0.0210494 -0.0021046 -0.0005472 0.0002898 0.0006753 -0.0318854 0.0580615 -0.0230724
-0.2204691 -0.2371341 -0.0356140 0.2146742 0.0090431 -0.2134064 -0.2145452 -0.3060039 -0.0423093 0.2224835 0.0120065 -0.3187147 -0.6768221 -0.7279823 -0.1093322 0.7088816 0.0298614 -0.7046950 -0.5704333 -0.8136039 -0.1124921 0.5721241 0.0308752 -0.8195857 0.0001749 0.0008946 0.0005406 -0.0114801 0.0144375 0.0004917 -0.0000165 -0.0000179 0.0005047 -0.0149659 0.0229367 -0.0075452 -0.0011867 0.0008981 0.0013851 -0.0206684 0.0496667 -0.0164415 -0.0000932 -0.0001178 0.0013323 -0.0376151 0.0591291 -0.0207710
-0.2202942 -0.2362394 -0.0350735 0.2031941 0.0234806 -0.2129146 -0.2145617 -0.3060217 -0.0418046 0.2075176 0.0349433 -0.3262598 -0.6780088 -0.7270842 -0.1079471 0.6882132 0.0795282 -0.7211365 -0.5705265 -0.8137217 -0.1111598 0.5345089 0.0900044 -0.8403567 -0.0001564 -0.0012005 0.0002780 -0.0150697 0.0188032 -0.0203991 -0.0002125 -0.0000650 0.0002423 -0.0108547 0.0163254 -0.0038266 0.0014964 -0.0015646 0.0011678 -0.0666803 0.0601706 -0.0496949 -0.0003415 0.0001459 0.0006874 -0.0271702 0.0422554 -0.0111800
-0.2204506 -0.2374399 -0.0347955 0.1881244 0.0422837 -0.2333137 -0.2147742 -0.3060867 -0.0415623 0.1966629 0.0512687 -0.3300865 -0.6765125 -0.7286488 -0.1067793 0.6215329 0.1396988 -0.7708314 -0.5708680 -0.8135758 -0.1104723 0.5073388 0.1322597 -0.8515367 -0.0002477 -0.0000815 -0.0008719 -0.0145819 0.0169536 0.0108157 -0.0002776 -0.0001170 -0.0007914 -0.0245111 0.0197779 0.0161908 -0.0000933 0.0004677 -0.0025680 -0.0196346 0.0657546 -0.0008598 -0.0002190 0.0004280 -0.0020013 -0.0356711 0.0623962 -0.0084858
-0.2206983 -0.2375214 -0.0356674 0.1735425 0.0592374 -0.2224980 -0.2150519 -0.3062037 -0.0423537 0.1721518 0.0710466 -0.3138957 -0.6766058 -0.7281812 -0.1093473 0.6018983 0.2054534 -0.7716912 -0.5710870 -0.8131478 -0.1124737 0.4716677 0.1946559 -0.8600225 0.0011972 -0.0041256 -0.0015274 -0.0119117 0.0172589 -0.0353958 0.0001773 -0.0037214 -0.0005383 -0.0104609 0.0093548 0.0060900 0.0085535 -0.0072720 -0.0038551 -0.0868616 0.0383020 -0.0500877 0.0049693 -0.0033940 -0.0005317 -0.0185806 0.0306431 -0.0025043
-0.2195012 -0.2416470 -0.0371948 0.1616308 0.0764962 -0.2578938 -0.2148746 -0.3099251 -0.0428921 0.1616910 0.0804013 -0.3078057 -0.6680523 -0.7354532 -0.1132024 0.5150367 0.2437554 -0.8217789 -0.5661177 -0.8165418 -0.1130053 0.4530871 0.2252990 -0.8625268 0.0004243 -0.0002500 -0.0007163 -0.0252663 -0.0038688 0.0258168 -0.0001327 -0.0002887 -0.0006799 -0.0119005 0.0059942 0.0034943 0.0012563 -0.0007999 -0.0021861 -0.0259256 0.0167441 -0.0106335 0.0002292 0.0000745 -0.0016741 -0.0251262 0.0215386 -0.0069102
-0.2190768 -0.2418970 -0.0379111 0.1363645 0.0726274 -0.2320771 -0.2150073 -0.3102138 -0.0435720 0.1497905 0.0863956 -0.3043114 -0.6667960 -0.7362531 -0.1153885 0.4891111 0.2604995 -0.8324124 -0.5658884 -0.8164673 -0.1146794 0.4279609 0.2468376 -0.8694370 0.0004714 -0.0004937 -0.0008313 -0.0087612 -0.0028958 -0.0022262 -0.0001319 -0.0005520 -0.0005143 -0.0300002 0.0040019 0.0096849 0.0017320 -0.0011732 -0.0024775 -0.0263768 -0.0076280 -0.0172540 0.0005227 -0.0001962 -0.0011753 -0.0656683 0.0265597 -0.0216287
-0.2186054 -0.2423907 -0.0387423 0.1276032 0.0697316 -0.2343033 -0.2151392 -0.3107658 -0.0440863 0.1197903 0.0903975 -0.2946265 -0.6650640 -0.7374263 -0.1178660 0.4627343 0.2528715 -0.8496664 -0.5653657 -0.8166635 -0.1158547 0.3622926 0.2733973 -0.8910656 0.0010394 0.0017536 -0.0002599 -0.0190080 -0.0299883 0.0045245 0.0002286 0.0017253 -0.0003861 -0.0214075 -0.0048253 0.0023892 -0.0007945 0.0009588 -0.0015000 -0.0405738 -0.0983704 -0.0435916 -0.0016227 0.0013366 -0.0014747 -0.0548530 -0.0059900 -0.0221562
-0.2175660 -0.2406371 -0.0390023 0.1085952 0.0397434 -0.2297788 -0.2149106 -0.3090405 -0.0444724 0.0983828 0.0855722 -0.2922373 -0.6658585 -0.7364674 -0.1193660 0.4221605 0.1545011 -0.8932580 -0.5669884 -0.8153269 -0.1173294 0.3074396 0.2674073 -0.9132219 0.0001863 0.0021108 -0.0003825 -0.0029148 0.0233537 0.0015953 0.0008423 0.0021263 -0.0007360 -0.0109816 -0.0225508 0.0129682 -0.0027650 0.0028003 -0.0017749 -0.0145422 0.0888699 0.0131343 -0.0009592 0.0010486 -0.0026135 -0.0154557 -0.0568697 -0.0197408
-0.2173797 -0.2385263 -0.0393848 0.1056803 0.0630971 -0.2281835 -0.2140684 -0.3069142 -0.0452083 0.0874012 0.0630214 -0.2792691 -0.6686235 -0.7336671 -0.1211409 0.4076183 0.2433710 -0.8801238 -0.5679477 -0.8142783 -0.1199428 0.2919840 0.2105376 -0.9329626 0.0003977 -0.0013466 -0.0005675 -0.0089429 -0.0151746 0.0051721 0.0001746 -0.0013271 -0.0004266 -0.0187054 -0.0219163 -0.0101700 0.0028478 -0.0023458 -0.0014465 -0.0171820 -0.0499539 -0.0199592 0.0020154 -0.0012839 -0.0008007 -0.0632313 -0.0736602 -0.0308510
-0.2169820 -0.2398729 -0.0399523 0.0967375 0.0479225 -0.2230115 -0.2138938 -0.3082413 -0.0456350 0.0686958 0.0411051 -0.2894391 -0.6657757 -0.7360129 -0.1225874 0.3904363 0.1934170 -0.9000830 -0.5659322 -0.8155622 -0.1207436 0.2287527 0.1368774 -0.9638137 0.0018888 -0.0018665 -0.0005887 -0.0112513 -0.0129114 -0.0070255 0.0002901 -0.0019281 -0.0004875 -0.0145008 -0.0203108 -0.0055185 0.0061997 -0.0052728 -0.0017301 -0.0455844 -0.0521821 -0.0278879 0.0029567 -0.0019227 -0.0008172 -0.0484725 -0.0677049 -0.0173663
-0.2150932 -0.2417395 -0.0405410 0.0854862 0.0350111 -0.2300369 -0.2136037 -0.3101695 -0.0461225 0.0541950 0.0207943 -0.2949576 -0.6595760 -0.7412858 -0.1243174 0.3448519 0.1412349 -0.9279708 -0.5629755 -0.8174849 -0.1215608 0.1802802 0.0691725 -0.9811800 0.0005711 0.0006364 0.0001204 0.0333081 -0.0269417 -0.0092023 0.0002790 0.0006702 -0.0003456 -0.0045202 -0.0536887 -0.0122942 0.0000050 -0.0000112 0.0000403 0.0996853 -0.1110389 0.0327195 -0.0002483 0.0003392 -0.0011251 -0.0215623 -0.1742749 -0.0005339
-0.2145221 -0.2411031 -0.0404205 0.1187942 0.0080693 -0.2392392 -0.2133247 -0.3094993 -0.0464681 0.0496747 -0.0328944 -0.3072518 -0.6595711 -0.7412970 -0.1242771 0.4445371 0.0301960 -0.8952513 -0.5632238 -0.8171457 -0.1226859 0.1587179 -0.1051024 -0.9817139 0.0009133 0.0015308 0.0004898 -0.0262610 -0.0313868 0.0128208 0.0005456 0.0015116 -0.0001250 0.0005056 -0.0210103 -0.0012212 -0.0008423 0.0006126 0.0008234 -0.0679353 -0.1250958 -0.0262502 -0.0008333 0.0006998 -0.0008280 -0.0004914 -0.0648675 0.0090502
-0.2136088 -0.2395722 -0.0399307 0.0925333 -0.0233174 -0.2264184 -0.2127791 -0.3079876 -0.0465931 0.0501804 -0.0539047 -0.3084730 -0.6604134 -0.7406844 -0.1234537 0.3766018 -0.0948998 -0.9215015 -0.5640571 -0.8164459 -0.1235139 0.1582266 -0.1699699 -0.9726637 0.0003817 -0.0020100 -0.0010093 0.0027893 -0.0239645 -0.0230604 0.0001008 -0.0019438 -0.0010187 0.0017129 -0.0156838 0.0009598 0.0039534 -0.0030722 -0.0025880 -0.0251463 -0.0794293 0.0016709 0.0027354 -0.0015560 -0.0021479 0.0041781 -0.0478134 0.0102733
-0.2132271 -0.2415822 -0.0409400 0.0953226 -0.0472820 -0.2494787 -0.2126783 -0.3099314 -0.0476118 0.0518933 -0.0695884 -0.3075132 -0.6564600 -0.7437565 -0.1260417 0.3514555 -0.1743291 -0.9198306 -0.5613217 -0.8180019 -0.1256618 0.1624046 -0.2177833 -0.9623903 0.0000100 -0.0000759 -0.0005939 0.0037997 0.0024910 0.0107818 0.0004917 -0.0000808 -0.0005050 0.0043689 -0.0043472 0.0036853 0.0002837 0.0000532 -0.0017790 0.0264236 0.0035745 0.0098580 0.0010820 -0.0005282 -0.0013817 0.0146787 -0.0149267 0.0061019
-0.2132171 -0.2416580 -0.0415339 0.0991223 -0.0447910 -0.2386969 -0.2121866 -0.3100121 -0.0481168 0.0562622 -0.0739356 -0.3038279 -0.6561763 -0.7437033 -0.1278207 0.3778792 -0.1707546 -0.9099726 -0.5602397 -0.8185301 -0.1270435 0.1770833 -0.2327100 -0.9562884 -0.0000334 -0.0000771 -0.0001736 0.0009711 0.0015821 0.0033606 0.0003223 -0.0000766 -0.0001317 0.0032127 -0.0019783 0.0015484 0.0001020 -0.0000049 -0.0004942 0.0080418 0.0041581 0.0026080 0.0007017 -0.0004205 -0.0003816 0.0103630 -0.0065472 0.0035976
-0.2132505 -0.2417351 -0.0417075 0.1000934 -0.0432089 -0.2353363 -0.2118643 -0.3100887 -0.0482485 0.0594749 -0.0759140 -0.3022795 -0.6560742 -0.7437082 -0.1283149 0.3859209 -0.1665965 -0.9073647 -0.5595380 -0.8189506 -0.1274252 0.1874463 -0.2392572 -0.9526909 0.0000129 -0.0002580 -0.0001616 0.0006932 0.0005054 -0.0019440 0.0002145 -0.0002302 -0.0004188 0.0018616 0.0034689 -0.0009842 0.0004515 -0.0003262 -0.0004163 -0.0002250 0.0031765 -0.0006731 0.0007468 -0.0003435 -0.0010646 0.0055739 0.0112794 -0.0016515
-0.2132377 -0.2419931 -0.0418691 0.1007866 -0.0427034 -0.2372803 -0.2116498 -0.3103189 -0.0486673 0.0613365 -0.0724451 -0.3032637 -0.6556227 -0.7440344 -0.1287313 0.3856960 -0.1634200 -0.9080377 -0.5587912 -0.8192941 -0.1284898 0.1930202 -0.2279778 -0.9543423 -0.0008057 0.0024885 0.0009703 0.0001998 0.0072742 -0.0025456 0.0000731 0.0025766 0.0003587 0.0021671 0.0098969 -0.0059596 -0.0054027 0.0043777 0.0024243 -0.0011633 0.0285136 -0.0051626 -0.0030636 0.0020660 0.0002034 0.0043100 0.0336163 -0.0065345
-0.2140434 -0.2395046 -0.0408988 0.1009865 -0.0354293 -0.2398259 -0.2115767 -0.3077423 -0.0483086 0.0635036 -0.0625482 -0.3092233 -0.6610254 -0.7396566 -0.1263070 0.3845326 -0.1349064 -0.9132004 -0.5618548 -0.8172281 -0.1282864 0.1973303 -0.1943615 -0.9608769 -0.0005004 0.0030356 0.0018539 0.0070015 0.0400790 0.0047594 -0.0001243 0.0021989 0.0014051 0.0304242 0.0548299 0.0325563 -0.0059447 0.0045259 0.0049248 0.0328506 0.1528779 0.0046475 -0.0031857 0.0017177 0.0030986 0.1240340 0.1679543 0.0142895
-0.2145438 -0.2364690 -0.0390449 0.1079880 0.0046497 -0.2350665 -0.2117010 -0.3055434 -0.0469035 0.0939278 -0.0077183 -0.2766670 -0.6669701 -0.7351308 -0.1213822 0.4173832 0.0179715 -0.9085528 -0.5650405 -0.8155104 -0.1251878 0.3213642 -0.0264072 -0.9465874 -0.0015084 0.0014391 0.0009907 0.0327780 0.0009815 -0.0045009 -0.0012673 0.0011251 0.0017051 0.0039416 0.0044179 -0.0005107 -0.0050317 0.0041015 0.0030194 0.0891158 0.0022904 0.0465504 -0.0040013 0.0021185 0.0044197 0.0115620 0.0151801 0.0037013
-0.2160522 -0.2350298 -0.0380543 0.1407660 0.0056312 -0.2395673 -0.2129683 -0.3044182 -0.0451984 0.0978694 -0.0033004 -0.2771777 -0.6720018 -0.7310293 -0.1183628 0.5064990 0.0202620 -0.8620024 -0.5690419 -0.8133919 -0.1207681 0.3329262 -0.0112271 -0.9428860 -0.0015387 0.0021259 0.0026313 -0.0176811 0.0242679 -0.0001624 -0.0011545 -0.0007662 0.0027783 0.0105794 0.0226450 -0.0237062 -0.0064975 0.0047801 0.0079057 -0.0525373 0.0900118 -0.0221686 -0.0016265 0.0000310 0.0077124 0.0055363 0.0716005 0.0038449
-0.2175908 -0.2329039 -0.0354229 0.1230849 0.0298991 -0.2397297 -0.2141228 -0.3051844 -0.0424201 0.1084488 0.0193446 -0.3008839 -0.6784994 -0.7262492 -0.1104571 0.4539618 0.1102738 -0.8841710 -0.5706684 -0.8133609 -0.1130557 0.3384625 0.0603733 -0.9390411 -0.0014493 -0.0032963 0.0020465 0.0320557 0.0044649 -0.0036487 -0.0027286 -0.0018715 0.0035237 0.0125974 0.0125391 -0.0028179 0.0021503 -0.0030867 0.0073977 0.0797933 0.0079541 0.0468373 -0.0031394 0.0008639 0.0101326 0.0300340 0.0366891 0.0144930
-0.2190401 -0.2362002 -0.0333764 0.1551406 0.0343640 -0.2433784 -0.2168514 -0.3070559 -0.0388963 0.1210462 0.0318837 -0.3037018 -0.6763490 -0.7293358 -0.1030594 0.5337551 0.1182279 -0.8373337 -0.5738078 -0.8124970 -0.1029231 0.3684965 0.0970624 -0.9245481 -0.0007282 -0.0017243 0.0011893 0.0019273 0.0050834 0.0091646 -0.0004724 -0.0004528 0.0006739 0.0143916 0.0130951 -0.0062792 0.0011519 -0.0016429 0.0041704 0.0178445 0.0203055 0.0148093 -0.0003836 0.0000281 0.0019357 0.0283854 0.0347420 0.0161912
-0.2197683 -0.2379245 -0.0321871 0.1570680 0.0394474 -0.2342138 -0.2173238 -0.3075087 -0.0382224 0.1354378 0.0449789 -0.3099809 -0.6751971 -0.7309787 -0.0988889 0.5515995 0.1385334 -0.8225244 -0.5741914 -0.8124689 -0.1009874 0.3968819 0.1318044 -0.9083569 -0.0016750 0.0028641 0.0014183 0.0024584 0.0038421 -0.0002866 -0.0013062 0.0003563 0.0010353 0.0137166 0.0089017 -0.0084262 -0.0074210 0.0063847 0.0040415 0.0044303 0.0123522 0.0051724 -0.0029027 0.0017117 0.0028287 0.0224266 0.0196667 0.0132386
-0.2214433 -0.2350604 -0.0307688 0.1595264 0.0432895 -0.2345004 -0.2186300 -0.3071524 -0.0371871 0.1491544 0.0538806 -0.3184072 -0.6826181 -0.7245940 -0.0948475 0.5560298 0.1508857 -0.8173520 -0.5770942 -0.8107572 -0.0981587 0.4193085 0.1514711 -0.8951184 -0.0004546 0.0004318 0.0003986 0.0030684 -0.0004115 0.0052529 -0.0002398 -0.0002990 0.0007204 0.0072492 0.0002760 0.0022048 -0.0014848 0.0012430 0.0012174 0.0158705 -0.0000695 0.0110119 -0.0001594 -0.0001239 0.0019805 0.0189172 0.0002697 0.0091539
-0.2218979 -0.2346286 -0.0303701 0.1625948 0.0428780 -0.2292474 -0.2188698 -0.3074514 -0.0364666 0.1564036 0.0541566 -0.3162024 -0.6841029 -0.7233510 -0.0936300 0.5719003 0.1508162 -0.8063402 -0.5772536 -0.8108811 -0.0961782 0.4382257 0.1517408 -0.8859644 -0.0005401 0.0011899 0.0002737 0.0113835 -0.0039529 -0.0035079 -0.0000958 -0.0008907 0.0004790 0.0144124 -0.0043248 -0.0156832 -0.0027545 0.0025249 0.0006963 0.0215033 -0.0180508 0.0124602 0.0008604 -0.0007819 0.0014462 0.0153775 -0.0194121 0.0046397
-0.2224380 -0.2334387 -0.0300965 0.1739783 0.0389251 -0.2327554 -0.2189656 -0.3083421 -0.0359877 0.1708160 0.0498318 -0.3318856 -0.6868574 -0.7208261 -0.0929338 0.5934036 0.1327654 -0.7938800 -0.5763932 -0.8116630 -0.0947320 0.4536032 0.1323287 -0.8813247 0.0000120 -0.0000146 0.0001256 0.0115659 -0.0175733 -0.0036429 0.0001963 -0.0011218 0.0002473 0.0064260 -0.0130582 -0.0062335 0.0000173 -0.0000660 0.0003851 0.0224594 -0.0618938 0.0092209 0.0016892 -0.0012946 0.0008425 0.0085359 -0.0364456 -0.0002840
-0.2224260 -0.2334533 -0.0299709 0.1855442 0.0213519 -0.2363983 -0.2187693 -0.3094639 -0.0357404 0.1772420 0.0367736 -0.3381191 -0.6868401 -0.7208921 -0.0925487 0.6158630 0.0708716 -0.7846591 -0.5747040 -0.8129576 -0.0938895 0.4621391 0.0958831 -0.8816087 -0.0001336 -0.0001644 0.0001677 0.0161325 -0.0136134 0.0018461 0.0001564 -0.0004016 0.0003758 0.0011772 -0.0241398 0.0047582 0.0000006 -0.0000739 0.0005731 0.0359014 -0.0458631 0.0266501 0.0007149 -0.0006239 0.0010364 0.0094758 -0.0624883 0.0004367
-0.2225596 -0.2336177 -0.0298032 0.2016767 0.0077384 -0.2345522 -0.2186129 -0.3098655 -0.0353646 0.1784192 0.0126338 -0.3333609 -0.6868396 -0.7209660 -0.0919756 0.6517645 0.0250085 -0.7580090 -0.5739891 -0.8135815 -0.0928531 0.4716150 0.0333948 -0.8811720 0.0001247 -0.0014781 0.0009335 0.0035982 -0.0155470 0.0006449 0.0000416 -0.0000501 0.0005797 0.0015013 -0.0278017 -0.0001562 0.0022812 -0.0025572 0.0031269 0.0076349 -0.0500917 0.0066347 0.0000542 -0.0002095 0.0015134 0.0027888 -0.0733886 0.0017736
-0.2224349 -0.2350958 -0.0288698 0.2052749 -0.0078085 -0.2339073 -0.2185713 -0.3099156 -0.0347848 0.1799205 -0.0151679 -0.3335171 -0.6845584 -0.7235232 -0.0888487 0.6593994 -0.0250832 -0.7513743 -0.5739349 -0.8137910 -0.0913397 0.4744038 -0.0399938 -0.8793984 0.0002299 0.0002839 0.0000779 0.0005980 -0.0221626 0.0056501 0.0004994 0.0006711 0.0000398 0.0039483 -0.0349739 0.0041611 -0.0000714 0.0000505 0.0001388 0.0071972 -0.0719606 0.0122995 0.0000509 -0.0000251 -0.0000962 0.0087970 -0.0917770 0.0138619
-0.2222049 -0.2348119 -0.0287919 0.2058729 -0.0299712 -0.2282572 -0.2180719 -0.3092445 -0.0347450 0.1838687 -0.0501417 -0.3293560 -0.6846298 -0.7234726 -0.0887099 0.6665966 -0.0970438 -0.7390747 -0.5738839 -0.8138161 -0.0914359 0.4832008 -0.1317708 -0.8655365 0.0013456 -0.0021658 -0.0007714 0.0006405 -0.0100773 0.0001158 0.0007039 0.0001568 -0.0003465 0.0038939 -0.0098594 0.0010447 0.0056609 -0.0050474 -0.0021738 -0.0011169 -0.0320107 0.0039001 0.0010997 -0.0006577 -0.0010335 0.0071174 -0.0249146 0.0081931
-0.2208593 -0.2369777 -0.0295633 0.2065134 -0.0400485 -0.2281413 -0.2173680 -0.3090877 -0.0350915 0.1877626 -0.0600012 -0.3283114 -0.6789688 -0.7285200 -0.0908838 0.6654797 -0.1290545 -0.7351746 -0.5727842 -0.8144739 -0.0924694 0.4903182 -0.1566854 -0.8573434 0.0016756 -0.0021353 -0.0010386 -0.0014710 -0.0035376 -0.0000753 0.0007287 0.0010652 -0.0003193 0.0028592 -0.0053575 0.0018233 0.0062367 -0.0053802 -0.0030413 -0.0037941 -0.0116008 -0.0012955 0.0000259 0.0001133 -0.0011511 0.0065193 -0.0136656 0.0063833
-0.2191837 -0.2391130 -0.0306018 0.2050424 -0.0435861 -0.2282166 -0.2166392 -0.3080225 -0.0354109 0.1906218 -0.0653586 -0.3264881 -0.6727321 -0.7339003 -0.0939251 0.6616856 -0.1406553 -0.7364701 -0.5727583 -0.8143606 -0.0936205 0.4968375 -0.1703510 -0.8509601 0.0001214 0.0004374 -0.0005578 0.0002131 -0.0003359 -0.0001719 0.0006268 0.0005333 -0.0006380 0.0004613 -0.0003068 0.0005530 -0.0003497 0.0005553 -0.0018148 0.0000152 -0.0009402 0.0001938 0.0005484 -0.0001682 -0.0018719 0.0014470 -0.0008838 0.0010241
-0.2190623 -0.2386756 -0.0311596 0.2052556 -0.0439221 -0.2283884 -0.2160125 -0.3074892 -0.0360489 0.1910831 -0.0656654 -0.3259351 -0.6730818 -0.7333449 -0.0957398 0.6617008 -0.1415955 -0.7362763 -0.5722099 -0.8145287 -0.0954924 0.4982845 -0.1712348 -0.8499360 -0.0003711 0.0029487 -0.0023889 0.0129578 0.0002444 0.0012057 0.0007602 -0.0000739 -0.0032996 0.0006029 0.0036244 0.0010526 -0.0046091 0.0053339 -0.0078704 0.0244614 0.0042530 0.0219105 0.0019464 -0.0002918 -0.0087529 0.0031382 0.0089444 0.0000906
-0.2194334 -0.2357269 -0.0335486 0.2182134 -0.0436777 -0.2271827 -0.2152523 -0.3075631 -0.0393485 0.1916860 -0.0620410 -0.3248825 -0.6776908 -0.7280110 -0.1036103 0.6861622 -0.1373425 -0.7143658 -0.5702635 -0.8148205 -0.1042453 0.5014227 -0.1622903 -0.8498454 0.0005304 -0.0005288 -0.0006706 0.0010531 0.0051183 0.0000079 0.0001282 0.0006619 -0.0022291 0.0039732 0.0265651 0.0009610 0.0018397 -0.0014157 -0.0020397 0.0031880 0.0161159 0.0001526 -0.0002242 0.0009491 -0.0060144 0.0133520 0.0689539 -0.0023843
-0.2189030 -0.2362557 -0.0342192 0.2192665 -0.0385594 -0.2271748 -0.2151241 -0.3069012 -0.0415776 0.1956592 -0.0354760 -0.3239215 -0.6758512 -0.7294267 -0.1056499 0.6893502 -0.1212267 -0.7142132 -0.5704876 -0.8138714 -0.1102597 0.5147746 -0.0933364 -0.8522297 0.0006937 -0.0008077 -0.0018789 0.0112055 0.0191234 -0.0050457 0.0008607 -0.0004889 -0.0014229 0.0012286 0.0201844 -0.0017795 0.0028188 -0.0017581 -0.0056889 0.0138397 0.0619256 0.0056883 0.0023846 -0.0011501 -0.0037528 0.0021358 0.0531898 -0.0028679
-0.2182093 -0.2370634 -0.0360981 0.2304720 -0.0194360 -0.2322206 -0.2142634 -0.3073901 -0.0430005 0.1968877 -0.0152916 -0.3257009 -0.6730323 -0.7311848 -0.1113388 0.7031898 -0.0593010 -0.7085248 -0.5681031 -0.8150215 -0.1140125 0.5169104 -0.0401467 -0.8550976 0.0021544 -0.0031674 -0.0028573 -0.0022523 0.0169520 0.0135334 0.0015596 -0.0012404 -0.0012707 0.0111476 0.0255302 0.0104843 0.0091370 -0.0069984 -0.0083636 0.0188130 0.0514424 0.0166794 0.0045493 -0.0026880 -0.0032831 0.0337154 0.0672461 0.0207854
-0.2160549 -0.2402308 -0.0389554 0.2282197 -0.0024841 -0.2186872 -0.2127037 -0.3086305 -0.0442712 0.2080353 0.0102386 -0.3152166 -0.6638953 -0.7381831 -0.1197024 0.7220028 -0.0078587 -0.6918455 -0.5635538 -0.8177095 -0.1172956 0.5506258 0.0270994 -0.8343122 -0.0001915 -0.0003519 -0.0013481 0.0010334 0.0067789 -0.0012407 0.0000646 -0.0003747 -0.0008654 0.0012988 0.0236707 0.0011169 0.0005343 0.0001679 -0.0039331 -0.0004376 0.0213765 -0.0003691 0.0007266 -0.0001855 -0.0021750 0.0017296 0.0623747 0.0055191
-0.2162464 -0.2405826 -0.0403035 0.2292531 0.0042948 -0.2199279 -0.2126391 -0.3090051 -0.0451366 0.2093341 0.0339093 -0.3140997 -0.6633610 -0.7380152 -0.1236355 0.7215652 0.0135178 -0.6922145 -0.5628272 -0.8178951 -0.1194706 0.5523554 0.0894741 -0.8287930 -0.0000822 -0.0015505 -0.0023958 -0.0068403 0.0409738 -0.0043310 0.0000994 -0.0016230 -0.0010703 0.0112726 0.0158152 -0.0020012 0.0027957 -0.0013451 -0.0067477 -0.0245101 0.1283567 -0.0106267 0.0023427 -0.0012565 -0.0023808 0.0152474 0.0384629 0.0154917
-0.2163286 -0.2421332 -0.0426992 0.2224128 0.0452686 -0.2242590 -0.2125398 -0.3106282 -0.0462069 0.2206067 0.0497245 -0.3161009 -0.6605654 -0.7393603 -0.1303832 0.6970551 0.1418746 -0.7028412 -0.5604845 -0.8191516 -0.1218515 0.5676028 0.1279370 -0.8133014 -0.0000074 -0.0001176 -0.0013869 0.0024330 0.0018620 0.0016231 0.0004316 -0.0000502 -0.0021483 0.0149837 0.0177062 0.0030673 0.0005326 0.0002628 -0.0041217 0.0057813 0.0054492 0.0069126 0.0012375 0.0000130 -0.0056427 0.0250147 0.0416819 0.0258791
-0.2163360 -0.2422507 -0.0440861 0.2248457 0.0471306 -0.2226359 -0.2121081 -0.3106783 -0.0483553 0.2355905 0.0674307 -0.3130336 -0.6600328 -0.7390975 -0.1345049 0.7028364 0.1473238 -0.6959286 -0.5592470 -0.8191386 -0.1274941 0.5926176 0.1696189 -0.7874223 0.0001851 -0.0004237 -0.0011916 0.0078284 0.0099590 0.0013880 -0.0000421 -0.0003651 -0.0022397 0.0137993 0.0102458 -0.0044812 0.0012753 -0.0004949 -0.0034867 0.0106494 0.0277391 0.0174812 0.0007938 0.0003638 -0.0056895 0.0139485 0.0193058 0.0151626
-0.2161509 -0.2426744 -0.0452777 0.2326742 0.0570896 -0.2212479 -0.2121502 -0.3110434 -0.0505950 0.2493898 0.0776765 -0.3175148 -0.6587575 -0.7395924 -0.1379915 0.7134858 0.1750629 -0.6784475 -0.5584533 -0.8187747 -0.1331836 0.6065660 0.1889247 -0.7722597 -0.0001258 0.0000466 -0.0001928 0.0013981 0.0006484 0.0011686 0.0000426 0.0000524 -0.0001511 0.0066038 0.0029234 0.0000172 -0.0002326 0.0003112 -0.0005558 0.0035754 0.0018127 0.0042530 0.0000439 0.0000376 -0.0004142 0.0091986 0.0049495 0.0085538
-0.2162768 -0.2426278 -0.0454704 0.2340723 0.0577380 -0.2200792 -0.2121075 -0.3109910 -0.0507461 0.2559936 0.0805999 -0.3174976 -0.6589901 -0.7392812 -0.1385473 0.7170612 0.1768756 -0.6741945 -0.5584094 -0.8187372 -0.1335979 0.6157646 0.1938742 -0.7637059 -0.0000334 0.0000580 -0.0002690 0.0053202 -0.0010512 0.0012813 0.0003029 0.0001060 -0.0006178 0.0111602 -0.0022819 -0.0004696 -0.0000685 0.0002138 -0.0008126 0.0100596 -0.0046974 0.0096270 0.0005437 -0.0000934 -0.0016880 0.0163719 -0.0085589 0.0113352
-0.2163101 -0.2425699 -0.0457394 0.2393926 0.0566868 -0.2187979 -0.2118047 -0.3108851 -0.0513639 0.2671538 0.0783180 -0.3179672 -0.6590586 -0.7390674 -0.1393599 0.7271208 0.1721782 -0.6645675 -0.5578657 -0.8188306 -0.1352858 0.6321365 0.1853153 -0.7523707 -0.0007604 0.0047328 -0.0004414 0.0021096 -0.0076323 0.0131669 0.0000243 0.0015107 0.0002173 0.0020713 -0.0054932 -0.0009437 -0.0082390 0.0079313 -0.0026048 0.0253218 -0.0193400 0.0238877 -0.0018214 0.0012245 0.0001171 0.0033343 -0.0134217 -0.0003772
-0.2170705 -0.2378371 -0.0461808 0.2415022 0.0490546 -0.2056310 -0.2117803 -0.3093744 -0.0511466 0.2692251 0.0728248 -0.3189109 -0.6672975 -0.7311361 -0.1419647 0.7524426 0.1528382 -0.6406798 -0.5596872 -0.8176061 -0.1351688 0.6354709 0.1718936 -0.7527479 -0.0004395 0.0008251 0.0002509 0.0103882 -0.0166596 0.0068935 -0.0000344 -0.0002405 -0.0000831 0.0106946 -0.0391006 0.0295931 -0.0020596 0.0017644 0.0006215 0.0286557 -0.0523830 0.0244054 0.0002448 -0.0001447 -0.0001383 0.0574397 -0.0884129 0.0365734
-0.2175101 -0.2370120 -0.0459300 0.2518904 0.0323950 -0.1987376 -0.2118148 -0.3096149 -0.0512297 0.2799197 0.0337242 -0.2893178 -0.6693572 -0.7293717 -0.1413432 0.7810983 0.1004552 -0.6162744 -0.5594423 -0.8177507 -0.1353071 0.6929106 0.0834807 -0.7161745 0.0009063 -0.0022819 0.0004661 0.0067497 -0.0163283 0.0169639 -0.0001154 0.0001052 -0.0000113 0.0008478 -0.0066397 0.0041741 0.0048338 -0.0047633 0.0018636 0.0359991 -0.0496970 0.0420137 -0.0003342 0.0002349 -0.0000370 0.0071057 -0.0159528 0.0052475
-0.2166038 -0.2392939 -0.0454639 0.2586401 0.0160668 -0.1817737 -0.2119302 -0.3095097 -0.0512410 0.2807676 0.0270845 -0.2851437 -0.6645234 -0.7341349 -0.1394796 0.8170975 0.0507582 -0.5742607 -0.5597766 -0.8175159 -0.1353441 0.7000163 0.0675278 -0.7109270 -0.0001246 0.0004929 0.0004041 0.0013095 -0.0023227 -0.0005900 -0.0000875 -0.0002667 0.0005791 0.0011883 -0.0258731 -0.0025623 -0.0010662 0.0007586 0.0010975 0.0007780 -0.0075154 0.0004927 0.0000485 -0.0002959 0.0015964 -0.0000859 -0.0645204 -0.0032777
-0.2167284 -0.2388010 -0.0450598 0.2599496 0.0137441 -0.1823637 -0.2120177 -0.3097764 -0.0506619 0.2819559 0.0012115 -0.2877060 -0.6655896 -0.7333763 -0.1383821 0.8178755 0.0432429 -0.5737680 -0.5597281 -0.8178117 -0.1337477 0.6999304 0.0030074 -0.7142047 0.0001585 0.0001516 0.0012347 0.0049143 -0.0124346 -0.0125720 -0.0003351 -0.0001275 0.0006420 -0.0031395 -0.0171215 0.0095760 -0.0003013 -0.0004028 0.0036323 -0.0124962 -0.0392610 -0.0189784 -0.0005791 0.0001095 0.0017670 0.0074702 -0.0433735 0.0085455
-0.2165699 -0.2386494 -0.0438251 0.2648639 0.0013095 -0.1949357 -0.2123528 -0.3099039 -0.0500198 0.2788164 -0.0159100 -0.2781300 -0.6658909 -0.7337791 -0.1347499 0.8053793 0.0039818 -0.5927464 -0.5603072 -0.8177022 -0.1319807 0.7074006 -0.0403661 -0.7056592 -0.0005459 0.0002569 0.0015395 0.0016577 -0.0088860 -0.0017983 -0.0010193 0.0002177 0.0013835 -0.0034171 -0.0123229 0.0010875 -0.0017365 0.0007262 0.0047222 -0.0010381 -0.0268471 -0.0009811 -0.0023712 0.0010364 0.0037230 -0.0042343 -0.0317198 -0.0017026
-0.2171158 -0.2383925 -0.0422856 0.2665216 -0.0075765 -0.1967340 -0.2133721 -0.3096862 -0.0486363 0.2753993 -0.0282329 -0.2770425 -0.6676274 -0.7330528 -0.1300277 0.8043412 -0.0228653 -0.5937276 -0.5626784 -0.8166658 -0.1282577 0.7031664 -0.0720859 -0.7073618 -0.0000101 0.0019904 0.0032754 -0.0006609 -0.0136722 0.0012048 -0.0001206 -0.0004232 0.0023794 0.0011850 -0.0106871 -0.0013896 -0.0038737 0.0019367 0.0093814 -0.0004176 -0.0413877 0.0024760 -0.0001459 -0.0008659 0.0063118 -0.0018577 -0.0265998 0.0013679
-0.2171258 -0.2364020 -0.0390102 0.2658607 -0.0212487 -0.1955292 -0.2134927 -0.3101093 -0.0462570 0.2765843 -0.0389200 -0.2784321 -0.6715011 -0.7311161 -0.1206463 0.8039236 -0.0642530 -0.5912515 -0.5628243 -0.8175317 -0.1219459 0.7013086 -0.0986857 -0.7059939 0.0000909 -0.0007565 0.0020626 -0.0024170 -0.0039037 -0.0008477 0.0003791 0.0012401 0.0023653 -0.0011088 -0.0054543 -0.0027507 0.0008009 -0.0017716 0.0064674 -0.0045042 -0.0120719 -0.0046537 -0.0012445 0.0000169 0.0057735 -0.0058931 -0.0133335 -0.0038293
-0.2170349 -0.2371585 -0.0369477 0.2634438 -0.0251524 -0.1963769 -0.2131136 -0.3088692 -0.0438917 0.2754755 -0.0443742 -0.2811828 -0.6707002 -0.7328878 -0.1141789 0.7994195 -0.0763249 -0.5959052 -0.5640688 -0.8175147 -0.1161724 0.6954156 -0.1120192 -0.7098231 0.0000000 0.0000000 0.0000000 0.0000000 0.0000000 0.0000000 0.0000000 0.0000000 0.0000000 0.0000000 0.0000000 0.0000000 0.0000000 0.0000000 0.0000000 0.0000000 0.0000000 0.0000000 0.0000000 0.0000000 0.0000000 0.0000000 0.0000000 0.0000000
