-0.4365686 0.3972929 -0.1845458 0.3824953 0.4880395 -0.1657853 -0.4035593 0.4544936 -0.2486925 0.3641456 0.5678351 -0.2416747 -0.7058979 0.6423922 -0.2983964 0.5959274 0.7603651 -0.2582934 -0.6145136 0.6920730 -0.3786925 0.5081921 0.7924560 -0.3372749 -0.0020793 0.0038295 0.0050300 0.0167074 0.0098618 -0.0092524 -0.0111842 0.0024043 0.0067418 0.0320178 0.0092523 -0.0045547 -0.0005546 0.0036247 0.0092821 0.0073301 -0.0079588 -0.0062159 -0.0112281 -0.0027312 0.0136510 0.0257013 -0.0147385 0.0054415
-0.4386479 0.4011224 -0.1795158 0.3992028 0.4979013 -0.1750377 -0.4147435 0.4568979 -0.2419507 0.3961634 0.5770874 -0.2462294 -0.7064525 0.6460168 -0.2891143 0.6032575 0.7524063 -0.2645093 -0.6257416 0.6893418 -0.3650415 0.5338934 0.7777174 -0.3318334 -0.0037923 0.0027393 -0.0035571 0.0049474 0.0035386 -0.0018393 -0.0061221 0.0001810 -0.0031877 0.0076112 -0.0006539 0.0003320 0.0001271 -0.0012793 -0.0031490 0.0018657 -0.0016139 -0.0003240 -0.0043547 -0.0050289 -0.0019659 0.0077200 -0.0045035 0.0019926
-0.4424402 0.4038617 -0.1830729 0.4041502 0.5014399 -0.1768771 -0.4208656 0.4570789 -0.2451384 0.4037746 0.5764335 -0.2458974 -0.7063255 0.6447375 -0.2922633 0.6051231 0.7507925 -0.2648333 -0.6300964 0.6843129 -0.3670074 0.5416135 0.7732140 -0.3298409 -0.0008049 -0.0060186 -0.0140377 0.0134735 -0.0055231 0.0036558 -0.0135726 -0.0176458 -0.0153799 0.0189761 -0.0142338 0.0075550 -0.0001833 -0.0105971 -0.0219203 0.0171924 -0.0118095 0.0067102 -0.0177362 -0.0290319 -0.0214765 0.0275993 -0.0162400 0.0089246
-0.4432451 0.3978431 -0.1971106 0.4176236 0.4959168 -0.1732213 -0.4344382 0.4394331 -0.2605183 0.4227507 0.5621997 -0.2383425 -0.7065087 0.6341404 -0.3141836 0.6223156 0.7389830 -0.2581231 -0.6478326 0.6552810 -0.3884839 0.5692128 0.7569739 -0.3209163 -0.0004413 -0.0148416 -0.0163589 0.0112985 -0.0207684 0.0111227 -0.0005998 -0.0139314 -0.0157735 0.0143241 -0.0344390 0.0123524 -0.0047638 -0.0201517 -0.0280287 0.0272562 -0.0194047 0.0126364 -0.0031134 -0.0186040 -0.0249308 0.0365298 -0.0255495 0.0077163
-0.4436864 0.3830015 -0.2134695 0.4289221 0.4751484 -0.1620986 -0.4350379 0.4255017 -0.2762918 0.4370748 0.5277607 -0.2259901 -0.7112725 0.6139887 -0.3422124 0.6495718 0.7195782 -0.2454867 -0.6509460 0.6366770 -0.4134147 0.6057426 0.7314244 -0.3132000 -0.0091858 -0.0148049 -0.0031157 0.0182133 -0.0351655 0.0176903 -0.0152781 -0.0354421 0.0224439 0.0108098 -0.0091636 -0.0040298 -0.0161721 -0.0225577 -0.0056866 0.0450454 -0.0360723 0.0211508 -0.0444286 -0.0343499 0.0214247 0.0139019 -0.0139496 -0.0050305
-0.4528721 0.3681966 -0.2165852 0.4471353 0.4399829 -0.1444083 -0.4503160 0.3900596 -0.2538479 0.4478845 0.5185971 -0.2300199 -0.7274446 0.5914310 -0.3478989 0.6946172 0.6835060 -0.2243359 -0.6953746 0.6023271 -0.3919900 0.6196445 0.7174748 -0.3182305 -0.0242632 -0.0511226 0.0373940 0.0032603 0.0102847 -0.0271704 -0.0117797 -0.0156692 -0.0009321 0.0116496 -0.0187381 0.0011188 -0.0674459 -0.0631970 0.0493727 -0.0117576 -0.0008406 -0.0358003 -0.0188344 -0.0236743 -0.0017946 0.0216813 -0.0198716 -0.0012237
-0.4771353 0.3170740 -0.1791912 0.4503957 0.4502676 -0.1715788 -0.4620957 0.3743904 -0.2547800 0.4595342 0.4998590 -0.2289010 -0.7948905 0.5282340 -0.2985262 0.6828596 0.6826654 -0.2601361 -0.7142090 0.5786529 -0.3937846 0.6413258 0.6976032 -0.3194543 -0.0008978 -0.0025405 0.0013636 0.0066997 -0.0236845 0.0310517 -0.0101156 -0.0130893 -0.0013455 0.0050296 -0.0068514 0.0017757 -0.0028628 -0.0033329 0.0017631 0.0304321 -0.0169878 0.0408454 -0.0151914 -0.0205697 -0.0018392 0.0088992 -0.0075669 0.0015591
-0.4780332 0.3145335 -0.1778276 0.4570954 0.4265831 -0.1405271 -0.4722113 0.3613011 -0.2561255 0.4645638 0.4930076 -0.2271253 -0.7977534 0.5249012 -0.2967631 0.7132916 0.6656776 -0.2192907 -0.7294004 0.5580832 -0.3956238 0.6502250 0.6900363 -0.3178951 -0.0142657 -0.0164243 0.0240488 0.0014203 -0.0023976 0.0011653 -0.0072344 -0.0080961 0.0028205 0.0021646 -0.0061297 0.0012699 -0.0286479 -0.0244778 0.0386210 0.0031464 -0.0028810 0.0015358 -0.0114724 -0.0122862 0.0041993 0.0059709 -0.0055112 0.0003541
-0.4922988 0.2981092 -0.1537789 0.4585157 0.4241855 -0.1393617 -0.4794457 0.3532050 -0.2533050 0.4667284 0.4868779 -0.2258555 -0.8264013 0.5004234 -0.2581421 0.7164381 0.6627966 -0.2177549 -0.7408728 0.5457969 -0.3914245 0.6561959 0.6845251 -0.3175411 -0.0009191 0.0040365 0.0001114 0.0065153 0.0273175 -0.0386993 -0.0071420 -0.0000801 0.0037973 0.0043776 0.0020269 0.0036243 0.0022737 0.0044379 0.0013761 -0.0246042 0.0089115 -0.0471493 -0.0066461 -0.0033098 0.0081190 0.0032547 -0.0001599 0.0064635
-0.4932180 0.3021457 -0.1536675 0.4650310 0.4515030 -0.1780611 -0.4865877 0.3531249 -0.2495077 0.4711060 0.4889048 -0.2222312 -0.8241276 0.5048612 -0.2567660 0.6918338 0.6717080 -0.2649042 -0.7475190 0.5424871 -0.3833055 0.6594505 0.6843652 -0.3110775 -0.0120018 0.0379244 -0.0355084 0.0015475 0.0040938 0.0060326 -0.0060731 0.0045470 0.0036727 0.0103103 0.0042339 0.0074891 0.0318950 0.0284011 -0.0398798 -0.0000237 0.0038192 0.0098323 -0.0028411 0.0022745 0.0088801 0.0074733 -0.0012019 0.0135873
-0.5052198 0.3400701 -0.1891759 0.4665785 0.4555968 -0.1720285 -0.4926608 0.3576719 -0.2458350 0.4814163 0.4931387 -0.2147421 -0.7922327 0.5332623 -0.2966458 0.6918101 0.6755273 -0.2550719 -0.7503601 0.5447617 -0.3744255 0.6669238 0.6831634 -0.2974902 -0.0046963 0.0086961 0.0018069 0.0046641 0.0145353 0.0048302 -0.0168421 0.0194839 0.0131240 0.0019012 0.0093248 0.0060421 0.0023620 0.0069839 0.0064073 -0.0051980 0.0094669 0.0114598 -0.0041535 0.0137614 0.0298080 -0.0027988 0.0072702 0.0107161
-0.5099161 0.3487662 -0.1873690 0.4712425 0.4701321 -0.1671983 -0.5095030 0.3771558 -0.2327110 0.4833175 0.5024635 -0.2087000 -0.7898707 0.5402462 -0.2902385 0.6866121 0.6849942 -0.2436121 -0.7545136 0.5585231 -0.3446175 0.6641251 0.6904336 -0.2867741 -0.0133143 0.0255419 0.0127599 0.0098623 0.0242351 0.0461909 -0.0090461 0.0329414 -0.0091649 0.0141541 0.0344151 0.0147608 0.0049549 0.0212663 0.0283015 0.0003276 0.0208821 0.0708331 0.0179091 0.0240244 0.0010302 -0.0071236 0.0186120 0.0306422
-0.5232303 0.3743081 -0.1746091 0.4811048 0.4943672 -0.1210075 -0.5185491 0.4100972 -0.2418759 0.4974716 0.5368786 -0.1939392 -0.7849158 0.5615124 -0.2619370 0.6869397 0.7058762 -0.1727791 -0.7366045 0.5825475 -0.3435873 0.6570014 0.7090455 -0.2561319 -0.0131512 0.0191085 0.0191941 0.0008522 0.0072474 0.0123488 -0.0165180 0.0247025 0.0223262 -0.0007660 0.0129161 0.0203716 -0.0002925 0.0144097 0.0344253 -0.0024042 0.0065795 0.0184484 -0.0028804 0.0183637 0.0401605 -0.0042976 0.0134208 0.0280526
-0.5363815 0.3934166 -0.1554150 0.4819570 0.5016146 -0.1086587 -0.5350671 0.4347997 -0.2195497 0.4967056 0.5497947 -0.1735676 -0.7852083 0.5759221 -0.2275118 0.6845355 0.7124557 -0.1543306 -0.7394849 0.6009112 -0.3034267 0.6527038 0.7224663 -0.2280793 -0.0076053 0.0106153 0.0199401 0.0178583 0.0495997 -0.0114457 -0.0115827 0.0124654 0.0212149 0.0253355 0.0663024 0.0199408 -0.0020079 0.0087620 0.0314629 -0.0213948 0.0188798 -0.0050205 -0.0056481 0.0087515 0.0330785 -0.0176266 0.0270326 0.0411881
-0.5439868 0.4040319 -0.1354749 0.4998153 0.5512143 -0.1201044 -0.5466498 0.4472651 -0.1983348 0.5220411 0.6160971 -0.1536268 -0.7872162 0.5846841 -0.1960489 0.6631407 0.7313355 -0.1593511 -0.7451330 0.6096627 -0.2703482 0.6350772 0.7494989 -0.1868912 -0.0053230 0.0054683 0.0268256 -0.0017507 0.0007142 0.0378451 -0.0083482 0.0041188 0.0240922 -0.0028340 -0.0040852 -0.0038866 -0.0046251 0.0056188 0.0394287 0.0027472 0.0065659 0.0493745 -0.0086380 0.0033847 0.0337006 -0.0002648 -0.0012180 -0.0056938
-0.5493098 0.4095002 -0.1086493 0.4980646 0.5519285 -0.0822592 -0.5549980 0.4513839 -0.1742426 0.5192071 0.6120119 -0.1575135 -0.7918413 0.5903029 -0.1566202 0.6658879 0.7379014 -0.1099766 -0.7537710 0.6130474 -0.2366477 0.6348124 0.7482809 -0.1925850 -0.0068266 0.0040610 0.0214917 0.0122730 0.0119335 0.0398433 -0.0154901 0.0080100 0.0232752 0.0159183 0.0236441 0.0451077 -0.0043334 0.0017586 0.0318438 0.0041119 0.0023684 0.0542905 -0.0090591 0.0012327 0.0347811 0.0033946 0.0098221 0.0585264
-0.5561365 0.4135612 -0.0871576 0.5103376 0.5638620 -0.0424160 -0.5704882 0.4593939 -0.1509674 0.5351254 0.6356560 -0.1124057 -0.7961747 0.5920614 -0.1247764 0.6699998 0.7402697 -0.0556860 -0.7628302 0.6142801 -0.2018665 0.6382070 0.7581030 -0.1340586 -0.0090908 0.0026175 0.0211994 0.0059959 0.0215150 -0.0182594 -0.0233936 0.0055081 0.0336998 -0.0031778 0.0106489 -0.0148127 -0.0055564 -0.0017442 0.0312197 -0.0104943 0.0074242 -0.0218137 -0.0152454 -0.0051877 0.0482281 -0.0099305 0.0052395 -0.0161975
-0.5652272 0.4161787 -0.0659582 0.5163334 0.5853770 -0.0606753 -0.5938818 0.4649020 -0.1172676 0.5319476 0.6463049 -0.1272184 -0.8017311 0.5903173 -0.0935567 0.6595056 0.7476939 -0.0774998 -0.7780756 0.6090925 -0.1536384 0.6282765 0.7633425 -0.1502561 -0.0074400 0.0041600 0.0072662 0.0136252 0.0238788 0.0024684 -0.0085569 0.0030773 0.0068865 0.0280279 0.0322190 0.0291985 -0.0016794 -0.0006126 0.0112160 -0.0049047 0.0048541 0.0056030 -0.0035079 -0.0019520 0.0104337 0.0043228 0.0031799 0.0395238
-0.5726672 0.4203387 -0.0586920 0.5299587 0.6092558 -0.0582069 -0.6024387 0.4679793 -0.1103811 0.5599755 0.6785239 -0.0980200 -0.8034105 0.5897047 -0.0823407 0.6546009 0.7525481 -0.0718968 -0.7815835 0.6071405 -0.1432047 0.6325993 0.7665224 -0.1107323 -0.0152366 0.0010646 0.0214042 0.0078019 0.0185134 -0.0048848 -0.0130843 -0.0091198 0.0352707 0.0009871 0.0085509 -0.0071674 -0.0082816 -0.0078923 0.0308590 -0.0059245 0.0047016 -0.0042080 -0.0163433 -0.0123027 0.0458361 -0.0045659 0.0027017 -0.0070317
-0.5879038 0.4214033 -0.0372879 0.5377605 0.6277692 -0.0630917 -0.6155229 0.4588595 -0.0751104 0.5609626 0.6870748 -0.1051874 -0.8116921 0.5818124 -0.0514817 0.6486763 0.7572497 -0.0761047 -0.7979269 0.5948378 -0.0973686 0.6280334 0.7692241 -0.1177640 -0.0097155 0.0009575 0.0074352 -0.0005746 -0.0122058 0.0256571 -0.0257447 0.0122793 0.0059774 0.0163628 -0.0031425 0.0274178 -0.0042675 -0.0051421 0.0107223 0.0081459 -0.0045947 0.0303330 -0.0049286 -0.0049805 0.0108153 0.0145843 -0.0079429 0.0311991
-0.5976194 0.4223608 -0.0298527 0.5371860 0.6155634 -0.0374346 -0.6412676 0.4711388 -0.0691331 0.5773254 0.6839323 -0.0777695 -0.8159596 0.5766703 -0.0407594 0.6568222 0.7526550 -0.0457717 -0.8028555 0.5898573 -0.0865534 0.6426177 0.7612812 -0.0865648 -0.0168312 0.0035237 0.0081771 0.0009673 -0.0017943 0.0045452 0.0026493 -0.0164737 0.0206108 0.0126434 0.0038900 0.0085336 -0.0055770 -0.0072515 0.0117786 0.0019145 -0.0013593 0.0055127 -0.0102205 -0.0109868 0.0247758 0.0065405 -0.0044523 0.0103827
-0.6144506 0.4258845 -0.0216755 0.5381533 0.6137691 -0.0328895 -0.6386183 0.4546651 -0.0485223 0.5899688 0.6878223 -0.0692359 -0.8215366 0.5694188 -0.0289808 0.6587367 0.7512957 -0.0402590 -0.8130760 0.5788704 -0.0617776 0.6491582 0.7568289 -0.0761821 -0.0109730 0.0001228 0.0098224 0.0121252 -0.0239750 0.0391522 -0.0366012 0.0174333 0.0016909 0.0148467 -0.0219538 0.0318478 -0.0048463 -0.0065280 0.0133190 0.0234311 -0.0201412 0.0480227 -0.0051517 -0.0067839 0.0050275 0.0226184 -0.0172400 0.0346547
-0.6254236 0.4260073 -0.0118532 0.5502784 0.5897941 0.0062627 -0.6752195 0.4720984 -0.0468314 0.6048155 0.6658685 -0.0373881 -0.8263829 0.5628908 -0.0156618 0.6821678 0.7311545 0.0077637 -0.8182276 0.5720865 -0.0567501 0.6717765 0.7395889 -0.0415275 -0.0093122 -0.0020085 0.0093108 0.0550809 0.0434134 -0.0221221 0.0094429 -0.0229738 0.0216550 0.0108799 0.0282900 -0.0232562 -0.0051536 -0.0074306 0.0123312 0.0087524 -0.0084501 -0.0258646 -0.0103725 -0.0131232 0.0254165 -0.0096292 0.0069413 -0.0236922
-0.6347358 0.4239988 -0.0025424 0.6053594 0.6332075 -0.0158594 -0.6657766 0.4491246 -0.0251764 0.6156954 0.6941585 -0.0606443 -0.8315364 0.5554602 -0.0033307 0.6909202 0.7227044 -0.0181009 -0.8286001 0.5589633 -0.0313336 0.6621473 0.7465302 -0.0652197 -0.0081559 -0.0046647 0.0075637 0.0053643 -0.0060084 0.0058405 -0.0151577 -0.0003819 0.0034875 0.0473970 -0.0143437 0.0328314 -0.0060223 -0.0091521 0.0098724 0.0066683 -0.0062971 0.0066570 -0.0060938 -0.0088914 0.0047472 0.0358009 -0.0309805 0.0359448
-0.6428916 0.4193341 0.0050213 0.6107237 0.6271991 -0.0100189 -0.6809343 0.4487427 -0.0216889 0.6630924 0.6798148 -0.0278129 -0.8375587 0.5463081 0.0065417 0.6975885 0.7164072 -0.0114439 -0.8346940 0.5500719 -0.0265864 0.6979482 0.7155496 -0.0292749 -0.0109162 -0.0052208 0.0084522 -0.0207659 -0.0747159 0.0485912 -0.0229675 -0.0024108 0.0068561 -0.0299182 -0.0674786 0.0469579 -0.0071119 -0.0113049 0.0108650 0.0314906 -0.0336398 0.0591122 -0.0097052 -0.0146530 0.0087930 0.0207185 -0.0205345 0.0510049
-0.6538079 0.4141133 0.0134735 0.5899578 0.5524832 0.0385723 -0.7039018 0.4463319 -0.0148328 0.6331742 0.6123362 0.0191450 -0.8446706 0.5350033 0.0174067 0.7290791 0.6827674 0.0476683 -0.8443992 0.5354189 -0.0177934 0.7186667 0.6950151 0.0217300 -0.0125331 -0.0047653 0.0054195 0.0063136 -0.0073400 0.0035833 -0.0282376 -0.0026604 0.0003501 0.0342836 0.0048519 0.0027884 -0.0071430 -0.0117153 0.0067450 0.0079589 -0.0089279 0.0044393 -0.0107018 -0.0172335 0.0008783 0.0153345 -0.0162954 0.0023901
-0.6663410 0.4093480 0.0188930 0.5962714 0.5451432 0.0421556 -0.7321394 0.4436715 -0.0144827 0.6674579 0.6171881 0.0219334 -0.8518136 0.5232879 0.0241518 0.7370380 0.6738396 0.0521076 -0.8551010 0.5181854 -0.0169151 0.7340012 0.6787197 0.0241201 -0.0152916 -0.0095714 -0.0020501 -0.0055391 -0.0279063 0.0158204 -0.0323240 -0.0077418 -0.0010657 -0.0484836 -0.0600653 0.0169148 -0.0105787 -0.0174960 -0.0028423 0.0132775 -0.0168738 0.0215303 -0.0134499 -0.0229005 -0.0007504 0.0084581 -0.0104512 0.0224783
-0.6816326 0.3997766 0.0168429 0.5907323 0.5172369 0.0579760 -0.7644633 0.4359297 -0.0155485 0.6189743 0.5571228 0.0388482 -0.8623923 0.5057919 0.0213094 0.7503155 0.6569658 0.0736379 -0.8685510 0.4952849 -0.0176655 0.7424593 0.6682685 0.0465984 -0.0299917 -0.0065168 0.0015170 0.0044578 -0.0051224 0.0009130 -0.0198326 -0.0122384 0.0082804 0.0518903 0.0206017 -0.0051697 -0.0126294 -0.0222349 0.0012661 0.0055886 -0.0065694 0.0011523 -0.0112447 -0.0200029 0.0095124 0.0147420 -0.0161939 -0.0085857
-0.7116242 0.3932598 0.0183599 0.5951901 0.5121145 0.0588890 -0.7842959 0.4236913 -0.0072681 0.6708646 0.5777245 0.0336785 -0.8750217 0.4835570 0.0225755 0.7559041 0.6503963 0.0747903 -0.8797957 0.4752821 -0.0081531 0.7572013 0.6520746 0.0380127 -0.0165722 -0.0077969 0.0035127 0.0204893 -0.0174001 0.0099481 -0.0234406 -0.0121699 0.0091994 0.0068799 -0.0435580 0.0146930 -0.0084815 -0.0158841 0.0039620 0.0206781 -0.0263923 0.0120368 -0.0112271 -0.0213284 0.0102835 0.0269547 -0.0340396 0.0179535
-0.7281964 0.3854629 0.0218726 0.6156793 0.4947144 0.0688371 -0.8077366 0.4115214 0.0019313 0.6777445 0.5341665 0.0483715 -0.8835032 0.4676728 0.0265375 0.7765822 0.6240041 0.0868271 -0.8910228 0.4539536 0.0021304 0.7841559 0.6180350 0.0559662 -0.0070656 -0.0142403 0.0075491 -0.0074800 -0.0037823 0.0007407 -0.0056847 -0.0194909 0.0099794 -0.0083420 -0.0025704 0.0005203 -0.0086040 -0.0172615 0.0091604 -0.0015147 0.0016223 0.0018403 -0.0097346 -0.0198312 0.0110591 -0.0023296 0.0028408 0.0011368
-0.7352620 0.3712226 0.0294217 0.6081994 0.4909321 0.0695778 -0.8134212 0.3920305 0.0119107 0.6694026 0.5315961 0.0488918 -0.8921072 0.4504114 0.0356979 0.7750676 0.6256263 0.0886674 -0.9007574 0.4341224 0.0131896 0.7818264 0.6208758 0.0571030 -0.0056674 -0.0103495 0.0050961 0.0007580 -0.0020018 0.0012873 -0.0076163 -0.0128942 0.0082247 0.0045211 -0.0066409 0.0044007 -0.0061393 -0.0129162 0.0061488 0.0015072 -0.0021164 0.0017035 -0.0068946 -0.0149895 0.0090701 0.0055455 -0.0075498 0.0051607
-0.7409295 0.3608731 0.0345178 0.6089574 0.4889303 0.0708651 -0.8210375 0.3791363 0.0201355 0.6739237 0.5249552 0.0532925 -0.8982466 0.4374951 0.0418467 0.7765748 0.6235099 0.0903709 -0.9076520 0.4191329 0.0222596 0.7873718 0.6133260 0.0622637 -0.0017805 -0.0104373 0.0039537 -0.0307285 -0.0322797 0.0015432 -0.0019114 -0.0078631 0.0022103 -0.0297504 -0.0337748 0.0021974 -0.0051469 -0.0112434 0.0049479 0.0044438 -0.0067081 0.0074315 -0.0035978 -0.0080227 0.0024838 0.0059736 -0.0084023 0.0060761
-0.7427100 0.3504358 0.0384715 0.5782289 0.4566506 0.0724082 -0.8229489 0.3712732 0.0223458 0.6441733 0.4911804 0.0554899 -0.9033935 0.4262517 0.0467947 0.7810187 0.6168018 0.0978024 -0.9112498 0.4111101 0.0247434 0.7933454 0.6049237 0.0683398 -0.0022527 -0.0069919 0.0022551 -0.0010696 -0.0032558 0.0000051 -0.0003120 -0.0076748 0.0018789 -0.0015350 -0.0015229 0.0019371 -0.0036273 -0.0080955 0.0027915 0.0015579 -0.0020389 0.0003836 -0.0031746 -0.0072488 0.0021637 0.0000677 -0.0003836 0.0025606
-0.7449627 0.3434439 0.0407266 0.5771593 0.4533948 0.0724133 -0.8232609 0.3635984 0.0242247 0.6426383 0.4896575 0.0574270 -0.9070207 0.4181562 0.0495862 0.7825766 0.6147629 0.0981860 -0.9144244 0.4038613 0.0269072 0.7934131 0.6045402 0.0709004 -0.0009371 -0.0047487 0.0012339 0.0008493 -0.0005690 -0.0011257 0.0020701 -0.0055090 0.0025058 0.0007517 -0.0001003 -0.0003914 -0.0023146 -0.0052488 0.0015683 0.0009329 -0.0009429 -0.0015533 -0.0018088 -0.0043276 0.0029170 0.0004299 -0.0005029 -0.0005274
-0.7458998 0.3386952 0.0419605 0.5780086 0.4528258 0.0712876 -0.8211908 0.3580894 0.0267305 0.6433900 0.4895572 0.0570356 -0.9093353 0.4129073 0.0511545 0.7835095 0.6138201 0.0966327 -0.9162332 0.3995337 0.0298242 0.7938429 0.6040373 0.0703730 -0.0014508 -0.0021623 -0.0011420 0.0068421 0.0049368 -0.0035944 0.0012004 -0.0013468 -0.0013564 0.0068327 0.0051710 -0.0030165 -0.0013547 -0.0028225 -0.0014149 0.0007100 -0.0000116 -0.0058636 -0.0003758 -0.0007565 -0.0014603 0.0002558 0.0001604 -0.0044010
-0.7473506 0.3365329 0.0408185 0.5848507 0.4577626 0.0676932 -0.8199904 0.3567426 0.0253741 0.6502227 0.4947282 0.0540191 -0.9106901 0.4100848 0.0497397 0.7842195 0.6138085 0.0907690 -0.9166091 0.3987772 0.0283639 0.7940988 0.6041977 0.0659720 -0.0064189 0.0004269 -0.0102621 0.0014194 0.0028374 -0.0047293 0.0036878 0.0020385 -0.0097257 0.0014398 0.0029409 -0.0043462 -0.0016178 -0.0022532 -0.0127565 -0.0006637 0.0017879 -0.0066171 0.0012730 0.0035310 -0.0108170 -0.0008064 0.0016329 -0.0055034
-0.7537695 0.3369598 0.0305564 0.5862701 0.4606000 0.0629640 -0.8163026 0.3587811 0.0156485 0.6516625 0.4976691 0.0496729 -0.9123078 0.4078316 0.0369832 0.7835557 0.6155964 0.0841519 -0.9153361 0.4023083 0.0175469 0.7932924 0.6058306 0.0604686 0.0085890 0.0016041 -0.0107051 -0.0018661 0.0050748 -0.0089890 0.0101182 0.0062706 -0.0189727 -0.0018065 0.0050992 -0.0086185 0.0021379 0.0056932 -0.0127367 -0.0035139 0.0059698 -0.0121081 0.0043829 0.0101843 -0.0213031 -0.0033504 0.0053168 -0.0105644
-0.7451805 0.3385639 0.0198512 0.5844041 0.4656748 0.0539749 -0.8061844 0.3650517 -0.0033242 0.6498560 0.5027683 0.0410543 -0.9101699 0.4135249 0.0242465 0.7800418 0.6215662 0.0720438 -0.9109532 0.4124925 -0.0037562 0.7899420 0.6111474 0.0499042 0.0161126 0.0062249 -0.0140794 -0.0016918 0.0032594 -0.0083212 0.0106368 0.0076606 -0.0159510 -0.0016747 0.0032777 -0.0081793 0.0061872 0.0139842 -0.0170899 -0.0024263 0.0042153 -0.0111200 0.0056244 0.0116520 -0.0181789 -0.0023429 0.0037444 -0.0099581
-0.7290679 0.3447888 0.0057718 0.5827123 0.4689342 0.0456537 -0.7955476 0.3727123 -0.0192752 0.6481813 0.5060460 0.0328750 -0.9039827 0.4275090 0.0071566 0.7776155 0.6257814 0.0609238 -0.9053288 0.4241445 -0.0219351 0.7875991 0.6148918 0.0399462 0.0065691 0.0121705 -0.0188879 -0.0044565 0.0095648 -0.0217441 0.0100967 0.0170617 -0.0218939 -0.0182087 0.0459946 -0.0597846 0.0075550 0.0153820 -0.0234301 -0.0075742 0.0114176 -0.0290843 0.0105450 0.0198851 -0.0249646 -0.0358924 0.0438236 -0.0720556
-0.7224988 0.3569593 -0.0131161 0.5782558 0.4784990 0.0239096 -0.7854509 0.3897740 -0.0411691 0.6299725 0.5520406 -0.0269095 -0.8964278 0.4428910 -0.0162735 0.7700414 0.6371990 0.0318395 -0.8947838 0.4440296 -0.0468997 0.7517067 0.6587154 -0.0321094 0.0143714 0.0112912 -0.0205152 0.0145925 0.0618236 -0.0626604 0.0228770 0.0198790 -0.0263476 -0.0083816 0.0450595 -0.0539950 0.0100099 0.0180766 -0.0258253 -0.0318127 0.0356235 -0.0800930 0.0165158 0.0277740 -0.0308603 -0.0336917 0.0310096 -0.0613454
-0.7081274 0.3682505 -0.0336312 0.5928483 0.5403226 -0.0387508 -0.7625739 0.4096530 -0.0675167 0.6215910 0.5971001 -0.0809045 -0.8864178 0.4609676 -0.0420988 0.7382287 0.6728225 -0.0482534 -0.8782680 0.4718036 -0.0777600 0.7180150 0.6897250 -0.0934548 0.0291395 -0.0002776 -0.0119128 -0.0357379 -0.0149956 0.0085869 0.0332279 0.0049283 -0.0124919 -0.0161261 0.0029468 -0.0016476 0.0087525 0.0146771 -0.0167718 -0.0112367 0.0126944 0.0088916 0.0128305 0.0201360 -0.0171777 -0.0110449 0.0109189 -0.0029370
-0.6789879 0.3679729 -0.0455440 0.5571104 0.5253270 -0.0301639 -0.7293460 0.4145813 -0.0800086 0.6054648 0.6000469 -0.0825521 -0.8776653 0.4756447 -0.0588706 0.7269920 0.6855168 -0.0393618 -0.8654376 0.4919397 -0.0949378 0.7069701 0.7006439 -0.0963918 0.0126381 0.0133757 -0.0223110 -0.0127034 0.0046522 -0.0057603 0.0156239 0.0136006 -0.0251221 -0.0315560 0.0072622 -0.0151424 0.0131162 0.0191323 -0.0291673 -0.0112538 0.0112530 -0.0078681 0.0146774 0.0184552 -0.0303786 -0.0247790 0.0212493 -0.0197351
-0.6663498 0.3813486 -0.0678550 0.5444069 0.5299792 -0.0359242 -0.7137221 0.4281819 -0.1051308 0.5739089 0.6073091 -0.0976945 -0.8645490 0.4947770 -0.0880378 0.7157382 0.6967698 -0.0472300 -0.8507602 0.5103949 -0.1253164 0.6821912 0.7218932 -0.1161270 0.0301454 0.0094701 -0.0192517 -0.0195106 0.0011621 -0.0083590 0.0494720 0.0153292 -0.0295560 -0.0214975 0.0007679 -0.0097533 0.0182174 0.0251223 -0.0278388 -0.0140579 0.0132587 -0.0119677 0.0306801 0.0371619 -0.0409673 -0.0154540 0.0120301 -0.0135579
-0.6362044 0.3908187 -0.0871068 0.5248963 0.5311413 -0.0442832 -0.6642501 0.4435111 -0.1346868 0.5524114 0.6080770 -0.1074477 -0.8463317 0.5198993 -0.1158766 0.7016802 0.7100285 -0.0591977 -0.8200801 0.5475568 -0.1662837 0.6667372 0.7339233 -0.1296849 0.0266152 0.0052153 -0.0158488 -0.0223333 -0.0003895 -0.0118135 0.0407842 0.0075783 -0.0192912 -0.0209657 0.0014290 -0.0088950 0.0160488 0.0195135 -0.0243526 -0.0161351 0.0139689 -0.0173237 0.0256469 0.0272308 -0.0299183 -0.0162425 0.0121181 -0.0127197
-0.6095892 0.3960340 -0.1029555 0.5025630 0.5307518 -0.0560967 -0.6234659 0.4510894 -0.1539780 0.5314456 0.6095060 -0.1163427 -0.8302828 0.5394128 -0.1402292 0.6855452 0.7239974 -0.0765214 -0.7944332 0.5747875 -0.1962020 0.6504946 0.7460413 -0.1424046 0.0273011 0.0053114 -0.0181619 -0.0225626 -0.0027477 -0.0107350 0.0456013 0.0059474 -0.0191577 -0.0469853 -0.0052346 -0.0199837 0.0187320 0.0199532 -0.0285755 -0.0158059 0.0127208 -0.0167282 0.0308966 0.0290985 -0.0325635 -0.0344492 0.0223573 -0.0309496
-0.5822882 0.4013454 -0.1211175 0.4800004 0.5280041 -0.0668317 -0.5778646 0.4570368 -0.1731357 0.4844603 0.6042714 -0.1363264 -0.8115508 0.5593660 -0.1688047 0.6697393 0.7367183 -0.0932495 -0.7635366 0.6038860 -0.2287655 0.6160454 0.7683986 -0.1733542 0.0255575 0.0060970 -0.0182397 -0.0241311 0.0139097 -0.0322607 0.0276417 0.0074859 -0.0164861 -0.0138251 0.0191204 -0.0244863 0.0205508 0.0195260 -0.0291932 -0.0322107 0.0211425 -0.0453301 0.0246215 0.0199391 -0.0258848 -0.0258930 0.0133028 -0.0282967
-0.5567307 0.4074424 -0.1393571 0.4558693 0.5419138 -0.0990924 -0.5502229 0.4645227 -0.1896218 0.4706352 0.6233918 -0.1608127 -0.7910000 0.5788919 -0.1979979 0.6375285 0.7578608 -0.1385796 -0.7389151 0.6238251 -0.2546503 0.5901524 0.7817014 -0.2016509 0.0299228 0.0070597 -0.0201568 -0.0056839 -0.0001168 -0.0074120 0.0389598 0.0071217 -0.0180600 -0.0245744 -0.0036979 -0.0133760 0.0264523 0.0226682 -0.0335021 -0.0056257 0.0026325 -0.0109151 0.0346252 0.0258881 -0.0314415 -0.0205837 0.0095769 -0.0207682
-0.5268079 0.4145021 -0.1595140 0.4501855 0.5417970 -0.1065043 -0.5112631 0.4716444 -0.2076818 0.4460609 0.6196939 -0.1741888 -0.7645477 0.6015601 -0.2315000 0.6319028 0.7604933 -0.1494948 -0.7042899 0.6497132 -0.2860918 0.5695687 0.7912782 -0.2224191 0.0175651 -0.0044457 -0.0086936 -0.0289645 0.0393381 -0.0662657 0.0236134 -0.0075763 -0.0099578 -0.0219365 -0.0022066 -0.0162208 0.0102325 0.0058353 -0.0176572 -0.0613264 0.0266993 -0.0845356 0.0150132 0.0062317 -0.0215346 -0.0208490 0.0076086 -0.0239272
-0.5092428 0.4100564 -0.1682075 0.4212209 0.5811351 -0.1727700 -0.4876497 0.4640681 -0.2176396 0.4241244 0.6174873 -0.1904096 -0.7543152 0.6073955 -0.2491572 0.5705765 0.7871926 -0.2340304 -0.6892767 0.6559449 -0.3076264 0.5487197 0.7988869 -0.2463463 0.0433273 0.0030134 -0.0258224 -0.0199681 -0.0079994 -0.0033020 0.0359659 0.0059599 -0.0251786 -0.0326633 -0.0082600 -0.0136177 0.0399289 0.0259628 -0.0483482 -0.0144008 0.0072296 -0.0100227 0.0399633 0.0197390 -0.0414345 -0.0284001 0.0108815 -0.0248413
-0.4659155 0.4130698 -0.1940300 0.4012528 0.5731357 -0.1760720 -0.4516838 0.4700280 -0.2428182 0.3914611 0.6092273 -0.2040273 -0.7143864 0.6333583 -0.2975054 0.5561757 0.7944222 -0.2440531 -0.6493134 0.6756839 -0.3490608 0.5203195 0.8097684 -0.2711876 0.0265271 -0.0025834 -0.0226898 -0.0171010 -0.0550013 0.0198392 0.0417536 -0.0062448 -0.0273212 -0.0236763 -0.0228616 0.0008904 0.0269424 0.0088672 -0.0415629 0.0226625 -0.0136995 0.0086421 0.0423343 0.0110347 -0.0509317 -0.0104677 0.0030970 -0.0104165
-0.4393884 0.4104864 -0.2167197 0.3841518 0.5181344 -0.1562329 -0.4099302 0.4637832 -0.2701395 0.3677849 0.5863657 -0.2031369 -0.6874440 0.6422254 -0.3390683 0.5788383 0.7807227 -0.2354110 -0.6069790 0.6867186 -0.3999925 0.5098518 0.8128655 -0.2816041 0.0285910 -0.0310459 -0.0000193 -0.0193970 -0.0095929 0.0026231 0.0259045 -0.0101859 -0.0133122 -0.0109484 -0.0080869 -0.0037603 0.0025013 -0.0095656 -0.0223113 -0.0128039 0.0084430 -0.0029640 0.0237621 0.0021562 -0.0304834 -0.0074870 0.0012524 -0.0096718
-0.4107974 0.3794405 -0.2167390 0.3647548 0.5085415 -0.1536098 -0.3840257 0.4535973 -0.2834516 0.3568365 0.5782788 -0.2068972 -0.6849427 0.6326598 -0.3613795 0.5660343 0.7891657 -0.2383750 -0.5832170 0.6888748 -0.4304758 0.5023648 0.8141179 -0.2912760 0.0031210 -0.0176829 0.0024134 -0.0307543 -0.0330094 -0.0050217 0.0166722 -0.0271625 -0.0005708 -0.0542226 -0.0394782 -0.0166974 -0.0111482 -0.0149734 -0.0045726 -0.0115581 0.0002680 -0.0249700 0.0005300 -0.0124746 -0.0200335 -0.0418863 0.0057590 -0.0489614
-0.4076764 0.3617576 -0.2143256 0.3340005 0.4755321 -0.1586314 -0.3673535 0.4264348 -0.2840224 0.3026139 0.5388006 -0.2235946 -0.6960909 0.6176864 -0.3659522 0.5544762 0.7894337 -0.2633450 -0.5826869 0.6764002 -0.4505093 0.4604786 0.8198769 -0.3402373 0.0660941 0.0305748 -0.0581374 -0.0272399 -0.0119690 -0.0216217 0.0337719 0.0053142 -0.0232403 -0.0156633 -0.0137990 -0.0077757 0.1144070 0.0504203 -0.0980276 -0.0295305 0.0038411 -0.0451142 0.0499573 0.0131026 -0.0401891 -0.0131542 -0.0014574 -0.0204434
-0.3415823 0.3923324 -0.2724629 0.3067606 0.4635631 -0.1802532 -0.3335816 0.4317490 -0.3072627 0.2869506 0.5250016 -0.2313703 -0.5816839 0.6681067 -0.4639798 0.5249457 0.7932748 -0.3084592 -0.5327296 0.6895029 -0.4906984 0.4473243 0.8184194 -0.3606807 0.0140128 -0.0279791 0.0110340 -0.0256032 -0.0176584 -0.0127233 0.0666982 -0.0087070 -0.0235552 -0.0367021 -0.0415115 -0.0040860 -0.0081723 -0.0120138 -0.0067767 -0.0240916 0.0010604 -0.0353093 0.0876964 0.0159280 -0.0609470 -0.0254266 -0.0032963 -0.0362785
-0.3275695 0.3643533 -0.2614289 0.2811574 0.4459047 -0.1929764 -0.2668834 0.4230420 -0.3308179 0.2502485 0.4834901 -0.2354563 -0.5898562 0.6560930 -0.4707565 0.5008541 0.7943352 -0.3437684 -0.4450333 0.7054309 -0.5516454 0.4218977 0.8151231 -0.3969592 0.0227078 -0.0217872 -0.0015985 -0.0146524 -0.0297605 0.0017024 0.0305257 -0.0175640 -0.0019719 -0.0118684 -0.0292636 0.0014015 0.0131815 -0.0080968 -0.0267848 0.0020869 -0.0089990 -0.0171988 0.0342258 -0.0006795 -0.0267685 0.0008735 -0.0095448 -0.0181408
-0.3048617 0.3425661 -0.2630275 0.2665049 0.4161442 -0.1912740 -0.2363576 0.4054780 -0.3327899 0.2383801 0.4542265 -0.2340548 -0.5766747 0.6479961 -0.4975413 0.5029410 0.7853362 -0.3609672 -0.4108074 0.7047514 -0.5784139 0.4227711 0.8055784 -0.4151001 0.0559425 -0.0162875 -0.0134963 -0.0057999 -0.0225323 0.0137217 0.0258225 -0.0280720 0.0039927 -0.0195179 -0.0353475 0.0062101 0.0736627 0.0113424 -0.0612535 0.0139177 -0.0049840 0.0089623 0.0230940 -0.0097350 -0.0270863 -0.0056247 -0.0072043 -0.0191667
-0.2489192 0.3262786 -0.2765238 0.2607050 0.3936119 -0.1775522 -0.2105351 0.3774060 -0.3287971 0.2188622 0.4188790 -0.2278446 -0.5030120 0.6593386 -0.5587948 0.5168588 0.7803522 -0.3520048 -0.3877134 0.6950164 -0.6055002 0.4171465 0.7983741 -0.4342668 0.0168644 -0.0170176 0.0005198 -0.0404147 -0.0242890 -0.0240200 0.0226720 -0.0244403 0.0019716 -0.0091870 -0.0340823 0.0086725 0.0145242 -0.0083277 -0.0222082 -0.0530214 -0.0027159 -0.0724203 0.0239356 -0.0115341 -0.0273644 0.0107900 -0.0130233 -0.0130526
-0.2320548 0.3092610 -0.2760039 0.2202903 0.3693229 -0.2015723 -0.1878631 0.3529657 -0.3268255 0.2096751 0.3847967 -0.2191722 -0.4884878 0.6510109 -0.5810030 0.4638373 0.7776363 -0.4244251 -0.3637778 0.6834823 -0.6328646 0.4279364 0.7853507 -0.4473194 0.0158403 -0.0232796 0.0064158 -0.0094216 -0.0236478 -0.0019096 0.0136454 -0.0188394 0.0051364 -0.0111689 -0.0352639 0.0036671 0.0064755 -0.0134656 -0.0199964 0.0014834 -0.0148405 -0.0245952 0.0121464 -0.0091002 -0.0164151 0.0072959 -0.0189868 -0.0251836
-0.2162145 0.2859814 -0.2695881 0.2108688 0.3456751 -0.2034819 -0.1742177 0.3341263 -0.3216892 0.1985062 0.3495328 -0.2155051 -0.4820123 0.6375452 -0.6009994 0.4653207 0.7627958 -0.4490203 -0.3516314 0.6743821 -0.6492797 0.4352324 0.7663639 -0.4725030 -0.0017235 -0.0361805 0.0226695 0.0330740 -0.0455448 0.0418905 0.0125979 -0.0283314 0.0092095 -0.0130944 -0.0295408 -0.0050861 -0.0452234 -0.0332268 0.0036538 0.1166544 -0.0467737 0.0635110 0.0049028 -0.0183496 -0.0210938 -0.0046621 -0.0232665 -0.0397620
-0.2179380 0.2498009 -0.2469186 0.2439427 0.3001303 -0.1615914 -0.1616198 0.3057949 -0.3124796 0.1854118 0.3199920 -0.2205912 -0.5272357 0.6043184 -0.5973456 0.5819751 0.7160221 -0.3855093 -0.3467286 0.6560325 -0.6703735 0.4305703 0.7430974 -0.5122651 0.0010247 -0.0183781 0.0013153 -0.0455885 -0.0190630 -0.0357597 -0.0045783 -0.0204589 0.0029208 -0.0145903 -0.0199812 -0.0065319 -0.0134803 -0.0274335 -0.0148880 -0.0818371 -0.0073280 -0.1120997 -0.0204624 -0.0256232 -0.0135526 -0.0172040 -0.0171095 -0.0373438
-0.2169133 0.2314228 -0.2456033 0.1983542 0.2810673 -0.1973512 -0.1661981 0.2853360 -0.3095588 0.1708215 0.3000108 -0.2271230 -0.5407160 0.5768849 -0.6122336 0.5001380 0.7086941 -0.4976090 -0.3671910 0.6304093 -0.6839261 0.4133663 0.7259879 -0.5496088 0.0009344 -0.0064081 -0.0005764 -0.0134588 -0.0061864 -0.0086424 0.0188703 -0.0310276 0.0005814 -0.0029258 -0.0119090 0.0012637 -0.0028393 -0.0105892 -0.0073281 -0.0261705 -0.0040546 -0.0304422 0.0217025 -0.0340477 -0.0406362 0.0035115 -0.0106436 -0.0111902
-0.2159789 0.2250147 -0.2461797 0.1848954 0.2748809 -0.2059935 -0.1473278 0.2543084 -0.3089774 0.1678957 0.2881018 -0.2258594 -0.5435553 0.5662958 -0.6195617 0.4739675 0.7046395 -0.5280512 -0.3454885 0.5963616 -0.7245623 0.4168778 0.7153443 -0.5607990 0.0004769 -0.0055361 -0.0003289 0.0007434 -0.0011689 0.0029494 -0.0060231 -0.0238932 0.0195164 -0.0030372 -0.0042172 0.0019099 -0.0031533 -0.0094989 -0.0058077 0.0043830 0.0006565 0.0048510 -0.0374160 -0.0210340 0.0018021 -0.0020290 -0.0009790 -0.0027458
-0.2155020 0.2194786 -0.2465086 0.1856388 0.2737120 -0.2030441 -0.1533509 0.2304152 -0.2894610 0.1648585 0.2838846 -0.2239494 -0.5467086 0.5567969 -0.6253694 0.4783505 0.7052959 -0.5232002 -0.3829045 0.5753276 -0.7227602 0.4148487 0.7143653 -0.5635448 -0.0022287 -0.0022516 0.0005519 0.0305428 0.0042218 0.0222603 -0.0042643 0.0004301 -0.0015286 -0.0005918 0.0002767 0.0005794 -0.0061695 -0.0051979 0.0008180 0.0678265 -0.0031035 0.0664546 -0.0077218 -0.0032112 0.0015848 -0.0011002 0.0013691 0.0009291
-0.2177307 0.2172270 -0.2459567 0.2161815 0.2779338 -0.1807838 -0.1576152 0.2308453 -0.2909896 0.1642667 0.2841613 -0.2233700 -0.5528781 0.5515989 -0.6245514 0.5461770 0.7021924 -0.4567456 -0.3906263 0.5721164 -0.7211753 0.4137485 0.7157344 -0.5626157 -0.0041164 -0.0007481 0.0001144 0.0305327 0.0169465 0.0325606 -0.0091504 0.0049138 -0.0040614 0.0110641 0.0112858 0.0066062 -0.0078756 -0.0044143 0.0031463 0.0525587 0.0134343 0.0970318 -0.0133075 -0.0010690 0.0065130 0.0178646 0.0115698 0.0290066
-0.2218471 0.2164789 -0.2458422 0.2467143 0.2948803 -0.1482232 -0.1667656 0.2357591 -0.2950510 0.1753308 0.2954471 -0.2167638 -0.5607537 0.5471846 -0.6214051 0.5987356 0.7156268 -0.3597137 -0.4039338 0.5710475 -0.7146624 0.4316131 0.7273042 -0.5336091 -0.0183908 0.0076026 -0.0091416 0.0449106 0.0075376 0.0294711 -0.0204655 0.0130173 -0.0090011 0.0070654 0.0179378 -0.0051632 -0.0169290 -0.0083520 0.0082639 0.0692374 -0.0229322 0.0877094 -0.0262917 0.0005987 0.0160018 -0.0025704 0.0098576 0.0115796
-0.2402379 0.2240815 -0.2549838 0.2916249 0.3024179 -0.1187522 -0.1872311 0.2487764 -0.3040522 0.1823962 0.3133849 -0.2219271 -0.5776827 0.5388326 -0.6131411 0.6679730 0.6926945 -0.2720043 -0.4302255 0.5716462 -0.6986606 0.4290427 0.7371618 -0.5220295 -0.0125652 0.0097939 0.0049013 -0.0050232 0.0107611 -0.0108761 -0.0122897 0.0104283 0.0055262 0.0085253 0.0240483 -0.0037681 -0.0162882 0.0106669 0.0255624 -0.0222919 0.0128620 -0.0200333 -0.0203157 0.0136682 0.0245541 -0.0034578 0.0150139 0.0189300
-0.2528031 0.2338754 -0.2500825 0.2866018 0.3131790 -0.1296282 -0.1995208 0.2592047 -0.2985260 0.1909215 0.3374332 -0.2256952 -0.5939709 0.5494996 -0.5875787 0.6456811 0.7055565 -0.2920376 -0.4505413 0.5853144 -0.6741065 0.4255849 0.7521757 -0.5030995 -0.0353118 0.0250785 -0.0048251 0.0036144 0.0357866 0.0003567 -0.0727933 0.0148918 0.0218714 0.0032600 0.0224433 -0.0017603 -0.0273284 0.0089161 0.0378887 -0.0307190 0.0338943 0.0181139 -0.1225019 -0.0085205 0.0919294 -0.0106006 0.0169149 0.0170053
-0.2881149 0.2589539 -0.2549075 0.2902162 0.3489656 -0.1292715 -0.2723141 0.2740965 -0.2766546 0.1941814 0.3598765 -0.2274555 -0.6212993 0.5584157 -0.5496900 0.6149620 0.7394508 -0.2739236 -0.5730432 0.5767939 -0.5821771 0.4149844 0.7690906 -0.4860943 -0.0273294 0.0124394 0.0139327 0.0069389 0.0142009 -0.0164697 -0.0187801 0.0156648 0.0021721 0.0288880 0.0384123 -0.0078387 -0.0346983 0.0059734 0.0485591 -0.0101977 -0.0003414 -0.0226860 -0.0162138 0.0097648 0.0265468 0.0193637 0.0064345 0.0279429
-0.3154443 0.2713933 -0.2409748 0.2971551 0.3631665 -0.1457412 -0.2910942 0.2897613 -0.2744826 0.2230694 0.3982888 -0.2352942 -0.6559976 0.5643891 -0.5011308 0.6047643 0.7391094 -0.2966097 -0.5892570 0.5865588 -0.5556303 0.4343480 0.7755251 -0.4581514 -0.0056833 0.0211709 -0.0050076 -0.0312877 0.0380051 -0.0169590 -0.0004836 0.0272670 -0.0083001 0.0087571 0.0235916 0.0032056 0.0127433 0.0216494 0.0084008 -0.0814352 0.0505503 -0.0236467 0.0233698 0.0287221 0.0068124 -0.0005473 0.0139102 0.0238601
-0.3211276 0.2925642 -0.2459824 0.2658674 0.4011716 -0.1627002 -0.2915778 0.3170283 -0.2827827 0.2318265 0.4218804 -0.2320887 -0.6432542 0.5860385 -0.4927301 0.5233291 0.7896597 -0.3202564 -0.5658872 0.6152809 -0.5488179 0.4338008 0.7894352 -0.4342913 -0.0055950 0.0228312 -0.0111336 0.0107941 0.0050441 0.0070127 -0.0160533 0.0325177 -0.0120466 0.0324703 0.0198905 0.0248507 0.0171725 0.0183374 0.0000319 0.0133050 -0.0017322 0.0182728 0.0077041 0.0189548 0.0138631 0.0424585 0.0066299 0.0608512
-0.3267227 0.3153954 -0.2571161 0.2766615 0.4062157 -0.1556875 -0.3076311 0.3495460 -0.2948293 0.2642968 0.4417709 -0.2072380 -0.6260817 0.6043759 -0.4926982 0.5366341 0.7879275 -0.3019836 -0.5581831 0.6342358 -0.5349548 0.4762592 0.7960651 -0.3734400 -0.0145329 0.0154440 0.0067990 0.0307578 0.0233478 -0.0023534 -0.0153749 0.0238709 -0.0024845 0.0230394 0.0217113 0.0004102 -0.0091835 0.0114992 0.0267197 0.0209218 -0.0088429 0.0153502 -0.0022598 0.0136742 0.0190901 0.0164056 -0.0013815 0.0188144
-0.3412555 0.3308394 -0.2503171 0.3074193 0.4295635 -0.1580409 -0.3230061 0.3734169 -0.2973139 0.2873362 0.4634822 -0.2068278 -0.6352652 0.6158751 -0.4659785 0.5575559 0.7790846 -0.2866334 -0.5604429 0.6479100 -0.5158647 0.4926648 0.7946836 -0.3546256 -0.0354639 0.0199436 0.0142268 0.0090345 0.0089251 -0.0024232 -0.0497653 0.0203966 0.0183774 0.0135128 0.0083793 0.0062548 -0.0299547 0.0035457 0.0490849 0.0034725 -0.0017056 0.0021530 -0.0508605 -0.0020997 0.0584401 0.0134158 -0.0009302 0.0172268
-0.3767194 0.3507830 -0.2360903 0.3164538 0.4384886 -0.1604641 -0.3727713 0.3938135 -0.2789364 0.3008490 0.4718615 -0.2005730 -0.6652199 0.6194208 -0.4168937 0.5610284 0.7773790 -0.2844804 -0.6113034 0.6458102 -0.4574246 0.5060806 0.7937534 -0.3373989 -0.0156361 0.0128807 0.0135703 0.0211238 0.0161140 -0.0068603 -0.0192882 0.0207966 0.0116758 0.0116344 0.0089682 -0.0040336 -0.0119507 0.0082303 0.0328440 0.0107105 -0.0074405 0.0010911 -0.0109032 0.0121847 0.0332765 0.0071489 -0.0040283 0.0013485
-0.3923555 0.3636637 -0.2225200 0.3375776 0.4546026 -0.1673244 -0.3920595 0.4146101 -0.2672606 0.3124834 0.4808297 -0.2046066 -0.6771706 0.6276511 -0.3840496 0.5717388 0.7699385 -0.2833893 -0.6222066 0.6579949 -0.4241481 0.5132295 0.7897251 -0.3360504 -0.0280268 -0.0076033 0.0390233 0.0091321 0.0023359 0.0033955 0.0011302 0.0039240 0.0119443 0.0471411 0.0378661 -0.0115986 -0.0467970 -0.0144565 0.0680381 0.0094515 -0.0039713 0.0085948 -0.0012423 0.0094778 0.0169730 0.0257979 -0.0122718 0.0119887
-0.4203824 0.3560604 -0.1834967 0.3467097 0.4569385 -0.1639289 -0.3909293 0.4185341 -0.2553163 0.3596245 0.5186958 -0.2162052 -0.7239676 0.6131946 -0.3160116 0.5811904 0.7659672 -0.2747945 -0.6234490 0.6674727 -0.4071751 0.5390273 0.7774533 -0.3240617 -0.0190309 0.0050275 0.0141460 0.0301961 0.0107432 0.0066814 -0.0220615 0.0002667 0.0302742 0.0226935 0.0046970 0.0059938 -0.0165075 -0.0047091 0.0306310 0.0258457 -0.0127296 0.0215351 -0.0323403 -0.0024577 0.0498301 0.0220559 -0.0093310 0.0155591
-0.4394133 0.3610879 -0.1693507 0.3769058 0.4676817 -0.1572476 -0.4129908 0.4188008 -0.2250421 0.3823180 0.5233928 -0.2102114 -0.7404751 0.6084855 -0.2853805 0.6070361 0.7532376 -0.2532594 -0.6557893 0.6650150 -0.3573450 0.5610832 0.7681222 -0.3085026 -0.0094214 -0.0092561 0.0157090 0.0137954 0.0004793 0.0104417 -0.0187815 -0.0037908 0.0210089 0.0155043 0.0008178 0.0072727 -0.0194500 -0.0127966 0.0252487 0.0158977 -0.0068020 0.0191923 -0.0266552 -0.0090645 0.0348572 0.0165982 -0.0069110 0.0138135
-0.4488346 0.3518318 -0.1536417 0.3907012 0.4681610 -0.1468058 -0.4317723 0.4150100 -0.2040332 0.3978222 0.5242106 -0.2029387 -0.7599251 0.5956889 -0.2601319 0.6229338 0.7464356 -0.2340671 -0.6824445 0.6559505 -0.3224879 0.5776815 0.7612112 -0.2946891 -0.0131723 -0.0033164 0.0123344 0.0124333 0.0039152 0.0053921 -0.0163059 -0.0022572 0.0128627 0.0243305 -0.0026124 0.0126763 -0.0156200 -0.0106557 0.0229272 0.0102409 -0.0049791 0.0119586 -0.0193200 -0.0095115 0.0230832 0.0275734 -0.0133779 0.0219035
-0.4620070 0.3485154 -0.1413073 0.4031345 0.4720762 -0.1414137 -0.4480782 0.4127528 -0.1911705 0.4221527 0.5215982 -0.1902623 -0.7755451 0.5850332 -0.2372047 0.6331746 0.7414565 -0.2221085 -0.7017645 0.6464391 -0.2994046 0.6052548 0.7478332 -0.2727856 -0.0197895 0.0113647 -0.0046998 0.0121279 -0.0013922 0.0120808 -0.0254649 -0.0078950 0.0092630 0.0147826 -0.0043975 0.0146572 -0.0030060 -0.0034908 0.0012668 0.0147929 -0.0070102 0.0202999 -0.0278493 -0.0226525 0.0191297 0.0194191 -0.0084061 0.0217279
-0.4817964 0.3598801 -0.1460071 0.4152624 0.4706840 -0.1293329 -0.4735431 0.4048578 -0.1819075 0.4369353 0.5172007 -0.1756052 -0.7785511 0.5815424 -0.2359378 0.6479675 0.7344463 -0.2018086 -0.7296138 0.6237865 -0.2802749 0.6246740 0.7394271 -0.2510577 -0.0125245 0.0054519 -0.0025057 0.0074147 -0.0084208 0.0183394 -0.0181740 -0.0058846 0.0042710 0.0137758 -0.0066593 0.0125526 -0.0031594 -0.0038127 0.0010823 0.0164822 -0.0077672 0.0273265 -0.0180601 -0.0171332 0.0101721 0.0189501 -0.0103643 0.0182155
-0.4943209 0.3653320 -0.1485128 0.4226772 0.4622632 -0.1109935 -0.4917171 0.3989732 -0.1776365 0.4507111 0.5105414 -0.1630526 -0.7817105 0.5777296 -0.2348556 0.6644498 0.7266791 -0.1744821 -0.7476739 0.6066533 -0.2701028 0.6436240 0.7290628 -0.2328422 -0.0107411 -0.0311748 0.0272007 0.0231001 -0.0371959 0.0457097 -0.0138447 -0.0180469 0.0145598 0.0026690 -0.0180243 0.0199322 -0.0360331 -0.0366972 0.0384396 0.0552374 -0.0404272 0.0690843 -0.0257403 -0.0239081 0.0206263 0.0186788 -0.0095881 0.0237703
-0.5050620 0.3341572 -0.1213121 0.4457773 0.4250673 -0.0652838 -0.5055619 0.3809263 -0.1630767 0.4533801 0.4925171 -0.1431204 -0.8177437 0.5410324 -0.1964159 0.7196872 0.6862519 -0.1053978 -0.7734141 0.5827453 -0.2494765 0.6623029 0.7194747 -0.2090719 0.0053864 -0.0021246 0.0009306 0.0138322 -0.0221321 0.0707019 0.0019049 -0.0065893 0.0052255 0.0323335 -0.0288454 0.0691948 0.0011375 0.0015993 -0.0003204 0.0322297 -0.0270536 0.1142617 -0.0049365 -0.0042455 0.0055335 0.0566819 -0.0331176 0.0996424
-0.4996757 0.3320326 -0.1203816 0.4596095 0.4029352 0.0054181 -0.5036570 0.3743370 -0.1578512 0.4857135 0.4636717 -0.0739256 -0.8166062 0.5426317 -0.1967363 0.7519169 0.6591983 0.0088639 -0.7783507 0.5784998 -0.2439431 0.7189848 0.6863571 -0.1094295 -0.0047581 -0.0080143 -0.0010741 0.0134466 0.0261587 -0.0803178 -0.0085236 -0.0109761 -0.0009522 -0.0260969 0.0372745 -0.0229626 -0.0080187 -0.0129416 -0.0018138 -0.0162729 0.0080807 -0.1253397 -0.0123579 -0.0175403 -0.0012190 -0.0496904 0.0431215 -0.0316593
-0.5044337 0.3240183 -0.1214557 0.4730561 0.4290939 -0.0748998 -0.5121806 0.3633609 -0.1588034 0.4596167 0.5009462 -0.0968882 -0.8246249 0.5296901 -0.1985501 0.7356440 0.6672790 -0.1164758 -0.7907086 0.5609595 -0.2451620 0.6692944 0.7294785 -0.1410888 -0.0062431 -0.0121552 -0.0002426 -0.0002584 -0.0188037 0.0472416 -0.0081226 -0.0226979 0.0075405 0.0434727 -0.0313057 -0.0096722 -0.0116967 -0.0189604 -0.0007519 0.0188880 -0.0125018 0.0723364 -0.0222184 -0.0287042 0.0088274 0.0530877 -0.0551254 -0.0119205
-0.5106768 0.3118631 -0.1216983 0.4727976 0.4102902 -0.0276582 -0.5203032 0.3406630 -0.1512629 0.5030893 0.4696405 -0.1065604 -0.8363216 0.5107298 -0.1993020 0.7545320 0.6547772 -0.0441393 -0.8129270 0.5322553 -0.2363346 0.7223821 0.6743532 -0.1530092 -0.0039630 -0.0088466 -0.0049950 0.0059276 0.0168294 -0.0248991 -0.0021449 -0.0058110 -0.0078447 0.0217622 0.0037155 0.0144896 -0.0066433 -0.0143976 -0.0082179 -0.0108428 0.0087439 -0.0375072 -0.0026090 -0.0095549 -0.0120307 0.0139936 -0.0102266 0.0238323
-0.5146398 0.3030165 -0.1266933 0.4787252 0.4271196 -0.0525572 -0.5224482 0.3348520 -0.1591076 0.5248515 0.4733560 -0.0920708 -0.8429649 0.4963321 -0.2075199 0.7436892 0.6635210 -0.0816465 -0.8155360 0.5227004 -0.2483653 0.7363757 0.6641266 -0.1291769 -0.0080321 -0.0311309 0.0379886 -0.0117327 -0.0310737 0.0937470 -0.0017166 -0.0012318 0.0016578 -0.0183543 -0.0261146 0.0527374 -0.0342975 -0.0399942 0.0586362 0.0172534 -0.0181826 0.1487633 -0.0022330 -0.0022071 0.0027219 0.0119514 -0.0033473 0.0710635
-0.5226719 0.2718856 -0.0887047 0.4669925 0.3960459 0.0411897 -0.5241648 0.3336202 -0.1574499 0.5064972 0.4472414 -0.0393334 -0.8772624 0.4563380 -0.1488837 0.7609426 0.6453384 0.0671168 -0.8177690 0.5204932 -0.2456434 0.7483271 0.6607793 -0.0581134 -0.0004746 0.0020045 0.0005580 0.0156885 0.0345583 -0.0827027 -0.0056841 0.0022196 0.0018100 0.0264952 -0.0130793 -0.0594757 0.0010425 0.0024016 0.0012465 -0.0162598 0.0190001 -0.1311632 -0.0020025 -0.0008888 0.0048406 0.0191121 -0.0356428 -0.0841588
-0.5231464 0.2738901 -0.0881467 0.4826809 0.4306042 -0.0415130 -0.5298490 0.3358398 -0.1556399 0.5329924 0.4341621 -0.0988091 -0.8762199 0.4587395 -0.1476372 0.7446828 0.6643385 -0.0640464 -0.8197714 0.5196045 -0.2408028 0.7674392 0.6251365 -0.1422722 -0.0005620 0.0067772 0.0079093 0.0023346 0.0030025 0.0339620 -0.0075325 0.0119028 0.0061578 -0.0149291 0.0451482 0.0148684 0.0027447 0.0093757 0.0138121 0.0007791 0.0021087 0.0524407 0.0022176 0.0094393 0.0133859 -0.0385486 0.0492304 0.0241715
-0.5237085 0.2806673 -0.0802374 0.4850155 0.4336067 -0.0075509 -0.5373815 0.3477426 -0.1494820 0.5180633 0.4793103 -0.0839408 -0.8734752 0.4681152 -0.1338251 0.7454619 0.6664472 -0.0116057 -0.8175538 0.5290437 -0.2274169 0.7288906 0.6743669 -0.1181007 -0.0030335 0.0162713 0.0145896 0.0067321 0.0307819 -0.0379544 -0.0019203 0.0224911 0.0166985 -0.0130731 -0.0564700 -0.0242161 0.0074457 0.0200888 0.0258919 -0.0200593 0.0185966 -0.0555216 0.0096062 0.0256168 0.0284890 0.0276909 -0.0408632 -0.0439410
-0.5267420 0.2969386 -0.0656478 0.4917476 0.4643886 -0.0455053 -0.5393018 0.3702337 -0.1327836 0.5049902 0.4228403 -0.1081568 -0.8660296 0.4882041 -0.1079332 0.7254025 0.6850439 -0.0671273 -0.8079476 0.5546606 -0.1989279 0.7565815 0.6335037 -0.1620417 -0.0048982 0.0374843 0.0061809 -0.0020598 0.0046104 -0.0021866 -0.0006388 0.0273247 0.0136108 0.0078821 0.1149947 0.0369941 0.0233404 0.0418810 0.0136738 -0.0049841 0.0049376 -0.0030361 0.0151087 0.0291070 0.0239368 -0.0696112 0.0869031 0.0667223
-0.5316402 0.3344229 -0.0594669 0.4896878 0.4689990 -0.0476920 -0.5399406 0.3975584 -0.1191728 0.5128723 0.5378350 -0.0711627 -0.8426891 0.5300851 -0.0942594 0.7204184 0.6899815 -0.0701634 -0.7928389 0.5837675 -0.1749911 0.6869703 0.7204068 -0.0953194 -0.0049438 0.0738929 -0.0215266 -0.0291097 0.0106434 0.0371658 0.0002654 0.0319083 0.0175122 -0.0091009 0.0043643 -0.0092665 0.0525726 0.0711573 -0.0250029 -0.0278783 0.0312243 0.0543359 0.0187288 0.0322596 0.0291692 -0.0102851 0.0078963 -0.0127163
-0.5365840 0.4083158 -0.0809935 0.4605781 0.4796424 -0.0105262 -0.5396751 0.4294667 -0.1016605 0.5037714 0.5421993 -0.0804292 -0.7901165 0.6012424 -0.1192623 0.6925401 0.7212058 -0.0158275 -0.7741102 0.6160271 -0.1458219 0.6766852 0.7283031 -0.1080357 0.0041117 0.0139155 0.0105006 0.0065082 0.0280791 -0.0153411 0.0017961 0.0599083 -0.0047371 0.0006684 0.0436954 -0.0016440 0.0107475 0.0167690 0.0160834 -0.0159727 0.0142211 -0.0216409 0.0422323 0.0498525 0.0010494 -0.0278676 0.0252830 0.0024719
-0.5324723 0.4222313 -0.0704928 0.4670863 0.5077215 -0.0258673 -0.5378791 0.4893750 -0.1063977 0.5044398 0.5858947 -0.0820732 -0.7793690 0.6180114 -0.1031789 0.6765674 0.7354268 -0.0374684 -0.7318779 0.6658796 -0.1447725 0.6488176 0.7535861 -0.1055637 0.0009363 0.0170648 0.0193140 0.0008128 0.0235712 0.0053739 -0.0018619 0.0154899 0.0170076 -0.0007933 0.0229353 0.0034812 0.0106647 0.0172960 0.0291644 -0.0159285 0.0147191 0.0085332 0.0068540 0.0122959 0.0246965 -0.0145396 0.0131570 0.0065872
-0.5315361 0.4392961 -0.0511788 0.4678991 0.5312927 -0.0204934 -0.5397410 0.5048649 -0.0893900 0.5036465 0.6088300 -0.0785920 -0.7687043 0.6353074 -0.0740145 0.6606389 0.7501459 -0.0289352 -0.7250239 0.6781756 -0.1200760 0.6342780 0.7667431 -0.0989766 -0.0003783 0.0106437 0.0184797 0.0013605 0.0163898 0.0171135 0.0028406 0.0079836 0.0137470 -0.0325347 -0.0027114 0.0440003 0.0060574 0.0098062 0.0271312 -0.0100006 0.0092273 0.0242489 0.0056295 0.0089917 0.0187216 -0.0212142 0.0220068 0.0539619
-0.5319144 0.4499398 -0.0326991 0.4692597 0.5476825 -0.0033799 -0.5369004 0.5128485 -0.0756431 0.4711118 0.6061186 -0.0345917 -0.7626470 0.6451136 -0.0468833 0.6506384 0.7593733 -0.0046863 -0.7193945 0.6871673 -0.1013544 0.6130638 0.7887499 -0.0450146 -0.0023461 0.0018152 0.0192013 -0.0023000 0.0008268 0.0110880 -0.0021754 -0.0006430 0.0157881 -0.0032790 0.0068294 -0.0043651 -0.0008168 0.0004490 0.0275948 -0.0024415 0.0020244 0.0153861 -0.0032118 -0.0005794 0.0211215 -0.0071169 0.0051533 -0.0054431
-0.5342605 0.4517550 -0.0134978 0.4669597 0.5485093 0.0077081 -0.5390758 0.5122055 -0.0598550 0.4678328 0.6129480 -0.0389568 -0.7634638 0.6455626 -0.0192885 0.6481969 0.7613976 0.0106998 -0.7226062 0.6865879 -0.0802329 0.6059470 0.7939032 -0.0504577 -0.0014199 0.0009566 0.0131577 0.0001829 0.0034979 0.0150406 -0.0059187 0.0026229 0.0161423 0.0052175 0.0231141 0.0019993 -0.0003135 -0.0000829 0.0188036 -0.0025260 0.0015706 0.0207428 -0.0031002 -0.0010501 0.0220257 -0.0098259 0.0076395 0.0038852
-0.5356804 0.4527116 -0.0003401 0.4671426 0.5520072 0.0227487 -0.5449944 0.5148284 -0.0437127 0.4730503 0.6360621 -0.0369575 -0.7637773 0.6454797 -0.0004849 0.6456709 0.7629682 0.0314426 -0.7257065 0.6855378 -0.0582072 0.5961210 0.8015427 -0.0465725 -0.0126178 0.0011299 0.0246754 0.0082143 0.0073382 0.0161874 -0.0093878 -0.0099480 0.0316839 0.0160964 0.0157863 0.0320965 -0.0061137 -0.0082198 0.0346553 0.0009999 -0.0020404 0.0215257 -0.0135431 -0.0122972 0.0421672 0.0040728 -0.0017103 0.0406080
-0.5482982 0.4538415 0.0243354 0.4753570 0.5593454 0.0389361 -0.5543822 0.5048804 -0.0120288 0.4891467 0.6518484 -0.0048610 -0.7698910 0.6372599 0.0341704 0.6466708 0.7609279 0.0529683 -0.7392495 0.6732406 -0.0160400 0.6001938 0.7998324 -0.0059645 -0.0052937 0.0047670 0.0013364 0.0068816 0.0143910 0.0006840 -0.0161365 0.0180889 0.0003151 0.0062205 0.0132762 -0.0017903 0.0003040 0.0002840 0.0015177 -0.0041412 0.0035125 -0.0001788 0.0021758 0.0024023 0.0009066 -0.0028990 0.0021493 -0.0020553
-0.5535919 0.4586085 0.0256717 0.4822386 0.5737364 0.0396202 -0.5705188 0.5229693 -0.0117137 0.4953672 0.6651246 -0.0066513 -0.7695870 0.6375439 0.0356881 0.6425296 0.7644403 0.0527895 -0.7370737 0.6756429 -0.0151334 0.5972948 0.8019817 -0.0080198 -0.0080078 0.0013960 0.0039268 0.0057980 0.0057544 0.0093773 -0.0109041 0.0029104 0.0082358 0.0151950 0.0080798 0.0185603 -0.0033810 -0.0044082 0.0050504 0.0002975 -0.0011525 0.0117486 -0.0045623 -0.0048551 0.0106972 0.0069231 -0.0052872 0.0221135
-0.5615996 0.4600045 0.0295985 0.4880366 0.5794908 0.0489975 -0.5814228 0.5258797 -0.0034779 0.5105622 0.6732044 0.0119091 -0.7729680 0.6331357 0.0407385 0.6428270 0.7632878 0.0645380 -0.7416361 0.6707878 -0.0044362 0.6042179 0.7966945 0.0140936 -0.0069442 0.0010812 0.0035895 0.0072988 0.0040822 0.0061328 -0.0118571 0.0013884 0.0077769 0.0088042 0.0041619 0.0072972 -0.0029210 -0.0038942 0.0045531 0.0026171 -0.0028660 0.0072992 -0.0058198 -0.0064984 0.0098524 0.0040982 -0.0033185 0.0084020
-0.5685438 0.4610857 0.0331881 0.4953354 0.5835730 0.0551303 -0.5932799 0.5272681 0.0042990 0.5193664 0.6773663 0.0192063 -0.7758891 0.6292415 0.0452916 0.6454442 0.7604217 0.0718372 -0.7474558 0.6642895 0.0054162 0.6083161 0.7933760 0.0224956 -0.0130257 0.0038252 0.0035317 0.0169334 0.0065813 0.0075913 -0.0181992 0.0023192 0.0050553 0.0206801 0.0067573 0.0109065 -0.0042574 -0.0055868 0.0039661 0.0079708 -0.0076613 0.0081662 -0.0084037 -0.0096578 0.0061469 0.0109226 -0.0089328 0.0120328
-0.5815696 0.4649109 0.0367198 0.5122688 0.5901543 0.0627216 -0.6114791 0.5295873 0.0093543 0.5400465 0.6841236 0.0301127 -0.7801465 0.6236547 0.0492577 0.6534150 0.7527605 0.0800034 -0.7558595 0.6546317 0.0115631 0.6192387 0.7844432 0.0345285 -0.0117837 -0.0023743 0.0044750 0.0169178 -0.0014652 0.0167053 -0.0014927 -0.0287169 0.0150642 0.0338657 -0.0045866 0.0290270 -0.0073560 -0.0097731 0.0054163 0.0117672 -0.0127842 0.0198354 -0.0181331 -0.0221883 0.0192700 0.0245737 -0.0221413 0.0318143
-0.5933533 0.4625366 0.0411948 0.5291865 0.5886891 0.0794269 -0.6129718 0.5008704 0.0244186 0.5739122 0.6795370 0.0591398 -0.7875024 0.6138816 0.0546740 0.6651822 0.7399763 0.0998388 -0.7739927 0.6324434 0.0308331 0.6438124 0.7623019 0.0663427 -0.0117943 -0.0047812 0.0075366 0.0169507 0.0044975 0.0058980 -0.0199568 0.0000010 0.0060863 0.0056764 0.0071499 -0.0012440 -0.0083874 -0.0118420 0.0094174 0.0083859 -0.0083808 0.0053950 -0.0096126 -0.0123334 0.0069339 -0.0001484 0.0003006 -0.0020464
-0.6051476 0.4577554 0.0487314 0.5461373 0.5931866 0.0853248 -0.6329287 0.5008714 0.0305049 0.5795886 0.6866869 0.0578958 -0.7958898 0.6020396 0.0640915 0.6735680 0.7315955 0.1052338 -0.7836052 0.6201101 0.0377670 0.6436641 0.7626025 0.0642964 -0.0108156 -0.0085724 0.0072469 0.0067480 -0.0349039 0.0122244 -0.0322798 0.0037743 0.0074352 0.0056975 -0.0344412 0.0116108 -0.0099214 -0.0144126 0.0091401 0.0247345 -0.0264758 0.0179724 -0.0122621 -0.0163429 0.0076252 0.0221152 -0.0206547 0.0147693
-0.6159633 0.4491830 0.0559783 0.5528852 0.5582827 0.0975492 -0.6652085 0.5046457 0.0379401 0.5852860 0.6522457 0.0695066 -0.8058112 0.5876270 0.0732315 0.6983026 0.7051197 0.1232061 -0.7958673 0.6037671 0.0453922 0.6657793 0.7419478 0.0790657 -0.0077131 -0.0072445 0.0070143 0.0050428 -0.0111548 0.0027548 -0.0152519 -0.0115161 0.0126227 0.0176877 -0.0150152 0.0080428 -0.0073532 -0.0114169 0.0088998 0.0098708 -0.0106548 0.0041089 -0.0123969 -0.0180181 0.0146672 0.0188640 -0.0184078 0.0089873
-0.6236764 0.4419385 0.0629926 0.5579280 0.5471279 0.1003040 -0.6804604 0.4931296 0.0505628 0.6029737 0.6372305 0.0775494 -0.8131644 0.5762101 0.0821313 0.7081733 0.6944648 0.1273151 -0.8082642 0.5857490 0.0600594 0.6846433 0.7235400 0.0880530 -0.0109985 -0.0041017 0.0079657 0.0086111 -0.0065553 -0.0008874 -0.0058810 0.0001143 0.0039598 0.0159035 -0.0458250 -0.0005674 -0.0065059 -0.0107524 0.0095100 0.0095579 -0.0096298 -0.0013672 -0.0021027 -0.0033734 0.0043156 0.0354216 -0.0354384 0.0015157
-0.6346749 0.4378368 0.0709584 0.5665391 0.5405726 0.0994166 -0.6863414 0.4932439 0.0545226 0.6188771 0.5914055 0.0769820 -0.8196703 0.5654577 0.0916413 0.7177312 0.6848350 0.1259479 -0.8103669 0.5823756 0.0643751 0.7200650 0.6881016 0.0895688 -0.0196429 -0.0024441 0.0031636 0.0220445 -0.0089999 0.0050727 -0.0292289 -0.0025381 0.0106324 0.0054921 0.0020399 0.0007178 -0.0091828 -0.0139267 0.0022522 0.0180453 -0.0203267 0.0046721 -0.0120309 -0.0184124 0.0105069 0.0018328 -0.0019581 0.0002681
-0.6543178 0.4353927 0.0741220 0.5885836 0.5315727 0.1044893 -0.7155703 0.4907058 0.0651550 0.6243692 0.5934454 0.0776998 -0.8288531 0.5515310 0.0938936 0.7357765 0.6645084 0.1306200 -0.8223978 0.5639632 0.0748820 0.7218978 0.6861435 0.0898368 0.0000000 0.0000000 0.0000000 0.0000000 0.0000000 0.0000000 0.0000000 0.0000000 0.0000000 0.0000000 0.0000000 0.0000000 0.0000000 0.0000000 0.0000000 0.0000000 0.0000000 0.0000000 0.0000000 0.0000000 0.0000000 0.0000000 0.0000000 0.0000000
