-0.1473996 0.4116832 -0.3605616 -0.0274843 0.4794125 -0.3075479 -0.1198975 0.5035467 -0.3831156 -0.1179906 0.5205878 -0.4024100 -0.2600752 0.7263829 -0.6361829 -0.0481976 0.8407157 -0.5393275 -0.1861816 0.7819272 -0.5949171 -0.1765055 0.7787619 -0.6019765 -0.0122047 -0.0177482 0.0220701 -0.0002694 0.0104802 0.0028090 -0.0107968 -0.0210132 0.0127103 -0.0006628 0.0042790 0.0066778 -0.0336633 -0.0013783 0.0132175 0.0001482 0.0074249 0.0117397 -0.0238739 -0.0063860 -0.0004086 -0.0011306 0.0070163 0.0095256
-0.1596043 0.3939350 -0.3384915 -0.0277537 0.4898926 -0.3047388 -0.1306943 0.4825335 -0.3704054 -0.1186534 0.5248667 -0.3957322 -0.2937385 0.7250047 -0.6229654 -0.0480494 0.8481406 -0.5275878 -0.2100555 0.7755411 -0.5953257 -0.1776361 0.7857782 -0.5924509 -0.0018037 -0.0014951 0.0003841 0.1420878 0.0021352 0.0669106 -0.0063454 0.0010578 0.0039849 0.0004882 0.0260817 0.0044180 -0.0037515 -0.0017016 -0.0001978 0.2528303 0.0331176 0.1016197 -0.0102598 0.0019164 0.0062407 0.0053905 0.0173211 0.0220450
-0.1614080 0.3924399 -0.3381074 0.1143341 0.4920278 -0.2378283 -0.1370397 0.4835913 -0.3664205 -0.1181653 0.5509484 -0.3913143 -0.2974899 0.7233031 -0.6231633 0.2047809 0.8812582 -0.4259680 -0.2203153 0.7774575 -0.5890849 -0.1722456 0.8030993 -0.5704059 -0.0051558 0.0203811 -0.0143154 0.0057660 0.0036187 0.0089059 -0.0018630 0.0192496 -0.0149062 -0.0036826 -0.0033417 0.0014265 0.0041266 0.0037847 0.0024528 0.0100625 0.0053883 0.0164559 0.0053566 0.0007131 -0.0010365 -0.0061089 -0.0015417 -0.0002911
-0.1665639 0.4128210 -0.3524228 0.1201002 0.4956465 -0.2289224 -0.1389027 0.5028409 -0.3813267 -0.1218479 0.5476067 -0.3898878 -0.2933633 0.7270877 -0.6207104 0.2148434 0.8866465 -0.4095122 -0.2149587 0.7781706 -0.5901215 -0.1783545 0.8015576 -0.5706970 -0.0126123 0.0093653 0.0037939 -0.2317405 0.0251341 -0.1135261 -0.0171177 0.0104991 0.0033876 -0.0260368 0.0220494 -0.0059258 -0.0176541 0.0057515 0.0155536 -0.3911537 -0.0641931 -0.1313066 -0.0227773 0.0040308 0.0142372 -0.0301518 0.0016148 0.0126296
-0.1791761 0.4221863 -0.3486289 -0.1116403 0.5207806 -0.3424485 -0.1560204 0.5133400 -0.3779391 -0.1478847 0.5696561 -0.3958136 -0.3110174 0.7328392 -0.6051569 -0.1763103 0.8224535 -0.5408188 -0.2377360 0.7822013 -0.5758843 -0.2085063 0.8031724 -0.5580674 -0.0071286 0.0035514 -0.0007066 0.0860716 0.0084491 0.0576289 -0.0101947 0.0040600 -0.0013750 -0.0062374 0.0484038 -0.0055320 -0.0094377 -0.0005453 0.0042791 0.1338055 0.0573262 0.0673411 -0.0130681 -0.0014898 0.0035323 0.0037966 0.0177539 0.0249878
-0.1863047 0.4257377 -0.3493355 -0.0255687 0.5292297 -0.2848196 -0.1662151 0.5174000 -0.3793141 -0.1541221 0.6180599 -0.4013456 -0.3204551 0.7322940 -0.6008778 -0.0425048 0.8797796 -0.4734777 -0.2508041 0.7807115 -0.5723520 -0.2047097 0.8209263 -0.5330797 -0.0148163 0.0021358 -0.0047803 -0.0029107 -0.0088584 0.0029354 -0.0285785 0.0009753 -0.0131910 -0.0398299 -0.0142414 -0.0230130 -0.0200254 -0.0079409 0.0013900 -0.0055617 -0.0015156 -0.0022763 -0.0361796 -0.0170044 -0.0059142 -0.0494595 -0.0296374 -0.0230317
-0.2011210 0.4278735 -0.3541159 -0.0284794 0.5203713 -0.2818841 -0.1947936 0.5183753 -0.3925051 -0.1939520 0.6038185 -0.4243586 -0.3404805 0.7243531 -0.5994878 -0.0480665 0.8782641 -0.4757540 -0.2869837 0.7637071 -0.5782662 -0.2541692 0.7912890 -0.5561113 -0.0129881 0.0083272 -0.0174375 -0.0008932 -0.0026705 0.0023482 -0.0112747 0.0084691 -0.0167768 -0.0137248 -0.0006797 -0.0059216 -0.0095477 -0.0112466 -0.0079325 -0.0017951 0.0005628 0.0012256 -0.0081412 -0.0091765 -0.0078949 -0.0157351 -0.0074278 -0.0030965
-0.2141091 0.4362007 -0.3715534 -0.0293725 0.5177008 -0.2795359 -0.2060684 0.5268444 -0.4092818 -0.2076767 0.6031388 -0.4302803 -0.3500282 0.7131065 -0.6074203 -0.0498616 0.8788269 -0.4745283 -0.2951249 0.7545306 -0.5861611 -0.2699042 0.7838611 -0.5592079 -0.0105761 -0.0026357 -0.0065707 0.0012748 0.0047606 -0.0010167 -0.0174258 -0.0042968 -0.0110925 -0.0309652 -0.0115508 -0.0180261 -0.0137707 -0.0110999 -0.0048192 0.0025342 0.0012003 0.0019691 -0.0210320 -0.0153299 -0.0085044 -0.0361715 -0.0251062 -0.0157778
-0.2246852 0.4335650 -0.3781241 -0.0280977 0.5224614 -0.2805526 -0.2234941 0.5225476 -0.4203744 -0.2386419 0.5915880 -0.4483063 -0.3637989 0.7020066 -0.6122395 -0.0473274 0.8800272 -0.4725592 -0.3161569 0.7392008 -0.5946655 -0.3060758 0.7587550 -0.5749857 -0.0112355 -0.0094195 -0.0110169 0.0022887 -0.0124036 0.0007817 -0.0255466 -0.0736484 0.0091594 -0.0259266 -0.0283913 -0.0122354 -0.0154435 -0.0201928 -0.0133045 0.0030064 -0.0041211 -0.0078824 -0.0624708 -0.0567195 -0.0305228 -0.0356843 -0.0312380 -0.0199253
-0.2359206 0.4241455 -0.3891410 -0.0258090 0.5100578 -0.2797709 -0.2490408 0.4488992 -0.4112150 -0.2645686 0.5631967 -0.4605417 -0.3792423 0.6818137 -0.6255440 -0.0443210 0.8759061 -0.4804417 -0.3786277 0.6824813 -0.6251883 -0.3417601 0.7275170 -0.5949110 -0.0326411 -0.0495044 -0.0376986 0.0187725 -0.0285419 0.0082303 -0.0218613 -0.0392212 -0.0737921 -0.0203923 -0.0474304 -0.0064200 -0.0482470 -0.0854702 -0.0538876 0.0315932 -0.0049333 -0.0107248 -0.0138374 -0.0889668 -0.0774580 -0.0372554 -0.0415161 -0.0261768
-0.2685617 0.3746411 -0.4268396 -0.0070365 0.4815159 -0.2715406 -0.2709021 0.4096780 -0.4850070 -0.2849608 0.5157663 -0.4669617 -0.4274893 0.5963435 -0.6794316 -0.0127278 0.8709728 -0.4911664 -0.3924651 0.5935145 -0.7026462 -0.3790154 0.6860009 -0.6210878 -0.0127214 0.0038012 0.0161161 0.0078944 -0.0031280 -0.0003447 -0.0226987 0.0524353 0.0237671 -0.0065211 -0.0067397 -0.0069569 -0.0223291 0.0088485 0.0226166 0.0142869 -0.0015750 -0.0029440 -0.0176574 0.0519982 0.0583536 -0.0075135 -0.0109899 -0.0073671
-0.2812831 0.3784423 -0.4107235 0.0008579 0.4783879 -0.2718853 -0.2936008 0.4621133 -0.4612399 -0.2914820 0.5090266 -0.4739186 -0.4498184 0.6051920 -0.6568151 0.0015591 0.8693978 -0.4941104 -0.4101224 0.6455127 -0.6442926 -0.3865290 0.6750110 -0.6284549 -0.0017367 -0.0091715 -0.0016199 -0.1472902 -0.0390285 -0.0528737 -0.0117655 0.0358186 -0.0368711 -0.0163301 -0.0343364 -0.0197524 -0.0054304 -0.0112052 -0.0064558 -0.2604385 -0.0926490 -0.0800349 0.0123331 0.0031248 -0.0045780 -0.0234173 -0.0428153 -0.0290196
-0.2830199 0.3692708 -0.4123434 -0.1464323 0.4393594 -0.3247590 -0.3053663 0.4979319 -0.4981109 -0.3078121 0.4746902 -0.4936710 -0.4552488 0.5939868 -0.6632708 -0.2588794 0.7767488 -0.5741453 -0.3977893 0.6486374 -0.6488707 -0.4099462 0.6321957 -0.6574745 -0.0027106 -0.0183879 -0.0012953 0.0632498 0.0143894 0.0011411 -0.0025433 -0.0263307 -0.0044865 -0.0022946 -0.0145150 -0.0066849 -0.0108145 -0.0216516 -0.0114272 0.1112626 0.0284797 -0.0001511 -0.0101112 -0.0238878 -0.0169410 -0.0050879 -0.0163161 -0.0121814
-0.2857304 0.3508829 -0.4136387 -0.0831825 0.4537488 -0.3236178 -0.3079095 0.4716012 -0.5025975 -0.3101067 0.4601752 -0.5003559 -0.4660632 0.5723353 -0.6746980 -0.1476168 0.8052285 -0.5742964 -0.4079005 0.6247496 -0.6658116 -0.4150341 0.6158796 -0.6696559 0.0015855 -0.0003338 -0.0386624 0.2992225 0.0421621 0.1084407 -0.0013220 -0.0115869 -0.0042633 0.5811339 0.0649909 0.2580291 0.0213256 -0.0236634 -0.0332339 0.5187219 0.0466282 0.2046733 -0.0038066 -0.0122922 -0.0090166 0.8393553 0.2063225 0.2902680
-0.2841450 0.3505491 -0.4523011 0.2160400 0.4959109 -0.2151772 -0.3092316 0.4600143 -0.5068608 0.2710271 0.5251661 -0.2423269 -0.4447376 0.5486719 -0.7079319 0.3711051 0.8518567 -0.3696231 -0.4117071 0.6124574 -0.6748283 0.4243212 0.8222021 -0.3793879 0.0014610 -0.0155784 0.0158596 0.2971879 0.0507734 0.0893350 0.0072094 -0.0229183 -0.0031473 0.2721335 0.0729261 0.0726354 -0.0122776 -0.0071249 0.0023372 0.3039010 -0.1328481 0.2041132 0.0016093 -0.0189508 -0.0176814 0.2336166 -0.0977250 0.1738383
-0.2826840 0.3349707 -0.4364414 0.5132279 0.5466843 -0.1258422 -0.3020221 0.4370960 -0.5100081 0.5431606 0.5980922 -0.1696915 -0.4570152 0.5415471 -0.7055947 0.6750061 0.7190085 -0.1655098 -0.4100978 0.5935066 -0.6925097 0.6579378 0.7244772 -0.2055496 0.0037955 -0.0161002 -0.0045931 0.0008276 -0.0085718 -0.0012850 0.0169128 -0.0196143 0.0014834 0.0007833 -0.0093504 -0.0019167 0.0009646 -0.0201162 -0.0156041 0.0058893 -0.0062483 -0.0028773 0.0124894 -0.0112939 -0.0166701 0.0056348 -0.0062544 -0.0038001
-0.2788885 0.3188705 -0.4410345 0.5140555 0.5381125 -0.1271272 -0.2851093 0.4174817 -0.5085248 0.5439440 0.5887418 -0.1716082 -0.4560505 0.5214309 -0.7211988 0.6808954 0.7127603 -0.1683871 -0.3976084 0.5822127 -0.7091798 0.6635727 0.7182228 -0.2093497 0.0064113 -0.0115354 0.0036521 -0.0021061 0.0025062 0.0021197 0.0131334 -0.0074259 0.0064887 -0.0021297 0.0010043 0.0020871 0.0019232 -0.0092072 -0.0077698 -0.0027945 0.0033144 0.0028089 0.0107091 0.0011123 -0.0049917 -0.0016908 0.0022126 0.0022623
-0.2724772 0.3073351 -0.4373825 0.5119494 0.5406187 -0.1250075 -0.2719759 0.4100558 -0.5020361 0.5418143 0.5897461 -0.1695210 -0.4541273 0.5122237 -0.7289687 0.6781009 0.7160747 -0.1655782 -0.3868993 0.5833249 -0.7141715 0.6618818 0.7204355 -0.2070873 0.0174644 -0.0636845 0.0512868 -0.0035696 -0.0029185 -0.0031886 0.0180427 -0.0895074 0.0543755 -0.0050350 -0.0040049 -0.0046254 -0.0335241 -0.0462997 -0.0093477 -0.0011666 -0.0000988 -0.0051215 -0.0319059 -0.0546531 -0.0241430 -0.0019276 -0.0002840 -0.0070206
-0.2550128 0.2436506 -0.3860957 0.5083799 0.5377002 -0.1281960 -0.2539332 0.3205484 -0.4476606 0.5367793 0.5857412 -0.1741465 -0.4876514 0.4659239 -0.7383163 0.6769343 0.7159759 -0.1706997 -0.4188052 0.5286718 -0.7383145 0.6599543 0.7201515 -0.2141079 0.0190230 0.0592799 -0.0482247 -0.0172323 -0.0407916 0.0310046 0.0205932 0.0836682 -0.0447867 -0.0329780 -0.0172018 0.0207475 0.0805862 0.0566091 -0.0108547 0.0193331 -0.0115415 0.0329179 0.0748923 0.0670910 0.0125111 -0.0098659 0.0134727 0.0161670
-0.2359898 0.3029305 -0.4343204 0.4911476 0.4969086 -0.0971914 -0.2333400 0.4042166 -0.4924473 0.5038013 0.5685394 -0.1533990 -0.4070651 0.5225330 -0.7491710 0.6962674 0.7044344 -0.1377818 -0.3439129 0.5957628 -0.7258034 0.6500884 0.7336242 -0.1979409 -0.0085896 -0.0730299 0.0475532 -0.0128627 -0.0008286 -0.0048401 -0.0032336 -0.1529021 0.0416963 -0.1123347 -0.0912195 0.0087600 -0.0705213 -0.0736096 -0.0060634 -0.0096759 0.0077024 -0.0086873 -0.0727976 -0.1530871 -0.0681680 -0.0326675 0.0192043 -0.0301835
-0.2445794 0.2299006 -0.3867672 0.4782849 0.4960800 -0.1020315 -0.2365736 0.2513145 -0.4507510 0.3914666 0.4773199 -0.1446390 -0.4775864 0.4489234 -0.7552344 0.6865915 0.7121369 -0.1464691 -0.4167105 0.4426757 -0.7939714 0.6174208 0.7528285 -0.2281244 0.0258398 0.0943381 -0.0348966 -0.0112230 0.0012781 -0.0003616 0.0359393 0.1727328 -0.0321380 -0.0109820 0.0007811 -0.0006292 0.0972578 0.1148395 0.0220758 -0.0096165 0.0087506 -0.0019429 0.1186974 0.1871849 0.0767100 -0.0116057 0.0084132 -0.0031743
-0.2187396 0.3242387 -0.4216638 0.4670619 0.4973581 -0.1023931 -0.2006343 0.4240473 -0.4828890 0.3804847 0.4781010 -0.1452681 -0.3803287 0.5637628 -0.7331586 0.6769751 0.7208874 -0.1484119 -0.2980131 0.6298606 -0.7172613 0.6058151 0.7612417 -0.2312988 0.0040682 0.0110292 -0.0028115 -0.0062749 0.0025105 0.0023829 0.0010664 0.0026493 0.0019658 0.0790423 0.0886513 0.0165037 0.0114468 0.0123467 0.0037589 -0.0064124 0.0065490 0.0028716 0.0015619 0.0039824 0.0028667 0.0144013 0.0036950 0.0575073
-0.2146714 0.3352679 -0.4244754 0.4607870 0.4998686 -0.1000102 -0.1995679 0.4266966 -0.4809232 0.4595270 0.5667523 -0.1287645 -0.3688819 0.5761096 -0.7293997 0.6705627 0.7274364 -0.1455404 -0.2964512 0.6338430 -0.7143947 0.6202164 0.7649367 -0.1737914 -0.0035496 0.0104741 0.0029038 -0.0273152 0.0091560 0.0085148 0.0019462 0.0370047 0.0078983 -0.0175826 0.0064631 0.0039589 -0.0027066 0.0126227 0.0115443 -0.0282062 0.0268809 0.0099545 0.0105606 0.0369732 0.0300905 -0.0185093 0.0154958 0.0038687
-0.2182210 0.3457420 -0.4215715 0.4334718 0.5090246 -0.0914954 -0.1976218 0.4637013 -0.4730249 0.4419444 0.5732154 -0.1248056 -0.3715884 0.5887323 -0.7178554 0.6423565 0.7543173 -0.1355859 -0.2858907 0.6708162 -0.6843042 0.6017071 0.7804325 -0.1699228 -0.0037917 0.0298082 0.0238468 0.0053028 0.0074203 0.0076493 -0.0025800 0.0063009 0.0013405 0.0052894 0.0074200 0.0076461 -0.0044814 0.0474166 0.0441447 0.0002178 0.0020033 0.0127954 -0.0020371 0.0051354 0.0059333 0.0008599 0.0018692 0.0120714
-0.2220127 0.3755502 -0.3977248 0.4387746 0.5164449 -0.0838461 -0.2002017 0.4700022 -0.4716844 0.4472338 0.5806354 -0.1171595 -0.3760698 0.6361489 -0.6737107 0.6425743 0.7563205 -0.1227905 -0.2879277 0.6759516 -0.6783709 0.6025670 0.7823017 -0.1578514 -0.0028855 0.0073050 -0.0005595 -0.0010847 0.0094938 0.0132588 -0.0064811 0.0144755 0.0048314 -0.0011043 0.0094937 0.0132541 -0.0009728 0.0057093 0.0059855 -0.0062778 0.0082686 0.0201735 -0.0057234 0.0123852 0.0150750 -0.0053769 0.0076467 0.0187632
-0.2248981 0.3828552 -0.3982843 0.4376899 0.5259387 -0.0705873 -0.2066829 0.4844777 -0.4668530 0.4461294 0.5901291 -0.1039055 -0.3770426 0.6418582 -0.6677252 0.6362965 0.7645891 -0.1026170 -0.2936511 0.6883368 -0.6632959 0.5971901 0.7899484 -0.1390882 -0.0080119 0.0078017 -0.0054631 -0.0013708 0.0031220 0.0147339 -0.0077513 0.0085034 0.0042086 -0.0013790 0.0031219 0.0147318 -0.0059254 0.0004890 0.0038536 -0.0021487 0.0043496 0.0214395 -0.0086833 0.0067255 0.0110059 -0.0016439 0.0044484 0.0196795
-0.2329100 0.3906569 -0.4037474 0.4363191 0.5290607 -0.0558534 -0.2144342 0.4929811 -0.4626443 0.4447505 0.5932510 -0.0891737 -0.3829680 0.6423473 -0.6638716 0.6341478 0.7689387 -0.0811775 -0.3023344 0.6950623 -0.6522900 0.5955462 0.7943968 -0.1194086 -0.0097273 0.0161303 0.0058187 0.0069369 0.0087181 0.0002406 -0.0166089 0.0327716 -0.0083683 0.0068966 0.0087179 0.0002305 -0.0092527 0.0152203 0.0206237 -0.0001317 0.0002791 0.0016312 -0.0087379 0.0128016 0.0181271 0.0004507 -0.0000342 0.0020385
-0.2426373 0.4067872 -0.3979287 0.4432560 0.5377788 -0.0556127 -0.2310431 0.5257527 -0.4710126 0.4516471 0.6019689 -0.0889432 -0.3922208 0.6575675 -0.6432479 0.6340161 0.7692178 -0.0795463 -0.3110723 0.7078640 -0.6341629 0.5959969 0.7943626 -0.1173701 -0.0178295 -0.0206414 -0.0033041 0.0077640 0.0002884 0.0154891 -0.0147937 0.0030983 -0.0000301 0.0076629 0.0002887 0.0154637 -0.0314626 -0.0294509 -0.0094097 0.0073305 -0.0040908 0.0224909 -0.0168558 -0.0024159 0.0058269 0.0075861 -0.0029311 0.0208102
-0.2604668 0.3861458 -0.4012328 0.4510199 0.5380672 -0.0401236 -0.2458368 0.5288510 -0.4710427 0.4593100 0.6022576 -0.0734794 -0.4236833 0.6281166 -0.6526576 0.6413465 0.7651270 -0.0570554 -0.3279281 0.7054481 -0.6283360 0.6035829 0.7914315 -0.0965599 -0.0028640 -0.0033140 -0.0012243 -0.0011026 -0.0049812 0.0118503 -0.0167843 -0.0043910 -0.0029858 -0.0010869 -0.0049810 0.0118540 -0.0046951 -0.0053377 -0.0020472 0.0031008 -0.0015515 0.0165577 -0.0203098 -0.0100094 -0.0002301 0.0030795 -0.0006698 0.0149712
-0.2633308 0.3828318 -0.4024571 0.4499174 0.5330860 -0.0282733 -0.2626211 0.5244600 -0.4740285 0.4582231 0.5972766 -0.0616254 -0.4283784 0.6227790 -0.6547048 0.6444474 0.7635755 -0.0404978 -0.3482380 0.6954387 -0.6285661 0.6066624 0.7907617 -0.0815887 -0.0053870 -0.0009135 -0.0003501 -0.0024014 -0.0045088 0.0085055 -0.0271273 -0.0001409 -0.0080908 -0.0025122 -0.0045086 0.0084780 -0.0073534 -0.0034900 0.0015440 0.0014492 -0.0006839 0.0119671 -0.0285663 -0.0135863 0.0015925 0.0012922 0.0000379 0.0106859
-0.2687178 0.3819183 -0.4028072 0.4475160 0.5285772 -0.0197678 -0.2897484 0.5243191 -0.4821194 0.4557109 0.5927680 -0.0531474 -0.4357318 0.6192890 -0.6531608 0.6458966 0.7628916 -0.0285307 -0.3768042 0.6818524 -0.6269736 0.6079546 0.7907996 -0.0709029 -0.0142757 -0.0084621 -0.0012167 0.0133601 0.0222702 -0.0009105 -0.0091246 -0.0662809 0.0301522 0.0132773 0.0222707 -0.0009310 -0.0216681 -0.0156750 0.0001405 -0.0044700 0.0037529 -0.0002484 -0.0444369 -0.0362787 -0.0100433 -0.0030713 0.0024541 0.0011546
-0.2829934 0.3734562 -0.4040239 0.4608761 0.5508474 -0.0206783 -0.2988730 0.4580382 -0.4519672 0.4689882 0.6150387 -0.0540784 -0.4573998 0.6036140 -0.6530203 0.6414266 0.7666445 -0.0287791 -0.4212411 0.6455736 -0.6370170 0.6048832 0.7932537 -0.0697482 -0.0141217 -0.0039741 -0.0063437 0.0023367 0.0004095 0.0009705 -0.0184615 -0.0071659 -0.0100895 0.0022236 0.0004097 0.0009430 -0.0164276 -0.0143785 -0.0014177 0.0016526 -0.0013337 0.0014187 -0.0198913 -0.0188077 -0.0052966 0.0016113 -0.0011129 0.0013579
-0.2971151 0.3694821 -0.4103676 0.4632129 0.5512569 -0.0197078 -0.3173345 0.4508723 -0.4620567 0.4712118 0.6154484 -0.0531354 -0.4738274 0.5892355 -0.6544380 0.6430792 0.7653108 -0.0273604 -0.4411325 0.6267659 -0.6423135 0.6064946 0.7921408 -0.0683903 -0.0211188 0.0093167 -0.0221760 0.0715572 -0.0079943 -0.0049887 -0.0314728 0.0570881 -0.0493642 0.0715200 -0.0079942 -0.0049976 -0.0104311 -0.0128149 -0.0037664 0.0580676 -0.0530294 -0.0050196 0.0055457 0.0075696 0.0036566 0.0580783 -0.0483157 -0.0027932
-0.3182339 0.3787988 -0.4325436 0.5347701 0.5432626 -0.0246965 -0.3488073 0.5079604 -0.5114209 0.5427318 0.6074542 -0.0581329 -0.4842585 0.5764205 -0.6582044 0.7011467 0.7122814 -0.0323800 -0.4355868 0.6343355 -0.6386569 0.6645728 0.7438251 -0.0711836 -0.0066315 -0.0432246 0.0250189 0.0035531 -0.0009787 0.0004192 0.0098357 -0.1348180 0.0431374 0.0034982 -0.0009787 0.0004062 -0.0398379 -0.0350479 0.0007559 0.0030083 -0.0029456 0.0006241 -0.0570616 -0.0920246 -0.0419284 0.0029964 -0.0026275 0.0006334
-0.3248654 0.3355742 -0.4075248 0.5383232 0.5422839 -0.0242773 -0.3389716 0.3731424 -0.4682834 0.5462300 0.6064755 -0.0577267 -0.5240964 0.5413727 -0.6574485 0.7041550 0.7093358 -0.0317559 -0.4926484 0.5423110 -0.6805853 0.6675693 0.7411976 -0.0705501 0.0020166 -0.0247005 0.0146664 0.0062652 -0.0004915 0.0025556 0.0019364 -0.0247006 0.0146850 0.0062210 -0.0004915 0.0025452 -0.0175995 -0.0197692 -0.0017140 0.0044861 -0.0043330 0.0034908 -0.0150154 -0.0174658 -0.0026534 0.0046219 -0.0038707 0.0034083
-0.3228488 0.3108737 -0.3928584 0.5445885 0.5417924 -0.0217217 -0.3370352 0.3484418 -0.4535984 0.5524511 0.6059840 -0.0551816 -0.5416960 0.5216035 -0.6591626 0.7086411 0.7050027 -0.0282651 -0.5076638 0.5248451 -0.6832387 0.6721911 0.7373270 -0.0671418 -0.0012216 -0.0068548 -0.0003439 0.0089102 -0.0026731 0.0014871 -0.0012527 -0.0068547 -0.0003363 0.0088926 -0.0026730 0.0014829 -0.0044801 -0.0092213 -0.0035260 0.0074640 -0.0075014 0.0020861 -0.0039682 -0.0082233 -0.0032994 0.0075519 -0.0067648 0.0021169
-0.3240703 0.3040189 -0.3932023 0.5534987 0.5391193 -0.0202345 -0.3382879 0.3415871 -0.4539347 0.5613437 0.6033110 -0.0536987 -0.5461761 0.5123822 -0.6626886 0.7161051 0.6975013 -0.0261790 -0.5116320 0.5166218 -0.6865381 0.6797431 0.7305622 -0.0650249 -0.0199912 0.0157513 -0.0474716 0.0207973 -0.0073558 0.0052189 -0.0200092 0.0157513 -0.0474679 0.0331258 -0.0052465 0.0163407 0.0119762 -0.0158978 -0.0215144 0.0175155 -0.0182128 0.0069977 0.0086677 -0.0150032 -0.0173125 0.0245380 -0.0220220 0.0207661
-0.3440616 0.3197702 -0.4406740 0.5742960 0.5317635 -0.0150156 -0.3582971 0.3573384 -0.5014026 0.5944694 0.5980645 -0.0373579 -0.5341999 0.4964844 -0.6842030 0.7336206 0.6792885 -0.0191813 -0.5029643 0.5016186 -0.7038506 0.7042811 0.7085402 -0.0442587 -0.0011350 -0.0015342 -0.0003212 0.0002758 -0.0000216 0.0002201 -0.0011809 -0.0015342 -0.0003105 0.0002598 -0.0000216 0.0002051 -0.0017062 -0.0024336 -0.0004272 0.0001803 -0.0001868 0.0002856 -0.0016254 -0.0021856 -0.0003908 0.0001754 -0.0001587 0.0002512
-0.3451965 0.3182360 -0.4409951 0.5745718 0.5317419 -0.0147955 -0.3594780 0.3558042 -0.5017131 0.5947293 0.5980429 -0.0371528 -0.5359061 0.4940507 -0.6846302 0.7338009 0.6791017 -0.0188957 -0.5045898 0.4994329 -0.7042414 0.7044565 0.7083815 -0.0440075 -0.0057052 -0.0113492 -0.0095540 0.0028505 -0.0027300 -0.0058304 -0.0057760 -0.0113491 -0.0095369 0.0028231 -0.0027299 -0.0058544 -0.0053498 -0.0206866 -0.0103291 0.0032833 -0.0038139 -0.0074334 -0.0051538 -0.0187161 -0.0092521 0.0030574 -0.0035191 -0.0069140
-0.3509017 0.3068868 -0.4505492 0.5774223 0.5290119 -0.0206259 -0.3652540 0.3444551 -0.5112500 0.5975524 0.5953130 -0.0430073 -0.5412559 0.4733642 -0.6949593 0.7370842 0.6752879 -0.0263291 -0.5097435 0.4807168 -0.7134934 0.7075139 0.7048624 -0.0509215 0.0072505 -0.0243611 -0.0071355 0.0029335 -0.0026785 -0.0029397 -0.0128283 -0.0036211 -0.0179867 0.0029317 -0.0026785 -0.0029414 0.0028479 -0.0307232 -0.0221082 0.0033228 -0.0038017 -0.0037354 -0.0051403 -0.0165589 -0.0072368 0.0031763 -0.0034624 -0.0034601
-0.3436512 0.2825257 -0.4576847 0.5803559 0.5263334 -0.0235656 -0.3780823 0.3408340 -0.5292366 0.6004840 0.5926345 -0.0459487 -0.5384080 0.4426410 -0.7170675 0.7404070 0.6714861 -0.0300645 -0.5148838 0.4641579 -0.7207303 0.7106902 0.7014001 -0.0543816 0.0134535 -0.0232758 0.0151325 -0.0001868 0.0005336 0.0011766 0.0206052 -0.0364136 0.0365100 -0.0001748 0.0005337 0.0011875 -0.0029045 -0.0176374 -0.0084342 -0.0004136 0.0005216 0.0015079 -0.0103404 -0.0168875 -0.0032095 -0.0003637 0.0004767 0.0014171
-0.3301977 0.2592499 -0.4425522 0.5801690 0.5268670 -0.0223889 -0.3574771 0.3044204 -0.4927266 0.6003093 0.5931682 -0.0447612 -0.5413125 0.4250036 -0.7255017 0.7399933 0.6720077 -0.0285566 -0.5252242 0.4472704 -0.7239398 0.7103265 0.7018767 -0.0529644 -0.0081745 0.0135712 -0.0161194 -0.0001038 0.0011373 0.0013975 -0.0085120 0.0138738 -0.0156588 -0.0000842 0.0011373 0.0014151 0.0058347 0.0067388 -0.0003510 -0.0007447 0.0008933 0.0018046 0.0043533 0.0057216 0.0004125 -0.0006582 0.0007927 0.0017148
-0.3383723 0.2728211 -0.4586716 0.5800652 0.5280043 -0.0209915 -0.3659892 0.3182942 -0.5083854 0.6002250 0.5943055 -0.0433461 -0.5354778 0.4317423 -0.7258527 0.7392487 0.6729010 -0.0267520 -0.5208709 0.4529920 -0.7235273 0.7096683 0.7026694 -0.0512497 0.0013537 -0.0005198 0.0017632 0.0007148 -0.0000945 0.0014922 0.0015728 -0.0005277 0.0016347 0.0007379 -0.0000944 0.0015136 0.0002544 0.0007028 0.0002308 0.0005088 -0.0004860 0.0019152 0.0005792 0.0006958 0.0000193 0.0005522 -0.0004283 0.0018119
-0.3370185 0.2723013 -0.4569083 0.5807800 0.5279098 -0.0194992 -0.3644164 0.3177665 -0.5067506 0.6009630 0.5942111 -0.0418325 -0.5352234 0.4324451 -0.7256219 0.7397575 0.6724150 -0.0248368 -0.5202917 0.4536879 -0.7235080 0.7102206 0.7022412 -0.0494378 0.0017201 0.0009992 -0.0065924 -0.0425378 -0.0166411 0.0142068 0.0016546 0.0011861 -0.0063852 -0.0424662 -0.0166411 0.0142710 0.0063583 -0.0013692 -0.0054562 -0.0147352 0.0162734 0.0177077 0.0055342 -0.0010953 -0.0046298 -0.0154919 0.0162132 0.0151534
-0.3352984 0.2733005 -0.4635007 0.5382422 0.5112687 -0.0052925 -0.3627618 0.3189526 -0.5131359 0.5584967 0.5775700 -0.0275615 -0.5288651 0.4310760 -0.7310781 0.7250223 0.6886885 -0.0071291 -0.5147575 0.4525925 -0.7281378 0.6947286 0.7184544 -0.0342844 0.0040816 -0.0010087 0.0118527 -0.0001298 0.0021715 0.0007665 0.0090970 0.0131342 -0.0135167 -0.0001241 0.0021715 0.0007724 -0.0029857 0.0061561 0.0058452 -0.0015374 0.0016249 0.0010440 0.0208448 0.0111854 -0.0073622 -0.0014044 0.0014033 0.0010208
-0.3312168 0.2722918 -0.4516480 0.5381124 0.5134402 -0.0045259 -0.3536648 0.3320868 -0.5266526 0.5583726 0.5797415 -0.0267891 -0.5318508 0.4372321 -0.7252329 0.7234849 0.6903134 -0.0060851 -0.4939128 0.4637779 -0.7355000 0.6933242 0.7198577 -0.0332637 0.0191657 -0.0180086 0.0088015 0.0001189 0.0010123 -0.0005933 0.0154997 -0.0169434 0.0108738 0.0000874 0.0010124 -0.0006225 0.0104233 -0.0123329 -0.0147495 -0.0006070 0.0006281 -0.0007904 0.0056603 -0.0087648 -0.0091963 -0.0005887 0.0005320 -0.0007387
-0.3120511 0.2542832 -0.4428465 0.5382313 0.5144525 -0.0051192 -0.3381651 0.3151434 -0.5157787 0.5584600 0.5807539 -0.0274116 -0.5214275 0.4248992 -0.7399825 0.7228779 0.6909415 -0.0068754 -0.4882525 0.4550132 -0.7446963 0.6927355 0.7203897 -0.0340024 -0.0052259 0.0156615 -0.0146956 0.0002127 0.0021657 -0.0005336 -0.0061091 0.0162446 -0.0138810 0.0001884 0.0021657 -0.0005543 0.0086754 0.0113591 0.0005476 -0.0013185 0.0013695 -0.0006998 0.0056431 0.0095323 0.0022101 -0.0012338 0.0011552 -0.0006141
-0.3172770 0.2699447 -0.4575421 0.5384439 0.5166182 -0.0056528 -0.3442741 0.3313880 -0.5296597 0.5586485 0.5829196 -0.0279658 -0.5127521 0.4362583 -0.7394349 0.7215594 0.6923111 -0.0075752 -0.4826094 0.4645454 -0.7424861 0.6915018 0.7215449 -0.0346165 0.0075551 -0.0135010 0.0131100 -0.1513875 -0.0342458 0.0383284 -0.0024433 0.0315550 -0.0247400 -0.1513632 -0.0342458 0.0383490 -0.0040177 -0.0083830 -0.0020984 -0.0965945 0.0865568 0.0603352 0.0189988 0.0207611 0.0011747 -0.0955304 0.0813171 0.0498099
-0.3097219 0.2564437 -0.4444321 0.3870564 0.4823724 0.0326755 -0.3467174 0.3629430 -0.5543997 0.4072853 0.5486738 0.0103832 -0.5167698 0.4278753 -0.7415333 0.6249649 0.7788679 0.0527599 -0.4636106 0.4853066 -0.7413115 0.5959714 0.8028619 0.0151935 0.0012242 0.0006180 0.0002004 0.0036407 0.0018426 -0.0006751 0.0007064 0.0021148 -0.0002021 0.0036468 0.0018427 -0.0006688 0.0015996 0.0014003 -0.0003036 0.0021545 -0.0016402 -0.0013950 0.0014707 0.0022726 0.0005732 0.0021457 -0.0015779 -0.0010540
-0.3084977 0.2570617 -0.4442317 0.3906971 0.4842150 0.0320005 -0.3460110 0.3650578 -0.5546018 0.4109321 0.5505165 0.0097144 -0.5151702 0.4292756 -0.7418369 0.6271194 0.7772277 0.0513649 -0.4621399 0.4875792 -0.7407383 0.5981171 0.8012840 0.0141394 0.0008269 0.0014602 0.0020169 0.0579207 0.0082496 -0.0198063 0.0022130 0.0025641 0.0004636 0.0931359 -0.0415455 -0.0237254 0.0002708 0.0033712 0.0017726 0.0461986 -0.0381013 -0.0330631 0.0028894 0.0034956 0.0005123 0.1054246 -0.0908991 -0.0336949
-0.3076708 0.2585219 -0.4422148 0.4486178 0.4924646 0.0121941 -0.3437980 0.3676219 -0.5541382 0.5040680 0.5089710 -0.0140110 -0.5148995 0.4326469 -0.7400644 0.6733180 0.7391264 0.0183018 -0.4592505 0.4910748 -0.7402260 0.7035416 0.7103849 -0.0195555 0.0052245 0.0010004 0.0023512 -0.0009801 -0.0002549 0.0006126 0.0063443 0.0103319 0.0013011 -0.0008100 -0.0007764 0.0008071 0.0053475 0.0045882 -0.0010040 -0.0006264 0.0005462 0.0009435 0.0092534 0.0129295 0.0030135 -0.0000143 0.0000435 0.0010971
-0.3024462 0.2595223 -0.4398636 0.4476377 0.4922097 0.0128067 -0.3374537 0.3779538 -0.5528371 0.5032580 0.5081946 -0.0132039 -0.5095519 0.4372350 -0.7410684 0.6726916 0.7396726 0.0192454 -0.4499971 0.5040043 -0.7372125 0.7035273 0.7104285 -0.0184583 -0.0006245 0.0468751 -0.0050677 -0.0001390 -0.0008579 -0.0011154 0.0128098 0.0164023 0.0071526 -0.0000356 0.0001864 -0.0012457 0.0202793 0.0574080 0.0227784 0.0005484 -0.0004578 -0.0016564 0.0156620 0.0235975 0.0071513 -0.0001790 0.0001300 -0.0017377
-0.3030707 0.3063974 -0.4449313 0.4474987 0.4913518 0.0116913 -0.3246439 0.3943561 -0.5456845 0.5032223 0.5083810 -0.0144496 -0.4892726 0.4946431 -0.7182900 0.6732400 0.7392148 0.0175890 -0.4343351 0.5276018 -0.7300612 0.7033483 0.7105585 -0.0201961 0.0000000 0.0000000 0.0000000 0.0000000 0.0000000 0.0000000 0.0000000 0.0000000 0.0000000 0.0000000 0.0000000 0.0000000 0.0000000 0.0000000 0.0000000 0.0000000 0.0000000 0.0000000 0.0000000 0.0000000 0.0000000 0.0000000 0.0000000 0.0000000
