-0.4157632 0.3610833 -0.2588303 0.3760129 0.4140143 -0.2296489 -0.4066882 0.4089444 -0.3057349 0.3895364 0.4744258 -0.2743848 -0.6832951 0.5934302 -0.4253803 0.6219277 0.6847824 -0.3798408 -0.6230221 0.6264784 -0.4683677 0.5793329 0.7055835 -0.4080752 -0.0059667 -0.0361660 0.0095970 -0.0027703 -0.0678992 0.0080016 -0.0156810 -0.0549657 0.0173317 -0.0056705 -0.0705354 0.0038164 -0.0341395 -0.0406904 0.0013918 0.0503543 -0.0613622 -0.0193888 -0.0560377 -0.0573728 0.0046904 0.0403801 -0.0535430 -0.0287303
-0.4217299 0.3249173 -0.2492333 0.3732426 0.3461151 -0.2216473 -0.4223692 0.3539787 -0.2884032 0.3838659 0.4038904 -0.2705683 -0.7174346 0.5527399 -0.4239885 0.6722820 0.6234202 -0.3992296 -0.6790598 0.5691056 -0.4636773 0.6197129 0.6520405 -0.4368055 0.0040094 -0.0397747 -0.0031896 -0.0151789 -0.0369534 0.0076263 0.0053547 -0.0489944 0.0008394 -0.0207493 -0.0369232 -0.0108177 -0.0215592 -0.0482910 -0.0225756 0.0173286 -0.0279920 -0.0129629 -0.0262170 -0.0533002 -0.0226657 -0.0021256 -0.0279039 -0.0417751
-0.4177205 0.2851426 -0.2524229 0.3580637 0.3091617 -0.2140210 -0.4170145 0.3049843 -0.2875638 0.3631165 0.3669672 -0.2813861 -0.7389938 0.5044488 -0.4465641 0.6896106 0.5954281 -0.4121924 -0.7052768 0.5158054 -0.4863430 0.6175874 0.6241366 -0.4785805 0.0017564 -0.0314557 0.0077006 -0.0102690 -0.0196833 0.0087719 0.0039816 -0.0276702 -0.0001195 -0.0083348 -0.0374573 0.0062604 -0.0239257 -0.0391619 -0.0022810 0.0103517 -0.0128317 -0.0008864 -0.0134371 -0.0332543 -0.0142515 0.0194745 -0.0324539 -0.0154475
-0.4159641 0.2536869 -0.2447223 0.3477947 0.2894784 -0.2052491 -0.4130329 0.2773141 -0.2876833 0.3547817 0.3295099 -0.2751257 -0.7629195 0.4652869 -0.4488451 0.6999623 0.5825965 -0.4130788 -0.7187139 0.4825510 -0.5005945 0.6370619 0.5916827 -0.4940280 0.0186685 -0.0322206 0.0139393 -0.0210104 -0.0277395 -0.0010638 0.0198363 -0.0282913 -0.0028779 -0.0270077 -0.0296815 0.0006018 -0.0160137 -0.0310827 -0.0036256 0.0001572 -0.0218336 -0.0289366 0.0020815 -0.0286872 -0.0289767 -0.0093868 -0.0175224 -0.0316752
-0.3972956 0.2214662 -0.2307831 0.3267843 0.2617388 -0.2063129 -0.3931966 0.2490227 -0.2905613 0.3277739 0.2998283 -0.2745239 -0.7789332 0.4342042 -0.4524707 0.7001196 0.5607628 -0.4420154 -0.7166323 0.4538639 -0.5295712 0.6276751 0.5741603 -0.5257033 0.0246701 0.0060716 -0.0326269 -0.0181819 -0.0016386 0.0009935 0.0250310 -0.0065312 -0.0018087 -0.0356898 -0.0029538 -0.0081047 0.0481659 0.0120273 -0.0641108 -0.0186034 0.0136414 -0.0114111 0.0206512 0.0045427 -0.0231256 -0.0473550 0.0156776 -0.0358303
-0.3726255 0.2275379 -0.2634100 0.3086024 0.2601003 -0.2053194 -0.3681656 0.2424915 -0.2923699 0.2920841 0.2968746 -0.2826286 -0.7307674 0.4462316 -0.5165815 0.6815161 0.5744042 -0.4534265 -0.6959811 0.4584066 -0.5526968 0.5803201 0.5898378 -0.5615336 0.0313722 0.0126218 -0.0112059 -0.0398846 0.0045731 -0.0212958 0.0369534 0.0159437 -0.0136567 -0.0363366 0.0090364 -0.0159091 0.0476380 0.0345261 -0.0331514 -0.0708187 0.0271018 -0.0615873 0.0587311 0.0388210 -0.0360962 -0.0668837 0.0243062 -0.0378080
-0.3412533 0.2401597 -0.2746158 0.2687178 0.2646734 -0.2266153 -0.3312123 0.2584353 -0.3060266 0.2557475 0.3059110 -0.2985377 -0.6831294 0.4807577 -0.5497329 0.6106975 0.6015060 -0.5150138 -0.6372500 0.4972276 -0.5887930 0.5134364 0.6141440 -0.5993415 0.0207110 0.0166445 -0.0022642 -0.0317438 0.0230434 -0.0149416 0.0329717 0.0313566 -0.0087764 -0.0307599 0.0191902 -0.0000974 0.0360092 0.0376862 -0.0092406 -0.0771770 0.0462562 -0.0288246 0.0654289 0.0583947 -0.0147835 -0.0593495 0.0419996 -0.0033862
-0.3205423 0.2568042 -0.2768800 0.2369740 0.2877168 -0.2415569 -0.2982406 0.2897919 -0.3148030 0.2249876 0.3251012 -0.2986351 -0.6471202 0.5184438 -0.5589735 0.5335204 0.6477622 -0.5438383 -0.5718211 0.5556223 -0.6035764 0.4540869 0.6561436 -0.6027277 0.0296594 0.0465221 -0.0139097 -0.0347360 0.0409598 -0.0383040 0.0249241 0.0490304 -0.0129438 -0.0426100 0.0378100 -0.0098003 0.0779403 0.0750844 -0.0100242 -0.1092817 0.0417091 -0.0432314 0.0702347 0.0661795 0.0021002 -0.0964827 0.0554490 -0.0020493
-0.2908829 0.3033263 -0.2907898 0.2022380 0.3286766 -0.2798609 -0.2733164 0.3388223 -0.3277468 0.1823776 0.3629112 -0.3084354 -0.5691800 0.5935283 -0.5689977 0.4242387 0.6894713 -0.5870697 -0.5015864 0.6218018 -0.6014762 0.3576042 0.7115926 -0.6047770 0.0098599 0.0294328 -0.0015174 -0.0214016 0.0449303 -0.0084895 0.0214708 0.0655305 -0.0195715 -0.0278918 0.0435277 -0.0069339 0.0334323 0.0408500 0.0117377 -0.0664306 0.0497577 0.0165315 0.0743963 0.0640767 0.0123418 -0.0699945 0.0450837 0.0176470
-0.2810230 0.3327591 -0.2923071 0.1808365 0.3736069 -0.2883504 -0.2518456 0.4043528 -0.3473182 0.1544858 0.4064389 -0.3153693 -0.5357477 0.6343783 -0.5572599 0.3578081 0.7392290 -0.5705382 -0.4271901 0.6858785 -0.5891344 0.2876097 0.7566763 -0.5871300 0.0102560 0.0309994 0.0038575 -0.0068068 0.0453903 -0.0044841 0.0269780 0.0396151 -0.0005904 -0.0092102 0.0544386 -0.0031967 0.0319358 0.0424614 0.0205462 -0.0355292 0.0366957 0.0282493 0.0568655 0.0452726 0.0161791 -0.0366106 0.0396019 0.0367297
-0.2707670 0.3637585 -0.2884497 0.1740297 0.4189972 -0.2928345 -0.2248676 0.4439679 -0.3479086 0.1452756 0.4608775 -0.3185659 -0.5038119 0.6768397 -0.5367137 0.3222789 0.7759247 -0.5422889 -0.3703246 0.7311511 -0.5729553 0.2509991 0.7962782 -0.5504003 0.0264092 0.0685952 -0.0286145 0.0037630 0.0288842 -0.0017717 0.0028687 0.0219959 -0.0002791 0.0030837 0.0453073 -0.0049800 0.0890918 0.0569439 -0.0014023 -0.0074910 0.0170643 0.0206788 0.0137616 0.0172556 0.0137145 -0.0112464 0.0217299 0.0275415
-0.2443579 0.4323537 -0.3170642 0.1777927 0.4478814 -0.2946062 -0.2219989 0.4659638 -0.3481876 0.1483594 0.5061848 -0.3235460 -0.4147201 0.7337836 -0.5381160 0.3147879 0.7929889 -0.5216101 -0.3565630 0.7484067 -0.5592408 0.2397527 0.8180081 -0.5228588 0.0095591 0.0217148 -0.0036895 0.0076450 0.0490701 -0.0062624 0.0035131 0.0324911 0.0049317 0.0212874 0.0368092 0.0019803 0.0256473 0.0186296 0.0066119 -0.0106976 0.0219377 0.0282303 0.0170053 0.0262625 0.0257727 0.0198553 0.0129275 0.0307718
-0.2347988 0.4540685 -0.3207537 0.1854377 0.4969515 -0.3008686 -0.2184858 0.4984549 -0.3432559 0.1696468 0.5429940 -0.3215656 -0.3890728 0.7524132 -0.5315042 0.3040903 0.8149266 -0.4933799 -0.3395577 0.7746692 -0.5334681 0.2596080 0.8309356 -0.4920871 -0.0168173 -0.0120526 0.0185528 0.0161130 0.0037471 0.0120896 -0.0076333 -0.0008491 0.0110780 0.0256981 0.0172442 0.0145882 -0.0362274 -0.0052850 0.0207018 0.0251658 0.0030215 0.0216265 -0.0139764 0.0033305 0.0141126 0.0328122 0.0077090 0.0325594
-0.2516161 0.4420159 -0.3022009 0.2015507 0.5006986 -0.2887790 -0.2261191 0.4976058 -0.3321780 0.1953449 0.5602382 -0.3069774 -0.4253003 0.7471282 -0.5108024 0.3292560 0.8179482 -0.4717534 -0.3535341 0.7779997 -0.5193555 0.2924202 0.8386446 -0.4595277 -0.0041448 -0.0034078 0.0048108 0.0483998 0.0292991 0.0133362 -0.0081243 0.0027600 0.0072201 0.0441329 0.0302965 0.0127103 -0.0093608 -0.0017215 0.0053932 0.0567746 0.0005954 0.0463516 -0.0119214 0.0026473 0.0123717 0.0487613 0.0026839 0.0402885
-0.2557609 0.4386082 -0.2973901 0.2499505 0.5299978 -0.2754429 -0.2342435 0.5003659 -0.3249579 0.2394778 0.5905348 -0.2942671 -0.4346611 0.7454068 -0.5054092 0.3860307 0.8185436 -0.4254018 -0.3654555 0.7806470 -0.5069838 0.3411814 0.8413285 -0.4192392 -0.0228433 -0.0068105 0.0071360 0.0236902 -0.0057171 0.0078044 -0.0200295 -0.0001215 0.0055574 0.0431627 0.0018948 0.0091390 -0.0374024 -0.0137743 0.0136064 0.0355142 -0.0108866 0.0131033 -0.0283448 -0.0059034 0.0123185 0.0537603 -0.0135095 0.0208214
-0.2786043 0.4317976 -0.2902541 0.2736407 0.5242807 -0.2676385 -0.2542730 0.5002444 -0.3194005 0.2826405 0.5924296 -0.2851281 -0.4720635 0.7316324 -0.4918028 0.4215449 0.8076570 -0.4122984 -0.3938003 0.7747436 -0.4946653 0.3949418 0.8278190 -0.3984178 -0.0306972 0.0015052 0.0086580 0.0340050 -0.0123751 0.0242985 -0.0491458 -0.0006551 0.0133865 0.0267627 0.0034189 0.0084846 -0.0415059 -0.0121690 0.0242359 0.0554925 -0.0138929 0.0349739 -0.0660852 -0.0175268 0.0308463 0.0311440 -0.0072634 0.0174461
-0.3093015 0.4333028 -0.2815961 0.3076457 0.5119055 -0.2433399 -0.3034188 0.4995892 -0.3060140 0.3094032 0.5958484 -0.2766435 -0.5135694 0.7194634 -0.4675670 0.4770374 0.7937641 -0.3773245 -0.4598854 0.7572168 -0.4638190 0.4260858 0.8205556 -0.3809717 -0.0160895 0.0043204 0.0052319 0.0187622 -0.0009187 0.0033050 -0.0067033 0.0039707 0.0031207 0.0243914 -0.0074612 0.0090692 -0.0186650 -0.0036533 0.0155244 0.0234926 -0.0101917 0.0092431 -0.0068502 0.0006439 0.0079626 0.0327567 -0.0117439 0.0131574
-0.3253909 0.4376232 -0.2763642 0.3264079 0.5109868 -0.2400349 -0.3101221 0.5035599 -0.3028934 0.3337947 0.5883872 -0.2675743 -0.5322344 0.7158101 -0.4520425 0.5005300 0.7835725 -0.3680814 -0.4667357 0.7578607 -0.4558564 0.4588424 0.8088117 -0.3678143 -0.0480540 0.0257056 0.0035326 0.0240595 0.0246070 0.0041408 -0.0625786 0.0118610 0.0067620 0.0274675 0.0208428 0.0066055 -0.0382119 -0.0080639 0.0352855 0.0132358 0.0015783 0.0222737 -0.0644712 -0.0232360 0.0337831 0.0197550 -0.0017084 0.0220848
-0.3734449 0.4633288 -0.2728316 0.3504674 0.5355938 -0.2358941 -0.3727008 0.5154209 -0.2961314 0.3612622 0.6092300 -0.2609688 -0.5704463 0.7077462 -0.4167570 0.5137657 0.7851508 -0.3458077 -0.5312069 0.7346246 -0.4220733 0.4785974 0.8071033 -0.3457294 -0.0212837 -0.0187136 0.0057000 0.0144276 -0.0106945 0.0013147 -0.0187944 -0.0224877 0.0035074 0.0168008 -0.0239668 0.0010940 -0.0351448 -0.0256193 0.0069248 0.0220946 -0.0143188 0.0013201 -0.0327641 -0.0245264 0.0005318 0.0297982 -0.0200777 -0.0037340
-0.3947286 0.4446153 -0.2671316 0.3648950 0.5248994 -0.2345794 -0.3914952 0.4929333 -0.2926240 0.3780630 0.5852633 -0.2598748 -0.6055910 0.6821269 -0.4098322 0.5358603 0.7708320 -0.3444876 -0.5639710 0.7100983 -0.4215415 0.5083956 0.7870256 -0.3494634 -0.0181669 -0.0199729 -0.0003484 0.0161327 -0.0566366 0.0127113 -0.0210897 -0.0418212 -0.0003291 0.0114550 -0.0549475 0.0045742 -0.0297461 -0.0287145 -0.0017488 0.0565539 -0.0427863 -0.0004686 -0.0446501 -0.0446442 -0.0106058 0.0434949 -0.0356450 -0.0122604
-0.4128955 0.4246424 -0.2674800 0.3810277 0.4682628 -0.2218681 -0.4125849 0.4511121 -0.2929531 0.3895180 0.5303158 -0.2553005 -0.6353371 0.6534124 -0.4115811 0.5924143 0.7280457 -0.3449562 -0.6086211 0.6654541 -0.4321473 0.5518905 0.7513806 -0.3617238 -0.0144966 -0.0530932 0.0140077 -0.0034239 -0.0310613 -0.0003698 -0.0107859 -0.0269352 0.0022857 -0.0022158 -0.0426747 -0.0065639 -0.0535025 -0.0545764 0.0030527 0.0176411 -0.0217045 -0.0140906 -0.0269989 -0.0286240 -0.0042409 0.0214222 -0.0295391 -0.0259068
-0.4273921 0.3715491 -0.2534724 0.3776037 0.4372014 -0.2222379 -0.4233708 0.4241768 -0.2906674 0.3873022 0.4876410 -0.2618645 -0.6888396 0.5988360 -0.4085284 0.6100553 0.7063412 -0.3590468 -0.6356200 0.6368301 -0.4363882 0.5733127 0.7218414 -0.3876306 0.0010760 -0.0238332 0.0065784 -0.0076127 -0.0250795 -0.0138618 -0.0006110 -0.0365481 -0.0020103 -0.0025850 -0.0231309 -0.0107736 -0.0181528 -0.0221922 -0.0009146 0.0044825 -0.0218259 -0.0331038 -0.0219914 -0.0356037 -0.0175657 0.0079211 -0.0200561 -0.0242730
-0.4263161 0.3477159 -0.2468939 0.3699910 0.4121219 -0.2360997 -0.4239818 0.3876287 -0.2926778 0.3847173 0.4645101 -0.2726381 -0.7069924 0.5766438 -0.4094430 0.6145378 0.6845153 -0.3921506 -0.6576113 0.6012264 -0.4539540 0.5812337 0.7017854 -0.4119037 0.0122175 -0.0175846 -0.0038786 -0.0261328 -0.0497092 -0.0037527 0.0131518 -0.0272954 0.0012216 -0.0290484 -0.0448271 -0.0145551 0.0002935 -0.0132430 -0.0185244 0.0059482 -0.0305480 -0.0406588 -0.0057359 -0.0194137 -0.0166461 -0.0081064 -0.0255051 -0.0508815
-0.4140986 0.3301313 -0.2507725 0.3438582 0.3624127 -0.2398524 -0.4108300 0.3603333 -0.2914561 0.3556688 0.4196830 -0.2871932 -0.7066990 0.5634008 -0.4279674 0.6204860 0.6539672 -0.4328094 -0.6633473 0.5818127 -0.4706000 0.5731273 0.6762802 -0.4627852 0.0177685 -0.0147578 0.0003561 -0.0135872 -0.0087728 0.0023590 0.0253789 -0.0062184 -0.0143793 -0.0287646 -0.0166796 -0.0102947 0.0052533 -0.0052362 -0.0152326 -0.0077617 0.0021113 -0.0077923 0.0275224 0.0023213 -0.0338940 -0.0265970 -0.0025247 -0.0345659
-0.3963301 0.3153736 -0.2504164 0.3302711 0.3536399 -0.2374934 -0.3854511 0.3541150 -0.3058354 0.3269042 0.4030034 -0.2974880 -0.7014457 0.5581646 -0.4432000 0.6127243 0.6560785 -0.4406017 -0.6358249 0.5841340 -0.5044940 0.5465303 0.6737555 -0.4973511 0.0199063 0.0031499 -0.0045323 -0.0418187 -0.0127184 -0.0087429 0.0312798 0.0071748 -0.0098261 -0.0485738 -0.0083885 -0.0145550 0.0233432 0.0156343 -0.0160732 -0.0470929 0.0124406 -0.0422475 0.0419068 0.0217212 -0.0248460 -0.0624295 0.0125992 -0.0453861
-0.3764238 0.3185235 -0.2549487 0.2884524 0.3409215 -0.2462363 -0.3541713 0.3612898 -0.3156615 0.2783304 0.3946149 -0.3120430 -0.6781025 0.5737989 -0.4592732 0.5656315 0.6685191 -0.4828491 -0.5939181 0.6058552 -0.5293400 0.4841008 0.6863547 -0.5427372 0.0236969 0.0152598 -0.0089005 -0.0177974 0.0117681 -0.0142323 0.0182317 0.0267946 -0.0091062 -0.0224554 0.0063380 0.0011517 0.0398790 0.0301482 -0.0181352 -0.0403481 0.0159759 -0.0226645 0.0408432 0.0330684 -0.0053420 -0.0338013 0.0192589 -0.0043823
-0.3527269 0.3337833 -0.2638492 0.2706550 0.3526896 -0.2604685 -0.3359397 0.3880844 -0.3247677 0.2558750 0.4009529 -0.3108913 -0.6382235 0.6039471 -0.4774084 0.5252833 0.6844950 -0.5055136 -0.5530749 0.6389236 -0.5346820 0.4502995 0.7056136 -0.5471195 0.0135703 0.0183679 -0.0004271 -0.0317408 0.0344632 -0.0082711 0.0144405 0.0153354 0.0053902 -0.0423256 0.0239987 0.0023025 0.0279766 0.0296813 0.0018940 -0.0731221 0.0482179 -0.0030944 0.0231794 0.0259938 0.0082833 -0.0736254 0.0439473 0.0028079
-0.3391566 0.3521513 -0.2642763 0.2389142 0.3871529 -0.2687397 -0.3214992 0.4034199 -0.3193775 0.2135494 0.4249517 -0.3085888 -0.6102469 0.6336283 -0.4755143 0.4521612 0.7327129 -0.5086079 -0.5298955 0.6649174 -0.5263987 0.3766741 0.7495609 -0.5443116 0.0094482 0.0331921 0.0006982 -0.0184684 0.0411082 -0.0102862 0.0129492 0.0379370 0.0065496 -0.0087704 0.0404236 0.0025480 0.0333808 0.0405781 0.0143514 -0.0561390 0.0366412 0.0073489 0.0344593 0.0437659 0.0240932 -0.0316022 0.0346401 0.0286040
-0.3297083 0.3853433 -0.2635781 0.2204458 0.4282610 -0.2790259 -0.3085499 0.4413568 -0.3128280 0.2047790 0.4653752 -0.3060408 -0.5768660 0.6742065 -0.4611629 0.3960222 0.7693542 -0.5012590 -0.4954363 0.7086833 -0.5023055 0.3450718 0.7842010 -0.5157076 0.0027405 0.0299153 -0.0053011 0.0032522 0.0257026 0.0000876 -0.0025743 0.0198503 0.0112453 0.0025297 0.0456655 -0.0007717 0.0254827 0.0260663 0.0077377 -0.0089123 0.0162307 0.0185558 0.0037897 0.0201280 0.0257368 -0.0165784 0.0255749 0.0295439
-0.3269679 0.4152586 -0.2688791 0.2236980 0.4539636 -0.2789383 -0.3111243 0.4612071 -0.3015827 0.2073086 0.5110407 -0.3068126 -0.5513834 0.7002727 -0.4534252 0.3871098 0.7855849 -0.4827032 -0.4916465 0.7288113 -0.4765687 0.3284935 0.8097758 -0.4861637 -0.0113449 0.0036037 0.0062974 0.0110707 0.0397762 -0.0018890 -0.0037007 0.0084292 0.0075621 0.0156535 0.0251829 0.0064252 -0.0133737 -0.0010515 0.0150885 -0.0051369 0.0177388 0.0257921 -0.0023699 0.0081316 0.0151980 0.0125211 0.0103638 0.0267292
-0.3383127 0.4188623 -0.2625817 0.2347687 0.4937398 -0.2808273 -0.3148250 0.4696363 -0.2940206 0.2229621 0.5362236 -0.3003874 -0.5647571 0.6992212 -0.4383367 0.3819729 0.8033237 -0.4569111 -0.4940164 0.7369429 -0.4613707 0.3410146 0.8201396 -0.4594345 -0.0213001 0.0225181 0.0098296 0.0355249 0.0363141 0.0140990 -0.0285493 0.0300112 0.0151158 0.0416289 0.0498581 0.0113585 -0.0125503 0.0093525 0.0325790 0.0325606 0.0095892 0.0478455 -0.0205261 0.0117732 0.0434350 0.0342870 0.0111712 0.0494697
-0.3596128 0.4413804 -0.2527521 0.2702936 0.5300539 -0.2667283 -0.3433743 0.4996475 -0.2789048 0.2645910 0.5860817 -0.2890289 -0.5773074 0.7085738 -0.4057578 0.4145335 0.8129128 -0.4090656 -0.5145425 0.7487161 -0.4179357 0.3753015 0.8313108 -0.4099647 -0.0203261 0.0145536 0.0098300 0.0195206 0.0127320 0.0138582 -0.0257300 0.0177115 0.0083972 0.0248699 0.0213675 0.0147296 -0.0151618 0.0024007 0.0269497 0.0211162 0.0030049 0.0289505 -0.0198457 0.0003148 0.0262955 0.0230475 0.0046460 0.0324808
-0.3799389 0.4559340 -0.2429222 0.2898142 0.5427859 -0.2528700 -0.3691043 0.5173590 -0.2705076 0.2894609 0.6074492 -0.2742992 -0.5924692 0.7109745 -0.3788080 0.4356497 0.8159177 -0.3801152 -0.5343882 0.7490309 -0.3916401 0.3983490 0.8359569 -0.3774840 -0.0283166 0.0164963 0.0136462 0.0336981 0.0156194 0.0208512 -0.0420901 0.0280826 0.0118894 0.0441044 0.0358459 0.0135726 -0.0213063 -0.0007179 0.0341122 0.0360861 -0.0016678 0.0417922 -0.0285904 -0.0022504 0.0375582 0.0347895 -0.0006304 0.0389272
-0.4082555 0.4724303 -0.2292760 0.3235122 0.5584053 -0.2320189 -0.4111944 0.5454415 -0.2586182 0.3335652 0.6432950 -0.2607267 -0.6137755 0.7102566 -0.3446959 0.4717358 0.8142499 -0.3383229 -0.5629786 0.7467805 -0.3540819 0.4331385 0.8353265 -0.3385568 -0.0255265 0.0104248 0.0115599 0.0323140 0.0035081 0.0154275 -0.0237755 0.0019945 0.0097104 0.0316238 0.0047503 0.0186150 -0.0198266 -0.0049761 0.0266897 0.0369660 -0.0109185 0.0286762 -0.0230872 -0.0091810 0.0187107 0.0336949 -0.0069083 0.0290573
-0.4337820 0.4828551 -0.2177161 0.3558262 0.5619134 -0.2165914 -0.4349698 0.5474360 -0.2489078 0.3651890 0.6480453 -0.2421117 -0.6336020 0.7052805 -0.3180062 0.5087018 0.8033314 -0.3096468 -0.5860658 0.7375995 -0.3353712 0.4668334 0.8284182 -0.3094995 -0.0342326 -0.0031375 0.0182356 0.0374849 0.0123643 0.0123875 -0.0517452 -0.0169888 0.0270682 0.0454209 0.0046917 0.0179482 -0.0357015 -0.0192405 0.0327310 0.0335061 -0.0116479 0.0281368 -0.0600345 -0.0334458 0.0408854 0.0444693 -0.0156122 0.0303650
-0.4680146 0.4797177 -0.1994805 0.3933112 0.5742778 -0.2042040 -0.4867150 0.5304472 -0.2218396 0.4106099 0.6527371 -0.2241635 -0.6693036 0.6860399 -0.2852752 0.5422079 0.7916835 -0.2815099 -0.6461004 0.7041537 -0.2944858 0.5113027 0.8128060 -0.2791345 -0.0303362 -0.0080119 0.0100635 0.0273756 -0.0064602 0.0149785 -0.0248183 -0.0088917 0.0083231 0.0470260 -0.0058952 0.0213510 -0.0307692 -0.0233976 0.0191862 0.0328354 -0.0155246 0.0228546 -0.0259955 -0.0188898 0.0139497 0.0482197 -0.0219535 0.0311686
-0.4983509 0.4717058 -0.1894170 0.4206867 0.5678176 -0.1892255 -0.5115333 0.5215556 -0.2135165 0.4576360 0.6468419 -0.2028125 -0.7000727 0.6626423 -0.2660890 0.5750433 0.7761589 -0.2586553 -0.6720958 0.6852639 -0.2805361 0.5595224 0.7908524 -0.2479659 -0.0382981 -0.0250585 0.0016002 0.0442439 -0.0210972 0.0206430 -0.0484773 -0.0296650 0.0068436 0.0340883 -0.0400986 0.0225745 -0.0421576 -0.0448918 0.0063227 0.0556161 -0.0345550 0.0299800 -0.0519121 -0.0493248 0.0133397 0.0539761 -0.0338508 0.0230925
-0.5366490 0.4466473 -0.1878168 0.4649306 0.5467204 -0.1685825 -0.5600106 0.4918906 -0.2066729 0.4917242 0.6067433 -0.1802379 -0.7422303 0.6177505 -0.2597663 0.6306594 0.7416039 -0.2286753 -0.7240079 0.6359392 -0.2671964 0.6134985 0.7570017 -0.2248734 -0.0285130 -0.0293636 0.0042671 0.0027308 -0.0632867 0.0337084 -0.0360329 -0.0412579 0.0072814 0.0173658 -0.0469628 0.0206208 -0.0361203 -0.0430603 0.0069786 0.0510553 -0.0368978 0.0320679 -0.0467056 -0.0532489 0.0093734 0.0448296 -0.0331234 0.0184651
-0.5651620 0.4172837 -0.1835497 0.4676614 0.4834337 -0.1348741 -0.5960435 0.4506327 -0.1993915 0.5090900 0.5597805 -0.1596171 -0.7783506 0.5746901 -0.2527877 0.6817147 0.7047061 -0.1966073 -0.7707136 0.5826902 -0.2578230 0.6583281 0.7238783 -0.2064083 -0.0083518 -0.0506272 0.0171843 0.0114165 -0.0184468 0.0064965 -0.0252830 -0.0286531 0.0007241 0.0151789 -0.0196534 0.0095783 -0.0400930 -0.0514461 0.0153729 0.0229570 -0.0207607 0.0077778 -0.0290317 -0.0395358 0.0021067 0.0247292 -0.0201598 0.0109265
-0.5735138 0.3666565 -0.1663654 0.4790779 0.4649869 -0.1283776 -0.6213265 0.4219796 -0.1986674 0.5242690 0.5401271 -0.1500388 -0.8184436 0.5232441 -0.2374148 0.7046716 0.6839454 -0.1888295 -0.7997453 0.5431544 -0.2557163 0.6830572 0.7037185 -0.1954819 -0.0129803 -0.0201019 0.0013701 0.0087842 -0.0320628 0.0107561 -0.0169756 -0.0414156 0.0037472 0.0072971 -0.0321086 0.0077525 -0.0182969 -0.0288209 0.0020191 0.0314211 -0.0307438 0.0113607 -0.0310756 -0.0478082 0.0020061 0.0267136 -0.0253894 0.0054949
-0.5864941 0.3465546 -0.1649953 0.4878621 0.4329241 -0.1176215 -0.6383020 0.3805640 -0.1949201 0.5315660 0.5080185 -0.1422862 -0.8367405 0.4944232 -0.2353957 0.7360927 0.6532016 -0.1774689 -0.8308208 0.4953463 -0.2537102 0.7097708 0.6783291 -0.1899870 -0.0094512 -0.0178903 0.0001808 0.0151384 0.0078618 -0.0060482 -0.0073136 -0.0110595 -0.0008227 0.0119639 0.0092880 -0.0070652 -0.0143193 -0.0250631 0.0000269 0.0034573 -0.0051243 -0.0043599 -0.0085132 -0.0149710 -0.0007657 0.0006580 -0.0021759 -0.0052251
-0.5959453 0.3286643 -0.1648144 0.5030006 0.4407859 -0.1236697 -0.6456156 0.3695046 -0.1957428 0.5435299 0.5173066 -0.1493515 -0.8510597 0.4693601 -0.2353688 0.7395500 0.6480772 -0.1818287 -0.8393341 0.4803752 -0.2544759 0.7104288 0.6761532 -0.1952120 -0.0018956 -0.0085630 -0.0049015 -0.0150043 -0.0375505 0.0004566 -0.0044427 -0.0092770 -0.0065779 -0.0133677 -0.0374458 0.0035957 -0.0041496 -0.0114563 -0.0074093 0.0171283 -0.0228277 -0.0092234 -0.0046318 -0.0126945 -0.0081956 0.0160368 -0.0186141 -0.0045127
-0.5978409 0.3201013 -0.1697159 0.4879962 0.4032353 -0.1232132 -0.6500583 0.3602276 -0.2023207 0.5301622 0.4798607 -0.1457557 -0.8552093 0.4579037 -0.2427781 0.7566783 0.6252496 -0.1910521 -0.8439659 0.4676807 -0.2626715 0.7264657 0.6575391 -0.1997248 0.0089497 -0.0076363 -0.0071885 -0.0061040 -0.0009798 -0.0037383 0.0129700 -0.0101208 -0.0088046 -0.0099894 -0.0010287 -0.0099747 0.0014051 -0.0048763 -0.0137069 -0.0042233 0.0028559 -0.0071774 0.0023558 -0.0051808 -0.0162305 -0.0079509 0.0038716 -0.0153857
-0.5888912 0.3124649 -0.1769044 0.4818922 0.4022555 -0.1269515 -0.6370883 0.3501067 -0.2111253 0.5201728 0.4788320 -0.1557305 -0.8538042 0.4530274 -0.2564850 0.7524550 0.6281055 -0.1982295 -0.8416100 0.4625000 -0.2789020 0.7185147 0.6614106 -0.2151105 0.0318601 -0.0045538 -0.0155181 -0.0282400 0.0067671 -0.0164389 0.0496135 -0.0057881 -0.0229823 -0.0326968 0.0070883 -0.0208317 0.0160634 0.0100522 -0.0329068 -0.0294155 0.0238025 -0.0303088 0.0257423 0.0156796 -0.0462198 -0.0324904 0.0224244 -0.0333653
-0.5570310 0.3079111 -0.1924225 0.4536522 0.4090226 -0.1433904 -0.5874748 0.3443186 -0.2341076 0.4874760 0.4859203 -0.1765622 -0.8377408 0.4630796 -0.2893918 0.7230395 0.6519080 -0.2285383 -0.8158677 0.4781795 -0.3251218 0.6860244 0.6838350 -0.2484758 0.0297406 -0.0012023 0.0000188 -0.0239283 0.0023367 -0.0129746 0.0223900 0.0083684 -0.0058705 -0.0455153 0.0044292 -0.0218576 0.0133711 0.0164313 -0.0114137 -0.0243976 0.0168769 -0.0256787 0.0177528 0.0199489 -0.0138187 -0.0448565 0.0275323 -0.0393789
-0.5272904 0.3067088 -0.1924037 0.4297239 0.4113593 -0.1563650 -0.5650848 0.3526870 -0.2399781 0.4419607 0.4903495 -0.1984198 -0.8243697 0.4795109 -0.3008054 0.6986419 0.6687849 -0.2542170 -0.7981149 0.4981284 -0.3389405 0.6411679 0.7113673 -0.2878546 0.0312045 0.0056293 -0.0068406 -0.0463560 0.0041474 -0.0225517 0.0539141 0.0146103 -0.0184270 -0.0495607 0.0142507 -0.0270933 0.0231410 0.0249468 -0.0209942 -0.0521337 0.0319220 -0.0475065 0.0468612 0.0416787 -0.0408306 -0.0622628 0.0330660 -0.0448434
-0.4960859 0.3123382 -0.1992443 0.3833679 0.4155068 -0.1789167 -0.5111707 0.3672974 -0.2584052 0.3924001 0.5046003 -0.2255131 -0.8012287 0.5044576 -0.3217996 0.6465082 0.7007068 -0.3017235 -0.7512538 0.5398071 -0.3797711 0.5789051 0.7444333 -0.3326980 0.0403570 0.0002832 -0.0064842 -0.0434825 0.0065956 -0.0268223 0.0533662 0.0006286 -0.0130591 -0.0501913 -0.0187324 -0.0128013 0.0284129 0.0256793 -0.0270706 -0.0601685 0.0274661 -0.0531989 0.0437058 0.0288315 -0.0397835 -0.0444441 0.0143943 -0.0395011
-0.4557289 0.3126214 -0.2057285 0.3398854 0.4221024 -0.2057390 -0.4578045 0.3679260 -0.2714642 0.3422088 0.4858679 -0.2383144 -0.7728159 0.5301370 -0.3488702 0.5863397 0.7281729 -0.3549224 -0.7075480 0.5686385 -0.4195546 0.5344610 0.7588276 -0.3721991 0.0499678 0.0210825 -0.0451261 -0.0400979 -0.0264499 -0.0048176 0.0612946 0.0003263 -0.0172208 -0.0564440 -0.0422693 -0.0056846 0.0758420 0.0430645 -0.0820214 -0.0303643 0.0055901 -0.0355684 0.0610568 0.0317798 -0.0511331 -0.0429138 0.0042114 -0.0475065
-0.4057611 0.3337039 -0.2508546 0.2997875 0.3956525 -0.2105566 -0.3965099 0.3682523 -0.2886851 0.2857648 0.4435986 -0.2439991 -0.6969738 0.5732014 -0.4308917 0.5559754 0.7337631 -0.3904908 -0.6464912 0.6004184 -0.4706877 0.4915473 0.7630390 -0.4197056 0.0483912 -0.0092478 -0.0093932 -0.0234455 -0.0475472 -0.0009206 0.0606544 -0.0013286 -0.0204908 -0.0429187 -0.0271830 -0.0203700 0.0452836 0.0184680 -0.0436894 0.0054625 -0.0265253 -0.0391626 0.0730462 0.0260729 -0.0572039 -0.0498389 -0.0056282 -0.0611506
-0.3573699 0.3244561 -0.2602478 0.2763420 0.3481053 -0.2114772 -0.3358555 0.3669237 -0.3091758 0.2428461 0.4164156 -0.2643691 -0.6516902 0.5916695 -0.4745810 0.5614379 0.7072378 -0.4296535 -0.5734450 0.6264912 -0.5278917 0.4417084 0.7574108 -0.4808562 0.0524114 -0.0111360 -0.0048245 -0.0228708 -0.0151864 -0.0067385 0.0402504 -0.0112610 -0.0016810 -0.0345893 -0.0353638 -0.0045111 0.0552582 0.0211159 -0.0438425 -0.0243223 -0.0017693 -0.0327544 0.0429589 0.0117726 -0.0299647 -0.0339632 -0.0113509 -0.0455834
-0.3049585 0.3133200 -0.2650724 0.2534712 0.3329188 -0.2182157 -0.2956052 0.3556626 -0.3108568 0.2082568 0.3810517 -0.2688802 -0.5964320 0.6127854 -0.5184235 0.5371156 0.7054685 -0.4624078 -0.5304861 0.6382639 -0.5578564 0.4077452 0.7460598 -0.5264395 0.0321090 0.0011820 -0.0147919 -0.0317582 -0.0216753 -0.0096194 0.0494905 -0.0200767 -0.0014037 -0.0386455 -0.0213230 -0.0108996 0.0525599 0.0141129 -0.0394310 -0.0387749 -0.0058910 -0.0496936 0.0574483 0.0067396 -0.0423151 -0.0589380 -0.0062740 -0.0489303
-0.2728495 0.3145021 -0.2798642 0.2217129 0.3112436 -0.2278351 -0.2461146 0.3355859 -0.3122605 0.1696113 0.3597288 -0.2797798 -0.5438721 0.6268983 -0.5578545 0.4983408 0.6995774 -0.5121015 -0.4730378 0.6450034 -0.6001715 0.3488072 0.7397858 -0.5753699 0.0616227 -0.0082617 -0.0119151 -0.0689470 0.0147174 -0.0425303 0.0564660 -0.0043890 -0.0116926 -0.0231182 -0.0145097 -0.0025835 0.0971101 0.0208250 -0.0592825 -0.1590163 0.0244488 -0.0884357 0.0941975 0.0165921 -0.0469540 -0.0367421 -0.0043868 -0.0261313
-0.2112268 0.3062404 -0.2917793 0.1527659 0.3259610 -0.2703655 -0.1896486 0.3311969 -0.3239531 0.1464930 0.3452191 -0.2823632 -0.4467620 0.6477234 -0.6171371 0.3393244 0.7240262 -0.6005372 -0.3788402 0.6615955 -0.6471255 0.3120652 0.7353990 -0.6015011 0.0244549 -0.0067761 -0.0034682 -0.0047128 -0.0328195 0.0142475 0.0286068 -0.0087832 -0.0004268 -0.0238506 -0.0308915 0.0091269 0.0408644 0.0030804 -0.0245027 0.0161699 -0.0201561 -0.0144348 0.0467121 0.0033412 -0.0218663 -0.0295876 -0.0114207 -0.0278333
-0.1867719 0.2994643 -0.2952475 0.1480531 0.2931415 -0.2561179 -0.1610419 0.3224137 -0.3243799 0.1226425 0.3143276 -0.2732363 -0.4058977 0.6508037 -0.6416398 0.3554944 0.7038702 -0.6149720 -0.3321281 0.6649367 -0.6689918 0.2824776 0.7239783 -0.6293344 0.0255991 -0.0072902 -0.0026428 -0.0351876 0.0094829 -0.0179670 0.0484500 0.0061239 -0.0151598 -0.0125227 0.0065536 -0.0154075 0.0455774 0.0023851 -0.0243285 -0.0890551 0.0105291 -0.0320550 0.1003128 0.0114889 -0.0300862 -0.0352553 -0.0035904 -0.0186797
-0.1611728 0.2921740 -0.2978903 0.1128654 0.3026243 -0.2740850 -0.1125919 0.3285375 -0.3395397 0.1101198 0.3208811 -0.2886438 -0.3603203 0.6531888 -0.6659683 0.2664392 0.7143992 -0.6470269 -0.2318154 0.6764256 -0.6990780 0.2472223 0.7203879 -0.6480142 0.0554871 0.0180986 -0.0236047 -0.0037568 -0.0070972 -0.0105911 -0.0357675 0.0173351 -0.0189437 -0.0352519 0.0129516 -0.0386557 0.1301321 0.0225994 -0.0342629 -0.0094686 -0.0183790 -0.0234370 -0.0536239 -0.0109767 0.0093664 -0.0890965 -0.0153121 -0.0432631
-0.1056856 0.3102726 -0.3214951 0.1091086 0.2955271 -0.2846761 -0.1483594 0.3458726 -0.3584834 0.0748679 0.3338327 -0.3272995 -0.2301882 0.6757882 -0.7002312 0.2569706 0.6960202 -0.6704640 -0.2854393 0.6654489 -0.6897117 0.1581258 0.7050758 -0.6912773 0.0101976 0.0116726 0.0143390 0.0036868 0.0223018 -0.0135706 0.1187101 0.0150985 0.0145290 0.0030954 0.0223018 -0.0130900 0.0203683 0.0316359 0.0253040 -0.0064312 0.0099368 0.0080029 0.2260793 0.0572398 0.0010917 -0.0018157 0.0089446 0.0088244
-0.0954880 0.3219453 -0.3071561 0.1127954 0.3178290 -0.2982466 -0.0296493 0.3609712 -0.3439544 0.0779634 0.3561346 -0.3403895 -0.2098199 0.7074241 -0.6749272 0.2505395 0.7059570 -0.6624611 -0.0593599 0.7226887 -0.6886199 0.1563102 0.7140204 -0.6824529 -0.0094325 0.0212161 -0.0055364 -0.0245000 0.0305773 -0.0341828 -0.0162194 0.0233880 -0.0137653 -0.0255761 0.0305771 -0.0332685 -0.0106167 0.0135530 0.0179647 -0.0701917 0.0056805 -0.0165432 -0.0276665 0.0065533 0.0099209 -0.0593484 0.0017312 -0.0091380
-0.1049206 0.3431614 -0.3126925 0.0882954 0.3484062 -0.3324295 -0.0458687 0.3843592 -0.3577197 0.0523872 0.3867117 -0.3736580 -0.2204366 0.7209771 -0.6569625 0.1803478 0.7116375 -0.6790042 -0.0870264 0.7292420 -0.6786991 0.0969618 0.7157516 -0.6915909 -0.0104881 0.0219180 0.0128938 -0.0235369 0.0498395 -0.0116626 -0.0308417 0.0307076 0.0364679 -0.0234728 0.0498395 -0.0117197 -0.0168865 0.0297616 0.0404650 -0.0582257 0.0393784 0.0301118 -0.0575899 0.0532518 0.0730676 -0.0473688 0.0330058 0.0306046
-0.1154087 0.3650794 -0.2997988 0.0647584 0.3982457 -0.3440921 -0.0767104 0.4150668 -0.3212518 0.0289144 0.4365512 -0.3853777 -0.2373231 0.7507387 -0.6164975 0.1221221 0.7510159 -0.6488924 -0.1446163 0.7824938 -0.6056315 0.0495930 0.7487574 -0.6609863 -0.0087357 0.0515665 -0.0457772 0.0220047 0.0322718 0.0206961 -0.0369053 0.0483416 -0.0579858 0.0231456 0.0322719 0.0197339 0.0137859 -0.0005164 -0.0057546 0.0369604 0.0383492 0.0559375 -0.0417951 -0.0221712 -0.0165906 0.0376352 0.0367705 0.0483387
-0.1241443 0.4166459 -0.3455760 0.0867632 0.4305175 -0.3233959 -0.1136158 0.4634084 -0.3792376 0.0520600 0.4688231 -0.3656437 -0.2235372 0.7502223 -0.6222521 0.1590826 0.7893651 -0.5929549 -0.1864114 0.7603226 -0.6222221 0.0872282 0.7855279 -0.6126476 -0.0230574 0.0151086 0.0013139 0.0012837 0.0115610 -0.0058293 -0.0112593 0.0320075 -0.0074264 0.0012574 0.0115609 -0.0058077 -0.0340399 0.0052717 0.0198545 -0.0013459 0.0026221 0.0031452 -0.0084824 0.0128783 0.0187515 0.0002376 0.0025295 0.0032912
-0.1472018 0.4317546 -0.3442620 0.0880469 0.4420786 -0.3292253 -0.1248751 0.4954160 -0.3866640 0.0533174 0.4803840 -0.3714515 -0.2575770 0.7554940 -0.6023976 0.1577366 0.7919872 -0.5898097 -0.1948939 0.7732009 -0.6034706 0.0874659 0.7880574 -0.6093564 -0.0266833 0.0111080 0.0167766 0.0113827 0.0699680 -0.0151138 -0.0116972 0.0304441 0.0037625 0.0321790 0.0853938 0.0008898 -0.0434759 0.0112483 0.0354114 0.0013461 0.0272639 0.0388829 -0.0105781 0.0179514 0.0273983 0.0379487 0.0418803 0.0657807
-0.1738851 0.4428625 -0.3274854 0.0994296 0.5120465 -0.3443391 -0.1365723 0.5258600 -0.3829015 0.0854965 0.5657778 -0.3705617 -0.3010529 0.7667423 -0.5669862 0.1590828 0.8192511 -0.5509268 -0.2054719 0.7911523 -0.5760723 0.1254145 0.8299377 -0.5435757 -0.0074518 0.0726215 -0.0274411 0.0199815 0.0012139 0.0086316 -0.0178561 0.0437764 -0.0003067 0.0150795 0.0198541 0.0004130 0.0227572 0.0243653 0.0222843 0.0320313 0.0022078 0.0136365 -0.0139827 0.0183446 0.0315042 0.0182522 0.0066022 0.0148407
-0.1813369 0.5154840 -0.3549265 0.1194110 0.5132604 -0.3357074 -0.1544284 0.5696364 -0.3832082 0.1005760 0.5856319 -0.3701486 -0.2782958 0.7911077 -0.5447019 0.1911140 0.8214588 -0.5372902 -0.2194546 0.8094969 -0.5445681 0.1436668 0.8365400 -0.5287350 -0.0579560 -0.0665962 0.0687030 0.0334129 0.0328751 0.0022370 -0.0768121 -0.0588788 0.0732428 0.0442764 0.0150646 0.0148661 -0.1316752 -0.0220460 0.0543265 0.0411794 0.0086708 0.0304130 -0.1414958 -0.0122397 0.0607336 0.0595572 0.0062209 0.0302833
-0.2392929 0.4488879 -0.2862236 0.1528240 0.5461356 -0.3334704 -0.2312405 0.5107577 -0.3099655 0.1448524 0.6006966 -0.3552825 -0.4099709 0.7690616 -0.4903754 0.2322934 0.8301296 -0.5068773 -0.3609504 0.7972572 -0.4838345 0.2032240 0.8427609 -0.4984517 -0.0245363 -0.0015931 0.0034388 0.0264386 -0.0032447 0.0097454 -0.0076114 0.0467431 -0.0413650 0.0425695 0.0058628 0.0125422 -0.0362077 -0.0126125 0.0121398 0.0405522 -0.0038256 0.0141533 0.0201818 -0.0018742 -0.0174066 0.0565555 -0.0020283 0.0233903
-0.2638292 0.4472948 -0.2827847 0.1792626 0.5428909 -0.3237251 -0.2388519 0.5575008 -0.3513305 0.1874219 0.6065594 -0.3427403 -0.4461787 0.7564492 -0.4782355 0.2728456 0.8263041 -0.4927239 -0.3407686 0.7953830 -0.5012411 0.2597795 0.8407326 -0.4750614 -0.0216958 0.0600850 -0.0378044 0.0488794 -0.0137092 0.0257862 -0.0220900 0.0037680 -0.0000473 0.0361856 -0.0070627 0.0178810 0.0165802 0.0069500 -0.0041200 0.0788296 -0.0105836 0.0334585 -0.0258546 -0.0068008 0.0075555 0.0518311 -0.0052977 0.0223503
-0.2855250 0.5073798 -0.3205891 0.2281420 0.5291817 -0.2979389 -0.2609419 0.5612688 -0.3513778 0.2236075 0.5994967 -0.3248594 -0.4295985 0.7633992 -0.4823556 0.3516752 0.8157205 -0.4592654 -0.3666232 0.7885823 -0.4936856 0.3116106 0.8354349 -0.4527112 -0.0379555 -0.0614761 0.0248902 0.0301242 -0.0195142 0.0124555 -0.0451725 -0.0412996 0.0179450 0.0326903 -0.0210175 0.0120208 -0.0877833 -0.0502112 0.0094084 0.0526744 -0.0177690 0.0123036 -0.0774168 -0.0343312 0.0100184 0.0515054 -0.0158609 0.0094897
-0.3234806 0.4459037 -0.2956989 0.2582662 0.5096675 -0.2854834 -0.3061144 0.5199692 -0.3334328 0.2562978 0.5784792 -0.3128386 -0.5173818 0.7131880 -0.4729472 0.4043496 0.7979514 -0.4469618 -0.4440400 0.7542510 -0.4836672 0.3631160 0.8195740 -0.4432214 -0.0101319 -0.0120755 -0.0027932 0.0408307 -0.0197998 0.0119315 -0.0251810 -0.0238863 0.0000362 0.0523004 -0.0298209 0.0154378 -0.0177859 -0.0172582 -0.0058819 0.0660657 -0.0274944 0.0167231 -0.0407495 -0.0283256 -0.0041970 0.0801396 -0.0315078 0.0160493
-0.3336124 0.4338282 -0.2984921 0.2990968 0.4898677 -0.2735520 -0.3312954 0.4960829 -0.3333966 0.3085982 0.5486583 -0.2974008 -0.5351677 0.6959298 -0.4788291 0.4704153 0.7704571 -0.4302387 -0.4847895 0.7259254 -0.4878642 0.4432556 0.7880662 -0.4271722 -0.0409799 -0.0366173 0.0115427 0.0331845 -0.0203139 0.0042307 -0.0332135 -0.0353654 0.0054461 0.0260625 -0.0439005 0.0113394 -0.0721531 -0.0519378 0.0136025 0.0527323 -0.0311861 0.0062162 -0.0569781 -0.0411635 0.0004331 0.0563998 -0.0344524 0.0000766
-0.3745923 0.3972109 -0.2869494 0.3322813 0.4695538 -0.2693212 -0.3645089 0.4607175 -0.3279505 0.3346607 0.5047578 -0.2860614 -0.6073208 0.6439919 -0.4652266 0.5231476 0.7392709 -0.4240225 -0.5417676 0.6847619 -0.4874311 0.4996554 0.7536138 -0.4270956 -0.0206507 -0.0116102 0.0020424 0.0183632 -0.0626636 0.0309548 -0.0307151 -0.0437562 0.0082038 0.0193306 -0.0273432 -0.0018734 -0.0287820 -0.0234075 0.0066983 0.0735442 -0.0468659 0.0183944 -0.0593402 -0.0505932 0.0011190 0.0363623 -0.0307072 -0.0088986
-0.3952430 0.3856007 -0.2849069 0.3506446 0.4068902 -0.2383664 -0.3952241 0.4169613 -0.3197467 0.3539913 0.4774146 -0.2879348 -0.6361028 0.6205844 -0.4585283 0.5966918 0.6924050 -0.4056281 -0.6011079 0.6341686 -0.4863121 0.5360177 0.7229067 -0.4359942 -0.0260507 -0.0526445 0.0060902 0.0046410 -0.0175628 0.0058373 -0.0204470 -0.0381557 -0.0086483 0.0105906 -0.0240679 0.0022135 -0.0601915 -0.0702902 -0.0022868 0.0200328 -0.0165886 0.0019910 -0.0371640 -0.0525044 -0.0179455 0.0264909 -0.0234440 -0.0048414
-0.4212938 0.3329562 -0.2788168 0.3552856 0.3893274 -0.2325291 -0.4156710 0.3788056 -0.3283950 0.3645819 0.4533467 -0.2857213 -0.6962943 0.5502942 -0.4608151 0.6167247 0.6758164 -0.4036371 -0.6382719 0.5816642 -0.5042576 0.5625086 0.6994627 -0.4408356 -0.0058195 -0.0237830 -0.0013872 -0.0071650 -0.0500710 0.0037882 -0.0141067 -0.0475433 -0.0006451 -0.0067176 -0.0521598 -0.0083057 -0.0190188 -0.0325026 -0.0084599 0.0312792 -0.0443126 -0.0221493 -0.0389753 -0.0596585 -0.0142463 0.0215158 -0.0447371 -0.0390080
-0.4271132 0.3091732 -0.2802040 0.3481206 0.3392564 -0.2287409 -0.4297778 0.3312623 -0.3290401 0.3578644 0.4011869 -0.2940270 -0.7153131 0.5177916 -0.4692750 0.6480038 0.6315037 -0.4257864 -0.6772471 0.5220057 -0.5185040 0.5840244 0.6547256 -0.4798436 0.0158191 -0.0397965 -0.0019342 -0.0073104 -0.0164939 -0.0097943 0.0109139 -0.0364605 -0.0048169 -0.0142357 -0.0357196 -0.0062902 -0.0102543 -0.0425818 -0.0284474 -0.0007191 -0.0184961 -0.0272523 -0.0078375 -0.0398342 -0.0275452 0.0037079 -0.0296410 -0.0338100
-0.4112941 0.2693767 -0.2821382 0.3408102 0.3227625 -0.2385352 -0.4188639 0.2948018 -0.3338570 0.3436286 0.3654673 -0.3003172 -0.7255674 0.4752098 -0.4977224 0.6472848 0.6130076 -0.4530387 -0.6850846 0.4821715 -0.5460492 0.5877323 0.6250845 -0.5136536 0.0136423 -0.0074413 -0.0069306 -0.0311786 -0.0221267 -0.0037301 0.0375777 -0.0284108 -0.0011573 -0.0390598 -0.0251359 -0.0104636 0.0117067 -0.0049857 -0.0212113 -0.0216657 -0.0055647 -0.0364650 0.0199159 -0.0174417 -0.0383965 -0.0364008 -0.0090154 -0.0489229
-0.3976518 0.2619355 -0.2890688 0.3096316 0.3006359 -0.2422653 -0.3812861 0.2663911 -0.3350143 0.3045688 0.3403315 -0.3107808 -0.7138608 0.4702240 -0.5189336 0.6256191 0.6074429 -0.4895037 -0.6651687 0.4647298 -0.5844457 0.5513315 0.6160692 -0.5625765 0.0415339 -0.0134785 -0.0004909 -0.0490636 -0.0142760 0.0015527 0.0310550 0.0008717 -0.0070553 -0.0383912 -0.0029870 -0.0076397 0.0315319 0.0058243 -0.0358683 -0.0540663 0.0206839 -0.0384965 0.0372511 0.0144368 -0.0288395 -0.0536454 0.0146814 -0.0327908
-0.3561180 0.2484570 -0.2895597 0.2605681 0.2863599 -0.2407126 -0.3502311 0.2672628 -0.3420696 0.2661776 0.3373445 -0.3184205 -0.6823289 0.4760484 -0.5548020 0.5715528 0.6281268 -0.5280001 -0.6279177 0.4791665 -0.6132853 0.4976861 0.6307505 -0.5953673 0.0291041 0.0168579 -0.0078014 -0.0209148 0.0117083 -0.0042816 0.0496335 0.0217764 -0.0191193 -0.0489928 0.0053801 0.0037382 0.0479824 0.0386135 -0.0220235 -0.0439182 0.0281174 -0.0113933 0.0830492 0.0447510 -0.0414121 -0.0747137 0.0367134 -0.0174836
-0.3270139 0.2653149 -0.2973611 0.2396533 0.2980682 -0.2449942 -0.3005976 0.2890392 -0.3611889 0.2171849 0.3427246 -0.3146823 -0.6343465 0.5146619 -0.5768255 0.5276346 0.6562442 -0.5393934 -0.5448685 0.5239176 -0.6546974 0.4229724 0.6674639 -0.6128509 0.0328123 0.0187855 0.0010361 -0.0283348 0.0256716 -0.0220018 0.0552283 0.0366579 -0.0189384 -0.0285923 0.0196310 -0.0008397 0.0518274 0.0478567 -0.0098978 -0.0778679 0.0327982 -0.0288763 0.1047267 0.0603159 -0.0271724 -0.0575974 0.0345557 0.0015658
-0.2942017 0.2841004 -0.2963250 0.2113185 0.3237398 -0.2669960 -0.2453693 0.3256971 -0.3801273 0.1885926 0.3623556 -0.3155220 -0.5825192 0.5625186 -0.5867233 0.4497666 0.6890424 -0.5682698 -0.4401418 0.5842334 -0.6818698 0.3653750 0.7020196 -0.6112851 0.0572680 0.0604865 -0.0423838 -0.0348790 0.0563026 -0.0328054 0.0300298 0.0483251 0.0024612 -0.0330087 0.0494708 -0.0135516 0.1422417 0.0778035 -0.0426759 -0.1073072 0.0485996 -0.0136287 0.0646550 0.0679482 0.0233345 -0.0823064 0.0472552 0.0125704
-0.2369336 0.3445869 -0.3387088 0.1764394 0.3800424 -0.2998014 -0.2153395 0.3740223 -0.3776660 0.1555839 0.4118265 -0.3290736 -0.4402775 0.6403221 -0.6293992 0.3424595 0.7376420 -0.5818985 -0.3754869 0.6521816 -0.6585353 0.2830686 0.7492749 -0.5987147 0.0107513 0.0347230 0.0014148 -0.0052771 0.0361430 0.0027183 0.0126954 0.0427077 0.0085964 -0.0077644 0.0532249 -0.0049696 0.0332546 0.0422591 0.0224270 -0.0250375 0.0341773 0.0309554 0.0334154 0.0512757 0.0355306 -0.0331038 0.0371332 0.0338432
-0.2261823 0.3793099 -0.3372940 0.1711624 0.4161855 -0.2970831 -0.2026441 0.4167300 -0.3690697 0.1478195 0.4650514 -0.3340432 -0.4070229 0.6825812 -0.6069722 0.3174220 0.7718193 -0.5509431 -0.3420715 0.7034573 -0.6230047 0.2499648 0.7864081 -0.5648716 0.0086773 0.0402077 0.0034171 0.0006478 0.0407789 -0.0062500 0.0043011 0.0320385 0.0076341 0.0063796 0.0523029 -0.0042979 0.0311065 0.0424759 0.0299288 -0.0184956 0.0232366 0.0231845 0.0165992 0.0329527 0.0299043 -0.0079352 0.0256263 0.0338144
-0.2175050 0.4195175 -0.3338769 0.1718102 0.4569643 -0.3033332 -0.1983429 0.4487684 -0.3614356 0.1541992 0.5173542 -0.3383412 -0.3759164 0.7250571 -0.5770434 0.2989264 0.7950559 -0.5277585 -0.3254724 0.7364100 -0.5931004 0.2420296 0.8120344 -0.5310572 -0.0094674 0.0208105 0.0053852 0.0097294 0.0541188 -0.0081756 -0.0093388 0.0485449 0.0063310 0.0220616 0.0424727 0.0065700 -0.0059344 0.0157364 0.0243998 -0.0086767 0.0220756 0.0297112 0.0036887 0.0341310 0.0428987 0.0194071 0.0183225 0.0389614
-0.2269724 0.4403280 -0.3284917 0.1815396 0.5110832 -0.3115088 -0.2076818 0.4973133 -0.3551046 0.1762607 0.5598270 -0.3317712 -0.3818508 0.7407935 -0.5526436 0.2902497 0.8171315 -0.4980474 -0.3217837 0.7705410 -0.5502017 0.2614367 0.8303569 -0.4920958 -0.0280513 0.0093691 0.0157352 0.0265388 0.0096881 0.0087326 -0.0179026 0.0054298 0.0096021 0.0243657 0.0208650 0.0048770 -0.0402204 0.0034678 0.0350230 0.0362416 -0.0000006 0.0229679 -0.0250595 0.0024427 0.0189805 0.0268500 0.0040585 0.0223707
-0.2550237 0.4496971 -0.3127565 0.2080784 0.5207713 -0.3027761 -0.2255844 0.5027432 -0.3455025 0.2006264 0.5806919 -0.3268942 -0.4220712 0.7442612 -0.5176206 0.3264913 0.8171309 -0.4750795 -0.3468432 0.7729837 -0.5312212 0.2882868 0.8344154 -0.4697250 -0.0162659 -0.0005711 0.0088093 0.0234941 0.0107915 0.0055802 -0.0313752 0.0152074 0.0111445 0.0455309 0.0286567 0.0070577 -0.0253211 -0.0035930 0.0163715 0.0289296 -0.0012806 0.0189389 -0.0378819 0.0025024 0.0306136 0.0485062 -0.0007033 0.0321241
-0.2712895 0.4491260 -0.3039472 0.2315725 0.5315627 -0.2971959 -0.2569596 0.5179505 -0.3343580 0.2461573 0.6093486 -0.3198364 -0.4473923 0.7406683 -0.5012491 0.3554209 0.8158503 -0.4561406 -0.3847251 0.7754861 -0.5006076 0.3367930 0.8337121 -0.4376009 -0.0010722 -0.0235963 0.0084132 0.0681518 -0.0247877 0.0326800 0.0061876 -0.0278989 0.0085167 0.0536204 -0.0278059 0.0227726 -0.0179306 -0.0136618 -0.0036630 0.1089336 -0.0307178 0.0463335 -0.0072930 -0.0094154 -0.0087622 0.0804086 -0.0243773 0.0241763
-0.2723617 0.4255298 -0.2955340 0.2997243 0.5067751 -0.2645159 -0.2507720 0.4900516 -0.3258413 0.2997777 0.5815427 -0.2970638 -0.4653229 0.7270064 -0.5049121 0.4643545 0.7851325 -0.4098072 -0.3920181 0.7660707 -0.5093698 0.4172015 0.8093349 -0.4134246 -0.0231054 -0.0117225 -0.0030783 0.0276174 -0.0102384 0.0097128 -0.0369663 -0.0159233 -0.0010888 0.0299323 -0.0162536 0.0136117 -0.0357521 -0.0252416 -0.0014967 0.0415730 -0.0177033 0.0159926 -0.0549215 -0.0296142 0.0015540 0.0451172 -0.0166874 0.0159685
-0.2954671 0.4138072 -0.2986123 0.3273417 0.4965366 -0.2548031 -0.2877383 0.4741283 -0.3269302 0.3297100 0.5652891 -0.2834521 -0.5010750 0.7017649 -0.5064088 0.5059275 0.7674291 -0.3938145 -0.4469396 0.7364565 -0.5078157 0.4623188 0.7926475 -0.3974561 -0.0372333 -0.0118798 0.0093888 0.0375088 -0.0048011 0.0091871 -0.0311861 -0.0142529 0.0094306 0.0538747 -0.0025735 0.0168249 -0.0566219 -0.0280247 0.0215911 0.0471005 -0.0220732 0.0215181 -0.0487221 -0.0217334 0.0143684 0.0621681 -0.0232294 0.0328887
-0.3327005 0.4019274 -0.2892236 0.3648505 0.4917355 -0.2456161 -0.3189244 0.4598754 -0.3174996 0.3835847 0.5627156 -0.2666272 -0.5576970 0.6737402 -0.4848177 0.5530280 0.7453559 -0.3722964 -0.4956618 0.7147231 -0.4934473 0.5244869 0.7694181 -0.3645674 -0.0353090 0.0092994 0.0046403 0.0155327 0.0088937 0.0023314 -0.0425746 0.0068400 0.0038787 0.0097624 -0.0135524 0.0056372 -0.0349993 -0.0114406 0.0264834 0.0111945 -0.0027725 0.0114322 -0.0451174 -0.0165470 0.0242906 0.0186849 -0.0110803 0.0041671
-0.3680095 0.4112268 -0.2845832 0.3803832 0.5006292 -0.2432847 -0.3614990 0.4667154 -0.3136209 0.3933470 0.5491632 -0.2609900 -0.5926962 0.6622996 -0.4583344 0.5642225 0.7425834 -0.3608642 -0.5407792 0.6981761 -0.4691567 0.5431717 0.7583377 -0.3604003 -0.0342965 -0.0009416 0.0025967 0.0133721 -0.0436674 0.0298409 -0.0430304 -0.0217083 0.0073923 0.0130294 -0.0212676 0.0097402 -0.0358298 -0.0213076 0.0177845 0.0511587 -0.0284197 0.0272832 -0.0586379 -0.0387806 0.0153982 0.0275828 -0.0169099 0.0075207
-0.4023060 0.4102852 -0.2819865 0.3937553 0.4569618 -0.2134438 -0.4045294 0.4450071 -0.3062286 0.4063765 0.5278956 -0.2512497 -0.6285260 0.6409921 -0.4405499 0.6153812 0.7141636 -0.3335810 -0.5994171 0.6593955 -0.4537585 0.5707546 0.7414279 -0.3528795 -0.0283774 -0.0478827 0.0134873 0.0085555 -0.0206709 -0.0006829 -0.0269606 -0.0332221 0.0024446 0.0176085 -0.0337340 0.0030431 -0.0620801 -0.0598751 0.0100081 0.0222811 -0.0226429 -0.0058095 -0.0452191 -0.0441982 -0.0000878 0.0376977 -0.0322664 -0.0033168
-0.4306834 0.3624025 -0.2684992 0.4023108 0.4362909 -0.2141267 -0.4314900 0.4117850 -0.3037840 0.4239849 0.4941616 -0.2482066 -0.6906062 0.5811170 -0.4305418 0.6376623 0.6915207 -0.3393906 -0.6446361 0.6151973 -0.4538463 0.6084523 0.7091615 -0.3561963 -0.0068645 -0.0162087 0.0015646 0.0043533 -0.0528305 -0.0000039 -0.0117038 -0.0367149 -0.0008375 0.0013999 -0.0315573 -0.0082697 -0.0168184 -0.0213931 -0.0010363 0.0417462 -0.0508784 -0.0183546 -0.0313125 -0.0431493 -0.0107551 0.0182429 -0.0276330 -0.0216556
-0.4375479 0.3461938 -0.2669346 0.4066641 0.3834604 -0.2141306 -0.4431938 0.3750701 -0.3046215 0.4253849 0.4626043 -0.2564763 -0.7074246 0.5597239 -0.4315781 0.6794085 0.6406423 -0.3577451 -0.6759486 0.5720480 -0.4646015 0.6266952 0.6815285 -0.3778519 -0.0028148 -0.0197388 -0.0075689 -0.0091635 -0.0154658 -0.0004020 -0.0017321 -0.0205042 -0.0039762 -0.0077557 -0.0382025 -0.0114896 -0.0108765 -0.0272241 -0.0161804 0.0028505 -0.0090266 -0.0104726 -0.0114807 -0.0242286 -0.0121950 0.0129136 -0.0315472 -0.0325441
-0.4403627 0.3264550 -0.2745034 0.3975006 0.3679946 -0.2145326 -0.4449259 0.3545659 -0.3085977 0.4176292 0.4244018 -0.2679659 -0.7183011 0.5324997 -0.4477584 0.6822589 0.6316157 -0.3682177 -0.6874293 0.5478194 -0.4767965 0.6396088 0.6499813 -0.4103960 0.0156029 -0.0242193 -0.0093782 -0.0172403 -0.0188641 -0.0152600 0.0199906 -0.0305328 -0.0116061 -0.0328649 -0.0315341 -0.0180235 0.0027305 -0.0233389 -0.0304821 -0.0093053 -0.0137529 -0.0384504 0.0053229 -0.0276811 -0.0371948 -0.0188424 -0.0161411 -0.0510101
-0.4247597 0.3022358 -0.2838816 0.3802603 0.3491306 -0.2297926 -0.4249353 0.3240332 -0.3202038 0.3847643 0.3928678 -0.2859894 -0.7155706 0.5091608 -0.4782405 0.6729536 0.6178628 -0.4066681 -0.6821064 0.5201383 -0.5139913 0.6207664 0.6338403 -0.4614061 0.0287250 -0.0046726 -0.0107013 -0.0291375 -0.0159013 -0.0085070 0.0375247 0.0009580 -0.0156629 -0.0248542 -0.0068900 -0.0122973 0.0284144 0.0071382 -0.0328874 -0.0221856 -0.0002584 -0.0349943 0.0439233 0.0152210 -0.0392833 -0.0270599 0.0028674 -0.0306467
-0.3960348 0.2975631 -0.2945829 0.3511227 0.3332292 -0.2382995 -0.3874106 0.3249912 -0.3358667 0.3599101 0.3859778 -0.2982867 -0.6871562 0.5162990 -0.5111279 0.6507680 0.6176044 -0.4416625 -0.6381831 0.5353593 -0.5532746 0.5937065 0.6367076 -0.4920528 0.0182369 0.0021843 0.0025989 -0.0259336 0.0014153 -0.0083371 0.0153628 0.0189970 -0.0115191 -0.0401107 -0.0039515 0.0000369 0.0170262 0.0153868 -0.0067871 -0.0346370 0.0164416 -0.0256363 0.0325860 0.0245640 -0.0121792 -0.0429571 0.0212071 -0.0215845
-0.3777978 0.2997474 -0.2919839 0.3251891 0.3346445 -0.2466366 -0.3720478 0.3439881 -0.3473858 0.3197994 0.3820262 -0.2982498 -0.6701300 0.5316858 -0.5179150 0.6161310 0.6340461 -0.4672988 -0.6055971 0.5599233 -0.5654538 0.5507495 0.6579147 -0.5136373 0.0310443 0.0214575 -0.0033638 -0.0317285 0.0146785 -0.0043012 0.0243444 0.0336102 -0.0102897 -0.0444764 0.0328267 -0.0148578 0.0479850 0.0446198 -0.0119976 -0.0525289 0.0368420 -0.0146368 0.0498298 0.0436279 -0.0062529 -0.0826471 0.0474155 -0.0187061
-0.3467536 0.3212049 -0.2953477 0.2934606 0.3493230 -0.2509378 -0.3477034 0.3775983 -0.3576755 0.2753230 0.4148529 -0.3131076 -0.6221450 0.5763056 -0.5299127 0.5636021 0.6708880 -0.4819356 -0.5557674 0.6035512 -0.5717067 0.4681023 0.7053302 -0.5323434 0.0126295 0.0172678 0.0007049 -0.0309736 0.0552974 -0.0260017 0.0232935 0.0230402 0.0057837 -0.0223189 0.0224196 0.0049543 0.0249396 0.0286725 0.0032750 -0.0916381 0.0566387 -0.0160150 0.0360163 0.0383288 0.0079258 -0.0405553 0.0336086 0.0116008
-0.3341240 0.3384727 -0.2946428 0.2624869 0.4046204 -0.2769396 -0.3244099 0.4006385 -0.3518918 0.2530041 0.4372725 -0.3081533 -0.5972054 0.6049781 -0.5266376 0.4719641 0.7275267 -0.4979506 -0.5197510 0.6418800 -0.5637809 0.4275471 0.7389388 -0.5207427 0.0127535 0.0349698 -0.0000653 -0.0103152 0.0185757 0.0007029 0.0209312 0.0352223 0.0048196 -0.0228277 0.0491749 0.0002862 0.0374243 0.0455049 0.0132985 -0.0254796 0.0217661 0.0088577 0.0414211 0.0451046 0.0167410 -0.0562921 0.0456595 0.0241792
-0.3213705 0.3734424 -0.2947081 0.2521717 0.4231960 -0.2762367 -0.3034788 0.4358607 -0.3470721 0.2301764 0.4864473 -0.3078671 -0.5597811 0.6504829 -0.5133391 0.4464845 0.7492928 -0.4890929 -0.4783299 0.6869846 -0.5470399 0.3712550 0.7845983 -0.4965635 0.0077812 0.0480620 -0.0070955 -0.0194267 0.0705793 -0.0150523 0.0009542 0.0225096 0.0073448 -0.0017279 0.0474423 0.0011859 0.0422039 0.0452075 0.0152141 -0.0703220 0.0487466 0.0183117 0.0098702 0.0228025 0.0209717 -0.0233917 0.0283665 0.0295738
-0.3135893 0.4215044 -0.3018036 0.2327451 0.4937753 -0.2912890 -0.3025246 0.4583703 -0.3397273 0.2284485 0.5338896 -0.3066811 -0.5175772 0.6956905 -0.4981251 0.3761624 0.7980394 -0.4707812 -0.4684598 0.7097871 -0.5260682 0.3478633 0.8129648 -0.4669897 0.0011568 -0.0166380 0.0100513 0.0137357 -0.0105851 0.0101928 0.0051356 -0.0012317 0.0173759 0.0153799 0.0047439 0.0062653 -0.0130755 -0.0080428 0.0025967 0.0272864 -0.0071355 0.0106724 -0.0009758 0.0118172 0.0172288 0.0197938 -0.0007855 0.0140073
-0.3124325 0.4048664 -0.2917524 0.2464807 0.4831902 -0.2810962 -0.2973890 0.4571387 -0.3223514 0.2438284 0.5386336 -0.3004158 -0.5306528 0.6876476 -0.4955284 0.4034489 0.7909039 -0.4601088 -0.4694356 0.7216042 -0.5088394 0.3676571 0.8121793 -0.4529824 -0.0218684 0.0144959 0.0142644 0.0302464 0.0353834 0.0157121 -0.0202000 0.0150687 0.0154257 0.0313967 0.0408969 0.0137024 -0.0229732 0.0068461 0.0359887 0.0256369 0.0131827 0.0486112 -0.0217588 0.0087285 0.0341372 0.0240024 0.0125221 0.0449746
-0.3343009 0.4193624 -0.2774879 0.2767271 0.5185737 -0.2653841 -0.3175889 0.4722074 -0.3069257 0.2752252 0.5795305 -0.2867134 -0.5536260 0.6944938 -0.4595397 0.4290857 0.8040866 -0.4114975 -0.4911944 0.7303327 -0.4747022 0.3916595 0.8247015 -0.4080078 -0.0196183 0.0140191 0.0098892 0.0132378 0.0042535 0.0101979 -0.0287697 0.0237592 0.0086826 0.0205290 0.0180502 0.0096753 -0.0169982 0.0042475 0.0280900 0.0169888 0.0002174 0.0189257 -0.0223405 0.0050210 0.0325067 0.0179569 0.0029414 0.0243130
-0.3539192 0.4333815 -0.2675988 0.2899649 0.5228272 -0.2551862 -0.3463586 0.4959666 -0.2982431 0.2957541 0.5975807 -0.2770381 -0.5706241 0.6987412 -0.4314497 0.4460745 0.8043039 -0.3925719 -0.5135348 0.7353537 -0.4421955 0.4096163 0.8276429 -0.3836948 -0.0329932 0.0288979 0.0127252 0.0154800 0.0288612 0.0123142 -0.0378560 0.0296222 0.0130657 0.0135237 0.0384656 0.0050667 -0.0205374 0.0075732 0.0420296 0.0059315 0.0121002 0.0331630 -0.0270281 0.0041127 0.0409709 -0.0014602 0.0117517 0.0247723
-0.3869124 0.4622794 -0.2548735 0.3054449 0.5516884 -0.2428720 -0.3842146 0.5255888 -0.2851775 0.3092779 0.6360463 -0.2719714 -0.5911615 0.7063144 -0.3894200 0.4520060 0.8164042 -0.3594089 -0.5405629 0.7394664 -0.4012246 0.4081561 0.8393946 -0.3589225 -0.0298616 0.0108314 0.0153547 0.0243957 0.0109696 0.0173449 -0.0323541 0.0112618 0.0142326 0.0401253 0.0112377 0.0217153 -0.0267708 -0.0048540 0.0342961 0.0259529 -0.0010788 0.0326065 -0.0288788 -0.0056018 0.0308480 0.0415418 -0.0063105 0.0368315
-0.4167739 0.4731107 -0.2395188 0.3298406 0.5626579 -0.2255271 -0.4165687 0.5368505 -0.2709449 0.3494032 0.6472839 -0.2502561 -0.6179323 0.7014604 -0.3551239 0.4779589 0.8153254 -0.3268024 -0.5694417 0.7338646 -0.3703766 0.4496979 0.8330841 -0.3220911 -0.0305400 0.0054342 0.0177317 0.0336225 0.0134002 0.0103050 -0.0504377 -0.0054632 0.0280653 0.0239170 0.0133003 0.0106719 -0.0288666 -0.0095026 0.0344283 0.0308570 -0.0088952 0.0255106 -0.0549241 -0.0234245 0.0456580 0.0194735 -0.0028926 0.0209928
-0.4473140 0.4785450 -0.2217870 0.3634631 0.5760582 -0.2152221 -0.4670064 0.5313874 -0.2428796 0.3733202 0.6605843 -0.2395843 -0.6467989 0.6919577 -0.3206956 0.5088159 0.8064302 -0.3012918 -0.6243658 0.7104401 -0.3247187 0.4691714 0.8301915 -0.3010983 -0.0412034 -0.0068954 0.0210637 0.0178576 0.0001810 0.0092523 -0.0364363 -0.0079122 0.0183474 0.0317633 0.0010208 0.0161867 -0.0431091 -0.0258714 0.0372243 0.0200414 -0.0072384 0.0156303 -0.0378894 -0.0218331 0.0293571 0.0326093 -0.0106553 0.0243738
-0.4885174 0.4716495 -0.2007233 0.3813206 0.5762391 -0.2059698 -0.5034427 0.5234751 -0.2245322 0.4050835 0.6616050 -0.2233975 -0.6899080 0.6660864 -0.2834712 0.5288573 0.7991917 -0.2856616 -0.6622552 0.6886070 -0.2953615 0.5017807 0.8195362 -0.2767246 -0.0292473 -0.0161465 0.0116375 0.0299304 -0.0122921 0.0111359 -0.0455861 -0.0170562 0.0193569 0.0331796 -0.0311874 0.0148675 -0.0341735 -0.0290763 0.0190392 0.0386561 -0.0209628 0.0167969 -0.0465440 -0.0348173 0.0304791 0.0490752 -0.0271601 0.0146218
-0.5177647 0.4555030 -0.1890859 0.4112511 0.5639470 -0.1948339 -0.5490288 0.5064189 -0.2051753 0.4382631 0.6304176 -0.2085300 -0.7240814 0.6370100 -0.2644320 0.5675134 0.7782290 -0.2688646 -0.7087993 0.6537897 -0.2648824 0.5508559 0.7923761 -0.2621028 0.0000000 0.0000000 0.0000000 0.0000000 0.0000000 0.0000000 0.0000000 0.0000000 0.0000000 0.0000000 0.0000000 0.0000000 0.0000000 0.0000000 0.0000000 0.0000000 0.0000000 0.0000000 0.0000000 0.0000000 0.0000000 0.0000000 0.0000000 0.0000000
