-0.2093383 -0.2684472 -0.0258368 0.3159842 0.1254294 -0.2590027 -0.2039551 -0.3622507 -0.0435457 0.3238414 0.1629437 -0.2821221 -0.6131760 -0.7863128 -0.0756789 0.7393371 0.2934785 -0.6060124 -0.4879371 -0.8666397 -0.1041776 0.7049753 0.3547145 -0.6141559 -0.0001017 -0.0000553 -0.0000679 -0.0035323 0.0072687 -0.0001831 -0.0001789 0.0032048 0.0003607 -0.0099972 0.0039017 0.0073752 -0.0000985 0.0000936 -0.0001743 -0.0077666 0.0172189 -0.0008416 -0.0036316 0.0020324 0.0001852 -0.0063722 0.0166758 0.0025817
-0.2094400 -0.2685025 -0.0259047 0.3124519 0.1326981 -0.2591858 -0.2041340 -0.3590459 -0.0431850 0.3138442 0.1668454 -0.2747468 -0.6132745 -0.7862192 -0.0758532 0.7315705 0.3106974 -0.6068540 -0.4915687 -0.8646073 -0.1039924 0.6986031 0.3713903 -0.6115742 0.0000322 -0.0001999 0.0005700 -0.0054601 0.0047918 0.0032149 -0.0001396 -0.0006746 0.0003909 -0.0105716 0.0037926 0.0071385 0.0002642 -0.0003672 0.0016898 -0.0052927 0.0145746 0.0012809 0.0003871 -0.0003507 0.0010928 -0.0077499 0.0173220 0.0019639
-0.2094078 -0.2687024 -0.0253347 0.3069918 0.1374899 -0.2559709 -0.2042736 -0.3597205 -0.0427941 0.3032726 0.1706380 -0.2676083 -0.6130103 -0.7865864 -0.0741634 0.7262778 0.3252720 -0.6055731 -0.4911816 -0.8649580 -0.1028996 0.6908532 0.3887123 -0.6096102 -0.0002396 -0.0002368 0.0001297 -0.0068805 0.0103161 0.0059670 0.0000278 -0.0003540 -0.0001678 -0.0085744 0.0056481 0.0097376 -0.0001207 0.0000518 0.0004494 -0.0076732 0.0286436 0.0069486 0.0004325 -0.0002066 -0.0003265 -0.0046193 0.0217873 0.0091327
-0.2096475 -0.2689392 -0.0252050 0.3001113 0.1478060 -0.2500039 -0.2042458 -0.3600745 -0.0429619 0.2946982 0.1762861 -0.2578707 -0.6131310 -0.7865346 -0.0737140 0.7186046 0.3539156 -0.5986245 -0.4907490 -0.8651646 -0.1032261 0.6862338 0.4104996 -0.6004775 -0.0000022 -0.0000139 0.0001836 -0.0020369 0.0008266 0.0024500 -0.0001254 -0.0003885 0.0002294 -0.0023802 0.0010119 0.0027505 -0.0000087 -0.0000434 0.0005366 -0.0003487 0.0042375 0.0021055 0.0001397 -0.0001557 0.0006434 -0.0009748 0.0051268 0.0024183
-0.2096497 -0.2689531 -0.0250214 0.2980744 0.1486326 -0.2475539 -0.2043712 -0.3604630 -0.0427325 0.2923180 0.1772980 -0.2551203 -0.6131397 -0.7865779 -0.0731774 0.7182559 0.3581530 -0.5965190 -0.4906094 -0.8653203 -0.1025827 0.6852590 0.4156264 -0.5980592 -0.0002902 0.0000828 0.0001798 -0.0010466 0.0012868 0.0034088 -0.0001860 0.0017583 0.0002302 -0.0021335 0.0010162 0.0038217 -0.0006695 0.0004716 0.0005471 0.0014903 0.0051259 0.0049162 -0.0021648 0.0012077 0.0001956 0.0003255 0.0056555 0.0043459
-0.2099398 -0.2688703 -0.0248416 0.2970278 0.1499194 -0.2441451 -0.2045571 -0.3587047 -0.0425022 0.2901845 0.1783142 -0.2512986 -0.6138092 -0.7861063 -0.0726302 0.7197462 0.3632789 -0.5916028 -0.4927742 -0.8641126 -0.1023871 0.6855845 0.4212819 -0.5937133 0.0000126 0.0000597 -0.0001738 -0.0006586 0.0008798 0.0013439 -0.0001072 -0.0008258 -0.0001165 -0.0007817 0.0003688 0.0013077 -0.0000387 0.0000781 -0.0005171 0.0000556 0.0029723 0.0019034 0.0006646 -0.0003682 -0.0000885 0.0000251 0.0020272 0.0014726
-0.2099273 -0.2688105 -0.0250153 0.2963692 0.1507993 -0.2428012 -0.2046643 -0.3595304 -0.0426188 0.2894028 0.1786831 -0.2499908 -0.6138479 -0.7860282 -0.0731473 0.7198018 0.3662513 -0.5896994 -0.4921096 -0.8644807 -0.1024756 0.6856095 0.4233091 -0.5922407 -0.0002005 0.0000208 0.0000550 -0.0002111 0.0003944 0.0004129 -0.0002064 -0.0003528 0.0000658 -0.0006402 0.0007218 0.0005103 -0.0004017 0.0002969 0.0001828 -0.0000746 0.0011815 0.0006442 -0.0000232 -0.0000172 0.0002565 -0.0008120 0.0021478 0.0005999
-0.2101278 -0.2687897 -0.0249603 0.2961580 0.1511936 -0.2423883 -0.2048708 -0.3598832 -0.0425529 0.2887625 0.1794049 -0.2494806 -0.6142496 -0.7857313 -0.0729644 0.7197272 0.3674328 -0.5890551 -0.4921328 -0.8644979 -0.1022191 0.6847975 0.4254568 -0.5916408 0.0000043 0.0000059 -0.0000510 -0.0001636 0.0000746 -0.0000737 0.0001152 -0.0002997 -0.0000380 -0.0005182 0.0005389 -0.0006187 0.0000061 0.0000091 -0.0001499 -0.0003156 0.0002232 -0.0002463 0.0005204 -0.0002913 -0.0000405 -0.0016202 0.0010337 -0.0011278
-0.2101236 -0.2687839 -0.0250113 0.2959944 0.1512682 -0.2424619 -0.2047556 -0.3601830 -0.0425909 0.2882443 0.1799437 -0.2500993 -0.6142434 -0.7857221 -0.0731144 0.7194115 0.3676560 -0.5893014 -0.4916124 -0.8647892 -0.1022595 0.6831774 0.4264905 -0.5927685 -0.0000234 -0.0005039 0.0003413 0.0003179 0.0003543 -0.0024371 0.0000866 -0.0126618 -0.0017402 0.0010906 0.0018506 -0.0070052 0.0006233 -0.0005864 0.0010788 -0.0023621 -0.0007430 -0.0033326 0.0130006 -0.0070962 -0.0014073 -0.0065748 -0.0013689 -0.0084640
-0.2101470 -0.2692877 -0.0246701 0.2963123 0.1516225 -0.2448990 -0.2046690 -0.3728448 -0.0443311 0.2893350 0.1817944 -0.2571045 -0.6136202 -0.7863086 -0.0720356 0.7170494 0.3669129 -0.5926340 -0.4786117 -0.8718853 -0.1036669 0.6766026 0.4251216 -0.6012325 -0.0002230 0.0000470 0.0001059 0.0035029 -0.0005012 -0.0048892 -0.0000394 0.0001032 0.0000753 0.0092192 -0.0000629 -0.0106125 -0.0004855 0.0003491 0.0003285 -0.0006016 -0.0057889 -0.0042679 -0.0001804 0.0000804 0.0001571 0.0015211 -0.0123442 -0.0068490
-0.2103700 -0.2692408 -0.0245642 0.2998152 0.1511212 -0.2497883 -0.2047084 -0.3727417 -0.0442558 0.2985541 0.1817314 -0.2677170 -0.6141057 -0.7859595 -0.0717071 0.7164478 0.3611241 -0.5969019 -0.4787921 -0.8718049 -0.1035098 0.6781237 0.4127774 -0.6080815 0.0000581 0.0001334 0.0001717 0.0043028 -0.0072378 -0.0059376 0.0003099 0.0002197 -0.0000469 0.0107163 -0.0052631 -0.0188269 -0.0001044 0.0000389 0.0004693 0.0031976 -0.0206475 -0.0082313 0.0003499 -0.0001694 -0.0001909 -0.0014603 -0.0266763 -0.0188576
-0.2103119 -0.2691073 -0.0243926 0.3041180 0.1438835 -0.2557258 -0.2043985 -0.3725219 -0.0443027 0.3092705 0.1764683 -0.2865439 -0.6142101 -0.7859205 -0.0712378 0.7196454 0.3404766 -0.6051332 -0.4784422 -0.8719743 -0.1037007 0.6766633 0.3861011 -0.6269391 0.0002812 0.0001434 -0.0003391 0.0017663 -0.0148143 -0.0032494 -0.0000534 0.0000762 0.0000749 0.0054081 -0.0232289 -0.0098865 0.0003532 -0.0001805 -0.0010455 0.0068157 -0.0339433 -0.0099209 -0.0001795 0.0000791 0.0001635 0.0094078 -0.0520041 -0.0193468
-0.2100307 -0.2689640 -0.0247317 0.3058843 0.1290692 -0.2589752 -0.2044519 -0.3724457 -0.0442278 0.3146786 0.1532394 -0.2964304 -0.6138569 -0.7861010 -0.0722832 0.7264611 0.3065333 -0.6150542 -0.4786217 -0.8718953 -0.1035372 0.6860712 0.3340970 -0.6462859 0.0000311 0.0000342 0.0000447 -0.0099295 -0.0202027 0.0248731 0.0000200 0.0000953 -0.0001999 0.0075765 -0.0147589 -0.0045218 0.0000027 -0.0000132 0.0001204 0.0271025 -0.0293361 0.0189807 -0.0000338 0.0000763 -0.0004856 0.0112001 -0.0344633 -0.0048917
-0.2099996 -0.2689298 -0.0246869 0.2959548 0.1088665 -0.2341021 -0.2044318 -0.3723504 -0.0444277 0.3222550 0.1384805 -0.3009521 -0.6138542 -0.7861142 -0.0721629 0.7535636 0.2771972 -0.5960734 -0.4786554 -0.8718189 -0.1040228 0.6972713 0.2996337 -0.6511777 0.0001389 -0.0000056 -0.0002454 0.0026319 -0.0077944 -0.0003677 0.0004247 0.0001425 -0.0007718 0.0049632 -0.0087862 -0.0040648 0.0002929 -0.0001613 -0.0007309 0.0064532 -0.0199301 -0.0007414 0.0007187 -0.0001694 -0.0018683 0.0052832 -0.0211734 -0.0037094
-0.2098607 -0.2689354 -0.0249324 0.2985867 0.1010721 -0.2344698 -0.2040071 -0.3722079 -0.0451995 0.3272183 0.1296943 -0.3050169 -0.6135612 -0.7862755 -0.0728938 0.7600169 0.2572671 -0.5968149 -0.4779368 -0.8719883 -0.1058910 0.7025545 0.2784604 -0.6548870 0.0000392 -0.0000288 0.0000908 0.0064822 -0.0087348 -0.0004499 0.0000035 -0.0000122 0.0002238 0.0027130 -0.0175760 0.0129178 0.0001002 -0.0001026 0.0002637 0.0104464 -0.0240655 0.0035162 -0.0000082 -0.0000586 0.0005206 0.0230565 -0.0318809 0.0124796
-0.2098215 -0.2689642 -0.0248416 0.3050689 0.0923373 -0.2349196 -0.2040036 -0.3722201 -0.0449758 0.3299313 0.1121183 -0.2920991 -0.6134610 -0.7863781 -0.0726300 0.7704633 0.2332015 -0.5932987 -0.4779450 -0.8720468 -0.1053704 0.7256109 0.2465795 -0.6424074 0.0000639 0.0002654 -0.0003412 0.0065030 0.0120758 -0.0427393 0.0000306 0.0002442 0.0000136 0.0009335 -0.0049253 0.0055841 -0.0002132 0.0002636 -0.0010456 -0.0462176 0.0095059 -0.0521169 -0.0001849 0.0001044 -0.0000248 0.0086428 -0.0086971 0.0065746
-0.2097576 -0.2686987 -0.0251828 0.3115718 0.1044132 -0.2776589 -0.2039731 -0.3719758 -0.0449622 0.3308648 0.1071931 -0.2865150 -0.6136742 -0.7861144 -0.0736756 0.7242457 0.2427074 -0.6454155 -0.4781299 -0.8719425 -0.1053952 0.7342537 0.2378824 -0.6358328 0.0007515 0.0000061 -0.0011496 -0.0017332 -0.0181275 0.0445080 0.0007653 0.0079517 0.0005758 0.0027070 -0.0048588 0.0014287 0.0015203 -0.0008541 -0.0034489 0.0557205 -0.0254978 0.0584976 -0.0065545 0.0036840 -0.0004738 0.0060731 -0.0107625 0.0031144
-0.2090061 -0.2686926 -0.0263324 0.3098386 0.0862857 -0.2331509 -0.2032077 -0.3640241 -0.0443864 0.3335718 0.1023343 -0.2850863 -0.6121539 -0.7869685 -0.0771245 0.7799663 0.2172096 -0.5869179 -0.4846844 -0.8682585 -0.1058690 0.7403269 0.2271199 -0.6327185 0.0001362 0.0001198 -0.0002152 0.0045917 -0.0407758 -0.0063564 0.0000557 0.0000650 -0.0000658 0.0019217 -0.0035958 0.0011536 0.0001103 -0.0000202 -0.0006670 0.0103158 -0.1028261 -0.0150544 0.0000445 -0.0000033 -0.0001764 0.0044369 -0.0079299 0.0024148
-0.2088700 -0.2685728 -0.0265476 0.3144303 0.0455099 -0.2395073 -0.2031520 -0.3639591 -0.0444522 0.3354935 0.0987385 -0.2839327 -0.6120436 -0.7869886 -0.0777915 0.7902821 0.1143835 -0.6019723 -0.4846399 -0.8682618 -0.1060454 0.7447638 0.2191900 -0.6303036 -0.0000881 0.0001232 0.0002413 -0.0015998 -0.0092452 -0.0008564 0.0000736 -0.0001354 -0.0003333 -0.0000178 -0.0057974 0.0045665 -0.0003689 0.0002188 0.0006932 -0.0006503 -0.0228459 -0.0047422 0.0003112 -0.0000799 -0.0007652 0.0068357 -0.0109649 0.0044118
-0.2089581 -0.2684496 -0.0263063 0.3128305 0.0362647 -0.2403636 -0.2030784 -0.3640945 -0.0447855 0.3354757 0.0929411 -0.2793662 -0.6124125 -0.7867699 -0.0770983 0.7896318 0.0915376 -0.6067145 -0.4843287 -0.8683417 -0.1068106 0.7515995 0.2082251 -0.6258918 -0.0012810 -0.0001585 0.0008310 -0.0006522 -0.0026249 0.0002649 -0.0005523 -0.0075884 -0.0008680 0.0002976 -0.0012409 0.0003397 -0.0022277 0.0014861 0.0026204 0.0001634 -0.0064307 -0.0007231 0.0066143 -0.0036205 -0.0002920 0.0010806 -0.0026671 0.0004171
-0.2102391 -0.2686081 -0.0254753 0.3121783 0.0336398 -0.2400987 -0.2036307 -0.3716829 -0.0456536 0.3357733 0.0917002 -0.2790265 -0.6146402 -0.7852837 -0.0744779 0.7897952 0.0851069 -0.6074375 -0.4777144 -0.8719622 -0.1071025 0.7526800 0.2055580 -0.6254747 0.0002465 0.0004461 0.0002345 0.0003044 -0.0002242 -0.0003989 -0.0000093 0.0004672 0.0000799 0.0003650 -0.0004842 -0.0002332 -0.0002126 0.0001123 0.0005734 -0.0001564 -0.0006661 -0.0002962 -0.0004834 0.0002547 0.0000842 0.0002757 -0.0012325 -0.0000720
-0.2099926 -0.2681621 -0.0252408 0.3124827 0.0334156 -0.2404976 -0.2036400 -0.3712157 -0.0455736 0.3361383 0.0912160 -0.2792597 -0.6148528 -0.7851714 -0.0739045 0.7896388 0.0844408 -0.6077337 -0.4781978 -0.8717075 -0.1070183 0.7529557 0.2043255 -0.6255467 -0.0000389 -0.0003463 -0.0000397 0.0000237 -0.0007084 -0.0002334 -0.0000968 -0.0003677 0.0000876 0.0002929 -0.0009543 -0.0008230 0.0004237 -0.0003267 -0.0000516 -0.0001424 -0.0018114 -0.0004339 0.0001740 -0.0001316 0.0002952 -0.0002577 -0.0023829 -0.0010829
-0.2100315 -0.2685084 -0.0252806 0.3125064 0.0327072 -0.2407310 -0.2037368 -0.3715834 -0.0454861 0.3364312 0.0902617 -0.2800828 -0.6144291 -0.7854982 -0.0739561 0.7894964 0.0826294 -0.6081676 -0.4780237 -0.8718391 -0.1067231 0.7526981 0.2019427 -0.6266297 -0.0000563 -0.0000438 -0.0000429 0.0000198 -0.0013052 -0.0000164 0.0000608 0.0000000 -0.0001919 -0.0015558 -0.0023162 0.0031317 -0.0000350 0.0000378 -0.0001099 0.0002099 -0.0032813 -0.0001645 0.0001331 -0.0000175 -0.0004524 0.0025958 -0.0035862 0.0019811
-0.2100879 -0.2685522 -0.0253235 0.3125262 0.0314020 -0.2407474 -0.2036759 -0.3715834 -0.0456780 0.3348754 0.0879455 -0.2769510 -0.6144642 -0.7854604 -0.0740660 0.7897063 0.0793481 -0.6083320 -0.4778906 -0.8718566 -0.1071755 0.7552939 0.1983565 -0.6246486 -0.0001411 0.0000329 -0.0000034 -0.0003331 -0.0009546 0.0003456 -0.0001794 0.0000004 0.0001868 -0.0007905 -0.0005138 -0.0001650 -0.0003028 0.0002367 0.0000034 0.0002521 -0.0023054 0.0000310 -0.0003475 0.0001348 0.0004548 -0.0007699 -0.0008937 -0.0012124
-0.2102290 -0.2685193 -0.0253268 0.3121931 0.0304474 -0.2404018 -0.2038553 -0.3715830 -0.0454911 0.3340849 0.0874317 -0.2771160 -0.6147670 -0.7852237 -0.0740625 0.7899584 0.0770427 -0.6083011 -0.4782381 -0.8717219 -0.1067207 0.7545240 0.1974628 -0.6258610 0.0001860 -0.0002005 -0.0001973 0.0000382 -0.0003364 0.0006511 -0.0002963 -0.0003809 0.0006323 -0.0151420 -0.0055742 0.0062443 0.0006479 -0.0004534 -0.0005644 0.0008798 -0.0007758 0.0010463 -0.0002385 -0.0000616 0.0015837 -0.0064925 -0.0054787 -0.0094271
-0.2100430 -0.2687198 -0.0255241 0.3122313 0.0301110 -0.2397506 -0.2041517 -0.3719639 -0.0448588 0.3189429 0.0818575 -0.2708718 -0.6141191 -0.7856772 -0.0746269 0.7908382 0.0762668 -0.6072548 -0.4784766 -0.8717834 -0.1051370 0.7480315 0.1919841 -0.6352881 0.0001367 0.0000532 0.0001677 -0.0003625 -0.0011304 0.0001033 -0.0000377 0.0000806 0.0000076 0.0197778 0.0384037 -0.0445613 0.0001515 -0.0001620 0.0004603 -0.0000488 -0.0027823 -0.0004064 -0.0001478 0.0000806 0.0000047 -0.0397339 0.0594937 -0.0243129
-0.2099063 -0.2686666 -0.0253565 0.3118688 0.0289806 -0.2396473 -0.2041893 -0.3718833 -0.0448512 0.3387206 0.1202612 -0.3154331 -0.6139675 -0.7858392 -0.0741666 0.7907894 0.0734846 -0.6076612 -0.4786244 -0.8717029 -0.1051323 0.7082976 0.2514778 -0.6596010 0.0000677 -0.0000117 0.0000497 -0.0006807 -0.0007641 0.0013525 0.0002287 -0.0000250 0.0002058 0.0011226 0.0076157 0.0038354 0.0001332 -0.0001171 0.0001377 0.0011158 -0.0016798 0.0012535 0.0004137 -0.0002819 0.0004557 0.0019646 0.0157811 0.0083711
-0.2098386 -0.2686783 -0.0253067 0.3111881 0.0282165 -0.2382948 -0.2039606 -0.3719083 -0.0446454 0.3398432 0.1278769 -0.3115977 -0.6138343 -0.7859562 -0.0740289 0.7919052 0.0718047 -0.6064077 -0.4782106 -0.8719847 -0.1046767 0.7102622 0.2672589 -0.6512299 0.0013883 -0.0000375 -0.0005176 0.0014933 -0.0022517 0.0008298 0.0003894 -0.0001282 -0.0002710 -0.0043829 0.0159574 0.0102743 0.0026629 -0.0019121 -0.0016872 0.0027335 -0.0058185 0.0029218 0.0008617 -0.0003941 -0.0006468 -0.0015009 0.0366346 0.0145932
-0.2084503 -0.2687158 -0.0258243 0.3126814 0.0259648 -0.2374650 -0.2035712 -0.3720365 -0.0449165 0.3354603 0.1438343 -0.3013234 -0.6111714 -0.7878683 -0.0757162 0.7946386 0.0659862 -0.6034859 -0.4773490 -0.8723789 -0.1053235 0.7087612 0.3038934 -0.6366367 0.0000104 0.0002036 -0.0000462 0.0010349 0.0700687 -0.0094914 -0.0000817 0.0001778 -0.0000761 -0.0092504 0.0107154 0.0098978 -0.0002622 0.0002200 -0.0001717 -0.0306753 0.1678751 0.0020968 -0.0003126 0.0001959 -0.0002053 -0.0056106 0.0292409 0.0084642
-0.2084399 -0.2685122 -0.0258705 0.3137164 0.0960335 -0.2469563 -0.2036529 -0.3718587 -0.0449926 0.3262100 0.1545497 -0.2914256 -0.6114337 -0.7876483 -0.0758879 0.7639634 0.2338613 -0.6013891 -0.4776616 -0.8721829 -0.1055287 0.7031507 0.3331344 -0.6281725 -0.0000092 0.0000094 0.0001045 -0.0063041 0.0172252 0.0035695 0.0000274 0.0000290 0.0000167 -0.0111823 0.0064287 0.0086372 -0.0000443 0.0000052 0.0003043 -0.0107350 0.0436479 0.0050371 0.0000193 -0.0000141 0.0000293 -0.0075843 0.0222984 0.0037888
-0.2084492 -0.2685028 -0.0257660 0.3074123 0.1132588 -0.2433869 -0.2036255 -0.3718297 -0.0449759 0.3150276 0.1609784 -0.2827884 -0.6114780 -0.7876432 -0.0755836 0.7532284 0.2775092 -0.5963520 -0.4776423 -0.8721971 -0.1054995 0.6955664 0.3554328 -0.6243837 -0.0004111 0.0001674 -0.0001074 -0.0052960 0.0246863 -0.0099692 -0.0001707 0.0002484 -0.0002799 -0.0107448 0.0058563 0.0067095 -0.0009761 0.0007864 -0.0002866 -0.0299827 0.0527220 -0.0101652 -0.0005187 0.0003672 -0.0006829 -0.0093833 0.0207933 0.0018029
-0.2088603 -0.2683354 -0.0258734 0.3021163 0.1379451 -0.2533561 -0.2037963 -0.3715813 -0.0452558 0.3042829 0.1668347 -0.2760789 -0.6124542 -0.7868568 -0.0758701 0.7232456 0.3302312 -0.6065172 -0.4781610 -0.8718299 -0.1061824 0.6861830 0.3762261 -0.6225808 -0.0007585 -0.0001092 0.0008706 -0.0025570 0.0036079 0.0003184 -0.0003320 -0.0000097 0.0006573 -0.0097770 0.0041131 0.0084443 -0.0013494 0.0008001 0.0026573 -0.0046965 0.0093105 -0.0004413 -0.0006688 0.0001777 0.0015664 -0.0062052 0.0184713 0.0046454
-0.2096187 -0.2684445 -0.0250028 0.2995592 0.1415531 -0.2530377 -0.2041283 -0.3715910 -0.0445985 0.2945059 0.1709478 -0.2676346 -0.6138035 -0.7860567 -0.0732129 0.7185491 0.3395416 -0.6069585 -0.4788299 -0.8716521 -0.1046160 0.6799779 0.3946974 -0.6179353 -0.0000136 0.0001310 0.0000070 -0.0024062 0.0042864 0.0037492 -0.0001804 0.0001754 -0.0000753 -0.0052235 0.0046874 0.0095191 -0.0002109 0.0001647 0.0000001 -0.0014528 0.0124015 0.0053698 -0.0004890 0.0002918 -0.0001911 -0.0003110 0.0179562 0.0114949
-0.2096324 -0.2683135 -0.0249958 0.2971530 0.1458395 -0.2492885 -0.2043087 -0.3714156 -0.0446739 0.2892824 0.1756352 -0.2581155 -0.6140144 -0.7858920 -0.0732128 0.7170963 0.3519431 -0.6015887 -0.4793189 -0.8713603 -0.1048072 0.6796668 0.4126535 -0.6064405 -0.0000202 0.0001759 -0.0000504 -0.0025277 0.0020970 0.0026478 -0.0000818 0.0001932 0.0000323 -0.0049105 0.0023948 0.0039974 -0.0002789 0.0002342 -0.0001739 -0.0015160 0.0073623 0.0025524 -0.0003411 0.0001825 0.0000431 -0.0040029 0.0103434 0.0026592
-0.2096525 -0.2681376 -0.0250462 0.2946253 0.1479365 -0.2466408 -0.2043906 -0.3712224 -0.0446416 0.2843719 0.1780300 -0.2541181 -0.6142934 -0.7856577 -0.0733867 0.7155803 0.3593053 -0.5990363 -0.4796600 -0.8711778 -0.1047641 0.6756639 0.4229969 -0.6037813 -0.0001656 0.0002096 0.0000101 -0.0027513 0.0008784 0.0030701 0.0000818 0.0003075 -0.0002482 -0.0038296 0.0007509 0.0045276 -0.0005999 0.0004679 0.0000160 -0.0006301 0.0052194 0.0024059 -0.0001244 0.0001472 -0.0006521 -0.0011002 0.0068816 0.0036411
-0.2098182 -0.2679280 -0.0250361 0.2918740 0.1488149 -0.2435707 -0.2043087 -0.3709149 -0.0448898 0.2805423 0.1787809 -0.2495906 -0.6148932 -0.7851898 -0.0733707 0.7149502 0.3645247 -0.5966305 -0.4797844 -0.8710306 -0.1054162 0.6745636 0.4298786 -0.6001402 -0.0000171 0.0000523 -0.0001087 -0.0023231 0.0030567 0.0034128 0.0000148 0.0000878 -0.0000829 -0.0018748 0.0003524 0.0033533 -0.0000908 0.0001014 -0.0003233 -0.0012174 0.0098337 0.0046497 -0.0000496 0.0000531 -0.0002132 0.0005559 0.0041026 0.0035885
-0.2098352 -0.2678756 -0.0251447 0.2895509 0.1518717 -0.2401578 -0.2042939 -0.3708270 -0.0449727 0.2786675 0.1791334 -0.2462373 -0.6149840 -0.7850884 -0.0736940 0.7137329 0.3743584 -0.5919807 -0.4798340 -0.8709775 -0.1056294 0.6751195 0.4339812 -0.5965518 0.0000224 0.0000141 -0.0001063 -0.0011679 0.0014367 0.0026788 0.0000100 -0.0000191 0.0002788 -0.0013929 0.0006611 0.0027507 0.0000349 0.0000023 -0.0003153 0.0004179 0.0052940 0.0038883 0.0000036 -0.0000807 0.0006506 0.0003709 0.0040304 0.0033751
-0.2098129 -0.2678615 -0.0252511 0.2883830 0.1533084 -0.2374790 -0.2042840 -0.3708461 -0.0446939 0.2772746 0.1797945 -0.2434865 -0.6149491 -0.7850862 -0.0740094 0.7141508 0.3796525 -0.5880924 -0.4798303 -0.8710582 -0.1049788 0.6754904 0.4380115 -0.5931767 -0.0000233 0.0000689 -0.0002825 0.0001689 -0.0000314 0.0002733 0.0003936 0.0001399 -0.0003066 0.0002089 0.0000219 0.0002617 -0.0001020 0.0001588 -0.0008320 0.0005101 -0.0000290 0.0006012 0.0006113 -0.0002410 -0.0007893 0.0005161 0.0000580 0.0006311
-0.2098362 -0.2677926 -0.0255335 0.2885519 0.1532770 -0.2372058 -0.2038903 -0.3707062 -0.0450005 0.2774835 0.1798164 -0.2432249 -0.6150511 -0.7849273 -0.0748414 0.7146609 0.3796234 -0.5874912 -0.4792190 -0.8712992 -0.1057681 0.6760066 0.4380695 -0.5925456 0.0000427 0.0001295 -0.0000592 0.0000247 0.0000218 -0.0000026 0.0002536 0.0002397 -0.0003590 -0.0000309 -0.0000149 -0.0000844 -0.0000975 0.0000955 -0.0002006 0.0000125 0.0000283 0.0000335 0.0002671 -0.0000351 -0.0009170 -0.0001125 -0.0000604 -0.0001730
-0.2097934 -0.2676631 -0.0255927 0.2885766 0.1532988 -0.2372084 -0.2036367 -0.3704665 -0.0453595 0.2774526 0.1798015 -0.2433093 -0.6151486 -0.7848318 -0.0750420 0.7146734 0.3796517 -0.5874577 -0.4789519 -0.8713343 -0.1066851 0.6758940 0.4380091 -0.5927185 0.0000712 0.0000630 0.0000814 0.0009219 0.0012403 -0.0019496 -0.0000401 0.0001032 0.0000640 0.0012836 0.0000437 -0.0018686 0.0000296 -0.0000439 0.0002170 -0.0017359 0.0009263 -0.0015080 -0.0001817 0.0000839 0.0001311 -0.0001582 -0.0020132 -0.0016624
-0.2097222 -0.2676000 -0.0255113 0.2894985 0.1545392 -0.2391580 -0.2036768 -0.3703633 -0.0452955 0.2787362 0.1798453 -0.2451779 -0.6151189 -0.7848757 -0.0748250 0.7129374 0.3805780 -0.5889657 -0.4791335 -0.8712504 -0.1065541 0.6757358 0.4359960 -0.5943809 0.0001623 -0.0001852 -0.0005038 0.0037319 -0.0027143 -0.0051159 0.0001284 -0.0002089 -0.0001559 0.0072484 -0.0023569 -0.0099640 0.0006269 -0.0003505 -0.0014589 0.0009759 -0.0109375 -0.0057558 0.0004566 -0.0002102 -0.0003322 0.0013776 -0.0157645 -0.0097076
-0.2095598 -0.2677852 -0.0260150 0.2932303 0.1518249 -0.2442739 -0.2035483 -0.3705721 -0.0454514 0.2859847 0.1774884 -0.2551420 -0.6144920 -0.7852263 -0.0762839 0.7139133 0.3696405 -0.5947215 -0.4786770 -0.8714606 -0.1068863 0.6771135 0.4202315 -0.6040885 0.0005254 0.0000029 -0.0000846 0.0103223 -0.0068880 -0.0115689 0.0003250 0.0087772 0.0010221 0.0180349 -0.0064576 -0.0162490 0.0009678 -0.0007253 -0.0003197 0.0043529 -0.0266908 -0.0106537 -0.0082769 0.0045452 0.0004271 0.0107691 -0.0332528 -0.0099678
-0.2090344 -0.2677823 -0.0260997 0.3035526 0.1449369 -0.2558428 -0.2032233 -0.3617949 -0.0444292 0.3040196 0.1710308 -0.2713910 -0.6135243 -0.7859516 -0.0766036 0.7182662 0.3429497 -0.6053753 -0.4869539 -0.8669154 -0.1064592 0.6878826 0.3869787 -0.6140562 0.0000756 -0.0001560 -0.0001867 0.0081832 -0.0131183 -0.0116840 0.0004486 -0.0088399 -0.0012998 0.0189166 -0.0114771 -0.0220823 0.0003849 -0.0002488 -0.0005274 0.0043093 -0.0374060 -0.0147278 0.0097760 -0.0052778 -0.0011524 0.0071719 -0.0435718 -0.0175853
-0.2089588 -0.2679383 -0.0262864 0.3117358 0.1318186 -0.2675268 -0.2027747 -0.3706348 -0.0457291 0.3229362 0.1595537 -0.2934733 -0.6131393 -0.7862003 -0.0771310 0.7225755 0.3055437 -0.6201030 -0.4771780 -0.8721932 -0.1076116 0.6950544 0.3434069 -0.6316415 -0.0000563 0.0001410 -0.0000899 0.0015232 -0.0140672 -0.0085260 -0.0000823 0.0001443 0.0000891 0.0075610 -0.0252217 -0.0092217 -0.0002899 0.0002537 -0.0002796 -0.0004848 -0.0341159 -0.0162240 -0.0003016 0.0001422 0.0001853 0.0113397 -0.0562900 -0.0153292
-0.2090151 -0.2677973 -0.0263763 0.3132590 0.1177514 -0.2760528 -0.2028570 -0.3704905 -0.0456400 0.3304972 0.1343320 -0.3026950 -0.6134293 -0.7859467 -0.0774106 0.7220906 0.2714278 -0.6363270 -0.4774796 -0.8720510 -0.1074262 0.7063941 0.2871169 -0.6469708 0.0001535 -0.0000948 0.0001614 -0.0045933 -0.0271856 0.0408683 0.0000163 -0.0000427 0.0000865 0.0022718 -0.0252186 0.0130181 0.0003929 -0.0003523 0.0004665 0.0525119 -0.0441511 0.0461269 0.0000611 -0.0000591 0.0002086 0.0258002 -0.0470338 0.0095921
-0.2088615 -0.2678921 -0.0262149 0.3086656 0.0905658 -0.2351844 -0.2028407 -0.3705332 -0.0455535 0.3327690 0.1091134 -0.2896770 -0.6130364 -0.7862989 -0.0769441 0.7746026 0.2272767 -0.5902001 -0.4774185 -0.8721101 -0.1072176 0.7321943 0.2400831 -0.6373787 -0.0001664 -0.0000570 -0.0001049 0.0043675 -0.0053058 0.0004322 -0.0000825 -0.0000102 -0.0000561 0.0036481 -0.0079079 0.0045318 -0.0002096 0.0001902 -0.0002729 0.0070827 -0.0143711 0.0039925 -0.0001331 0.0000874 -0.0001183 0.0113223 -0.0164084 0.0071781
-0.2090280 -0.2679491 -0.0263198 0.3130331 0.0852600 -0.2347522 -0.2029232 -0.3705434 -0.0456096 0.3364170 0.1012055 -0.2851452 -0.6132459 -0.7861087 -0.0772170 0.7816853 0.2129055 -0.5862076 -0.4775516 -0.8720226 -0.1073359 0.7435166 0.2236746 -0.6302005 0.0000131 0.0001338 -0.0001409 0.0348452 0.0165654 -0.0634081 -0.0000094 0.0001409 0.0000559 0.0037521 -0.0099467 0.0058007 -0.0001457 0.0001567 -0.0004367 -0.0404901 0.0040453 -0.0490577 -0.0001620 0.0000764 0.0001001 0.0132064 -0.0206649 0.0087850
-0.2090149 -0.2678153 -0.0264607 0.3478784 0.1018254 -0.2981604 -0.2029326 -0.3704025 -0.0455537 0.3401692 0.0912588 -0.2793445 -0.6133917 -0.7859520 -0.0776537 0.7411952 0.2169509 -0.6352653 -0.4777136 -0.8719462 -0.1072358 0.7567230 0.2030097 -0.6214156 0.0002870 -0.0001432 -0.0000327 -0.0194641 -0.0405950 0.0645490 -0.0001003 -0.0001544 -0.0000078 0.0082040 -0.0087719 -0.0028435 0.0007329 -0.0005606 -0.0001100 0.0644308 -0.0667478 0.0621983 -0.0000299 0.0000129 0.0000279 0.0075068 -0.0220572 0.0023768
-0.2087279 -0.2679585 -0.0264934 0.3284142 0.0612304 -0.2336113 -0.2030329 -0.3705569 -0.0455615 0.3483731 0.0824869 -0.2821880 -0.6126588 -0.7865126 -0.0777637 0.8056260 0.1502031 -0.5730670 -0.4777435 -0.8719333 -0.1072078 0.7642298 0.1809525 -0.6190388 0.0002815 0.0000185 -0.0002300 -0.0122529 -0.0385930 -0.0029079 -0.0000080 -0.0000042 -0.0001582 0.0074144 -0.0070232 -0.0039465 0.0005226 -0.0003359 -0.0007140 -0.0062078 -0.0929639 -0.0249749 0.0000087 0.0000403 -0.0003661 0.0045982 -0.0178814 0.0007255
-0.2084464 -0.2679399 -0.0267235 0.3161614 0.0226375 -0.2365192 -0.2030409 -0.3705610 -0.0457197 0.3557875 0.0754638 -0.2861344 -0.6121362 -0.7868485 -0.0784777 0.7994183 0.0572391 -0.5980419 -0.4777348 -0.8718929 -0.1075740 0.7688280 0.1630711 -0.6183133 0.0000079 0.0000423 0.0000633 0.0018368 0.0004836 0.0022523 -0.0000184 0.0000775 -0.0000999 0.0012001 -0.0040936 0.0004232 -0.0000542 0.0000247 0.0001760 0.0043191 0.0011990 0.0059345 -0.0000971 0.0000838 -0.0002473 0.0025711 -0.0088505 0.0009322
-0.2084385 -0.2678977 -0.0266602 0.3179982 0.0231210 -0.2342669 -0.2030592 -0.3704836 -0.0458197 0.3569876 0.0713701 -0.2857113 -0.6121904 -0.7868238 -0.0783017 0.8037374 0.0584382 -0.5921074 -0.4778319 -0.8718092 -0.1078213 0.7713991 0.1542206 -0.6173811 -0.0000353 0.0000688 -0.0003336 -0.0008672 0.0013423 0.0010045 -0.0001481 0.0000370 -0.0001606 0.0033019 -0.0053206 -0.0034367 -0.0001149 0.0001877 -0.0009813 0.0002684 0.0035824 0.0007292 -0.0002857 0.0002017 -0.0003636 0.0006501 -0.0126859 -0.0022219
-0.2084738 -0.2678289 -0.0269938 0.3171309 0.0244633 -0.2332624 -0.2032073 -0.3704466 -0.0459803 0.3602895 0.0660495 -0.2891480 -0.6123053 -0.7866362 -0.0792830 0.8040057 0.0620206 -0.5913783 -0.4781176 -0.8716075 -0.1081849 0.7720492 0.1415347 -0.6196030 0.0000736 -0.0000425 -0.0002538 -0.0006995 0.0007149 0.0004597 0.0001356 -0.0000172 -0.0003405 0.0022777 -0.0025248 -0.0013864 0.0002316 -0.0001049 -0.0007434 -0.0001652 0.0019404 -0.0000178 0.0003046 -0.0000668 -0.0008044 0.0011214 -0.0060690 0.0000417
-0.2084003 -0.2678714 -0.0272476 0.3164314 0.0251782 -0.2328028 -0.2030717 -0.3704638 -0.0463208 0.3625672 0.0635247 -0.2905343 -0.6120737 -0.7867411 -0.0800264 0.8038406 0.0639609 -0.5913961 -0.4778130 -0.8716743 -0.1089893 0.7731706 0.1354657 -0.6195613 0.0000455 0.0000215 -0.0001472 0.0001201 -0.0028097 0.0002653 0.0003683 -0.0000249 0.0002311 0.0010838 -0.0003438 0.0002571 0.0000744 -0.0000130 -0.0004403 0.0007752 -0.0071043 0.0003286 0.0006653 -0.0004264 0.0004980 0.0012657 -0.0009147 0.0013830
-0.2083547 -0.2678499 -0.0273948 0.3165516 0.0223685 -0.2325375 -0.2027034 -0.3704887 -0.0460896 0.3636510 0.0631809 -0.2902772 -0.6119993 -0.7867541 -0.0804667 0.8046157 0.0568567 -0.5910675 -0.4771477 -0.8721007 -0.1084913 0.7744363 0.1345510 -0.6181784 -0.0000295 0.0000123 -0.0000244 -0.0008674 -0.0007450 0.0009610 -0.0003354 -0.0000039 0.0000097 0.0001713 0.0002293 0.0005366 -0.0000681 0.0000601 -0.0000691 0.0004711 -0.0017104 0.0004797 -0.0006068 0.0003243 0.0000642 0.0006418 0.0005366 0.0009221
-0.2083843 -0.2678376 -0.0274192 0.3156841 0.0216235 -0.2315765 -0.2030389 -0.3704926 -0.0460800 0.3638223 0.0634102 -0.2897406 -0.6120674 -0.7866940 -0.0805358 0.8050869 0.0551463 -0.5905878 -0.4777546 -0.8717764 -0.1084271 0.7750781 0.1350876 -0.6172563 -0.0001042 -0.0000156 -0.0000053 -0.0012561 0.0030827 -0.0003240 -0.0001531 -0.0000442 0.0001724 -0.0007864 0.0011185 0.0002380 -0.0001685 0.0001309 0.0000025 -0.0019004 0.0079642 -0.0017874 -0.0002556 0.0000868 0.0004293 -0.0006794 0.0025599 -0.0002871
-0.2084885 -0.2678532 -0.0274245 0.3144280 0.0247062 -0.2319005 -0.2031920 -0.3705368 -0.0459076 0.3630359 0.0645287 -0.2895026 -0.6122360 -0.7865631 -0.0805333 0.8031865 0.0631105 -0.5923753 -0.4780102 -0.8716896 -0.1079977 0.7743987 0.1376475 -0.6175433 0.0000000 -0.0000416 -0.0000334 -0.0005026 -0.0001079 -0.0004080 0.0000319 -0.0000566 0.0000944 -0.0087497 0.0072178 0.0043621 0.0000637 -0.0000404 -0.0000898 -0.0009390 -0.0002486 -0.0012974 0.0001019 -0.0000841 0.0002282 -0.0048863 0.0181866 -0.0017840
-0.2084885 -0.2678948 -0.0274579 0.3139254 0.0245983 -0.2323085 -0.2031601 -0.3705934 -0.0458131 0.3542863 0.0717465 -0.2851405 -0.6121723 -0.7866035 -0.0806231 0.8022475 0.0628619 -0.5936727 -0.4779083 -0.8717737 -0.1077695 0.7695125 0.1558340 -0.6193273 0.0000006 -0.0005082 -0.0002620 0.0031910 -0.0012409 0.0004716 0.0002079 -0.0004956 -0.0002375 -0.0110929 0.0097829 0.0087984 0.0007571 -0.0005198 -0.0006688 0.0036015 -0.0035065 0.0045341 0.0008913 -0.0004302 -0.0004675 -0.0036270 0.0261107 0.0026301
-0.2084878 -0.2684029 -0.0277199 0.3171165 0.0233575 -0.2318369 -0.2029522 -0.3710889 -0.0460506 0.3431933 0.0815295 -0.2763420 -0.6114152 -0.7871233 -0.0812919 0.8058490 0.0593554 -0.5891386 -0.4770169 -0.8722039 -0.1082370 0.7658855 0.1819448 -0.6166972 -0.0000046 0.0000767 0.0000229 0.0052538 -0.0011126 0.0020677 -0.0001557 0.0000522 0.0001505 -0.0058798 0.0096587 -0.0019164 -0.0001200 0.0000878 0.0000531 0.0071931 -0.0032521 0.0096432 -0.0003520 0.0001484 0.0003570 -0.0107294 0.0222016 -0.0062502
-0.2084924 -0.2683262 -0.0276970 0.3223702 0.0222449 -0.2297692 -0.2031080 -0.3710367 -0.0459001 0.3373136 0.0911882 -0.2782585 -0.6115352 -0.7870355 -0.0812388 0.8130422 0.0561033 -0.5794954 -0.4773690 -0.8720555 -0.1078800 0.7551562 0.2041463 -0.6229474 -0.0000821 0.0001824 0.0001963 0.0008667 0.0040593 0.0005194 -0.0002729 0.0001365 0.0004367 -0.0114559 0.0193848 -0.0005155 -0.0004368 0.0002830 0.0005500 0.0008456 0.0101287 0.0022605 -0.0006813 0.0002480 0.0010175 -0.0193525 0.0455333 -0.0065389
-0.2085745 -0.2681438 -0.0275006 0.3232370 0.0263042 -0.2292498 -0.2033808 -0.3709002 -0.0454634 0.3258576 0.1105730 -0.2787739 -0.6119720 -0.7867526 -0.0806888 0.8138878 0.0662320 -0.5772348 -0.4780502 -0.8718075 -0.1068625 0.7358037 0.2496796 -0.6294863 -0.0003570 0.0000747 0.0003616 -0.0192304 0.0960250 -0.0134061 -0.0001426 0.0001528 0.0001207 -0.0055504 0.0370044 -0.0007686 -0.0008122 0.0005212 0.0010914 -0.0683309 0.2337726 -0.0178637 -0.0004229 0.0001997 0.0002641 -0.0240448 0.0782541 0.0083110
-0.2089315 -0.2680691 -0.0271391 0.3040065 0.1223292 -0.2426560 -0.2035235 -0.3707474 -0.0453427 0.3203072 0.1475774 -0.2795426 -0.6127842 -0.7862314 -0.0795974 0.7455568 0.3000046 -0.5950985 -0.4784731 -0.8716079 -0.1065984 0.7117589 0.3279337 -0.6211753 -0.0001308 -0.0000519 0.0001523 -0.0025572 0.0127368 0.0059512 -0.0002397 -0.0000650 0.0002929 -0.0115153 0.0329735 0.0103835 -0.0001878 0.0000988 0.0004719 -0.0037627 0.0323602 0.0126252 -0.0004056 0.0001346 0.0007235 -0.0219646 0.0753897 0.0199149
-0.2090623 -0.2681210 -0.0269868 0.3014493 0.1350660 -0.2367047 -0.2037632 -0.3708124 -0.0450498 0.3087919 0.1805509 -0.2691590 -0.6129721 -0.7861326 -0.0791255 0.7417941 0.3323649 -0.5824733 -0.4788787 -0.8714733 -0.1058748 0.6897943 0.4033234 -0.6012604 -0.0000466 0.0000040 0.0001956 -0.0073843 0.0277604 0.0058484 -0.0000534 0.0000329 0.0001499 -0.0175316 0.0248496 0.0084498 -0.0001186 0.0000347 0.0005758 -0.0206507 0.0669385 0.0163381 -0.0001468 0.0000385 0.0003475 -0.0302047 0.0618276 0.0108571
-0.2091089 -0.2681170 -0.0267912 0.2940651 0.1628264 -0.2308564 -0.2038166 -0.3707795 -0.0448999 0.2912603 0.2054005 -0.2607092 -0.6130907 -0.7860978 -0.0785497 0.7211434 0.3993033 -0.5661351 -0.4790255 -0.8714348 -0.1055273 0.6595896 0.4651510 -0.5904034 0.0000771 0.0002162 0.0001290 -0.0086320 0.0115278 0.0082376 0.0003144 0.0002636 0.0000498 -0.0150422 0.0133386 0.0157467 -0.0001827 0.0001100 0.0003261 -0.0107295 0.0346465 0.0120597 0.0003052 -0.0001703 0.0000215 -0.0159149 0.0445796 0.0195640
-0.2090318 -0.2679008 -0.0266622 0.2854331 0.1743542 -0.2226187 -0.2035021 -0.3705159 -0.0448501 0.2762181 0.2187391 -0.2449625 -0.6132733 -0.7859879 -0.0782235 0.7104139 0.4339499 -0.5540755 -0.4787203 -0.8716051 -0.1055058 0.6436747 0.5097306 -0.5708394 -0.0000590 0.0004168 0.0001045 -0.0086129 0.0091542 0.0092484 0.0000531 0.0004681 -0.0000578 -0.0138749 0.0145127 0.0118596 -0.0007125 0.0005328 0.0002379 -0.0091687 0.0309165 0.0135623 -0.0003567 0.0002254 -0.0002424 -0.0211046 0.0438023 0.0176598
-0.2090907 -0.2674840 -0.0265577 0.2768202 0.1835084 -0.2133703 -0.2034491 -0.3700478 -0.0449079 0.2623432 0.2332518 -0.2331029 -0.6139858 -0.7854551 -0.0779856 0.7012452 0.4648664 -0.5405131 -0.4790770 -0.8713797 -0.1057481 0.6225701 0.5535330 -0.5531797 -0.0006199 0.0000995 -0.0005041 -0.0072306 0.0053889 0.0090199 -0.0002797 0.0001999 -0.0008758 -0.0116044 0.0085202 0.0098789 -0.0012015 0.0010812 -0.0014005 -0.0054458 0.0226697 0.0130932 -0.0005982 0.0005803 -0.0020487 -0.0164904 0.0308725 0.0136079
-0.2097106 -0.2673845 -0.0270618 0.2695896 0.1888973 -0.2043504 -0.2037287 -0.3698479 -0.0457837 0.2507387 0.2417720 -0.2232240 -0.6151873 -0.7843739 -0.0793861 0.6957994 0.4875360 -0.5274199 -0.4796751 -0.8707994 -0.1077968 0.6060797 0.5844055 -0.5395718 -0.0000667 0.0002396 -0.0003776 -0.0039711 0.0014531 0.0058052 0.0000887 0.0002429 -0.0003002 -0.0076067 0.0095569 0.0110655 -0.0004063 0.0004346 -0.0011353 -0.0011356 0.0102815 0.0081707 -0.0000414 0.0001177 -0.0007635 -0.0116420 0.0300730 0.0208618
-0.2097773 -0.2671449 -0.0274395 0.2656185 0.1903504 -0.1985453 -0.2036400 -0.3696050 -0.0460839 0.2431320 0.2513289 -0.2121585 -0.6155936 -0.7839393 -0.0805214 0.6946638 0.4978176 -0.5192493 -0.4797166 -0.8706817 -0.1085603 0.5944377 0.6144785 -0.5187100 0.0005983 0.0000874 -0.0006340 -0.0018341 0.0010494 0.0034866 0.0003151 0.0000776 -0.0006314 -0.0019433 0.0020276 0.0031073 0.0010617 -0.0006297 -0.0019535 -0.0001671 0.0061034 0.0056951 0.0005735 -0.0001241 -0.0015262 -0.0025773 0.0072409 0.0057126
-0.2091790 -0.2670575 -0.0280734 0.2637845 0.1913998 -0.1950587 -0.2033249 -0.3695274 -0.0467153 0.2411887 0.2533565 -0.2090512 -0.6145319 -0.7845690 -0.0824749 0.6944967 0.5039210 -0.5135542 -0.4791431 -0.8708059 -0.1100865 0.5918604 0.6217194 -0.5129974 -0.0000982 0.0002797 -0.0003615 -0.0002961 0.0004596 0.0009407 0.0000306 0.0002943 -0.0003664 -0.0008055 0.0008432 0.0008090 -0.0005215 0.0005246 -0.0010938 0.0000541 0.0018169 0.0018626 -0.0001881 0.0002208 -0.0009236 -0.0014475 0.0026287 0.0015268
-0.2092772 -0.2667778 -0.0284350 0.2634884 0.1918593 -0.1941180 -0.2032943 -0.3692332 -0.0470817 0.2403831 0.2541996 -0.2082422 -0.6150534 -0.7840444 -0.0835687 0.6945509 0.5057379 -0.5116916 -0.4793312 -0.8705851 -0.1110101 0.5904129 0.6243481 -0.5114706 -0.0000639 -0.0000627 -0.0000313 -0.0000867 0.0001374 -0.0002040 -0.0000226 -0.0000524 -0.0000423 -0.0000018 0.0002854 -0.0006865 -0.0000232 0.0000256 -0.0000696 -0.0004366 0.0002105 -0.0003843 0.0000158 0.0000020 -0.0000837 -0.0007700 -0.0001094 -0.0010207
-0.2093411 -0.2668405 -0.0284663 0.2634017 0.1919968 -0.1943220 -0.2033169 -0.3692855 -0.0471240 0.2403813 0.2544851 -0.2089287 -0.6150766 -0.7840188 -0.0836383 0.6941142 0.5059484 -0.5120758 -0.4793154 -0.8705831 -0.1110939 0.5896429 0.6242387 -0.5124913 -0.0000088 0.0002677 0.0000529 0.0015049 -0.0004226 -0.0019844 0.0006417 0.0107699 0.0011695 0.0045712 -0.0044503 -0.0056248 -0.0004036 0.0003057 0.0001040 0.0005775 -0.0035639 -0.0027185 -0.0097725 0.0054269 0.0001981 0.0070000 -0.0152166 -0.0101074
-0.2093499 -0.2665728 -0.0284134 0.2649066 0.1915742 -0.1963064 -0.2026751 -0.3585156 -0.0459545 0.2449525 0.2500348 -0.2145536 -0.6154801 -0.7837131 -0.0835343 0.6946917 0.5023846 -0.5147943 -0.4890878 -0.8651562 -0.1108958 0.5966429 0.6090220 -0.5225987 0.0003910 0.0004370 0.0004623 0.0038714 -0.0024331 -0.0073499 -0.0003847 -0.0100237 -0.0007903 0.0098487 -0.0057174 -0.0104146 0.0000250 -0.0001475 0.0012086 0.0004687 -0.0131951 -0.0119369 0.0094571 -0.0053400 0.0004835 0.0120568 -0.0253675 -0.0148322
-0.2089589 -0.2661358 -0.0279512 0.2687780 0.1891411 -0.2036562 -0.2030598 -0.3685393 -0.0467449 0.2548012 0.2443174 -0.2249682 -0.6154551 -0.7838606 -0.0823257 0.6951604 0.4891895 -0.5267311 -0.4796307 -0.8704961 -0.1104122 0.6086997 0.5836546 -0.5374309 -0.0000940 -0.0000519 0.0003923 0.0090866 -0.0062162 -0.0105101 0.0003078 0.0000625 0.0000060 0.0162427 -0.0129794 -0.0154489 -0.0001563 0.0000006 0.0011714 0.0071419 -0.0268472 -0.0145739 0.0004977 -0.0002691 -0.0000386 0.0218354 -0.0454882 -0.0218564
-0.2090529 -0.2661877 -0.0275588 0.2778647 0.1829249 -0.2141664 -0.2027520 -0.3684768 -0.0467388 0.2710439 0.2313380 -0.2404171 -0.6156114 -0.7838600 -0.0811543 0.7023023 0.4623423 -0.5413050 -0.4791330 -0.8707653 -0.1104508 0.6305351 0.5381664 -0.5592873 -0.0002000 -0.0000095 0.0007360 0.0106911 -0.0111191 -0.0179376 -0.0001614 0.0000629 0.0004869 0.0225670 -0.0239710 -0.0266994 -0.0004589 0.0001375 0.0021840 0.0045392 -0.0414896 -0.0272529 -0.0004164 0.0000851 0.0011426 0.0250821 -0.0751271 -0.0371693
-0.2092529 -0.2661972 -0.0268229 0.2885558 0.1718058 -0.2321039 -0.2029134 -0.3684139 -0.0462520 0.2936109 0.2073670 -0.2671165 -0.6160703 -0.7837225 -0.0789703 0.7068415 0.4208527 -0.5685579 -0.4795495 -0.8706802 -0.1093082 0.6556173 0.4630393 -0.5964567 0.0001685 0.0002196 -0.0000706 0.0082642 -0.0142979 -0.0146595 0.0004452 0.0080953 0.0011335 0.0128678 -0.0126323 -0.0160232 0.0000057 0.0000229 -0.0002709 0.0051331 -0.0430424 -0.0233472 -0.0074309 0.0040352 0.0007885 0.0099822 -0.0401213 -0.0184560
-0.2090844 -0.2659775 -0.0268934 0.2968200 0.1575080 -0.2467634 -0.2024682 -0.3603185 -0.0451184 0.3064787 0.1947348 -0.2831397 -0.6160647 -0.7836997 -0.0792412 0.7119745 0.3778103 -0.5919051 -0.4869804 -0.8666450 -0.1085197 0.6655995 0.4229180 -0.6149127 0.0000000 0.0000000 0.0000000 0.0000000 0.0000000 0.0000000 0.0000000 0.0000000 0.0000000 0.0000000 0.0000000 0.0000000 0.0000000 0.0000000 0.0000000 0.0000000 0.0000000 0.0000000 0.0000000 0.0000000 0.0000000 0.0000000 0.0000000 0.0000000
