-0.2745482 0.3134461 -0.3423925 0.3039920 0.4146576 -0.2531006 -0.2494527 0.3858407 -0.3628191 0.2711934 0.4893005 -0.2573745 -0.5090709 0.5811958 -0.6348687 0.5304600 0.7235693 -0.4416556 -0.4260960 0.6590635 -0.6197398 0.4403961 0.7945845 -0.4179554 -0.0026116 0.0075960 0.0066709 -0.0079651 0.0040448 0.0010659 -0.0075530 0.0032376 0.0097739 -0.0050944 0.0026858 -0.0016177 -0.0033150 0.0123152 0.0142195 -0.0123610 0.0092334 0.0005506 -0.0133264 0.0061736 0.0161113 -0.0086903 0.0035898 -0.0022207
-0.2771599 0.3210421 -0.3357217 0.2960269 0.4187024 -0.2520347 -0.2570057 0.3890783 -0.3530452 0.2660990 0.4919863 -0.2589922 -0.5123859 0.5935110 -0.6206492 0.5180990 0.7328027 -0.4411050 -0.4394224 0.6652371 -0.6036286 0.4317058 0.7981743 -0.4201761 0.0002755 0.0042265 0.0007560 0.0000695 0.0029583 0.0025611 -0.0024563 0.0069993 0.0028574 -0.0029406 0.0065899 0.0010165 0.0023122 0.0056957 0.0035785 -0.0008619 0.0037768 0.0053111 -0.0011484 0.0073093 0.0090038 -0.0072468 0.0059997 0.0040766
-0.2768844 0.3252686 -0.3349657 0.2960964 0.4216607 -0.2494736 -0.2594620 0.3960776 -0.3501878 0.2631584 0.4985762 -0.2579757 -0.5100737 0.5992067 -0.6170706 0.5172371 0.7365796 -0.4357939 -0.4405708 0.6725465 -0.5946248 0.4244589 0.8041740 -0.4160996 -0.0029513 0.0293612 0.0009717 -0.0048432 0.0203695 -0.0102452 -0.0050059 0.0164409 -0.0012089 0.0002780 0.0054142 -0.0025248 0.0119706 0.0320288 0.0225666 -0.0232845 0.0130841 -0.0046777 0.0019751 0.0115776 0.0118657 -0.0033058 0.0015503 -0.0003598
-0.2798357 0.3546298 -0.3339940 0.2912532 0.4420302 -0.2597188 -0.2644679 0.4125185 -0.3513966 0.2634364 0.5039904 -0.2605005 -0.4981031 0.6312355 -0.5945040 0.4939525 0.7496637 -0.4404717 -0.4385957 0.6841240 -0.5827590 0.4211531 0.8057243 -0.4164594 0.0036787 0.0044447 -0.0055855 0.0113381 0.0107025 0.0155348 0.0123217 0.0304555 -0.0200214 -0.0043685 0.0461677 -0.0093898 0.0103115 0.0030180 -0.0053142 0.0130818 0.0089538 0.0313070 0.0387941 0.0182532 -0.0061594 -0.0317560 0.0212018 0.0107955
-0.2761570 0.3590745 -0.3395794 0.3025913 0.4527327 -0.2441840 -0.2521462 0.4429740 -0.3714180 0.2590679 0.5501581 -0.2698902 -0.4877916 0.6342535 -0.5998182 0.5070344 0.7586174 -0.4091647 -0.3998017 0.7023772 -0.5889184 0.3893972 0.8269260 -0.4056639 -0.0057862 0.0510094 -0.0207355 -0.0026449 0.0151819 -0.0197095 -0.0125672 0.0363528 -0.0110438 -0.0096839 0.0388249 -0.0249854 0.0288999 0.0332006 0.0133684 -0.0195272 0.0018909 -0.0197453 0.0034710 0.0152741 0.0162941 -0.0353118 0.0093357 -0.0130124
-0.2819432 0.4100839 -0.3603149 0.2999464 0.4679146 -0.2638935 -0.2647134 0.4793268 -0.3824618 0.2493840 0.5889830 -0.2948757 -0.4588918 0.6674541 -0.5864498 0.4875072 0.7605084 -0.4289099 -0.3963307 0.7176513 -0.5726244 0.3540854 0.8362617 -0.4186763 -0.0075468 0.0158315 -0.0110370 0.0022165 0.0292900 -0.0257994 -0.0085422 0.0326695 -0.0269784 0.0034615 0.0181288 -0.0351205 0.0029373 0.0033740 0.0015607 -0.0226064 0.0044790 -0.0168048 0.0115972 0.0032200 -0.0038518 -0.0104555 -0.0111660 -0.0298051
-0.2894900 0.4259154 -0.3713519 0.3021629 0.4972046 -0.2896930 -0.2732556 0.5119963 -0.4094402 0.2528455 0.6071118 -0.3299961 -0.4559544 0.6708281 -0.5848891 0.4649008 0.7649873 -0.4457148 -0.3847334 0.7208713 -0.5764762 0.3436299 0.8250957 -0.4484814 -0.0178820 0.0281795 -0.0138216 0.0037801 0.0265885 -0.0328526 -0.0205111 0.0254856 -0.0277374 0.0058289 0.0290351 -0.0386141 -0.0027391 0.0068211 0.0100919 -0.0195816 -0.0025738 -0.0237704 -0.0056357 -0.0066434 -0.0044632 -0.0117419 -0.0088979 -0.0244579
-0.3073720 0.4540949 -0.3851735 0.3059431 0.5237931 -0.3225456 -0.2937667 0.5374819 -0.4371776 0.2586745 0.6361469 -0.3686103 -0.4586935 0.6776492 -0.5747972 0.4453192 0.7624135 -0.4694852 -0.3903691 0.7142278 -0.5809394 0.3318880 0.8161978 -0.4729393 -0.0069597 -0.0013571 -0.0018448 -0.0082180 0.0423176 -0.0101180 -0.0139658 -0.0054769 -0.0091490 0.0029562 0.0024571 -0.0131748 -0.0080425 -0.0054007 0.0001325 -0.0323641 0.0228019 0.0080691 -0.0147749 -0.0138185 -0.0066703 -0.0001582 -0.0064914 -0.0111382
-0.3143317 0.4527378 -0.3870182 0.2977251 0.5661107 -0.3326636 -0.3077324 0.5320050 -0.4463265 0.2616306 0.6386040 -0.3817851 -0.4667360 0.6722485 -0.5746647 0.4129551 0.7852154 -0.4614161 -0.4051440 0.7004093 -0.5876096 0.3317298 0.8097063 -0.4840775 -0.0022023 0.0204460 -0.0317105 0.0001151 0.0304629 -0.0195196 0.0093799 0.0091444 -0.0303450 0.0179164 0.0235379 -0.0235957 0.0188342 -0.0026841 -0.0178448 -0.0179854 0.0059087 -0.0056187 0.0228521 -0.0070112 -0.0231701 0.0070437 -0.0072793 -0.0071896
-0.3165340 0.4731838 -0.4187288 0.2978401 0.5965736 -0.3521833 -0.2983525 0.5411494 -0.4766715 0.2795470 0.6621419 -0.4053808 -0.4479018 0.6695644 -0.5925094 0.3949697 0.7911241 -0.4670349 -0.3822920 0.6933981 -0.6107798 0.3387735 0.8024271 -0.4912671 -0.0008349 -0.0056970 0.0042849 -0.0006023 0.0027308 0.0000774 -0.0026587 -0.0006647 -0.0028786 0.0004616 -0.0026564 0.0043668 -0.0050062 -0.0024274 0.0010684 -0.0017837 0.0016352 0.0012695 -0.0022634 -0.0029047 -0.0018670 0.0022600 0.0007861 0.0028565
-0.3173689 0.4674868 -0.4144439 0.2972379 0.5993044 -0.3521059 -0.3010113 0.5404847 -0.4795501 0.2800086 0.6594855 -0.4010139 -0.4529081 0.6671370 -0.5914410 0.3931860 0.7927594 -0.4657654 -0.3845554 0.6904934 -0.6126468 0.3410335 0.8032131 -0.4884105 0.0013082 0.0012590 0.0007824 0.0018338 0.0021604 0.0018657 0.0012336 0.0011619 0.0007075 0.0028528 0.0021168 0.0036555 0.0017301 0.0019996 0.0009374 0.0016055 0.0012081 0.0034286 0.0015254 0.0015758 0.0008231 0.0030960 0.0016928 0.0049839
-0.3160607 0.4687458 -0.4136615 0.2990717 0.6014648 -0.3502402 -0.2997776 0.5416466 -0.4788426 0.2828614 0.6616023 -0.3973584 -0.4511780 0.6691367 -0.5905036 0.3947915 0.7939675 -0.4623368 -0.3830299 0.6920692 -0.6118237 0.3441294 0.8049060 -0.4834266 -0.0052365 0.0070911 0.0012200 -0.0050037 0.0041589 -0.0006735 -0.0082139 0.0040030 0.0121359 -0.0054847 0.0031205 0.0014490 -0.0033136 0.0039594 0.0070835 -0.0074562 0.0037373 0.0001264 -0.0111812 0.0063303 0.0144665 -0.0066519 0.0038463 0.0017331
-0.3212972 0.4758369 -0.4124415 0.2940680 0.6056237 -0.3509137 -0.3079915 0.5456496 -0.4667067 0.2773767 0.6647228 -0.3959095 -0.4544916 0.6730961 -0.5834201 0.3873353 0.7977048 -0.4622104 -0.3942111 0.6983995 -0.5973572 0.3374775 0.8087523 -0.4816935 0.0006092 0.0109873 0.0006316 -0.0021601 0.0096788 0.0043490 0.0004906 0.0095630 0.0054152 -0.0023032 0.0073118 0.0085761 0.0051857 0.0089780 0.0064460 -0.0053285 0.0075143 0.0086765 0.0022939 0.0092322 0.0094302 -0.0032434 0.0078182 0.0110555
-0.3206880 0.4868242 -0.4118100 0.2919079 0.6153025 -0.3465647 -0.3075009 0.5552126 -0.4612915 0.2750735 0.6720346 -0.3873334 -0.4493059 0.6820741 -0.5769740 0.3820069 0.8052191 -0.4535339 -0.3919173 0.7076317 -0.5879271 0.3342341 0.8165705 -0.4706380 0.0005700 0.0040716 0.0003909 -0.0024868 0.0003711 0.0040950 -0.0001513 -0.0037585 0.0104927 -0.0014490 -0.0014940 0.0106753 0.0022415 0.0034918 0.0024023 -0.0020125 0.0031275 0.0038894 -0.0046092 0.0031259 0.0069018 0.0009616 0.0048556 0.0092240
-0.3201181 0.4908958 -0.4114190 0.2894210 0.6156736 -0.3424697 -0.3076522 0.5514541 -0.4507989 0.2736245 0.6705406 -0.3766581 -0.4470644 0.6855660 -0.5745718 0.3799943 0.8083466 -0.4496445 -0.3965265 0.7107577 -0.5810252 0.3351957 0.8214262 -0.4614140 0.0031913 0.0031728 0.0010290 0.0149711 -0.0386431 0.0398127 0.0028988 0.0037675 0.0018616 -0.0009879 -0.0016889 0.0065054 0.0045632 0.0042653 0.0015748 0.0432544 -0.0060016 0.0288083 0.0039707 0.0044288 0.0027447 0.0007261 0.0026814 0.0053403
-0.3169267 0.4940686 -0.4103900 0.3043921 0.5770305 -0.3026570 -0.3047534 0.5552216 -0.4489373 0.2726365 0.6688517 -0.3701527 -0.4425012 0.6898312 -0.5729970 0.4232488 0.8023449 -0.4208362 -0.3925558 0.7151864 -0.5782805 0.3359218 0.8241076 -0.4560737 -0.0041510 -0.0009371 0.0023312 -0.0286494 0.0406921 -0.0341607 -0.0060434 0.0058932 -0.0042107 -0.0089371 -0.0055756 0.0018281 -0.0058764 -0.0011844 0.0031523 -0.0583583 0.0150879 -0.0248750 -0.0031831 -0.0007165 0.0012852 -0.0076121 0.0016809 -0.0024959
-0.3210777 0.4931315 -0.4080587 0.2757427 0.6177226 -0.3368177 -0.3107968 0.5611148 -0.4531480 0.2636994 0.6632761 -0.3683246 -0.4483777 0.6886469 -0.5698447 0.3648905 0.8174329 -0.4457112 -0.3957389 0.7144699 -0.5769953 0.3283097 0.8257885 -0.4585696 0.0108772 -0.0192615 0.0112990 0.0110034 -0.0050919 0.0032929 0.0132551 -0.0034541 0.0048857 0.0084779 -0.0037519 0.0042914 -0.0002022 -0.0033850 -0.0039082 0.0153216 -0.0051128 0.0034726 0.0117600 0.0051938 -0.0014893 0.0114947 -0.0023945 0.0040862
-0.3102005 0.4738700 -0.3967597 0.2867461 0.6126307 -0.3335249 -0.2975417 0.5576607 -0.4482623 0.2721773 0.6595242 -0.3640333 -0.4485798 0.6852618 -0.5737529 0.3802121 0.8123200 -0.4422386 -0.3839789 0.7196637 -0.5784846 0.3398044 0.8233941 -0.4544835 0.0026776 -0.0025849 0.0024460 -0.0002333 0.0006358 0.0041672 0.0078950 -0.0014805 0.0059310 -0.0016114 -0.0021651 0.0093836 0.0010404 0.0006015 -0.0000937 0.0003995 0.0023604 0.0047107 0.0065354 0.0051042 0.0020751 0.0007786 0.0040763 0.0080576
-0.3075229 0.4712851 -0.3943137 0.2865128 0.6132665 -0.3293576 -0.2896466 0.5561802 -0.4423313 0.2705659 0.6573591 -0.3546497 -0.4475395 0.6858633 -0.5738466 0.3806116 0.8146804 -0.4375279 -0.3774435 0.7247679 -0.5764095 0.3405829 0.8274704 -0.4464258 0.0077249 -0.0032513 0.0040215 0.0034541 -0.0111127 0.0147467 0.0109707 -0.0038916 0.0100073 0.0017060 -0.0109655 0.0168853 0.0061168 0.0032698 -0.0008199 0.0119351 0.0004937 0.0116190 0.0081944 0.0070213 0.0035748 0.0091622 0.0028503 0.0125528
-0.2997980 0.4680338 -0.3902923 0.2899669 0.6021538 -0.3146109 -0.2786759 0.5522886 -0.4323240 0.2722720 0.6463936 -0.3377644 -0.4414226 0.6891331 -0.5746665 0.3925467 0.8151741 -0.4259089 -0.3692491 0.7317893 -0.5728347 0.3497452 0.8303207 -0.4338730 0.0049446 -0.0031376 0.0084391 -0.0061156 -0.0097694 0.0150415 0.0052633 -0.0070454 0.0140093 -0.0073336 -0.0141941 0.0170325 0.0013326 0.0047581 0.0047229 0.0006184 0.0053434 0.0109723 -0.0004193 0.0054084 0.0072511 0.0003347 0.0050444 0.0100698
-0.2948534 0.4648962 -0.3818532 0.2838512 0.5923844 -0.2995694 -0.2734127 0.5452432 -0.4183147 0.2649384 0.6321995 -0.3207319 -0.4400900 0.6938913 -0.5699436 0.3931651 0.8205175 -0.4149365 -0.3696684 0.7371977 -0.5655836 0.3500798 0.8353651 -0.4238033 0.0068818 -0.0178103 0.0244585 0.0150452 -0.0616677 0.0508672 0.0138019 -0.0126746 0.0285494 -0.0054809 -0.0091763 0.0263366 -0.0093477 0.0038765 0.0121570 0.0611435 -0.0138528 0.0369207 0.0035995 0.0137604 0.0159879 0.0022980 0.0107835 0.0239753
-0.2879716 0.4470859 -0.3573947 0.2988964 0.5307167 -0.2487022 -0.2596108 0.5325686 -0.3897653 0.2594575 0.6230232 -0.2943952 -0.4494377 0.6977678 -0.5577866 0.4543086 0.8066646 -0.3780158 -0.3660690 0.7509581 -0.5495957 0.3523779 0.8461486 -0.3998280 0.0041238 -0.0279071 0.0274953 -0.0057119 0.0087346 0.0053809 0.0080345 -0.0144389 0.0271119 -0.0133506 -0.0032850 0.0319549 -0.0203170 -0.0040464 0.0118185 -0.0103800 0.0101515 0.0095881 -0.0035500 0.0102844 0.0167809 -0.0089421 0.0186800 0.0335993
-0.2838477 0.4191788 -0.3298994 0.2931845 0.5394513 -0.2433213 -0.2515763 0.5181297 -0.3626534 0.2461069 0.6197382 -0.2624404 -0.4697548 0.6937213 -0.5459681 0.4439286 0.8168161 -0.3684276 -0.3696190 0.7612425 -0.5328148 0.3434358 0.8648285 -0.3662287 0.0161419 0.0091932 0.0052798 0.0051400 -0.0306476 0.0352852 0.0105416 -0.0111234 0.0219054 -0.0010180 -0.0235398 0.0428016 0.0239169 0.0196903 0.0053459 0.0330656 -0.0032848 0.0357966 0.0025829 0.0108025 0.0139401 0.0164593 0.0106451 0.0437053
-0.2677058 0.4283720 -0.3246196 0.2983246 0.5088037 -0.2080361 -0.2410346 0.5070063 -0.3407480 0.2450889 0.5961984 -0.2196388 -0.4458379 0.7134117 -0.5406222 0.4769941 0.8135313 -0.3326310 -0.3670360 0.7720450 -0.5188747 0.3598951 0.8754737 -0.3225234 0.0141817 0.0057867 0.0153191 -0.0272868 0.0194182 0.0199624 0.0096040 -0.0074335 0.0243392 -0.0067064 -0.0070220 0.0169744 0.0163425 0.0220966 0.0166362 -0.0417859 0.0346401 0.0306390 0.0025885 0.0146617 0.0206073 -0.0025558 0.0077114 0.0187263
-0.2535242 0.4341587 -0.3093004 0.2710378 0.5282219 -0.1880738 -0.2314307 0.4995728 -0.3164087 0.2383825 0.5891764 -0.2026643 -0.4294954 0.7355083 -0.5239859 0.4352082 0.8481714 -0.3019920 -0.3644475 0.7867068 -0.4982675 0.3573393 0.8831851 -0.3037972 -0.0122765 -0.0604173 0.0266971 0.0187188 -0.0485743 0.0185783 -0.0040160 -0.0324103 0.0201336 -0.0080976 -0.0086267 0.0230238 -0.0639163 -0.0417239 -0.0006170 0.0597231 -0.0288884 0.0124779 -0.0271730 -0.0096711 0.0054704 -0.0029876 0.0101376 0.0273748
-0.2658007 0.3737414 -0.2826034 0.2897566 0.4796476 -0.1694955 -0.2354466 0.4671625 -0.2962751 0.2302850 0.5805497 -0.1796405 -0.4934117 0.6937844 -0.5246029 0.4949313 0.8192829 -0.2895141 -0.3916205 0.7770356 -0.4927971 0.3543517 0.8933227 -0.2764224 0.0184012 0.0480894 0.0046450 0.0072560 -0.0134951 0.0085650 0.0093568 0.0228801 0.0075918 -0.0032225 -0.0047174 0.0147576 0.0535919 0.0561342 0.0304565 0.0209976 -0.0095476 0.0099681 0.0222185 0.0236315 0.0211253 0.0001192 0.0056183 0.0190211
-0.2473995 0.4218308 -0.2779584 0.2970126 0.4661525 -0.1609304 -0.2260899 0.4900426 -0.2886833 0.2270625 0.5758323 -0.1648828 -0.4398197 0.7499186 -0.4941464 0.5159290 0.8097353 -0.2795460 -0.3694020 0.8006672 -0.4716717 0.3544709 0.8989410 -0.2574013 0.0005150 0.0018798 0.0012166 -0.0039902 0.0128289 -0.0025823 -0.0020214 0.0014179 0.0091819 -0.0019990 0.0024015 0.0103803 0.0013726 0.0025574 0.0026752 -0.0148872 0.0092796 -0.0000460 -0.0047575 0.0054509 0.0132196 -0.0024992 0.0053456 0.0157782
-0.2468845 0.4237106 -0.2767418 0.2930224 0.4789814 -0.1635127 -0.2281113 0.4914605 -0.2795014 0.2250636 0.5782338 -0.1545026 -0.4384471 0.7524760 -0.4914712 0.5010418 0.8190149 -0.2795920 -0.3741595 0.8061180 -0.4584521 0.3519717 0.9042866 -0.2416230 -0.0040096 0.0107131 0.0068035 -0.0084712 0.0061121 0.0057182 -0.0048024 0.0034124 0.0077669 -0.0040364 0.0022449 0.0000923 -0.0019631 0.0100952 0.0176315 -0.0138882 0.0114686 0.0094466 -0.0072116 0.0041832 0.0135161 -0.0066384 0.0026549 0.0003720
-0.2508942 0.4344237 -0.2699383 0.2845512 0.4850935 -0.1577945 -0.2329137 0.4948729 -0.2717345 0.2210271 0.5804787 -0.1544103 -0.4404102 0.7625712 -0.4738397 0.4871536 0.8304835 -0.2701454 -0.3813711 0.8103012 -0.4449360 0.3453334 0.9069415 -0.2412510 -0.0259619 -0.0001419 0.0221714 -0.0168057 0.0051171 -0.0306496 -0.0257976 -0.0003383 0.0225554 -0.0147370 0.0015144 -0.0244084 -0.0440079 -0.0027035 0.0403191 -0.0329596 0.0010926 -0.0495246 -0.0419012 -0.0012029 0.0372590 -0.0244308 -0.0015996 -0.0369172
-0.2768561 0.4342818 -0.2477670 0.2677454 0.4902106 -0.1884441 -0.2587113 0.4945346 -0.2491791 0.2062901 0.5819931 -0.1788186 -0.4844182 0.7598677 -0.4335206 0.4541940 0.8315761 -0.3196700 -0.4232724 0.8090982 -0.4076770 0.3209026 0.9053419 -0.2781682 0.0029141 -0.0087069 -0.0036701 0.0093399 0.0026573 -0.0059778 0.0046731 -0.0007565 -0.0031315 0.0122247 0.0127012 -0.0058773 -0.0003181 -0.0068191 -0.0113935 0.0092301 -0.0072566 -0.0054998 0.0067676 0.0004689 -0.0059954 0.0102099 -0.0042099 -0.0016990
-0.2739420 0.4255749 -0.2514370 0.2770854 0.4928679 -0.1944219 -0.2540381 0.4937781 -0.2523106 0.2185148 0.5946943 -0.1846960 -0.4847363 0.7530486 -0.4449142 0.4634241 0.8243195 -0.3251698 -0.4165048 0.8095671 -0.4136724 0.3311124 0.9011320 -0.2798672 -0.0021805 0.0568491 -0.0097058 0.0059337 0.0196980 -0.0090730 -0.0054475 0.0365959 -0.0147458 -0.0005114 0.0182827 -0.0141768 0.0351305 0.0324748 0.0196993 -0.0068430 0.0025785 -0.0031188 0.0160852 0.0088679 0.0015701 -0.0106636 -0.0001011 -0.0124610
-0.2761224 0.4824240 -0.2611429 0.2830191 0.5125659 -0.2034949 -0.2594856 0.5303740 -0.2670564 0.2180034 0.6129770 -0.1988727 -0.4496058 0.7855234 -0.4252148 0.4565811 0.8268980 -0.3282886 -0.4004195 0.8184350 -0.4121023 0.3204489 0.9010309 -0.2923282 -0.0305526 -0.0394172 -0.0222089 0.0033783 0.0426221 -0.0204173 -0.0160632 0.0063015 -0.0260834 0.0194469 0.0171379 -0.0290453 -0.0541615 -0.0578075 -0.0402399 -0.0250140 0.0097051 -0.0091209 -0.0103997 -0.0182986 -0.0249437 0.0135663 -0.0146645 -0.0282782
-0.3066751 0.4430068 -0.2833518 0.2863974 0.5551880 -0.2239123 -0.2755488 0.5366755 -0.2931398 0.2374503 0.6301149 -0.2279181 -0.5037673 0.7277159 -0.4654547 0.4315672 0.8366030 -0.3374094 -0.4108193 0.8001365 -0.4370459 0.3340152 0.8863664 -0.3206064 -0.0005879 0.0578526 -0.0262571 0.0048815 0.0155175 -0.0132566 -0.0205834 0.0344515 -0.0341660 0.0116821 0.0186103 -0.0249520 0.0411437 0.0263918 -0.0007009 -0.0052382 -0.0012926 -0.0097217 0.0005558 -0.0088934 -0.0164057 0.0028796 -0.0091134 -0.0213426
-0.3072630 0.5008594 -0.3096089 0.2912789 0.5707055 -0.2371689 -0.2961322 0.5711270 -0.3273059 0.2491323 0.6487252 -0.2528700 -0.4626236 0.7541077 -0.4661556 0.4263290 0.8353105 -0.3471311 -0.4102634 0.7912430 -0.4534516 0.3368947 0.8772530 -0.3419490 -0.0017112 -0.0044973 -0.0190561 0.0033532 0.0050775 0.0064889 -0.0050194 -0.0063699 -0.0265770 -0.0019360 0.0353774 -0.0234281 0.0019609 -0.0140605 -0.0238649 0.0027303 0.0031762 0.0112023 -0.0015102 -0.0190335 -0.0304232 -0.0192034 0.0019408 -0.0131433
-0.3089742 0.4963621 -0.3286650 0.2946320 0.5757830 -0.2306800 -0.3011515 0.5647571 -0.3538829 0.2471963 0.6841026 -0.2762981 -0.4606627 0.7400472 -0.4900205 0.4290593 0.8384867 -0.3359288 -0.4117737 0.7722096 -0.4838748 0.3176913 0.8791938 -0.3550923 -0.0099379 -0.0069135 -0.0142572 0.0073100 0.0246210 -0.0048083 -0.0159724 -0.0104628 -0.0232064 0.0233970 0.0241917 -0.0122332 -0.0101310 -0.0174991 -0.0162182 -0.0050522 0.0046404 0.0052405 -0.0158338 -0.0248034 -0.0245894 0.0158533 -0.0061205 -0.0005635
-0.3189121 0.4894486 -0.3429222 0.3019421 0.6004040 -0.2354883 -0.3171240 0.5542943 -0.3770893 0.2705933 0.7082943 -0.2885313 -0.4707937 0.7225481 -0.5062387 0.4240071 0.8431271 -0.3306883 -0.4276075 0.7474061 -0.5084642 0.3335447 0.8730733 -0.3556558 -0.0150033 0.0039010 -0.0017080 -0.0044210 0.0073519 -0.0003965 -0.0162491 -0.0009045 -0.0096249 0.0060561 -0.0160365 0.0050584 -0.0143848 -0.0057119 0.0054915 -0.0088277 0.0049733 0.0015199 -0.0151516 -0.0124388 -0.0051381 0.0133222 -0.0051110 0.0002337
-0.3339154 0.4933496 -0.3446302 0.2975211 0.6077559 -0.2358848 -0.3333731 0.5533898 -0.3867142 0.2766495 0.6922578 -0.2834728 -0.4851785 0.7168362 -0.5007472 0.4151794 0.8481004 -0.3291684 -0.4427591 0.7349674 -0.5136024 0.3468669 0.8679623 -0.3554221 -0.0043643 -0.0031075 -0.0025229 0.0088055 0.0561959 -0.0389050 -0.0033801 -0.0023237 -0.0013503 -0.0023865 0.0426486 -0.0291365 -0.0055017 -0.0057321 -0.0028041 -0.0230254 0.0018792 -0.0226128 -0.0041956 -0.0035665 -0.0014551 -0.0220694 0.0023547 -0.0147873
-0.3382797 0.4902421 -0.3471532 0.3063266 0.6639518 -0.2747898 -0.3367532 0.5510661 -0.3880645 0.2742630 0.7349064 -0.3126094 -0.4906802 0.7111041 -0.5035513 0.3921540 0.8499796 -0.3517811 -0.4469547 0.7314009 -0.5150575 0.3247974 0.8703170 -0.3702094 -0.0023134 -0.0019699 -0.0012777 0.0045582 -0.0376513 0.0190110 0.0002912 -0.0034341 -0.0032090 0.0097946 -0.0253768 0.0099912 -0.0030796 -0.0032532 -0.0015708 0.0254047 -0.0087767 0.0082370 -0.0001921 -0.0036161 -0.0049320 0.0207677 -0.0071517 0.0020648
-0.3405931 0.4882722 -0.3484308 0.3108848 0.6263005 -0.2557788 -0.3364620 0.5476320 -0.3912735 0.2840576 0.7095296 -0.3026182 -0.4937597 0.7078509 -0.5051221 0.4175586 0.8412029 -0.3435441 -0.4471468 0.7277848 -0.5199895 0.3455651 0.8631653 -0.3681446 -0.0034364 -0.0015947 -0.0031891 -0.0032302 0.0296162 -0.0166805 -0.0037138 -0.0007946 -0.0020827 -0.0058326 0.0229440 -0.0111305 -0.0034011 -0.0045479 -0.0030077 -0.0200841 0.0062092 -0.0084599 -0.0036328 -0.0031502 -0.0012614 -0.0159213 0.0046768 -0.0035879
-0.3440295 0.4866775 -0.3516199 0.3076546 0.6559167 -0.2724593 -0.3401757 0.5468374 -0.3933562 0.2782250 0.7324736 -0.3137486 -0.4971609 0.7033030 -0.5081298 0.3974746 0.8474120 -0.3520040 -0.4507795 0.7246346 -0.5212509 0.3296438 0.8678421 -0.3717325 -0.0012082 0.0010695 -0.0031526 0.0030285 -0.0352065 0.0240923 0.0017698 0.0050411 -0.0043650 0.0088489 -0.0277113 0.0182704 0.0003773 -0.0014541 -0.0023740 0.0239515 -0.0054499 0.0151067 0.0053816 0.0017285 -0.0022158 0.0220165 -0.0045210 0.0097770
-0.3452377 0.4877470 -0.3547725 0.3106831 0.6207102 -0.2483670 -0.3384059 0.5518785 -0.3977212 0.2870739 0.7047623 -0.2954783 -0.4967836 0.7018489 -0.5105038 0.4214260 0.8419622 -0.3368973 -0.4453980 0.7263631 -0.5234667 0.3516603 0.8633210 -0.3619555 -0.0101785 0.0066140 -0.0037622 -0.0099507 0.0066673 -0.0017904 -0.0088494 0.0085945 -0.0040367 -0.0142263 0.0264403 -0.0132903 -0.0062228 -0.0021994 0.0030838 -0.0146672 0.0066039 -0.0014557 -0.0043612 -0.0004480 0.0031167 -0.0265747 0.0078740 -0.0059284
-0.3554161 0.4943610 -0.3585347 0.3007324 0.6273775 -0.2501574 -0.3472554 0.5604730 -0.4017579 0.2728476 0.7312026 -0.3087686 -0.5030064 0.6996496 -0.5074200 0.4067589 0.8485661 -0.3383530 -0.4497592 0.7259150 -0.5203499 0.3250857 0.8711950 -0.3678839 0.0011160 0.0027525 -0.0009998 -0.0000688 -0.0031616 0.0025870 0.0012057 0.0024954 0.0006394 0.0008086 -0.0020093 0.0023916 0.0029074 0.0020323 -0.0000674 0.0018876 -0.0001641 0.0018682 0.0021072 0.0023443 0.0014606 0.0018846 0.0000606 0.0018182
-0.3543001 0.4971135 -0.3595345 0.3006636 0.6242159 -0.2475703 -0.3460497 0.5629684 -0.4011185 0.2736562 0.7291933 -0.3063770 -0.5000990 0.7016819 -0.5074874 0.4086465 0.8484020 -0.3364848 -0.4476519 0.7282593 -0.5188893 0.3269702 0.8712556 -0.3660657 0.0009892 0.0022193 -0.0004804 -0.0010782 -0.0036192 0.0029879 0.0013040 0.0021694 0.0007632 -0.0035938 -0.0030597 0.0033477 0.0023164 0.0018323 0.0002595 0.0010485 0.0002886 0.0020087 0.0020353 0.0022352 0.0013919 -0.0023307 0.0016232 0.0017969
-0.3533109 0.4993328 -0.3600149 0.2995854 0.6205967 -0.2445824 -0.3447457 0.5651378 -0.4003553 0.2700624 0.7261336 -0.3030293 -0.4977827 0.7035142 -0.5072280 0.4096950 0.8486906 -0.3344761 -0.4456166 0.7304945 -0.5174975 0.3246396 0.8728788 -0.3642689 -0.0072757 0.0003139 -0.0015266 -0.0095164 -0.0119833 0.0043887 -0.0062272 -0.0003696 -0.0002582 -0.0117621 -0.0177209 0.0105103 -0.0069507 -0.0041306 0.0011580 -0.0044074 0.0016704 -0.0011250 -0.0064952 -0.0029784 0.0014401 -0.0052718 0.0030175 0.0025922
-0.3605866 0.4996467 -0.3615415 0.2900691 0.6086134 -0.2401937 -0.3509728 0.5647682 -0.4006136 0.2583003 0.7084127 -0.2925191 -0.5047334 0.6993836 -0.5060700 0.4052876 0.8503610 -0.3356012 -0.4521118 0.7275161 -0.5160574 0.3193678 0.8758962 -0.3616767 0.0330926 0.0005360 0.0034286 0.0274622 -0.0034784 0.0099033 0.0353716 0.0008152 0.0068459 0.0258069 -0.0032702 0.0106582 0.0348086 0.0183340 -0.0077901 0.0350287 -0.0112286 0.0162606 0.0357433 0.0186507 -0.0034351 0.0310378 -0.0062034 0.0140414
-0.3274940 0.5001827 -0.3581129 0.3175312 0.6051350 -0.2302904 -0.3156012 0.5655834 -0.3937676 0.2841071 0.7051425 -0.2818609 -0.4699248 0.7177176 -0.5138601 0.4403162 0.8391324 -0.3193406 -0.4163686 0.7461667 -0.5194925 0.3504057 0.8696928 -0.3476353 0.0112844 0.0059919 0.0033146 -0.0037431 -0.0114452 0.0024298 0.0124169 0.0063182 0.0091477 -0.0123738 -0.0244007 0.0157929 0.0145026 0.0113024 0.0028605 0.0021875 -0.0019118 -0.0019881 0.0137034 0.0133872 0.0086710 -0.0019266 0.0033110 0.0064217
-0.3162096 0.5061746 -0.3547983 0.3137882 0.5936898 -0.2278606 -0.3031843 0.5719016 -0.3846200 0.2717333 0.6807418 -0.2660680 -0.4554222 0.7290200 -0.5109996 0.4425037 0.8372206 -0.3213287 -0.4026652 0.7595539 -0.5108215 0.3484790 0.8730038 -0.3412136 0.0083599 -0.0112944 0.0235244 -0.0097239 -0.0073975 0.0050951 0.0102736 -0.0073514 0.0359774 -0.0156527 -0.0125270 0.0128975 -0.0037890 0.0091796 0.0168472 -0.0062606 0.0039368 0.0017256 -0.0011806 0.0188101 0.0301365 -0.0111169 0.0073062 0.0076853
-0.3078497 0.4948802 -0.3312739 0.3040643 0.5862923 -0.2227655 -0.2929107 0.5645502 -0.3486425 0.2560806 0.6682148 -0.2531705 -0.4592111 0.7381995 -0.4941524 0.4362430 0.8411574 -0.3196031 -0.4038457 0.7783640 -0.4806850 0.3373621 0.8803100 -0.3335283 0.0068848 -0.0577809 0.0545111 -0.0015174 -0.0029290 0.0136062 0.0105253 -0.0572021 0.0619952 -0.0001299 -0.0249132 0.0302814 -0.0436324 -0.0079065 0.0317451 0.0024635 0.0047454 0.0163128 -0.0322427 0.0051346 0.0380150 0.0145363 0.0041447 0.0270852
-0.3009649 0.4370993 -0.2767627 0.3025469 0.5833633 -0.2091593 -0.2823855 0.5073481 -0.2866473 0.2559507 0.6433016 -0.2228891 -0.5028435 0.7302930 -0.4624073 0.4387065 0.8459028 -0.3032903 -0.4360884 0.7834986 -0.4426700 0.3518984 0.8844547 -0.3064430 0.0192676 0.0300857 -0.0181965 -0.0075182 -0.0440276 0.0188847 0.0179532 0.0232138 -0.0269325 -0.0167413 -0.0081863 0.0199532 0.0486208 0.0230194 -0.0131998 0.0197480 -0.0078119 0.0076165 0.0417877 0.0076338 -0.0249158 -0.0142043 0.0121434 0.0199565
-0.2816973 0.4671850 -0.2949593 0.2950287 0.5393357 -0.1902746 -0.2644323 0.5305619 -0.3135799 0.2392094 0.6351153 -0.2029359 -0.4542228 0.7533124 -0.4756071 0.4584545 0.8380910 -0.2956738 -0.3943007 0.7911324 -0.4675858 0.3376941 0.8965981 -0.2864865 0.0110933 -0.0229216 -0.0002856 0.0018363 -0.0269739 0.0141936 0.0081937 -0.0227148 0.0121931 -0.0050853 -0.0250135 0.0170295 0.0018103 -0.0105653 -0.0180017 0.0220832 -0.0087268 0.0106501 -0.0037461 -0.0022312 -0.0005954 0.0069044 0.0013881 0.0128577
-0.2706040 0.4442634 -0.2952449 0.2968650 0.5123618 -0.1760810 -0.2562385 0.5078471 -0.3013868 0.2341240 0.6101018 -0.1859064 -0.4524125 0.7427472 -0.4936088 0.4805377 0.8293642 -0.2850237 -0.3980468 0.7889013 -0.4681811 0.3445985 0.8979862 -0.2736287 -0.0080407 -0.0049470 0.0158411 -0.0128481 -0.0111151 -0.0064562 -0.0056266 -0.0105650 0.0225784 -0.0167449 -0.0225913 0.0083997 -0.0194545 0.0012073 0.0204562 -0.0105800 0.0000398 -0.0170173 -0.0193526 0.0037405 0.0237750 -0.0107339 0.0043494 0.0010028
-0.2786447 0.4393164 -0.2794038 0.2840169 0.5012467 -0.1825372 -0.2618652 0.4972821 -0.2788084 0.2173791 0.5875105 -0.1775067 -0.4718670 0.7439544 -0.4731525 0.4699577 0.8294040 -0.3020410 -0.4173994 0.7926417 -0.4444061 0.3338646 0.9023356 -0.2726259 -0.0142132 -0.0560477 0.0252385 -0.0045755 -0.0181528 -0.0138413 -0.0061901 -0.0179734 0.0220403 -0.0062320 -0.0123136 -0.0026331 -0.0652738 -0.0409879 0.0069790 0.0023631 -0.0128633 -0.0298841 -0.0247648 -0.0020093 0.0208602 -0.0032542 -0.0017029 -0.0094336
-0.2928578 0.3832687 -0.2541653 0.2794415 0.4830939 -0.1963785 -0.2680552 0.4793087 -0.2567681 0.2111472 0.5751969 -0.1801398 -0.5371408 0.7029666 -0.4661735 0.4723208 0.8165407 -0.3319252 -0.4421642 0.7906325 -0.4235459 0.3306103 0.9006327 -0.2820595 0.0120263 0.0208988 0.0033995 -0.0012400 -0.0090795 0.0026506 0.0046433 -0.0007483 0.0042086 0.0003965 -0.0111004 0.0032374 0.0287193 0.0287442 0.0121834 0.0050602 -0.0031535 -0.0005031 0.0044750 0.0045508 0.0038891 0.0062999 -0.0022372 0.0003200
-0.2808316 0.4041675 -0.2507658 0.2782014 0.4740144 -0.1937279 -0.2634119 0.4785604 -0.2525595 0.2115437 0.5640965 -0.1769023 -0.5084215 0.7317107 -0.4539901 0.4773810 0.8133872 -0.3324283 -0.4376892 0.7951832 -0.4196568 0.3369102 0.8983954 -0.2817395 -0.0032214 -0.0133410 -0.0035687 0.0005093 -0.0009925 0.0002216 0.0019202 -0.0023568 0.0010077 -0.0006975 -0.0010763 0.0024820 -0.0118207 -0.0159130 -0.0118228 0.0013973 -0.0008148 0.0000169 0.0009139 0.0002301 -0.0005157 -0.0000928 0.0010044 0.0031108
-0.2840530 0.3908265 -0.2543345 0.2787107 0.4730219 -0.1935063 -0.2614917 0.4762036 -0.2515518 0.2108461 0.5630202 -0.1744203 -0.5202423 0.7157977 -0.4658129 0.4787783 0.8125724 -0.3324114 -0.4367753 0.7954133 -0.4201725 0.3368174 0.8993999 -0.2786287 0.0026087 0.0190618 0.0023828 -0.0008530 0.0000545 -0.0015126 -0.0005276 -0.0003890 0.0007882 -0.0006008 -0.0002163 0.0004567 0.0153222 0.0195549 0.0138037 -0.0015811 -0.0001035 -0.0025170 -0.0011807 -0.0001059 0.0010299 -0.0006785 0.0004075 0.0004968
-0.2814443 0.4098883 -0.2519516 0.2778577 0.4730764 -0.1950189 -0.2620193 0.4758146 -0.2507636 0.2102453 0.5628039 -0.1739636 -0.5049200 0.7353526 -0.4520092 0.4771973 0.8124689 -0.3349285 -0.4379560 0.7953075 -0.4191426 0.3361389 0.8998074 -0.2781319 -0.0031473 0.0103635 -0.0000121 -0.0013043 0.0022985 -0.0028243 -0.0038098 0.0043176 0.0010169 -0.0013642 0.0021129 -0.0020410 0.0026827 0.0062930 0.0073526 -0.0040276 0.0008749 -0.0035717 -0.0029146 0.0009794 0.0049442 -0.0032537 0.0004771 -0.0023593
-0.2845916 0.4202518 -0.2519637 0.2765534 0.4753749 -0.1978431 -0.2658291 0.4801322 -0.2497467 0.2088811 0.5649168 -0.1760046 -0.5022373 0.7416456 -0.4446566 0.4731696 0.8133438 -0.3385002 -0.4408706 0.7962868 -0.4141984 0.3328851 0.9002845 -0.2804912 -0.0044503 0.0075849 -0.0007922 -0.0036066 0.0141855 -0.0063409 -0.0056968 0.0102636 -0.0015376 0.0007481 0.0102081 -0.0106649 -0.0005584 0.0025871 0.0049814 -0.0156201 0.0073222 -0.0037801 -0.0011417 0.0020201 0.0051371 -0.0053230 -0.0016063 -0.0111946
-0.2890419 0.4278367 -0.2527559 0.2729468 0.4895604 -0.2041840 -0.2715259 0.4903958 -0.2512843 0.2096292 0.5751249 -0.1866695 -0.5027957 0.7442326 -0.4396752 0.4575496 0.8206660 -0.3422803 -0.4420124 0.7983069 -0.4090613 0.3275622 0.8986781 -0.2916858 -0.0084627 0.0002060 -0.0085455 0.0021891 0.0087859 -0.0061926 -0.0089891 0.0086996 -0.0134853 0.0047935 0.0160214 -0.0200653 -0.0074146 -0.0101541 -0.0084477 -0.0041906 0.0004910 -0.0043707 -0.0026965 -0.0070760 -0.0106858 -0.0036336 -0.0056328 -0.0206286
-0.2975046 0.4280427 -0.2613014 0.2751359 0.4983463 -0.2103767 -0.2805150 0.4990954 -0.2647696 0.2144227 0.5911463 -0.2067348 -0.5102102 0.7340786 -0.4481229 0.4533590 0.8211569 -0.3466510 -0.4447089 0.7912309 -0.4197472 0.3239285 0.8930454 -0.3123144 -0.0048096 0.0013536 -0.0130264 0.0072161 0.0282811 -0.0059195 -0.0084469 0.0226148 -0.0269598 0.0013700 0.0376912 -0.0173220 -0.0000433 -0.0093328 -0.0148943 -0.0090506 0.0075426 0.0062879 0.0094712 -0.0054253 -0.0196589 -0.0163445 0.0032799 -0.0070491
-0.3023142 0.4293963 -0.2743278 0.2823520 0.5266274 -0.2162962 -0.2889619 0.5217102 -0.2917294 0.2157927 0.6288375 -0.2240568 -0.5102535 0.7247458 -0.4630172 0.4443084 0.8286996 -0.3403631 -0.4352377 0.7858056 -0.4394061 0.3075841 0.8963253 -0.3193635 -0.0057266 0.0077935 -0.0166277 -0.0015111 0.0280744 -0.0220593 -0.0077473 0.0120628 -0.0220222 0.0141441 0.0039596 -0.0222653 0.0043017 -0.0066689 -0.0148722 -0.0225413 0.0043522 -0.0175994 0.0030813 -0.0083665 -0.0175724 0.0131435 -0.0136675 -0.0242192
-0.3080408 0.4371898 -0.2909555 0.2808408 0.5547018 -0.2383555 -0.2967092 0.5337730 -0.3137516 0.2299368 0.6327971 -0.2463221 -0.5059518 0.7180769 -0.4778895 0.4217671 0.8330518 -0.3579625 -0.4321563 0.7774391 -0.4569785 0.3207276 0.8826578 -0.3435827 -0.0141163 0.0560267 -0.0406395 0.0045091 -0.0019717 -0.0060516 -0.0188239 0.0293743 -0.0390221 0.0124535 0.0092377 -0.0348129 0.0294022 0.0115118 -0.0126212 0.0051901 -0.0060247 -0.0077336 0.0032247 -0.0119041 -0.0225774 0.0061118 -0.0169372 -0.0355002
-0.3221571 0.4932165 -0.3315950 0.2853499 0.5527301 -0.2444070 -0.3155331 0.5631473 -0.3527737 0.2423903 0.6420348 -0.2811350 -0.4765497 0.7295887 -0.4905107 0.4269573 0.8270271 -0.3656961 -0.4289316 0.7655350 -0.4795559 0.3268395 0.8657206 -0.3790829 -0.0035967 -0.0084257 -0.0068584 0.0085754 0.0157647 -0.0086375 -0.0080316 -0.0134115 -0.0197480 0.0093007 0.0316713 -0.0282953 -0.0060150 -0.0114300 -0.0108669 0.0001399 -0.0009586 -0.0019979 -0.0090882 -0.0213402 -0.0247385 -0.0053652 -0.0052244 -0.0161394
-0.3257538 0.4847908 -0.3384534 0.2939254 0.5684948 -0.2530445 -0.3235647 0.5497358 -0.3725217 0.2516910 0.6737061 -0.3094304 -0.4825646 0.7181587 -0.5013776 0.4270971 0.8260685 -0.3676940 -0.4380198 0.7441947 -0.5042944 0.3214743 0.8604962 -0.3952223 -0.0126753 -0.0144884 -0.0059167 0.0049859 -0.0004292 -0.0103535 -0.0177547 -0.0205165 -0.0154867 0.0070094 0.0016253 -0.0190366 -0.0195372 -0.0204062 -0.0095385 0.0037051 -0.0073508 -0.0119253 -0.0234239 -0.0287216 -0.0202700 0.0042280 -0.0102583 -0.0183156
-0.3384290 0.4703024 -0.3443700 0.2989113 0.5680656 -0.2633981 -0.3413195 0.5292193 -0.3880084 0.2587005 0.6753314 -0.3284670 -0.5021018 0.6977525 -0.5109161 0.4308022 0.8187177 -0.3796193 -0.4614437 0.7154732 -0.5245644 0.3257022 0.8502379 -0.4135379 0.0011250 -0.0005782 -0.0239742 0.0081445 0.0182711 -0.0008909 0.0024699 -0.0014619 -0.0252138 0.0164589 0.0093887 -0.0057715 0.0101416 -0.0126566 -0.0263165 0.0000401 0.0039953 0.0087847 0.0102853 -0.0127950 -0.0256169 0.0139568 -0.0050137 0.0009511
-0.3373040 0.4697242 -0.3683442 0.3070557 0.5863367 -0.2642889 -0.3388495 0.5277574 -0.4132222 0.2751594 0.6847201 -0.3342385 -0.4919602 0.6850959 -0.5372325 0.4308424 0.8227129 -0.3708346 -0.4511584 0.7026782 -0.5501813 0.3396590 0.8452242 -0.4125868 -0.0088733 -0.0023247 -0.0052477 0.0015769 -0.0088758 0.0020795 -0.0063748 -0.0012467 -0.0038435 0.0009976 0.0020683 -0.0088284 -0.0088151 -0.0089624 -0.0032003 0.0067389 -0.0039850 -0.0009277 -0.0059672 -0.0055039 -0.0020724 -0.0011754 -0.0034326 -0.0079079
-0.3461773 0.4673995 -0.3735919 0.3086326 0.5774609 -0.2622094 -0.3452243 0.5265107 -0.4170657 0.2761570 0.6867884 -0.3430669 -0.5007753 0.6761335 -0.5404328 0.4375813 0.8187279 -0.3717623 -0.4571256 0.6971743 -0.5522537 0.3384836 0.8417916 -0.4204947 -0.0171471 0.0124218 -0.0021540 -0.0196725 0.0570707 -0.0456930 -0.0166236 0.0143271 -0.0051908 -0.0125368 0.0078338 -0.0031650 -0.0112957 0.0001287 0.0108549 -0.0584627 0.0137842 -0.0322089 -0.0093421 0.0000341 0.0079116 -0.0168693 0.0056413 -0.0019052
-0.3633244 0.4798213 -0.3757459 0.2889601 0.6345316 -0.3079024 -0.3618479 0.5408378 -0.4222565 0.2636202 0.6946222 -0.3462319 -0.5120710 0.6762622 -0.5295779 0.3791186 0.8325121 -0.4039712 -0.4664677 0.6972084 -0.5443421 0.3216143 0.8474329 -0.4223998 -0.0030544 0.0007369 -0.0011617 0.0026076 -0.0372829 0.0277408 -0.0025756 0.0013724 -0.0007742 -0.0017789 0.0003771 -0.0012561 -0.0023614 -0.0015105 0.0003620 0.0251320 -0.0044429 0.0155346 -0.0017622 -0.0005490 0.0008106 -0.0022797 0.0001695 -0.0013872
-0.3663788 0.4805582 -0.3769076 0.2915676 0.5972487 -0.2801617 -0.3644235 0.5422102 -0.4230307 0.2618413 0.6949993 -0.3474880 -0.5144324 0.6747517 -0.5292159 0.4042506 0.8280691 -0.3884366 -0.4682299 0.6966594 -0.5435315 0.3193346 0.8476025 -0.4237870 0.0148103 0.0003466 -0.0011813 0.0056273 0.0353948 -0.0219792 0.0161037 0.0009369 -0.0009689 0.0163099 -0.0023790 0.0079028 0.0161525 0.0068372 -0.0066515 -0.0139647 0.0027387 -0.0083446 0.0170866 0.0068240 -0.0056322 0.0198719 -0.0029493 0.0096615
-0.3515686 0.4809048 -0.3780889 0.2971949 0.6326435 -0.3021409 -0.3483198 0.5431471 -0.4239996 0.2781513 0.6926203 -0.3395852 -0.4982799 0.6815888 -0.5358674 0.3902859 0.8308078 -0.3967812 -0.4511433 0.7034834 -0.5491638 0.3392066 0.8446532 -0.4141255 0.0089302 0.0060698 -0.0064135 0.0059552 -0.0013889 0.0034047 0.0067534 0.0043249 -0.0020032 0.0056440 -0.0034993 0.0019801 0.0148689 0.0054590 -0.0066076 0.0078982 -0.0016623 0.0043946 0.0093988 0.0045568 -0.0017816 0.0076586 -0.0023836 0.0014919
-0.3426383 0.4869746 -0.3845024 0.3031501 0.6312546 -0.2987362 -0.3415664 0.5474720 -0.4260029 0.2837952 0.6891210 -0.3376051 -0.4834110 0.6870478 -0.5424750 0.3981840 0.8291455 -0.3923865 -0.4417445 0.7080402 -0.5509454 0.3468652 0.8422696 -0.4126336 0.0027451 0.0003650 -0.0001485 0.0012566 -0.0026393 0.0028593 0.0020993 0.0005719 0.0001406 0.0011102 -0.0039979 0.0013710 0.0032016 0.0014776 -0.0009693 0.0031287 -0.0004143 0.0023190 0.0023757 0.0012873 -0.0002437 0.0028718 -0.0012434 -0.0001121
-0.3398932 0.4873396 -0.3846509 0.3044067 0.6286153 -0.2958769 -0.3394671 0.5480439 -0.4258622 0.2849054 0.6851231 -0.3362341 -0.4802095 0.6885254 -0.5434443 0.4013127 0.8287312 -0.3900676 -0.4393688 0.7093276 -0.5511891 0.3497370 0.8410262 -0.4127457 0.0041384 -0.0014787 0.0011092 0.0011326 -0.0011296 0.0026732 0.0046082 -0.0015401 0.0010240 0.0028399 -0.0049565 0.0067357 0.0034198 0.0014228 -0.0012052 0.0023017 0.0001712 0.0027483 0.0038934 0.0013866 -0.0013021 0.0060759 0.0000372 0.0053030
-0.3357548 0.4858609 -0.3835417 0.3055393 0.6274857 -0.2932037 -0.3348589 0.5465038 -0.4248383 0.2877453 0.6801666 -0.3294983 -0.4767896 0.6899482 -0.5446495 0.4036144 0.8289024 -0.3873192 -0.4354754 0.7107142 -0.5524913 0.3558129 0.8410634 -0.4074428 0.0012800 -0.0019765 0.0015291 -0.0010199 -0.0004108 0.0020522 0.0021712 -0.0007964 0.0033454 -0.0008000 -0.0053326 0.0065765 -0.0000830 -0.0000570 0.0000005 -0.0005246 0.0011514 0.0019243 0.0009268 0.0020756 0.0019476 0.0023049 0.0011530 0.0044250
-0.3344748 0.4838844 -0.3820126 0.3045194 0.6270749 -0.2911516 -0.3326877 0.5457074 -0.4214928 0.2869453 0.6748340 -0.3229219 -0.4768727 0.6898912 -0.5446490 0.4030898 0.8300538 -0.3853949 -0.4345486 0.7127897 -0.5505437 0.3581177 0.8422164 -0.4030177 0.0051707 0.0010938 0.0039407 0.0155253 -0.0560497 0.0469184 0.0078110 0.0024256 0.0063240 -0.0005253 -0.0024332 0.0088521 0.0047894 0.0053629 0.0026535 0.0549833 -0.0127578 0.0358293 0.0073601 0.0079640 0.0046278 0.0019385 0.0030533 0.0082031
-0.3293042 0.4849782 -0.3780719 0.3200448 0.5710252 -0.2442331 -0.3248767 0.5481330 -0.4151689 0.2864200 0.6724008 -0.3140698 -0.4720832 0.6952541 -0.5419955 0.4580732 0.8172961 -0.3495656 -0.4271885 0.7207537 -0.5459158 0.3600563 0.8452697 -0.3948147 0.0042750 -0.0117052 0.0150802 -0.0022498 -0.0016179 0.0055433 0.0095609 -0.0085328 0.0223297 -0.0092247 -0.0062476 0.0126471 -0.0064215 0.0014938 0.0076027 -0.0004191 0.0027032 0.0058302 0.0000376 0.0102300 0.0137459 -0.0055660 0.0066381 0.0093413
-0.3250291 0.4732730 -0.3629917 0.3177949 0.5694073 -0.2386898 -0.3153158 0.5396002 -0.3928391 0.2771952 0.6661532 -0.3014227 -0.4785047 0.6967479 -0.5343928 0.4576541 0.8199992 -0.3437354 -0.4271509 0.7309837 -0.5321700 0.3544902 0.8519078 -0.3854734 0.0157015 -0.0051729 0.0106652 -0.0004356 0.0012226 0.0092692 0.0214912 -0.0032150 0.0185788 -0.0024722 -0.0094048 0.0273498 0.0116105 0.0097950 0.0025968 0.0009072 0.0045199 0.0122391 0.0173632 0.0170955 0.0102011 0.0056472 0.0090308 0.0261883
-0.3093276 0.4681001 -0.3523265 0.3173593 0.5706299 -0.2294206 -0.2938246 0.5363852 -0.3742603 0.2747231 0.6567484 -0.2740729 -0.4668942 0.7065429 -0.5317960 0.4585613 0.8245191 -0.3314963 -0.4097877 0.7480792 -0.5219688 0.3601374 0.8609386 -0.3592851 0.0027219 -0.0539401 0.0572862 -0.0085033 -0.0207559 0.0148636 0.0061697 -0.0142440 0.0155919 -0.0089333 -0.0189264 0.0254862 -0.0494612 -0.0090550 0.0349180 0.0050651 0.0009015 0.0094228 -0.0036786 0.0024306 0.0064298 0.0018058 0.0076254 0.0207683
-0.3066057 0.4141600 -0.2950402 0.3088560 0.5498740 -0.2145571 -0.2876549 0.5221412 -0.3586685 0.2657897 0.6378220 -0.2485867 -0.5163554 0.6974879 -0.4968780 0.4636264 0.8254206 -0.3220735 -0.4134664 0.7505098 -0.5155391 0.3619433 0.8685640 -0.3385168 0.0196254 0.0208772 -0.0241683 -0.0117077 -0.0195282 0.0232921 0.0089520 -0.0116720 0.0167597 -0.0136192 -0.0062573 0.0259105 0.0467843 0.0143413 -0.0254267 0.0026379 0.0067607 0.0219539 0.0003604 0.0061306 0.0087465 -0.0095410 0.0140326 0.0273321
-0.2869803 0.4350372 -0.3192086 0.2971483 0.5303458 -0.1912650 -0.2787029 0.5104692 -0.3419087 0.2521705 0.6315647 -0.2226762 -0.4695712 0.7118292 -0.5223047 0.4662643 0.8321814 -0.3001196 -0.4131059 0.7566405 -0.5067925 0.3524023 0.8825966 -0.3111847 0.0065848 -0.0109704 0.0045463 -0.0022551 -0.0083255 0.0097216 0.0125796 -0.0206200 0.0216781 -0.0071228 -0.0252494 0.0321003 0.0005923 -0.0025511 -0.0039875 0.0044814 0.0011332 0.0103172 -0.0008355 0.0052954 0.0086899 0.0073457 0.0075185 0.0314054
-0.2803955 0.4240668 -0.3146623 0.2948932 0.5220203 -0.1815434 -0.2661233 0.4898492 -0.3202306 0.2450478 0.6063153 -0.1905759 -0.4689789 0.7092780 -0.5262922 0.4707457 0.8333145 -0.2898024 -0.4139414 0.7619358 -0.4981027 0.3597480 0.8901151 -0.2797793 0.0079051 -0.0044353 0.0060860 0.0008616 -0.0164898 0.0079068 0.0076781 -0.0101615 0.0111961 -0.0083644 -0.0171982 0.0158589 0.0054371 0.0045700 0.0013636 0.0133951 -0.0057779 0.0055650 0.0013636 0.0038300 0.0047648 -0.0003124 0.0045386 0.0144479
-0.2724904 0.4196315 -0.3085763 0.2957548 0.5055305 -0.1736366 -0.2584452 0.4796877 -0.3090346 0.2366834 0.5891171 -0.1747170 -0.4635418 0.7138480 -0.5249286 0.4841408 0.8275366 -0.2842373 -0.4125778 0.7657658 -0.4933379 0.3594356 0.8946537 -0.2653314 -0.0162033 -0.0023262 0.0329387 -0.0110592 -0.0228820 -0.0160766 -0.0151468 0.0093970 0.0313308 -0.0212962 -0.0192679 -0.0047098 -0.0363925 0.0088045 0.0476037 -0.0029120 -0.0117027 -0.0364400 -0.0248611 0.0162186 0.0493248 -0.0202806 0.0026479 -0.0171995
-0.2886937 0.4173053 -0.2756376 0.2846956 0.4826485 -0.1897132 -0.2735920 0.4890847 -0.2777037 0.2153871 0.5698492 -0.1794268 -0.4999343 0.7226525 -0.4773248 0.4812287 0.8158339 -0.3206773 -0.4374389 0.7819844 -0.4440131 0.3391550 0.8973016 -0.2825308 0.0025211 -0.0561927 0.0115767 0.0069361 -0.0207850 0.0079858 -0.0047154 -0.0722629 0.0152758 0.0145372 -0.0178441 0.0096872 -0.0389358 -0.0426686 -0.0199083 0.0253697 -0.0135228 0.0049955 -0.0544946 -0.0452141 -0.0198521 0.0307362 -0.0092623 0.0094619
-0.2861726 0.3611126 -0.2640609 0.2916317 0.4618635 -0.1817274 -0.2783074 0.4168218 -0.2624279 0.2299244 0.5520051 -0.1697396 -0.5388701 0.6799840 -0.4972331 0.5065984 0.8023111 -0.3156818 -0.4919335 0.7367703 -0.4638652 0.3698913 0.8880393 -0.2730689 0.0092362 0.0235201 -0.0001118 0.0009864 -0.0024977 0.0026480 0.0024473 0.0001803 -0.0016700 -0.0023370 0.0000272 0.0032110 0.0284898 0.0288755 0.0103757 0.0037815 -0.0010924 0.0033343 0.0040769 0.0006951 -0.0031902 -0.0027516 0.0024889 0.0044280
-0.2769364 0.3846327 -0.2641727 0.2926181 0.4593658 -0.1790794 -0.2758600 0.4170021 -0.2640979 0.2275873 0.5520323 -0.1665286 -0.5103804 0.7088594 -0.4868575 0.5103800 0.8012187 -0.3123475 -0.4878566 0.7374654 -0.4670553 0.3671396 0.8905282 -0.2686409 -0.0013179 -0.0087310 -0.0000443 0.0008052 -0.0002272 0.0001270 0.0008803 0.0015011 0.0000273 -0.0005897 0.0018032 0.0017658 -0.0076321 -0.0090615 -0.0050225 0.0012351 -0.0006614 0.0003249 0.0021298 0.0017826 0.0005986 -0.0014937 0.0015853 0.0032423
-0.2782543 0.3759017 -0.2642170 0.2934234 0.4591386 -0.1789523 -0.2749797 0.4185032 -0.2640706 0.2269977 0.5538355 -0.1647628 -0.5180125 0.6997979 -0.4918799 0.5116150 0.8005573 -0.3120226 -0.4857268 0.7392480 -0.4664568 0.3656459 0.8921136 -0.2653986 0.0017139 0.0136340 -0.0033407 -0.0059635 0.0142575 -0.0048241 0.0029345 0.0021387 -0.0028487 -0.0033805 0.0058569 0.0028535 0.0129526 0.0116312 0.0032256 -0.0189953 0.0107011 -0.0029149 0.0064545 0.0018126 -0.0037849 -0.0073305 0.0047155 0.0059614
-0.2765404 0.3895357 -0.2675577 0.2874599 0.4733961 -0.1837764 -0.2720452 0.4206419 -0.2669192 0.2236172 0.5596924 -0.1619094 -0.5050599 0.7114291 -0.4886544 0.4926197 0.8112584 -0.3149374 -0.4792723 0.7410606 -0.4702417 0.3583154 0.8968291 -0.2594372 -0.0101273 -0.0130153 0.0027509 0.0011640 -0.0114744 0.0009885 -0.0017970 0.0457877 -0.0013821 -0.0082689 0.0033183 -0.0086793 -0.0235733 -0.0171019 0.0003341 0.0097439 -0.0072617 -0.0032136 0.0257145 0.0314748 0.0258609 -0.0145630 0.0018837 -0.0128671
-0.2866677 0.3765204 -0.2648068 0.2886239 0.4619217 -0.1827879 -0.2738422 0.4664296 -0.2683014 0.2153483 0.5630107 -0.1705887 -0.5286332 0.6943272 -0.4883203 0.5023636 0.8039967 -0.3181510 -0.4535579 0.7725354 -0.4443807 0.3437523 0.8987128 -0.2723043 -0.0037577 0.0313612 -0.0079002 -0.0168359 0.0340236 -0.0084260 0.0001722 0.0025145 -0.0036286 -0.0011833 0.0140470 -0.0090132 0.0192587 0.0210526 0.0100219 -0.0470973 0.0267509 -0.0021473 0.0028851 -0.0002903 -0.0034266 -0.0097384 0.0012725 -0.0078048
-0.2904254 0.4078816 -0.2727070 0.2717880 0.4959453 -0.1912139 -0.2736700 0.4689441 -0.2719300 0.2141650 0.5770577 -0.1796019 -0.5093745 0.7153798 -0.4782983 0.4552663 0.8307476 -0.3202983 -0.4506728 0.7722452 -0.4478073 0.3340140 0.8999853 -0.2801090 0.0000000 0.0000000 0.0000000 0.0000000 0.0000000 0.0000000 0.0000000 0.0000000 0.0000000 0.0000000 0.0000000 0.0000000 0.0000000 0.0000000 0.0000000 0.0000000 0.0000000 0.0000000 0.0000000 0.0000000 0.0000000 0.0000000 0.0000000 0.0000000
