-0.3395115 0.5861593 -0.2578563 0.3063358 0.6369522 -0.2839534 -0.3382074 0.6610152 -0.2858886 0.3144487 0.7067381 -0.3114990 -0.4684184 0.8087144 -0.3557601 0.4021765 0.8362300 -0.3727915 -0.4250710 0.8307873 -0.3593149 0.3770822 0.8475099 -0.3735450 0.0006916 -0.0018203 -0.0005235 0.0003045 -0.0012080 0.0012037 -0.0007306 -0.0022779 -0.0014669 0.0018986 -0.0018371 0.0001542 -0.0000857 -0.0007180 -0.0015153 0.0011069 -0.0001198 0.0009282 -0.0014815 -0.0017683 -0.0023212 0.0026843 -0.0012949 -0.0002162
-0.3388199 0.5843390 -0.2583798 0.3066403 0.6357442 -0.2827498 -0.3389380 0.6587373 -0.2873555 0.3163472 0.7049010 -0.3113448 -0.4685041 0.8079964 -0.3572754 0.4032834 0.8361101 -0.3718633 -0.4265524 0.8290189 -0.3616361 0.3797665 0.8462151 -0.3737612 -0.0002933 -0.0008416 0.0007029 -0.0003129 -0.0019000 0.0008623 -0.0001955 -0.0008711 -0.0000932 0.0004988 -0.0021351 0.0005833 -0.0009205 -0.0002778 0.0005807 0.0006698 -0.0002615 0.0001390 -0.0005711 -0.0004656 -0.0003928 0.0014382 -0.0007013 -0.0001230
-0.3391132 0.5834974 -0.2576769 0.3063274 0.6338442 -0.2818875 -0.3391335 0.6578662 -0.2874487 0.3168460 0.7027659 -0.3107614 -0.4694246 0.8077186 -0.3566947 0.4039532 0.8358486 -0.3717243 -0.4271236 0.8285533 -0.3620289 0.3812047 0.8455138 -0.3738842 -0.0007130 -0.0001157 0.0007558 -0.0005228 -0.0011794 0.0008522 -0.0001193 -0.0002047 0.0004782 -0.0007368 -0.0011897 0.0007532 -0.0010049 -0.0001293 0.0010326 0.0001172 0.0001134 0.0003825 -0.0003073 0.0000466 0.0004695 -0.0001675 0.0001644 0.0002010
-0.3398262 0.5833817 -0.2569211 0.3058046 0.6326648 -0.2810354 -0.3392528 0.6576615 -0.2869705 0.3161092 0.7015762 -0.3100083 -0.4704295 0.8075893 -0.3556621 0.4040703 0.8359620 -0.3713418 -0.4274308 0.8285998 -0.3615594 0.3810372 0.8456782 -0.3736832 -0.0010080 -0.0007934 0.0000185 -0.0021110 -0.0022016 0.0018738 0.0005412 0.0001243 0.0004392 -0.0031074 -0.0017995 0.0025035 -0.0015078 -0.0009063 -0.0000591 -0.0009847 0.0008375 0.0008170 0.0005276 0.0004563 0.0004228 -0.0020840 0.0015460 0.0013852
-0.3408342 0.5825883 -0.2569026 0.3036936 0.6304632 -0.2791616 -0.3387116 0.6577858 -0.2865313 0.3130018 0.6997767 -0.3075047 -0.4719374 0.8066831 -0.3557212 0.4030857 0.8367994 -0.3705248 -0.4269033 0.8290561 -0.3611365 0.3789532 0.8472241 -0.3722979 0.0062671 0.0036237 0.0020839 -0.0027609 -0.0171738 0.0082690 0.0116399 0.0046674 0.0034033 -0.0081729 -0.0236850 0.0136352 0.0082046 0.0058466 0.0025251 0.0064065 -0.0022702 0.0019096 0.0135112 0.0082311 0.0032857 0.0031651 0.0002908 0.0039177
-0.3345671 0.5862120 -0.2548187 0.3009328 0.6132894 -0.2708926 -0.3270717 0.6624532 -0.2831280 0.3048289 0.6760917 -0.2938695 -0.4637327 0.8125297 -0.3531961 0.4094921 0.8345292 -0.3686152 -0.4133921 0.8372872 -0.3578508 0.3821183 0.8475150 -0.3683802 -0.0003837 -0.0139912 0.0058768 0.0009102 -0.0056309 0.0008653 0.0107768 0.0052789 0.0033171 -0.0024368 0.0012780 -0.0009164 -0.0092028 -0.0045796 0.0017013 0.0038468 -0.0024113 -0.0011559 0.0130517 0.0078738 0.0036890 -0.0032895 0.0010758 -0.0009197
-0.3349508 0.5722208 -0.2489419 0.3018429 0.6076585 -0.2700273 -0.3162949 0.6677321 -0.2798108 0.3023921 0.6773697 -0.2947859 -0.4729355 0.8079501 -0.3514948 0.4133390 0.8321179 -0.3697711 -0.4003403 0.8451609 -0.3541618 0.3788288 0.8485908 -0.3693000 0.0250393 0.0332730 0.0028752 -0.0018161 -0.0111481 0.0056001 0.0181609 0.0076575 0.0078557 -0.0168627 0.0045999 0.0018505 0.0444887 0.0291336 0.0113123 0.0044291 -0.0015156 0.0015732 0.0214025 0.0132810 0.0084980 -0.0197847 0.0089642 0.0009430
-0.3099115 0.6054938 -0.2460667 0.3000268 0.5965104 -0.2644272 -0.2981340 0.6753896 -0.2719552 0.2855295 0.6819696 -0.2929354 -0.4284468 0.8370837 -0.3401825 0.4177680 0.8306023 -0.3681978 -0.3789379 0.8584420 -0.3456638 0.3590442 0.8575549 -0.3683569 0.0033074 -0.0105072 0.0070921 -0.0117723 0.0087184 -0.0005104 0.0230181 -0.0129780 0.0204748 -0.0258021 0.0066673 0.0086306 -0.0029520 0.0000757 0.0039400 -0.0178711 0.0090345 0.0006486 0.0169810 0.0130615 0.0148030 -0.0298553 0.0152510 0.0080177
-0.3066041 0.5949866 -0.2389745 0.2882545 0.6052288 -0.2649376 -0.2751159 0.6624116 -0.2514804 0.2597274 0.6886369 -0.2843048 -0.4313988 0.8371595 -0.3362425 0.3998969 0.8396368 -0.3675492 -0.3619569 0.8715035 -0.3308609 0.3291889 0.8728060 -0.3603393 0.0131621 -0.0171444 0.0124913 -0.0106290 -0.0016984 0.0050515 0.0312413 -0.0278323 0.0291855 -0.0257223 -0.0130324 0.0170708 0.0039625 0.0045427 0.0063402 -0.0107103 0.0064161 0.0032305 0.0209922 0.0157114 0.0200669 -0.0226152 0.0123140 0.0102319
-0.2934420 0.5778422 -0.2264833 0.2776256 0.6035304 -0.2598861 -0.2438746 0.6345793 -0.2222950 0.2340051 0.6756045 -0.2672340 -0.4274364 0.8417022 -0.3299023 0.3891866 0.8460530 -0.3643187 -0.3409647 0.8872149 -0.3107939 0.3065737 0.8851200 -0.3501074 0.0138952 -0.0138524 0.0116008 -0.0072670 -0.0463522 0.0200136 0.0121947 -0.0142008 0.0223239 -0.0145135 -0.0300631 0.0222838 0.0071510 0.0062298 0.0068366 0.0178949 -0.0071044 0.0031403 0.0060516 0.0095954 0.0217187 -0.0036180 0.0058960 0.0120121
-0.2795468 0.5639898 -0.2148825 0.2703586 0.5571782 -0.2398725 -0.2316799 0.6203785 -0.1999710 0.2194915 0.6455414 -0.2449502 -0.4202854 0.8479320 -0.3230657 0.4070815 0.8389486 -0.3611784 -0.3349131 0.8968103 -0.2890753 0.3029557 0.8910159 -0.3380953 0.0245065 -0.0187244 0.0177153 -0.0050236 -0.0206163 0.0118248 -0.0015655 -0.0030656 0.0080385 -0.0072924 -0.0504456 0.0250636 0.0176523 0.0128806 0.0117970 0.0071470 -0.0012934 0.0051610 -0.0044748 0.0014221 0.0098003 0.0142482 -0.0014425 0.0093998
-0.2550403 0.5452654 -0.1971672 0.2653350 0.5365619 -0.2280477 -0.2332453 0.6173129 -0.1919326 0.2121991 0.5950958 -0.2198866 -0.4026331 0.8608126 -0.3112687 0.4142286 0.8376553 -0.3560174 -0.3393879 0.8982324 -0.2792750 0.3172039 0.8895735 -0.3286955 0.0301933 -0.0386558 0.0219916 -0.0194175 -0.0153465 0.0130510 0.0565950 -0.0293345 0.0100751 -0.0169977 -0.0270868 0.0081280 0.0158250 0.0107165 0.0099110 -0.0144364 0.0096932 0.0064937 0.0635051 0.0200400 -0.0047400 -0.0106936 0.0023286 -0.0038132
-0.2248470 0.5066096 -0.1751757 0.2459175 0.5212154 -0.2149967 -0.1766503 0.5879784 -0.1818574 0.1952015 0.5680090 -0.2117586 -0.3868081 0.8715292 -0.3013577 0.3997922 0.8473485 -0.3495237 -0.2758828 0.9182724 -0.2840149 0.3065103 0.8919021 -0.3325087 -0.0475765 -0.0724353 0.0028235 -0.0275842 -0.0246742 0.0345182 -0.0593648 -0.1016970 0.0126428 -0.0154892 -0.0418148 0.0308182 -0.1169659 -0.0686406 -0.0173612 -0.0178636 0.0212469 0.0338141 -0.1408123 -0.0597212 -0.0147408 0.0008288 0.0079811 0.0230692
-0.2724235 0.4341743 -0.1723521 0.2183333 0.4965412 -0.1804785 -0.2360152 0.4862814 -0.1692146 0.1797123 0.5261942 -0.1809404 -0.5037740 0.8028886 -0.3187189 0.3819286 0.8685954 -0.3157096 -0.4166951 0.8585512 -0.2987558 0.3073391 0.8998832 -0.3094395 -0.0069284 -0.0307252 0.0054671 -0.0249167 -0.0177787 0.0119040 -0.0017881 -0.0420354 0.0132423 -0.0051584 -0.0264355 0.0117380 -0.0351788 -0.0245155 -0.0032519 -0.0258445 0.0128167 0.0053603 -0.0341361 -0.0163423 0.0030610 0.0067482 -0.0006312 0.0049813
-0.2793519 0.4034491 -0.1668851 0.1934166 0.4787625 -0.1685745 -0.2378032 0.4442460 -0.1559722 0.1745538 0.4997587 -0.1692024 -0.5389528 0.7783731 -0.3219708 0.3560841 0.8814122 -0.3103493 -0.4508313 0.8422089 -0.2956947 0.3140874 0.8992521 -0.3044582 0.0099629 -0.0103010 -0.0042475 -0.0031767 -0.0215533 0.0079549 0.0117550 0.0101401 -0.0071658 -0.0028905 -0.0176684 0.0079160 0.0069645 -0.0019859 -0.0159810 0.0093362 -0.0031864 0.0018247 0.0267926 0.0101635 -0.0103321 0.0058480 -0.0007624 0.0038627
-0.2693890 0.3931481 -0.1711325 0.1902399 0.4572092 -0.1606196 -0.2260483 0.4543861 -0.1631380 0.1716633 0.4820903 -0.1612864 -0.5319883 0.7763872 -0.3379518 0.3654204 0.8782258 -0.3085246 -0.4240387 0.8523724 -0.3060269 0.3199354 0.8984897 -0.3005955 -0.0003072 -0.0044923 0.0027631 -0.0074609 -0.0250587 0.0086034 -0.0003158 -0.0044929 0.0028093 -0.0359617 0.0090160 0.0097869 -0.0051128 -0.0023777 0.0026434 0.0051588 -0.0020531 0.0003161 -0.0042467 -0.0011654 0.0026817 -0.0646444 0.0254125 0.0155844
-0.2696962 0.3886558 -0.1683694 0.1827790 0.4321505 -0.1520162 -0.2263641 0.4498932 -0.1603287 0.1357016 0.4911063 -0.1514995 -0.5371011 0.7740095 -0.3353083 0.3705791 0.8761727 -0.3082084 -0.4282854 0.8512070 -0.3033452 0.2552910 0.9239022 -0.2850111 0.0041188 -0.0037954 0.0056458 -0.0067336 -0.0109618 0.0031135 0.0041095 -0.0037959 0.0056921 -0.0059075 -0.0103113 0.0029448 0.0006936 0.0033231 0.0066427 -0.0039483 0.0009918 -0.0018952 0.0023762 0.0036548 0.0070131 -0.0055386 0.0012532 -0.0008409
-0.2655774 0.3848604 -0.1627236 0.1760454 0.4211887 -0.1489027 -0.2222546 0.4460973 -0.1546366 0.1297941 0.4807950 -0.1485547 -0.5364074 0.7773326 -0.3286657 0.3666308 0.8771645 -0.3101036 -0.4259092 0.8548618 -0.2963321 0.2497524 0.9251553 -0.2858520 0.0117432 -0.0073077 0.0148358 0.0013196 -0.0049633 -0.0018810 0.0117435 -0.0073083 0.0148320 0.0215369 -0.0533934 0.0059339 0.0057968 0.0118970 0.0195234 0.0052781 -0.0043993 -0.0060682 0.0101717 0.0117011 0.0202323 0.0686353 -0.0259380 -0.0142103
-0.2538342 0.3775527 -0.1478879 0.1773649 0.4162254 -0.1507836 -0.2105111 0.4387890 -0.1398047 0.1513310 0.4274016 -0.1426208 -0.5306106 0.7892297 -0.3091423 0.3719089 0.8727652 -0.3161718 -0.4157376 0.8665629 -0.2760997 0.3183878 0.8992174 -0.3000623 -0.0000859 -0.0005458 0.0004003 -0.0007752 -0.0006415 0.0001311 -0.0000851 -0.0005464 0.0003936 -0.0029472 -0.0085830 0.0001661 -0.0007446 -0.0003020 0.0005086 -0.0009336 0.0002830 -0.0003153 -0.0006176 -0.0001438 0.0004797 -0.0003804 -0.0016300 -0.0052381
-0.2539201 0.3770069 -0.1474875 0.1765898 0.4155839 -0.1506526 -0.2105962 0.4382426 -0.1394111 0.1483838 0.4188186 -0.1424547 -0.5313552 0.7889277 -0.3086336 0.3709754 0.8730482 -0.3164871 -0.4163552 0.8664191 -0.2756200 0.3180073 0.8975873 -0.3053004 -0.0076059 0.0055608 -0.0103004 0.0021263 0.0026763 -0.0006000 -0.0076012 0.0055602 -0.0103274 -0.0411994 0.0186600 0.0055460 -0.0028711 -0.0074461 -0.0136841 0.0018694 -0.0004570 0.0009379 -0.0059243 -0.0075235 -0.0141702 -0.0903262 0.0317050 0.0144791
-0.2615260 0.3825677 -0.1577879 0.1787161 0.4182602 -0.1512526 -0.2181974 0.4438028 -0.1497384 0.1071844 0.4374786 -0.1369086 -0.5342263 0.7814816 -0.3223177 0.3728448 0.8725912 -0.3155492 -0.4222795 0.8588956 -0.2897902 0.2276811 0.9292923 -0.2908214 -0.0030855 0.0100213 0.0030059 0.0056405 0.0071704 -0.0013134 0.0030311 0.0103619 0.0175871 0.0044488 0.0022438 -0.0015606 0.0029839 0.0066927 0.0115724 0.0048472 -0.0010102 0.0029868 0.0082118 0.0151025 0.0354770 0.0076666 -0.0022586 -0.0011030
-0.2646114 0.3925890 -0.1547820 0.1843566 0.4254306 -0.1525660 -0.2151663 0.4541647 -0.1321514 0.1116331 0.4397224 -0.1384692 -0.5312425 0.7881744 -0.3107453 0.3776920 0.8715810 -0.3125624 -0.4140677 0.8739981 -0.2543132 0.2353477 0.9270338 -0.2919243 0.0174480 0.0343698 -0.0026021 0.0326613 0.0309003 -0.0217558 -0.0096913 0.0033755 -0.0059830 0.0708022 0.0410803 -0.0203198 0.0539411 0.0363326 0.0068183 0.0283053 -0.0178767 -0.0135590 -0.0116455 -0.0077571 -0.0072107 0.1036203 -0.0336938 -0.0031085
-0.2471635 0.4269588 -0.1573841 0.2170179 0.4563309 -0.1743218 -0.2248576 0.4575402 -0.1381344 0.1824353 0.4808027 -0.1587890 -0.4773014 0.8245070 -0.3039270 0.4059973 0.8537043 -0.3261214 -0.4257132 0.8662410 -0.2615239 0.3389681 0.8933399 -0.2950328 -0.0160069 0.0104428 -0.0142031 0.0081715 0.0107255 -0.0051321 -0.0083710 0.0261101 -0.0218159 0.0042400 0.0147596 -0.0064344 -0.0113761 -0.0123020 -0.0146909 0.0044189 -0.0024762 -0.0009402 0.0094307 -0.0029889 -0.0239663 -0.0024541 -0.0000048 -0.0028104
-0.2631703 0.4374016 -0.1715872 0.2251894 0.4670564 -0.1794539 -0.2332287 0.4836503 -0.1599503 0.1866754 0.4955623 -0.1652234 -0.4886774 0.8122050 -0.3186179 0.4104162 0.8512281 -0.3270615 -0.4162825 0.8632521 -0.2854902 0.3365140 0.8933352 -0.2978432 -0.0402974 0.0221923 -0.0339334 0.0131831 0.0208138 -0.0148375 -0.0155149 0.0618327 -0.0387429 0.0065738 0.0397528 -0.0196332 -0.0275631 -0.0303723 -0.0310010 0.0029194 -0.0052657 -0.0098380 0.0224445 0.0004162 -0.0291026 -0.0135696 0.0012461 -0.0110763
-0.3034677 0.4595939 -0.2055206 0.2383725 0.4878702 -0.1942914 -0.2487435 0.5454830 -0.1986932 0.1932491 0.5353151 -0.1848566 -0.5162405 0.7818327 -0.3496189 0.4133356 0.8459624 -0.3368995 -0.3938380 0.8636683 -0.3145928 0.3229444 0.8945813 -0.3089195 -0.0101043 0.0229662 -0.0118630 0.0227334 0.0273372 -0.0231541 -0.0210951 0.0033215 -0.0140907 0.0080636 0.0372584 -0.0278841 0.0065170 0.0025874 -0.0037466 0.0097347 -0.0111709 -0.0154279 -0.0228914 -0.0161141 -0.0140231 -0.0099279 -0.0042996 -0.0218663
-0.3135721 0.4825601 -0.2173836 0.2611058 0.5152074 -0.2174455 -0.2698387 0.5488045 -0.2127839 0.2013127 0.5725735 -0.2127407 -0.5097235 0.7844201 -0.3533655 0.4230703 0.8347915 -0.3523274 -0.4167294 0.8475543 -0.3286159 0.3130166 0.8902816 -0.3307858 -0.0038145 0.0313998 -0.0113906 0.0040448 0.0182204 -0.0093163 -0.0055199 0.0447096 -0.0179054 0.0134168 0.0462306 -0.0110299 0.0183604 0.0112687 -0.0008121 -0.0070785 0.0020972 -0.0034367 0.0198201 0.0079528 -0.0039059 -0.0027904 0.0037231 0.0074976
-0.3173866 0.5139599 -0.2287742 0.2651506 0.5334278 -0.2267618 -0.2753586 0.5935141 -0.2306893 0.2147295 0.6188041 -0.2237707 -0.4913631 0.7956887 -0.3541775 0.4159918 0.8368888 -0.3557641 -0.3969092 0.8555071 -0.3325217 0.3102261 0.8940047 -0.3232882 0.0120431 0.0737014 -0.0162264 0.0128786 0.0260534 -0.0157680 0.0121316 0.0566033 -0.0184739 0.0196410 0.0325746 -0.0269753 0.0589388 0.0365510 0.0072103 -0.0011338 -0.0020655 -0.0061240 0.0432652 0.0179222 -0.0022278 0.0080942 -0.0093070 -0.0172731
-0.3053435 0.5876613 -0.2450006 0.2780292 0.5594812 -0.2425299 -0.2632270 0.6501174 -0.2491632 0.2343705 0.6513787 -0.2507460 -0.4324243 0.8322397 -0.3469673 0.4148580 0.8348233 -0.3618881 -0.3536441 0.8734293 -0.3347495 0.3183203 0.8846978 -0.3405613 -0.0065498 0.0097549 -0.0096472 -0.0012656 0.0634893 -0.0261236 -0.0248825 0.0237226 -0.0281973 0.0092327 0.0481725 -0.0214017 -0.0004983 -0.0029980 -0.0064958 -0.0371324 0.0154038 -0.0047689 -0.0140399 -0.0134778 -0.0192167 -0.0096349 0.0017489 -0.0042947
-0.3118933 0.5974162 -0.2546478 0.2767636 0.6229705 -0.2686535 -0.2881095 0.6738400 -0.2773605 0.2436032 0.6995512 -0.2721477 -0.4329226 0.8292418 -0.3534631 0.3777255 0.8502271 -0.3666570 -0.3676839 0.8599514 -0.3539662 0.3086854 0.8864467 -0.3448560 -0.0139237 0.0114033 -0.0127839 0.0233316 -0.0300912 0.0001690 -0.0167374 0.0026085 -0.0161200 0.0309243 -0.0110289 -0.0211871 -0.0070745 -0.0070662 -0.0076879 0.0409974 -0.0229825 -0.0079595 -0.0143774 -0.0121657 -0.0138498 0.0356939 -0.0227341 -0.0231161
-0.3258170 0.6088195 -0.2674317 0.3000952 0.5928793 -0.2684845 -0.3048469 0.6764485 -0.2934805 0.2745275 0.6885223 -0.2933348 -0.4399970 0.8221755 -0.3611510 0.4187229 0.8272446 -0.3746165 -0.3820613 0.8477857 -0.3678159 0.3443793 0.8637126 -0.3679720 -0.0128283 -0.0201509 0.0054175 0.0015650 0.0122782 -0.0089834 -0.0222596 -0.0058903 -0.0042770 0.0149906 0.0128985 -0.0158401 -0.0252283 -0.0134723 0.0012003 -0.0059940 0.0007267 -0.0050127 -0.0251371 -0.0130414 -0.0028475 0.0089541 -0.0076852 -0.0093510
-0.3386453 0.5886686 -0.2620141 0.3016602 0.6051575 -0.2774679 -0.3271064 0.6705582 -0.2977575 0.2895181 0.7014208 -0.3091749 -0.4652253 0.8087032 -0.3599507 0.4127289 0.8279713 -0.3796292 -0.4071984 0.8347443 -0.3706634 0.3533334 0.8560274 -0.3773230 -0.0024307 0.0011551 -0.0015715 0.0020185 0.0045931 -0.0058685 -0.0075877 -0.0044387 0.0019619 0.0069127 0.0044020 -0.0078862 -0.0016508 -0.0013330 -0.0008540 -0.0011086 -0.0014870 -0.0044182 -0.0101174 -0.0041884 0.0018486 0.0044138 -0.0042059 -0.0053219
-0.3410760 0.5898237 -0.2635856 0.3036788 0.6097506 -0.2833365 -0.3346942 0.6661195 -0.2957956 0.2964308 0.7058228 -0.3170611 -0.4668761 0.8073702 -0.3608047 0.4116203 0.8264843 -0.3840474 -0.4173158 0.8305559 -0.3688148 0.3577472 0.8518215 -0.3826449 -0.0030290 -0.0032695 -0.0004672 0.0034959 0.0166209 -0.0098725 -0.0081411 -0.0044174 -0.0046222 0.0017401 -0.0199198 0.0071518 -0.0048202 -0.0033264 -0.0011568 -0.0057067 0.0012294 -0.0034113 -0.0093535 -0.0070467 -0.0050646 0.0105580 -0.0045837 -0.0001599
-0.3441049 0.5865542 -0.2640528 0.3071747 0.6263715 -0.2932090 -0.3428352 0.6617021 -0.3004178 0.2981709 0.6859030 -0.3099094 -0.4716963 0.8040438 -0.3619615 0.4059136 0.8277137 -0.3874587 -0.4266693 0.8235092 -0.3738795 0.3683052 0.8472378 -0.3828047 -0.0001416 -0.0042740 -0.0004110 0.0006124 -0.0015681 -0.0010302 -0.0033963 -0.0041824 -0.0015568 0.0046902 -0.0048019 -0.0017886 -0.0022832 -0.0023251 -0.0021684 0.0011577 -0.0013646 -0.0016945 -0.0049760 -0.0037823 -0.0025910 0.0065472 -0.0042361 -0.0029851
-0.3442465 0.5822802 -0.2644639 0.3077871 0.6248034 -0.2942392 -0.3462315 0.6575197 -0.3019746 0.3028611 0.6811011 -0.3116980 -0.4739795 0.8017187 -0.3641299 0.4070713 0.8263490 -0.3891532 -0.4316453 0.8197270 -0.3764705 0.3748524 0.8430017 -0.3857899 -0.0010177 -0.0012200 -0.0011769 0.0002373 0.0007449 0.0005227 -0.0021428 -0.0019209 -0.0009506 0.0028658 -0.0014309 -0.0009748 -0.0014434 -0.0016087 -0.0016529 0.0000397 0.0004285 0.0009528 -0.0028264 -0.0021031 -0.0013198 0.0034295 -0.0020323 -0.0010864
-0.3452642 0.5810602 -0.2656408 0.3080244 0.6255483 -0.2937164 -0.3483743 0.6555988 -0.3029252 0.3057269 0.6796702 -0.3126728 -0.4754229 0.8001100 -0.3657828 0.4071110 0.8267775 -0.3882004 -0.4344718 0.8176239 -0.3777903 0.3782819 0.8409694 -0.3868763 -0.0011003 -0.0011906 -0.0004082 0.0000975 0.0004606 -0.0001125 -0.0020085 -0.0015241 -0.0008974 0.0026699 -0.0011320 -0.0007002 -0.0016980 -0.0013333 -0.0007025 -0.0001208 0.0001015 0.0000895 -0.0025212 -0.0018702 -0.0011334 0.0031458 -0.0017478 -0.0007061
-0.3463645 0.5798696 -0.2660490 0.3081219 0.6260089 -0.2938289 -0.3503828 0.6540747 -0.3038226 0.3083968 0.6785382 -0.3133730 -0.4771209 0.7987767 -0.3664853 0.4069903 0.8268790 -0.3881110 -0.4369930 0.8157537 -0.3789236 0.3814277 0.8392216 -0.3875823 -0.0007170 -0.0008577 -0.0001714 -0.0001839 -0.0003681 -0.0002752 -0.0009266 -0.0007671 -0.0005084 0.0008456 -0.0007003 -0.0014377 -0.0011718 -0.0008745 -0.0003773 -0.0000966 -0.0001889 -0.0005033 -0.0011705 -0.0009291 -0.0006469 0.0009068 -0.0011709 -0.0016366
-0.3470816 0.5790119 -0.2662204 0.3079380 0.6256408 -0.2941041 -0.3513094 0.6533076 -0.3043309 0.3092424 0.6778379 -0.3148107 -0.4782927 0.7979022 -0.3668627 0.4068937 0.8266901 -0.3886142 -0.4381635 0.8148245 -0.3795705 0.3823345 0.8380507 -0.3892189 -0.0015067 -0.0016353 -0.0009281 0.0011577 0.0000298 0.0005316 -0.0007791 -0.0000982 -0.0015735 0.0013462 -0.0003100 -0.0002489 -0.0022351 -0.0019906 -0.0014006 0.0013732 -0.0002774 0.0008511 -0.0005012 -0.0009955 -0.0015537 0.0014969 -0.0007486 -0.0001378
-0.3485883 0.5773766 -0.2671485 0.3090957 0.6256706 -0.2935724 -0.3520886 0.6532094 -0.3059045 0.3105886 0.6775279 -0.3150595 -0.4805277 0.7959116 -0.3682632 0.4082669 0.8264127 -0.3877631 -0.4386647 0.8138290 -0.3811242 0.3838314 0.8373021 -0.3893567 -0.0012548 0.0009752 -0.0004794 0.0007636 -0.0002857 0.0007957 -0.0002659 0.0002352 -0.0001208 0.0003414 0.0005519 -0.0009370 -0.0006976 -0.0003620 0.0001287 0.0011341 -0.0001241 0.0009324 -0.0001377 -0.0000660 0.0000176 -0.0000326 -0.0003091 -0.0006961
-0.3498431 0.5783518 -0.2676279 0.3098593 0.6253849 -0.2927767 -0.3523544 0.6534446 -0.3060253 0.3109300 0.6780798 -0.3159966 -0.4812253 0.7955496 -0.3681346 0.4094010 0.8262886 -0.3868307 -0.4388023 0.8137630 -0.3811066 0.3837988 0.8369930 -0.3900528 0.0008316 -0.0010463 0.0005594 0.0033138 -0.0121623 0.0062597 0.0016466 0.0144593 -0.0080462 -0.0001207 0.0000363 -0.0003711 0.0001921 0.0001352 0.0000411 0.0105170 -0.0040493 0.0026544 0.0096176 0.0035957 -0.0032437 -0.0002101 -0.0000883 -0.0003960
-0.3490115 0.5773055 -0.2670685 0.3131731 0.6132226 -0.2865170 -0.3507078 0.6679039 -0.3140714 0.3108093 0.6781161 -0.3163677 -0.4810332 0.7956848 -0.3680934 0.4199180 0.8222393 -0.3841762 -0.4291847 0.8173588 -0.3843503 0.3835888 0.8369047 -0.3904488 0.0076468 0.0128255 -0.0009375 -0.0021132 -0.0062719 0.0042935 0.0135746 -0.0092183 0.0103927 -0.0002297 0.0014956 0.0008545 0.0150304 0.0099132 0.0022338 0.0015130 0.0000712 0.0018135 0.0076846 0.0061614 0.0046766 -0.0006764 0.0009861 0.0014537
-0.3413647 0.5901310 -0.2680060 0.3110600 0.6069507 -0.2822235 -0.3371332 0.6586856 -0.3036788 0.3105795 0.6796117 -0.3155132 -0.4660028 0.8055980 -0.3658596 0.4214311 0.8223105 -0.3823628 -0.4215001 0.8235202 -0.3796737 0.3829124 0.8378908 -0.3889950 0.0057830 0.0037151 0.0006274 -0.0027460 -0.0123121 0.0071166 0.0233415 0.0046656 0.0116961 -0.0069470 0.0032028 0.0030027 0.0079575 0.0049598 0.0009068 0.0043518 -0.0011121 0.0024390 0.0241851 0.0163977 0.0099729 -0.0080549 0.0050958 0.0031770
-0.3355818 0.5938461 -0.2673786 0.3083140 0.5946386 -0.2751069 -0.3137918 0.6633512 -0.2919826 0.3036325 0.6828145 -0.3125105 -0.4580453 0.8105578 -0.3649529 0.4257829 0.8211984 -0.3799238 -0.3973150 0.8399180 -0.3697008 0.3748575 0.8429866 -0.3858180 0.0152405 -0.0038840 0.0088032 -0.0068824 0.0068139 -0.0009321 0.0321286 -0.0092898 0.0240415 -0.0380702 0.0042976 0.0137981 0.0127553 0.0095185 0.0055203 -0.0112667 0.0058942 0.0003264 0.0271291 0.0197053 0.0175497 -0.0407773 0.0214077 0.0100347
-0.3203412 0.5899621 -0.2585754 0.3014315 0.6014525 -0.2760389 -0.2816632 0.6540614 -0.2679411 0.2655623 0.6871121 -0.2987124 -0.4452900 0.8200763 -0.3594325 0.4145162 0.8270926 -0.3795973 -0.3701858 0.8596232 -0.3521511 0.3340801 0.8643942 -0.3757833 -0.0120728 -0.0725197 0.0189762 -0.0148300 -0.0014353 0.0053648 0.0028228 -0.0422722 0.0246206 -0.0225987 -0.0184960 0.0180549 -0.0583366 -0.0361208 -0.0035744 -0.0153115 0.0086657 0.0025779 -0.0197939 -0.0039889 0.0118486 -0.0163781 0.0098958 0.0087924
-0.3324140 0.5174424 -0.2395993 0.2866016 0.6000172 -0.2706741 -0.2788404 0.6117892 -0.2433205 0.2429636 0.6686161 -0.2806575 -0.5036266 0.7839555 -0.3630069 0.3992047 0.8357583 -0.3770194 -0.3899798 0.8556343 -0.3403024 0.3177020 0.8742901 -0.3669909 0.0051060 -0.0277365 0.0143688 -0.0028092 -0.0670300 0.0291105 0.0106893 -0.0450085 0.0188591 -0.0142938 -0.0504247 0.0297486 -0.0154058 -0.0073985 0.0058450 0.0371581 -0.0162302 0.0055881 -0.0126621 -0.0045856 0.0032628 0.0065282 0.0022415 0.0112280
-0.3273079 0.4897059 -0.2252305 0.2837923 0.5329872 -0.2415636 -0.2681511 0.5667807 -0.2244614 0.2286698 0.6181914 -0.2509089 -0.5190324 0.7765569 -0.3571619 0.4363628 0.8195281 -0.3714313 -0.4026419 0.8510487 -0.3370397 0.3242302 0.8765315 -0.3557629 0.0157958 -0.0218634 0.0059056 -0.0077602 -0.0078808 0.0051336 0.0083382 -0.0504885 0.0212045 -0.0144121 -0.0366881 0.0174825 0.0027202 -0.0011366 -0.0063556 -0.0041275 0.0027296 0.0012085 -0.0214195 -0.0083668 0.0052878 -0.0006874 0.0015754 0.0032742
-0.3115121 0.4678425 -0.2193249 0.2760321 0.5251064 -0.2364299 -0.2598129 0.5162922 -0.2032569 0.2142577 0.5815033 -0.2334264 -0.5163122 0.7754203 -0.3635176 0.4322353 0.8222577 -0.3702228 -0.4240614 0.8426818 -0.3317518 0.3235428 0.8781069 -0.3524887 0.0205027 -0.0286385 0.0216243 -0.0307352 -0.0350234 0.0222393 0.0339163 0.0011933 0.0127977 -0.0211686 -0.0463359 0.0221832 -0.0008206 0.0050589 0.0121974 -0.0153563 0.0106321 0.0062084 0.0449759 0.0257301 0.0121351 -0.0053792 0.0037175 0.0044118
-0.2910094 0.4392040 -0.1977006 0.2452970 0.4900830 -0.2141907 -0.2258965 0.5174855 -0.1904591 0.1930892 0.5351674 -0.2112432 -0.5171328 0.7804793 -0.3513201 0.4168791 0.8328898 -0.3640143 -0.3790855 0.8684120 -0.3196167 0.3181636 0.8818245 -0.3480769 0.0161960 -0.0226622 0.0152901 -0.0111175 -0.0265912 0.0166201 -0.0069721 -0.0722565 0.0222772 -0.0071672 -0.0434429 0.0257948 -0.0000930 0.0034932 0.0080057 0.0046051 0.0013187 0.0084200 -0.0604130 -0.0281206 0.0022029 0.0153583 0.0002709 0.0154046
-0.2748134 0.4165418 -0.1824105 0.2341794 0.4634918 -0.1975705 -0.2328686 0.4452290 -0.1681820 0.1859220 0.4917245 -0.1854483 -0.5172257 0.7839724 -0.3433144 0.4214842 0.8342085 -0.3555943 -0.4394985 0.8402913 -0.3174138 0.3335219 0.8820954 -0.3326723 0.0025644 -0.0334742 0.0125310 -0.0467136 -0.0234000 0.0259224 0.0041532 -0.0113668 0.0080237 -0.0003396 -0.0265493 0.0092395 -0.0275782 -0.0174069 0.0033645 -0.0526165 0.0317393 0.0178503 -0.0037968 0.0006188 0.0069957 0.0160254 -0.0059308 0.0007803
-0.2722490 0.3830676 -0.1698795 0.1874659 0.4400918 -0.1716482 -0.2287154 0.4338622 -0.1601583 0.1855824 0.4651752 -0.1762089 -0.5448039 0.7665656 -0.3399499 0.3688677 0.8659478 -0.3377440 -0.4432954 0.8409101 -0.3104182 0.3495473 0.8761646 -0.3318921 0.0091252 -0.0103338 -0.0030685 0.0005134 -0.0280834 0.0038795 0.0337334 0.0112473 0.0103889 -0.0070563 -0.0573319 0.0108705 0.0055383 -0.0026572 -0.0145026 0.0203697 -0.0128268 -0.0096446 0.0598492 0.0344297 0.0158859 0.0263642 -0.0173939 -0.0162508
-0.2631239 0.3727338 -0.1729480 0.1879793 0.4120084 -0.1677687 -0.1949820 0.4451095 -0.1497694 0.1785261 0.4078433 -0.1653384 -0.5392657 0.7639084 -0.3544524 0.3892374 0.8531210 -0.3473885 -0.3834461 0.8753398 -0.2945322 0.3759115 0.8587707 -0.3481429 0.0136496 -0.0126500 0.0180021 -0.0036109 -0.0147898 0.0048451 -0.0021151 -0.0334223 0.0117208 -0.0142414 -0.0109498 0.0096703 0.0023656 0.0110372 0.0209895 0.0053483 -0.0029929 -0.0013009 -0.0298807 -0.0120021 0.0050345 -0.0163381 0.0099186 0.0074289
-0.2494743 0.3600838 -0.1549459 0.1843684 0.3972186 -0.1629236 -0.1970971 0.4116872 -0.1380485 0.1642847 0.3968935 -0.1556680 -0.5369001 0.7749456 -0.3334630 0.3945857 0.8501281 -0.3486894 -0.4133268 0.8633377 -0.2894977 0.3595734 0.8686892 -0.3407139 -0.0000359 -0.0014176 -0.0013606 -0.0006081 -0.0030662 0.0048914 0.0008090 -0.0026131 -0.0004219 -0.0004219 -0.0010412 0.0039653 -0.0007968 -0.0020164 -0.0033789 0.0025558 0.0017113 0.0071514 -0.0004437 -0.0010194 -0.0023946 0.0009664 0.0022866 0.0069294
-0.2495102 0.3586662 -0.1563064 0.1837603 0.3941524 -0.1580322 -0.1962881 0.4090741 -0.1384704 0.1638627 0.3958523 -0.1517027 -0.5376969 0.7729292 -0.3368419 0.3971415 0.8518395 -0.3415380 -0.4137705 0.8623183 -0.2918923 0.3605398 0.8709759 -0.3337846 -0.0005229 0.0020715 -0.0001014 0.0005733 0.0010619 0.0000861 0.0007901 0.0002722 0.0008966 0.0007605 0.0014450 0.0003759 0.0010905 0.0012651 0.0011684 0.0002916 0.0002635 0.0009980 0.0013592 0.0012154 0.0016744 0.0005544 0.0004793 0.0018555
-0.2500330 0.3607377 -0.1564079 0.1843336 0.3952143 -0.1579461 -0.1954980 0.4093463 -0.1375738 0.1646232 0.3972973 -0.1513268 -0.5366064 0.7741943 -0.3356735 0.3974330 0.8521030 -0.3405401 -0.4124114 0.8635337 -0.2902179 0.3610942 0.8714551 -0.3319291 -0.0062801 0.0061154 -0.0032740 0.0232822 0.0229057 -0.0186585 -0.0105934 0.0027058 0.0029558 0.0098328 0.0092842 -0.0045026 -0.0028198 -0.0021302 -0.0003864 0.0185332 -0.0143837 -0.0132939 -0.0169619 -0.0050594 0.0097530 0.0108250 -0.0046721 -0.0002805
-0.2563131 0.3668531 -0.1596818 0.2076159 0.4181200 -0.1766045 -0.2060914 0.4120521 -0.1346180 0.1744560 0.4065815 -0.1558294 -0.5394262 0.7720642 -0.3360599 0.4159663 0.8377193 -0.3538339 -0.4293733 0.8584743 -0.2804648 0.3719193 0.8667831 -0.3322096 -0.0113771 0.0156057 -0.0081631 0.0086182 0.0132669 -0.0045514 -0.0299269 0.0157203 -0.0321661 0.0200080 0.0496144 -0.0148795 -0.0001746 -0.0011169 -0.0022760 0.0035544 -0.0007755 0.0023691 -0.0278078 -0.0298544 -0.0426058 -0.0011398 0.0030338 0.0067233
-0.2676903 0.3824588 -0.1678449 0.2162340 0.4313869 -0.1811559 -0.2360183 0.4277724 -0.1667842 0.1944640 0.4561959 -0.1707089 -0.5396008 0.7709473 -0.3383360 0.4195207 0.8369438 -0.3514648 -0.4571810 0.8286199 -0.3230706 0.3707794 0.8698168 -0.3254863 -0.0045929 0.0260823 -0.0106422 0.0264121 0.0237885 -0.0090171 0.0025500 0.0265839 -0.0063441 0.0027062 0.0344045 -0.0048882 0.0183848 0.0110995 -0.0033317 0.0218529 -0.0089792 0.0055399 0.0243277 0.0137627 0.0020884 -0.0168791 0.0107607 0.0103073
-0.2722831 0.4085411 -0.1784871 0.2426462 0.4551754 -0.1901730 -0.2334683 0.4543563 -0.1731283 0.1971702 0.4906004 -0.1755972 -0.5212160 0.7820468 -0.3416677 0.4413736 0.8279645 -0.3459249 -0.4328533 0.8423826 -0.3209822 0.3539003 0.8805775 -0.3151789 -0.0377049 0.0550821 -0.0320797 0.0092059 0.0205925 -0.0134833 -0.0074069 0.0843601 -0.0360263 0.0148592 0.0207023 -0.0147394 0.0012199 -0.0043322 -0.0115521 -0.0037904 -0.0013361 -0.0079201 0.0481206 0.0180705 -0.0130855 0.0083368 -0.0070533 -0.0099975
-0.3099881 0.4636232 -0.2105668 0.2518520 0.4757679 -0.2036563 -0.2408752 0.5387164 -0.2091546 0.2120294 0.5113027 -0.1903365 -0.5199960 0.7777145 -0.3532198 0.4375832 0.8266285 -0.3538450 -0.3847327 0.8604531 -0.3340677 0.3622371 0.8735242 -0.3251764 -0.0074441 0.0076171 -0.0048004 0.0266361 0.0289872 -0.0180742 -0.0241830 -0.0082922 -0.0057320 0.0181369 0.0483457 -0.0329843 -0.0024147 -0.0021757 -0.0012186 0.0132964 -0.0094165 -0.0051426 -0.0355279 -0.0194438 -0.0066439 -0.0054030 -0.0058837 -0.0210450
-0.3174322 0.4712403 -0.2153672 0.2784881 0.5047551 -0.2217305 -0.2650582 0.5304242 -0.2148866 0.2301663 0.5596484 -0.2233209 -0.5224107 0.7755388 -0.3544384 0.4508797 0.8172120 -0.3589876 -0.4202606 0.8410093 -0.3407115 0.3568341 0.8676406 -0.3462214 -0.0073603 0.0211645 -0.0110582 0.0087835 0.0321267 -0.0121139 -0.0117950 0.0361579 -0.0181728 0.0095627 0.0524934 -0.0120079 0.0083680 0.0037807 -0.0039207 -0.0104584 0.0058912 0.0004765 0.0084571 0.0017497 -0.0059512 -0.0135108 0.0090267 0.0091998
-0.3247925 0.4924048 -0.2264254 0.2872716 0.5368818 -0.2338444 -0.2768532 0.5665821 -0.2330594 0.2397290 0.6121418 -0.2353288 -0.5140427 0.7793195 -0.3583591 0.4404212 0.8231032 -0.3585111 -0.4118036 0.8427590 -0.3466628 0.3433233 0.8766673 -0.3370216 0.0131002 0.0796283 -0.0160718 0.0090023 0.0258368 -0.0115114 0.0035541 0.0695230 -0.0200345 0.0146123 0.0424688 -0.0247101 0.0656360 0.0436187 0.0094978 -0.0057712 0.0024360 -0.0014394 0.0410486 0.0201750 0.0033181 -0.0036955 -0.0025505 -0.0102143
-0.3116923 0.5720331 -0.2424972 0.2962739 0.5627186 -0.2453558 -0.2732991 0.6361051 -0.2530939 0.2543412 0.6546106 -0.2600388 -0.4484067 0.8229382 -0.3488613 0.4346501 0.8255392 -0.3599505 -0.3707550 0.8629341 -0.3433447 0.3396278 0.8741168 -0.3472359 -0.0178087 -0.0167423 0.0029370 0.0099813 0.0138796 -0.0097274 -0.0239703 0.0120771 -0.0138575 0.0166082 0.0153358 -0.0164368 -0.0300322 -0.0166499 0.0010173 0.0022668 -0.0029390 -0.0039624 -0.0196556 -0.0116620 -0.0072485 0.0105517 -0.0082672 -0.0100857
-0.3295010 0.5552908 -0.2395603 0.3062551 0.5765982 -0.2550833 -0.2972694 0.6481822 -0.2669514 0.2709495 0.6699464 -0.2764756 -0.4784389 0.8062882 -0.3478441 0.4369169 0.8226001 -0.3639129 -0.3904105 0.8512720 -0.3505932 0.3501795 0.8658496 -0.3573216 -0.0007893 0.0611936 -0.0213371 -0.0009026 0.0245707 -0.0096513 0.0004819 0.0327074 -0.0144673 0.0126131 0.0275916 -0.0138778 0.0359673 0.0195820 -0.0016658 -0.0153814 0.0073063 -0.0015500 0.0167572 0.0059630 -0.0037109 0.0011930 -0.0015056 -0.0024656
-0.3302902 0.6164844 -0.2608974 0.3053525 0.6011689 -0.2647346 -0.2967876 0.6808896 -0.2814187 0.2835626 0.6975380 -0.2903534 -0.4424716 0.8258702 -0.3495099 0.4215355 0.8299064 -0.3654629 -0.3736533 0.8572350 -0.3543040 0.3513725 0.8643440 -0.3597872 -0.0082795 -0.0175227 0.0081590 0.0006141 0.0107546 -0.0060817 -0.0226946 -0.0072152 -0.0013797 0.0074220 0.0107436 -0.0106139 -0.0194363 -0.0087118 0.0047010 -0.0057092 0.0017329 -0.0025921 -0.0269907 -0.0124190 -0.0003369 0.0023011 -0.0034722 -0.0060197
-0.3385698 0.5989617 -0.2527384 0.3059666 0.6119235 -0.2708163 -0.3194822 0.6736744 -0.2827983 0.2909846 0.7082816 -0.3009673 -0.4619079 0.8171584 -0.3448089 0.4158263 0.8316394 -0.3680550 -0.4006441 0.8448160 -0.3546410 0.3536735 0.8608718 -0.3658069 -0.0008887 -0.0015333 -0.0008631 0.0024278 0.0054182 -0.0031919 -0.0161983 -0.0013145 -0.0022766 0.0073470 0.0053746 -0.0053025 -0.0015555 -0.0014883 -0.0014337 -0.0004773 -0.0001968 -0.0009822 -0.0169979 -0.0082892 -0.0000393 0.0049282 -0.0030402 -0.0023367
-0.3394585 0.5974284 -0.2536015 0.3083944 0.6173417 -0.2740082 -0.3356805 0.6723599 -0.2850749 0.2983317 0.7136562 -0.3062698 -0.4634634 0.8156701 -0.3462426 0.4153489 0.8314426 -0.3690372 -0.4176420 0.8365268 -0.3546803 0.3586017 0.8578316 -0.3681436 -0.0018741 -0.0011771 0.0004807 0.0010052 0.0138217 -0.0070747 -0.0044403 -0.0039406 0.0015122 -0.0007679 -0.0234232 0.0106377 -0.0027207 -0.0013241 0.0005361 -0.0066501 0.0022876 -0.0022569 -0.0065575 -0.0028726 0.0010202 0.0098113 -0.0032557 0.0021220
-0.3413326 0.5962513 -0.2531208 0.3093995 0.6311634 -0.2810828 -0.3401209 0.6684193 -0.2835627 0.2975638 0.6902330 -0.2956322 -0.4661841 0.8143460 -0.3457065 0.4086988 0.8337302 -0.3712941 -0.4241995 0.8336542 -0.3536601 0.3684131 0.8545760 -0.3660215 0.0003062 -0.0005151 -0.0029738 -0.0017058 0.0038943 -0.0001564 -0.0003994 -0.0037392 -0.0020185 0.0025619 -0.0039808 0.0019447 0.0007182 -0.0012277 -0.0038362 -0.0036524 0.0022562 0.0010723 -0.0016803 -0.0023560 -0.0035090 0.0046313 -0.0015916 0.0009796
-0.3410264 0.5957362 -0.2560946 0.3076938 0.6350577 -0.2812392 -0.3405202 0.6646801 -0.2855813 0.3001257 0.6862522 -0.2936875 -0.4654658 0.8131184 -0.3495427 0.4050464 0.8359864 -0.3702218 -0.4258798 0.8312982 -0.3571691 0.3730444 0.8529843 -0.3650419 0.0000000 0.0000000 0.0000000 0.0000000 0.0000000 0.0000000 0.0000000 0.0000000 0.0000000 0.0000000 0.0000000 0.0000000 0.0000000 0.0000000 0.0000000 0.0000000 0.0000000 0.0000000 0.0000000 0.0000000 0.0000000 0.0000000 0.0000000 0.0000000
