-0.0589430 0.4514802 -0.3418179 0.2456320 0.4824850 -0.1492692 -0.0439344 0.5071814 -0.3750898 0.2882617 0.5334954 -0.1532153 -0.1035287 0.7929886 -0.6003756 0.4373696 0.8591072 -0.2657870 -0.0694790 0.8020690 -0.5931762 0.4608872 0.8529792 -0.2449684 0.0312661 0.0284781 0.0081670 -0.0169404 -0.0100819 -0.0009641 0.0398411 0.0301312 0.0171655 -0.1558441 0.0710449 -0.0602273 0.0562331 0.0271847 0.0302187 -0.0184632 0.0062181 -0.0094031 0.0631389 0.0301676 0.0387918 -0.2586136 0.0704825 -0.0810746
-0.0276770 0.4799583 -0.3336509 0.2286917 0.4724031 -0.1502333 -0.0040933 0.5373126 -0.3579243 0.1324176 0.6045403 -0.2134426 -0.0472956 0.8201733 -0.5701569 0.4189064 0.8653253 -0.2751902 -0.0063401 0.8322366 -0.5543843 0.2022737 0.9234616 -0.3260429 -0.0014249 -0.0065823 0.0112114 -0.0243738 0.0033795 -0.0102484 0.0059112 -0.0105455 0.0104197 -0.0150339 -0.0068494 -0.0010453 -0.0034490 0.0052467 0.0079231 -0.0420037 0.0123452 -0.0208485 0.0092207 0.0024871 0.0037229 -0.0205004 0.0020865 -0.0061002
-0.0291019 0.4733760 -0.3224395 0.2043178 0.4757826 -0.1604817 0.0018179 0.5267671 -0.3475046 0.1173837 0.5976909 -0.2144880 -0.0507445 0.8254200 -0.5622338 0.3769027 0.8776705 -0.2960386 0.0028807 0.8347237 -0.5506615 0.1817733 0.9255482 -0.3321431 0.0495276 0.0173083 0.0124224 -0.1377581 0.0626616 -0.0421079 0.0557225 0.0128859 0.0118073 -0.0514985 0.0065626 0.0017194 0.0859143 0.0194594 0.0284343 -0.2619726 0.0520716 -0.0537767 0.0872876 0.0109353 0.0246096 -0.0794668 0.0127364 0.0017563
0.0204257 0.4906843 -0.3100171 0.0665598 0.5384442 -0.2025896 0.0575404 0.5396530 -0.3356973 0.0658852 0.6042535 -0.2127685 0.0351698 0.8448794 -0.5337996 0.1149301 0.9297421 -0.3498154 0.0901682 0.8456590 -0.5260518 0.1023065 0.9382845 -0.3303869 0.0073516 0.0206759 0.0816031 -0.0172736 -0.0250942 0.0215622 -0.0240447 0.0300614 0.1388590 -0.0174461 -0.0250941 0.0215750 0.0143668 0.0670524 0.1264586 -0.0247550 0.0094954 0.0186033 -0.0346833 0.0980609 0.1999934 -0.0231347 0.0083287 0.0178885
0.0277774 0.5113603 -0.2284140 0.0492862 0.5133501 -0.1810274 0.0334957 0.5697145 -0.1968383 0.0484391 0.5791595 -0.1911936 0.0495366 0.9119317 -0.4073410 0.0901751 0.9392375 -0.3312121 0.0554849 0.9437199 -0.3260584 0.0791718 0.9466132 -0.3124983 -0.0012740 -0.0015608 -0.0014364 -0.0060634 -0.0033451 -0.0008109 -0.0253295 -0.0056651 0.0009829 -0.0061244 -0.0033450 -0.0008057 -0.0021963 -0.0013274 -0.0032181 -0.0106007 -0.0003034 -0.0035577 -0.0418095 0.0008628 -0.0019299 -0.0096272 -0.0002570 -0.0030542
0.0265033 0.5097995 -0.2298504 0.0432228 0.5100050 -0.1818384 0.0081662 0.5640494 -0.1958554 0.0423147 0.5758145 -0.1919992 0.0473403 0.9106043 -0.4105591 0.0795744 0.9389340 -0.3347697 0.0136755 0.9445828 -0.3279883 0.0695447 0.9463563 -0.3155525 -0.0107908 -0.0085104 0.0089416 -0.0047321 -0.0075500 0.0009602 -0.0130052 -0.0078222 0.0064807 -0.0047528 -0.0075499 0.0009623 -0.0186695 0.0041045 0.0074638 -0.0076837 -0.0004778 -0.0030640 -0.0219108 0.0020242 0.0057038 -0.0070135 -0.0003394 -0.0024757
0.0157125 0.5012891 -0.2209088 0.0384907 0.5024550 -0.1808782 -0.0048391 0.5562272 -0.1893747 0.0375620 0.5682646 -0.1910369 0.0286708 0.9147088 -0.4030953 0.0718907 0.9384562 -0.3378338 -0.0082353 0.9466070 -0.3222845 0.0625312 0.9460169 -0.3180282 0.0014106 -0.0015120 0.0023835 -0.0034959 -0.0032797 0.0020081 -0.0081512 -0.0168033 0.0150797 -0.0034945 -0.0032796 0.0020080 0.0027055 0.0010830 0.0026693 -0.0060379 0.0008874 0.0012377 -0.0146738 0.0047037 0.0149034 -0.0054421 0.0007664 0.0012598
0.0171231 0.4997771 -0.2185253 0.0349948 0.4991753 -0.1788700 -0.0129902 0.5394239 -0.1742950 0.0340675 0.5649850 -0.1890289 0.0313763 0.9157918 -0.4004259 0.0658529 0.9393436 -0.3365961 -0.0229091 0.9513107 -0.3073811 0.0570891 0.9467833 -0.3167684 -0.0018036 0.0034209 0.0076602 -0.0056075 -0.0017944 0.0004538 0.0016136 0.0093865 0.0039492 -0.0056402 -0.0017943 0.0004565 -0.0033089 0.0061395 0.0140906 -0.0103244 0.0004774 -0.0005285 0.0031152 0.0035539 0.0109998 -0.0092802 0.0003894 -0.0003722
0.0153194 0.5031980 -0.2108651 0.0293873 0.4973809 -0.1784162 -0.0113766 0.5488104 -0.1703458 0.0284273 0.5631907 -0.1885724 0.0280674 0.9219313 -0.3863353 0.0555284 0.9398211 -0.3371245 -0.0197939 0.9548645 -0.2963813 0.0478089 0.9471727 -0.3171406 0.0033110 0.0060809 0.0017844 -0.0047155 0.0013234 0.0052247 0.0010514 0.0060294 0.0002625 -0.0047314 0.0013235 0.0052263 0.0057544 0.0026151 0.0067695 -0.0088456 0.0038049 0.0094193 0.0020046 0.0010710 0.0033442 -0.0079179 0.0031642 0.0084848
0.0186305 0.5092788 -0.2090807 0.0246718 0.4987043 -0.1731915 -0.0103252 0.5548397 -0.1700833 0.0236959 0.5645141 -0.1833461 0.0338218 0.9245463 -0.3795658 0.0466828 0.9436260 -0.3277053 -0.0177893 0.9559355 -0.2930372 0.0398910 0.9503369 -0.3086558 0.0012895 -0.0013374 0.0016013 -0.0011442 -0.0017579 0.0004225 -0.0013724 -0.0023059 0.0006418 -0.0011497 -0.0017579 0.0004230 0.0024594 0.0005921 0.0016734 -0.0020087 -0.0000239 -0.0003486 -0.0024470 -0.0000760 -0.0000893 -0.0018172 -0.0000060 -0.0002478
0.0199199 0.5079415 -0.2074795 0.0235275 0.4969463 -0.1727690 -0.0116976 0.5525338 -0.1694415 0.0225461 0.5627562 -0.1829231 0.0362812 0.9251384 -0.3778924 0.0446741 0.9436021 -0.3280539 -0.0202363 0.9558595 -0.2931265 0.0380739 0.9503310 -0.3089036 0.0030915 -0.0007032 -0.0000193 -0.0016842 -0.0028672 0.0013932 -0.0019978 -0.0031965 -0.0017902 -0.0016823 -0.0028671 0.0013933 0.0056706 -0.0004012 -0.0003949 -0.0029416 0.0003548 0.0006339 -0.0035582 -0.0014343 -0.0043736 -0.0026484 0.0003226 0.0006784
0.0230115 0.5072382 -0.2074987 0.0218433 0.4940791 -0.1713758 -0.0136954 0.5493373 -0.1712318 0.0208639 0.5598891 -0.1815298 0.0419518 0.9247371 -0.3782873 0.0417325 0.9439569 -0.3274200 -0.0237945 0.9544252 -0.2975001 0.0354255 0.9506536 -0.3082252 0.0004903 0.0004194 0.0009880 -0.0011499 -0.0002096 -0.0000149 -0.0035458 -0.0018437 -0.0008095 -0.0011827 -0.0002095 -0.0000115 0.0008911 0.0007040 0.0018259 -0.0021788 0.0000319 -0.0001784 -0.0062348 -0.0008477 -0.0021466 -0.0019947 0.0000258 -0.0001433
0.0235018 0.5076576 -0.2065107 0.0206935 0.4938695 -0.1713907 -0.0172412 0.5474936 -0.1720412 0.0196812 0.5596796 -0.1815413 0.0428429 0.9254412 -0.3764614 0.0395537 0.9439888 -0.3275984 -0.0300293 0.9535775 -0.2996467 0.0334308 0.9506793 -0.3083685 -0.0029314 -0.0046920 0.0008541 -0.0015992 0.0005050 0.0008732 -0.0045350 -0.0055647 -0.0000950 -0.0015786 0.0005051 0.0008710 -0.0050141 -0.0004909 -0.0017397 -0.0030658 0.0007290 0.0017504 -0.0082399 -0.0011998 -0.0028630 -0.0026899 0.0005966 0.0015638
0.0205704 0.5029656 -0.2056566 0.0190943 0.4943745 -0.1705175 -0.0217762 0.5419289 -0.1721362 0.0181026 0.5601847 -0.1806703 0.0378288 0.9249502 -0.3782010 0.0364879 0.9447178 -0.3258480 -0.0382692 0.9523778 -0.3025096 0.0307409 0.9512759 -0.3068047 -0.0000248 -0.0018810 0.0004510 -0.0018797 0.0002822 -0.0004558 0.0002373 -0.0012001 -0.0000204 -0.0018763 0.0002822 -0.0004565 0.0000876 -0.0002089 -0.0005016 -0.0036139 -0.0000927 -0.0006526 0.0003406 -0.0001919 -0.0006462 -0.0032028 -0.0000925 -0.0005904
0.0205456 0.5010846 -0.2052056 0.0172146 0.4946566 -0.1709733 -0.0215390 0.5407288 -0.1721566 0.0162263 0.5604669 -0.1811268 0.0379164 0.9247414 -0.3787027 0.0328740 0.9446251 -0.3265006 -0.0379287 0.9521859 -0.3031559 0.0275380 0.9511834 -0.3073951 0.0033612 0.0055027 0.0001863 -0.0001223 -0.0000506 0.0003289 0.0030120 0.0065441 -0.0015708 -0.0001246 -0.0000506 0.0003295 0.0057869 0.0013376 0.0039123 -0.0002236 0.0001904 0.0005290 0.0056789 0.0004477 0.0007500 -0.0002044 0.0001608 0.0004796
0.0239068 0.5065873 -0.2050193 0.0170923 0.4946060 -0.1706444 -0.0185270 0.5472729 -0.1737274 0.0161017 0.5604163 -0.1807973 0.0437034 0.9260790 -0.3747903 0.0326504 0.9448156 -0.3259716 -0.0322497 0.9526335 -0.3024059 0.0273336 0.9513442 -0.3069155 0.0007656 -0.0021655 -0.0003527 0.0383995 -0.0043041 -0.0501722 0.0002922 -0.0023023 -0.0008245 0.0383933 -0.0043040 -0.0501720 0.0015516 -0.0008500 -0.0019104 0.0700004 -0.0378365 -0.0825034 0.0004004 -0.0007744 -0.0024709 0.0627958 -0.0315877 -0.0750855
0.0246724 0.5044218 -0.2053719 0.0554918 0.4903019 -0.2208166 -0.0182348 0.5449706 -0.1745519 0.0544949 0.5561123 -0.2309693 0.0452549 0.9252289 -0.3767007 0.1026508 0.9069791 -0.4084750 -0.0318493 0.9518591 -0.3048767 0.0901294 0.9197564 -0.3820010 -0.0031091 -0.0029296 0.0004169 -0.0298636 0.0042384 0.0343792 0.0002807 0.0001171 0.0007874 -0.0298707 0.0042385 0.0343801 -0.0054839 -0.0002845 -0.0013152 -0.0542169 0.0276379 0.0561325 0.0004828 0.0004323 0.0013026 -0.0486986 0.0230466 0.0512353
0.0215633 0.5014922 -0.2049551 0.0256282 0.4945403 -0.1864374 -0.0179541 0.5450877 -0.1737646 0.0246242 0.5603508 -0.1965891 0.0397710 0.9249444 -0.3780160 0.0484339 0.9346170 -0.3523425 -0.0313665 0.9522914 -0.3035741 0.0414308 0.9428030 -0.3307657 -0.0003072 -0.0026142 0.0012396 0.0050940 -0.0029239 0.0009341 0.0319198 0.0142103 -0.0029069 0.0051198 -0.0029238 0.0009316 -0.0003559 0.0001242 0.0002667 0.0099346 -0.0006026 -0.0000923 0.0551701 0.0009961 0.0024490 0.0088536 -0.0004332 -0.0000071
0.0212561 0.4988780 -0.2037155 0.0307222 0.4916164 -0.1855032 0.0139657 0.5592980 -0.1766715 0.0297440 0.5574270 -0.1956575 0.0394151 0.9250686 -0.3777493 0.0583686 0.9340144 -0.3524347 0.0238036 0.9532875 -0.3011252 0.0502844 0.9423698 -0.3307728 0.0052598 0.0003038 0.0016370 0.0126372 0.0167658 0.0113333 0.0493051 -0.0113684 0.0011985 0.0126693 0.0167660 0.0113301 0.0097625 0.0007381 0.0029646 0.0220552 0.0089428 0.0293809 0.0855082 -0.0066387 -0.0020365 0.0198732 0.0074259 0.0258694
0.0265158 0.4991818 -0.2020786 0.0433594 0.5083822 -0.1741699 0.0632707 0.5479296 -0.1754730 0.0424133 0.5741930 -0.1843274 0.0491776 0.9258067 -0.3747847 0.0804238 0.9429572 -0.3230538 0.1093118 0.9466488 -0.3031617 0.0701576 0.9497957 -0.3049034 0.0037023 0.0054149 0.0002712 0.0244434 0.0279296 -0.0016613 0.0044336 0.0279117 0.0032997 0.0314084 0.0265399 0.0242696 0.0063404 0.0012578 0.0040164 0.0388511 0.0004935 0.0137411 0.0026275 0.0054207 0.0184983 0.0477577 0.0097532 0.0492434
0.0302182 0.5045967 -0.2018074 0.0678027 0.5363118 -0.1758312 0.0677044 0.5758413 -0.1721733 0.0738218 0.6007329 -0.1600579 0.0555180 0.9270645 -0.3707683 0.1192749 0.9434507 -0.3093127 0.1119393 0.9520695 -0.2846633 0.1179153 0.9595488 -0.2556600 -0.0307378 -0.0180456 -0.0596322 0.0419046 0.0277002 0.0197868 -0.0225716 -0.0386204 -0.1065750 0.0041125 -0.0023047 -0.0001813 -0.0564588 -0.0461789 -0.1025600 0.0649848 0.0038400 0.0472272 -0.0375749 -0.0669006 -0.1746251 0.0069008 -0.0011330 -0.0009720
-0.0005196 0.4865511 -0.2614396 0.1097073 0.5640120 -0.1560444 0.0451328 0.5372209 -0.2787483 0.0779343 0.5984282 -0.1602392 -0.0009408 0.8808856 -0.4733282 0.1842597 0.9472906 -0.2620855 0.0743644 0.8851690 -0.4592884 0.1248161 0.9584159 -0.2566320 -0.0010990 0.0066395 -0.0068555 0.0115030 0.0061413 0.0016967 -0.0097024 0.0224758 -0.0140961 0.0387429 0.0377574 0.0132623 -0.0019421 -0.0024567 -0.0045360 0.0167577 -0.0017380 0.0061125 -0.0183632 -0.0005132 -0.0035810 0.0510919 0.0007268 0.0350429
-0.0016186 0.4931907 -0.2682951 0.1212104 0.5701534 -0.1543477 0.0354304 0.5596968 -0.2928444 0.1166772 0.6361857 -0.1469769 -0.0028829 0.8784290 -0.4778643 0.2010174 0.9455526 -0.2559730 0.0560012 0.8846558 -0.4628694 0.1759080 0.9591427 -0.2215891 -0.0439616 -0.0071096 -0.0165107 0.0452983 0.0005944 0.0116859 -0.0422164 -0.0222196 -0.0089494 0.0707573 -0.0022178 0.0036388 -0.0777596 -0.0184340 -0.0260261 0.0713150 -0.0120687 0.0226432 -0.0670095 -0.0127610 -0.0267002 0.1011752 -0.0219526 0.0096935
-0.0455802 0.4860811 -0.2848058 0.1665086 0.5707478 -0.1426618 -0.0067861 0.5374772 -0.3017938 0.1874346 0.6339679 -0.1433381 -0.0806425 0.8599949 -0.5038904 0.2723324 0.9334839 -0.2333299 -0.0110083 0.8718948 -0.4895695 0.2770832 0.9371900 -0.2118956 -0.0149634 -0.0062554 -0.0064093 0.0519132 0.0266866 0.0051394 -0.0243800 -0.0017031 -0.0104425 0.0303747 0.0289352 -0.0063758 -0.0266020 -0.0100528 -0.0119555 0.0632851 -0.0154923 0.0220190 -0.0391866 -0.0089955 -0.0133076 0.0281217 -0.0082984 0.0021093
-0.0605437 0.4798256 -0.2912151 0.2184219 0.5974343 -0.1375224 -0.0311660 0.5357740 -0.3122363 0.2178093 0.6629030 -0.1497139 -0.1072444 0.8499422 -0.5158458 0.3356175 0.9179916 -0.2113109 -0.0501949 0.8628993 -0.5028771 0.3052049 0.9288916 -0.2097863 -0.0212496 0.0047543 -0.0218569 0.0514101 0.0040950 0.0134752 -0.0353164 0.0072408 -0.0288733 0.0416305 0.0042983 0.0218758 -0.0331286 -0.0183096 -0.0214461 0.0666088 -0.0213190 0.0263994 -0.0529262 -0.0206267 -0.0262194 0.0515641 -0.0113889 0.0339895
-0.0817933 0.4845799 -0.3130720 0.2698320 0.6015293 -0.1240472 -0.0664824 0.5430148 -0.3411096 0.2594398 0.6672013 -0.1278381 -0.1403730 0.8316326 -0.5372920 0.4022264 0.8966726 -0.1849115 -0.1031211 0.8422725 -0.5290965 0.3567690 0.9175028 -0.1757968 -0.0220470 -0.0047692 -0.0264915 0.0258794 -0.0035569 0.0027423 -0.0243423 -0.0026436 -0.0229118 0.0124372 -0.0073700 0.0001639 -0.0335893 -0.0278117 -0.0315745 0.0339038 -0.0147525 0.0060050 -0.0349426 -0.0208477 -0.0242567 0.0182444 -0.0073648 -0.0003105
-0.1038403 0.4798107 -0.3395635 0.2957114 0.5979724 -0.1213048 -0.0908247 0.5403712 -0.3640213 0.2718770 0.6598313 -0.1276742 -0.1739623 0.8038209 -0.5688665 0.4361302 0.8819200 -0.1789065 -0.1380637 0.8214248 -0.5533532 0.3750134 0.9101380 -0.1761073 -0.0445900 -0.0545709 -0.0153690 0.0607992 -0.0206378 0.0097328 -0.0396225 -0.0392701 -0.0360771 0.1060794 -0.0194757 0.0142046 -0.0848780 -0.0622661 -0.0500828 0.0823171 -0.0423445 0.0166555 -0.0612847 -0.0556460 -0.0580740 0.1274648 -0.0588102 0.0252540
-0.1484303 0.4252399 -0.3549325 0.3565106 0.5773347 -0.1115721 -0.1304472 0.5011012 -0.4000984 0.3779563 0.6403557 -0.1134696 -0.2588403 0.7415548 -0.6189493 0.5184473 0.8395755 -0.1622511 -0.1993484 0.7657787 -0.6114272 0.5024782 0.8513278 -0.1508534 -0.0221363 -0.0683814 0.0009042 0.0027376 0.0029090 -0.0017064 -0.0229533 -0.0670477 0.0028889 0.0464225 -0.0645548 0.0133628 -0.0624823 -0.0692855 -0.0479884 0.0008548 -0.0008191 -0.0014957 -0.0529396 -0.0519190 -0.0418377 0.0850892 -0.0541112 0.0122520
-0.1705666 0.3568584 -0.3540283 0.3592482 0.5802436 -0.1132784 -0.1534005 0.4340534 -0.3972095 0.4243788 0.5758008 -0.1001068 -0.3213226 0.6722693 -0.6669377 0.5193021 0.8387564 -0.1637467 -0.2522879 0.7138598 -0.6532649 0.5875674 0.7972165 -0.1386014 -0.0164264 -0.0163885 -0.0159903 0.1020134 -0.0676272 0.0359493 -0.0390890 -0.0470095 -0.0063856 0.1015910 -0.0620616 0.0384866 -0.0272394 -0.0376205 -0.0227909 0.1454216 -0.1000252 0.0523078 -0.0731977 -0.0593969 -0.0291847 0.1253086 -0.1009172 0.0550842
-0.1869930 0.3404699 -0.3700186 0.4612616 0.5126164 -0.0773291 -0.1924895 0.3870439 -0.4035951 0.5259698 0.5137392 -0.0616202 -0.3485620 0.6346488 -0.6897286 0.6647237 0.7387312 -0.1114389 -0.3254856 0.6544629 -0.6824496 0.7128760 0.6962993 -0.0835172 -0.0275037 -0.0588957 0.0116927 0.0286944 -0.0366628 0.0039430 -0.0215175 -0.0468885 -0.0184815 0.0285679 -0.0366628 0.0044554 -0.0772998 -0.0756112 -0.0216916 0.0484542 -0.0459350 0.0046185 -0.0417206 -0.0708035 -0.0417750 0.0428874 -0.0461055 0.0056090
-0.2144967 0.2815743 -0.3583259 0.4899560 0.4759537 -0.0733861 -0.2140070 0.3401555 -0.4220766 0.5545377 0.4770765 -0.0571648 -0.4258618 0.5590376 -0.7114202 0.7131780 0.6927962 -0.1068205 -0.3672062 0.5836594 -0.7242246 0.7557634 0.6501938 -0.0779083 -0.0112160 -0.0528293 -0.0039323 0.0141017 -0.0772593 0.0335601 -0.0130173 -0.0722455 -0.0213160 0.0139932 -0.0772593 0.0339903 -0.0402427 -0.0866715 -0.0366553 0.0696322 -0.0736171 0.0449701 -0.0341746 -0.1099925 -0.0596970 0.0617648 -0.0752702 0.0445841
-0.2257127 0.2287449 -0.3622582 0.5040577 0.3986943 -0.0398259 -0.2270243 0.2679099 -0.4433926 0.5685309 0.3998171 -0.0231745 -0.4661045 0.4723661 -0.7480755 0.7828102 0.6191791 -0.0618504 -0.4013808 0.4736669 -0.7839216 0.8175282 0.5749236 -0.0333242 -0.0076076 -0.0343817 -0.0033714 0.0044263 -0.0623345 0.0184650 -0.0158186 -0.0498960 -0.0086568 0.0043747 -0.0623345 0.0186595 -0.0247967 -0.0634298 -0.0212016 0.0507139 -0.0678067 0.0268347 -0.0341803 -0.0826389 -0.0268704 0.0440709 -0.0673796 0.0265340
-0.2333203 0.1943632 -0.3656295 0.5084840 0.3363598 -0.0213610 -0.2428429 0.2180139 -0.4520494 0.5729056 0.3374826 -0.0045150 -0.4909012 0.4089363 -0.7692770 0.8335241 0.5513724 -0.0350156 -0.4355611 0.3910280 -0.8107920 0.8615991 0.5075439 -0.0067901 -0.0041440 -0.0571293 -0.0002000 0.0085985 -0.0562439 0.0116009 -0.0140198 -0.0563517 0.0016885 0.0105752 -0.0131552 -0.0157359 -0.0284600 -0.1087904 -0.0308332 0.0456258 -0.0751160 0.0184214 -0.0374112 -0.0933524 -0.0184766 0.0120472 -0.0219282 -0.0235316
-0.2374643 0.1372339 -0.3658295 0.5170826 0.2801159 -0.0097601 -0.2568627 0.1616623 -0.4503609 0.5834808 0.3243274 -0.0202509 -0.5193612 0.3001459 -0.8001102 0.8791499 0.4762563 -0.0165942 -0.4729722 0.2976756 -0.8292686 0.8736464 0.4856157 -0.0303217 -0.0075775 -0.0449739 0.0332012 -0.0115261 -0.0396000 0.0031338 -0.0145512 -0.0643631 0.0289270 0.0067199 -0.0647587 -0.0037470 -0.0594973 -0.0822016 0.0143475 0.0238035 -0.0466809 0.0047593 -0.0585593 -0.1071270 0.0039411 0.0411037 -0.0833111 -0.0068725
-0.2450418 0.0922600 -0.3326284 0.5055565 0.2405159 -0.0066263 -0.2714139 0.0972991 -0.4214339 0.5902007 0.2595687 -0.0239979 -0.5788584 0.2179443 -0.7857628 0.9029534 0.4295754 -0.0118349 -0.5315315 0.1905486 -0.8253275 0.9147500 0.4023046 -0.0371942 -0.0063522 -0.0534620 0.0119652 -0.0546115 -0.0594534 0.0127760 -0.0047018 -0.0547667 0.0196850 -0.0857908 -0.0446167 0.0094521 -0.0353416 -0.1231540 0.0023261 0.0249624 -0.0570006 0.0244892 -0.0327330 -0.1036303 0.0043215 0.0048776 -0.0104094 0.0106748
-0.2513940 0.0387980 -0.3206632 0.4509450 0.1810625 0.0061497 -0.2761157 0.0425324 -0.4017489 0.5044099 0.2149520 -0.0145457 -0.6142001 0.0947903 -0.7834367 0.9279159 0.3725749 0.0126543 -0.5642645 0.0869184 -0.8210060 0.9196276 0.3918951 -0.0265194 -0.0167676 -0.0594787 -0.0056247 0.0101725 -0.0030865 -0.0212232 -0.0165360 -0.0769353 0.0011580 0.0209496 -0.0317717 -0.0172941 -0.0199767 -0.1436983 0.0117970 0.0045732 -0.0126652 -0.0431366 -0.0242235 -0.1560984 0.0154651 0.0230775 -0.0631964 -0.0306140
-0.2681617 -0.0206808 -0.3262879 0.4611175 0.1779759 -0.0150735 -0.2926517 -0.0344029 -0.4005909 0.5253594 0.1831802 -0.0318398 -0.6341768 -0.0489080 -0.7716397 0.9324891 0.3599097 -0.0304823 -0.5884880 -0.0691801 -0.8055408 0.9427051 0.3286987 -0.0571334 0.0171951 -0.0326072 0.0275395 -0.0097994 -0.0115887 -0.0012524 0.0196101 -0.0452454 0.0288647 -0.0124767 -0.0398652 0.0048949 -0.0031260 -0.0864111 0.0130002 0.0052384 -0.0141981 -0.0034391 0.0051348 -0.1009882 0.0113482 0.0191707 -0.0599214 0.0066001
-0.2509666 -0.0532880 -0.2987484 0.4513180 0.1663872 -0.0163260 -0.2730416 -0.0796482 -0.3717262 0.5128827 0.1433150 -0.0269449 -0.6373028 -0.1353191 -0.7586395 0.9377275 0.3457116 -0.0339214 -0.5833531 -0.1701683 -0.7941926 0.9618758 0.2687773 -0.0505333 0.0159199 -0.0227017 0.0121413 0.0904775 -0.1206937 0.0411537 0.0360919 -0.0143181 0.0210211 0.0759861 -0.0526580 0.0377101 0.0160966 -0.0655145 0.0011643 0.0576978 -0.2617602 0.0795366 0.0368240 -0.0465667 -0.0147152 0.0263190 -0.1166436 0.0685987
-0.2350467 -0.0759897 -0.2866070 0.5417956 0.0456935 0.0248277 -0.2369498 -0.0939663 -0.3507051 0.5888688 0.0906571 0.0107652 -0.6212062 -0.2008337 -0.7574752 0.9954252 0.0839514 0.0456152 -0.5465291 -0.2167350 -0.8089078 0.9881948 0.1521338 0.0180654 0.0157460 -0.0293723 0.0295719 -0.0939543 0.1106739 -0.0593113 0.0071757 -0.0277247 0.0181405 -0.0896636 0.0044941 -0.0161357 0.0015767 -0.0968645 0.0312279 -0.0538041 0.2448233 -0.1181197 0.0022242 -0.0715351 0.0211055 -0.0059344 0.0350902 -0.0286325
-0.2193007 -0.1053620 -0.2570351 0.4478412 0.1563674 -0.0344836 -0.2297741 -0.1216910 -0.3325646 0.4992052 0.0951511 -0.0053705 -0.6196295 -0.2976981 -0.7262473 0.9416211 0.3287746 -0.0725044 -0.5443049 -0.2882702 -0.7878023 0.9822604 0.1872240 -0.0105672 0.0173077 -0.0058945 0.0373968 0.0032743 0.0015204 -0.0051681 0.0074323 -0.0281416 0.0340822 0.0032127 0.0016678 -0.0047533 -0.0146406 -0.0516538 0.0365700 -0.0009926 0.0004399 -0.0101740 -0.0098594 -0.0851723 0.0438651 -0.0005187 0.0019636 -0.0092150
-0.2019930 -0.1112565 -0.2196383 0.4511155 0.1578878 -0.0396517 -0.2223417 -0.1498326 -0.2984824 0.5024179 0.0968190 -0.0101237 -0.6342701 -0.3493519 -0.6896773 0.9406285 0.3292146 -0.0826784 -0.5541643 -0.3734425 -0.7439372 0.9817417 0.1891875 -0.0197821 -0.0268202 -0.0240093 0.0468741 -0.0318529 -0.0165525 0.0427319 -0.0268282 -0.0306734 0.0505022 -0.0319792 -0.0164032 0.0432536 -0.0874995 -0.0773310 0.1447089 0.0069542 -0.0097800 0.0896401 -0.0763685 -0.0833337 0.1164152 0.0015947 -0.0210981 0.0890319
-0.2288132 -0.1352657 -0.1727642 0.4192626 0.1413354 0.0030802 -0.2491700 -0.1805059 -0.2479802 0.4704387 0.0804158 0.0331298 -0.7217695 -0.4266829 -0.5449684 0.9475828 0.3194346 0.0069617 -0.6305328 -0.4567762 -0.6275220 0.9833364 0.1680894 0.0692498 0.0038143 -0.0081837 0.0033486 -0.0001445 0.0012056 -0.0012756 0.0074647 -0.0123743 0.0051069 -0.0001840 0.0012967 -0.0010248 0.0099183 -0.0271620 0.0089715 -0.0008460 0.0025482 -0.0028851 0.0158303 -0.0337549 0.0098489 -0.0003208 0.0027215 -0.0021378
-0.2249989 -0.1434494 -0.1694156 0.4191181 0.1425410 0.0018047 -0.2417052 -0.1928802 -0.2428733 0.4702546 0.0817125 0.0321050 -0.7118512 -0.4538449 -0.5359969 0.9467367 0.3219828 0.0040765 -0.6147025 -0.4905311 -0.6176731 0.9830156 0.1708109 0.0671120 0.0007963 -0.0036299 0.0047638 -0.0032839 0.0022523 0.0005421 -0.0015144 -0.0079686 0.0084667 -0.0032956 0.0023262 0.0007088 -0.0006777 -0.0135817 0.0127236 -0.0023629 0.0068479 0.0012531 -0.0041901 -0.0205453 0.0212062 -0.0011725 0.0058915 0.0018833
-0.2242026 -0.1470793 -0.1646519 0.4158342 0.1447933 0.0023468 -0.2432196 -0.2008488 -0.2344065 0.4669590 0.0840387 0.0328138 -0.7125290 -0.4674265 -0.5232733 0.9443739 0.3288307 0.0053296 -0.6188926 -0.5110764 -0.5964669 0.9818431 0.1767024 0.0689953 -0.0000766 -0.0033969 0.0000084 -0.0002491 0.0001374 -0.0003358 0.0013150 -0.0029471 -0.0006977 -0.0002543 0.0001678 -0.0002669 0.0034792 -0.0082979 0.0027594 -0.0001547 0.0004554 -0.0007606 0.0050965 -0.0060244 -0.0000740 -0.0000427 0.0004415 -0.0005270
-0.2242792 -0.1504762 -0.1646435 0.4155850 0.1449307 0.0020110 -0.2419047 -0.2037959 -0.2351042 0.4667048 0.0842064 0.0325468 -0.7090497 -0.4757245 -0.5205139 0.9442191 0.3292861 0.0045690 -0.6137961 -0.5171009 -0.5965409 0.9818005 0.1771439 0.0684683 -0.0009596 -0.0011546 0.0004956 -0.0018044 0.0001053 0.0000633 -0.0009021 -0.0007652 0.0001886 -0.0018127 0.0001360 0.0001366 -0.0008474 -0.0021784 0.0031601 -0.0005228 0.0014929 0.0001618 -0.0009820 -0.0008406 0.0017430 -0.0002080 0.0009401 0.0005408
-0.2252388 -0.1516308 -0.1641479 0.4137807 0.1450360 0.0020743 -0.2428067 -0.2045611 -0.2349156 0.4648920 0.0843424 0.0326834 -0.7098971 -0.4779029 -0.5173538 0.9436964 0.3307790 0.0047307 -0.6147781 -0.5179415 -0.5947979 0.9815925 0.1780840 0.0690091 -0.0004723 -0.0007385 -0.0004330 -0.0007868 -0.0005113 -0.0001038 -0.0003407 0.0020287 -0.0024517 -0.0007900 -0.0004932 -0.0000635 0.0005513 -0.0009504 0.0001226 0.0001689 -0.0004790 -0.0002273 0.0001170 0.0059526 -0.0052514 0.0001303 -0.0007165 -0.0000078
-0.2257111 -0.1523693 -0.1645810 0.4129939 0.1445247 0.0019705 -0.2431474 -0.2025324 -0.2373673 0.4641021 0.0838492 0.0326199 -0.7093458 -0.4788533 -0.5172312 0.9438653 0.3303000 0.0045035 -0.6146611 -0.5119888 -0.6000493 0.9817228 0.1773675 0.0690013 -0.0017451 0.0062028 -0.0045280 -0.0017145 0.0005530 0.0005262 -0.0018587 0.0171386 -0.0109342 -0.0017383 0.0005819 0.0006215 -0.0039012 0.0205112 -0.0130530 -0.0008331 0.0023522 0.0012213 -0.0055530 0.0426789 -0.0285067 -0.0004409 0.0018218 0.0015474
-0.2274563 -0.1461664 -0.1691090 0.4112794 0.1450778 0.0024967 -0.2450061 -0.1853937 -0.2483015 0.4623638 0.0844310 0.0332414 -0.7132470 -0.4583421 -0.5302842 0.9430322 0.3326522 0.0057247 -0.6202141 -0.4693099 -0.6285560 0.9812819 0.1791893 0.0705487 -0.0040428 0.0203529 -0.0173550 -0.0006097 0.0001990 -0.0002470 -0.0028795 0.0370500 -0.0238479 -0.0005885 0.0002110 -0.0002593 -0.0039475 0.0685661 -0.0473895 -0.0002957 0.0008463 -0.0005604 -0.0043625 0.0955407 -0.0571558 -0.0000874 0.0006607 -0.0004674
-0.2314991 -0.1258135 -0.1864639 0.4106697 0.1452768 0.0022496 -0.2478857 -0.1483437 -0.2721494 0.4617752 0.0846420 0.0329821 -0.7171945 -0.3897760 -0.5776736 0.9427365 0.3334985 0.0051643 -0.6245766 -0.3737692 -0.6857118 0.9811945 0.1798500 0.0700813 -0.0098597 0.0226284 -0.0474405 0.0663559 -0.1512962 0.0464296 -0.0029491 0.0229393 -0.0265972 0.0663478 -0.1280786 0.0203829 0.0307082 0.0962909 -0.0876106 0.0520186 -0.3460509 0.0963479 0.0124090 0.0677170 -0.0433855 0.0104246 -0.2614079 0.0301183
-0.2413588 -0.1031852 -0.2339045 0.4770256 -0.0060194 0.0486793 -0.2508347 -0.1254045 -0.2987465 0.5281230 -0.0434366 0.0533650 -0.6864863 -0.2934850 -0.6652843 0.9947551 -0.0125524 0.1015122 -0.6121675 -0.3060522 -0.7290973 0.9916191 -0.0815579 0.1001996 0.0020982 0.0402650 -0.0392691 -0.0760853 0.1460143 -0.0684729 -0.0061595 0.0455746 -0.0464488 -0.0614540 0.1750390 -0.0664975 0.0372901 0.1227609 -0.0759294 -0.0516754 0.3418442 -0.1480702 0.0250166 0.1236661 -0.0595655 -0.0295102 0.3528760 -0.1272742
-0.2392606 -0.0629202 -0.2731735 0.4009403 0.1399949 -0.0197936 -0.2569942 -0.0798299 -0.3451954 0.4666691 0.1316023 -0.0131325 -0.6491961 -0.1707241 -0.7412136 0.9430797 0.3292918 -0.0465580 -0.5871510 -0.1823862 -0.7886628 0.9621089 0.2713181 -0.0270746 -0.0035320 0.0180643 -0.0205297 0.0063279 0.0081005 0.0045301 -0.0061060 0.0248350 -0.0148920 -0.0160764 -0.0490275 0.0304670 0.0164213 0.0538191 -0.0242465 -0.0038671 0.0122352 0.0113583 0.0016288 0.0599966 -0.0127014 0.0208073 -0.0911907 0.0648878
-0.2427926 -0.0448558 -0.2937033 0.4072682 0.1480954 -0.0152635 -0.2631003 -0.0549949 -0.3600873 0.4505927 0.0825748 0.0173345 -0.6327748 -0.1169049 -0.7654602 0.9392126 0.3415270 -0.0351996 -0.5855222 -0.1223896 -0.8013642 0.9829162 0.1801274 0.0378132 -0.0030466 0.0443353 -0.0124780 -0.0134505 -0.0068597 0.0119342 -0.0103331 0.0480886 -0.0223212 0.0307896 0.0722623 -0.0369573 0.0066928 0.1155792 -0.0142959 0.0020546 -0.0039582 0.0272422 0.0039462 0.1077004 -0.0119953 -0.0316653 0.1258433 -0.0765895
-0.2458392 -0.0005206 -0.3061813 0.3938177 0.1412357 -0.0033293 -0.2734333 -0.0069062 -0.3824085 0.4813823 0.1548370 -0.0196228 -0.6260820 -0.0013257 -0.7797561 0.9412672 0.3375688 -0.0079574 -0.5815760 -0.0146892 -0.8133595 0.9512509 0.3059707 -0.0387763 -0.0005451 0.0353437 0.0016637 -0.0579716 -0.0238743 0.0031560 -0.0044395 0.0559393 -0.0301397 -0.1264764 -0.1115889 0.0565529 -0.0004448 0.0898770 0.0054029 0.0027528 -0.0076811 0.0074703 0.0256230 0.1127918 -0.0120448 0.0361526 -0.1856477 0.1415217
-0.2463843 0.0348232 -0.3045176 0.3358461 0.1173614 -0.0001733 -0.2778728 0.0490330 -0.4125483 0.3549059 0.0432481 0.0369302 -0.6265268 0.0885513 -0.7743531 0.9440200 0.3298878 -0.0004871 -0.5559529 0.0981026 -0.8254043 0.9874035 0.1203230 0.1027454 0.0051672 0.0386904 -0.0092648 0.0044930 -0.0000532 0.0096454 0.0085264 0.0398713 -0.0137846 0.0062612 0.0009460 0.0106625 0.0273093 0.0940668 -0.0051268 0.0010688 -0.0041343 0.0267901 0.0299531 0.0755164 -0.0071704 -0.0031905 0.0001098 0.0269490
-0.2412171 0.0735135 -0.3137824 0.3403391 0.1173081 0.0094721 -0.2693464 0.0889043 -0.4263328 0.3611671 0.0441941 0.0475927 -0.5992176 0.1826181 -0.7794799 0.9450888 0.3257534 0.0263030 -0.5259998 0.1736191 -0.8325747 0.9842130 0.1204328 0.1296944 0.0076847 0.0326109 -0.0155593 0.0365518 0.0653084 -0.0308789 0.0227273 0.0440805 0.0119888 0.0481689 0.0877136 -0.0435512 0.0397934 0.0716017 -0.0094541 -0.0463371 0.1097226 -0.0773508 0.0329459 0.0922513 0.0041963 -0.0324540 0.1862695 -0.1202975
-0.2335325 0.1061244 -0.3293417 0.3768909 0.1826166 -0.0214069 -0.2466191 0.1329849 -0.4143440 0.4093360 0.1319077 0.0040415 -0.5594242 0.2542198 -0.7889340 0.8987517 0.4354761 -0.0510478 -0.4930539 0.2658704 -0.8283784 0.9517591 0.3067024 0.0093969 0.0125425 0.0437846 -0.0410247 0.0131099 0.0107221 -0.0011215 0.0190027 0.0335593 -0.0087592 0.0163816 0.0167544 -0.0004999 0.0754304 0.0740984 -0.0222116 -0.0040003 0.0080873 -0.0006375 0.0454223 0.0616563 -0.0036986 -0.0076956 0.0229679 -0.0015433
-0.2209899 0.1499090 -0.3703664 0.3900008 0.1933387 -0.0225284 -0.2276164 0.1665442 -0.4231032 0.4257177 0.1486621 0.0035415 -0.4839938 0.3283182 -0.8111456 0.8947514 0.4435634 -0.0516853 -0.4476315 0.3275267 -0.8320771 0.9440635 0.3296703 0.0078536 0.0216749 0.0460911 -0.0306012 0.0783337 0.1791789 -0.0393300 0.0307928 0.0634925 -0.0612520 0.0552436 0.2854065 -0.1034371 0.0762231 0.0726706 -0.0091781 -0.1162811 0.1756390 -0.0511362 0.1030455 0.0752067 -0.0159007 -0.2103641 0.3324950 -0.1602428
-0.1993150 0.1960001 -0.4009676 0.4683345 0.3725176 -0.0618584 -0.1968236 0.2300367 -0.4843552 0.4809613 0.4340686 -0.0998956 -0.4077707 0.4009888 -0.8203237 0.7784703 0.6192025 -0.1028216 -0.3445860 0.4027334 -0.8479778 0.7336993 0.6621652 -0.1523892 0.0107162 0.0433487 0.0128455 -0.0206918 0.0579539 -0.0277635 0.0217493 0.0390611 0.0382062 -0.0232844 0.0565540 -0.0164879 0.0255688 0.0840597 0.0337809 -0.0650642 0.0668379 -0.0400084 0.0260656 0.0868481 0.0362791 -0.0616065 0.0583080 -0.0185185
-0.1885988 0.2393488 -0.3881222 0.4476427 0.4304715 -0.0896219 -0.1750743 0.2690978 -0.4461490 0.4576769 0.4906226 -0.1163835 -0.3822019 0.4850485 -0.7865429 0.7134061 0.6860403 -0.1428300 -0.3185204 0.4895815 -0.8116987 0.6720929 0.7204733 -0.1709077 0.0130849 0.0384189 0.0006377 -0.0419557 0.0543336 -0.0208107 0.0103424 0.0273065 0.0391470 -0.0449770 0.0567157 -0.0158540 0.0367290 0.0616957 0.0238376 -0.0812258 0.0694292 -0.0292567 0.0075630 0.0699282 0.0434185 -0.0809435 0.0635317 -0.0185086
-0.1755139 0.2777677 -0.3874845 0.4056871 0.4848051 -0.1104326 -0.1647319 0.2964043 -0.4070020 0.4126998 0.5473383 -0.1322374 -0.3454729 0.5467442 -0.7627053 0.6321803 0.7554696 -0.1720866 -0.3109574 0.5595097 -0.7682802 0.5911494 0.7840050 -0.1894163 0.0154518 0.0561226 0.0047599 -0.0547532 0.0777544 -0.0392357 0.0193162 0.0655695 0.0036048 -0.0561556 0.0779375 -0.0391152 0.0448997 0.0802528 0.0440046 -0.1158935 0.0721564 -0.0481023 0.0518230 0.0855364 0.0494166 -0.1092692 0.0610739 -0.0421719
-0.1600621 0.3338903 -0.3827246 0.3509339 0.5625595 -0.1496683 -0.1454157 0.3619738 -0.4033972 0.3565442 0.6252758 -0.1713526 -0.3005732 0.6269969 -0.7187006 0.5162868 0.8276260 -0.2201890 -0.2591344 0.6450461 -0.7188636 0.4818802 0.8450789 -0.2315882 0.0230703 0.0360974 0.0139343 -0.0577108 -0.0251081 0.0092210 0.0245103 0.0497849 -0.0147026 -0.0531992 -0.0266620 0.0065798 0.0469124 0.0580903 0.0358305 -0.0494747 0.0279983 -0.0034035 0.0573367 0.0422015 0.0210324 -0.0428978 0.0211984 -0.0068609
-0.1369918 0.3699877 -0.3687903 0.2932231 0.5374514 -0.1404473 -0.1209054 0.4117587 -0.4180998 0.3033450 0.5986138 -0.1647728 -0.2536607 0.6850873 -0.6828701 0.4668121 0.8556242 -0.2235925 -0.2017977 0.6872476 -0.6978312 0.4389824 0.8662774 -0.2384491 0.0336561 0.0405849 -0.0095799 -0.0346976 0.0386943 -0.0224891 0.0411243 0.0673617 -0.0137909 0.0024673 0.0235897 -0.0069751 0.0716718 0.0379892 0.0165066 -0.0704049 0.0278026 -0.0262442 0.0790503 0.0499035 0.0333455 -0.0108248 0.0048488 -0.0020093
-0.1033358 0.4105725 -0.3783702 0.2585255 0.5761458 -0.1629364 -0.0797811 0.4791204 -0.4318907 0.3058123 0.6222034 -0.1717479 -0.1819889 0.7230765 -0.6663636 0.3964073 0.8834268 -0.2498367 -0.1227473 0.7371512 -0.6644857 0.4281576 0.8711262 -0.2404585 0.0129670 0.0130018 0.0123442 -0.0396688 -0.0081895 -0.0016088 0.0273102 0.0122823 0.0202455 -0.1040022 0.0038791 -0.0204696 0.0226252 0.0238895 0.0208831 -0.0492987 0.0173564 -0.0111333 0.0411670 0.0268684 0.0244711 -0.1336789 0.0424451 -0.0400228
-0.0903687 0.4235743 -0.3660260 0.2188567 0.5679562 -0.1645452 -0.0524709 0.4914027 -0.4116451 0.2018101 0.6260825 -0.1922175 -0.1593637 0.7469660 -0.6454805 0.3471086 0.9007831 -0.2609701 -0.0815804 0.7640196 -0.6400146 0.2944787 0.9135713 -0.2804813 0.0227871 0.0148736 0.0226612 -0.0299469 0.0061343 -0.0044431 0.0196902 -0.0006829 0.0461102 -0.0392063 0.0057653 0.0030530 0.0388939 0.0346032 0.0334048 -0.0460829 0.0140236 -0.0083108 0.0280850 0.0367928 0.0434932 -0.0551107 0.0165677 0.0020134
-0.0675817 0.4384479 -0.3433647 0.1889098 0.5740905 -0.1689883 -0.0327808 0.4907198 -0.3655349 0.1626038 0.6318478 -0.1891645 -0.1204699 0.7815692 -0.6120756 0.3010256 0.9148067 -0.2692809 -0.0534954 0.8008124 -0.5965214 0.2393680 0.9301390 -0.2784679 0.0440240 0.0450639 0.0038758 -0.0337910 -0.0133544 0.0018843 -0.0031932 0.0211073 -0.0329378 -0.0356677 -0.0131706 0.0052206 0.0806268 0.0361925 0.0378994 -0.0447659 0.0115420 -0.0067787 -0.0018793 -0.0129585 -0.0168463 -0.0463993 0.0103762 -0.0011643
-0.0235577 0.4835119 -0.3394890 0.1551188 0.5607362 -0.1671040 -0.0359740 0.5118272 -0.3984727 0.1269361 0.6186773 -0.1839440 -0.0398431 0.8177617 -0.5741763 0.2562597 0.9263488 -0.2760596 -0.0553747 0.7878538 -0.6133677 0.1929687 0.9405152 -0.2796322 -0.0013490 -0.0101170 0.0072145 -0.0094732 -0.0126379 -0.0009796 0.0437397 0.0137937 0.0409000 -0.0062653 -0.0110607 -0.0005357 -0.0031808 -0.0000178 0.0002042 -0.0100303 0.0002700 -0.0081037 0.0675894 0.0389008 0.0509377 -0.0062783 -0.0004684 -0.0057773
-0.0249067 0.4733948 -0.3322745 0.1456456 0.5480982 -0.1680836 0.0077657 0.5256208 -0.3575727 0.1206708 0.6076165 -0.1844796 -0.0430239 0.8177438 -0.5739721 0.2462294 0.9266187 -0.2841633 0.0122147 0.8267547 -0.5624300 0.1866905 0.9400469 -0.2854095 0.0094543 0.0060397 0.0187386 -0.0195740 -0.0147213 -0.0029991 0.0326258 0.0041404 0.0273795 -0.0180376 -0.0142399 -0.0035054 0.0160593 0.0188739 0.0268490 -0.0266520 0.0023581 -0.0138096 0.0523553 0.0201254 0.0345808 -0.0239994 0.0005564 -0.0125790
-0.0154524 0.4794345 -0.3135359 0.1260715 0.5333769 -0.1710827 0.0403914 0.5297612 -0.3301932 0.1026332 0.5933766 -0.1879851 -0.0269645 0.8366177 -0.5471231 0.2195774 0.9289768 -0.2979729 0.0645700 0.8468801 -0.5278493 0.1626911 0.9406033 -0.2979885 0.0527207 0.0348988 0.0914834 -0.0358212 0.0095786 -0.0042512 0.0214818 0.0433175 0.1448021 -0.0362176 0.0093951 -0.0043461 0.0933423 0.0794497 0.1516304 -0.0633423 0.0109501 -0.0055530 0.0376171 0.0995919 0.2216653 -0.0582950 0.0068699 -0.0043293
0.0372683 0.5143334 -0.2220525 0.0902504 0.5429556 -0.1753339 0.0618732 0.5730788 -0.1853911 0.0664156 0.6027718 -0.1923312 0.0663778 0.9160674 -0.3954927 0.1562352 0.9399269 -0.3035259 0.1021871 0.9464720 -0.3061840 0.1043961 0.9474732 -0.3023178 -0.0011512 -0.0003866 -0.0011520 0.0001764 -0.0173962 0.0052319 -0.0037344 0.0005925 0.0006183 -0.0000066 -0.0174746 0.0052135 -0.0020536 -0.0007334 -0.0020323 0.0053122 -0.0010153 -0.0003613 -0.0061678 0.0009754 0.0010221 0.0030518 -0.0004796 -0.0004331
0.0361171 0.5139468 -0.2232045 0.0904268 0.5255594 -0.1701020 0.0581389 0.5736713 -0.1847729 0.0664090 0.5852972 -0.1871177 0.0643242 0.9153340 -0.3975250 0.1615474 0.9389116 -0.3038872 0.0960193 0.9474474 -0.3051618 0.1074479 0.9469936 -0.3027509 -0.0098376 0.0009904 0.0001203 -0.0226360 -0.0106485 0.0035168 -0.0208459 -0.0054017 0.0000202 -0.0228223 -0.0106949 0.0036204 -0.0175467 0.0012531 0.0004355 -0.0372556 0.0051571 -0.0015402 -0.0337305 0.0017080 -0.0034223 -0.0353756 0.0031337 -0.0006691
0.0262795 0.5149372 -0.2230843 0.0677908 0.5149109 -0.1665852 0.0372930 0.5682696 -0.1847526 0.0435867 0.5746023 -0.1834973 0.0467775 0.9165870 -0.3970895 0.1242917 0.9440687 -0.3054274 0.0622888 0.9491554 -0.3085841 0.0720723 0.9501273 -0.3034200 -0.0013141 -0.0056318 0.0044152 -0.0036726 -0.0059288 0.0002142 0.0013414 -0.0048068 0.0023473 -0.0036395 -0.0059185 0.0002046 -0.0017805 0.0013688 0.0029673 -0.0054020 -0.0003000 -0.0030623 0.0028058 0.0002176 0.0012511 -0.0053632 -0.0004637 -0.0026665
0.0249655 0.5093054 -0.2186691 0.0641182 0.5089821 -0.1663710 0.0386344 0.5634628 -0.1824053 0.0399472 0.5686838 -0.1832928 0.0449970 0.9179558 -0.3941222 0.1188897 0.9437687 -0.3084897 0.0650947 0.9493730 -0.3073330 0.0667091 0.9496636 -0.3060866 -0.0062052 -0.0039528 0.0038385 -0.0061956 -0.0015644 0.0030087 -0.0054973 -0.0027286 0.0016491 -0.0061570 -0.0015506 0.0030026 -0.0108527 0.0018019 0.0031238 -0.0108663 0.0025455 0.0038254 -0.0089377 0.0008960 0.0010077 -0.0100197 0.0018079 0.0036162
0.0187603 0.5053526 -0.2148305 0.0579226 0.5074177 -0.1633622 0.0331371 0.5607342 -0.1807563 0.0337902 0.5671332 -0.1802902 0.0341443 0.9197578 -0.3909984 0.1080234 0.9463142 -0.3046642 0.0561570 0.9502690 -0.3063253 0.0566894 0.9514715 -0.3024704 0.0011483 0.0029078 0.0035646 -0.0077134 0.0035457 -0.0023859 0.0038227 0.0033880 0.0014842 -0.0077079 0.0035461 -0.0023934 0.0020019 0.0030438 0.0074223 -0.0149598 0.0007639 -0.0025525 0.0061619 0.0009123 0.0040499 -0.0132024 0.0000196 -0.0021172
0.0199086 0.5082603 -0.2112659 0.0502092 0.5109633 -0.1657482 0.0369598 0.5641221 -0.1792721 0.0260824 0.5706792 -0.1826836 0.0361462 0.9228016 -0.3835761 0.0930636 0.9470782 -0.3072167 0.0623189 0.9511813 -0.3022754 0.0434870 0.9514911 -0.3045876 -0.0004400 0.0000429 0.0022569 0.0004180 -0.0003498 0.0013629 0.0068538 -0.0024199 0.0017399 0.0004255 -0.0003494 0.0013544 -0.0007451 0.0014839 0.0035195 0.0008984 0.0005980 0.0021250 0.0118513 -0.0002994 0.0017387 0.0007629 0.0005685 0.0018922
0.0194685 0.5083033 -0.2090090 0.0506273 0.5106136 -0.1643852 0.0438136 0.5617023 -0.1775322 0.0265078 0.5703299 -0.1813293 0.0354011 0.9242856 -0.3800565 0.0939620 0.9476762 -0.3050917 0.0741701 0.9508819 -0.3005368 0.0442499 0.9520596 -0.3026954 0.0004147 -0.0000273 0.0005524 0.0030279 -0.0012250 0.0050998 0.0020790 0.0010744 -0.0028512 -0.0525593 0.0277090 -0.0079782 0.0007685 0.0003204 0.0008526 0.0060659 0.0019628 0.0081403 0.0032520 -0.0014611 -0.0037754 -0.0857446 0.0004944 0.0011673
0.0198832 0.5082760 -0.2084566 0.0536552 0.5093886 -0.1592854 0.0458926 0.5627767 -0.1803834 -0.0260515 0.5980389 -0.1893074 0.0361696 0.9246060 -0.3792039 0.1000280 0.9496390 -0.2969514 0.0774222 0.9494208 -0.3043121 -0.0414947 0.9525539 -0.3015281 0.0004701 -0.0010952 0.0009970 -0.0058120 -0.0151893 -0.0076427 0.0020375 0.0000793 -0.0031033 0.0497441 -0.0441226 0.0054818 0.0009478 0.0003182 0.0008686 -0.0086926 -0.0061857 -0.0217235 0.0032756 -0.0017652 -0.0046162 0.0820570 -0.0042346 -0.0131862
0.0203533 0.5071808 -0.2074596 0.0478432 0.4941993 -0.1669282 0.0479301 0.5628560 -0.1834867 0.0236925 0.5539163 -0.1838256 0.0371174 0.9249241 -0.3783353 0.0913353 0.9434533 -0.3186750 0.0806978 0.9476556 -0.3089283 0.0405623 0.9483193 -0.3147143 0.0022640 0.0004965 0.0012855 -0.0001086 -0.0016112 -0.0004942 0.0049935 0.0008866 -0.0033711 -0.0000894 -0.0016111 -0.0005232 0.0041240 0.0007986 0.0023877 0.0000320 -0.0006071 -0.0017826 0.0080619 -0.0021865 -0.0044562 -0.0000584 -0.0005418 -0.0016355
0.0226173 0.5076773 -0.2061741 0.0477347 0.4925881 -0.1674224 0.0529236 0.5637426 -0.1868577 0.0236031 0.5523052 -0.1843488 0.0412414 0.9257227 -0.3759476 0.0913673 0.9428462 -0.3204576 0.0887597 0.9454691 -0.3133846 0.0405039 0.9477775 -0.3163498 0.0000342 0.0009032 0.0005413 0.0092367 0.0189828 0.0011644 0.0022055 0.0004677 -0.0018808 0.0092365 0.0189828 0.0011662 0.0000146 0.0005750 0.0014205 0.0139561 0.0028996 0.0130948 0.0035080 -0.0011688 -0.0025010 0.0141527 0.0030438 0.0114705
0.0226515 0.5085804 -0.2056328 0.0569713 0.5115708 -0.1662580 0.0551290 0.5642102 -0.1887385 0.0328397 0.5712879 -0.1831825 0.0412560 0.9262977 -0.3745271 0.1053234 0.9457458 -0.3073628 0.0922676 0.9443003 -0.3158856 0.0546566 0.9508214 -0.3048793 0.0002495 0.0006970 0.0002462 -0.0166842 -0.0033332 -0.0051475 0.0004135 0.0012794 -0.0021674 -0.0166825 -0.0033331 -0.0051515 0.0004115 0.0003176 0.0008322 -0.0304227 -0.0008448 -0.0113095 0.0003922 -0.0009112 -0.0025970 -0.0276643 -0.0019916 -0.0097530
0.0229009 0.5092774 -0.2053866 0.0402871 0.5082376 -0.1714055 0.0555425 0.5654896 -0.1909060 0.0161571 0.5679548 -0.1883341 0.0416675 0.9266153 -0.3736949 0.0749007 0.9449010 -0.3186723 0.0926599 0.9433891 -0.3184826 0.0269922 0.9488298 -0.3146324 0.0000000 0.0000000 0.0000000 0.0000000 0.0000000 0.0000000 0.0000000 0.0000000 0.0000000 0.0000000 0.0000000 0.0000000 0.0000000 0.0000000 0.0000000 0.0000000 0.0000000 0.0000000 0.0000000 0.0000000 0.0000000 0.0000000 0.0000000 0.0000000
