0.0397156 0.0121379 -0.1648776 0.2211960 0.3100963 -0.1850874 0.1011165 0.0007180 -0.1830761 0.2238083 0.4224026 -0.2073052 0.2335839 0.0713879 -0.9697125 0.5223155 0.7322380 -0.4370515 0.4834739 0.0034329 -0.8753520 0.4295361 0.8106810 -0.3978631 0.0008048 0.0050918 0.0011215 -0.0036199 0.0005542 -0.0024767 0.0011646 0.0067016 0.0014102 -0.0029796 -0.0041556 -0.0020808 0.0053729 0.0302188 0.0040129 -0.0080870 0.0019667 -0.0062457 0.0068195 0.0321335 0.0045206 -0.0026004 -0.0020698 -0.0069501
0.0405205 0.0172297 -0.1637561 0.2175760 0.3106505 -0.1875642 0.1022811 0.0074196 -0.1816659 0.2208287 0.4182470 -0.2093860 0.2389568 0.1016067 -0.9656996 0.5142286 0.7342047 -0.4432972 0.4902934 0.0355664 -0.8708315 0.4269357 0.8086113 -0.4048132 0.0001076 0.0000327 -0.0000726 -0.0061244 -0.0006508 -0.0039834 0.0000656 0.0000000 -0.0001903 -0.0083995 -0.0047580 -0.0047627 0.0004946 0.0001332 0.0001365 -0.0123376 0.0015949 -0.0113504 -0.0001503 -0.0000337 -0.0000860 -0.0118884 -0.0007305 -0.0135937
0.0406281 0.0172624 -0.1638286 0.2114516 0.3099997 -0.1915476 0.1023467 0.0074196 -0.1818562 0.2124292 0.4134890 -0.2141488 0.2394513 0.1017399 -0.9655631 0.5018909 0.7357996 -0.4546476 0.4901430 0.0355327 -0.8709175 0.4150473 0.8078808 -0.4184070 -0.0001048 0.0001117 0.0002083 -0.0085605 -0.0009597 -0.0031280 -0.0000782 0.0001286 0.0003006 -0.0137703 -0.0046162 -0.0048448 -0.0003151 0.0007880 0.0000053 -0.0162901 0.0038585 -0.0112900 0.0003196 0.0006668 0.0002074 -0.0213355 0.0024430 -0.0156050
0.0405232 0.0173741 -0.1636203 0.2028911 0.3090400 -0.1946755 0.1022685 0.0075481 -0.1815556 0.1986589 0.4088728 -0.2189936 0.2391362 0.1025280 -0.9655578 0.4856008 0.7396581 -0.4659376 0.4904627 0.0361996 -0.8707100 0.3937118 0.8103238 -0.4340120 0.0004238 -0.0001406 0.0020586 -0.0085428 0.0004725 -0.0040352 0.0005792 -0.0002444 0.0026719 -0.0139704 -0.0041557 -0.0066607 0.0052383 0.0003226 0.0013468 -0.0184163 0.0043641 -0.0117335 0.0076584 -0.0008256 0.0043244 -0.0234642 0.0010184 -0.0183603
0.0409470 0.0172335 -0.1615617 0.1943483 0.3095125 -0.1987107 0.1028477 0.0073037 -0.1788837 0.1846885 0.4047171 -0.2256542 0.2443745 0.1028505 -0.9642110 0.4671845 0.7440221 -0.4776711 0.4981211 0.0353740 -0.8663856 0.3702476 0.8113421 -0.4523723 -0.0163503 -0.0000254 -0.0034485 -0.0342528 0.0141734 -0.0249173 -0.0184002 0.0000801 -0.0096195 -0.0412833 -0.0018109 -0.0201093 -0.0977194 -0.0002497 -0.0196413 -0.0902675 0.0180399 -0.0488221 -0.0895437 0.0003505 -0.0456386 -0.0795139 0.0054933 -0.0458786
0.0245968 0.0172081 -0.1650102 0.1600955 0.3236858 -0.2236280 0.0844475 0.0073838 -0.1885032 0.1434051 0.4029061 -0.2457635 0.1466551 0.1026008 -0.9838523 0.3769169 0.7620620 -0.5264932 0.4085774 0.0357245 -0.9120243 0.2907337 0.8168354 -0.4982508 0.0146775 0.0000670 0.0020996 0.0036756 -0.0199484 0.0127646 0.0163038 0.0000142 0.0067972 0.0005559 -0.0061126 0.0068099 0.0864738 -0.0000578 0.0168281 0.0280543 -0.0109836 0.0050725 0.0760355 -0.0001401 0.0380196 0.0060656 0.0012196 0.0056088
0.0392743 0.0172750 -0.1629106 0.1637711 0.3037374 -0.2108634 0.1007512 0.0073980 -0.1817060 0.1439610 0.3967935 -0.2389536 0.2331289 0.1025431 -0.9670242 0.4049712 0.7510784 -0.5214207 0.4846129 0.0355843 -0.8740046 0.2967993 0.8180550 -0.4926420 -0.0104047 -0.0006122 -0.0043964 -0.0230716 -0.0241439 -0.0257719 -0.0119265 0.0016553 -0.0096343 -0.0366915 -0.0041796 -0.0179100 -0.0639002 -0.0048687 -0.0137007 -0.0463951 -0.0385276 -0.0816502 -0.0639347 0.0072923 -0.0321915 -0.0739158 -0.0022864 -0.0410662
0.0288696 0.0166628 -0.1673070 0.1406995 0.2795935 -0.2366353 0.0888248 0.0090533 -0.1913403 0.1072696 0.3926139 -0.2568636 0.1692287 0.0976743 -0.9807249 0.3585761 0.7125508 -0.6030709 0.4206782 0.0428767 -0.9061962 0.2228835 0.8157687 -0.5337082 0.0137989 -0.0009236 0.0054761 0.0155234 -0.0040646 0.0158243 0.0156883 -0.0015939 0.0111698 -0.0069543 0.0015167 0.0057869 0.0845999 -0.0040444 0.0180181 0.0460335 0.0010552 0.0311814 0.0807695 -0.0070869 0.0417487 -0.0129995 0.0088489 0.0083944
0.0426685 0.0157392 -0.1618309 0.1562229 0.2755289 -0.2208110 0.1045130 0.0074594 -0.1801704 0.1003152 0.3941306 -0.2510766 0.2538286 0.0936299 -0.9627069 0.4046096 0.7136060 -0.5718895 0.5014476 0.0357897 -0.8644474 0.2098840 0.8246176 -0.5253138 -0.0174352 -0.0012481 -0.0004837 -0.0245592 0.0000554 -0.0166901 -0.0191138 -0.0025661 -0.0048896 -0.0457194 -0.0109922 -0.0116189 -0.1008088 -0.0057530 -0.0216013 -0.0643022 -0.0013112 -0.0419729 -0.0825631 -0.0117883 -0.0432748 -0.0931625 -0.0054982 -0.0363085
0.0252333 0.0144911 -0.1623145 0.1316637 0.2755843 -0.2375011 0.0853992 0.0048933 -0.1850600 0.0545958 0.3831384 -0.2626956 0.1530198 0.0878769 -0.9843082 0.3403074 0.7122948 -0.6138624 0.4188846 0.0240015 -0.9077222 0.1167215 0.8191194 -0.5616223 0.0002808 -0.0002616 -0.0005961 -0.0175241 -0.0072195 -0.0028258 0.0001851 -0.0003974 -0.0007863 -0.0121652 -0.0205701 -0.0020151 0.0011351 -0.0019027 0.0000091 -0.0382669 -0.0021375 -0.0221000 -0.0006964 -0.0020334 -0.0003725 -0.0226235 -0.0150539 -0.0254249
0.0255141 0.0142295 -0.1629106 0.1141395 0.2683648 -0.2403269 0.0855844 0.0044959 -0.1858463 0.0424306 0.3625683 -0.2647107 0.1541549 0.0859742 -0.9842991 0.3020405 0.7101573 -0.6359624 0.4181882 0.0219680 -0.9080947 0.0940981 0.8040654 -0.5870471 0.0106507 -0.0015036 -0.0015640 0.0091059 -0.0127739 0.0126639 0.0116360 -0.0021310 0.0015320 0.0019448 -0.0141032 0.0026040 0.0599848 -0.0106209 0.0104069 0.0367369 -0.0075883 0.0101616 0.0483279 -0.0106201 0.0236548 0.0071488 -0.0090071 -0.0109757
0.0361647 0.0127260 -0.1644746 0.1232455 0.2555910 -0.2276631 0.0972204 0.0023649 -0.1843143 0.0443754 0.3484652 -0.2621067 0.2141397 0.0753534 -0.9738922 0.3387774 0.7025690 -0.6258008 0.4665161 0.0113479 -0.8844399 0.1012469 0.7950584 -0.5980228 0.0001524 -0.0011309 -0.0008661 -0.0093205 -0.0081405 0.0020198 0.0000160 -0.0016213 -0.0010102 -0.0288563 -0.0150484 -0.0042509 -0.0001051 -0.0070182 -0.0005407 -0.0167107 -0.0030245 -0.0120946 -0.0019061 -0.0077951 -0.0010684 -0.0649048 -0.0142763 -0.0257229
0.0363172 0.0115950 -0.1653407 0.1139249 0.2474504 -0.2256432 0.0972364 0.0007435 -0.1853245 0.0155191 0.3334167 -0.2663576 0.2140347 0.0683351 -0.9744329 0.3220667 0.6995445 -0.6378954 0.4646100 0.0035528 -0.8855083 0.0363420 0.7807820 -0.6237457 -0.0189610 -0.0213340 -0.0313802 -0.0153226 -0.0125064 -0.0002361 -0.0252730 -0.0283983 -0.0418072 -0.0080565 -0.0099249 0.0009808 -0.1262553 -0.1175905 -0.0204886 -0.0324888 -0.0095543 -0.0254734 -0.1645862 -0.1188487 -0.0614303 -0.0185094 -0.0077702 -0.0103953
0.0173562 -0.0097390 -0.1967209 0.0986023 0.2349440 -0.2258793 0.0719634 -0.0276547 -0.2271317 0.0074626 0.3234918 -0.2653768 0.0877794 -0.0492554 -0.9949214 0.2895780 0.6899902 -0.6633688 0.3000238 -0.1152959 -0.9469385 0.0178326 0.7730118 -0.6341410 0.0120787 0.0097363 0.0191182 -0.0077442 -0.0098828 -0.0029127 0.0161057 0.0129327 0.0256011 -0.0261210 -0.0184989 0.0024618 0.0757245 0.0492401 0.0083788 -0.0171782 -0.0152388 -0.0225678 0.0995173 0.0485067 0.0326595 -0.0641192 -0.0164014 -0.0180847
0.0294349 -0.0000027 -0.1776028 0.0908581 0.2250612 -0.2287921 0.0880691 -0.0147220 -0.2015305 -0.0186583 0.3049929 -0.2629150 0.1635039 -0.0000153 -0.9865427 0.2723998 0.6747513 -0.6859366 0.3995411 -0.0667891 -0.9142790 -0.0462866 0.7566104 -0.6522256 0.0002111 -0.0002849 0.0000874 -0.0011708 -0.0017166 0.0001713 0.0002257 -0.0004224 0.0002199 -0.0190325 -0.0180840 0.0031280 0.0012198 -0.0015828 0.0002042 -0.0022208 -0.0019352 -0.0027736 0.0011731 -0.0019416 0.0006575 -0.0506351 -0.0188251 -0.0158156
0.0296460 -0.0002876 -0.1775153 0.0896873 0.2233447 -0.2286208 0.0882948 -0.0151444 -0.2013107 -0.0376908 0.2869090 -0.2597870 0.1647237 -0.0015981 -0.9863385 0.2701790 0.6728161 -0.6887102 0.4007141 -0.0687308 -0.9136215 -0.0969217 0.7377853 -0.6680412 0.0010108 -0.0004210 0.0002747 -0.0552048 -0.0217556 0.0141572 0.0010979 -0.0006508 0.0006468 -0.0060475 -0.0152327 0.0011552 0.0057111 -0.0023413 0.0009774 -0.1538208 0.0074295 -0.0349794 0.0051699 -0.0029868 0.0025152 -0.0188987 -0.0183785 -0.0168234
0.0306568 -0.0007086 -0.1772407 0.0344825 0.2015891 -0.2144636 0.0893927 -0.0157952 -0.2006639 -0.0437383 0.2716763 -0.2586318 0.1704348 -0.0039393 -0.9853611 0.1163582 0.6802456 -0.7236896 0.4058840 -0.0717176 -0.9111063 -0.1158203 0.7194067 -0.6848647 0.0065161 0.0054493 -0.0006752 -0.0121695 0.0138024 -0.0141251 0.0072009 0.0068402 0.0002239 -0.0100301 -0.0151578 -0.0021636 0.0340142 0.0300131 0.0068312 -0.0454945 0.0038156 -0.0022846 0.0278923 0.0315029 0.0109836 -0.0296023 -0.0256245 -0.0204852
0.0371728 0.0047407 -0.1779158 0.0223130 0.2153915 -0.2285887 0.0965936 -0.0089550 -0.2004399 -0.0537684 0.2565185 -0.2607955 0.2044491 0.0260738 -0.9785299 0.0708637 0.6840612 -0.7259743 0.4337764 -0.0402147 -0.9001227 -0.1454226 0.6937823 -0.7053499 0.0016617 0.0004952 -0.0009461 0.0238513 0.0053312 -0.0192246 0.0015553 -0.0000726 -0.0008652 -0.0076965 -0.0196781 0.0035992 0.0076407 0.0025213 0.0016981 0.0669180 -0.0252934 -0.0136481 0.0041160 -0.0000622 0.0019979 -0.0277206 -0.0266162 -0.0191574
0.0388345 0.0052359 -0.1788619 0.0461643 0.2207227 -0.2478133 0.0981489 -0.0090276 -0.2013051 -0.0614649 0.2368404 -0.2571962 0.2120898 0.0285951 -0.9768317 0.1377816 0.6587678 -0.7396223 0.4378923 -0.0402769 -0.8981248 -0.1731432 0.6671661 -0.7245073 -0.0198741 0.0000620 -0.0041578 -0.0540651 -0.0302963 0.0020079 -0.0228083 -0.0002354 -0.0106068 -0.0406723 -0.0179175 0.0151142 -0.1090865 0.0001857 -0.0174328 -0.1631829 -0.0465402 -0.0506511 -0.1031897 -0.0008745 -0.0433001 -0.1255049 -0.0270379 0.0166618
0.0189604 0.0052978 -0.1830197 -0.0079008 0.1904264 -0.2458055 0.0753406 -0.0092631 -0.2119120 -0.1021372 0.2189229 -0.2420821 0.1030033 0.0287808 -0.9942645 -0.0254013 0.6122276 -0.7902734 0.3347026 -0.0411514 -0.9414248 -0.2986481 0.6401282 -0.7078455 0.0056965 0.0044705 0.0036534 -0.0066334 -0.0023259 -0.0001247 0.0070678 0.0059080 0.0057467 -0.0020488 -0.0177286 0.0024223 0.0329848 0.0250936 0.0050200 -0.0214893 -0.0053719 -0.0031542 0.0364216 0.0260417 0.0129645 -0.0172547 -0.0300863 -0.0188280
0.0246569 0.0097683 -0.1793664 -0.0145342 0.1881005 -0.2459301 0.0824084 -0.0033551 -0.2061653 -0.1041860 0.2011943 -0.2396598 0.1359881 0.0538744 -0.9892446 -0.0468906 0.6068557 -0.7934276 0.3711242 -0.0151097 -0.9284603 -0.3159029 0.6100419 -0.7266734 0.0137080 0.0006627 0.0035561 0.0232951 -0.0217172 0.0064520 0.0157751 0.0009228 0.0084040 0.0143589 -0.0129552 -0.0034258 0.0768550 0.0039955 0.0138734 0.0769210 -0.0365345 -0.0274450 0.0735348 0.0040939 0.0328281 0.0354578 -0.0223497 -0.0322525
0.0383649 0.0104310 -0.1758102 0.0087609 0.1663833 -0.2394782 0.0981835 -0.0024323 -0.1977613 -0.0898272 0.1882391 -0.2430857 0.2128432 0.0578699 -0.9753711 0.0300304 0.5703213 -0.8208726 0.4446590 -0.0110157 -0.8956322 -0.2804451 0.5876922 -0.7589259 -0.0003077 -0.0032443 0.0021005 0.0062656 -0.1644888 0.0737008 0.0000910 -0.0030260 0.0030895 -0.0048297 -0.0194812 0.0028346 0.0009915 -0.0174892 -0.0006638 0.0602366 -0.5589408 -0.1749800 0.0058537 -0.0140066 0.0032129 -0.0264046 -0.0406288 -0.0198969
0.0380572 0.0071867 -0.1737098 0.0150266 0.0018945 -0.1657774 0.0982746 -0.0054584 -0.1946718 -0.0946569 0.1687579 -0.2402510 0.2138347 0.0403806 -0.9760349 0.0902670 0.0113805 -0.9958526 0.4505127 -0.0250224 -0.8924193 -0.3068497 0.5470634 -0.7788228 0.0054126 -0.0000254 -0.0023748 0.0206756 -0.0278501 0.0253725 0.0058692 0.0009109 -0.0015829 0.0566138 -0.1512194 0.0696033 0.0256520 -0.0009268 0.0059372 0.1523078 -0.1877336 0.0418835 0.0181352 0.0045587 0.0092713 0.0903446 -0.4472505 -0.1923430
0.0434698 0.0071614 -0.1760846 0.0357021 -0.0259556 -0.1404050 0.1041438 -0.0045475 -0.1962547 -0.0380431 0.0175386 -0.1706477 0.2394867 0.0394539 -0.9700977 0.2425748 -0.1763531 -0.9539691 0.4686479 -0.0204637 -0.8831480 -0.2165051 0.0998129 -0.9711657 -0.1147546 0.1310797 -0.0961799 -0.0175180 -0.0020909 -0.0137255 -0.2838239 0.2358619 -0.1110658 -0.0581691 0.1089048 -0.0691376 -0.4668267 0.4014217 0.1017975 -0.1272763 -0.0014790 -0.0233139 -0.8918792 0.5653181 0.1592634 -0.1179731 0.3397629 0.1375607
-0.0712848 0.1382411 -0.2722645 0.0181841 -0.0280465 -0.1541304 -0.1796801 0.2313144 -0.3073205 -0.0962122 0.1264434 -0.2397854 -0.2273400 0.4408755 -0.8683002 0.1152985 -0.1778321 -0.9772830 -0.4232313 0.5448544 -0.7238846 -0.3344782 0.4395758 -0.8336051 0.0248842 -0.0083377 0.0127499 -0.0139166 -0.0016900 -0.0019076 0.0210128 -0.0041144 0.0054947 -0.0072544 -0.0055390 0.0015960 0.0694596 0.0011269 -0.0147103 -0.0884426 -0.0093035 -0.0046839 0.0360004 0.0096318 -0.0127275 -0.0267165 -0.0175069 0.0021027
-0.0464007 0.1299034 -0.2595146 0.0042675 -0.0297365 -0.1560380 -0.1586673 0.2271999 -0.3018258 -0.1034666 0.1209044 -0.2381894 -0.1578804 0.4420025 -0.8830105 0.0268559 -0.1871356 -0.9819669 -0.3872309 0.5544862 -0.7366120 -0.3611947 0.4220689 -0.8315024 0.0714606 -0.0874833 0.0443508 0.0019261 0.0012341 -0.0000761 0.2395220 -0.1836459 0.0533367 0.0040170 -0.0004807 0.0005848 0.2714112 -0.2498236 -0.0917602 0.0121431 0.0076670 -0.0010235 0.6924380 -0.3900800 -0.2013748 0.0114361 0.0014545 -0.0041392
0.0250600 0.0424202 -0.2151638 0.0061936 -0.0285024 -0.1561141 0.0808547 0.0435541 -0.2484891 -0.0994496 0.1204238 -0.2376046 0.1135308 0.1921788 -0.9747708 0.0389990 -0.1794686 -0.9829904 0.3052071 0.1644062 -0.9379868 -0.3497586 0.4235234 -0.8356416 0.0045845 -0.0041175 0.0068072 -0.0044873 0.0091252 -0.0077566 0.0061125 -0.0052557 0.0094916 0.0031717 0.0047907 -0.0035679 0.0250516 -0.0131209 0.0007414 -0.0286585 0.0620463 -0.0100378 0.0329286 -0.0154990 0.0087447 0.0157988 0.0108086 -0.0009148
0.0296445 0.0383027 -0.2083567 0.0017064 -0.0193772 -0.1638707 0.0869672 0.0382984 -0.2389975 -0.0962780 0.1252145 -0.2411725 0.1385824 0.1790579 -0.9740293 0.0103404 -0.1174223 -0.9930282 0.3381356 0.1489072 -0.9292421 -0.3339598 0.4343320 -0.8365564 0.0848651 -0.0005454 0.0585314 -0.0063950 0.1177596 -0.0530712 0.1128983 -0.0005496 0.0785113 -0.0871520 0.0766780 -0.0544655 0.4568398 0.0172707 0.1949739 -0.0300196 0.5303536 0.0824787 0.4332813 -0.0032091 0.3098165 -0.1220446 0.0675698 0.1016043
0.1145096 0.0377573 -0.1498253 -0.0046886 0.0983824 -0.2169419 0.1998655 0.0377488 -0.1604862 -0.1834300 0.2018925 -0.2956381 0.5954222 0.1963286 -0.7790555 -0.0196792 0.4129313 -0.9105496 0.7714169 0.1456981 -0.6194256 -0.4560044 0.5019018 -0.7349521 0.0000624 -0.0013190 0.0014020 -0.0009978 0.0229346 -0.0027093 0.0000338 -0.0016840 0.0023470 -0.0016108 0.0231231 -0.0039333 0.0044067 -0.0055602 0.0020016 -0.0029766 0.0704197 0.0354161 0.0051127 -0.0056009 0.0051174 0.0131851 0.0365807 0.0180507
0.1145720 0.0364382 -0.1484233 -0.0056864 0.1213170 -0.2196512 0.1998993 0.0360647 -0.1581392 -0.1850408 0.2250155 -0.2995714 0.5998289 0.1907684 -0.7770538 -0.0226557 0.4833509 -0.8751335 0.7765296 0.1400972 -0.6143082 -0.4428192 0.5384825 -0.7169014 0.0005988 0.0005623 -0.0004651 0.0012484 -0.0266013 0.0039549 0.0006091 0.0005403 -0.0001124 0.0341968 -0.0318264 0.0134570 0.0005315 0.0021071 0.0009312 0.0038202 -0.0813614 -0.0403171 0.0004998 0.0017579 0.0010363 0.0424327 -0.0256988 -0.0425349
0.1151708 0.0370005 -0.1488883 -0.0044380 0.0947158 -0.2156962 0.2005084 0.0366050 -0.1582517 -0.1508439 0.1931891 -0.2861144 0.6003604 0.1928756 -0.7761227 -0.0188355 0.4019895 -0.9154505 0.7770294 0.1418552 -0.6132719 -0.4003865 0.5127837 -0.7594363 -0.1007085 0.0756703 -0.0631307 -0.0002642 0.0000497 0.0007653 -0.1340895 0.1008471 -0.0839428 0.0005171 0.0000146 0.0007932 -0.5402342 0.2755465 -0.1053339 -0.0011788 0.0013668 0.0006264 -0.5450317 0.3382575 -0.2327002 0.0005217 0.0011322 0.0004906
0.0144623 0.1126708 -0.2120191 -0.0047022 0.0947655 -0.2149310 0.0664189 0.1374521 -0.2421945 -0.1503268 0.1932037 -0.2853212 0.0601262 0.4684221 -0.8814565 -0.0200144 0.4033563 -0.9148241 0.2319977 0.4801127 -0.8459721 -0.3998648 0.5139159 -0.7589457 0.0008818 -0.0001316 -0.0006839 0.0003903 -0.0000951 -0.0003897 0.0009820 -0.0000987 -0.0004807 0.0006210 -0.0000862 -0.0002220 0.0035085 -0.0017037 -0.0006572 0.0016856 -0.0009372 -0.0004479 0.0029471 -0.0013292 0.0000601 0.0015210 -0.0000604 -0.0008403
0.0153442 0.1125392 -0.2127029 -0.0043119 0.0946704 -0.2153207 0.0674010 0.1373534 -0.2426752 -0.1497058 0.1931175 -0.2855433 0.0636348 0.4667183 -0.8821137 -0.0183288 0.4024191 -0.9152720 0.2349448 0.4787835 -0.8459121 -0.3983437 0.5138555 -0.7597860 0.0003428 -0.0002423 0.0005301 0.0004753 -0.0017590 0.0009117 0.0005264 -0.0003090 0.0007982 0.0018303 -0.0017396 0.0011496 0.0015726 0.0000765 0.0001554 0.0019124 -0.0048623 -0.0021586 0.0024129 0.0000890 0.0007243 0.0022409 -0.0012262 -0.0019973
0.0156869 0.1122969 -0.2121728 -0.0038366 0.0929114 -0.2144090 0.0679274 0.1370444 -0.2418770 -0.1478755 0.1913779 -0.2843936 0.0652074 0.4667949 -0.8819584 -0.0164164 0.3975569 -0.9174307 0.2373578 0.4788726 -0.8451878 -0.3961028 0.5126292 -0.7617833 0.0002690 0.0010428 0.0008672 -0.0002417 0.0009310 0.0010077 0.0005084 0.0009458 0.0012131 0.0000274 0.0009361 0.0008061 0.0011891 0.0048381 0.0026667 -0.0010751 0.0049256 0.0021701 0.0021511 0.0040600 0.0029220 -0.0000785 0.0027050 0.0018682
0.0159560 0.1133397 -0.2113056 -0.0040783 0.0938424 -0.2134013 0.0684358 0.1379902 -0.2406639 -0.1478482 0.1923140 -0.2835875 0.0663964 0.4716330 -0.8792917 -0.0174915 0.4024825 -0.9152606 0.2395089 0.4829326 -0.8422657 -0.3961813 0.5153342 -0.7599152 -0.0005214 -0.0001814 -0.0016550 -0.0654554 -0.0028629 -0.0204986 -0.0008931 -0.0000515 -0.0021999 -0.1873312 0.0110161 -0.0576718 -0.0025253 -0.0033614 -0.0019814 -0.2495090 -0.0531327 0.0171150 -0.0044577 -0.0029008 -0.0029090 -0.2486970 -0.1241311 0.1033391
0.0154345 0.1131583 -0.2129606 -0.0695337 0.0909795 -0.2338998 0.0675427 0.1379387 -0.2428637 -0.3351793 0.2033301 -0.3412593 0.0638711 0.4682715 -0.8812731 -0.2670005 0.3493498 -0.8981456 0.2350512 0.4800319 -0.8451747 -0.6448783 0.3912031 -0.6565761 -0.0507435 0.0083583 -0.0477966 -0.0010690 0.0013263 0.0017875 -0.0670137 0.0107254 -0.0648187 -0.0027869 0.0016180 0.0019907 -0.1856934 -0.0490177 -0.0183855 -0.0049886 0.0062484 0.0039577 -0.2335031 -0.0449801 -0.0552294 -0.0039443 0.0022533 0.0052533
-0.0353090 0.1215166 -0.2607572 -0.0706027 0.0923058 -0.2321124 0.0005290 0.1486641 -0.3076825 -0.3379663 0.2049481 -0.3392686 -0.1218223 0.4192539 -0.8996586 -0.2719891 0.3555982 -0.8941878 0.0015481 0.4350517 -0.9004041 -0.6488226 0.3934563 -0.6513228 -0.0104133 0.0019087 -0.0038989 0.0478794 -0.0511730 0.0341410 -0.0133101 0.0024180 -0.0056881 0.1358997 -0.0601168 0.0613547 -0.0328647 -0.0016832 0.0042778 0.1603115 -0.1534437 -0.0787776 -0.0382623 -0.0010623 0.0002346 0.1069219 -0.0050488 -0.0939847
-0.0457223 0.1234253 -0.2646561 -0.0227233 0.0411328 -0.1979714 -0.0127811 0.1510821 -0.3133706 -0.2020666 0.1448313 -0.2779140 -0.1546871 0.4175707 -0.8953807 -0.1116776 0.2021545 -0.9729654 -0.0367142 0.4339895 -0.9001695 -0.5419006 0.3884075 -0.7453075 -0.0063971 0.0078773 -0.0015162 0.0243621 -0.0485290 0.0318293 -0.0093786 0.0109500 -0.0015977 0.1144693 -0.0130160 0.0377976 -0.0182730 0.0181616 0.0120789 0.1215311 -0.2466256 -0.0259967 -0.0257259 0.0225742 0.0126726 0.2373034 0.0699471 -0.0896365
-0.0521194 0.1313027 -0.2661723 0.0016388 -0.0073962 -0.1661421 -0.0221597 0.1620322 -0.3149682 -0.0875972 0.1318154 -0.2401164 -0.1729601 0.4357323 -0.8833018 0.0098535 -0.0444711 -0.9989621 -0.0624401 0.4565636 -0.8874970 -0.3045973 0.4583546 -0.8349440 -0.0110156 0.0072067 -0.0002631 0.0008457 -0.0059210 0.0018384 -0.0142379 0.0096324 -0.0005442 0.0048041 0.0052843 -0.0029356 -0.0327900 0.0156546 0.0150180 0.0052164 -0.0363072 0.0023439 -0.0383763 0.0189239 0.0135704 0.0201591 0.0126551 -0.0000678
-0.0631350 0.1385094 -0.2664354 0.0024844 -0.0133172 -0.1643037 -0.0363976 0.1716646 -0.3155125 -0.0827932 0.1370997 -0.2430520 -0.2057501 0.4513869 -0.8682838 0.0150699 -0.0807782 -0.9966182 -0.1008164 0.4754875 -0.8739266 -0.2844382 0.4710097 -0.8350119 -0.0053311 0.0040737 0.0020268 0.0110749 0.0052214 -0.0005571 -0.1109286 0.0019902 0.0132274 0.0023815 0.0090596 -0.0023122 -0.0164657 0.0113856 0.0101103 0.0668026 0.0318951 0.0011749 -0.2884545 -0.0166502 0.0752174 0.0134200 0.0216032 0.0080405
-0.0684661 0.1425831 -0.2644086 0.0135594 -0.0080958 -0.1648608 -0.1473262 0.1736548 -0.3022851 -0.0804117 0.1461593 -0.2453642 -0.2222158 0.4627726 -0.8581735 0.0818725 -0.0488832 -0.9954433 -0.3892709 0.4588373 -0.7987092 -0.2710181 0.4926129 -0.8269714 -0.0115341 0.0041180 0.0039095 -0.0023121 0.0057573 -0.0017219 -0.0113360 0.0066196 0.0035397 -0.0032728 0.0174279 -0.0008103 -0.0362785 0.0112442 0.0164557 -0.0145149 0.0348786 -0.0021873 -0.0246629 0.0114807 0.0193122 -0.0014009 0.0399148 0.0255963
-0.0800001 0.1467011 -0.2604991 0.0112473 -0.0023385 -0.1665827 -0.1586622 0.1802744 -0.2987454 -0.0836844 0.1635872 -0.2461745 -0.2584943 0.4740168 -0.8417178 0.0673576 -0.0140046 -0.9976306 -0.4139338 0.4703181 -0.7793970 -0.2724190 0.5325277 -0.8013751 0.0381981 -0.0072786 -0.0073361 -0.0159064 0.1683851 -0.0663529 0.0954837 0.0221407 0.0398556 -0.0035231 0.0168184 -0.0017587 0.1213624 -0.0166398 -0.0369182 -0.0836428 0.5943880 0.1834501 0.2251414 0.1345470 0.0057720 -0.0011453 0.0333933 0.0236246
-0.0418020 0.1394225 -0.2678352 -0.0046592 0.1660467 -0.2329356 -0.0631785 0.2024151 -0.2588898 -0.0872075 0.1804057 -0.2479332 -0.1371319 0.4573770 -0.8786359 -0.0162852 0.5803835 -0.8141805 -0.1887924 0.6048651 -0.7736250 -0.2735643 0.5659210 -0.7777506 -0.0047409 0.0003384 0.0005555 -0.0043309 0.0025564 -0.0011793 -0.0178085 0.0003244 0.0024265 0.0003055 0.0180727 -0.0045044 -0.0153754 0.0005781 0.0028399 -0.0148603 0.0037300 0.0031062 -0.0516663 -0.0029105 0.0121591 0.0123396 0.0306986 0.0189313
-0.0465429 0.1397610 -0.2672797 -0.0089901 0.1686031 -0.2341148 -0.0809870 0.2027396 -0.2564633 -0.0869020 0.1984784 -0.2524376 -0.1525073 0.4579551 -0.8757960 -0.0311455 0.5841134 -0.8110743 -0.2404587 0.6019546 -0.7614659 -0.2612247 0.5966197 -0.7588192 0.0619188 -0.1664607 0.0585186 0.0276167 0.0038783 0.0015582 0.1488650 -0.2524501 0.0171059 0.0286588 0.0162601 -0.0105645 0.2253710 -0.5844805 -0.1134877 0.0953450 0.0103696 0.0095330 0.5079966 -0.7978862 -0.1819504 0.0921550 0.0267280 -0.0046289
0.0153759 -0.0266997 -0.2087611 0.0186266 0.1724814 -0.2325566 0.0678780 -0.0497105 -0.2393574 -0.0582432 0.2147385 -0.2630021 0.0728637 -0.1265254 -0.9892837 0.0641995 0.5944830 -0.8015412 0.2675380 -0.1959316 -0.9434163 -0.1690697 0.6233477 -0.7634482 0.0249340 0.0422621 0.0343669 0.0048769 0.0149385 0.0001555 0.0336050 0.0558901 0.0451737 0.0120819 0.0311347 0.0017827 0.1514946 0.2131434 0.0186341 0.0142812 0.0313326 0.0255286 0.1954527 0.2241246 0.0575016 0.0414431 0.0564412 0.0412304
0.0403099 0.0155625 -0.1743942 0.0235035 0.1874200 -0.2324011 0.1014829 0.0061796 -0.1941836 -0.0461614 0.2458732 -0.2612194 0.2243583 0.0866181 -0.9706496 0.0784808 0.6258156 -0.7760126 0.4629907 0.0281930 -0.8859146 -0.1276266 0.6797888 -0.7222178 0.0008843 0.0012487 -0.0000214 0.0386754 0.0506911 -0.0086398 0.0009230 0.0012548 0.0001075 0.0072771 0.0097149 -0.0016092 0.0044972 0.0067767 0.0016798 0.1020220 0.0654109 0.0762808 0.0034178 0.0056671 0.0019935 0.0221543 0.0134855 0.0093039
0.0411942 0.0168112 -0.1744156 0.0621789 0.2381111 -0.2410410 0.1024059 0.0074344 -0.1940761 -0.0388843 0.2555882 -0.2628286 0.2288555 0.0933948 -0.9689698 0.1805028 0.6912265 -0.6997319 0.4664085 0.0338601 -0.8839212 -0.1054723 0.6932744 -0.7129139 -0.0013275 -0.0007004 0.0010617 -0.0425551 0.0258893 -0.0194183 -0.0013950 -0.0008926 0.0009554 0.0075737 0.0168673 0.0005785 -0.0056461 -0.0031928 -0.0016182 -0.1276619 0.0196438 -0.0016035 -0.0031413 -0.0038572 -0.0017895 0.0229581 0.0247401 0.0217940
0.0398668 0.0161107 -0.1733538 0.0196238 0.2640003 -0.2604593 0.1010110 0.0065418 -0.1931207 -0.0313106 0.2724554 -0.2622501 0.2232094 0.0902020 -0.9705880 0.0528409 0.7108703 -0.7013353 0.4632671 0.0300028 -0.8857107 -0.0825142 0.7180145 -0.6911198 -0.0227887 -0.0387608 -0.0293511 0.0641255 -0.0109639 0.0126049 -0.0306329 -0.0516923 -0.0391370 0.0191301 0.0240207 -0.0008750 -0.1397716 -0.2008628 -0.0197616 0.1772595 -0.0156554 0.0203580 -0.1781632 -0.2129087 -0.0551725 0.0518010 0.0295545 0.0276461
0.0170781 -0.0226501 -0.2027049 0.0837493 0.2530364 -0.2478544 0.0703781 -0.0451505 -0.2322577 -0.0121804 0.2964761 -0.2631250 0.0834379 -0.1106607 -0.9903496 0.2301003 0.6952149 -0.6809773 0.2851039 -0.1829059 -0.9408832 -0.0307132 0.7475689 -0.6634738 0.0243752 0.0390425 0.0299443 0.0032289 0.0021258 -0.0010719 0.0323321 0.0521299 0.0400288 0.0127127 0.0130051 0.0030822 0.1488988 0.2025370 0.0220633 0.0069430 0.0001836 0.0025737 0.1859150 0.2149129 0.0593409 0.0320299 0.0180395 0.0201682
0.0414533 0.0163925 -0.1727606 0.0869782 0.2551622 -0.2489263 0.1027102 0.0069794 -0.1922288 0.0005322 0.3094812 -0.2600428 0.2323367 0.0918762 -0.9682863 0.2370434 0.6953984 -0.6784036 0.4710189 0.0320070 -0.8815423 0.0013167 0.7656084 -0.6433056 0.0015594 -0.0010082 -0.0006451 0.0119012 0.0058520 0.0004768 0.0015728 -0.0009531 -0.0006183 0.0136728 0.0140296 0.0014232 0.0075261 -0.0060851 0.0012777 0.0275704 0.0031082 0.0135217 0.0044646 -0.0045295 0.0022468 0.0329601 0.0150240 0.0192558
0.0430126 0.0153842 -0.1734058 0.0988794 0.2610141 -0.2484494 0.1042831 0.0060264 -0.1928471 0.0142051 0.3235107 -0.2586196 0.2398628 0.0857911 -0.9670086 0.2646138 0.6985067 -0.6648819 0.4754835 0.0274776 -0.8792954 0.0342768 0.7806324 -0.6240498 -0.0239182 -0.0379663 -0.0315690 0.0080390 0.0081346 0.0073308 -0.0319455 -0.0507198 -0.0420508 0.0147584 0.0148280 0.0005633 -0.1476626 -0.1948320 -0.0227435 0.0191075 0.0157128 0.0250439 -0.1859185 -0.2063840 -0.0609942 0.0336322 0.0126529 0.0189987
0.0190944 -0.0225820 -0.2049747 0.1069184 0.2691488 -0.2411186 0.0723375 -0.0446934 -0.2348979 0.0289634 0.3383388 -0.2580563 0.0922003 -0.1090409 -0.9897521 0.2837213 0.7142195 -0.6398381 0.2895650 -0.1789064 -0.9402896 0.0679090 0.7932852 -0.6050512 0.0248127 0.0404260 0.0330955 0.0082037 -0.0054917 0.0059329 0.0330359 0.0536175 0.0440173 0.0267205 0.0040314 0.0030063 0.1540622 0.2091228 0.0257301 0.0260867 -0.0046853 0.0069239 0.1933188 0.2198020 0.0655607 0.0614248 0.0019175 0.0126617
0.0439071 0.0178440 -0.1718792 0.1151221 0.2636571 -0.2351857 0.1053734 0.0089241 -0.1908806 0.0556840 0.3423702 -0.2550501 0.2462624 0.1000819 -0.9640220 0.3098080 0.7095341 -0.6329142 0.4828839 0.0408956 -0.8747290 0.1293338 0.7952028 -0.5923895 0.0007733 -0.0023057 -0.0001328 0.0118761 0.0013905 0.0024280 0.0007568 -0.0024014 -0.0001294 0.0109454 0.0168917 -0.0030110 0.0041905 -0.0129827 -0.0001808 0.0289384 -0.0025644 0.0120722 0.0025901 -0.0110586 0.0009871 0.0196151 0.0079224 0.0154976
0.0446803 0.0155383 -0.1720120 0.1269983 0.2650476 -0.2327578 0.1061302 0.0065227 -0.1910100 0.0666293 0.3592619 -0.2580610 0.2504530 0.0870992 -0.9642028 0.3387464 0.7069697 -0.6208420 0.4854740 0.0298370 -0.8737418 0.1489489 0.8031251 -0.5768919 -0.0220383 -0.0321820 -0.0324053 0.0136398 0.0097701 0.0013146 -0.0293594 -0.0429857 -0.0433254 0.0082622 0.0086124 0.0022181 -0.1407212 -0.1677606 -0.0264801 0.0257553 0.0052951 0.0209942 -0.1774938 -0.1761151 -0.0663384 0.0158984 0.0066212 0.0137434
0.0226420 -0.0166436 -0.2044172 0.1406380 0.2748177 -0.2314432 0.0767708 -0.0364630 -0.2343354 0.0748915 0.3678743 -0.2558429 0.1097318 -0.0806614 -0.9906829 0.3645017 0.7122648 -0.5998478 0.3079802 -0.1462781 -0.9400803 0.1648473 0.8097464 -0.5631484 -0.0053976 0.0098139 0.0112343 -0.0119156 0.0084712 -0.0117638 -0.0043567 0.0130829 0.0111508 -0.0008103 0.0151332 0.0013212 -0.0208759 0.0454694 -0.0047397 -0.0385664 0.0050449 -0.0159712 -0.0008813 0.0471261 -0.0064181 -0.0058046 0.0125217 0.0167231
0.0172444 -0.0068298 -0.1931829 0.1287225 0.2832890 -0.2432070 0.0724140 -0.0233801 -0.2231846 0.0740812 0.3830076 -0.2545217 0.0888559 -0.0351920 -0.9954226 0.3259352 0.7173097 -0.6158190 0.3070989 -0.0991520 -0.9464984 0.1590427 0.8222681 -0.5464253 -0.0114971 -0.0074799 -0.0099565 0.0160394 0.0107267 0.0044896 -0.0145862 -0.0102166 -0.0136174 0.0160860 0.0070547 0.0051411 -0.0606450 -0.0350485 -0.0017085 0.0311073 0.0078548 0.0270430 -0.0720886 -0.0373836 -0.0158572 0.0321244 0.0047192 0.0177032
0.0057472 -0.0143097 -0.2031394 0.1447618 0.2940157 -0.2387174 0.0578278 -0.0335967 -0.2368020 0.0901672 0.3900623 -0.2493806 0.0282109 -0.0702405 -0.9971311 0.3570426 0.7251644 -0.5887760 0.2350103 -0.1365357 -0.9623555 0.1911671 0.8269873 -0.5287222 0.0108079 0.0119704 0.0108066 -0.0070123 0.0459758 0.0051896 0.0141966 0.0158195 0.0144314 0.0113966 0.0055192 -0.0003969 0.0575414 0.0581235 0.0008883 -0.0402761 0.0566744 0.0517592 0.0722363 0.0607006 0.0137521 0.0209825 -0.0006843 0.0069791
0.0165552 -0.0023393 -0.1923328 0.1377495 0.3399915 -0.2335278 0.0720244 -0.0177772 -0.2223706 0.1015638 0.3955815 -0.2497775 0.0857523 -0.0121169 -0.9962428 0.3167665 0.7818388 -0.5370168 0.3072466 -0.0758351 -0.9486035 0.2121496 0.8263030 -0.5217431 -0.0001832 0.0007887 0.0031873 0.0062232 0.0001956 0.0045829 0.0003149 0.0011206 0.0039561 0.0215795 0.0138872 0.0092046 0.0004801 0.0039499 0.0000012 0.0145151 0.0009326 0.0102138 0.0063390 0.0036302 0.0017928 0.0388476 0.0082979 0.0313946
0.0163720 -0.0015506 -0.1891455 0.1439727 0.3401871 -0.2289449 0.0723393 -0.0166565 -0.2184145 0.1231433 0.4094687 -0.2405729 0.0862324 -0.0081671 -0.9962416 0.3312816 0.7827715 -0.5268029 0.3135856 -0.0722049 -0.9468107 0.2509972 0.8346009 -0.4903485 0.0001383 0.0007881 -0.0002752 0.0093620 0.0040193 0.0033975 0.0001820 0.0008809 -0.0002365 0.0108155 0.0081465 0.0045423 0.0005996 0.0041571 0.0000267 0.0178733 0.0010127 0.0132143 0.0004907 0.0038834 -0.0001255 0.0179671 0.0038928 0.0164429
0.0165103 -0.0007625 -0.1894207 0.1533347 0.3442063 -0.2255474 0.0725214 -0.0157757 -0.2186510 0.1339588 0.4176151 -0.2360306 0.0868320 -0.0040099 -0.9962149 0.3491549 0.7837841 -0.5135886 0.3140764 -0.0683215 -0.9469362 0.2689643 0.8384937 -0.4739056 0.0115423 0.0169619 0.0170219 0.0124608 0.0073554 0.0007969 0.0152464 0.0217573 0.0228703 0.0138618 0.0072699 -0.0002864 0.0730886 0.0963590 0.0134143 0.0201043 -0.0007873 0.0130254 0.0948362 0.0961902 0.0347883 0.0219309 -0.0023649 0.0088588
0.0280526 0.0161995 -0.1723988 0.1657956 0.3515618 -0.2247505 0.0877678 0.0059817 -0.1957807 0.1478206 0.4248851 -0.2363170 0.1599206 0.0923490 -0.9828006 0.3692592 0.7829969 -0.5005633 0.4089126 0.0278687 -0.9121479 0.2908953 0.8361288 -0.4650468 -0.0006591 -0.0016471 -0.0004552 0.0077987 0.0016986 0.0026472 -0.0007439 -0.0018638 -0.0005714 0.0108794 0.0015434 0.0042417 -0.0039344 -0.0094839 -0.0014766 0.0148425 -0.0013588 0.0091288 -0.0037963 -0.0086992 -0.0019163 0.0198121 -0.0012548 0.0106831
0.0273936 0.0145524 -0.1728540 0.1735943 0.3532604 -0.2221032 0.0870239 0.0041178 -0.1963521 0.1587000 0.4264285 -0.2320753 0.1559862 0.0828652 -0.9842772 0.3841017 0.7816381 -0.4914345 0.4051163 0.0191695 -0.9140642 0.3107074 0.8348740 -0.4543637 0.0008160 -0.0018670 -0.0002709 0.0133408 0.0061456 0.0028699 0.0008508 -0.0018635 -0.0001818 0.0147508 0.0008169 0.0031005 0.0044174 -0.0107342 -0.0001352 0.0217226 -0.0013905 0.0154929 0.0030404 -0.0086988 0.0012123 0.0261993 -0.0050025 0.0096084
0.0282096 0.0126854 -0.1731249 0.1869351 0.3594060 -0.2192333 0.0878747 0.0022543 -0.1965339 0.1734507 0.4272454 -0.2289748 0.1604036 0.0721310 -0.9844124 0.4058243 0.7802476 -0.4759416 0.4081567 0.0104707 -0.9128518 0.3369066 0.8298714 -0.4447553 -0.0241090 -0.0378277 -0.0288196 0.0050847 -0.0016726 0.0013245 -0.0327934 -0.0505133 -0.0383226 0.0091948 -0.0013798 0.0011582 -0.1402576 -0.1956529 -0.0077249 0.0108929 -0.0039025 0.0030408 -0.1842568 -0.2066382 -0.0418141 0.0168150 -0.0051162 0.0035528
0.0041006 -0.0251423 -0.2019445 0.1920199 0.3577334 -0.2179088 0.0550814 -0.0482590 -0.2348565 0.1826456 0.4258656 -0.2278167 0.0201460 -0.1235219 -0.9921373 0.4167172 0.7763451 -0.4729007 0.2238999 -0.1961676 -0.9546660 0.3537217 0.8247553 -0.4412026 0.0125233 0.0154623 0.0112408 0.0053917 0.0024242 0.0015130 0.0166998 0.0205548 0.0150111 0.0128633 0.0031174 0.0030173 0.0665853 0.0730193 -0.0028135 0.0085255 -0.0005323 0.0067643 0.0842789 0.0772250 0.0108024 0.0206098 -0.0034021 0.0107901
0.0166239 -0.0096799 -0.1907037 0.1974116 0.3601576 -0.2163958 0.0717812 -0.0277042 -0.2198454 0.1955089 0.4289830 -0.2247993 0.0867314 -0.0505027 -0.9949508 0.4252427 0.7758128 -0.4661364 0.3081787 -0.1189425 -0.9438636 0.3743315 0.8213532 -0.4304125 0.0108022 -0.0020923 -0.0024941 0.0287603 -0.0511224 0.0226060 0.0117702 -0.0030579 0.0000906 0.0193646 0.0000501 0.0141605 0.0535634 -0.0097166 0.0066740 0.1017213 -0.0557834 0.0146205 0.0442011 -0.0107972 0.0170432 0.0357079 -0.0026365 0.0284539
0.0274262 -0.0117722 -0.1931978 0.2261719 0.3090352 -0.1937897 0.0835514 -0.0307621 -0.2197548 0.2148735 0.4290331 -0.2106388 0.1402947 -0.0602192 -0.9882768 0.5269640 0.7200294 -0.4515159 0.3523798 -0.1297397 -0.9268204 0.4100394 0.8187167 -0.4019586 -0.0101012 0.0053029 0.0010564 -0.0163770 0.0525674 -0.0207026 -0.0110194 0.0070525 -0.0018939 -0.0123484 -0.0002093 -0.0143111 -0.0505417 0.0267046 -0.0071232 -0.0804679 0.0495516 -0.0049776 -0.0429648 0.0285969 -0.0187125 -0.0241960 -0.0017371 -0.0266078
0.0173250 -0.0064693 -0.1921414 0.2097949 0.3616026 -0.2144924 0.0725320 -0.0237096 -0.2216487 0.2025251 0.4288238 -0.2249499 0.0897530 -0.0335146 -0.9954000 0.4464961 0.7695810 -0.4564935 0.3094150 -0.1011428 -0.9455329 0.3858435 0.8169796 -0.4285664 0.0200759 0.0176165 0.0231909 0.0112993 0.0003584 0.0137350 0.0257766 0.0234144 0.0333437 0.0123629 -0.0000087 0.0129707 0.1259390 0.0978008 0.0210570 0.0246620 0.0017686 0.0286736 0.1533819 0.0997534 0.0590696 0.0239360 0.0007470 0.0243338
0.0374009 0.0111472 -0.1689505 0.2210942 0.3619611 -0.2007574 0.0983086 -0.0002951 -0.1883051 0.2148880 0.4288152 -0.2119792 0.2156921 0.0642861 -0.9743430 0.4711582 0.7713496 -0.4278198 0.4627969 -0.0013894 -0.8864633 0.4097795 0.8177266 -0.4042326 0.0026955 -0.0013649 -0.0012104 -0.0021447 -0.0533997 0.0061700 0.0026416 -0.0012988 -0.0014039 -0.0002290 -0.0023957 -0.0033468 0.0133064 -0.0084177 0.0025208 0.0434644 -0.0461019 -0.0295416 0.0069526 -0.0060277 0.0036947 0.0000981 -0.0035060 -0.0069186
0.0400964 0.0097823 -0.1701609 0.2189495 0.3085614 -0.1945874 0.1009502 -0.0015940 -0.1897090 0.2146590 0.4264195 -0.2153260 0.2289985 0.0558685 -0.9718222 0.5146225 0.7252477 -0.4573614 0.4697495 -0.0074171 -0.8827686 0.4098775 0.8142206 -0.4111512 0.0012925 -0.0001663 -0.0005103 -0.0144321 0.0499445 -0.0196210 0.0013339 -0.0001405 -0.0003810 -0.0074268 -0.0036290 -0.0066106 0.0063248 -0.0011953 0.0014440 -0.0748145 0.0457076 -0.0032868 0.0040766 -0.0006179 0.0021868 -0.0117608 -0.0019918 -0.0152144
0.0413889 0.0096160 -0.1706712 0.2045174 0.3585059 -0.2142084 0.1022842 -0.0017345 -0.1900900 0.2072322 0.4227905 -0.2219366 0.2353233 0.0546732 -0.9703782 0.4398080 0.7709553 -0.4606482 0.4738261 -0.0080350 -0.8805818 0.3981167 0.8122287 -0.4263655 -0.0023916 0.0003117 0.0023515 -0.0047804 -0.0069441 0.0025366 -0.0023815 0.0002589 0.0024265 -0.0137264 -0.0013221 -0.0016960 -0.0099874 0.0026914 -0.0022127 -0.0021665 -0.0006521 -0.0031435 -0.0039249 0.0010944 -0.0021100 -0.0222828 0.0063623 -0.0079817
0.0389973 0.0099277 -0.1683197 0.1997370 0.3515618 -0.2116718 0.0999027 -0.0014756 -0.1876635 0.1935058 0.4214684 -0.2236326 0.2253359 0.0573645 -0.9725909 0.4376415 0.7703033 -0.4637917 0.4699011 -0.0069407 -0.8826918 0.3758340 0.8185911 -0.4343472 -0.0035827 -0.0046991 -0.0086645 -0.0068601 -0.0041585 0.0005900 -0.0049485 -0.0062440 -0.0116923 -0.0130407 -0.0001303 -0.0028164 -0.0292073 -0.0284080 -0.0075597 -0.0089692 0.0018069 -0.0053415 -0.0401458 -0.0279976 -0.0195774 -0.0228433 0.0055484 -0.0085882
0.0354146 0.0052286 -0.1769842 0.1928768 0.3474032 -0.2110818 0.0949542 -0.0077196 -0.1993558 0.1804651 0.4213380 -0.2264490 0.1961286 0.0289566 -0.9801506 0.4286723 0.7721101 -0.4691332 0.4297554 -0.0349383 -0.9022692 0.3529907 0.8241394 -0.4429354 0.0065030 0.0128518 0.0157131 -0.0337199 0.0295104 -0.0186610 0.0088278 0.0165717 0.0207568 -0.0199732 -0.0098448 -0.0085174 0.0539651 0.0789168 0.0179570 -0.0894848 0.0311501 -0.0204838 0.0722067 0.0777535 0.0384399 -0.0321951 -0.0016357 -0.0267217
0.0419176 0.0180804 -0.1612711 0.1591569 0.3769136 -0.2297429 0.1037820 0.0088522 -0.1785989 0.1604919 0.4114932 -0.2349664 0.2500937 0.1078734 -0.9621936 0.3391875 0.8032603 -0.4896170 0.5019620 0.0428152 -0.8638292 0.3207956 0.8225037 -0.4696571 -0.0017172 0.0006982 -0.0016411 -0.0023321 -0.0465898 -0.0020328 -0.0018549 0.0008085 -0.0021641 -0.0261236 -0.0076966 -0.0184918 -0.0120050 0.0033439 -0.0026611 0.0230535 -0.0402631 -0.0457490 -0.0113250 0.0036872 -0.0062931 -0.0495230 -0.0072895 -0.0420429
0.0402004 0.0187786 -0.1629122 0.1568248 0.3303238 -0.2317756 0.1019271 0.0096606 -0.1807630 0.1343683 0.4037966 -0.2534582 0.2380887 0.1112173 -0.9648546 0.3622411 0.7629972 -0.5353660 0.4906370 0.0465024 -0.8701223 0.2712726 0.8152142 -0.5117000 0.0013797 -0.0006950 -0.0010948 -0.0054639 -0.0014953 0.0006834 0.0011950 -0.0010990 -0.0015007 -0.0072135 -0.0046970 0.0000936 0.0062711 -0.0049427 0.0010113 -0.0098022 0.0026693 -0.0027248 0.0013835 -0.0056530 0.0004976 -0.0115253 0.0000519 -0.0058640
0.0415801 0.0180836 -0.1640070 0.1513609 0.3288285 -0.2310923 0.1031220 0.0085616 -0.1822637 0.1271548 0.3990996 -0.2533647 0.2443598 0.1062746 -0.9638433 0.3524388 0.7656665 -0.5380908 0.4920205 0.0408494 -0.8696247 0.2597472 0.8152661 -0.5175640 -0.0002481 0.0012239 0.0005673 -0.0073871 -0.0050239 -0.0007438 -0.0002088 0.0011920 0.0007327 -0.0357877 -0.0110235 -0.0055527 -0.0007815 0.0075086 0.0006596 -0.0124521 -0.0010184 -0.0093782 0.0006200 0.0058403 0.0006452 -0.0675505 0.0010776 -0.0270857
0.0413320 0.0193075 -0.1634397 0.1439738 0.3238046 -0.2318361 0.1029133 0.0097535 -0.1815310 0.0913671 0.3880761 -0.2589173 0.2435783 0.1137832 -0.9631838 0.3399867 0.7646481 -0.5474690 0.4926404 0.0466897 -0.8689796 0.1921967 0.8163437 -0.5446497 0.0028878 -0.0021911 -0.0023156 -0.0076115 -0.0024519 -0.0064534 0.0028373 -0.0024917 -0.0023085 -0.0130622 -0.0195019 -0.0022894 0.0129110 -0.0145022 0.0017492 -0.0173603 -0.0043434 -0.0163120 0.0056905 -0.0124696 0.0026682 -0.0214059 -0.0124460 -0.0250686
0.0442198 0.0171165 -0.1657553 0.1363623 0.3213527 -0.2382895 0.1057506 0.0072618 -0.1838395 0.0783049 0.3685742 -0.2612068 0.2564893 0.0992810 -0.9614346 0.3226264 0.7603046 -0.5637810 0.4983309 0.0342201 -0.8663113 0.1707909 0.8038977 -0.5697183 -0.0044751 -0.0009322 -0.0022622 -0.0748914 0.0081701 -0.0084810 -0.0050332 -0.0010773 -0.0039788 -0.0351950 -0.0186735 -0.0036205 -0.0272957 -0.0059523 -0.0074617 -0.1749467 0.0313519 -0.0290686 -0.0259423 -0.0052130 -0.0146016 -0.0730212 -0.0103526 -0.0308874
0.0397448 0.0161842 -0.1680175 0.0614709 0.3295228 -0.2467705 0.1007174 0.0061846 -0.1878183 0.0431099 0.3499007 -0.2648273 0.2291937 0.0933287 -0.9688963 0.1476797 0.7916565 -0.5928496 0.4723886 0.0290071 -0.8809129 0.0977696 0.7935451 -0.6006057 0.0088045 -0.0011000 -0.0020555 -0.0014619 -0.0566912 -0.0033572 0.0095014 0.0022106 -0.0012686 -0.0318509 -0.0185955 -0.0014832 0.0443097 -0.0083513 0.0107863 0.0123573 -0.0640461 -0.0742120 0.0308329 0.0093222 0.0176059 -0.0712915 -0.0144049 -0.0256845
0.0485493 0.0150842 -0.1700730 0.0600090 0.2728316 -0.2501277 0.1102187 0.0083951 -0.1890869 0.0112590 0.3313052 -0.2663105 0.2735034 0.0849773 -0.9581100 0.1600370 0.7276105 -0.6670616 0.5032215 0.0383293 -0.8633070 0.0264781 0.7791402 -0.6262902 -0.0309361 -0.0399974 -0.0398590 0.0068832 -0.0260815 0.0124856 -0.0406268 -0.0547409 -0.0532142 -0.0098159 -0.0163295 0.0020608 -0.1904763 -0.2024161 -0.0314933 0.0316053 -0.0206856 -0.0137691 -0.2317192 -0.2191403 -0.0819940 -0.0229682 -0.0130450 -0.0164273
0.0176132 -0.0249132 -0.2099320 0.0668922 0.2467502 -0.2376421 0.0695919 -0.0463458 -0.2423011 0.0014431 0.3149758 -0.2642497 0.0830271 -0.1174387 -0.9896033 0.1916423 0.7069249 -0.6808307 0.2715023 -0.1808109 -0.9453010 0.0035100 0.7660952 -0.6427175 0.0165992 0.0255355 0.0180615 -0.0574053 0.0147442 -0.0203392 0.0223596 0.0338644 0.0239169 -0.0204671 -0.0284133 0.0008627 0.0925127 0.1206319 0.0051361 -0.1658244 0.0047103 -0.0212439 0.1160183 0.1282093 0.0249419 -0.0523292 -0.0307216 -0.0331836
0.0342123 0.0006223 -0.1918704 0.0094869 0.2614943 -0.2579812 0.0919515 -0.0124814 -0.2183843 -0.0190240 0.2865624 -0.2633870 0.1755398 0.0031931 -0.9844672 0.0258179 0.7116352 -0.7020746 0.3875206 -0.0526016 -0.9203591 -0.0488193 0.7353736 -0.6759011 0.0113099 0.0266001 0.0164529 0.0037204 -0.0132551 -0.0004421 0.0148483 0.0351615 0.0221703 -0.0153015 -0.0220048 -0.0002812 0.0728611 0.1453513 0.0272673 0.0110143 -0.0193515 -0.0186102 0.0881066 0.1536064 0.0465303 -0.0426942 -0.0300493 -0.0270519
0.0455222 0.0272224 -0.1754175 0.0132073 0.2482392 -0.2584233 0.1067998 0.0226801 -0.1962140 -0.0343255 0.2645576 -0.2636682 0.2484009 0.1485445 -0.9571998 0.0368322 0.6922837 -0.7206848 0.4756272 0.1010047 -0.8738288 -0.0915135 0.7053243 -0.7029530 0.0004954 0.0014052 -0.0013100 0.0177656 -0.0452030 0.0237270 0.0003421 0.0007014 -0.0015859 -0.0055266 -0.0152474 0.0029202 0.0005440 0.0063247 0.0011444 0.0624799 -0.0412636 -0.0318508 -0.0018952 0.0023774 -0.0007512 -0.0182866 -0.0184262 -0.0154584
0.0460176 0.0286277 -0.1767275 0.0309729 0.2030363 -0.2346963 0.1071419 0.0233815 -0.1977999 -0.0398521 0.2493103 -0.2607480 0.2489449 0.1548692 -0.9560554 0.0993121 0.6510202 -0.7525356 0.4737320 0.1033821 -0.8745800 -0.1098001 0.6868981 -0.7184114 -0.0081335 -0.0001904 0.0006317 -0.0000135 -0.0122968 -0.0085227 -0.0085975 -0.0009668 -0.0004636 -0.0149445 -0.0212502 0.0059736 -0.0411965 0.0010745 -0.0096165 0.0003520 -0.0369939 -0.0304323 -0.0309058 -0.0026576 -0.0163518 -0.0484340 -0.0283371 -0.0172919
0.0378841 0.0284372 -0.1760958 0.0309594 0.1907394 -0.2432190 0.0985443 0.0224147 -0.1982635 -0.0547966 0.2280600 -0.2547744 0.2077484 0.1559436 -0.9656719 0.0996641 0.6140262 -0.7829680 0.4428263 0.1007245 -0.8909318 -0.1582341 0.6585610 -0.7357033 -0.0425698 -0.0350898 -0.0347144 -0.0867681 0.0021862 -0.0015849 -0.0542761 -0.0479338 -0.0506923 -0.0399308 -0.0165322 0.0131846 -0.2299587 -0.1874772 -0.0335840 -0.2759143 -0.0047452 0.0098493 -0.2686415 -0.2011357 -0.0886483 -0.1247132 -0.0267347 0.0140827
-0.0046856 -0.0066525 -0.2108102 -0.0558087 0.1929256 -0.2448039 0.0442683 -0.0255190 -0.2489557 -0.0947274 0.2115278 -0.2415899 -0.0222103 -0.0315336 -0.9992559 -0.1762502 0.6092811 -0.7731186 0.1741848 -0.1004112 -0.9795801 -0.2829473 0.6318264 -0.7216206 -0.0011714 -0.0054321 -0.0068001 0.0478319 -0.0090631 0.0007116 -0.0027572 -0.0076101 -0.0076546 0.0009369 -0.0120661 0.0018082 -0.0046538 -0.0238946 0.0011547 0.1501564 -0.0078258 -0.0253616 -0.0157753 -0.0260124 0.0003337 -0.0050233 -0.0194066 -0.0145960
-0.0058570 -0.0120847 -0.2176103 -0.0079768 0.1838626 -0.2440923 0.0415110 -0.0331291 -0.2566103 -0.0937905 0.1994618 -0.2397817 -0.0268641 -0.0554281 -0.9981012 -0.0260938 0.6014552 -0.7984802 0.1584095 -0.1264236 -0.9792464 -0.2879706 0.6124198 -0.7362166 0.0060902 -0.0009293 -0.0015460 0.0050759 -0.0096567 0.0060051 0.0070939 -0.0008341 -0.0003464 0.0016081 -0.0116602 0.0020247 0.0279260 -0.0038496 -0.0001397 0.0162613 -0.0109834 -0.0085181 0.0259029 -0.0023666 0.0048533 -0.0031061 -0.0194144 -0.0145289
0.0002331 -0.0130140 -0.2191563 -0.0029009 0.1742059 -0.2380873 0.0486049 -0.0339632 -0.2569567 -0.0921824 0.1878016 -0.2377570 0.0010619 -0.0592778 -0.9982410 -0.0098325 0.5904719 -0.8069983 0.1843124 -0.1287902 -0.9743932 -0.2910767 0.5930054 -0.7507456 0.0449663 0.0376169 0.0434204 0.0157126 -0.0019863 -0.0005126 0.0579648 0.0538221 0.0607562 0.0018985 -0.0065956 0.0024956 0.2457734 0.1936350 0.0385428 0.0533299 -0.0057645 -0.0030790 0.2911133 0.2173843 0.0991095 0.0001933 -0.0091826 -0.0072371
0.0451994 0.0246029 -0.1757358 0.0128117 0.1722195 -0.2385999 0.1065697 0.0198589 -0.1962005 -0.0902839 0.1812059 -0.2352614 0.2468352 0.1343573 -0.9596981 0.0434974 0.5847074 -0.8100773 0.4754257 0.0885941 -0.8752837 -0.2908835 0.5838228 -0.7579827 -0.0611619 0.0958488 -0.0675205 0.0113714 0.0029892 0.0026025 -0.0814232 0.1270330 -0.0897005 0.0258711 0.0111463 -0.0118809 -0.3055394 0.3086206 0.0650896 0.0385017 0.0093820 0.0098686 -0.3974306 0.3670104 -0.0114752 0.0894239 0.0177844 -0.0149875
-0.0159625 0.1204517 -0.2432563 0.0241831 0.1752087 -0.2359974 0.0251465 0.1468919 -0.2859009 -0.0644128 0.1923522 -0.2471422 -0.0587042 0.4429779 -0.8946085 0.0819990 0.5940894 -0.8002087 0.0779951 0.4556045 -0.8867589 -0.2014596 0.6016072 -0.7729701 -0.0444084 0.0254838 -0.0139498 0.0068883 -0.0043821 -0.0017907 -0.0594927 0.0353909 -0.0183065 0.0066615 -0.0056065 -0.0017993 -0.1413168 0.0405367 0.0424318 0.0235310 -0.0138994 -0.0074069 -0.1743923 0.0559965 0.0329603 0.0189989 -0.0115992 -0.0135403
-0.0603708 0.1459355 -0.2572061 0.0310714 0.1708267 -0.2377881 -0.0343462 0.1822828 -0.3042075 -0.0577513 0.1867457 -0.2489415 -0.2000211 0.4835146 -0.8521768 0.1055300 0.5801899 -0.8076157 -0.0963972 0.5116010 -0.8537986 -0.1824606 0.5900080 -0.7865104 0.0039470 0.0011516 -0.0006889 -0.0208570 -0.0281733 0.0092074 0.0034230 0.0043037 0.0016237 -0.0921214 -0.0360608 0.0127407 0.0133140 0.0031979 -0.0011998 -0.0676477 -0.0511306 -0.0401232 0.0097364 0.0112992 0.0058214 -0.2892232 -0.1157681 0.0431324
-0.0564239 0.1470871 -0.2578950 0.0102144 0.1426533 -0.2285807 -0.0309232 0.1865865 -0.3025838 -0.1498727 0.1506849 -0.2362008 -0.1867071 0.4867124 -0.8533765 0.0378823 0.5290593 -0.8477389 -0.0866608 0.5229002 -0.8479772 -0.4716838 0.4742399 -0.7433780 0.0122201 0.0040910 -0.0094105 0.0323089 0.0391888 -0.0179937 0.0161310 0.0062395 -0.0120858 0.1025811 0.0419742 -0.0195439 0.0442337 0.0005508 -0.0081778 0.0995948 0.0588334 0.0505675 0.0466114 -0.0008282 -0.0039834 0.3255710 0.1210014 -0.0467731
-0.0442037 0.1511781 -0.2673055 0.0425233 0.1818421 -0.2465745 -0.0147921 0.1928260 -0.3146696 -0.0472917 0.1926591 -0.2557447 -0.1424734 0.4872633 -0.8615543 0.1374771 0.5878927 -0.7971714 -0.0400494 0.5220720 -0.8519606 -0.1461128 0.5952413 -0.7901511 -0.0054951 -0.0177717 0.0024116 -0.0220584 -0.0278883 0.0145180 -0.0073876 -0.0235763 0.0032402 -0.0220259 -0.0278882 0.0142029 -0.0227896 -0.0436485 -0.0192942 -0.0641872 -0.0365464 -0.0338796 -0.0224039 -0.0455025 -0.0249551 -0.0845656 -0.0469083 -0.0136638
-0.0496988 0.1334064 -0.2648939 0.0204649 0.1539538 -0.2320564 -0.0221798 0.1692497 -0.3114294 -0.0693175 0.1647709 -0.2415417 -0.1652630 0.4436147 -0.8808485 0.0732899 0.5513463 -0.8310510 -0.0624533 0.4765694 -0.8769157 -0.2306784 0.5483330 -0.8038149 -0.0561564 0.0293454 -0.0070930 0.0566470 0.0522823 -0.0180127 -0.0725795 0.0371063 -0.0111427 0.0566696 0.0522822 -0.0182235 -0.1515065 0.0434166 0.0669336 0.1581468 0.0676321 0.0805160 -0.1777595 0.0465388 0.0592021 0.1933410 0.0924185 0.0369750
-0.1058552 0.1627518 -0.2719869 0.0771119 0.2062361 -0.2500692 -0.0947593 0.2063560 -0.3225721 -0.0126480 0.2170531 -0.2597653 -0.3167695 0.4870313 -0.8139150 0.2314366 0.6189784 -0.7505350 -0.2402129 0.5231082 -0.8177136 -0.0373374 0.6407515 -0.7668399 0.0761989 -0.0409409 0.0272912 -0.0065098 -0.0005412 0.0065407 0.1042311 -0.0564444 0.0344398 -0.0064755 -0.0005412 0.0062292 0.2089059 -0.0439899 -0.0760737 -0.0151964 0.0110245 0.0046554 0.2693625 -0.0617510 -0.0690218 -0.0199268 0.0075817 0.0076398
-0.0296563 0.1218109 -0.2446957 0.0706021 0.2056949 -0.2435284 0.0094718 0.1499116 -0.2881323 -0.0191235 0.2165119 -0.2535361 -0.1078636 0.4430414 -0.8899886 0.2162402 0.6300030 -0.7458796 0.0291496 0.4613573 -0.8867355 -0.0572642 0.6483332 -0.7592002 0.0000000 0.0000000 0.0000000 0.0000000 0.0000000 0.0000000 0.0000000 0.0000000 0.0000000 0.0000000 0.0000000 0.0000000 0.0000000 0.0000000 0.0000000 0.0000000 0.0000000 0.0000000 0.0000000 0.0000000 0.0000000 0.0000000 0.0000000 0.0000000
