0.0980166 0.0437097 -0.1902723 0.0412206 0.1281962 -0.2446264 0.1604274 0.0336049 -0.1903218 -0.0040423 0.1738033 -0.2742337 0.4486867 0.2000881 -0.8710023 0.1476165 0.4590881 -0.8760408 0.6387090 0.1337909 -0.7577274 -0.0124494 0.5352786 -0.8445838 -0.0022466 -0.0001334 -0.0007899 0.0002825 -0.0013476 -0.0011406 -0.0023433 -0.0007043 -0.0009230 0.0002226 -0.0014162 -0.0011491 -0.0096130 -0.0003051 -0.0049549 0.0007844 -0.0055205 -0.0027388 -0.0071180 -0.0023437 -0.0063501 0.0006934 -0.0047126 -0.0029783
0.0957700 0.0435763 -0.1910622 0.0415031 0.1268486 -0.2457670 0.1580841 0.0329006 -0.1912448 -0.0038197 0.1723871 -0.2753828 0.4390737 0.1997830 -0.8759572 0.1484009 0.4535676 -0.8787796 0.6315910 0.1314473 -0.7640775 -0.0117560 0.5305661 -0.8475621 -0.0008253 -0.0000428 -0.0009198 0.0000887 -0.0008276 -0.0009335 -0.0008370 -0.0000942 -0.0011115 -0.0000219 -0.0008641 -0.0008147 -0.0046558 -0.0005963 -0.0024537 0.0000725 -0.0037001 -0.0018877 -0.0041260 -0.0005397 -0.0034842 -0.0000589 -0.0030401 -0.0018947
0.0949447 0.0435335 -0.1919820 0.0415917 0.1260210 -0.2467005 0.1572471 0.0328064 -0.1923564 -0.0038416 0.1715230 -0.2761975 0.4344179 0.1991867 -0.8784109 0.1484735 0.4498675 -0.8806673 0.6274649 0.1309076 -0.7675617 -0.0118148 0.5275260 -0.8494567 -0.0030139 -0.0003588 -0.0020519 -0.0036969 -0.0003733 -0.0013954 -0.0030422 -0.0004302 -0.0030836 -0.0041691 -0.0004237 -0.0007307 -0.0146580 -0.0020493 -0.0075566 -0.0134572 -0.0021950 -0.0032784 -0.0132156 -0.0019426 -0.0109405 -0.0127863 -0.0020690 -0.0010077
0.0919308 0.0431747 -0.1940340 0.0378948 0.1256477 -0.2480959 0.1542049 0.0323762 -0.1954400 -0.0080106 0.1710993 -0.2769282 0.4197599 0.1971374 -0.8859675 0.1350163 0.4476725 -0.8839457 0.6142494 0.1289650 -0.7785023 -0.0246011 0.5254570 -0.8504644 0.0007389 -0.0002400 0.0002559 0.0007188 -0.0012974 -0.0004381 0.0007228 -0.0003745 0.0007212 0.0008654 -0.0013509 -0.0007482 0.0033010 -0.0011297 0.0013205 0.0026064 -0.0044769 -0.0018521 0.0032813 -0.0014088 0.0023674 0.0026516 -0.0040046 -0.0025336
0.0926696 0.0429346 -0.1937780 0.0386137 0.1243502 -0.2485340 0.1549277 0.0320016 -0.1947187 -0.0071452 0.1697483 -0.2776764 0.4230609 0.1960078 -0.8846471 0.1376227 0.4431956 -0.8857978 0.6175307 0.1275562 -0.7761348 -0.0219496 0.5214524 -0.8529980 -0.0147587 -0.0008747 -0.0080942 -0.0186410 -0.0005895 -0.0031040 -0.0151180 -0.0011496 -0.0134262 -0.0209182 -0.0006029 0.0008075 -0.0696192 -0.0052032 -0.0311436 -0.0665799 -0.0029784 -0.0092787 -0.0641180 -0.0054336 -0.0477708 -0.0642245 -0.0020587 0.0028191
0.0779109 0.0420600 -0.2018722 0.0199727 0.1237608 -0.2516380 0.1398098 0.0308521 -0.2081449 -0.0280634 0.1691455 -0.2768689 0.3534417 0.1908045 -0.9157907 0.0710428 0.4402171 -0.8950764 0.5534127 0.1221226 -0.8239056 -0.0861741 0.5193936 -0.8501790 -0.0014153 -0.0007272 -0.0007474 -0.0015313 -0.0008833 -0.0006925 -0.0014569 -0.0008046 -0.0010160 -0.0016451 -0.0009034 -0.0005047 -0.0065032 -0.0033437 -0.0031718 -0.0054768 -0.0033418 -0.0020529 -0.0056369 -0.0031568 -0.0042181 -0.0050214 -0.0029445 -0.0012690
0.0764956 0.0413328 -0.2026196 0.0184414 0.1228774 -0.2523305 0.1383529 0.0300475 -0.2091609 -0.0297085 0.1682421 -0.2773736 0.3469386 0.1874609 -0.9189625 0.0655660 0.4368753 -0.8971293 0.5477758 0.1189658 -0.8281237 -0.0911955 0.5164492 -0.8514480 0.0199681 -0.0005134 0.0092906 0.0252632 -0.0004811 0.0030644 0.0202993 -0.0005679 0.0162857 0.0283817 -0.0004902 -0.0021973 0.0917704 -0.0018176 0.0397179 0.0899039 -0.0014761 0.0104182 0.0831072 -0.0017398 0.0611525 0.0871260 -0.0019366 -0.0060252
0.0964637 0.0408194 -0.1933290 0.0437046 0.1223964 -0.2492661 0.1586522 0.0294796 -0.1928752 -0.0013268 0.1677519 -0.2795709 0.4387090 0.1856433 -0.8792446 0.1554699 0.4353992 -0.8867111 0.6308830 0.1172260 -0.7669711 -0.0040695 0.5145126 -0.8574732 -0.0044380 -0.0149196 -0.0061023 0.0055004 0.0376998 0.0038283 -0.0045876 -0.0150067 -0.0106602 0.0033532 0.0375862 0.0071093 -0.0226071 -0.0685354 -0.0225009 0.0101260 0.1033929 0.0607081 -0.0283138 -0.0606203 -0.0290855 0.0100087 0.0873358 0.0588849
0.0920257 0.0258997 -0.1994313 0.0492050 0.1600961 -0.2454377 0.1540646 0.0144729 -0.2035354 0.0020263 0.2053380 -0.2724616 0.4161019 0.1171079 -0.9017455 0.1655959 0.5387921 -0.8260031 0.6025692 0.0566058 -0.7960566 0.0059392 0.6018484 -0.7985883 -0.0232606 -0.0019040 -0.0080295 -0.0539642 -0.0216331 -0.0033573 -0.0244666 -0.0035581 -0.0150926 -0.0567258 -0.0216169 0.0022105 -0.1033537 -0.0079736 -0.0418001 -0.1823083 -0.0525634 -0.0476687 -0.0931180 -0.0136995 -0.0633726 -0.1710285 -0.0473563 -0.0170612
0.0687651 0.0239958 -0.2074608 -0.0047592 0.1384631 -0.2487950 0.1295979 0.0109148 -0.2186279 -0.0546994 0.1837212 -0.2702511 0.3127482 0.1091343 -0.9435456 -0.0167124 0.4862287 -0.8736718 0.5094512 0.0429063 -0.8594292 -0.1650893 0.5544921 -0.8156494 -0.0253452 -0.0094050 -0.0378066 0.0105618 0.0213242 -0.0125627 -0.0313090 -0.0145789 -0.0521887 0.0354917 -0.0059850 -0.0031838 -0.1387261 -0.0506561 -0.0394583 0.0356511 0.0352910 0.0206427 -0.1683178 -0.0556234 -0.0804997 0.1062942 -0.0104390 -0.0213388
0.0434199 0.0145908 -0.2452674 0.0058026 0.1597873 -0.2613578 0.0982889 -0.0036641 -0.2708166 -0.0192077 0.1777362 -0.2734349 0.1740221 0.0584782 -0.9830039 0.0189387 0.5215197 -0.8530291 0.3411334 -0.0127171 -0.9399289 -0.0587951 0.5440532 -0.8369882 -0.0143485 0.0056705 0.0093365 0.0156741 0.0240228 -0.0182656 -0.0137914 0.0050964 0.0110109 -0.0141825 0.0238693 -0.0184571 -0.0521689 0.0264471 -0.0059044 0.0451105 0.0266505 0.0191183 -0.0318509 0.0179597 -0.0110269 -0.0349146 0.0217533 0.0177925
0.0290714 0.0202612 -0.2359309 0.0214767 0.1838101 -0.2796234 0.0844975 0.0014323 -0.2598058 -0.0333902 0.2016055 -0.2918920 0.1218531 0.0849253 -0.9889082 0.0640492 0.5481701 -0.8339108 0.3092825 0.0052425 -0.9509558 -0.0937097 0.5658064 -0.8191957 0.0033645 0.0000007 0.0018355 0.0394637 0.0181042 0.0028047 0.0040358 -0.0000977 0.0035436 0.0001201 0.0484102 -0.0202929 0.0148924 0.0004965 0.0019919 0.1110614 0.0320249 0.0384801 0.0172548 -0.0003200 0.0057843 0.0108122 0.0571453 0.0413402
0.0324359 0.0202620 -0.2340953 0.0609404 0.2019143 -0.2768187 0.0885333 0.0013346 -0.2562622 -0.0332701 0.2500157 -0.3121849 0.1367455 0.0854219 -0.9869163 0.1751106 0.5801951 -0.7954307 0.3265373 0.0049225 -0.9451715 -0.0828975 0.6229517 -0.7778555 0.0009329 -0.0045584 0.0020578 0.0189448 0.0051402 -0.0032283 0.0008487 -0.0061972 0.0033451 0.0384359 0.0310756 -0.0193081 0.0052795 -0.0185839 -0.0006877 0.0484556 -0.0007344 0.0116938 0.0066165 -0.0230469 0.0024732 0.0947823 0.0237453 0.0152011
0.0333688 0.0157036 -0.2320376 0.0798853 0.2070545 -0.2800470 0.0893820 -0.0048626 -0.2529171 0.0051658 0.2810913 -0.3314930 0.1420250 0.0668380 -0.9876040 0.2235662 0.5794607 -0.7837369 0.3331538 -0.0181244 -0.9426983 0.0118848 0.6466970 -0.7626544 0.0018717 -0.0013039 0.0013675 0.0200814 0.0097413 -0.0045807 0.0020620 -0.0019312 0.0025439 0.0343336 0.0400407 -0.0281897 0.0087104 -0.0052458 0.0009504 0.0455285 0.0041198 0.0175633 0.0098005 -0.0073551 0.0036918 0.0697601 0.0170800 0.0191935
0.0352405 0.0143996 -0.2306701 0.0999666 0.2167958 -0.2846277 0.0914441 -0.0067938 -0.2503732 0.0394994 0.3211320 -0.3596826 0.1507355 0.0615921 -0.9866535 0.2690946 0.5835805 -0.7661736 0.3429543 -0.0254795 -0.9390065 0.0816449 0.6637770 -0.7434609 0.0007043 0.0012651 -0.0005687 0.0076863 0.0647406 -0.0425052 0.0007789 0.0015828 -0.0006869 0.0409690 0.0278302 -0.0126647 0.0025215 0.0051972 0.0007268 -0.0270818 0.0493368 0.0307515 0.0017872 0.0060001 0.0005109 0.0741156 0.0116996 0.0227183
0.0359448 0.0156648 -0.2312388 0.1076529 0.2815364 -0.3271329 0.0922230 -0.0052110 -0.2510601 0.0804684 0.3489622 -0.3723474 0.1532570 0.0667894 -0.9859267 0.2420128 0.6329173 -0.7354220 0.3447415 -0.0194794 -0.9384955 0.1557605 0.6754766 -0.7207427 0.0005809 -0.0020470 0.0006508 0.0358322 -0.0028947 0.0082223 0.0005054 -0.0026701 0.0011120 0.0445779 0.0199069 0.0064781 0.0029294 -0.0085591 -0.0000829 0.0788833 -0.0097513 0.0221970 0.0029323 -0.0100697 0.0013457 0.0782424 0.0147991 0.0360806
0.0365257 0.0136177 -0.2305880 0.1434851 0.2786417 -0.3189106 0.0927284 -0.0078811 -0.2499482 0.1250463 0.3688691 -0.3658693 0.1561864 0.0582303 -0.9860096 0.3208961 0.6231659 -0.7132250 0.3476738 -0.0295491 -0.9371498 0.2340028 0.6902757 -0.6846621 0.0013762 0.0003226 -0.0001267 0.0305018 0.0035777 0.0037761 0.0014539 0.0002822 0.0001497 0.0364202 0.0125418 0.0001937 0.0056338 0.0012872 0.0009859 0.0594734 -0.0061790 0.0242793 0.0049741 0.0010964 0.0018264 0.0582403 0.0000517 0.0228146
0.0379019 0.0139403 -0.2307147 0.1739869 0.2822194 -0.3151345 0.0941823 -0.0075989 -0.2497985 0.1614665 0.3814109 -0.3656756 0.1618202 0.0595175 -0.9850238 0.3803695 0.6169869 -0.6889458 0.3526479 -0.0284527 -0.9353234 0.2922431 0.6903273 -0.6618475 0.0007261 0.0001961 0.0000707 0.0241430 0.0047374 0.0071947 0.0007876 0.0002067 0.0002461 0.0437066 0.0170192 0.0014297 0.0030571 0.0008216 0.0005571 0.0455178 -0.0001630 0.0270180 0.0028917 0.0007783 0.0010720 0.0630289 -0.0004168 0.0311295
0.0386280 0.0141364 -0.2306440 0.1981299 0.2869568 -0.3079399 0.0949699 -0.0073922 -0.2495524 0.2051731 0.3984301 -0.3642459 0.1648774 0.0603391 -0.9844667 0.4258873 0.6168239 -0.6619277 0.3555396 -0.0276744 -0.9342514 0.3552720 0.6899105 -0.6307180 0.0030968 0.0007828 0.0005710 0.0193082 0.0022141 0.0067448 0.0033503 0.0008744 0.0012399 0.0244707 0.0091487 0.0057994 0.0132044 0.0033362 0.0025134 0.0359974 -0.0025636 0.0221255 0.0124960 0.0032767 0.0047599 0.0343799 0.0016557 0.0225179
0.0417248 0.0149192 -0.2300730 0.2174381 0.2891709 -0.3011951 0.0983202 -0.0065178 -0.2483125 0.2296438 0.4075788 -0.3584465 0.1780818 0.0636753 -0.9819533 0.4618846 0.6142603 -0.6398022 0.3680356 -0.0243977 -0.9294916 0.3896520 0.6915663 -0.6082002 0.0012008 -0.0004748 0.0001297 0.0103148 0.0005708 0.0042365 0.0012932 -0.0004568 0.0004016 0.0167842 0.0016851 0.0074935 0.0050783 -0.0020422 0.0008041 0.0193247 -0.0020775 0.0123712 0.0046765 -0.0016983 0.0019115 0.0260617 -0.0011553 0.0161573
0.0429256 0.0144444 -0.2299433 0.2277529 0.2897417 -0.2969585 0.0996134 -0.0069746 -0.2479109 0.2464280 0.4092639 -0.3509530 0.1831601 0.0616330 -0.9811492 0.4812094 0.6121828 -0.6274310 0.3727121 -0.0260960 -0.9275800 0.4157136 0.6904110 -0.5920429 0.0002303 -0.0010777 -0.0000522 0.0098696 -0.0002301 0.0037154 0.0002180 -0.0012279 0.0000936 0.0131046 0.0005061 0.0037318 0.0009596 -0.0046057 -0.0000989 0.0183317 -0.0035581 0.0109616 0.0007746 -0.0045908 0.0004522 0.0193671 -0.0034721 0.0099608
0.0431559 0.0133667 -0.2299954 0.2376225 0.2895116 -0.2932431 0.0998314 -0.0082024 -0.2478173 0.2595326 0.4097699 -0.3472212 0.1841196 0.0570274 -0.9812481 0.4995411 0.6086248 -0.6164694 0.3734867 -0.0306867 -0.9271278 0.4350808 0.6869390 -0.5820821 -0.0008727 -0.0029672 -0.0001256 0.0050998 0.0004360 0.0027925 -0.0012322 -0.0039091 -0.0000959 0.0082900 0.0001941 0.0045273 -0.0035799 -0.0126241 -0.0013168 0.0095161 -0.0005226 0.0073122 -0.0043062 -0.0146619 -0.0011228 0.0130121 -0.0010298 0.0087224
0.0422832 0.0103994 -0.2301211 0.2427222 0.2899476 -0.2904506 0.0985992 -0.0121115 -0.2479132 0.2678226 0.4099641 -0.3426939 0.1805398 0.0444033 -0.9825649 0.5090573 0.6081022 -0.6091572 0.3691806 -0.0453486 -0.9282506 0.4480928 0.6859092 -0.5733598 -0.0004923 -0.0010307 -0.0008706 0.0038179 -0.0004080 0.0017012 -0.0006259 -0.0011438 -0.0011422 0.0051610 -0.0001073 0.0017731 -0.0026521 -0.0045244 -0.0006775 0.0072740 -0.0017168 0.0044268 -0.0035554 -0.0041188 -0.0011961 0.0076847 -0.0016060 0.0041533
0.0417909 0.0093687 -0.2309916 0.2465402 0.2895396 -0.2887494 0.0979732 -0.0132553 -0.2490554 0.2729836 0.4098568 -0.3409208 0.1778877 0.0398789 -0.9832424 0.5163312 0.6063853 -0.6047304 0.3656252 -0.0494674 -0.9294467 0.4557776 0.6843031 -0.5692065 0.0015134 0.0022678 -0.0003266 0.0011141 -0.0002824 0.0004847 0.0018801 0.0031952 -0.0003165 0.0013865 0.0008422 0.0005529 0.0058977 0.0095071 0.0015174 0.0022110 -0.0007341 0.0011573 0.0058409 0.0120427 0.0017548 0.0016312 0.0003826 0.0017714
0.0433043 0.0116365 -0.2313182 0.2476542 0.2892572 -0.2882647 0.0998534 -0.0100601 -0.2493719 0.2743701 0.4106990 -0.3403679 0.1837854 0.0493860 -0.9817250 0.5185423 0.6056512 -0.6035731 0.3714661 -0.0374247 -0.9276920 0.4574088 0.6846858 -0.5674351 -0.0006500 -0.0009268 -0.0009919 0.0020169 0.0017092 -0.0010076 -0.0008671 -0.0012289 -0.0012988 0.0006165 -0.0003039 0.0004590 -0.0033802 -0.0040895 -0.0008238 0.0012951 0.0001666 0.0012826 -0.0045016 -0.0044262 -0.0016011 0.0011699 -0.0002944 0.0005894
0.0426543 0.0107097 -0.2323101 0.2496711 0.2909664 -0.2892723 0.0989863 -0.0112890 -0.2506707 0.2749866 0.4103951 -0.3399089 0.1804052 0.0452965 -0.9825488 0.5198374 0.6058178 -0.6022905 0.3669645 -0.0418508 -0.9292931 0.4585787 0.6843913 -0.5668457 -0.0004570 0.0010639 -0.0009610 -0.0006684 -0.0000178 0.0000275 -0.0004959 0.0013662 -0.0014301 -0.0010205 -0.0005157 -0.0005904 -0.0026195 0.0043082 -0.0002694 -0.0009872 0.0004356 -0.0004127 -0.0033149 0.0052137 -0.0015220 -0.0013319 -0.0003066 -0.0014442
0.0421973 0.0117736 -0.2332711 0.2490027 0.2909486 -0.2892448 0.0984904 -0.0099228 -0.2521008 0.2739661 0.4098794 -0.3404993 0.1777857 0.0496047 -0.9828182 0.5188502 0.6062534 -0.6027033 0.3636496 -0.0366372 -0.9308151 0.4572468 0.6840847 -0.5682900 0.0002030 -0.0002304 -0.0003675 -0.0003064 -0.0007734 0.0002502 0.0000649 -0.0003927 -0.0005872 -0.0013772 -0.0019752 -0.0001871 0.0005651 -0.0010497 0.0000500 0.0002035 -0.0006290 -0.0004570 -0.0005444 -0.0013678 -0.0001577 -0.0008722 -0.0011621 -0.0020950
0.0424003 0.0115432 -0.2336386 0.2486963 0.2901752 -0.2889946 0.0985553 -0.0103154 -0.2526879 0.2725889 0.4079042 -0.3406864 0.1783508 0.0485550 -0.9827682 0.5190537 0.6056244 -0.6031603 0.3631052 -0.0380049 -0.9309727 0.4563746 0.6829226 -0.5703850 -0.0011040 0.0003715 -0.0008033 -0.0027404 -0.0002104 -0.0030856 -0.0012405 0.0005389 -0.0013849 -0.0042010 -0.0013094 -0.0033845 -0.0050912 0.0014334 -0.0008385 -0.0060717 -0.0008543 -0.0060217 -0.0056557 0.0020947 -0.0022691 -0.0063886 -0.0012155 -0.0064929
0.0412963 0.0119147 -0.2344420 0.2459559 0.2899649 -0.2920802 0.0973148 -0.0097765 -0.2540728 0.2683880 0.4065949 -0.3440709 0.1732596 0.0499884 -0.9836068 0.5129820 0.6047700 -0.6091820 0.3574495 -0.0359103 -0.9332418 0.4499860 0.6817071 -0.5768778 0.0000529 -0.0000574 -0.0001659 -0.0008809 -0.0005030 -0.0004065 0.0000101 -0.0001042 -0.0002322 -0.0018700 -0.0011277 -0.0005678 0.0000989 -0.0002763 0.0000034 -0.0012958 -0.0004094 -0.0014942 -0.0002568 -0.0003527 -0.0000847 -0.0021745 -0.0004289 -0.0021945
0.0413493 0.0118573 -0.2346079 0.2450750 0.2894619 -0.2924868 0.0973249 -0.0098806 -0.2543050 0.2665179 0.4054672 -0.3446387 0.1733585 0.0497121 -0.9836033 0.5116862 0.6043606 -0.6106762 0.3571927 -0.0362630 -0.9333265 0.4478115 0.6812783 -0.5790724 0.0008658 0.0001994 0.0003569 -0.0032383 -0.0006640 -0.0016749 0.0009418 0.0002474 0.0005236 -0.0046541 -0.0025050 -0.0017938 0.0037702 0.0008760 0.0007166 -0.0056812 -0.0000966 -0.0048105 0.0036673 0.0008872 0.0013777 -0.0057908 -0.0010865 -0.0056984
0.0422150 0.0120567 -0.2342509 0.2418367 0.2887979 -0.2941617 0.0982667 -0.0096333 -0.2537814 0.2618639 0.4029622 -0.3464325 0.1771287 0.0505881 -0.9828867 0.5060050 0.6042640 -0.6154867 0.3608600 -0.0353757 -0.9319488 0.4420207 0.6801918 -0.5847708 0.0001990 -0.0002854 -0.0007474 -0.0042368 -0.0006828 -0.0020239 0.0000654 -0.0003819 -0.0010163 -0.0090405 -0.0050518 0.0002875 0.0002724 -0.0013538 -0.0000196 -0.0075205 0.0002015 -0.0059106 -0.0010607 -0.0012701 -0.0003610 -0.0097453 0.0001523 -0.0070653
0.0424140 0.0117712 -0.2349984 0.2375999 0.2881151 -0.2961856 0.0983322 -0.0100152 -0.2547977 0.2528234 0.3979104 -0.3461450 0.1774011 0.0492344 -0.9829063 0.4984845 0.6044655 -0.6213973 0.3597993 -0.0366458 -0.9323098 0.4322754 0.6803441 -0.5918360 0.0003554 0.0001319 0.0002283 -0.0075714 -0.0008810 -0.0030260 0.0004788 0.0003403 0.0003515 -0.0082353 -0.0028159 -0.0020668 0.0016020 0.0005838 0.0003199 -0.0134816 0.0011524 -0.0094744 0.0019731 0.0012236 0.0007165 -0.0110565 0.0000706 -0.0078393
0.0427694 0.0119031 -0.2347701 0.2300285 0.2872341 -0.2992115 0.0988110 -0.0096749 -0.2544463 0.2445880 0.3950945 -0.3482118 0.1790032 0.0498182 -0.9825864 0.4850029 0.6056179 -0.6308717 0.3617724 -0.0354222 -0.9315933 0.4212189 0.6804147 -0.5996753 0.0006373 -0.0000102 0.0007957 -0.0067156 -0.0008004 -0.0020935 0.0007347 -0.0000294 0.0011010 -0.0122375 -0.0029124 -0.0031184 0.0031757 0.0000968 0.0005888 -0.0117907 0.0013508 -0.0076103 0.0037024 -0.0002065 0.0014541 -0.0174981 0.0010216 -0.0107788
0.0434066 0.0118929 -0.2339743 0.2233128 0.2864337 -0.3013051 0.0995456 -0.0097043 -0.2533452 0.2323505 0.3921821 -0.3513302 0.1821789 0.0499150 -0.9819976 0.4732121 0.6069687 -0.6384820 0.3654747 -0.0356288 -0.9301391 0.4037208 0.6814362 -0.6104541 0.0000930 -0.0000966 0.0002512 -0.0141836 -0.0014890 -0.0034569 0.0000761 -0.0001944 0.0003154 -0.0230007 -0.0049060 -0.0046479 0.0005703 -0.0003568 0.0000879 -0.0251096 0.0035842 -0.0145335 0.0006268 -0.0007481 0.0002755 -0.0339455 0.0026108 -0.0183113
0.0434996 0.0117963 -0.2337231 0.2091292 0.2849446 -0.3047620 0.0996217 -0.0098987 -0.2530298 0.2093498 0.3872760 -0.3559781 0.1827492 0.0495582 -0.9819097 0.4481026 0.6105529 -0.6530155 0.3661015 -0.0363768 -0.9298637 0.3697753 0.6840470 -0.6287654 -0.0006076 -0.0000529 0.0010981 -0.0148273 -0.0033858 -0.0039338 -0.0005502 -0.0001320 0.0013596 -0.0193412 -0.0042764 -0.0046168 -0.0016462 0.0000258 -0.0003037 -0.0264255 0.0004905 -0.0169207 -0.0000571 -0.0006841 0.0000045 -0.0300518 0.0007323 -0.0159557
0.0428920 0.0117434 -0.2326251 0.1943020 0.2815589 -0.3086957 0.0990715 -0.0100307 -0.2516702 0.1900087 0.3829997 -0.3605949 0.1811030 0.0495840 -0.9822134 0.4216771 0.6110433 -0.6699362 0.3660444 -0.0370609 -0.9298591 0.3397236 0.6847793 -0.6447210 -0.0090938 0.0002941 -0.0013940 -0.0357970 -0.0037928 -0.0104860 -0.0099750 0.0001989 -0.0037209 -0.0492434 -0.0165609 -0.0061356 -0.0383458 0.0012599 -0.0062376 -0.0708742 0.0037078 -0.0364761 -0.0368682 0.0007365 -0.0137105 -0.0776883 -0.0026517 -0.0379498
0.0337982 0.0120375 -0.2340190 0.1585050 0.2777661 -0.3191818 0.0890964 -0.0098318 -0.2553912 0.1407653 0.3664388 -0.3667306 0.1427571 0.0508439 -0.9884510 0.3508029 0.6147512 -0.7064123 0.3291762 -0.0363245 -0.9435696 0.2620353 0.6821276 -0.6826708 0.0031888 0.0001805 0.0008280 -0.0132536 -0.0060335 0.0010312 0.0035527 0.0002324 0.0017414 -0.0232906 -0.0161245 0.0028934 0.0136877 0.0008346 0.0021172 -0.0228441 -0.0012145 -0.0119301 0.0137002 0.0007990 0.0048611 -0.0354923 -0.0065673 -0.0189676
0.0369870 0.0122179 -0.2331910 0.1452514 0.2717326 -0.3181506 0.0926491 -0.0095994 -0.2536497 0.1174747 0.3503143 -0.3638372 0.1564448 0.0516785 -0.9863338 0.3279587 0.6135366 -0.7183424 0.3428764 -0.0355255 -0.9387085 0.2265430 0.6755603 -0.7016384 0.0034046 0.0001860 0.0010690 -0.0323213 0.0128524 -0.0109229 0.0037096 0.0000784 0.0020473 -0.0266931 -0.0145818 -0.0026646 0.0147520 0.0008947 0.0025006 -0.0767118 0.0196077 -0.0137800 0.0145490 0.0002091 0.0054348 -0.0468677 -0.0110772 -0.0237435
0.0403916 0.0124039 -0.2321220 0.1129301 0.2845849 -0.3290734 0.0963588 -0.0095210 -0.2516024 0.0907816 0.3357325 -0.3665018 0.1711968 0.0525732 -0.9838332 0.2512469 0.6331444 -0.7321224 0.3574254 -0.0353164 -0.9332737 0.1796753 0.6644832 -0.7253819 0.0013128 0.0001554 0.0009817 -0.0039938 -0.0522306 0.0307224 0.0014682 0.0000693 0.0015400 -0.0339931 -0.0248689 0.0132402 0.0061115 0.0008234 0.0011274 0.0255687 -0.0427143 -0.0260105 0.0066724 0.0001386 0.0025776 -0.0598628 -0.0086220 -0.0199309
0.0417044 0.0125593 -0.2311403 0.1089363 0.2323543 -0.2983510 0.0978270 -0.0094517 -0.2500624 0.0567885 0.3108636 -0.3532616 0.1773084 0.0533966 -0.9827057 0.2768156 0.5904301 -0.7581329 0.3640978 -0.0351778 -0.9306961 0.1198126 0.6558612 -0.7453127 -0.0013980 -0.0017540 0.0009347 -0.0125360 -0.0085094 0.0057345 -0.0015414 -0.0022915 0.0011513 -0.0251485 -0.0226402 0.0129834 -0.0050274 -0.0072117 -0.0012588 -0.0236768 -0.0026332 -0.0102521 -0.0036712 -0.0087807 -0.0010551 -0.0490391 -0.0111533 -0.0158330
0.0403064 0.0108053 -0.2302057 0.0964004 0.2238449 -0.2926165 0.0962856 -0.0117432 -0.2489111 0.0316400 0.2882234 -0.3402782 0.1722810 0.0461849 -0.9839645 0.2531388 0.5877969 -0.7683850 0.3604266 -0.0439585 -0.9317512 0.0707735 0.6447079 -0.7611458 -0.0013195 0.0011912 0.0013716 -0.0319807 -0.0147486 0.0108561 -0.0010054 0.0016317 0.0017975 -0.0368078 -0.0312081 0.0206829 -0.0045530 0.0054258 -0.0005169 -0.0725579 -0.0016583 -0.0214454 -0.0009317 0.0058074 -0.0006156 -0.0833731 -0.0180736 -0.0180658
0.0389869 0.0119964 -0.2288341 0.0644196 0.2090964 -0.2817604 0.0952802 -0.0101115 -0.2471136 -0.0051678 0.2570154 -0.3195953 0.1677280 0.0516106 -0.9844814 0.1805810 0.5861386 -0.7898304 0.3594950 -0.0381511 -0.9323668 -0.0125997 0.6266343 -0.7792116 -0.0073012 0.0048618 -0.0019193 -0.0117321 -0.0278755 0.0132948 -0.0075880 0.0064826 -0.0045033 -0.0491799 -0.0189837 0.0051339 -0.0320453 0.0205789 -0.0036374 -0.0200278 -0.0339100 -0.0282566 -0.0304247 0.0245334 -0.0118404 -0.1239116 -0.0287435 -0.0106563
0.0316857 0.0168583 -0.2307533 0.0526876 0.1812208 -0.2684656 0.0876922 -0.0036289 -0.2516169 -0.0543477 0.2380316 -0.3144613 0.1356827 0.0721895 -0.9881189 0.1605532 0.5522286 -0.8180870 0.3290703 -0.0136177 -0.9442072 -0.1365113 0.5978908 -0.7898679 -0.0016823 0.0004179 -0.0001829 -0.0054584 -0.0026618 -0.0004643 -0.0020040 0.0000778 -0.0006998 -0.0242684 -0.0227215 0.0082817 -0.0071981 0.0017931 -0.0008292 -0.0157883 -0.0049165 -0.0062264 -0.0075307 0.0002925 -0.0025951 -0.0690360 -0.0349474 -0.0106601
0.0300033 0.0172762 -0.2309362 0.0472291 0.1785590 -0.2689299 0.0856882 -0.0035511 -0.2523167 -0.0786161 0.2153101 -0.3061796 0.1284846 0.0739826 -0.9889481 0.1447648 0.5473121 -0.8243134 0.3215396 -0.0133252 -0.9468024 -0.2055473 0.5629434 -0.8005280 0.0013302 0.0001045 -0.0017546 -0.0187059 -0.0158459 0.0074618 0.0010767 0.0001197 -0.0024175 -0.0293300 -0.0316576 0.0238056 0.0046041 -0.0001582 0.0005972 -0.0525407 -0.0212109 -0.0210931 0.0008541 0.0005752 0.0002826 -0.0996293 -0.0437359 0.0022230
0.0313335 0.0173807 -0.2326908 0.0285232 0.1627131 -0.2614681 0.0867649 -0.0034314 -0.2547341 -0.1079461 0.1836525 -0.2823740 0.1330887 0.0738244 -0.9883508 0.0922242 0.5261012 -0.8454065 0.3223937 -0.0127500 -0.9465198 -0.3051766 0.5192075 -0.7983050 0.0026901 0.0009349 -0.0017072 -0.0070806 -0.0157198 0.0108012 0.0027949 0.0014346 -0.0019096 -0.0004430 -0.0054465 0.0017792 0.0101316 0.0032739 0.0016676 -0.0186336 -0.0216237 -0.0148765 0.0070774 0.0054043 0.0023827 -0.0048371 -0.0095042 -0.0042498
0.0340236 0.0183156 -0.2343980 0.0214426 0.1469933 -0.2506670 0.0895598 -0.0019968 -0.2566437 -0.1083892 0.1782060 -0.2805948 0.1432203 0.0770982 -0.9866832 0.0735905 0.5044775 -0.8602830 0.3294711 -0.0073457 -0.9441371 -0.3100137 0.5097032 -0.8025547 0.0066688 0.1279105 -0.0125530 -0.0158142 -0.0253369 -0.0038867 0.0023461 0.1755214 -0.0152823 -0.0221067 -0.0179626 -0.0104324 -0.0028371 0.4273613 0.1347365 -0.0536450 -0.0733576 -0.0417912 -0.0554623 0.5246934 0.1334148 -0.0555855 -0.0607627 -0.0127916
0.0406924 0.1462260 -0.2469510 0.0056284 0.1216564 -0.2545536 0.0919058 0.1735246 -0.2719260 -0.1304958 0.1602434 -0.2910272 0.1403832 0.5044595 -0.8519467 0.0199456 0.4311199 -0.9020742 0.2740088 0.5173477 -0.8107222 -0.3655992 0.4489405 -0.8153463 0.0053787 0.0003397 -0.0009387 -0.0000134 -0.0027002 -0.0007746 0.0063694 -0.0002940 0.0004651 0.0015901 -0.0033900 -0.0001112 0.0175897 -0.0019008 0.0019589 -0.0000155 -0.0088925 -0.0041966 0.0178805 -0.0028317 0.0044506 0.0024213 -0.0070232 -0.0049042
0.0460711 0.1465658 -0.2478897 0.0056150 0.1189563 -0.2553282 0.0982752 0.1732307 -0.2714608 -0.1289058 0.1568535 -0.2911384 0.1579729 0.5025587 -0.8499878 0.0199301 0.4222274 -0.9062708 0.2918893 0.5145160 -0.8062716 -0.3631779 0.4419174 -0.8202505 0.0105933 -0.0006728 -0.0009153 0.0137577 -0.0027327 0.0009352 0.0118020 -0.0017919 0.0006019 0.0156372 -0.0031090 -0.0062155 0.0348037 -0.0062194 0.0035338 0.0491705 -0.0076692 -0.0011247 0.0328904 -0.0086910 0.0071101 0.0426604 -0.0068648 -0.0211756
0.0566644 0.1458929 -0.2488050 0.0193727 0.1162236 -0.2543930 0.1100772 0.1714388 -0.2708590 -0.1132686 0.1537445 -0.2973539 0.1927766 0.4963393 -0.8464541 0.0691006 0.4145582 -0.9073955 0.3247797 0.5058251 -0.7991615 -0.3205175 0.4350525 -0.8414261 0.0277626 0.0071037 0.0034865 0.0004372 -0.0014547 -0.0000371 0.0367827 0.0094379 0.0048187 0.0009180 -0.0017131 -0.0003082 0.0875321 0.0116300 0.0319639 0.0016945 -0.0044054 -0.0018694 0.0905005 0.0056452 0.0468713 0.0018985 -0.0039014 -0.0027248
0.0844269 0.1529966 -0.2453185 0.0198099 0.1147688 -0.2544301 0.1468599 0.1808766 -0.2660403 -0.1123505 0.1520313 -0.2976621 0.2803087 0.5079692 -0.8144902 0.0707951 0.4101529 -0.9092649 0.4152802 0.5114702 -0.7522902 -0.3186190 0.4311512 -0.8441508 -0.0102527 -0.1351492 0.0154454 -0.0212841 -0.0240585 0.0466387 -0.0139014 -0.1803684 0.0208157 -0.0310109 -0.0185358 0.0399141 0.0259405 -0.4342814 -0.1346049 -0.0772973 -0.0100773 -0.0071942 0.0613583 -0.5096484 -0.1268073 -0.1242099 -0.0187970 0.0479934
0.0741743 0.0178474 -0.2298731 -0.0014743 0.0907103 -0.2077915 0.1329585 0.0005082 -0.2452246 -0.1433614 0.1334955 -0.2577480 0.3062492 0.0736878 -0.9490951 -0.0065022 0.4000755 -0.9164591 0.4766385 0.0018219 -0.8790975 -0.4428289 0.4123541 -0.7961574 -0.0166051 -0.0251072 -0.0203555 0.0003228 -0.0001256 -0.0001175 -0.0220634 -0.0335194 -0.0270300 0.0002422 -0.0000957 -0.0003080 -0.0821297 -0.1019508 -0.0250566 0.0014249 -0.0006522 -0.0002934 -0.1017661 -0.1134135 -0.0412383 0.0008828 -0.0004213 -0.0007083
0.0575692 -0.0072599 -0.2502286 -0.0011515 0.0905847 -0.2079090 0.1108951 -0.0330111 -0.2722546 -0.1431193 0.1333998 -0.2580560 0.2241195 -0.0282630 -0.9741518 -0.0050773 0.3994234 -0.9167525 0.3748724 -0.1115916 -0.9203358 -0.4419461 0.4119328 -0.7968657 0.0247791 0.0401538 0.0454082 0.0031552 0.0034758 -0.0032231 0.0329973 0.0532986 0.0607064 0.0142919 -0.0000389 -0.0022779 0.1448376 0.1756425 0.0564645 0.0137461 0.0075088 0.0033353 0.1857836 0.1906389 0.0960686 0.0388789 0.0053188 -0.0176513
0.0823482 0.0328939 -0.2048204 0.0020037 0.0940605 -0.2111321 0.1438924 0.0202875 -0.2115482 -0.1288273 0.1333609 -0.2603338 0.3689571 0.1473795 -0.9176873 0.0086688 0.4069322 -0.9134172 0.5606560 0.0790472 -0.8242672 -0.4030672 0.4172515 -0.8145170 0.0036548 0.0142849 0.0067066 0.0012518 -0.0000804 -0.0000270 0.0046307 0.0188879 0.0090710 0.0011505 0.0001034 -0.0003581 0.0200757 0.0660329 0.0215240 0.0054154 -0.0003589 -0.0000924 0.0237419 0.0750970 0.0275748 0.0034411 0.0004890 -0.0014437
0.0860030 0.0471788 -0.1981138 0.0032556 0.0939800 -0.2111592 0.1485231 0.0391753 -0.2024772 -0.1276769 0.1334642 -0.2606919 0.3890327 0.2134124 -0.8961633 0.0140842 0.4065733 -0.9135096 0.5843979 0.1541443 -0.7966923 -0.3996261 0.4177405 -0.8159607 -0.0065651 0.0543235 -0.0220905 -0.0023036 -0.0007826 0.0004908 -0.0078749 0.0721661 -0.0299068 0.0009639 -0.0019178 0.0027937 -0.0776982 0.1843973 0.0331348 -0.0099519 -0.0020082 -0.0009903 -0.1052956 0.2251277 0.0051029 -0.0013319 -0.0014879 -0.0001070
0.0794379 0.1015024 -0.2202043 0.0009519 0.0931975 -0.2106684 0.1406483 0.1113415 -0.2323840 -0.1267130 0.1315465 -0.2578982 0.3113346 0.3978098 -0.8630285 0.0041323 0.4045650 -0.9144999 0.4791022 0.3792720 -0.7915894 -0.4009580 0.4162526 -0.8160676 0.0058592 0.0240193 -0.0086881 0.0071168 0.0002683 -0.0007391 0.0036582 0.0329767 -0.0090168 0.0107338 -0.0005675 -0.0027146 -0.0007480 0.0592434 0.0295788 0.0307537 -0.0004549 0.0004550 -0.0225971 0.0772702 0.0279322 0.0314659 0.0010266 -0.0142055
0.0852972 0.1255217 -0.2288924 0.0080687 0.0934658 -0.2114075 0.1443065 0.1443182 -0.2414008 -0.1159792 0.1309790 -0.2606129 0.3105865 0.4570531 -0.8334497 0.0348860 0.4041101 -0.9140448 0.4565051 0.4565421 -0.7636572 -0.3694922 0.4172792 -0.8302732 -0.0066206 -0.0071604 -0.0001369 -0.0039057 -0.0006566 -0.0002984 -0.0056740 -0.0118393 -0.0016939 -0.0044991 -0.0007731 0.0021489 -0.0186984 -0.0179361 -0.0162429 -0.0168792 -0.0026746 -0.0016654 -0.0087550 -0.0286667 -0.0214813 -0.0148281 -0.0019284 0.0057845
0.0786766 0.1183612 -0.2290293 0.0041630 0.0928091 -0.2117059 0.1386325 0.1324788 -0.2430947 -0.1204783 0.1302058 -0.2584640 0.2918882 0.4391170 -0.8496926 0.0180068 0.4014356 -0.9157102 0.4477501 0.4278754 -0.7851385 -0.3843203 0.4153509 -0.8244887 -0.0167883 -0.1048525 -0.0003038 -0.0012100 -0.0000451 0.0000390 -0.0195272 -0.1401992 -0.0025914 -0.0009627 -0.0002168 0.0009956 -0.0317668 -0.3823388 -0.1142125 -0.0052298 -0.0000691 -0.0001182 -0.0116962 -0.4561401 -0.1143381 -0.0037371 0.0000217 0.0017633
0.0618883 0.0135087 -0.2293331 0.0029530 0.0927641 -0.2116669 0.1191053 -0.0077203 -0.2456861 -0.1214409 0.1299891 -0.2574684 0.2601214 0.0567782 -0.9639051 0.0127770 0.4013664 -0.9158284 0.4360540 -0.0282647 -0.8994765 -0.3880575 0.4153726 -0.8227254 -0.0083874 0.0047149 -0.0079847 0.0107207 0.0395594 -0.0327339 -0.0092768 0.0060537 -0.0122096 0.0004719 0.0388348 -0.0268161 -0.0408153 0.0179226 -0.0088871 0.0363633 0.0741740 0.0375082 -0.0442472 0.0223191 -0.0205518 0.0444629 0.0641466 0.0152576
0.0535009 0.0182236 -0.2373178 0.0136737 0.1323235 -0.2444007 0.1098284 -0.0016666 -0.2578957 -0.1209690 0.1688239 -0.2842845 0.2193061 0.0747008 -0.9727922 0.0491403 0.4755404 -0.8783203 0.3918068 -0.0059456 -0.9200283 -0.3435945 0.4795191 -0.8074678 0.0043792 0.0085324 0.0268524 0.0122297 0.0272693 -0.0128910 0.0074119 0.0108455 0.0348073 0.1186950 0.0467307 -0.0055326 0.0438893 0.0469660 0.0157523 0.0361035 0.0496522 0.0316172 0.0730887 0.0423426 0.0354112 0.3372987 0.1172601 0.0050870
0.0578801 0.0267561 -0.2104654 0.0259034 0.1595928 -0.2572917 0.1172403 0.0091788 -0.2230884 -0.0022740 0.2155546 -0.2898171 0.2631954 0.1216667 -0.9570399 0.0852438 0.5251926 -0.8467031 0.4648955 0.0363970 -0.8846171 -0.0062958 0.5967793 -0.8023807 -0.0047212 0.0105418 0.0061313 0.0000206 0.0057765 -0.0036781 -0.0038556 0.0129950 0.0070870 -0.0741663 0.0011120 -0.0147522 -0.0152587 0.0522935 0.0040104 -0.0016283 0.0081891 0.0049714 -0.0020213 0.0541240 0.0028272 -0.1940666 -0.0288610 0.0040551
0.0531588 0.0372979 -0.2043341 0.0259241 0.1653693 -0.2609699 0.1133847 0.0221739 -0.2160014 -0.0764403 0.2166666 -0.3045693 0.2479367 0.1739602 -0.9530295 0.0836155 0.5333818 -0.8417318 0.4628741 0.0905211 -0.8817899 -0.2003624 0.5679182 -0.7983256 0.0051051 -0.0081405 0.0038237 0.0074822 0.0256043 -0.0116735 0.0081671 -0.0105833 0.0048516 0.0265033 0.0198743 -0.0076167 0.0284184 -0.0356620 0.0019767 0.0162400 0.0374615 0.0267675 0.0354672 -0.0430020 0.0161123 0.0738912 0.0311491 0.0076782
0.0582639 0.0291574 -0.2005104 0.0334063 0.1909736 -0.2726434 0.1215518 0.0115905 -0.2111499 -0.0499370 0.2365409 -0.3121861 0.2763551 0.1382982 -0.9510528 0.0998554 0.5708433 -0.8149643 0.4983414 0.0475191 -0.8656777 -0.1264712 0.5990673 -0.7906475 0.0037747 0.0006319 0.0014740 0.0272711 0.0181565 -0.0077319 0.0044286 0.0009900 0.0029536 0.0463161 0.0261057 -0.0093835 0.0182275 0.0031527 0.0059535 0.0710651 0.0182497 0.0251823 0.0186712 0.0041101 0.0112583 0.1177507 0.0334887 0.0161819
0.0620386 0.0297893 -0.1990364 0.0606774 0.2091300 -0.2803753 0.1259804 0.0125805 -0.2081963 -0.0036209 0.2626466 -0.3215695 0.2945827 0.1414509 -0.9450993 0.1709205 0.5890930 -0.7897820 0.5170126 0.0516292 -0.8544193 -0.0087205 0.6325560 -0.7744656 -0.0234386 -0.0220442 -0.0234287 0.0212575 0.0067254 -0.0015541 -0.0315307 -0.0293922 -0.0306831 0.0326245 0.0270782 -0.0141571 -0.1237271 -0.1071685 -0.0396002 0.0539250 0.0032571 0.0161117 -0.1501082 -0.1169368 -0.0735441 0.0739848 0.0193856 0.0190102
0.0386000 0.0077451 -0.2224651 0.0819349 0.2158555 -0.2819295 0.0944497 -0.0168117 -0.2388794 0.0290037 0.2897248 -0.3357266 0.1708556 0.0342824 -0.9846995 0.2248456 0.5923502 -0.7736703 0.3669044 -0.0653076 -0.9279634 0.0652643 0.6519415 -0.7554554 0.0008265 0.0002771 0.0000316 0.0184603 0.0453602 -0.0267601 0.0008591 0.0002713 0.0001610 0.0295839 0.0419616 -0.0252408 0.0035649 0.0012075 0.0006680 0.0161093 0.0345837 0.0327960 0.0031223 0.0010912 0.0011643 0.0534046 0.0198879 0.0243172
0.0394265 0.0080222 -0.2224335 0.1003952 0.2612156 -0.3086896 0.0953089 -0.0165404 -0.2387184 0.0585876 0.3316863 -0.3609674 0.1744205 0.0354899 -0.9840315 0.2409548 0.6269338 -0.7408743 0.3700267 -0.0642164 -0.9267991 0.1186690 0.6718294 -0.7311381 0.0002159 0.0002299 0.0000743 0.0230309 0.0126356 -0.0062940 0.0002071 0.0002113 0.0000796 0.0311966 0.0199028 -0.0034310 0.0009764 0.0010217 0.0002109 0.0426199 0.0022466 0.0171911 0.0008191 0.0008176 0.0002712 0.0559205 0.0118517 0.0225489
0.0396425 0.0082522 -0.2223592 0.1234261 0.2738512 -0.3149836 0.0955160 -0.0163292 -0.2386389 0.0897842 0.3515891 -0.3643984 0.1753968 0.0365116 -0.9838205 0.2835748 0.6291804 -0.7236832 0.3708458 -0.0633988 -0.9265279 0.1745895 0.6836811 -0.7085893 0.0007969 0.0005603 -0.0000486 0.0086337 0.0497630 -0.0251150 0.0008981 0.0007258 0.0000621 0.0435102 0.0229708 0.0031628 0.0033598 0.0024427 0.0006987 -0.0127836 0.0343969 0.0263043 0.0031500 0.0028725 0.0010747 0.0735516 0.0136001 0.0361125
0.0404394 0.0088125 -0.2224078 0.1320598 0.3236142 -0.3400986 0.0964140 -0.0156033 -0.2385767 0.1332944 0.3745599 -0.3612356 0.1787566 0.0389543 -0.9831219 0.2707912 0.6635773 -0.6973789 0.3739957 -0.0605263 -0.9254533 0.2481411 0.6972812 -0.6724767 0.0009676 0.0011280 -0.0002648 0.0306581 0.0031398 0.0075440 0.0011278 0.0014738 -0.0002165 0.0246027 0.0072979 0.0043791 0.0038883 0.0048928 0.0009212 0.0587311 -0.0018632 0.0239180 0.0035852 0.0058313 0.0010935 0.0410587 0.0021185 0.0188686
0.0414070 0.0099405 -0.2226726 0.1627179 0.3267540 -0.3325546 0.0975419 -0.0141296 -0.2387932 0.1578971 0.3818578 -0.3568565 0.1826449 0.0438471 -0.9822007 0.3295223 0.6617141 -0.6734609 0.3775810 -0.0546950 -0.9243598 0.2891998 0.6993997 -0.6536081 0.0004453 0.0011627 -0.0003762 0.0183672 0.0100077 0.0022849 0.0005633 0.0014884 -0.0004355 0.0231137 0.0079819 0.0049073 0.0015538 0.0050199 0.0005272 0.0288841 0.0048098 0.0197861 0.0013907 0.0058635 0.0002408 0.0366375 0.0023502 0.0200648
0.0418523 0.0111032 -0.2230488 0.1810851 0.3367616 -0.3302696 0.0981052 -0.0126411 -0.2392287 0.1810109 0.3898397 -0.3519493 0.1841987 0.0488670 -0.9816735 0.3584064 0.6665239 -0.6536748 0.3789717 -0.0488316 -0.9241190 0.3258374 0.7017499 -0.6335433 0.0007823 0.0015823 -0.0007001 0.0186449 0.0039088 0.0054434 0.0009302 0.0020613 -0.0008667 0.0216204 0.0040997 0.0044005 0.0026905 0.0067399 0.0008675 0.0322008 -0.0002828 0.0184198 0.0020303 0.0081296 0.0004411 0.0340369 -0.0021111 0.0162946
0.0426346 0.0126855 -0.2237489 0.1997300 0.3406704 -0.3248262 0.0990354 -0.0105798 -0.2400954 0.2026312 0.3939394 -0.3475488 0.1868892 0.0556069 -0.9808059 0.3906071 0.6662411 -0.6352550 0.3810020 -0.0407020 -0.9236779 0.3598743 0.6996388 -0.6172487 0.0005060 0.0005460 -0.0009323 0.0129525 0.0030703 0.0029988 0.0004559 0.0006329 -0.0012141 0.0186192 0.0054942 0.0026508 0.0013598 0.0021302 0.0003832 0.0210210 -0.0009613 0.0123865 -0.0001074 0.0026208 -0.0001560 0.0267679 -0.0016158 0.0145285
0.0431406 0.0132315 -0.2246812 0.2126825 0.3437407 -0.3218274 0.0994914 -0.0099470 -0.2413095 0.2212504 0.3994336 -0.3448980 0.1882490 0.0577371 -0.9804227 0.4116281 0.6652798 -0.6228685 0.3808946 -0.0380811 -0.9238339 0.3866422 0.6980230 -0.6027202 0.0003126 0.0008349 -0.0002270 0.0070289 0.0018600 0.0027884 0.0003839 0.0010484 -0.0002689 0.0095384 0.0010523 0.0031440 0.0010905 0.0035546 0.0004259 0.0115997 0.0004473 0.0083070 0.0009480 0.0040601 0.0002329 0.0148370 -0.0013395 0.0082066
0.0434532 0.0140664 -0.2249081 0.2197114 0.3456007 -0.3190390 0.0998753 -0.0088986 -0.2415785 0.2307888 0.4004859 -0.3417540 0.1893395 0.0612917 -0.9799969 0.4232278 0.6657271 -0.6145614 0.3818426 -0.0340210 -0.9236010 0.4014792 0.6966835 -0.5945137 0.0008940 0.0020152 -0.0008287 0.0081091 -0.0002867 0.0010990 0.0010932 0.0027283 -0.0011058 0.0070902 -0.0007566 0.0007794 0.0029616 0.0084422 0.0011417 0.0134138 -0.0038972 0.0051967 0.0021809 0.0105528 0.0005760 0.0109725 -0.0036043 0.0033075
0.0443472 0.0160815 -0.2257369 0.2278205 0.3453140 -0.3179400 0.1009685 -0.0061703 -0.2426842 0.2378790 0.3997293 -0.3409746 0.1923011 0.0697338 -0.9788552 0.4366416 0.6618299 -0.6093647 0.3840235 -0.0234682 -0.9230250 0.4124517 0.6930793 -0.5912061 0.0001164 0.0004802 -0.0006348 0.0053030 0.0009383 0.0011504 0.0001094 0.0006071 -0.0008122 0.0084816 -0.0017843 0.0031538 -0.0000603 0.0018718 0.0001233 0.0082370 -0.0010633 0.0048231 -0.0007185 0.0023713 -0.0003558 0.0143577 -0.0036563 0.0059458
0.0444635 0.0165617 -0.2263717 0.2331235 0.3462523 -0.3167896 0.1010779 -0.0055633 -0.2434964 0.2463606 0.3979450 -0.3378208 0.1922408 0.0716056 -0.9787319 0.4448785 0.6607666 -0.6045416 0.3833051 -0.0210969 -0.9233808 0.4268094 0.6894230 -0.5852603 0.0003371 -0.0004628 -0.0001195 0.0022627 -0.0015131 0.0012926 0.0003152 -0.0005359 -0.0000862 0.0028606 -0.0012803 0.0011384 0.0013327 -0.0020458 0.0001151 0.0049761 -0.0019238 0.0015847 0.0008859 -0.0020135 0.0004165 0.0051942 -0.0018387 0.0016502
0.0448007 0.0160989 -0.2264912 0.2353863 0.3447392 -0.3154970 0.1013931 -0.0060992 -0.2435826 0.2492212 0.3966648 -0.3366824 0.1935735 0.0695598 -0.9786167 0.4498546 0.6588428 -0.6029569 0.3841910 -0.0231104 -0.9229643 0.4320036 0.6875843 -0.5836101 -0.0005534 -0.0011819 -0.0007036 -0.0047317 -0.0568572 0.0261304 -0.0007612 -0.0014893 -0.0009825 0.0012618 -0.0010754 -0.0007160 -0.0028062 -0.0052466 -0.0009095 0.0421144 -0.0448119 -0.0142404 -0.0038284 -0.0055719 -0.0014282 0.0020170 -0.0021330 -0.0010117
0.0442472 0.0149170 -0.2271948 0.2306546 0.2878821 -0.2893666 0.1006319 -0.0075884 -0.2445651 0.2504831 0.3955894 -0.3373984 0.1907673 0.0643132 -0.9795262 0.4919690 0.6140309 -0.6171973 0.3803626 -0.0286823 -0.9243926 0.4340206 0.6854513 -0.5846218 -0.0002778 -0.0000423 -0.0010420 -0.0003162 -0.0007474 -0.0009641 -0.0003439 0.0000738 -0.0014001 -0.0000645 -0.0011181 -0.0010282 -0.0019833 -0.0004481 -0.0004135 -0.0006559 -0.0015709 -0.0020798 -0.0029585 0.0004032 -0.0012242 0.0000322 -0.0017108 -0.0019761
0.0439695 0.0148748 -0.2282367 0.2303384 0.2871347 -0.2903307 0.1002880 -0.0075146 -0.2459652 0.2504186 0.3944712 -0.3384266 0.1887840 0.0638651 -0.9799397 0.4913131 0.6124600 -0.6192772 0.3774041 -0.0282791 -0.9256168 0.4340528 0.6837405 -0.5865978 0.0001034 -0.0002000 -0.0001977 -0.0000254 0.0000405 -0.0001955 0.0000754 -0.0003097 -0.0001445 0.0002116 -0.0004888 -0.0003429 0.0002812 -0.0009128 -0.0000048 -0.0001939 -0.0000879 -0.0002406 0.0000406 -0.0011466 0.0000523 0.0003976 -0.0007989 -0.0006360
0.0440729 0.0146748 -0.2284345 0.2303130 0.2871752 -0.2905262 0.1003634 -0.0078244 -0.2461097 0.2506302 0.3939824 -0.3387695 0.1890652 0.0629523 -0.9799446 0.4911192 0.6123721 -0.6195178 0.3774447 -0.0294258 -0.9255645 0.4344504 0.6829416 -0.5872338 -0.0005473 -0.0007264 -0.0004412 -0.0009127 -0.0000647 -0.0014324 -0.0006182 -0.0008206 -0.0005426 -0.0014400 -0.0007924 -0.0013338 -0.0025758 -0.0031892 -0.0006930 -0.0023656 -0.0006630 -0.0025206 -0.0027412 -0.0030499 -0.0010113 -0.0022115 -0.0009247 -0.0027004
0.0435257 0.0139484 -0.2288757 0.2294003 0.2871105 -0.2919586 0.0997452 -0.0086449 -0.2466523 0.2491903 0.3931900 -0.3401033 0.1864894 0.0597631 -0.9806376 0.4887537 0.6117092 -0.6220384 0.3747035 -0.0324756 -0.9265758 0.4322389 0.6820169 -0.5899343 0.0001571 -0.0009545 -0.0010511 -0.0003274 -0.0005007 -0.0007126 -0.0001275 -0.0013339 -0.0014553 -0.0007034 -0.0007146 -0.0004901 -0.0001294 -0.0043283 -0.0002788 -0.0006745 -0.0010380 -0.0015476 -0.0023645 -0.0048220 -0.0007713 -0.0008450 -0.0006469 -0.0013644
0.0436828 0.0129939 -0.2299268 0.2290730 0.2866098 -0.2926712 0.0996176 -0.0099788 -0.2481076 0.2484868 0.3924754 -0.3405935 0.1863601 0.0554348 -0.9809164 0.4880791 0.6106712 -0.6235860 0.3723390 -0.0372977 -0.9273470 0.4313939 0.6813700 -0.5912987 -0.0001774 0.0000438 -0.0002751 -0.0008296 -0.0000339 -0.0009856 -0.0002269 -0.0000203 -0.0003428 -0.0010483 -0.0012205 -0.0009220 -0.0009462 0.0001303 -0.0001719 -0.0019651 -0.0003203 -0.0018459 -0.0011731 -0.0000430 -0.0004684 -0.0012703 -0.0012497 -0.0023594
0.0435054 0.0130378 -0.2302018 0.2282434 0.2865759 -0.2936568 0.0993908 -0.0099991 -0.2484503 0.2474385 0.3912549 -0.3415155 0.1854139 0.0555651 -0.9810883 0.4861140 0.6103508 -0.6254319 0.3711660 -0.0373407 -0.9278154 0.4301236 0.6801203 -0.5936582 0.0131359 0.0245392 0.0255205 -0.0024665 0.0000030 -0.0025282 0.0178403 0.0327811 0.0339340 -0.0032398 -0.0017322 -0.0022775 0.0772120 0.1186662 0.0320514 -0.0056595 -0.0005095 -0.0048514 0.1063175 0.1301320 0.0540882 -0.0047411 -0.0015903 -0.0052130
0.0566412 0.0375769 -0.2046814 0.2257769 0.2865788 -0.2961850 0.1172311 0.0227820 -0.2145163 0.2441987 0.3895226 -0.3437930 0.2626259 0.1742313 -0.9490369 0.4804545 0.6098414 -0.6302833 0.4774834 0.0927913 -0.8737273 0.4253825 0.6785300 -0.5988712 -0.0155945 -0.0336649 -0.0177453 -0.0014037 -0.0003538 -0.0007254 -0.0207766 -0.0448717 -0.0234182 -0.0021869 -0.0012570 -0.0004773 -0.0811766 -0.1569381 -0.0342113 -0.0025495 -0.0001945 -0.0021228 -0.1031794 -0.1785134 -0.0496081 -0.0027098 -0.0004254 -0.0023957
0.0410468 0.0039120 -0.2224266 0.2243732 0.2862251 -0.2969104 0.0964545 -0.0220897 -0.2379346 0.2420118 0.3882657 -0.3442703 0.1814493 0.0172932 -0.9832482 0.4779050 0.6096469 -0.6324061 0.3743040 -0.0857221 -0.9233354 0.4226728 0.6781046 -0.6012669 -0.0003367 -0.0002508 -0.0003857 -0.0037667 -0.0008953 -0.0021429 -0.0003398 -0.0002662 -0.0003672 -0.0054957 -0.0018770 -0.0032206 -0.0017380 -0.0011313 -0.0003384 -0.0070492 -0.0006475 -0.0058842 -0.0016588 -0.0009539 -0.0005817 -0.0084240 -0.0013598 -0.0073499
0.0407101 0.0036612 -0.2228123 0.2206065 0.2853298 -0.2990532 0.0961147 -0.0223559 -0.2383017 0.2365161 0.3863887 -0.3474909 0.1797113 0.0161619 -0.9835866 0.4708558 0.6089994 -0.6382903 0.3726452 -0.0866760 -0.9239171 0.4142488 0.6767448 -0.6086168 0.0010579 0.0031088 -0.0010750 -0.0046395 -0.0004261 -0.0012302 0.0014472 0.0041827 -0.0014347 -0.0080912 -0.0023027 -0.0018576 0.0036015 0.0135504 0.0009811 -0.0082863 0.0012225 -0.0048727 0.0033662 0.0166346 -0.0000470 -0.0115429 0.0003867 -0.0072735
0.0417679 0.0067700 -0.2238873 0.2159670 0.2849037 -0.3002834 0.0975618 -0.0181733 -0.2397364 0.2284249 0.3840860 -0.3493484 0.1833128 0.0297123 -0.9826055 0.4625695 0.6102219 -0.6431630 0.3760114 -0.0700413 -0.9239641 0.4027059 0.6771315 -0.6158903 0.0001254 0.0002335 -0.0004193 -0.0099291 -0.0017488 -0.0035094 0.0001254 0.0003396 -0.0005817 -0.0148474 -0.0033085 -0.0034751 0.0001944 0.0009652 0.0000660 -0.0181324 0.0005616 -0.0121378 -0.0003292 0.0014570 -0.0002432 -0.0222211 0.0012173 -0.0126590
0.0418933 0.0070035 -0.2243065 0.2060379 0.2831549 -0.3037928 0.0976872 -0.0178337 -0.2403181 0.2135776 0.3807775 -0.3528236 0.1835072 0.0306776 -0.9825396 0.4444371 0.6107835 -0.6553008 0.3756822 -0.0685843 -0.9242073 0.3804848 0.6783488 -0.6285493 0.0000553 0.0009840 0.0006677 -0.0156544 -0.0022153 -0.0028606 0.0002822 0.0013602 0.0008866 -0.0231210 -0.0037093 -0.0016593 0.0007374 0.0044046 0.0002854 -0.0282019 0.0034344 -0.0151353 0.0022520 0.0050347 0.0005584 -0.0351194 0.0054101 -0.0142543
0.0419487 0.0079875 -0.2236388 0.1903835 0.2809396 -0.3066535 0.0979695 -0.0164736 -0.2394316 0.1904565 0.3770682 -0.3544828 0.1842447 0.0350821 -0.9822541 0.4162352 0.6142179 -0.6704361 0.3779342 -0.0635496 -0.9236488 0.3453655 0.6837589 -0.6428036 -0.0081427 -0.0001032 -0.0007779 -0.0313197 -0.0040498 -0.0096167 -0.0087893 -0.0002055 -0.0027720 -0.0447292 -0.0154467 -0.0043928 -0.0353759 -0.0003627 -0.0059931 -0.0623195 0.0018598 -0.0332626 -0.0331279 -0.0009384 -0.0128072 -0.0703585 -0.0013306 -0.0344429
0.0338060 0.0078843 -0.2244168 0.1590638 0.2768898 -0.3162701 0.0891802 -0.0166791 -0.2422035 0.1457273 0.3616215 -0.3588756 0.1488688 0.0347195 -0.9882473 0.3539157 0.6160778 -0.7036987 0.3448063 -0.0644880 -0.9364560 0.2750070 0.6824283 -0.6772465 0.0027439 -0.0000674 -0.0022344 -0.0130653 -0.0057463 -0.0007013 0.0026521 0.0001891 -0.0028592 -0.0177446 -0.0095743 -0.0010270 0.0102425 -0.0006905 0.0015732 -0.0235527 -0.0025386 -0.0135390 0.0054006 0.0016027 0.0018970 -0.0286343 -0.0047207 -0.0155832
0.0365498 0.0078169 -0.2266512 0.1459985 0.2711435 -0.3169714 0.0918323 -0.0164900 -0.2450628 0.1279827 0.3520472 -0.3599027 0.1591112 0.0340290 -0.9866740 0.3303630 0.6135391 -0.7172378 0.3502069 -0.0628853 -0.9345590 0.2463728 0.6777075 -0.6928297 0.0013489 0.0001319 0.0004454 -0.0293789 -0.0108536 0.0002980 0.0015222 0.0002009 0.0008836 -0.0409519 -0.0184198 -0.0079721 0.0060274 0.0006067 0.0010120 -0.0567264 -0.0027941 -0.0258057 0.0062121 0.0006951 0.0023048 -0.0737596 -0.0160055 -0.0367970
0.0378987 0.0079488 -0.2262058 0.1166196 0.2602899 -0.3166733 0.0933545 -0.0162891 -0.2441792 0.0870308 0.3336274 -0.3678747 0.1651386 0.0346357 -0.9856620 0.2736366 0.6107450 -0.7430434 0.3564190 -0.0621902 -0.9322542 0.1726132 0.6617020 -0.7296267 -0.0004891 -0.0007666 0.0004662 -0.0123990 -0.0321564 0.0237063 -0.0004462 -0.0008863 0.0007657 -0.0264423 -0.0208189 0.0095436 -0.0017286 -0.0032630 -0.0003973 -0.0033997 -0.0192102 -0.0166003 -0.0005949 -0.0035889 0.0000191 -0.0462557 -0.0093396 -0.0176732
0.0374096 0.0071822 -0.2257396 0.1042206 0.2281335 -0.2929670 0.0929083 -0.0171754 -0.2434135 0.0605886 0.3128085 -0.3583311 0.1634100 0.0313727 -0.9860593 0.2702369 0.5915348 -0.7596437 0.3558240 -0.0657791 -0.9322351 0.1263575 0.6523624 -0.7472999 -0.0008578 -0.0023192 0.0016088 -0.0088808 -0.0091689 0.0045858 -0.0010569 -0.0030587 0.0020282 -0.0333761 -0.0282706 0.0197401 -0.0024908 -0.0099636 -0.0006761 -0.0156114 -0.0067426 -0.0105406 -0.0012700 -0.0123264 0.0004675 -0.0649449 -0.0102237 -0.0168247
0.0365518 0.0048629 -0.2241308 0.0953398 0.2189646 -0.2883812 0.0918513 -0.0202341 -0.2413852 0.0272125 0.2845379 -0.3385910 0.1609193 0.0214091 -0.9867353 0.2546256 0.5847922 -0.7701843 0.3545541 -0.0781055 -0.9317676 0.0614125 0.6421387 -0.7641246 -0.0018977 -0.0001080 -0.0005474 -0.0301634 -0.0108115 0.0068830 -0.0019505 0.0001167 -0.0010321 -0.0333028 -0.0250322 0.0123752 -0.0085165 -0.0004974 -0.0013619 -0.0716042 -0.0002791 -0.0202887 -0.0078909 0.0005313 -0.0030087 -0.0760214 -0.0196583 -0.0183744
0.0346541 0.0047550 -0.2246782 0.0651764 0.2081531 -0.2814983 0.0899008 -0.0201175 -0.2424173 -0.0060903 0.2595057 -0.3262158 0.1524028 0.0209116 -0.9880972 0.1830214 0.5845131 -0.7904731 0.3466632 -0.0775742 -0.9347764 -0.0146089 0.6224804 -0.7824990 -0.0087902 0.0010335 -0.0008073 -0.0127117 -0.0321245 0.0194616 -0.0091953 0.0017265 -0.0028979 -0.0472986 -0.0177217 0.0104948 -0.0384841 0.0045839 -0.0050657 -0.0190707 -0.0344286 -0.0283842 -0.0349433 0.0065402 -0.0127387 -0.1184525 -0.0198812 -0.0043738
0.0258638 0.0057885 -0.2254855 0.0524647 0.1760286 -0.2620366 0.0807054 -0.0183910 -0.2453152 -0.0533889 0.2417840 -0.3157210 0.1139186 0.0254955 -0.9931629 0.1639507 0.5500845 -0.8188573 0.3117199 -0.0710340 -0.9475151 -0.1330614 0.6025992 -0.7868728 -0.0004971 0.0003452 -0.0002825 -0.0102196 0.0050795 -0.0047618 -0.0006227 0.0003340 -0.0006139 -0.0169899 -0.0224347 0.0131375 -0.0023045 0.0014926 -0.0002222 -0.0340526 0.0067991 -0.0015129 -0.0028409 0.0013882 -0.0010328 -0.0520024 -0.0258116 -0.0087825
0.0253667 0.0061336 -0.2257680 0.0422451 0.1811081 -0.2667985 0.0800828 -0.0180570 -0.2459291 -0.0703788 0.2193493 -0.3025836 0.1116142 0.0269882 -0.9933851 0.1298981 0.5568836 -0.8203701 0.3088790 -0.0696458 -0.9485479 -0.1850637 0.5767876 -0.7956553 0.0003692 -0.0025343 -0.0039177 -0.0221500 -0.0109865 0.0050084 -0.0009131 -0.0033641 -0.0062144 -0.0499349 -0.0267221 0.0145715 -0.0002760 -0.0114169 -0.0002755 -0.0656672 -0.0131148 -0.0164033 -0.0102915 -0.0111438 -0.0024087 -0.1429581 -0.0516108 0.0104223
0.0257359 0.0035993 -0.2296857 0.0200951 0.1701217 -0.2617901 0.0791696 -0.0214211 -0.2521435 -0.1203137 0.1926273 -0.2880121 0.1113382 0.0155713 -0.9936606 0.0642309 0.5437689 -0.8367735 0.2985875 -0.0807896 -0.9509566 -0.3280218 0.5251769 -0.7852331 0.0011417 0.0008323 -0.0001845 -0.0232402 -0.0249851 0.0126042 0.0012935 0.0011206 -0.0001438 0.0756139 0.0033510 0.0131641 0.0047746 0.0035733 0.0006091 -0.0751370 -0.0405018 -0.0272887 0.0043783 0.0043525 0.0010255 0.1967489 0.0503666 -0.0219330
0.0268777 0.0044316 -0.2298703 -0.0031452 0.1451366 -0.2491859 0.0804631 -0.0203005 -0.2522873 -0.0446997 0.1959782 -0.2748480 0.1161128 0.0191446 -0.9930515 -0.0109061 0.5032670 -0.8640621 0.3029658 -0.0764371 -0.9499311 -0.1312730 0.5755435 -0.8071661 0.0063606 0.0025289 -0.0042289 0.0021000 -0.0069412 0.0028311 0.0067915 0.0041074 -0.0048724 0.0094804 -0.0029096 0.0003651 0.0244003 0.0102803 0.0034100 0.0072060 -0.0140291 -0.0080804 0.0177742 0.0169128 0.0046361 0.0268968 -0.0033640 -0.0062933
0.0332383 0.0069605 -0.2340991 -0.0010452 0.1381954 -0.2463548 0.0872547 -0.0161931 -0.2571597 -0.0352193 0.1930686 -0.2744829 0.1405131 0.0294249 -0.9896415 -0.0037001 0.4892379 -0.8721425 0.3207400 -0.0595243 -0.9452950 -0.1043762 0.5721795 -0.8134594 -0.1273865 0.1737427 -0.0872528 0.0093330 -0.0042739 0.0011953 -0.2153534 0.2699686 -0.1152342 0.0139231 -0.0025471 -0.0005307 -0.3879422 0.4454777 0.1451023 0.0333548 -0.0100500 -0.0050687 -0.5941654 0.6012056 0.1504240 0.0408506 -0.0038622 -0.0068941
-0.0941482 0.1807031 -0.3213519 0.0082878 0.1339215 -0.2451595 -0.1280987 0.2537755 -0.3723939 -0.0212962 0.1905215 -0.2750136 -0.2474291 0.4749026 -0.8445391 0.0296548 0.4791879 -0.8772112 -0.2734254 0.5416813 -0.7948710 -0.0635256 0.5683174 -0.8203535 -0.0229338 0.0365484 0.0336805 -0.0003223 -0.0032214 0.0007337 -0.0227046 0.0365477 0.0335301 0.0011388 -0.0026010 0.0005067 -0.0614725 0.0982801 0.0855652 -0.0009285 -0.0078403 -0.0042683 -0.0467393 0.0746927 0.0754424 0.0030435 -0.0044628 -0.0033029
-0.1170820 0.2172516 -0.2876714 0.0079655 0.1307002 -0.2444258 -0.1508033 0.2903233 -0.3388638 -0.0201574 0.1879206 -0.2745069 -0.3089016 0.5731827 -0.7589739 0.0287263 0.4713476 -0.8814796 -0.3201647 0.6163741 -0.7194286 -0.0604821 0.5638546 -0.8236565 -0.0319949 -0.0036100 0.0010831 -0.0390388 -0.0473027 0.0258946 -0.0305578 -0.0036107 0.0001661 -0.0347128 -0.0459719 0.0247453 -0.0760139 -0.0215615 0.0190049 -0.1604156 -0.1179067 -0.0446616 -0.0581539 -0.0182927 0.0129064 -0.1271248 -0.0785168 -0.0303054
-0.1490769 0.2136416 -0.2865883 -0.0310733 0.0833975 -0.2185312 -0.1813612 0.2867126 -0.3386977 -0.0548701 0.1419487 -0.2497617 -0.3849155 0.5516212 -0.7399690 -0.1316894 0.3534409 -0.9261412 -0.3783187 0.5980814 -0.7065222 -0.1876069 0.4853378 -0.8539619 0.0013829 -0.0041632 -0.0089957 0.0097287 -0.0013600 -0.0002868 0.0030141 -0.0041637 -0.0099705 0.0107080 -0.0013605 -0.0010094 0.0074082 -0.0161922 -0.0155467 0.0407311 -0.0038449 -0.0063336 0.0090085 -0.0129963 -0.0154788 0.0357757 -0.0019897 -0.0081993
-0.1476940 0.2094784 -0.2955840 -0.0213446 0.0820375 -0.2188180 -0.1783471 0.2825489 -0.3486682 -0.0441621 0.1405882 -0.2507710 -0.3775073 0.5354290 -0.7555157 -0.0909582 0.3495960 -0.9324748 -0.3693102 0.5850851 -0.7220009 -0.1518312 0.4833481 -0.8621612 -0.0100696 -0.0018725 0.0028316 0.0024552 -0.0014508 0.0002637 -0.0100569 -0.0018732 0.0028232 0.0024633 -0.0014512 0.0002579 -0.0249122 -0.0058730 0.0087702 0.0101317 -0.0047706 -0.0027057 -0.0202639 -0.0047153 0.0068766 0.0078321 -0.0028642 -0.0029397
-0.1577636 0.2076059 -0.2927523 -0.0188894 0.0805867 -0.2185543 -0.1884040 0.2806757 -0.3458450 -0.0416988 0.1391370 -0.2505131 -0.4024196 0.5295560 -0.7467455 -0.0808266 0.3448255 -0.9351804 -0.3895741 0.5803698 -0.7151244 -0.1439991 0.4804839 -0.8651009 -0.0152048 0.0044404 0.0158735 0.0016487 0.0000232 0.0003762 -0.0152276 0.0044399 0.0158878 0.0016359 0.0000229 0.0003878 -0.0419027 0.0151496 0.0354977 0.0069054 0.0007964 -0.0002773 -0.0335318 0.0120437 0.0295388 0.0053831 0.0010031 -0.0003215
-0.1729684 0.2120463 -0.2768788 -0.0172407 0.0806099 -0.2181781 -0.2036315 0.2851156 -0.3299573 -0.0400629 0.1391599 -0.2501253 -0.4443223 0.5447056 -0.7112479 -0.0739212 0.3456219 -0.9354577 -0.4231059 0.5924135 -0.6855856 -0.1386159 0.4814869 -0.8654224 0.0426047 0.0040342 -0.0166786 -0.0007024 -0.0003766 0.0003107 0.0426258 0.0040334 -0.0166896 -0.0006895 -0.0003771 0.0003027 0.1075690 0.0134697 -0.0470644 -0.0031330 -0.0010716 -0.0001425 0.0871622 0.0109053 -0.0377043 -0.0025550 -0.0007276 0.0000085
-0.1303637 0.2160805 -0.2935574 -0.0179431 0.0802333 -0.2178673 -0.1610057 0.2891490 -0.3466469 -0.0407524 0.1387828 -0.2498226 -0.3367533 0.5581753 -0.7583123 -0.0770542 0.3445504 -0.9356002 -0.3359437 0.6033187 -0.7232899 -0.1411709 0.4807594 -0.8654139 0.0615992 -0.0448007 -0.0391817 -0.0008310 -0.0006405 0.0003613 0.0615639 -0.0448013 -0.0391602 -0.0008531 -0.0006408 0.0003758 0.1560320 -0.1080319 -0.1161651 -0.0037393 -0.0020259 -0.0004284 0.1231781 -0.0805127 -0.1021824 -0.0032108 -0.0013709 -0.0002308
-0.0687646 0.1712798 -0.3327391 -0.0187741 0.0795928 -0.2175061 -0.0994418 0.2443477 -0.3858070 -0.0416055 0.1381420 -0.2494467 -0.1807214 0.4501434 -0.8744774 -0.0807935 0.3425244 -0.9360285 -0.2127656 0.5228061 -0.8254724 -0.1443817 0.4793884 -0.8656447 -0.0119041 0.0152959 0.0110884 -0.0002808 0.0000644 0.0001313 -0.0119235 0.0152953 0.0110985 -0.0002922 0.0000639 0.0001394 -0.0312879 0.0402054 0.0291313 -0.0012360 0.0003922 0.0002511 -0.0245456 0.0304741 0.0269960 -0.0010379 0.0003011 0.0003406
-0.0806686 0.1865757 -0.3216507 -0.0190549 0.0796572 -0.2173748 -0.1113653 0.2596430 -0.3747085 -0.0418976 0.1382059 -0.2493073 -0.2120092 0.4903488 -0.8453461 -0.0820296 0.3429166 -0.9357774 -0.2373112 0.5532801 -0.7984763 -0.1454196 0.4796895 -0.8653040 -0.0216956 -0.0008547 0.0050685 -0.0114176 -0.0104243 0.0029547 -0.0248814 -0.0008549 0.0070452 -0.0723455 0.0181230 -0.0299830 -0.0566319 -0.0029494 0.0145190 -0.0519915 -0.0384241 -0.0072616 -0.0526996 -0.0024312 0.0158786 -0.1907448 -0.0196865 0.0434825
-0.1023643 0.1857210 -0.3165822 -0.0304726 0.0692329 -0.2144201 -0.1362467 0.2587881 -0.3676633 -0.1142432 0.1563289 -0.2792904 -0.2686412 0.4873995 -0.8308271 -0.1340211 0.3044925 -0.9430391 -0.2900108 0.5508489 -0.7825977 -0.3361644 0.4600031 -0.8218216 -0.1075731 -0.0178908 0.0104786 0.0002405 0.0806450 -0.0393242 -0.1082179 -0.0178893 0.0109110 0.0029204 0.0071074 -0.0074801 -0.2467229 -0.0754022 0.0793897 0.0319718 0.2014259 0.0865155 -0.2038144 -0.0642269 0.0619483 0.0165845 0.0091815 -0.0014248
-0.2099374 0.1678301 -0.3061036 -0.0302320 0.1498778 -0.2537443 -0.2444646 0.2408987 -0.3567523 -0.1113228 0.1634362 -0.2867705 -0.5153641 0.4119973 -0.7514374 -0.1020493 0.5059183 -0.8565235 -0.4938252 0.4866221 -0.7206494 -0.3195799 0.4691846 -0.8232463 0.2368032 -0.1661565 0.0762665 0.0471303 0.0146575 -0.0140532 0.3253249 -0.2627447 0.1041655 0.0201536 0.0461605 -0.0128311 0.6314611 -0.4047649 -0.2417742 0.1557357 0.0168169 0.0057206 0.7976832 -0.5687152 -0.2285244 0.0776452 0.0870203 0.0281968
0.0268658 0.0016736 -0.2298371 0.0168983 0.1645354 -0.2677975 0.0808603 -0.0218460 -0.2525868 -0.0911692 0.2095968 -0.2996015 0.1160970 0.0072324 -0.9932115 0.0536864 0.5227352 -0.8508029 0.3038580 -0.0820931 -0.9491739 -0.2419347 0.5562049 -0.7950495 -0.0011768 0.0024508 0.0018284 0.0168669 0.0071839 0.0010784 -0.0004854 0.0033476 0.0025818 0.0154338 0.0197798 -0.0059166 -0.0041569 0.0107399 -0.0003409 0.0521576 0.0155548 0.0147163 0.0014506 0.0118260 -0.0004835 0.0474798 0.0327330 0.0106138
0.0256890 0.0041244 -0.2280087 0.0337652 0.1717193 -0.2667191 0.0803749 -0.0184984 -0.2500050 -0.0757353 0.2293766 -0.3055182 0.1119401 0.0179723 -0.9935524 0.1058440 0.5382901 -0.8360866 0.3053086 -0.0702672 -0.9496574 -0.1944549 0.5889379 -0.7844357 0.0065246 0.0008930 0.0015040 0.0315779 0.0170325 0.0014412 0.0074446 0.0012574 0.0035353 0.0533537 0.0217094 -0.0097138 0.0288294 0.0039531 0.0037528 0.0909321 0.0301226 0.0372210 0.0296053 0.0045159 0.0097056 0.1390039 0.0331335 0.0034413
0.0322136 0.0050174 -0.2265047 0.0653431 0.1887518 -0.2652779 0.0878195 -0.0172410 -0.2464697 -0.0223816 0.2510860 -0.3152320 0.1407695 0.0219255 -0.9897996 0.1967761 0.5684126 -0.7988656 0.3349139 -0.0657513 -0.9399518 -0.0554510 0.6220714 -0.7809945 0.0001691 -0.0002100 0.0006890 0.0149032 0.0158651 -0.0115020 0.0002880 -0.0001838 0.0009992 0.0185856 0.0278892 -0.0154698 0.0011497 -0.0008565 0.0001456 0.0302721 0.0105290 0.0157464 0.0021651 -0.0009118 0.0008386 0.0466776 0.0227013 0.0166704
0.0323826 0.0048074 -0.2258158 0.0802463 0.2046169 -0.2767800 0.0881075 -0.0174248 -0.2454705 -0.0037960 0.2789752 -0.3307018 0.1419192 0.0210689 -0.9896540 0.2270482 0.5789416 -0.7831192 0.3370791 -0.0666631 -0.9391133 -0.0087734 0.6447727 -0.7643240 0.0000000 0.0000000 0.0000000 0.0000000 0.0000000 0.0000000 0.0000000 0.0000000 0.0000000 0.0000000 0.0000000 0.0000000 0.0000000 0.0000000 0.0000000 0.0000000 0.0000000 0.0000000 0.0000000 0.0000000 0.0000000 0.0000000 0.0000000 0.0000000
