-0.2945074 -0.2326686 -0.0039703 0.1629263 0.4126938 -0.1775098 -0.2892563 -0.3138040 -0.0121265 0.1269366 0.4663250 -0.1932097 -0.7846280 -0.6198767 -0.0105777 0.3409345 0.8635899 -0.3714513 -0.6774891 -0.7349842 -0.0284023 0.2438826 0.8959477 -0.3712127 -0.0006029 0.0006366 -0.0006110 -0.0001094 -0.0000523 0.0008393 -0.0007710 0.0002427 -0.0003507 -0.0000939 -0.0000528 0.0008031 -0.0014253 0.0018383 -0.0016251 0.0000519 0.0006024 0.0014515 -0.0012420 0.0011781 -0.0007970 -0.0000081 0.0005321 0.0012816
-0.2951104 -0.2320320 -0.0045813 0.1628169 0.4126415 -0.1766705 -0.2900273 -0.3135613 -0.0124771 0.1268427 0.4662722 -0.1924065 -0.7860533 -0.6180383 -0.0122028 0.3409864 0.8641923 -0.3699999 -0.6787311 -0.7338062 -0.0291993 0.2438746 0.8964799 -0.3699311 -0.0002080 -0.0002731 0.0000548 0.0002592 -0.0007656 0.0007738 -0.0000379 -0.0000883 -0.0007044 0.0003052 -0.0007661 0.0006707 0.0001402 -0.0001813 0.0001565 0.0011583 -0.0000488 0.0009566 0.0000886 -0.0000149 -0.0016403 0.0009917 0.0000096 0.0006789
-0.2953184 -0.2323051 -0.0045266 0.1630761 0.4118759 -0.1758967 -0.2900652 -0.3136496 -0.0131815 0.1271479 0.4655061 -0.1917358 -0.7859131 -0.6182196 -0.0120462 0.3421447 0.8641435 -0.3690432 -0.6786425 -0.7338210 -0.0308397 0.2448663 0.8964895 -0.3692522 -0.0004247 -0.0004383 0.0008163 -0.0003937 0.0000751 0.0009274 -0.0004388 -0.0002389 0.0012276 -0.0004043 0.0000749 0.0009521 0.0001157 -0.0001858 0.0021881 -0.0005314 0.0009038 0.0016287 -0.0003324 0.0001913 0.0029007 -0.0005987 0.0008053 0.0015628
-0.2957431 -0.2327434 -0.0037102 0.1626824 0.4119510 -0.1749693 -0.2905040 -0.3138885 -0.0119539 0.1267436 0.4655810 -0.1907837 -0.7857974 -0.6184054 -0.0098582 0.3416134 0.8650473 -0.3674145 -0.6789748 -0.7336297 -0.0279389 0.2442676 0.8972947 -0.3676894 -0.0003270 -0.0002231 0.0001263 0.0304131 -0.0179525 -0.0122659 -0.0001323 -0.0001436 0.0003992 0.0159801 -0.0204128 0.0070689 -0.0000468 0.0000541 0.0003455 0.0631556 -0.0391431 -0.0250702 -0.0000169 -0.0000197 0.0009447 0.0398779 -0.0110186 0.0019354
-0.2960701 -0.2329665 -0.0035840 0.1930955 0.3939985 -0.1872352 -0.2906364 -0.3140321 -0.0115547 0.1427236 0.4451682 -0.1837148 -0.7858442 -0.6183514 -0.0095127 0.4047690 0.8259043 -0.3924846 -0.6789918 -0.7336494 -0.0269943 0.2841455 0.8862761 -0.3657540 -0.0002418 -0.0000764 -0.0004424 -0.0047505 0.0042524 -0.0006253 -0.0005493 -0.0000151 0.0000984 0.0042049 -0.0009907 0.0021085 -0.0001375 0.0001939 -0.0011674 -0.0115030 0.0056474 0.0002301 -0.0006774 0.0006182 0.0002537 0.0086230 -0.0012119 0.0038868
-0.2963119 -0.2330429 -0.0040264 0.1883449 0.3982509 -0.1878605 -0.2911857 -0.3140472 -0.0114563 0.1469285 0.4441775 -0.1816063 -0.7859817 -0.6181575 -0.0106801 0.3932660 0.8315517 -0.3922545 -0.6796692 -0.7330312 -0.0267406 0.2927685 0.8850642 -0.3618672 -0.0003698 -0.0001362 -0.0004216 -0.0187032 0.0237090 0.0065476 -0.0004388 -0.0000851 -0.0002214 0.0267864 -0.0101120 -0.0065823 -0.0001893 0.0002608 -0.0011064 -0.0467717 0.0303041 0.0219218 -0.0004421 0.0004284 -0.0004935 0.0519116 -0.0238040 -0.0115313
-0.2966817 -0.2331791 -0.0044480 0.1696417 0.4219599 -0.1813129 -0.2916245 -0.3141323 -0.0116777 0.1737149 0.4340655 -0.1881887 -0.7861710 -0.6178967 -0.0117865 0.3464943 0.8618558 -0.3703327 -0.6801113 -0.7326028 -0.0272341 0.3446801 0.8612602 -0.3733985 -0.0000596 0.0001536 0.0000016 0.0281704 -0.0072290 -0.0064820 -0.0004726 -0.0000612 0.0007934 0.0032621 0.0029183 -0.0006547 -0.0002581 0.0003284 0.0000027 0.0520109 -0.0263536 -0.0079922 -0.0005537 0.0004472 0.0018708 0.0037853 -0.0008450 0.0015686
-0.2967413 -0.2330255 -0.0044464 0.1978121 0.4147309 -0.1877949 -0.2920971 -0.3141935 -0.0108843 0.1769771 0.4369838 -0.1888433 -0.7864290 -0.6175683 -0.0117839 0.3985052 0.8355022 -0.3783249 -0.6806650 -0.7321556 -0.0253633 0.3484655 0.8604152 -0.3718299 -0.0000053 -0.0000097 -0.0004813 0.0185899 0.0062524 -0.0031528 0.0003122 -0.0003728 -0.0012074 0.0077288 0.0427728 -0.0145760 0.0000196 0.0000007 -0.0012751 0.0254721 -0.0107068 0.0042181 0.0008749 -0.0007099 -0.0028075 -0.0143782 0.0073459 0.0038947
-0.2967466 -0.2330352 -0.0049277 0.2164020 0.4209833 -0.1909477 -0.2917849 -0.3145663 -0.0120917 0.1847059 0.4797566 -0.2034193 -0.7864094 -0.6175676 -0.0130589 0.4239773 0.8247953 -0.3741068 -0.6797901 -0.7328655 -0.0281708 0.3340872 0.8677611 -0.3679352 0.0005624 0.0001638 -0.0000570 0.0291828 0.0075842 -0.0074045 0.0003543 0.0004270 0.0004908 0.0349638 0.0227811 -0.0198819 0.0003601 -0.0004546 -0.0001700 0.0374026 -0.0196462 0.0014630 -0.0000732 0.0000262 0.0011078 0.0368714 -0.0191199 -0.0091560
-0.2961842 -0.2328714 -0.0049847 0.2455848 0.4285675 -0.1983521 -0.2914306 -0.3141393 -0.0116008 0.2196696 0.5025377 -0.2233011 -0.7860493 -0.6180222 -0.0132289 0.4613799 0.8051491 -0.3726439 -0.6798634 -0.7328393 -0.0270630 0.3709586 0.8486412 -0.3770912 0.0006840 0.0002941 -0.0001029 0.0365056 0.0009591 -0.0110642 0.0003525 0.0003531 0.0003749 0.0510536 -0.0065539 -0.0283076 0.0003181 -0.0003979 -0.0002989 0.0469750 -0.0310996 -0.0047452 0.0000161 -0.0000456 0.0008435 0.0667189 -0.0467856 -0.0296839
-0.2955002 -0.2325773 -0.0050876 0.2820904 0.4295266 -0.2094164 -0.2910781 -0.3137862 -0.0112260 0.2707233 0.4959838 -0.2516087 -0.7857312 -0.6184201 -0.0135278 0.5083549 0.7740496 -0.3773891 -0.6798473 -0.7328848 -0.0262195 0.4376775 0.8018556 -0.4067751 0.0002559 0.0003255 0.0004939 0.0233284 -0.0021097 -0.0081522 0.0004562 0.0003988 0.0003117 0.0348326 -0.0146213 -0.0091561 -0.0001737 0.0001936 0.0012999 0.0287902 -0.0223444 -0.0052523 0.0000963 -0.0001137 0.0006916 0.0496874 -0.0340771 -0.0091476
-0.2952443 -0.2322518 -0.0045937 0.3054188 0.4274169 -0.2175686 -0.2906219 -0.3133874 -0.0109142 0.3055558 0.4813625 -0.2607648 -0.7859049 -0.6182265 -0.0122280 0.5371451 0.7517052 -0.3826414 -0.6797510 -0.7329985 -0.0255279 0.4873649 0.7677785 -0.4159227 0.0004387 0.0008318 -0.0005473 0.0245729 -0.0088610 -0.0075705 0.0006379 0.0003073 -0.0002684 0.0350972 -0.0171271 -0.0060146 -0.0006154 0.0008144 -0.0014880 0.0331885 -0.0283036 -0.0064726 0.0004563 -0.0003994 -0.0006678 0.0494260 -0.0362502 -0.0044604
-0.2948056 -0.2314200 -0.0051411 0.3299917 0.4185559 -0.2251391 -0.2899840 -0.3130801 -0.0111827 0.3406531 0.4642354 -0.2667794 -0.7865203 -0.6174120 -0.0137160 0.5703336 0.7234016 -0.3891140 -0.6792947 -0.7333979 -0.0261957 0.5367909 0.7315283 -0.4203831 0.0002375 0.0003776 0.0006395 0.0254479 -0.0086631 -0.0001653 0.0003203 -0.0000870 -0.0001108 0.0223112 -0.0057657 -0.0078551 -0.0002650 0.0003025 0.0016925 0.0347091 -0.0256664 0.0055923 0.0005106 -0.0004629 -0.0002688 0.0250426 -0.0218617 -0.0047246
-0.2945681 -0.2310424 -0.0045015 0.3554395 0.4098928 -0.2253043 -0.2896637 -0.3131671 -0.0112935 0.3629643 0.4584697 -0.2746346 -0.7867854 -0.6171096 -0.0120235 0.6050428 0.6977352 -0.3835216 -0.6787841 -0.7338608 -0.0264645 0.5618335 0.7096666 -0.4251077 -0.0000607 -0.0006303 -0.0002986 0.0119544 -0.0020518 -0.0031038 0.0000816 -0.0017479 -0.0012244 0.0165940 -0.0058930 -0.0038428 0.0007631 -0.0009559 -0.0007824 0.0128993 -0.0117627 -0.0006519 0.0021940 -0.0019180 -0.0027827 0.0193986 -0.0166186 -0.0013355
-0.2946288 -0.2316727 -0.0048001 0.3673939 0.4078410 -0.2284081 -0.2895821 -0.3149150 -0.0125179 0.3795583 0.4525767 -0.2784774 -0.7860223 -0.6180655 -0.0128059 0.6179421 0.6859725 -0.3841735 -0.6765901 -0.7357788 -0.0292472 0.5812321 0.6930480 -0.4264431 0.0001673 -0.0000754 0.0001060 0.0131002 -0.0035087 -0.0031715 0.0001273 -0.0010653 -0.0008679 0.0169534 -0.0129908 0.0051952 0.0002656 -0.0003433 0.0002800 0.0145570 -0.0138469 -0.0007837 0.0014406 -0.0012411 -0.0019750 0.0268886 -0.0188654 0.0073166
-0.2944616 -0.2317481 -0.0046941 0.3804941 0.4043323 -0.2315797 -0.2894548 -0.3159803 -0.0133858 0.3965117 0.4395859 -0.2732822 -0.7857567 -0.6184088 -0.0125259 0.6324991 0.6721256 -0.3849572 -0.6751495 -0.7370199 -0.0312222 0.6081207 0.6741826 -0.4191265 0.0003170 -0.0007312 -0.0023402 0.0074221 -0.0029219 -0.0026305 0.0003816 0.0000588 -0.0003349 0.0072880 -0.0051987 -0.0007832 0.0013493 -0.0015533 -0.0062327 0.0083008 -0.0090346 -0.0019353 0.0004332 -0.0003622 -0.0008029 0.0099300 -0.0093150 -0.0003545
-0.2941446 -0.2324793 -0.0070343 0.3879162 0.4014104 -0.2342102 -0.2890732 -0.3159215 -0.0137207 0.4037997 0.4343872 -0.2740654 -0.7844074 -0.6199622 -0.0187586 0.6407999 0.6630910 -0.3868925 -0.6747163 -0.7373820 -0.0320251 0.6180507 0.6648676 -0.4194810 0.0000921 0.0001427 0.0000769 0.0030744 -0.0002702 -0.0038844 0.0003256 0.0005234 -0.0001935 0.0034200 -0.0017415 -0.0033189 -0.0000936 0.0001125 0.0001970 0.0015715 -0.0040445 -0.0042810 -0.0001842 0.0001904 -0.0004972 0.0029880 -0.0050524 -0.0035495
-0.2940524 -0.2323366 -0.0069574 0.3909906 0.4011402 -0.2380946 -0.2887476 -0.3153981 -0.0139143 0.4072196 0.4326457 -0.2773843 -0.7845010 -0.6198497 -0.0185615 0.6423714 0.6590465 -0.3911735 -0.6749006 -0.7371917 -0.0325223 0.6210387 0.6598152 -0.4230306 0.0003533 0.0004804 0.0001835 0.0020026 -0.0008632 -0.0015042 0.0004489 0.0004047 -0.0014685 0.0016492 -0.0022636 -0.0029008 -0.0002681 0.0003259 0.0004617 0.0019032 -0.0028308 -0.0016258 0.0001803 -0.0000034 -0.0034788 0.0017840 -0.0042217 -0.0039227
-0.2936991 -0.2318562 -0.0067739 0.3929932 0.4002770 -0.2395988 -0.2882988 -0.3149934 -0.0153828 0.4088688 0.4303821 -0.2802850 -0.7847692 -0.6195238 -0.0180999 0.6442746 0.6562157 -0.3927993 -0.6747202 -0.7371950 -0.0360011 0.6228227 0.6555935 -0.4269532 0.0002391 0.0003853 -0.0001958 0.0005459 -0.0010959 -0.0015806 0.0004464 0.0005136 -0.0007214 0.0000227 -0.0012986 -0.0019041 -0.0002478 0.0003302 -0.0005442 0.0006236 -0.0020718 -0.0024250 0.0000133 0.0000752 -0.0017461 0.0000537 -0.0019580 -0.0029138
-0.2934600 -0.2314709 -0.0069696 0.3935391 0.3991811 -0.2411795 -0.2878524 -0.3144798 -0.0161042 0.4088915 0.4290835 -0.2821892 -0.7850169 -0.6191937 -0.0186441 0.6448982 0.6541438 -0.3952243 -0.6747070 -0.7371198 -0.0377472 0.6228764 0.6536355 -0.4298670 0.0001946 0.0002962 0.0000687 -0.0014651 -0.0183246 0.0060860 0.0003119 0.0000482 -0.0004818 -0.0009076 -0.0013376 -0.0006561 -0.0001882 0.0002336 0.0001670 0.0140333 -0.0140648 0.0001190 0.0003715 -0.0002801 -0.0011500 -0.0002859 -0.0008879 -0.0017598
-0.2932654 -0.2311747 -0.0069010 0.3920740 0.3808565 -0.2350935 -0.2875405 -0.3144316 -0.0165860 0.4079839 0.4277459 -0.2828453 -0.7852051 -0.6189600 -0.0184770 0.6589315 0.6400790 -0.3951053 -0.6743355 -0.7374000 -0.0388973 0.6225905 0.6527476 -0.4316268 0.0009672 -0.0001547 -0.0009543 -0.0017318 -0.0013674 0.0002797 -0.0000795 0.0005910 -0.0004997 -0.0052139 0.0002172 -0.0025803 0.0012376 -0.0014842 -0.0025915 -0.0005576 -0.0000106 -0.0009454 -0.0007599 0.0007603 -0.0012060 -0.0061054 0.0022984 -0.0052495
-0.2922982 -0.2313294 -0.0078553 0.3903422 0.3794891 -0.2348139 -0.2876200 -0.3138406 -0.0170858 0.4027700 0.4279631 -0.2854256 -0.7839675 -0.6204442 -0.0210686 0.6583739 0.6400685 -0.3960507 -0.6750954 -0.7366397 -0.0401033 0.6164851 0.6550460 -0.4368763 0.0002289 0.0010851 -0.0002713 -0.0059971 -0.0048824 0.0050987 0.0000810 0.0002413 -0.0007383 -0.0173020 0.0060065 -0.0079004 -0.0011680 0.0015056 -0.0007772 -0.0000213 0.0016031 0.0025669 -0.0001303 0.0002170 -0.0017529 -0.0237767 0.0122400 -0.0141516
-0.2920693 -0.2302443 -0.0081266 0.3843451 0.3746067 -0.2297152 -0.2875391 -0.3135993 -0.0178241 0.3854680 0.4339696 -0.2933261 -0.7851355 -0.6189386 -0.0218458 0.6583526 0.6416715 -0.3934838 -0.6752256 -0.7364227 -0.0418562 0.5927084 0.6672860 -0.4510279 0.0002951 0.0001454 -0.0001565 -0.0089828 0.0002824 0.0012653 0.0001017 0.0000930 0.0001983 -0.0168378 0.0061498 -0.0019405 0.0001218 -0.0001388 -0.0004399 -0.0084932 0.0073686 -0.0020282 0.0000083 -0.0000331 0.0004516 -0.0217036 0.0144548 -0.0063373
-0.2917741 -0.2300989 -0.0082832 0.3753623 0.3748891 -0.2284499 -0.2874373 -0.3135063 -0.0176258 0.3686302 0.4401194 -0.2952666 -0.7850137 -0.6190774 -0.0222857 0.6498594 0.6490401 -0.3955120 -0.6752174 -0.7364558 -0.0414046 0.5710048 0.6817408 -0.4573652 0.0006779 -0.0005681 -0.0002351 -0.0323873 0.0367093 -0.0326056 0.0001801 0.0001392 0.0003143 -0.0249594 0.0091997 -0.0047548 0.0014568 -0.0018194 -0.0006432 -0.0743810 0.0415816 -0.0425135 0.0000472 -0.0000831 0.0007158 -0.0342877 0.0199690 -0.0111836
-0.2910962 -0.2306670 -0.0085182 0.3429750 0.4115984 -0.2610555 -0.2872572 -0.3133671 -0.0173114 0.3436709 0.4493191 -0.3000214 -0.7835569 -0.6208968 -0.0229289 0.5754783 0.6906217 -0.4380255 -0.6751702 -0.7365390 -0.0406888 0.5367171 0.7017099 -0.4685489 -0.0000092 0.0000594 0.0000978 -0.0130542 0.0018050 0.0025960 -0.0000646 0.0002447 0.0000175 -0.0285741 0.0046580 0.0101887 -0.0000921 0.0001066 0.0002613 -0.0150426 0.0116258 -0.0010191 -0.0003698 0.0003376 0.0000280 -0.0317596 0.0258099 0.0040783
-0.2911054 -0.2306076 -0.0084204 0.3299207 0.4134034 -0.2584595 -0.2873218 -0.3131224 -0.0172939 0.3150968 0.4539771 -0.2898327 -0.7836490 -0.6207902 -0.0226675 0.5604357 0.7022476 -0.4390446 -0.6755400 -0.7362013 -0.0406608 0.5049575 0.7275198 -0.4644706 0.0002953 0.0004090 -0.0001915 -0.0186635 0.0022398 0.0075930 -0.0000488 0.0000111 0.0001038 -0.0266841 0.0102960 0.0089218 -0.0002198 0.0002978 -0.0005454 -0.0207075 0.0184886 0.0040356 -0.0000821 0.0000618 0.0002460 -0.0356321 0.0279780 0.0073527
-0.2908102 -0.2301986 -0.0086119 0.3112572 0.4156432 -0.2508665 -0.2873706 -0.3131113 -0.0171901 0.2884127 0.4642731 -0.2809109 -0.7838688 -0.6204924 -0.0232130 0.5397282 0.7207362 -0.4350090 -0.6756221 -0.7361396 -0.0404148 0.4693254 0.7554978 -0.4571179 0.0001722 0.0001881 0.0000779 -0.0221936 -0.0036505 0.0174574 0.0001578 -0.0000366 0.0004692 -0.0254853 -0.0015076 0.0203703 -0.0000715 0.0000831 0.0001943 -0.0186818 0.0218937 0.0142817 0.0002148 -0.0002563 0.0010940 -0.0256342 0.0254211 0.0174545
-0.2906379 -0.2300105 -0.0085339 0.2890636 0.4119927 -0.2334091 -0.2872129 -0.3131479 -0.0167209 0.2629274 0.4627655 -0.2605406 -0.7839403 -0.6204093 -0.0230187 0.5210464 0.7426299 -0.4207273 -0.6754073 -0.7363959 -0.0393208 0.4436912 0.7809188 -0.4396634 0.0000967 -0.0002036 0.0002602 -0.0231236 0.0060126 0.0046600 0.0001027 0.0001857 0.0011556 -0.0442597 0.0079926 0.0173073 0.0003553 -0.0004744 0.0007045 -0.0337009 0.0233810 0.0015357 -0.0001556 0.0000037 0.0026960 -0.0622245 0.0403207 0.0153418
-0.2905412 -0.2302141 -0.0082738 0.2659400 0.4180053 -0.2287491 -0.2871101 -0.3129622 -0.0155653 0.2186677 0.4707581 -0.2432333 -0.7835850 -0.6208837 -0.0223142 0.4873454 0.7660110 -0.4191917 -0.6755629 -0.7363922 -0.0366248 0.3814667 0.8212395 -0.4243216 -0.0002769 0.0002594 0.0007444 -0.0128568 -0.0035140 0.0135141 -0.0000355 0.0008591 0.0007241 -0.0117110 -0.0028399 0.0074033 -0.0006617 0.0007669 0.0020097 -0.0109145 0.0142720 0.0140101 -0.0010932 0.0009240 0.0016516 -0.0141169 0.0093192 0.0057212
-0.2908182 -0.2299547 -0.0075294 0.2530832 0.4144913 -0.2152350 -0.2871456 -0.3121031 -0.0148412 0.2069567 0.4679182 -0.2358301 -0.7842467 -0.6201168 -0.0203044 0.4764309 0.7802829 -0.4051815 -0.6766561 -0.7354682 -0.0349732 0.3673499 0.8305587 -0.4186004 0.0000208 -0.0000224 0.0004849 -0.0174149 0.0021486 0.0079589 -0.0001456 0.0003486 0.0003966 -0.0112658 -0.0076211 0.0168987 0.0000308 -0.0000803 0.0013069 -0.0246338 0.0184529 0.0078148 -0.0006166 0.0005246 0.0009208 -0.0089316 0.0124998 0.0176158
-0.2907974 -0.2299771 -0.0070445 0.2356683 0.4166399 -0.2072761 -0.2872912 -0.3117545 -0.0144446 0.1956909 0.4602971 -0.2189314 -0.7842159 -0.6201971 -0.0189975 0.4517972 0.7987359 -0.3973667 -0.6772727 -0.7349436 -0.0340524 0.3584183 0.8430586 -0.4009845 -0.0000100 0.0000471 0.0006585 -0.0082486 -0.0046648 0.0073851 -0.0001133 0.0001849 0.0007524 -0.0052732 -0.0098675 0.0121247 -0.0000974 0.0000714 0.0017743 -0.0069860 0.0070478 0.0063991 -0.0004013 0.0002903 0.0017674 0.0002132 0.0052777 0.0114861
-0.2908074 -0.2299300 -0.0063860 0.2274197 0.4119751 -0.1998910 -0.2874044 -0.3115696 -0.0136922 0.1904177 0.4504296 -0.2068067 -0.7843134 -0.6201257 -0.0172232 0.4448111 0.8057837 -0.3909676 -0.6776741 -0.7346534 -0.0322849 0.3586315 0.8483363 -0.3894984 -0.0001199 -0.0001563 0.0007021 -0.0124047 -0.0042910 0.0072083 0.0000078 -0.0000641 0.0005714 -0.0033703 -0.0077356 0.0090332 0.0000564 -0.0001211 0.0019010 -0.0144060 0.0102958 0.0052661 0.0000564 -0.0001100 0.0013490 0.0012886 0.0035040 0.0089388
-0.2909274 -0.2300863 -0.0056839 0.2150150 0.4076841 -0.1926827 -0.2873966 -0.3116337 -0.0131208 0.1870473 0.4426940 -0.1977735 -0.7842570 -0.6202469 -0.0153222 0.4304052 0.8160795 -0.3857015 -0.6776177 -0.7347634 -0.0309359 0.3599201 0.8518403 -0.3805596 -0.0001898 -0.0000511 0.0004067 -0.0084296 -0.0109810 0.0051290 -0.0003789 -0.0001078 0.0004183 -0.0025415 -0.0015537 0.0034788 -0.0001426 0.0001540 0.0011030 -0.0044580 0.0018611 -0.0010053 -0.0003766 0.0003057 0.0010090 -0.0024457 0.0028555 0.0041196
-0.2911172 -0.2301374 -0.0052772 0.2065854 0.3967031 -0.1875537 -0.2877755 -0.3117415 -0.0127025 0.1845058 0.4411403 -0.1942947 -0.7843996 -0.6200928 -0.0142192 0.4259472 0.8179406 -0.3867068 -0.6779943 -0.7344577 -0.0299269 0.3574744 0.8546958 -0.3764400 0.0003517 0.0002894 0.0005361 -0.0003372 -0.0019275 0.0023535 0.0000551 0.0000820 0.0001956 -0.0001325 -0.0027297 0.0032480 -0.0000301 0.0000069 0.0014285 0.0016213 0.0004600 0.0027724 -0.0000354 0.0000143 0.0004535 0.0022511 0.0006744 0.0036944
-0.2907655 -0.2298480 -0.0047411 0.2062481 0.3947756 -0.1852002 -0.2877204 -0.3116595 -0.0125070 0.1843734 0.4384106 -0.1910467 -0.7844296 -0.6200859 -0.0127907 0.4275685 0.8184006 -0.3839344 -0.6780297 -0.7344434 -0.0294733 0.3597255 0.8553702 -0.3727457 -0.0003630 -0.0006039 -0.0002836 -0.0414382 0.0233898 0.0200810 -0.0002805 -0.0004933 -0.0001912 -0.0488822 0.0389751 0.0188251 0.0004231 -0.0005191 -0.0007409 -0.0833836 0.0548855 0.0391037 0.0002305 -0.0001961 -0.0004112 -0.1017830 0.0534575 0.0448772
-0.2911285 -0.2304519 -0.0050247 0.1648099 0.4181654 -0.1651192 -0.2880010 -0.3121528 -0.0126981 0.1354911 0.4773857 -0.1722216 -0.7840066 -0.6206050 -0.0135316 0.3441849 0.8732861 -0.3448307 -0.6777992 -0.7346395 -0.0298846 0.2579425 0.9088278 -0.3278685 -0.0001804 -0.0004358 -0.0003340 -0.0000656 -0.0006174 0.0002834 -0.0001903 -0.0005299 -0.0003740 -0.0000545 -0.0006177 0.0002402 0.0003934 -0.0004768 -0.0008832 0.0003375 -0.0000868 0.0001172 0.0003966 -0.0003310 -0.0008419 0.0002177 -0.0000442 0.0000490
-0.2913088 -0.2308877 -0.0053587 0.1647443 0.4175480 -0.1648357 -0.2881912 -0.3126827 -0.0130722 0.1354366 0.4767680 -0.1719814 -0.7836131 -0.6210819 -0.0144148 0.3445224 0.8731992 -0.3447135 -0.6774026 -0.7349705 -0.0307265 0.2581603 0.9087836 -0.3278195 -0.0001366 -0.0003658 -0.0003608 -0.0004957 -0.0002378 0.0001818 -0.0001389 -0.0011562 -0.0008109 -0.0004923 -0.0002382 0.0001685 0.0003482 -0.0004162 -0.0009566 -0.0007196 0.0003082 0.0000624 0.0012153 -0.0010395 -0.0018318 -0.0007427 0.0002367 0.0000722
-0.2914454 -0.2312535 -0.0057195 0.1642487 0.4173102 -0.1646540 -0.2883301 -0.3138389 -0.0138831 0.1349443 0.4765298 -0.1718129 -0.7832649 -0.6214981 -0.0153714 0.3438028 0.8735074 -0.3446512 -0.6761873 -0.7360100 -0.0325584 0.2574176 0.9090203 -0.3277473 -0.0002503 -0.0002344 -0.0001969 -0.0006182 -0.0001063 0.0002108 -0.0000690 -0.0001229 -0.0001294 -0.0006190 -0.0001067 0.0002143 0.0000531 -0.0000540 -0.0005144 -0.0010231 0.0004685 0.0001688 0.0000623 -0.0000442 -0.0002926 -0.0010212 0.0003624 0.0002050
-0.2916957 -0.2314879 -0.0059164 0.1636304 0.4172039 -0.1644432 -0.2883992 -0.3139618 -0.0140125 0.1343253 0.4764231 -0.1715986 -0.7832118 -0.6215521 -0.0158858 0.3427797 0.8739760 -0.3444823 -0.6761250 -0.7360542 -0.0328510 0.2563963 0.9093827 -0.3275424 -0.0002148 -0.0004708 0.0004579 -0.0002191 0.0000348 0.0001660 -0.0000480 -0.0002030 -0.0001346 -0.0002196 0.0000346 0.0001696 0.0003774 -0.0005059 0.0012473 -0.0003859 0.0002593 0.0002744 0.0001828 -0.0001543 -0.0003011 -0.0003800 0.0002055 0.0002735
-0.2919105 -0.2319587 -0.0054585 0.1634113 0.4172387 -0.1642771 -0.2884472 -0.3141648 -0.0141471 0.1341057 0.4764577 -0.1714290 -0.7828343 -0.6220580 -0.0146385 0.3423938 0.8742353 -0.3442080 -0.6759422 -0.7362085 -0.0331520 0.2560163 0.9095882 -0.3272689 -0.0000758 -0.0001412 -0.0003265 0.0410978 -0.0237851 -0.0093854 0.0001423 -0.0003757 -0.0002053 0.0280253 -0.0336998 -0.0160164 0.0001160 -0.0001249 -0.0008693 0.0870460 -0.0480392 -0.0204584 0.0006300 -0.0005568 -0.0004663 0.0635153 -0.0369904 -0.0421530
-0.2919862 -0.2320999 -0.0057851 0.2045091 0.3934536 -0.1736625 -0.2883049 -0.3145405 -0.0143524 0.1621310 0.4427579 -0.1874454 -0.7827183 -0.6221829 -0.0155078 0.4294398 0.8261960 -0.3646663 -0.6753123 -0.7367653 -0.0336183 0.3195316 0.8725978 -0.3694219 -0.0001076 -0.0003387 -0.0000946 -0.0000093 -0.0001952 -0.0001412 -0.0000406 -0.0009379 -0.0003760 0.0126648 -0.0150561 0.0041124 0.0003334 -0.0004132 -0.0002411 0.0000830 -0.0002126 -0.0003836 0.0010604 -0.0009327 -0.0008217 0.0321101 -0.0121778 0.0006055
-0.2920938 -0.2324386 -0.0058797 0.2044998 0.3932584 -0.1738037 -0.2883455 -0.3154784 -0.0147283 0.1747958 0.4277018 -0.1833331 -0.7823849 -0.6225961 -0.0157489 0.4295228 0.8259834 -0.3650500 -0.6742518 -0.7376980 -0.0344400 0.3516417 0.8604200 -0.3688164 -0.0000362 -0.0001253 -0.0002539 -0.0000441 0.0000233 -0.0000248 0.0000005 -0.0002228 -0.0000345 -0.0128309 0.0147564 -0.0043834 0.0001344 -0.0001514 -0.0006752 -0.0001010 0.0000327 -0.0000449 0.0002616 -0.0002359 -0.0000673 -0.0323026 0.0119557 -0.0012960
-0.2921300 -0.2325639 -0.0061336 0.2044557 0.3932817 -0.1738285 -0.2883449 -0.3157012 -0.0147628 0.1619648 0.4424582 -0.1877164 -0.7822505 -0.6227475 -0.0164241 0.4294218 0.8260161 -0.3650949 -0.6739902 -0.7379339 -0.0345072 0.3193391 0.8723757 -0.3701124 -0.0000642 -0.0005081 0.0000454 0.0002688 -0.0001925 0.0005456 -0.0000452 -0.0004704 0.0001093 0.0137580 -0.0152189 0.0051038 0.0005943 -0.0007494 0.0001376 0.0007836 0.0000163 0.0009606 0.0004830 -0.0004541 0.0002853 0.0344069 -0.0123045 0.0024966
-0.2921942 -0.2330720 -0.0060881 0.2047245 0.3930892 -0.1732829 -0.2883901 -0.3161716 -0.0146536 0.1757228 0.4272393 -0.1826127 -0.7816562 -0.6234969 -0.0162865 0.4302054 0.8260324 -0.3641343 -0.6735072 -0.7383881 -0.0342219 0.3537459 0.8600712 -0.3676157 -0.0002261 0.0001562 -0.0003201 0.0006493 0.0003465 -0.0004470 -0.0000149 0.0000119 -0.0000542 0.0001449 0.0008111 -0.0002206 -0.0004274 0.0005591 -0.0008523 0.0007047 -0.0005357 -0.0003813 -0.0000299 0.0000332 -0.0001264 -0.0002988 0.0001954 0.0001699
-0.2924203 -0.2329158 -0.0064082 0.2053738 0.3934357 -0.1737299 -0.2884051 -0.3161597 -0.0147078 0.1758678 0.4280504 -0.1828333 -0.7820836 -0.6229378 -0.0171389 0.4309101 0.8254967 -0.3645156 -0.6735371 -0.7383549 -0.0343483 0.3534472 0.8602666 -0.3674459 -0.0001826 0.0001666 -0.0000014 0.0016679 0.0087842 -0.0030968 -0.0000368 0.0000036 -0.0000691 0.0035317 0.0087761 -0.0011416 -0.0004064 0.0005107 -0.0000019 -0.0046444 0.0026093 0.0004580 -0.0000474 0.0000507 -0.0001595 0.0005363 0.0016606 0.0044346
-0.2926028 -0.2327492 -0.0064096 0.2070418 0.4022199 -0.1768267 -0.2884418 -0.3161561 -0.0147769 0.1793995 0.4368265 -0.1839749 -0.7824901 -0.6224271 -0.0171408 0.4262657 0.8281060 -0.3640577 -0.6735845 -0.7383043 -0.0345078 0.3539834 0.8619272 -0.3630113 0.0000137 -0.0000588 -0.0018297 0.0120593 0.0147180 -0.0039036 -0.0006031 -0.0005368 -0.0019867 0.0098712 0.0162034 -0.0013695 0.0001658 -0.0000545 -0.0048894 0.0080400 -0.0016449 0.0058112 -0.0000310 0.0002555 -0.0045596 0.0066715 0.0013205 0.0098379
-0.2925891 -0.2328080 -0.0082393 0.2191010 0.4169379 -0.1807302 -0.2890449 -0.3166929 -0.0167636 0.1892707 0.4530299 -0.1853444 -0.7823243 -0.6224817 -0.0220301 0.4343057 0.8264612 -0.3582465 -0.6736155 -0.7380487 -0.0390674 0.3606550 0.8632477 -0.3531734 0.0001216 -0.0001387 -0.0003902 0.0233570 0.0150666 -0.0080905 0.0001027 -0.0003285 -0.0003741 0.0178166 0.0310991 -0.0096530 0.0003252 -0.0003708 -0.0010434 0.0230264 -0.0116007 0.0020867 0.0005345 -0.0004418 -0.0008544 0.0081513 -0.0010517 0.0058982
-0.2924675 -0.2329467 -0.0086295 0.2424581 0.4320045 -0.1888208 -0.2889422 -0.3170214 -0.0171378 0.2070873 0.4841290 -0.1949974 -0.7819990 -0.6228524 -0.0230735 0.4573321 0.8148605 -0.3561597 -0.6730809 -0.7384905 -0.0399219 0.3688063 0.8621960 -0.3472751 -0.0001253 0.0002235 0.0000672 0.0401399 0.0116790 -0.0150851 0.0003432 -0.0000899 -0.0000514 0.0437333 0.0312618 -0.0200818 -0.0004243 0.0005266 0.0001771 0.0435721 -0.0284327 -0.0052629 0.0005450 -0.0004890 -0.0001350 0.0408925 -0.0203392 -0.0040424
-0.2925928 -0.2327232 -0.0085623 0.2825980 0.4436835 -0.2039058 -0.2885990 -0.3171113 -0.0171892 0.2508206 0.5153908 -0.2150792 -0.7824234 -0.6223258 -0.0228964 0.5009041 0.7864279 -0.3614226 -0.6725360 -0.7389796 -0.0400568 0.4096988 0.8418568 -0.3513176 -0.0003989 0.0011750 -0.0000895 0.0254048 0.0027078 -0.0164964 0.0002573 0.0007050 -0.0003365 0.0510363 -0.0038930 -0.0236492 -0.0019376 0.0024538 -0.0002650 0.0252252 -0.0239038 -0.0150678 -0.0004673 0.0004721 -0.0008491 0.0618726 -0.0427768 -0.0216323
-0.2929917 -0.2315482 -0.0086517 0.3080028 0.4463913 -0.2204022 -0.2883417 -0.3164063 -0.0175257 0.3018568 0.5114978 -0.2387284 -0.7843610 -0.6198721 -0.0231613 0.5261293 0.7625241 -0.3764903 -0.6730033 -0.7385074 -0.0409059 0.4715714 0.7990800 -0.3729499 -0.0001548 0.0002703 0.0001309 0.0437547 0.0012824 -0.0136891 0.0004668 -0.0002027 -0.0003091 0.0500477 0.0066960 -0.0217532 -0.0005174 0.0006424 0.0003476 0.0452914 -0.0352901 -0.0037848 0.0008520 -0.0007344 -0.0007362 0.0471639 -0.0352211 -0.0110206
-0.2931465 -0.2312779 -0.0085208 0.3517575 0.4476737 -0.2340913 -0.2878749 -0.3166090 -0.0178349 0.3519046 0.5181938 -0.2604815 -0.7848784 -0.6192297 -0.0228138 0.5714207 0.7272340 -0.3802751 -0.6721513 -0.7392419 -0.0416421 0.5187353 0.7638588 -0.3839705 0.0001606 0.0001760 0.0007689 0.0255477 -0.0046834 -0.0014476 -0.0001336 -0.0003311 0.0001698 0.0392928 -0.0083012 -0.0136835 -0.0000993 0.0000539 0.0020446 0.0296169 -0.0215618 0.0050676 0.0002020 -0.0002076 0.0004279 0.0411518 -0.0340935 -0.0084183
-0.2929860 -0.2311019 -0.0077519 0.3773052 0.4429903 -0.2355390 -0.2880084 -0.3169401 -0.0176651 0.3911974 0.5098926 -0.2741650 -0.7849777 -0.6191758 -0.0207692 0.6010375 0.7056722 -0.3752075 -0.6719493 -0.7394495 -0.0412142 0.5598871 0.7297653 -0.3923888 -0.0001723 -0.0001973 -0.0005199 0.0339281 -0.0038864 -0.0010323 0.0000834 -0.0001158 0.0002820 0.0392818 -0.0089566 -0.0078420 0.0001031 -0.0000830 -0.0013769 0.0351084 -0.0264126 0.0092502 0.0002229 -0.0002390 0.0006596 0.0395189 -0.0322541 -0.0002823
-0.2931583 -0.2312992 -0.0082718 0.4112333 0.4391039 -0.2365712 -0.2879250 -0.3170559 -0.0173831 0.4304792 0.5009360 -0.2820070 -0.7848746 -0.6192588 -0.0221461 0.6361460 0.6792596 -0.3659573 -0.6717263 -0.7396885 -0.0405546 0.5994060 0.6975112 -0.3926710 -0.0007065 0.0009589 -0.0002993 0.0193612 -0.0002681 -0.0073682 0.0001475 0.0000676 0.0000753 0.0237251 -0.0098644 -0.0040505 -0.0019561 0.0025167 -0.0008033 0.0148555 -0.0157984 -0.0028466 0.0001057 -0.0001048 0.0001613 0.0249147 -0.0225149 -0.0005257
-0.2938648 -0.2303403 -0.0085711 0.4305945 0.4388358 -0.2439395 -0.2877775 -0.3169883 -0.0173078 0.4542043 0.4910716 -0.2860575 -0.7868307 -0.6167421 -0.0229495 0.6510015 0.6634612 -0.3688040 -0.6716206 -0.7397933 -0.0403933 0.6243207 0.6749963 -0.3931967 0.0004660 0.0000628 -0.0007493 0.0145109 -0.0028180 -0.0021963 0.0003246 -0.0004713 -0.0012862 0.0220675 -0.0058448 -0.0025960 0.0004321 -0.0004720 -0.0020322 0.0133993 -0.0126254 0.0014016 0.0010468 -0.0007803 -0.0029830 0.0204679 -0.0180841 0.0024104
-0.2933988 -0.2302775 -0.0093205 0.4451055 0.4360178 -0.2461358 -0.2874530 -0.3174596 -0.0185940 0.4762718 0.4852268 -0.2886535 -0.7863985 -0.6172141 -0.0249817 0.6644007 0.6508357 -0.3674024 -0.6705738 -0.7405736 -0.0433762 0.6447887 0.6569122 -0.3907863 -0.0003669 0.0005525 -0.0011237 0.0141428 -0.0035676 -0.0048304 0.0000585 0.0001653 -0.0008180 0.0035280 -0.0037378 -0.0013053 -0.0010301 0.0014444 -0.0030136 0.0120579 -0.0138498 -0.0022632 -0.0000597 0.0001691 -0.0019216 0.0044700 -0.0053677 -0.0015821
-0.2937657 -0.2297250 -0.0104442 0.4592482 0.4324502 -0.2509662 -0.2873945 -0.3172943 -0.0194120 0.4797997 0.4814890 -0.2899588 -0.7874287 -0.6157697 -0.0279953 0.6764586 0.6369859 -0.3696656 -0.6706335 -0.7404045 -0.0452978 0.6492586 0.6515445 -0.3923684 -0.0000515 0.0001032 -0.0009010 0.0046644 -0.0023762 -0.0013286 0.0002028 0.0002848 -0.0005254 0.0045248 -0.0060557 0.0000023 -0.0001310 0.0002821 -0.0024148 0.0047125 -0.0055008 -0.0007834 -0.0000318 0.0001071 -0.0012611 0.0069849 -0.0073483 -0.0005130
-0.2938172 -0.2296218 -0.0113452 0.4639127 0.4300740 -0.2522949 -0.2871917 -0.3170095 -0.0199374 0.4843245 0.4754333 -0.2899565 -0.7875597 -0.6154876 -0.0304101 0.6811711 0.6314852 -0.3704490 -0.6706653 -0.7402975 -0.0465589 0.6562435 0.6441962 -0.3928813 -0.0000279 0.0000295 -0.0000609 0.0029260 -0.0025006 -0.0021953 0.0001492 0.0000373 0.0000801 0.0048172 -0.0052420 -0.0012814 -0.0000628 0.0000884 -0.0001627 0.0030500 -0.0048132 -0.0025440 0.0001427 -0.0001401 0.0001729 0.0062370 -0.0073816 -0.0015636
-0.2938451 -0.2295923 -0.0114061 0.4668387 0.4275734 -0.2544902 -0.2870424 -0.3169722 -0.0198573 0.4891417 0.4701913 -0.2912379 -0.7876224 -0.6153992 -0.0305728 0.6842211 0.6266720 -0.3729930 -0.6705226 -0.7404376 -0.0463860 0.6624805 0.6368146 -0.3944449 0.0001770 0.0000871 -0.0002124 0.0014591 -0.0041794 -0.0011001 0.0003241 -0.0004147 -0.0004873 0.0014823 -0.0052806 -0.0003690 0.0000808 -0.0000741 -0.0005850 0.0033441 -0.0050357 -0.0022703 0.0009337 -0.0007732 -0.0011258 0.0040098 -0.0052547 -0.0016898
-0.2936681 -0.2295052 -0.0116185 0.4682978 0.4233940 -0.2555903 -0.2867183 -0.3173869 -0.0203446 0.4906241 0.4649107 -0.2916070 -0.7875416 -0.6154733 -0.0311578 0.6875651 0.6216363 -0.3752633 -0.6695888 -0.7412108 -0.0475118 0.6664903 0.6315599 -0.3961347 0.0002959 -0.0001028 0.0001653 0.0000043 -0.0016089 -0.0014916 0.0001938 0.0000449 0.0002699 0.0007020 -0.0029512 -0.0010909 0.0004246 -0.0005644 0.0004290 0.0004447 -0.0019673 -0.0024307 0.0001779 -0.0001995 0.0006112 0.0018228 -0.0031918 -0.0019997
-0.2933722 -0.2296080 -0.0114532 0.4683021 0.4217851 -0.2570819 -0.2865245 -0.3173420 -0.0200746 0.4913260 0.4619595 -0.2926978 -0.7871170 -0.6160378 -0.0307288 0.6880098 0.6196690 -0.3776940 -0.6694110 -0.7414103 -0.0469006 0.6683131 0.6283681 -0.3981344 0.0001137 -0.0003737 -0.0000688 -0.0003169 -0.0007188 -0.0007703 0.0002034 -0.0000214 0.0001132 -0.0017077 -0.0011502 -0.0017415 0.0006068 -0.0007659 -0.0001728 -0.0000899 -0.0007180 -0.0013387 0.0002789 -0.0002675 0.0002509 -0.0012644 -0.0005683 -0.0030055
-0.2932585 -0.2299817 -0.0115220 0.4679852 0.4210663 -0.2578522 -0.2863211 -0.3173634 -0.0199614 0.4896183 0.4608093 -0.2944394 -0.7865102 -0.6168037 -0.0309016 0.6879200 0.6189510 -0.3790327 -0.6691321 -0.7416779 -0.0466497 0.6670488 0.6277999 -0.4011399 0.0000529 0.0000006 -0.0000362 -0.0085180 -0.0095357 0.0060267 0.0001141 -0.0000926 0.0000180 -0.0052156 -0.0015335 -0.0003353 0.0000557 -0.0000660 -0.0001006 0.0017161 -0.0012652 0.0010559 0.0002534 -0.0002312 0.0000411 -0.0032171 0.0015977 -0.0028232
-0.2932056 -0.2299811 -0.0115582 0.4594671 0.4115306 -0.2518255 -0.2862070 -0.3174560 -0.0199434 0.4844027 0.4592758 -0.2947747 -0.7864545 -0.6168697 -0.0310022 0.6896360 0.6176858 -0.3779768 -0.6688786 -0.7419090 -0.0466087 0.6638317 0.6293975 -0.4039631 0.0003833 0.0000482 0.0000462 -0.0051960 0.0017093 -0.0018086 0.0003568 -0.0001119 0.0004089 -0.0103294 -0.0007259 0.0009624 0.0003269 -0.0004213 0.0000963 -0.0059297 0.0042660 -0.0037582 0.0005615 -0.0005641 0.0009371 -0.0072553 0.0056795 -0.0029577
-0.2928223 -0.2299329 -0.0115120 0.4542711 0.4132399 -0.2536340 -0.2858502 -0.3175679 -0.0195345 0.4740733 0.4585499 -0.2938123 -0.7861276 -0.6172911 -0.0309059 0.6837063 0.6219518 -0.3817350 -0.6683171 -0.7424731 -0.0456716 0.6565764 0.6350771 -0.4069207 0.0005478 -0.0004584 0.0002454 -0.0142321 -0.0003468 -0.0001997 0.0002956 0.0000902 0.0009187 -0.0167584 0.0041470 -0.0003529 0.0011450 -0.0014873 0.0006463 -0.0115162 0.0087711 -0.0060137 0.0002140 -0.0003197 0.0021169 -0.0160558 0.0129816 -0.0050905
-0.2922746 -0.2303913 -0.0112666 0.4400390 0.4128931 -0.2538337 -0.2855545 -0.3174777 -0.0186157 0.4573149 0.4626969 -0.2941652 -0.7849826 -0.6187783 -0.0302596 0.6721901 0.6307229 -0.3877487 -0.6681032 -0.7427928 -0.0435547 0.6405206 0.6480587 -0.4120112 0.0003109 0.0000443 0.0002821 -0.0256168 0.0014351 -0.0011871 0.0002255 0.0001568 0.0005277 -0.0376640 0.0045391 0.0032378 0.0002451 -0.0003464 0.0007354 -0.0237439 0.0175762 -0.0112823 0.0000746 -0.0001368 0.0012059 -0.0342096 0.0270031 -0.0083202
-0.2919637 -0.2303470 -0.0109846 0.4144223 0.4143282 -0.2550208 -0.2853291 -0.3173209 -0.0180880 0.4196509 0.4672360 -0.2909274 -0.7847375 -0.6191247 -0.0295242 0.6484463 0.6482991 -0.3990309 -0.6680285 -0.7429296 -0.0423488 0.6063110 0.6750618 -0.4203315 0.0007581 -0.0001975 0.0011938 -0.0231298 0.0026059 0.0012925 0.0004767 0.0000560 0.0015681 -0.0309524 0.0024016 0.0037148 0.0009728 -0.0013738 0.0031729 -0.0229360 0.0182012 -0.0065727 0.0004541 -0.0006061 0.0036329 -0.0295187 0.0218364 -0.0058652
-0.2912056 -0.2305445 -0.0097907 0.3912925 0.4169341 -0.2537283 -0.2848524 -0.3172649 -0.0165200 0.3886985 0.4696376 -0.2872126 -0.7837647 -0.6204985 -0.0263513 0.6255102 0.6665003 -0.4056036 -0.6675745 -0.7435358 -0.0387159 0.5767922 0.6968982 -0.4261966 0.0000924 0.0000532 0.0005714 -0.0284217 0.0084877 0.0002404 0.0003750 -0.0001007 0.0012129 -0.0330411 0.0093611 0.0049348 -0.0000046 -0.0000573 0.0015297 -0.0344520 0.0264435 -0.0072875 0.0005341 -0.0006207 0.0028241 -0.0379252 0.0288468 -0.0014907
-0.2911132 -0.2304913 -0.0092194 0.3628708 0.4254218 -0.2534879 -0.2844774 -0.3173656 -0.0153070 0.3556574 0.4789987 -0.2822778 -0.7837693 -0.6205558 -0.0248215 0.5910583 0.6929438 -0.4128911 -0.6670404 -0.7441565 -0.0358918 0.5388670 0.7257450 -0.4276874 0.0001801 -0.0004684 0.0001475 -0.0309386 0.0011398 0.0018116 0.0000517 -0.0002869 0.0004104 -0.0452429 0.0042339 0.0102875 0.0007930 -0.0010164 0.0004068 -0.0343277 0.0225031 -0.0092309 0.0003784 -0.0003854 0.0009757 -0.0504034 0.0346624 -0.0003124
-0.2909332 -0.2309597 -0.0090719 0.3319322 0.4265616 -0.2516763 -0.2844257 -0.3176525 -0.0148967 0.3104145 0.4832326 -0.2719903 -0.7829763 -0.6215722 -0.0244147 0.5567305 0.7154468 -0.4221219 -0.6666620 -0.7445419 -0.0349161 0.4884636 0.7604075 -0.4279998 0.0009278 -0.0013041 0.0003894 -0.0257657 -0.0298252 0.0309512 0.0000531 0.0000067 0.0002856 -0.0320782 -0.0092845 0.0202120 0.0026613 -0.0033780 0.0010529 0.0023835 0.0090638 0.0190391 0.0000459 -0.0000720 0.0006653 -0.0280671 0.0235507 0.0115330
-0.2900054 -0.2322638 -0.0086824 0.3061665 0.3967364 -0.2207251 -0.2843726 -0.3176458 -0.0146111 0.2783363 0.4739481 -0.2517783 -0.7803150 -0.6249502 -0.0233618 0.5591141 0.7245106 -0.4030829 -0.6666161 -0.7446139 -0.0342508 0.4603965 0.7839582 -0.4164668 -0.0000144 -0.0002377 0.0006601 -0.0128187 -0.0002380 0.0070699 -0.0000906 -0.0003216 -0.0000849 -0.0303282 -0.0047364 0.0207268 0.0002656 -0.0003956 0.0017846 -0.0133566 0.0131529 0.0055891 0.0002607 -0.0002252 -0.0001745 -0.0319373 0.0266527 0.0173018
-0.2900197 -0.2325015 -0.0080223 0.2933478 0.3964984 -0.2136552 -0.2844632 -0.3179674 -0.0146960 0.2480081 0.4692117 -0.2310516 -0.7800494 -0.6253458 -0.0215772 0.5457575 0.7376635 -0.3974938 -0.6663554 -0.7448392 -0.0344254 0.4284592 0.8106109 -0.3991650 -0.0000956 -0.0000740 0.0000298 -0.0455647 0.0173951 0.0058078 0.0003120 -0.0003344 0.0000448 -0.0304585 0.0012319 0.0135259 -0.0000050 0.0000032 0.0000871 -0.0740291 0.0503052 0.0017948 0.0007930 -0.0007137 0.0001082 -0.0414328 0.0263205 0.0121813
-0.2901154 -0.2325755 -0.0079925 0.2477831 0.4138935 -0.2078474 -0.2841512 -0.3183018 -0.0146512 0.2175496 0.4704436 -0.2175256 -0.7800543 -0.6253427 -0.0214901 0.4717284 0.7879687 -0.3956989 -0.6655624 -0.7455528 -0.0343172 0.3870264 0.8369314 -0.3869837 -0.0001180 0.0001657 0.0012110 -0.0105910 0.0008555 0.0009948 -0.0002703 0.0001650 0.0008928 -0.0170392 -0.0059969 0.0061683 -0.0003919 0.0003858 0.0032542 -0.0161495 0.0086469 -0.0016064 -0.0005906 0.0004341 0.0020933 -0.0213039 0.0101999 0.0014769
-0.2902334 -0.2324098 -0.0067816 0.2371921 0.4147490 -0.2068526 -0.2844215 -0.3181368 -0.0137583 0.2005104 0.4644467 -0.2113573 -0.7804463 -0.6249569 -0.0182359 0.4555789 0.7966155 -0.3973053 -0.6661530 -0.7451187 -0.0322239 0.3657226 0.8471313 -0.3855068 0.0002029 0.0004584 0.0011392 -0.0119942 -0.0037336 0.0054692 -0.0001320 0.0007337 0.0006381 -0.0116257 -0.0109933 0.0079467 -0.0004283 0.0004538 0.0030444 -0.0141019 0.0091375 0.0025141 -0.0010568 0.0008844 0.0014601 -0.0104560 0.0057533 0.0029190
-0.2900305 -0.2319514 -0.0056424 0.2251979 0.4110154 -0.2013834 -0.2845535 -0.3174031 -0.0131202 0.1888847 0.4534534 -0.2034105 -0.7808746 -0.6245031 -0.0151914 0.4414770 0.8057530 -0.3947913 -0.6672098 -0.7442343 -0.0307638 0.3552666 0.8528847 -0.3825878 -0.0000553 -0.0000696 -0.0002809 -0.0426056 -0.0018665 0.0162676 -0.0002380 0.0002151 -0.0002095 -0.0089602 -0.0118533 0.0045806 0.0000425 -0.0000344 -0.0007523 -0.0648265 0.0382377 0.0129351 -0.0005497 0.0005137 -0.0004908 -0.0070076 0.0018695 -0.0022642
-0.2900858 -0.2320210 -0.0059232 0.1825922 0.4091489 -0.1851158 -0.2847915 -0.3171880 -0.0133297 0.1799245 0.4416001 -0.1988299 -0.7808321 -0.6245374 -0.0159437 0.3766505 0.8439907 -0.3818562 -0.6677595 -0.7437207 -0.0312546 0.3482590 0.8547541 -0.3848520 -0.0003284 -0.0000369 -0.0001547 -0.0112835 0.0057564 -0.0000367 -0.0003511 -0.0002078 -0.0000039 -0.0624647 0.0282385 0.0317276 -0.0002910 0.0003745 -0.0004041 -0.0238485 0.0104866 0.0005435 -0.0002138 0.0001912 0.0000193 -0.1189872 0.0623323 0.0586819
-0.2904142 -0.2320579 -0.0060780 0.1713087 0.4149053 -0.1851526 -0.2851426 -0.3173958 -0.0133336 0.1174598 0.4698386 -0.1671024 -0.7811231 -0.6241630 -0.0163479 0.3528020 0.8544773 -0.3813127 -0.6679733 -0.7435294 -0.0312353 0.2292718 0.9170864 -0.3261701 -0.0003723 -0.0001856 0.0000865 -0.0078110 0.0013646 0.0068840 -0.0005006 -0.0001197 0.0000237 -0.0019752 0.0002298 0.0023237 -0.0001498 0.0001810 0.0002501 -0.0132059 0.0101441 0.0110366 -0.0005107 0.0004555 0.0000863 -0.0034181 0.0022284 0.0039118
-0.2907865 -0.2322435 -0.0059915 0.1634977 0.4162699 -0.1782685 -0.2856432 -0.3175155 -0.0133100 0.1154846 0.4700684 -0.1647786 -0.7812729 -0.6239820 -0.0160977 0.3395961 0.8646214 -0.3702761 -0.6684840 -0.7430739 -0.0311490 0.2258537 0.9193148 -0.3222583 -0.0002032 -0.0009572 -0.0007774 -0.0019850 -0.0016621 0.0020363 -0.0004868 -0.0007289 -0.0004662 -0.0009006 -0.0015769 0.0014422 0.0010678 -0.0012785 -0.0020510 -0.0021165 0.0016984 0.0020403 0.0002399 -0.0001721 -0.0010247 -0.0008296 0.0007252 0.0014926
-0.2909897 -0.2332007 -0.0067689 0.1615127 0.4146078 -0.1762322 -0.2861300 -0.3182444 -0.0137762 0.1145840 0.4684915 -0.1633364 -0.7802051 -0.6252605 -0.0181488 0.3374795 0.8663198 -0.3682358 -0.6682442 -0.7432460 -0.0321737 0.2250241 0.9200400 -0.3207657 0.0000320 0.0000044 -0.0003937 -0.0274718 0.0098475 0.0197526 0.0000553 0.0002094 -0.0002882 -0.0376288 0.0191660 0.0163728 0.0000432 -0.0000224 -0.0010567 -0.0533869 0.0332909 0.0365854 -0.0001569 0.0001712 -0.0006872 -0.0756261 0.0266800 0.0354560
-0.2909577 -0.2331963 -0.0071626 0.1340409 0.4244553 -0.1564796 -0.2860747 -0.3180350 -0.0140644 0.0769552 0.4876575 -0.1469636 -0.7801618 -0.6252829 -0.0192055 0.2840927 0.8996107 -0.3316504 -0.6684011 -0.7430748 -0.0328609 0.1493980 0.9467199 -0.2853096 -0.0003559 -0.0004853 -0.0004322 0.0109724 -0.0052042 -0.0080838 -0.0003713 -0.0004737 -0.0003525 0.0231063 -0.0145279 -0.0049343 0.0002788 -0.0003121 -0.0011266 0.0223849 -0.0135466 -0.0161455 0.0000880 -0.0000444 -0.0007755 0.0480050 -0.0133219 -0.0143572
-0.2913136 -0.2336816 -0.0075948 0.1450133 0.4192511 -0.1645635 -0.2864460 -0.3185087 -0.0144169 0.1000615 0.4731296 -0.1518980 -0.7798830 -0.6255950 -0.0203321 0.3064776 0.8860641 -0.3477958 -0.6683131 -0.7431192 -0.0336364 0.1974030 0.9333980 -0.2996668 -0.0001012 -0.0001558 0.0002396 0.0019347 -0.0012491 -0.0003148 -0.0002045 0.0000848 0.0001253 0.0024041 -0.0015357 -0.0004107 0.0000873 -0.0001297 0.0006506 0.0043509 -0.0018947 -0.0009592 -0.0003686 0.0003183 0.0002977 0.0050736 -0.0015069 -0.0013020
-0.2914148 -0.2338374 -0.0073551 0.1469480 0.4180020 -0.1648782 -0.2866505 -0.3184239 -0.0142916 0.1024656 0.4715939 -0.1523086 -0.7797957 -0.6257246 -0.0196815 0.3108285 0.8841694 -0.3487550 -0.6686817 -0.7428010 -0.0333386 0.2024766 0.9318911 -0.3009688 0.0003525 -0.0004180 0.0003056 0.0010464 -0.0009329 -0.0001911 0.0002135 -0.0001184 0.0010223 0.0012262 -0.0010605 -0.0002281 0.0009040 -0.0011501 0.0008169 0.0024990 -0.0011683 -0.0007229 0.0003615 -0.0004281 0.0023784 0.0026944 -0.0008646 -0.0008499
-0.2910623 -0.2342554 -0.0070495 0.1479944 0.4170691 -0.1650694 -0.2864370 -0.3185423 -0.0132693 0.1036918 0.4705334 -0.1525368 -0.7788917 -0.6268747 -0.0188647 0.3133274 0.8830012 -0.3494780 -0.6683203 -0.7432291 -0.0309602 0.2051710 0.9310265 -0.3018187 -0.0007710 -0.0013462 0.0001322 0.0005671 -0.0011482 0.0003545 -0.0002882 -0.0013308 -0.0000694 0.0006092 -0.0011734 0.0002298 0.0009396 -0.0011783 0.0004250 0.0018406 -0.0006391 0.0000410 0.0011712 -0.0010483 -0.0000762 0.0016294 -0.0004139 -0.0001643
-0.2918333 -0.2356016 -0.0069173 0.1485614 0.4159209 -0.1647149 -0.2867252 -0.3198731 -0.0133387 0.1043010 0.4693600 -0.1523069 -0.7779521 -0.6280530 -0.0184397 0.3151681 0.8823621 -0.3494370 -0.6671491 -0.7442774 -0.0310364 0.2068003 0.9306126 -0.3019830 0.0005816 -0.0003664 0.0007597 0.0008676 -0.0001804 0.0000314 0.0006638 -0.0000083 0.0011707 0.0009378 -0.0002173 -0.0000000 0.0010636 -0.0013710 0.0020148 0.0017706 -0.0005775 0.0001438 0.0008140 -0.0008362 0.0026929 0.0018624 -0.0004173 -0.0000044
-0.2912517 -0.2359680 -0.0061576 0.1494290 0.4157405 -0.1646835 -0.2860613 -0.3198814 -0.0121680 0.1052388 0.4691427 -0.1523069 -0.7768884 -0.6294240 -0.0164249 0.3169386 0.8817846 -0.3492932 -0.6663351 -0.7451136 -0.0283435 0.2086627 0.9301954 -0.3019875 0.0002620 0.0005218 0.0000725 -0.0004052 0.0002141 -0.0002612 -0.0001012 0.0002385 0.0004950 -0.0003772 0.0001875 -0.0002886 -0.0004064 0.0004976 0.0001703 -0.0009611 0.0001700 -0.0004413 -0.0004283 0.0003405 0.0011452 -0.0008233 0.0000340 -0.0004625
-0.2909897 -0.2354462 -0.0060851 0.1490239 0.4159546 -0.1649446 -0.2861626 -0.3196429 -0.0116730 0.1048616 0.4693302 -0.1525956 -0.7772949 -0.6289264 -0.0162546 0.3159775 0.8819546 -0.3497345 -0.6667634 -0.7447730 -0.0271983 0.2078395 0.9302294 -0.3024500 -0.0001964 -0.0002470 0.0006389 -0.0160876 0.0096244 0.0107133 -0.0001518 -0.0008485 0.0010867 -0.0232414 0.0147392 0.0097682 0.0000944 -0.0001587 0.0017181 -0.0342018 0.0201153 0.0228212 0.0007408 -0.0007519 0.0025725 -0.0481937 0.0165909 0.0230854
-0.2911861 -0.2356932 -0.0054463 0.1329363 0.4255790 -0.1542314 -0.2863144 -0.3204914 -0.0105863 0.0816202 0.4840694 -0.1428274 -0.7772005 -0.6290851 -0.0145366 0.2817757 0.9020699 -0.3269134 -0.6660226 -0.7455249 -0.0246258 0.1596458 0.9468203 -0.2793646 -0.0000694 -0.0003131 0.0003714 0.0167983 -0.0097345 -0.0083707 0.0000068 -0.0005820 0.0008435 0.0240643 -0.0149644 -0.0074551 0.0003243 -0.0004228 0.0010002 0.0361711 -0.0190644 -0.0183564 0.0006499 -0.0006429 0.0019837 0.0501292 -0.0156852 -0.0189337
-0.2912555 -0.2360063 -0.0050749 0.1497346 0.4158445 -0.1626021 -0.2863075 -0.3210734 -0.0097428 0.1056844 0.4691050 -0.1502824 -0.7768761 -0.6295079 -0.0135364 0.3179468 0.8830054 -0.3452698 -0.6653727 -0.7461678 -0.0226421 0.2097750 0.9311351 -0.2982983 0.0003194 0.0003965 0.0012925 0.0026732 -0.0019884 -0.0003331 -0.0000314 -0.0003842 0.0007432 0.0027074 -0.0020061 -0.0003096 -0.0002114 0.0001965 0.0034336 0.0062129 -0.0027651 -0.0012810 0.0003775 -0.0003872 0.0017414 0.0058867 -0.0017725 -0.0013268
-0.2909362 -0.2356098 -0.0037824 0.1524078 0.4138561 -0.1629352 -0.2863389 -0.3214576 -0.0089996 0.1083918 0.4670989 -0.1505920 -0.7770876 -0.6293114 -0.0101028 0.3241597 0.8802403 -0.3465508 -0.6649952 -0.7465551 -0.0209008 0.2156616 0.9293626 -0.2996251 -0.0001193 -0.0002858 0.0008210 -0.0002849 0.0000144 -0.0002294 0.0000378 -0.0001542 0.0007816 -0.0002775 0.0000141 -0.0002074 0.0002316 -0.0003174 0.0021986 -0.0006060 0.0000308 -0.0004879 0.0002026 -0.0002291 0.0018185 -0.0005588 -0.0000006 -0.0004033
-0.2910555 -0.2358956 -0.0029614 0.1521228 0.4138705 -0.1631646 -0.2863011 -0.3216118 -0.0082180 0.1081143 0.4671130 -0.1507994 -0.7768559 -0.6296288 -0.0079042 0.3235536 0.8802711 -0.3470387 -0.6647926 -0.7467842 -0.0190823 0.2151028 0.9293620 -0.3000285 -0.0000723 -0.0000030 0.0002777 0.0001441 0.0001508 0.0000260 -0.0000626 -0.0004019 0.0002986 0.0001504 0.0001500 0.0000400 -0.0000769 0.0000860 0.0007422 0.0001891 0.0000018 0.0001809 0.0003734 -0.0003499 0.0007076 0.0002308 0.0000030 0.0001750
-0.2911278 -0.2358986 -0.0026837 0.1522669 0.4140213 -0.1631386 -0.2863637 -0.3220137 -0.0079194 0.1082647 0.4672630 -0.1507593 -0.7769329 -0.6295427 -0.0071621 0.3237428 0.8802729 -0.3468577 -0.6644193 -0.7471341 -0.0183746 0.2153336 0.9293650 -0.2998535 -0.0001305 0.0003224 0.0001953 0.0149961 -0.0109856 -0.0129305 0.0000073 0.0000265 0.0001313 0.0150294 -0.0110020 -0.0129146 -0.0005615 0.0006879 0.0005194 0.0317217 -0.0237480 -0.0273215 -0.0000247 0.0000146 0.0003035 0.0311734 -0.0171434 -0.0273866
-0.2912583 -0.2355762 -0.0024884 0.1672629 0.4030357 -0.1760691 -0.2863564 -0.3219872 -0.0077881 0.1232941 0.4562610 -0.1636739 -0.7774944 -0.6288548 -0.0066427 0.3554644 0.8565249 -0.3741792 -0.6644440 -0.7471196 -0.0180711 0.2465070 0.9122216 -0.3272400 -0.0001503 0.0002208 0.0000023 -0.0024140 0.0106134 0.0015110 -0.0007328 -0.0001146 -0.0000509 -0.0024109 0.0106176 0.0015337 -0.0004467 0.0005526 0.0000058 -0.0107938 0.0083440 0.0092082 -0.0008147 0.0007276 -0.0000940 -0.0089223 0.0053850 0.0085685
-0.2914085 -0.2353554 -0.0024861 0.1648489 0.4136491 -0.1745582 -0.2870892 -0.3221018 -0.0078390 0.1208832 0.4668786 -0.1621402 -0.7779410 -0.6283022 -0.0066369 0.3446706 0.8648690 -0.3649710 -0.6652587 -0.7463919 -0.0181651 0.2375847 0.9176066 -0.3186716 -0.0000942 0.0005707 -0.0001528 0.0487883 -0.0028907 -0.0158414 -0.0001972 0.0006684 -0.0000884 0.0557071 -0.0175535 -0.0312355 -0.0008417 0.0010481 -0.0004131 0.0820789 -0.0443613 -0.0153604 -0.0010215 0.0009171 -0.0002204 0.1019673 -0.0536339 -0.0531557
-0.2915027 -0.2347847 -0.0026389 0.2136372 0.4107584 -0.1903996 -0.2872863 -0.3214334 -0.0079274 0.1765903 0.4493251 -0.1933757 -0.7787828 -0.6272541 -0.0070500 0.4267495 0.8205077 -0.3803314 -0.6662802 -0.7454748 -0.0183855 0.3395519 0.8639728 -0.3718273 -0.0001319 -0.0000373 -0.0011019 0.0095781 0.0082081 -0.0051266 -0.0003941 -0.0006486 -0.0021557 0.0146836 0.0218120 -0.0094364 -0.0000705 0.0001275 -0.0029402 0.0080216 -0.0044589 -0.0005078 0.0003078 -0.0001363 -0.0049568 0.0098463 -0.0033513 0.0013525
-0.2916347 -0.2348220 -0.0037407 0.2232153 0.4189665 -0.1955262 -0.2876804 -0.3220820 -0.0100831 0.1912739 0.4711371 -0.2028120 -0.7788533 -0.6271266 -0.0099902 0.4347711 0.8160487 -0.3808392 -0.6659724 -0.7456111 -0.0233422 0.3493982 0.8606215 -0.3704747 0.0002589 0.0000910 -0.0005533 0.0435077 0.0182125 -0.0238195 0.0002534 0.0003017 -0.0009553 0.0416975 0.0290005 -0.0246841 0.0001658 -0.0001804 -0.0014853 0.0439848 -0.0313318 -0.0128765 0.0000157 0.0000592 -0.0022335 0.0409708 -0.0225864 -0.0107198
-0.2913758 -0.2347310 -0.0042940 0.2667229 0.4371790 -0.2193456 -0.2874270 -0.3217803 -0.0110385 0.2329714 0.5001376 -0.2274961 -0.7786875 -0.6273071 -0.0114755 0.4787559 0.7847170 -0.3937157 -0.6659566 -0.7455519 -0.0255757 0.3903690 0.8380351 -0.3811945 0.0002352 0.0000528 -0.0006084 0.0286172 0.0042934 -0.0223505 0.0002339 0.0002237 -0.0010870 0.0465028 0.0164625 -0.0397038 0.0001943 -0.0002091 -0.0016332 0.0273460 -0.0281994 -0.0204606 0.0000893 0.0000116 -0.0025376 0.0427410 -0.0374436 -0.0328936
-0.2911405 -0.2346782 -0.0049024 0.2953402 0.4414724 -0.2416962 -0.2871931 -0.3215566 -0.0121254 0.2794742 0.5166001 -0.2671999 -0.7784932 -0.6275161 -0.0131088 0.5061019 0.7565176 -0.4141763 -0.6658673 -0.7455403 -0.0281133 0.4331100 0.8005915 -0.4140881 -0.0002220 0.0002780 -0.0001307 0.0450193 0.0099463 -0.0182077 0.0000367 0.0003234 -0.0009920 0.0540301 0.0058305 -0.0174174 -0.0005930 0.0007438 -0.0003495 0.0408953 -0.0310354 -0.0035193 -0.0002802 0.0003413 -0.0023167 0.0558772 -0.0345987 -0.0032205
-0.2913625 -0.2344002 -0.0050331 0.3403595 0.4514187 -0.2599038 -0.2871564 -0.3212332 -0.0131175 0.3335043 0.5224306 -0.2846173 -0.7790862 -0.6267723 -0.0134582 0.5469972 0.7254822 -0.4176956 -0.6661475 -0.7451990 -0.0304300 0.4889872 0.7659928 -0.4173087 -0.0001593 0.0002390 -0.0008194 0.0228846 -0.0017622 -0.0034899 -0.0002638 0.0003911 -0.0015561 0.0461698 -0.0014112 -0.0194638 -0.0004544 0.0006162 -0.0021917 0.0248363 -0.0176149 0.0030507 -0.0007130 0.0007945 -0.0036150 0.0436670 -0.0350417 -0.0092943
-0.2915218 -0.2341612 -0.0058525 0.3632441 0.4496565 -0.2633937 -0.2874203 -0.3208421 -0.0146735 0.3796740 0.5210194 -0.3040811 -0.7795406 -0.6261561 -0.0156499 0.5718335 0.7078673 -0.4146449 -0.6668605 -0.7444045 -0.0340450 0.5326542 0.7309511 -0.4266029 0.0000613 0.0003333 -0.0014664 0.0317567 -0.0059729 -0.0013843 0.0008084 0.0002067 -0.0016758 0.0267133 -0.0041697 -0.0074807 -0.0003169 0.0005054 -0.0039332 0.0355094 -0.0256711 0.0075294 0.0008986 -0.0006134 -0.0039440 0.0259018 -0.0205710 -0.0016207
-0.2914605 -0.2338279 -0.0073189 0.3950008 0.4436836 -0.2647779 -0.2866118 -0.3206354 -0.0163494 0.4063874 0.5168497 -0.3115617 -0.7798575 -0.6256507 -0.0195832 0.6073428 0.6821962 -0.4071155 -0.6659619 -0.7450179 -0.0379889 0.5585559 0.7103800 -0.4282236 -0.0001333 0.0001365 -0.0007951 0.0196320 -0.0050962 0.0002279 0.0000391 -0.0001943 -0.0015079 0.0301386 -0.0191744 0.0039328 -0.0002836 0.0004238 -0.0021253 0.0218529 -0.0166499 0.0056669 0.0003672 -0.0001422 -0.0034865 0.0394410 -0.0286146 0.0068027
-0.2915938 -0.2336914 -0.0081140 0.4146328 0.4385874 -0.2645501 -0.2865727 -0.3208297 -0.0178573 0.4365260 0.4976753 -0.3076290 -0.7801411 -0.6252269 -0.0217085 0.6291957 0.6655462 -0.4014486 -0.6655947 -0.7451601 -0.0414754 0.5979969 0.6817654 -0.4214209 -0.0000808 0.0001152 -0.0004798 0.0113579 -0.0047167 0.0009618 0.0000241 -0.0000732 -0.0003956 0.0121543 -0.0037193 -0.0024004 -0.0002125 0.0003111 -0.0012835 0.0136009 -0.0108591 0.0037084 0.0001412 -0.0000747 -0.0009135 0.0117757 -0.0104614 0.0000799
-0.2916745 -0.2335762 -0.0085938 0.4259907 0.4338707 -0.2635882 -0.2865486 -0.3209029 -0.0182529 0.4486803 0.4939560 -0.3100294 -0.7803535 -0.6249158 -0.0229920 0.6427967 0.6546871 -0.3977402 -0.6654535 -0.7452347 -0.0423889 0.6097727 0.6713040 -0.4213410 0.0000530 0.0000245 -0.0005268 0.0135766 0.0005964 -0.0049533 0.0001026 0.0001666 -0.0004590 0.0092865 -0.0065446 0.0004296 0.0000495 -0.0000083 -0.0014123 0.0095099 -0.0099492 -0.0007685 -0.0000286 0.0000880 -0.0010835 0.0116283 -0.0099506 0.0012547
-0.2916216 -0.2335517 -0.0091206 0.4395674 0.4344671 -0.2685415 -0.2864459 -0.3207363 -0.0187120 0.4579668 0.4874114 -0.3095998 -0.7803040 -0.6249240 -0.0244043 0.6523066 0.6447379 -0.3985087 -0.6654821 -0.7451468 -0.0434724 0.6214009 0.6613534 -0.4200863 0.0000915 0.0003577 0.0000682 0.0056604 -0.0010874 -0.0020804 0.0002710 0.0002928 -0.0003414 0.0045039 -0.0053538 -0.0006537 -0.0003746 0.0004616 0.0001632 0.0046589 -0.0052551 -0.0008134 0.0000367 0.0000163 -0.0008325 0.0064810 -0.0068790 -0.0011350
-0.2915301 -0.2331940 -0.0090524 0.4452278 0.4333797 -0.2706220 -0.2861749 -0.3204435 -0.0190533 0.4624707 0.4820576 -0.3102535 -0.7806786 -0.6244624 -0.0242411 0.6569655 0.6394828 -0.3993221 -0.6654455 -0.7451305 -0.0443049 0.6278820 0.6544744 -0.4212214 0.0000905 0.0000207 0.0002179 0.0022968 -0.0015557 -0.0009396 0.0000578 -0.0000938 0.0002542 0.0018541 -0.0040167 -0.0006334 0.0000567 -0.0000930 0.0005778 0.0025182 -0.0031360 -0.0008580 0.0001657 -0.0001830 0.0005932 0.0035333 -0.0044073 -0.0015403
-0.2914396 -0.2331733 -0.0088345 0.4475246 0.4318240 -0.2715616 -0.2861172 -0.3205373 -0.0187991 0.4643248 0.4780409 -0.3108869 -0.7806219 -0.6245554 -0.0236633 0.6594837 0.6363468 -0.4001800 -0.6652797 -0.7453135 -0.0437117 0.6314153 0.6500672 -0.4227617 0.0008731 -0.0007406 0.0013520 -0.0000853 -0.0033724 0.0009380 0.0003396 0.0002388 0.0009171 -0.0005917 -0.0033047 0.0001901 0.0018236 -0.0023983 0.0036082 0.0023843 -0.0025661 -0.0001359 0.0001044 -0.0002128 0.0020895 0.0014321 -0.0022040 -0.0012402
-0.2905665 -0.2339139 -0.0074825 0.4474393 0.4284516 -0.2706236 -0.2857775 -0.3202985 -0.0178820 0.4637331 0.4747362 -0.3106968 -0.7787983 -0.6269537 -0.0200551 0.6618680 0.6337807 -0.4003159 -0.6651753 -0.7455262 -0.0416222 0.6328474 0.6478631 -0.4240018 0.0000000 0.0000000 0.0000000 0.0000000 0.0000000 0.0000000 0.0000000 0.0000000 0.0000000 0.0000000 0.0000000 0.0000000 0.0000000 0.0000000 0.0000000 0.0000000 0.0000000 0.0000000 0.0000000 0.0000000 0.0000000 0.0000000 0.0000000 0.0000000
