-0.1484024 0.3273496 -0.3167851 0.0910813 0.3674604 -0.3454518 -0.0884406 0.3588922 -0.2938813 0.0281270 0.4393155 -0.3608217 -0.3097545 0.6832639 -0.6612130 0.1777183 0.7169909 -0.6740476 -0.1872870 0.7600108 -0.6223400 0.0494155 0.7718207 -0.6339171 0.0159357 0.0199748 -0.0104719 0.0047106 0.0019942 0.0009429 -0.0099953 0.0456493 -0.0595107 0.0038309 0.0010869 0.0003662 0.0422834 0.0180384 0.0004299 0.0085897 0.0015705 0.0040038 0.0070357 -0.0192332 -0.0247750 0.0066507 0.0008107 0.0015428
-0.1324667 0.3473244 -0.3272570 0.0957919 0.3694546 -0.3445089 -0.0984359 0.4045415 -0.3533920 0.0319580 0.4404024 -0.3604554 -0.2674711 0.7013023 -0.6607831 0.1863081 0.7185614 -0.6700438 -0.1802513 0.7407777 -0.6471151 0.0560663 0.7726314 -0.6323743 -0.0044595 -0.0039528 -0.0004184 0.0033675 0.0018155 0.0009184 -0.0029462 -0.0045511 0.0003034 0.0128653 -0.0092535 0.0154934 -0.0097143 -0.0062010 -0.0025437 0.0060520 0.0016680 0.0035102 -0.0064266 -0.0042635 -0.0030375 0.0248445 0.0056394 0.0096802
-0.1369262 0.3433716 -0.3276754 0.0991594 0.3712701 -0.3435905 -0.1013821 0.3999904 -0.3530886 0.0448232 0.4311489 -0.3449620 -0.2771854 0.6951013 -0.6633268 0.1923600 0.7202295 -0.6665336 -0.1866778 0.7365141 -0.6501525 0.0809108 0.7782708 -0.6226941 -0.0032882 -0.0023766 -0.0008050 0.0029663 0.0003402 0.0003613 -0.0020426 -0.0027665 0.0001208 0.0020085 0.0000511 -0.0011862 -0.0067652 -0.0045465 -0.0018845 0.0055304 -0.0001548 0.0014534 -0.0043685 -0.0027613 -0.0018505 0.0034817 -0.0012333 -0.0010772
-0.1402144 0.3409950 -0.3284804 0.1021257 0.3716103 -0.3432292 -0.1034247 0.3972239 -0.3529679 0.0468318 0.4312000 -0.3461482 -0.2839505 0.6905549 -0.6652113 0.1978904 0.7200747 -0.6650803 -0.1910464 0.7337529 -0.6520030 0.0843925 0.7770375 -0.6237713 -0.0017823 -0.0022604 0.0004950 0.0069851 -0.0154503 0.0179090 -0.0009798 -0.0026226 0.0008890 0.0020138 0.0000118 -0.0007184 -0.0044138 -0.0026588 -0.0008555 0.0227320 0.0000824 0.0072814 -0.0026377 -0.0017157 -0.0011494 0.0035290 -0.0008613 -0.0005847
-0.1419967 0.3387346 -0.3279854 0.1091108 0.3561600 -0.3253202 -0.1044045 0.3946013 -0.3520788 0.0488456 0.4312118 -0.3468667 -0.2883643 0.6878961 -0.6660668 0.2206225 0.7201572 -0.6577989 -0.1936840 0.7320372 -0.6531524 0.0879215 0.7761762 -0.6243559 -0.0045278 -0.0062628 0.0023586 0.0286234 -0.0216371 0.0008546 -0.0040333 -0.0062965 0.0030681 0.0014389 -0.0004392 -0.0008765 -0.0119566 -0.0064523 -0.0013474 0.0628062 -0.0317775 -0.0098849 -0.0096714 -0.0038421 -0.0013538 0.0025354 -0.0012585 -0.0011999
-0.1465245 0.3324718 -0.3256268 0.1377341 0.3345229 -0.3244656 -0.1084378 0.3883048 -0.3490108 0.0502845 0.4307726 -0.3477432 -0.3003209 0.6814438 -0.6674142 0.2834286 0.6883797 -0.6676838 -0.2033554 0.7281951 -0.6545063 0.0904569 0.7749177 -0.6255559 -0.0039248 -0.0048695 0.0028767 0.0082818 -0.0164893 0.0045650 -0.0051571 -0.0164333 0.0283252 0.0506415 -0.0656402 -0.0015357 -0.0106111 -0.0043916 0.0003898 0.0245352 -0.0176113 -0.0070222 -0.0220245 0.0096227 0.0182447 0.1054131 -0.0662946 -0.0522998
-0.1504493 0.3276023 -0.3227502 0.1460159 0.3180336 -0.3199005 -0.1135949 0.3718715 -0.3206856 0.1009260 0.3651324 -0.3492789 -0.3109320 0.6770522 -0.6670244 0.3079638 0.6707684 -0.6747059 -0.2253799 0.7378178 -0.6362615 0.1958700 0.7086230 -0.6778557 -0.0038906 -0.0093264 0.0052215 0.0000223 -0.0137678 0.0047439 0.0050475 0.0006158 0.0120120 0.0036999 -0.0105143 0.0047293 -0.0137641 -0.0074722 -0.0009838 0.0082958 -0.0118517 -0.0077958 0.0064420 0.0134812 0.0136735 0.0111517 -0.0069453 -0.0038997
-0.1543400 0.3182759 -0.3175287 0.1460381 0.3042658 -0.3151566 -0.1085474 0.3724873 -0.3086735 0.1046259 0.3546181 -0.3445496 -0.3246962 0.6695801 -0.6680082 0.3162596 0.6589167 -0.6825018 -0.2189379 0.7512991 -0.6225881 0.2070217 0.7016777 -0.6817554 -0.0127030 -0.0174527 0.0062511 -0.0035499 -0.0036465 0.0014848 -0.0453516 -0.0613521 0.0026087 0.0065789 -0.0102112 0.0103616 -0.0353137 -0.0212478 -0.0028555 -0.0046301 -0.0014461 -0.0035153 -0.1136151 -0.0789820 -0.0387728 0.0187245 -0.0025300 0.0033520
-0.1670429 0.3008232 -0.3112776 0.1424883 0.3006193 -0.3136718 -0.1538990 0.3111352 -0.3060649 0.1112048 0.3444069 -0.3341880 -0.3600099 0.6483323 -0.6708636 0.3116295 0.6574706 -0.6860171 -0.3325530 0.6723171 -0.6613609 0.2257462 0.6991477 -0.6784034 -0.0111373 -0.0157973 0.0130901 -0.0015404 -0.0029776 0.0040423 -0.0053252 -0.0035988 0.0013967 0.0002044 -0.0059810 0.0013343 -0.0365304 -0.0140070 0.0072470 0.0001842 0.0009911 0.0010351 -0.0126469 -0.0055748 0.0008370 0.0027473 -0.0050567 -0.0042594
-0.1781803 0.2850259 -0.2981876 0.1409478 0.2976417 -0.3096295 -0.1592242 0.3075364 -0.3046681 0.1114092 0.3384259 -0.3328537 -0.3965404 0.6343254 -0.6636167 0.3118137 0.6584617 -0.6849820 -0.3451998 0.6667423 -0.6605239 0.2284935 0.6940910 -0.6826627 -0.0048510 -0.0052260 0.0096343 0.0599126 -0.0700118 0.0278725 -0.0169761 -0.0204259 0.0195086 0.0275390 -0.0460442 0.0261522 -0.0178893 -0.0007869 0.0102584 0.1731424 -0.1088737 0.0047097 -0.0540252 -0.0162229 0.0144249 0.0830939 -0.0384334 -0.0051065
-0.1830313 0.2797999 -0.2885532 0.2008605 0.2276299 -0.2817571 -0.1762003 0.2871105 -0.2851595 0.1389482 0.2923817 -0.3067015 -0.4144297 0.6335385 -0.6533583 0.4849562 0.5495881 -0.6802723 -0.3992250 0.6505194 -0.6460990 0.3115874 0.6556575 -0.6877692 -0.0873480 -0.0838861 0.0193340 0.0112571 -0.0134099 0.0242293 -0.0212324 -0.0266422 0.0166823 0.0334902 -0.0385850 0.0378980 -0.2159532 -0.1767701 0.0256800 0.0500318 -0.0092976 0.0307540 -0.0675523 -0.0347111 0.0113556 0.1111332 -0.0334929 0.0288166
-0.2703793 0.1959138 -0.2692193 0.2121176 0.2142200 -0.2575278 -0.1974327 0.2604683 -0.2684773 0.1724384 0.2537967 -0.2688035 -0.6303829 0.4567684 -0.6276783 0.5349880 0.5402905 -0.6495184 -0.4667773 0.6158083 -0.6347433 0.4227206 0.6221646 -0.6589526 0.0172402 0.0035836 0.0287364 0.0068561 -0.0088838 0.0183330 -0.0109962 -0.0120561 0.0063101 0.0296483 -0.0298765 0.0252984 0.0008912 0.0393302 0.0296595 0.0355065 -0.0053260 0.0263417 -0.0330611 -0.0200850 0.0060341 0.0985893 -0.0445325 0.0307988
-0.2531391 0.1994974 -0.2404828 0.2189737 0.2053362 -0.2391948 -0.2084289 0.2484122 -0.2621671 0.2020868 0.2239202 -0.2435050 -0.6294917 0.4960986 -0.5980188 0.5704944 0.5349645 -0.6231766 -0.4998384 0.5957233 -0.6287093 0.5213098 0.5776321 -0.6281538 -0.0081811 -0.0099126 0.0210962 0.0005501 -0.0029059 0.0154587 -0.0408140 -0.0445127 0.0285644 0.0019712 -0.0005863 0.0049061 -0.0399857 -0.0104005 0.0359713 0.0178349 0.0075539 0.0235581 -0.1266705 -0.0831917 0.0415143 0.0083141 0.0020218 0.0088801
-0.2613203 0.1895848 -0.2193866 0.2195238 0.2024303 -0.2237361 -0.2492429 0.2038995 -0.2336027 0.2040579 0.2233339 -0.2385990 -0.6694774 0.4856981 -0.5620475 0.5883294 0.5425184 -0.5996185 -0.6265089 0.5125316 -0.5871950 0.5296239 0.5796538 -0.6192737 -0.0205089 -0.0190856 0.0100837 0.0025425 -0.0033542 0.0030863 -0.0029972 0.0002247 0.0049664 -0.0116859 0.0184094 -0.0311512 -0.0526741 -0.0488155 0.0257352 0.0102536 -0.0059058 0.0048536 -0.0089426 0.0017048 0.0112068 -0.0605800 0.0097677 -0.0384345
-0.2818292 0.1704992 -0.2093030 0.2220663 0.1990761 -0.2206498 -0.2522401 0.2041242 -0.2286363 0.1923721 0.2417433 -0.2697502 -0.7221515 0.4368825 -0.5363123 0.5985830 0.5366126 -0.5947649 -0.6354515 0.5142364 -0.5759882 0.4690439 0.5894215 -0.6577082 -0.0133110 -0.0075836 0.0169581 0.0033001 -0.0023180 0.0060575 -0.0085859 -0.0013901 0.0110964 0.0041940 -0.0036781 0.0043944 -0.0382621 -0.0171389 0.0407455 0.0135328 -0.0021996 0.0119125 -0.0239596 -0.0016912 0.0260114 0.0138057 -0.0046323 0.0058817
-0.2951402 0.1629156 -0.1923449 0.2253664 0.1967581 -0.2145923 -0.2608260 0.2027341 -0.2175399 0.1965660 0.2380652 -0.2653558 -0.7604136 0.4197437 -0.4955668 0.6121158 0.5344130 -0.5828525 -0.6594111 0.5125452 -0.5499767 0.4828496 0.5847892 -0.6518265 -0.0046175 -0.0058266 0.0143293 0.0438876 -0.0558893 0.0629709 -0.0232575 -0.0165973 0.0283892 0.0614064 -0.0754873 0.0747773 -0.0234946 -0.0089341 0.0300312 0.1807315 -0.1196098 0.1363869 -0.0713460 -0.0337395 0.0634182 0.2345671 -0.1326629 0.1218312
-0.2997577 0.1570890 -0.1780156 0.2692540 0.1408688 -0.1516214 -0.2840835 0.1861368 -0.1891507 0.2579724 0.1625779 -0.1905785 -0.7839082 0.4108096 -0.4655356 0.7928473 0.4148032 -0.4464655 -0.7307571 0.4788057 -0.4865585 0.7174167 0.4521263 -0.5299953 -0.0129007 -0.0025345 0.0112996 0.0014719 -0.0057611 0.0160775 -0.0081444 -0.0036051 0.0084968 0.0049085 -0.0045269 0.0122121 -0.0248926 -0.0110001 0.0342660 0.0237236 -0.0072877 0.0376342 -0.0203974 -0.0096187 0.0221981 0.0234572 -0.0066931 0.0273075
-0.3126584 0.1545545 -0.1667160 0.2707259 0.1351077 -0.1355439 -0.2922279 0.1825317 -0.1806540 0.2628809 0.1580510 -0.1783664 -0.8088009 0.3998096 -0.4312696 0.8165709 0.4075156 -0.4088314 -0.7511545 0.4691869 -0.4643604 0.7408739 0.4454332 -0.5026878 -0.0025668 -0.0021152 0.0060873 0.0072240 -0.0014197 -0.0035687 -0.0088307 -0.0047644 0.0084541 0.0050123 -0.0053962 0.0079101 -0.0094658 -0.0041052 0.0143071 0.0049147 -0.0123985 -0.0023183 -0.0213233 -0.0130588 0.0225174 0.0195066 -0.0121421 0.0188695
-0.3152252 0.1524393 -0.1606287 0.2779499 0.1336880 -0.1391126 -0.3010586 0.1777673 -0.1721999 0.2678932 0.1526548 -0.1704563 -0.8182667 0.3957044 -0.4169625 0.8214855 0.3951171 -0.4111496 -0.7724778 0.4561281 -0.4418429 0.7603806 0.4332911 -0.4838184 -0.0026414 -0.0022953 0.0091243 -0.0045147 0.0078277 0.0001813 -0.0041704 0.0000233 0.0025757 0.0021853 -0.0026066 0.0061328 -0.0121055 -0.0034788 0.0211833 -0.0119791 0.0238409 -0.0001574 -0.0064652 -0.0024073 0.0089627 0.0114012 -0.0045104 0.0142441
-0.3178666 0.1501440 -0.1515044 0.2734352 0.1415157 -0.1389314 -0.3052289 0.1777906 -0.1696242 0.2700785 0.1500482 -0.1643235 -0.8303722 0.3922255 -0.3957792 0.8095064 0.4189580 -0.4113071 -0.7789429 0.4537208 -0.4328802 0.7717818 0.4287808 -0.4695742 -0.0017264 0.0011822 0.0020784 0.0261306 0.0022487 0.0108577 -0.0030118 0.0009978 -0.0000980 -0.0015823 0.0035793 -0.0010358 -0.0021514 0.0019715 0.0065323 0.0317225 -0.0152444 0.0516555 -0.0020186 -0.0007410 0.0028705 -0.0063204 0.0091990 -0.0018519
-0.3195930 0.1513262 -0.1494259 0.2995658 0.1437644 -0.1280737 -0.3082408 0.1787884 -0.1697222 0.2684962 0.1536275 -0.1653593 -0.8325236 0.3941970 -0.3892469 0.8412289 0.4037136 -0.3596515 -0.7809615 0.4529798 -0.4300097 0.7654614 0.4379798 -0.4714261 -0.0004018 0.0005385 0.0014511 -0.0075663 -0.0009653 -0.0056120 -0.0012744 0.0004767 -0.0001016 -0.0059625 0.0086817 -0.0084301 -0.0010787 0.0014179 0.0037653 -0.0104206 0.0025840 -0.0207163 -0.0007428 -0.0002321 0.0011067 -0.0242987 0.0202375 -0.0192009
-0.3199949 0.1518647 -0.1479748 0.2919995 0.1427991 -0.1336857 -0.3095152 0.1792651 -0.1698238 0.2625338 0.1623092 -0.1737893 -0.8336023 0.3956149 -0.3854816 0.8308084 0.4062976 -0.3803679 -0.7817043 0.4527478 -0.4289030 0.7411626 0.4582173 -0.4906270 0.0006647 0.0009690 -0.0006295 0.0018594 0.0077846 -0.0445455 0.0067064 0.0070535 -0.0055813 -0.0092486 0.0098899 -0.0212509 0.0018924 0.0024473 -0.0015650 -0.0476576 -0.0049834 -0.0946287 0.0179088 0.0172165 -0.0135334 -0.0436127 0.0160207 -0.0465158
-0.3193302 0.1528337 -0.1486043 0.2938588 0.1505837 -0.1782313 -0.3028088 0.1863186 -0.1754051 0.2532852 0.1721991 -0.1950403 -0.8317099 0.3980623 -0.3870467 0.7831508 0.4013142 -0.4749966 -0.7637955 0.4699642 -0.4424365 0.6975500 0.4742380 -0.5371428 0.0022080 0.0045186 -0.0112913 -0.0165137 0.0277252 0.0131640 0.0057706 0.0028263 -0.0068167 -0.0184781 0.0181973 -0.0202125 0.0153300 0.0070159 -0.0245790 -0.0309869 0.0822619 0.0273320 0.0146450 0.0070720 -0.0171394 -0.0648257 0.0388146 -0.0428892
-0.3171222 0.1573523 -0.1598957 0.2773452 0.1783089 -0.1650673 -0.2970382 0.1891449 -0.1822219 0.2348072 0.1903964 -0.2152528 -0.8163798 0.4050781 -0.4116256 0.7521639 0.4835761 -0.4476647 -0.7491505 0.4770362 -0.4595759 0.6327242 0.5130525 -0.5800320 0.0036686 0.0063811 -0.0151796 -0.0540071 0.0191891 -0.0510145 0.0119724 0.0086889 -0.0079650 -0.0084823 0.0092856 -0.0072610 0.0220322 0.0098518 -0.0320465 -0.1456087 0.0528009 -0.1391833 0.0287261 0.0229335 -0.0210684 -0.0291553 0.0194646 -0.0133735
-0.3134535 0.1637334 -0.1750752 0.2233381 0.1974980 -0.2160818 -0.2850659 0.1978338 -0.1901869 0.2263248 0.1996820 -0.2225138 -0.7943477 0.4149299 -0.4436721 0.6065552 0.5363770 -0.5868479 -0.7204244 0.4999697 -0.4806443 0.6035689 0.5325171 -0.5934055 0.0047012 0.0116342 -0.0209287 -0.0006837 0.0015042 0.0015598 0.0079130 0.0088679 -0.0133481 -0.0161417 0.0159309 -0.0035363 0.0330962 0.0174518 -0.0395900 -0.0010073 0.0048445 0.0034176 0.0296241 0.0152319 -0.0266644 -0.0453378 0.0401351 -0.0069672
-0.3087523 0.1753676 -0.1960040 0.2226544 0.1990022 -0.2145220 -0.2771529 0.2067017 -0.2035350 0.2101831 0.2156129 -0.2260501 -0.7612514 0.4323817 -0.4832622 0.6055479 0.5412215 -0.5834304 -0.6908004 0.5152017 -0.5073087 0.5582311 0.5726522 -0.6003727 0.0094381 0.0106730 -0.0165011 -0.0070985 0.0122583 -0.0139145 0.0373793 0.0433869 -0.0378580 -0.0030679 0.0031298 -0.0002208 0.0339342 0.0196868 -0.0331135 -0.0360799 0.0168985 -0.0200662 0.1229708 0.0770559 -0.0643560 -0.0084952 0.0079459 -0.0002072
-0.2993142 0.1860406 -0.2125050 0.2155559 0.2112605 -0.2284365 -0.2397735 0.2500886 -0.2413930 0.2071152 0.2187427 -0.2262709 -0.7273172 0.4520685 -0.5163756 0.5694680 0.5581201 -0.6034966 -0.5678295 0.5922576 -0.5716647 0.5497359 0.5805981 -0.6005799 -0.0010109 0.0094469 -0.0231228 0.0019430 0.0022207 -0.0026432 0.0098003 0.0115070 -0.0085751 -0.0434309 0.0475374 -0.0383971 0.0270493 0.0037495 -0.0330375 -0.0007881 0.0000549 -0.0006920 0.0314158 0.0179154 -0.0113869 -0.1500858 0.0695489 -0.0456311
-0.3003252 0.1954875 -0.2356278 0.2174990 0.2134812 -0.2310797 -0.2299733 0.2615956 -0.2499680 0.1636843 0.2662801 -0.2646681 -0.7002679 0.4558180 -0.5494132 0.5686799 0.5581749 -0.6041886 -0.5364137 0.6101730 -0.5830517 0.3996501 0.6501470 -0.6462110 0.0037490 0.0110118 -0.0259937 -0.0176796 0.0270127 -0.0341082 0.0315774 0.0377204 -0.0215721 -0.0199862 0.0297290 -0.0211236 0.0355148 0.0070346 -0.0369918 -0.0813008 0.0284135 -0.0426309 0.0957353 0.0546700 -0.0200954 -0.0699385 0.0290385 -0.0095308
-0.2965762 0.2064993 -0.2616216 0.1998194 0.2404939 -0.2651879 -0.1983959 0.2993160 -0.2715401 0.1436981 0.2960091 -0.2857917 -0.6647531 0.4628526 -0.5864050 0.4873792 0.5865884 -0.6468196 -0.4406784 0.6648430 -0.6031470 0.3297116 0.6791854 -0.6557419 0.0909881 0.0821312 -0.0390192 -0.0189701 0.0235883 -0.0115332 0.0039213 -0.0022849 -0.0112601 -0.0098746 0.0077379 -0.0110282 0.2223559 0.1582405 -0.0605325 -0.0599487 0.0375599 -0.0072003 0.0122244 -0.0104431 -0.0199003 -0.0291729 0.0029651 -0.0108518
-0.2055881 0.2886305 -0.3006408 0.1808493 0.2640822 -0.2767211 -0.1944746 0.2970311 -0.2828002 0.1338234 0.3037470 -0.2968199 -0.4423973 0.6210930 -0.6469375 0.4274305 0.6241483 -0.6540199 -0.4284540 0.6543999 -0.6230473 0.3005387 0.6821505 -0.6665937 0.0005023 -0.0073185 -0.0050011 -0.0422181 0.0309096 -0.0237143 0.0050214 0.0019332 -0.0175660 -0.0677786 0.0618288 -0.0421340 -0.0003001 -0.0138540 -0.0128199 -0.1146934 0.0413216 -0.0237303 0.0203355 -0.0103734 -0.0239991 -0.1692078 0.0448008 -0.0074197
-0.2050858 0.2813120 -0.3056419 0.1386312 0.2949918 -0.3004354 -0.1894532 0.2989643 -0.3003662 0.0660449 0.3655758 -0.3389539 -0.4426974 0.6072390 -0.6597574 0.3127371 0.6654699 -0.6777502 -0.4081185 0.6440265 -0.6470465 0.1313309 0.7269513 -0.6740134 0.0081974 0.0074005 -0.0042264 0.0310591 -0.0213394 -0.0040401 0.0345327 0.0374534 -0.0074079 0.0389550 -0.0289005 -0.0001407 0.0211425 0.0109192 -0.0036971 0.0701776 -0.0479596 -0.0093141 0.0864146 0.0545701 0.0079304 0.0832854 -0.0387981 -0.0190847
-0.1968884 0.2887125 -0.3098683 0.1696903 0.2736524 -0.3044755 -0.1549204 0.3364177 -0.3077741 0.1049999 0.3366753 -0.3390945 -0.4215548 0.6181582 -0.6634546 0.3829147 0.6175104 -0.6870642 -0.3217039 0.6985966 -0.6391160 0.2146163 0.6881532 -0.6930981 0.0070155 0.0136358 -0.0063619 -0.0200896 0.0279422 -0.0081931 -0.0069203 0.0011714 -0.0171520 0.0139437 -0.0039214 0.0093368 0.0234449 0.0157810 0.0004089 -0.0573120 0.0389040 0.0065475 -0.0047739 -0.0175855 -0.0163502 0.0314730 0.0003004 0.0108433
-0.1898729 0.3023483 -0.3162302 0.1496007 0.3015946 -0.3126686 -0.1618408 0.3375891 -0.3249261 0.1189436 0.3327539 -0.3297578 -0.3981100 0.6339392 -0.6630456 0.3256028 0.6564143 -0.6805168 -0.3264779 0.6810111 -0.6554663 0.2460893 0.6884537 -0.6822548 0.0079477 0.0107122 -0.0078464 0.0008825 0.0108190 -0.0064305 0.0533442 0.0636859 -0.0124604 -0.0052747 0.0137758 -0.0047714 0.0237255 0.0103092 -0.0038728 -0.0062716 0.0065395 0.0033759 0.1238212 0.0685150 0.0252751 -0.0164028 0.0117661 0.0062841
-0.1819252 0.3130605 -0.3240766 0.1504832 0.3124136 -0.3190992 -0.1084966 0.4012750 -0.3373865 0.1136689 0.3465297 -0.3345292 -0.3743845 0.6442484 -0.6669184 0.3193312 0.6629538 -0.6771409 -0.2026566 0.7495261 -0.6301912 0.2296865 0.7002198 -0.6759707 0.0087177 0.0112751 -0.0077276 0.0008070 0.0150416 -0.0057627 0.0151528 0.0184648 -0.0151475 -0.0073780 0.0309574 -0.0144758 0.0246584 0.0106231 -0.0030330 -0.0076746 0.0116011 0.0079281 0.0347827 0.0053543 -0.0038230 -0.0272181 0.0188376 0.0111676
-0.1732075 0.3243356 -0.3318042 0.1512902 0.3274552 -0.3248619 -0.0933438 0.4197398 -0.3525339 0.1062908 0.3774871 -0.3490050 -0.3497261 0.6548715 -0.6699515 0.3116566 0.6745550 -0.6692128 -0.1678740 0.7548804 -0.6340141 0.2024684 0.7190573 -0.6648031 0.0020727 0.0041073 -0.0056782 -0.0257018 0.0409323 -0.0216423 -0.0009765 -0.0013950 -0.0028425 0.0109473 -0.0065899 0.0076109 0.0081773 0.0006310 -0.0035920 -0.0706510 0.0323848 0.0042673 -0.0014754 -0.0037546 -0.0040539 0.0240562 -0.0024189 0.0051698
-0.1711348 0.3284429 -0.3374824 0.1255884 0.3683875 -0.3465042 -0.0943203 0.4183448 -0.3553765 0.1172381 0.3708972 -0.3413941 -0.3415488 0.6555025 -0.6735435 0.2410056 0.7069398 -0.6649455 -0.1693494 0.7511258 -0.6380680 0.2265246 0.7166384 -0.6596333 0.0218833 0.0317105 -0.0190821 0.0055518 0.0020870 -0.0003245 0.0020579 0.0002251 -0.0005349 -0.0487043 0.0683847 -0.0319145 0.0590482 0.0261897 -0.0013558 0.0091877 -0.0001375 0.0032553 0.0037443 0.0001803 -0.0007701 -0.1084724 0.0400418 0.0165946
-0.1492514 0.3601534 -0.3565645 0.1311402 0.3704745 -0.3468287 -0.0922624 0.4185699 -0.3559114 0.0685338 0.4392819 -0.3733086 -0.2825006 0.6816923 -0.6748993 0.2501932 0.7068023 -0.6616902 -0.1656051 0.7513061 -0.6388381 0.1180521 0.7566802 -0.6430387 -0.0015952 -0.0027042 0.0093794 0.0023725 0.0018249 -0.0011707 -0.0041358 0.0000976 -0.0019546 -0.0049644 -0.0066942 0.0118103 -0.0072346 0.0048700 0.0080516 0.0032396 -0.0001063 0.0011202 -0.0067978 -0.0025424 -0.0011855 -0.0060004 0.0058280 0.0058373
-0.1508466 0.3574492 -0.3471851 0.1335127 0.3722994 -0.3479994 -0.0963982 0.4186675 -0.3578660 0.0635694 0.4325877 -0.3614983 -0.2897352 0.6865622 -0.6668477 0.2534328 0.7066960 -0.6605699 -0.1724029 0.7487637 -0.6400236 0.1120517 0.7625083 -0.6372014 -0.0046847 0.0049863 -0.0048844 -0.0068420 0.0011599 -0.0035671 -0.0175361 0.0000694 -0.0087180 0.0331409 -0.0397620 0.0191469 -0.0044529 -0.0010141 0.0009069 -0.0136691 0.0001921 -0.0048793 -0.0281604 -0.0116439 -0.0052893 0.0704305 -0.0212873 -0.0087799
-0.1555313 0.3624355 -0.3520694 0.1266707 0.3734593 -0.3515665 -0.1139343 0.4187369 -0.3665840 0.0967103 0.3928257 -0.3423514 -0.2941880 0.6855482 -0.6659407 0.2397637 0.7068881 -0.6654492 -0.2005633 0.7371198 -0.6453129 0.1824823 0.7412209 -0.6459812 -0.0059889 -0.0108181 0.0011187 0.0008788 0.0005720 -0.0004790 -0.0058617 -0.0106386 0.0022256 -0.0416793 0.0342422 -0.0225693 -0.0150073 -0.0124529 -0.0058784 0.0012373 -0.0001670 0.0002696 -0.0133404 -0.0084337 -0.0052728 -0.0849841 0.0154132 -0.0005471
-0.1615202 0.3516174 -0.3509507 0.1275495 0.3740313 -0.3520455 -0.1197960 0.4080983 -0.3643584 0.0550310 0.4270679 -0.3649207 -0.3091953 0.6730953 -0.6718191 0.2410010 0.7067211 -0.6651796 -0.2139036 0.7286861 -0.6505857 0.0974981 0.7566342 -0.6465283 0.0012618 -0.0030362 -0.0010850 0.0035029 0.0008870 -0.0007841 0.0033696 -0.0042724 0.0005966 -0.0539442 0.0366770 -0.0129852 0.0014161 -0.0036385 -0.0042722 0.0056855 -0.0009933 0.0010305 0.0044416 -0.0021657 -0.0038558 -0.0956815 0.0185671 0.0148165
-0.1602583 0.3485812 -0.3520357 0.1310524 0.3749183 -0.3528296 -0.1164265 0.4038259 -0.3637618 0.0010867 0.4637449 -0.3779059 -0.3077792 0.6694568 -0.6760913 0.2466865 0.7057278 -0.6641491 -0.2094621 0.7265205 -0.6544415 0.0018166 0.7752012 -0.6317118 0.0011513 -0.0003039 -0.0003811 -0.0006281 0.0000915 -0.0002998 0.0026350 -0.0011708 0.0013359 0.0491715 -0.0388747 0.0189567 0.0020358 -0.0001997 -0.0011205 -0.0012328 0.0000272 -0.0004278 0.0039002 0.0008674 -0.0002732 0.0881766 -0.0144215 -0.0110288
-0.1591070 0.3482773 -0.3524169 0.1304242 0.3750098 -0.3531294 -0.1137915 0.4026551 -0.3624259 0.0502582 0.4248702 -0.3589492 -0.3057434 0.6692571 -0.6772118 0.2454537 0.7057550 -0.6645769 -0.2055619 0.7273878 -0.6547147 0.0899932 0.7607797 -0.6427406 -0.0008320 -0.0034091 0.0010473 0.0213509 -0.0314635 0.0151740 0.0234256 0.0133350 -0.0069712 0.0326756 -0.0351349 0.0160334 -0.0032201 -0.0030552 -0.0015492 0.0549448 -0.0257966 -0.0043158 0.0452308 0.0106800 -0.0006858 0.0677650 -0.0194185 -0.0095599
-0.1599390 0.3448682 -0.3513696 0.1517752 0.3435463 -0.3379554 -0.0903659 0.4159901 -0.3693971 0.0829338 0.3897353 -0.3429159 -0.3089635 0.6662019 -0.6787610 0.3003985 0.6799584 -0.6688926 -0.1603311 0.7380679 -0.6554005 0.1577582 0.7413612 -0.6523005 -0.0023667 -0.0067986 0.0022187 0.0028217 -0.0084654 0.0035340 0.0013811 -0.0009985 0.0005526 0.0451917 -0.0377638 -0.0017678 -0.0078004 -0.0064086 -0.0026591 0.0100289 -0.0071229 -0.0026185 0.0020800 -0.0000441 -0.0005550 0.0939494 -0.0498997 -0.0248437
-0.1623058 0.3380696 -0.3491509 0.1545969 0.3350809 -0.3344214 -0.0889848 0.4149916 -0.3688445 0.1281256 0.3519715 -0.3446836 -0.3167639 0.6597933 -0.6814201 0.3104274 0.6728355 -0.6715112 -0.1582511 0.7380237 -0.6559555 0.2517076 0.6914615 -0.6771442 -0.0041529 -0.0081741 0.0034125 0.0038260 -0.0189981 0.0054194 -0.0359717 -0.0516271 0.0254218 -0.0021255 -0.0054874 -0.0011687 -0.0121810 -0.0078751 -0.0018059 0.0175989 -0.0183629 -0.0097115 -0.0842174 -0.0329427 -0.0104301 -0.0024546 -0.0060476 -0.0070200
-0.1664587 0.3298955 -0.3457384 0.1584230 0.3160828 -0.3290020 -0.1249565 0.3633645 -0.3434228 0.1260001 0.3464841 -0.3458524 -0.3289450 0.6519183 -0.6832260 0.3280263 0.6544726 -0.6812227 -0.2424685 0.7050810 -0.6663856 0.2492530 0.6854139 -0.6841642 -0.0067388 -0.0197406 0.0146623 0.0005125 -0.0131909 0.0032776 -0.0153925 -0.0225461 0.0106796 -0.0510302 0.0218404 0.0054308 -0.0277240 -0.0132104 0.0014346 0.0084625 -0.0132076 -0.0083819 -0.0401734 -0.0187237 -0.0037093 -0.1014183 0.0408931 0.0128796
-0.1731975 0.3101549 -0.3310762 0.1589354 0.3028919 -0.3257245 -0.1403491 0.3408184 -0.3327432 0.0749699 0.3683245 -0.3404216 -0.3566689 0.6387079 -0.6817914 0.3364888 0.6412649 -0.6896047 -0.2826420 0.6863573 -0.6700949 0.1478347 0.7263070 -0.6712846 -0.0076098 -0.0145287 0.0041793 -0.0043317 -0.0063317 0.0061384 -0.0275711 -0.0383144 0.0166332 0.0582953 -0.0634479 0.0147812 -0.0228672 -0.0181532 -0.0044041 -0.0022723 -0.0001725 -0.0012642 -0.0756653 -0.0408755 -0.0044191 0.1384091 -0.0714544 -0.0281670
-0.1808073 0.2956262 -0.3268969 0.1546038 0.2965602 -0.3195861 -0.1679201 0.3025040 -0.3161099 0.1332652 0.3048766 -0.3256403 -0.3795361 0.6205546 -0.6861955 0.3342165 0.6410925 -0.6908689 -0.3583073 0.6454818 -0.6745140 0.2862438 0.6548526 -0.6994516 -0.0117456 -0.0211075 0.0072216 0.0042541 -0.0175717 0.0195298 -0.0053594 -0.0102710 0.0058721 0.0002175 -0.0023063 0.0029363 -0.0360925 -0.0280014 -0.0038288 0.0272874 -0.0062142 0.0080478 -0.0183220 -0.0103029 0.0002009 0.0026390 -0.0000310 0.0010567
-0.1925529 0.2745187 -0.3196752 0.1588579 0.2789885 -0.3000563 -0.1732795 0.2922330 -0.3102379 0.1334827 0.3025703 -0.3227040 -0.4156286 0.5925532 -0.6900243 0.3615039 0.6348783 -0.6828210 -0.3766293 0.6351789 -0.6743131 0.2888828 0.6548216 -0.6983949 -0.0686095 -0.0659756 0.0400552 0.0208724 -0.0147895 -0.0128763 -0.0094919 -0.0106939 0.0119134 0.0297003 -0.0389069 0.0343459 -0.1837030 -0.1139757 0.0483350 0.0403543 -0.0441570 -0.0168635 -0.0303673 -0.0082459 0.0100024 0.0964960 -0.0321446 0.0173981
-0.2611624 0.2085431 -0.2796200 0.1797303 0.2641990 -0.3129326 -0.1827714 0.2815391 -0.2983244 0.1631830 0.2636634 -0.2883581 -0.5993316 0.4785775 -0.6416893 0.4018582 0.5907213 -0.6996845 -0.4069966 0.6269330 -0.6643107 0.3853788 0.6226769 -0.6809968 -0.0012122 -0.0040562 0.0193285 0.0456561 -0.0540936 0.0619389 -0.0156857 -0.0275735 0.0248863 0.0067579 -0.0045752 0.0093090 -0.0218461 0.0055497 0.0254434 0.1652686 -0.0620453 0.0681238 -0.0625326 -0.0260766 0.0173843 0.0221698 -0.0013373 0.0117874
-0.2623746 0.2044869 -0.2602915 0.2253865 0.2101054 -0.2509937 -0.1984572 0.2539656 -0.2734381 0.1699409 0.2590882 -0.2790491 -0.6211778 0.4841273 -0.6162459 0.5671268 0.5286759 -0.6315607 -0.4695292 0.6008565 -0.6469264 0.4075485 0.6213397 -0.6692094 -0.0046224 -0.0116115 0.0258420 -0.0005330 -0.0070752 0.0107584 -0.0316293 -0.0350656 0.0205259 0.0344867 -0.0447610 0.0186371 -0.0392229 -0.0070619 0.0363496 0.0144254 -0.0035666 0.0102257 -0.0972110 -0.0616704 0.0239627 0.1107940 -0.0778959 0.0089140
-0.2669970 0.1928754 -0.2344495 0.2248535 0.2030302 -0.2402352 -0.2300865 0.2189000 -0.2529123 0.2044276 0.2143272 -0.2604120 -0.6604006 0.4770653 -0.5798963 0.5815523 0.5251093 -0.6213350 -0.5667403 0.5391861 -0.6229637 0.5183425 0.5434437 -0.6602954 -0.0010955 -0.0063297 0.0089100 -0.0034325 0.0003795 0.0006522 -0.0090303 -0.0097369 0.0086202 0.0048032 -0.0055328 0.0069862 -0.0150412 -0.0070755 0.0116640 -0.0056120 0.0039816 -0.0018468 -0.0299253 -0.0172636 0.0133843 0.0190356 -0.0071865 0.0094091
-0.2680925 0.1865457 -0.2255395 0.2214210 0.2034097 -0.2395831 -0.2391168 0.2091631 -0.2442921 0.2092308 0.2087944 -0.2534258 -0.6754418 0.4699898 -0.5682323 0.5759403 0.5290909 -0.6231818 -0.5966656 0.5219225 -0.6095795 0.5373781 0.5362573 -0.6508863 -0.0311944 -0.0309503 0.0053792 -0.0036063 -0.0028791 0.0044354 -0.0063509 -0.0032476 0.0075673 0.0029991 -0.0079867 0.0057000 -0.0675622 -0.0837117 0.0216664 0.0001556 0.0012905 0.0012420 -0.0195232 -0.0050201 0.0153376 0.0166634 -0.0120344 0.0041804
-0.2992870 0.1555954 -0.2201604 0.2178147 0.2005306 -0.2351477 -0.2454677 0.2059155 -0.2367248 0.2122299 0.2008077 -0.2477258 -0.7430040 0.3862781 -0.5465658 0.5760959 0.5303814 -0.6219398 -0.6161887 0.5169023 -0.5942419 0.5540415 0.5242229 -0.6467058 -0.0070024 -0.0071460 0.0145072 0.0179643 -0.0407983 0.0318943 -0.0169828 -0.0193871 0.0140250 0.0181855 -0.0301498 0.0242863 -0.0272005 -0.0129827 0.0294242 0.0977837 -0.0738507 0.0410215 -0.0541914 -0.0404507 0.0253971 0.0798188 -0.0547524 0.0320363
-0.3062893 0.1484494 -0.2056531 0.2357789 0.1597323 -0.2032534 -0.2624504 0.1865284 -0.2226998 0.2304155 0.1706579 -0.2234394 -0.7702045 0.3732954 -0.5171417 0.6738796 0.4565307 -0.5809183 -0.6703801 0.4764516 -0.5688447 0.6338603 0.4694705 -0.6146696 0.0000423 0.0015744 0.0062529 0.0229412 -0.0175372 0.0108609 -0.0009154 0.0017317 0.0043610 0.0083093 -0.0107022 0.0108080 -0.0050303 0.0064753 0.0123792 0.0603319 -0.0530010 0.0349354 -0.0040854 0.0056722 0.0096910 0.0339504 -0.0220091 0.0198526
-0.3062471 0.1500238 -0.1994003 0.2587202 0.1421951 -0.1923925 -0.2633659 0.1882601 -0.2183388 0.2387248 0.1599557 -0.2126314 -0.7752348 0.3797707 -0.5047625 0.7342115 0.4035297 -0.5459829 -0.6744655 0.4821238 -0.5591538 0.6678107 0.4474614 -0.5948169 0.0024706 0.0054685 0.0116099 -0.0169658 0.0069792 0.0125458 -0.0011066 0.0086331 0.0113497 0.0014346 -0.0013632 0.0019378 -0.0046458 0.0194222 0.0226512 -0.0151724 0.0401527 0.0110729 -0.0048824 0.0236340 0.0274626 0.0055101 -0.0028249 0.0041077
-0.3037765 0.1554923 -0.1877904 0.2417544 0.1491743 -0.1798467 -0.2644724 0.1968932 -0.2069892 0.2401594 0.1585925 -0.2106936 -0.7798806 0.3991929 -0.4821113 0.7190391 0.4436824 -0.5349100 -0.6793479 0.5057578 -0.5316912 0.6733208 0.4446365 -0.5907093 0.0049057 0.0059245 0.0123961 0.0014842 -0.0008118 0.0115749 -0.0033471 0.0012086 0.0068023 0.0054372 -0.0059484 0.0120152 -0.0019192 0.0230484 0.0233070 0.0160527 0.0046842 0.0263754 -0.0097597 0.0039641 0.0166045 0.0266971 -0.0095587 0.0244212
-0.2988708 0.1614168 -0.1753943 0.2432386 0.1483625 -0.1682718 -0.2678195 0.1981018 -0.2001868 0.2455966 0.1526441 -0.1986784 -0.7817997 0.4222414 -0.4588043 0.7350918 0.4483666 -0.5085345 -0.6891076 0.5097218 -0.5150867 0.7000179 0.4350778 -0.5662881 0.0094981 0.0164257 0.0077515 -0.0007448 0.0026468 -0.0008900 -0.0080855 -0.0033974 0.0095886 -0.0002103 0.0011922 0.0041207 0.0178248 0.0472819 0.0162094 -0.0046848 0.0064832 -0.0009919 -0.0224202 -0.0076012 0.0235553 0.0032918 0.0058375 0.0086600
-0.2893727 0.1778425 -0.1676427 0.2424938 0.1510093 -0.1691618 -0.2759050 0.1947044 -0.1905983 0.2453863 0.1538363 -0.1945576 -0.7639749 0.4695233 -0.4425949 0.7304070 0.4548499 -0.5095264 -0.7115278 0.5021206 -0.4915314 0.7033098 0.4409153 -0.5576281 0.0000000 0.0000000 0.0000000 0.0000000 0.0000000 0.0000000 0.0000000 0.0000000 0.0000000 0.0000000 0.0000000 0.0000000 0.0000000 0.0000000 0.0000000 0.0000000 0.0000000 0.0000000 0.0000000 0.0000000 0.0000000 0.0000000 0.0000000 0.0000000
