-0.2781335 0.1059372 -0.2279833 0.2304376 0.0726696 -0.2465208 -0.2796668 0.1101846 -0.2756509 0.2274413 0.0603153 -0.3051746 -0.7418679 0.2825673 -0.6081018 0.6675710 0.2105217 -0.7141635 -0.6857183 0.2701630 -0.6758715 0.5902114 0.1565184 -0.7919296 -0.0092482 -0.0123097 0.0120294 0.0186478 -0.0459602 -0.0177718 -0.0107070 -0.0146839 0.0140541 0.0043832 -0.0098863 0.0044325 -0.0317646 -0.0305218 0.0267534 0.0164419 -0.1371752 -0.0116096 -0.0360104 -0.0327945 0.0256686 0.0149869 -0.0248691 0.0068159
-0.2873818 0.0936275 -0.2159539 0.2490854 0.0267093 -0.2642926 -0.2903738 0.0955007 -0.2615968 0.2318245 0.0504290 -0.3007421 -0.7736324 0.2520454 -0.5813484 0.6840129 0.0733465 -0.7257732 -0.7217287 0.2373685 -0.6502030 0.6051983 0.1316493 -0.7851137 -0.0091879 -0.0102733 0.0193929 0.0287239 -0.0135325 0.0307682 -0.0104095 -0.0131834 0.0108687 0.0050107 -0.0072306 -0.0026339 -0.0379352 -0.0239453 0.0434560 0.0809645 -0.0370626 0.0827389 -0.0299682 -0.0316469 0.0236007 0.0063198 -0.0201092 0.0017846
-0.2965697 0.0833542 -0.1965611 0.2778093 0.0131769 -0.2335244 -0.3007833 0.0823173 -0.2507281 0.2368352 0.0431984 -0.3033760 -0.8115677 0.2281001 -0.5378925 0.7649774 0.0362839 -0.6430343 -0.7516969 0.2057216 -0.6266023 0.6115181 0.1115401 -0.7833291 -0.0141822 -0.0111232 -0.0398230 -0.0359888 0.0213236 -0.0427044 -0.0116765 -0.0122833 0.0127139 0.0068958 -0.0115064 0.0143491 0.0289476 -0.0461883 -0.0574343 -0.1091767 0.0572790 -0.1060795 -0.0314458 -0.0301900 0.0300486 0.0308907 -0.0280086 0.0215329
-0.3107518 0.0722310 -0.2363840 0.2418204 0.0345004 -0.2762288 -0.3124598 0.0700339 -0.2380142 0.2437310 0.0316920 -0.2890268 -0.7826201 0.1819118 -0.5953268 0.6558007 0.0935628 -0.7491138 -0.7831426 0.1755316 -0.5965537 0.6424088 0.0835315 -0.7617962 -0.0083045 -0.0107672 0.0231695 -0.0002951 -0.0003307 0.0013758 -0.0053736 -0.0057302 0.0165799 0.0002895 -0.0008341 0.0017195 -0.0383519 -0.0237579 0.0466991 0.0014355 -0.0005805 0.0011868 -0.0262827 -0.0117696 0.0326276 0.0027878 -0.0019425 0.0021485
-0.3190563 0.0614637 -0.2132145 0.2415254 0.0341697 -0.2748530 -0.3178334 0.0643037 -0.2214343 0.2440206 0.0308579 -0.2873073 -0.8209720 0.1581539 -0.5486277 0.6572362 0.0929823 -0.7479270 -0.8094254 0.1637620 -0.5639260 0.6451966 0.0815890 -0.7596477 -0.0004807 0.0034814 -0.0107631 -0.0109230 0.0114361 -0.0038702 -0.0098468 -0.0039610 -0.0835058 0.0002275 -0.0001544 0.0015523 0.0132145 0.0060208 -0.0175652 -0.0247815 0.0320973 -0.0165049 0.0839363 -0.0301624 -0.1112160 0.0023877 -0.0001838 0.0020147
-0.3195371 0.0649451 -0.2239776 0.2306024 0.0456059 -0.2787233 -0.3276802 0.0603427 -0.3049401 0.2442481 0.0307035 -0.2857550 -0.8077575 0.1641747 -0.5661929 0.6324547 0.1250796 -0.7644319 -0.7254891 0.1335996 -0.6751420 0.6475843 0.0814052 -0.7576330 0.0026668 0.0085262 -0.0138935 0.0159838 0.0040023 0.0647592 0.0031492 0.0106756 -0.0170491 0.0000579 0.0002957 0.0009332 0.0214269 0.0181484 -0.0240972 0.1142747 0.0251472 0.1164912 0.0240214 0.0199050 -0.0208317 0.0012627 0.0009248 0.0011812
-0.3168703 0.0734713 -0.2378712 0.2465862 0.0496082 -0.2139640 -0.3245310 0.0710183 -0.3219892 0.2443061 0.0309992 -0.2848218 -0.7863306 0.1823231 -0.5902902 0.7467294 0.1502269 -0.6479407 -0.7014677 0.1535047 -0.6959737 0.6488470 0.0823300 -0.7564518 0.0069474 -0.0005664 0.0591380 0.0027305 -0.0173867 -0.0490418 0.0096621 -0.0002360 0.0914278 -0.0071294 0.0103422 -0.0078560 -0.0624933 0.0173506 0.1007716 -0.0614651 -0.0616640 -0.0749490 -0.0924035 0.0249569 0.1146648 -0.0230099 0.0267573 -0.0158356
-0.3099229 0.0729050 -0.1787332 0.2493167 0.0322214 -0.2630058 -0.3148689 0.0707823 -0.2305614 0.2371767 0.0413414 -0.2926778 -0.8488239 0.1996737 -0.4895186 0.6852643 0.0885628 -0.7228897 -0.7938712 0.1784616 -0.5813089 0.6258371 0.1090873 -0.7722875 0.0076553 0.0121883 -0.0216809 -0.0015900 0.0018157 0.0005146 0.0086688 0.0149451 -0.0146686 -0.0024695 0.0048982 -0.0013096 0.0374144 0.0287513 -0.0484746 -0.0019386 0.0053248 -0.0011622 0.0313330 0.0350276 -0.0293938 -0.0065851 0.0129113 -0.0033692
-0.3022676 0.0850933 -0.2004141 0.2477267 0.0340372 -0.2624912 -0.3062001 0.0857274 -0.2452300 0.2347072 0.0462396 -0.2939873 -0.8114095 0.2284250 -0.5379932 0.6833257 0.0938876 -0.7240519 -0.7625382 0.2134892 -0.6107027 0.6192520 0.1219986 -0.7756567 0.0153519 0.0170442 -0.0121231 -0.0070757 0.0103064 0.0048160 0.0174058 0.0201865 -0.0117986 -0.0352573 0.0487597 -0.0378458 0.0388477 0.0465946 -0.0342939 -0.0061089 0.0308996 -0.0010727 0.0420899 0.0507318 -0.0305004 -0.1189332 0.1163066 -0.0567445
-0.2869158 0.1021374 -0.2125373 0.2406510 0.0443435 -0.2576752 -0.2887943 0.1059139 -0.2570286 0.1994499 0.0949993 -0.3318331 -0.7725618 0.2750196 -0.5722871 0.6772168 0.1247872 -0.7251245 -0.7204483 0.2642210 -0.6412031 0.5003188 0.2383052 -0.8324012 -0.0142585 -0.0161305 -0.0170742 -0.0295063 0.0438079 -0.0252316 0.0175557 0.0149054 -0.0086746 -0.0012273 0.0015293 0.0021447 -0.0029383 -0.0535585 -0.0189443 -0.0969146 0.1174850 -0.0524059 0.0397215 0.0389991 -0.0256316 -0.0005343 0.0050753 0.0011483
-0.3011743 0.0860070 -0.2296114 0.2111447 0.0881515 -0.2829067 -0.2712385 0.1208194 -0.2657031 0.1982226 0.0965287 -0.3296884 -0.7755001 0.2214611 -0.5912314 0.5803022 0.2422722 -0.7775304 -0.6807269 0.3032201 -0.6668347 0.4997845 0.2433805 -0.8312529 0.0012652 0.0199705 -0.0721431 -0.0574551 0.0592095 -0.0672544 0.0384981 0.0440295 -0.0438771 -0.0497404 0.0554122 -0.0287875 0.0914683 0.0202519 -0.0970094 -0.2052807 0.1173067 -0.0769062 0.1278090 0.0884087 -0.0686303 -0.1434546 0.1212493 -0.0290227
-0.2999091 0.1059774 -0.3017545 0.1536896 0.1473609 -0.3501612 -0.2327405 0.1648488 -0.3095803 0.1484823 0.1519408 -0.3584758 -0.6840318 0.2417130 -0.6882408 0.3750215 0.3595789 -0.8544366 -0.5529179 0.3916288 -0.7354650 0.3563299 0.3646298 -0.8602756 0.0750531 0.0747861 -0.0180852 -0.0484967 0.0509957 -0.0328413 0.0297892 0.0350728 -0.0272775 -0.0129065 0.0162720 -0.0029568 0.1620039 0.1779494 -0.0543024 -0.1380802 0.0872091 -0.0082565 0.0928884 0.0615335 -0.0280904 -0.0343598 0.0348480 0.0019326
-0.2248560 0.1807635 -0.3198397 0.1051928 0.1983566 -0.3830025 -0.2029512 0.1999216 -0.3368577 0.1355758 0.1682128 -0.3614326 -0.5220279 0.4196625 -0.7425432 0.2369413 0.4467879 -0.8626931 -0.4600295 0.4531623 -0.7635553 0.3219702 0.3994778 -0.8583430 0.0006913 0.0145890 -0.0018158 -0.0147524 0.0129917 -0.0004328 0.0025214 0.0159899 0.0007477 -0.0871279 0.0816921 -0.0702255 0.0102774 0.0263122 0.0082284 -0.0346448 0.0259546 0.0050273 0.0115855 0.0299206 0.0115388 -0.2252923 0.0992078 -0.0030315
-0.2241646 0.1953525 -0.3216556 0.0904404 0.2113483 -0.3834353 -0.2004298 0.2159115 -0.3361101 0.0484479 0.2499049 -0.4316581 -0.5117504 0.4459746 -0.7343147 0.2022966 0.4727426 -0.8576658 -0.4484440 0.4830829 -0.7520165 0.0966779 0.4986857 -0.8613745 0.0255981 0.0377828 -0.0297211 -0.0137565 0.0155306 0.0062050 0.0216689 0.0283725 -0.0002750 -0.0169494 0.0190201 0.0095101 0.0857307 0.0542118 -0.0195558 -0.0306790 0.0350095 0.0134293 0.0534200 0.0567333 0.0086765 -0.0338718 0.0375349 0.0196364
-0.1985665 0.2331354 -0.3513767 0.0766839 0.2268790 -0.3772304 -0.1787610 0.2442841 -0.3363851 0.0314985 0.2689251 -0.4221480 -0.4260197 0.5001864 -0.7538705 0.1716175 0.5077521 -0.8442365 -0.3950240 0.5398162 -0.7433401 0.0628061 0.5362205 -0.8417380 0.0077705 -0.0038730 0.0259837 -0.0071351 0.0126726 0.0081996 0.0360093 0.0309583 -0.0156579 -0.0021505 0.0095660 0.0168381 -0.0062200 0.0191970 0.0167072 -0.0154781 0.0300492 0.0157498 0.0907252 0.0469081 -0.0070977 -0.0032332 0.0290822 0.0190085
-0.1907960 0.2292623 -0.3253931 0.0695488 0.2395515 -0.3690308 -0.1427517 0.2752423 -0.3520430 0.0293480 0.2784910 -0.4053099 -0.4322397 0.5193834 -0.7371633 0.1561394 0.5378013 -0.8284867 -0.3042988 0.5867243 -0.7504377 0.0595729 0.5653027 -0.8227296 0.0143227 0.0073701 0.0122446 -0.0193282 0.0228828 0.0016653 0.0075101 0.0106271 -0.0037409 -0.0252218 0.0290701 0.0021652 0.0221690 0.0304792 0.0095005 -0.0455845 0.0399183 0.0197731 0.0201889 0.0138181 0.0030219 -0.0514359 0.0412236 0.0277077
-0.1764733 0.2366325 -0.3131485 0.0502206 0.2624344 -0.3673655 -0.1352416 0.2858695 -0.3557840 0.0041262 0.3075612 -0.4031447 -0.4100708 0.5498626 -0.7276628 0.1105549 0.5777196 -0.8087136 -0.2841099 0.6005424 -0.7474158 0.0081371 0.6065263 -0.7950218 0.0507476 0.0589204 -0.0471085 -0.0368032 0.0441132 -0.0118025 0.0543284 0.0684608 -0.0518782 -0.0373478 0.0432814 0.0153201 0.1495762 0.0625018 -0.0187637 -0.0830474 0.0507476 0.0313641 0.1359592 0.0482298 0.0009937 -0.0715341 0.0629889 0.0549338
-0.1257257 0.2955529 -0.3602569 0.0134174 0.3065476 -0.3791680 -0.0809132 0.3543302 -0.4076622 -0.0332216 0.3508426 -0.3878245 -0.2604945 0.6123644 -0.7464265 0.0275075 0.6284672 -0.7773495 -0.1481507 0.6487722 -0.7464221 -0.0633971 0.6695152 -0.7400880 -0.0056426 -0.0073782 0.0139172 -0.0010697 0.0010816 -0.0003058 -0.0056592 -0.0073791 0.0139031 0.0021767 -0.0008001 -0.0056849 -0.0194224 0.0016725 0.0084528 -0.0022392 0.0010691 0.0007895 -0.0146106 0.0035159 0.0061323 0.0045533 -0.0060311 -0.0057849
-0.1313683 0.2881747 -0.3463397 0.0123476 0.3076292 -0.3794738 -0.0865725 0.3469511 -0.3937590 -0.0310449 0.3500425 -0.3935094 -0.2799170 0.6140369 -0.7379737 0.0252683 0.6295363 -0.7765601 -0.1627613 0.6522881 -0.7402898 -0.0588437 0.6634840 -0.7458729 -0.0000852 0.0006925 -0.0003216 0.0000314 0.0010715 -0.0002826 -0.0001525 0.0006920 -0.0003844 -0.0024350 0.0039128 0.0009137 0.0002275 0.0005765 0.0003937 0.0000180 0.0010375 0.0008428 -0.0000539 0.0003674 0.0003358 -0.0043668 0.0047886 0.0046467
-0.1314536 0.2888672 -0.3466613 0.0123790 0.3087007 -0.3797564 -0.0867250 0.3476431 -0.3941435 -0.0334799 0.3539553 -0.3925957 -0.2796894 0.6146133 -0.7375800 0.0252863 0.6305739 -0.7757172 -0.1628152 0.6526555 -0.7399540 -0.0632105 0.6682726 -0.7412261 -0.0034347 0.0009940 0.0011407 -0.0041339 0.0029379 -0.0009757 -0.0040025 0.0009935 0.0006127 -0.0030605 0.0017780 0.0006715 -0.0068539 0.0011394 0.0035899 -0.0085306 0.0027339 0.0019986 -0.0072388 0.0008073 0.0023444 -0.0056619 0.0022234 0.0025166
-0.1348882 0.2898612 -0.3455206 0.0082451 0.3116386 -0.3807321 -0.0907275 0.3486366 -0.3935308 -0.0365405 0.3557333 -0.3919242 -0.2865434 0.6157528 -0.7339901 0.0167557 0.6333078 -0.7737186 -0.1700540 0.6534628 -0.7376097 -0.0688725 0.6704960 -0.7387095 -0.0021701 0.0007712 0.0002902 0.0022464 0.0084905 -0.0018747 -0.0308056 -0.0304906 0.0311410 0.0310109 -0.0145148 0.0048932 -0.0040613 0.0004752 0.0019982 0.0042703 0.0082598 0.0069403 -0.0743287 -0.0137242 0.0089042 0.0581562 -0.0092168 -0.0113538
-0.1370583 0.2906325 -0.3452304 0.0104915 0.3201292 -0.3826068 -0.1215331 0.3181461 -0.3623898 -0.0055296 0.3412186 -0.3870309 -0.2906047 0.6162279 -0.7319918 0.0210259 0.6415676 -0.7667783 -0.2443827 0.6397386 -0.7287054 -0.0107163 0.6612792 -0.7500633 -0.0106447 -0.0081490 0.0057157 0.0461535 -0.0441544 0.0156393 -0.0077893 -0.0052252 0.0045604 0.0100815 -0.0063678 -0.0000382 -0.0265537 -0.0096592 0.0029617 0.1014127 -0.0450461 -0.0264246 -0.0181309 -0.0045357 0.0023419 0.0196098 -0.0070546 -0.0061847
-0.1477030 0.2824834 -0.3395146 0.0566450 0.2759747 -0.3669674 -0.1293224 0.3129208 -0.3578294 0.0045519 0.3348507 -0.3870692 -0.3171584 0.6065687 -0.7290302 0.1224386 0.5965215 -0.7932029 -0.2625136 0.6352029 -0.7263635 0.0088934 0.6542247 -0.7562480 0.0020327 -0.0083187 -0.0039853 0.0252114 -0.0002825 0.0037307 0.0116877 -0.0018824 -0.0044268 0.0494005 -0.0135896 0.0038209 0.0025426 -0.0144332 -0.0128542 0.0542423 -0.0014606 0.0091836 0.0232943 -0.0026822 -0.0103126 0.0983700 -0.0155217 -0.0056924
-0.1456703 0.2741647 -0.3434999 0.0818564 0.2756922 -0.3632368 -0.1176347 0.3110384 -0.3622562 0.0539524 0.3212611 -0.3832483 -0.3146159 0.5921355 -0.7418843 0.1766809 0.5950609 -0.7840193 -0.2392193 0.6325207 -0.7366761 0.1072635 0.6387029 -0.7619404 -0.0236627 -0.0208423 0.0076353 0.0069483 -0.0054395 -0.0023994 -0.0317119 -0.0345043 0.0054563 0.0211547 -0.0252557 0.0056949 -0.0587859 -0.0335261 0.0012585 0.0150130 -0.0116932 -0.0052433 -0.0748770 -0.0509319 -0.0137225 0.0474054 -0.0291360 -0.0155592
-0.1693331 0.2533224 -0.3358646 0.0888047 0.2702527 -0.3656362 -0.1493466 0.2765341 -0.3567999 0.0751071 0.2960054 -0.3775534 -0.3734018 0.5586094 -0.7406259 0.1916940 0.5833677 -0.7892626 -0.3140963 0.5815888 -0.7503986 0.1546689 0.6095670 -0.7774996 -0.0285673 -0.0271456 -0.0004322 0.0301620 -0.0242283 0.0049853 -0.0181264 -0.0164790 0.0040069 0.0086973 -0.0073201 0.0003545 -0.0653854 -0.0571272 -0.0050158 0.0712198 -0.0396593 -0.0077678 -0.0428450 -0.0273242 -0.0015214 0.0190806 -0.0110435 -0.0045367
-0.1979003 0.2261768 -0.3362968 0.1189667 0.2460244 -0.3606509 -0.1674731 0.2600551 -0.3527929 0.0838044 0.2886853 -0.3771989 -0.4387872 0.5014822 -0.7456416 0.2629137 0.5437084 -0.7970304 -0.3569412 0.5542646 -0.7519200 0.1737495 0.5985235 -0.7820363 -0.0221261 -0.0196260 -0.0035487 0.0095125 -0.0088918 -0.0002042 -0.0186161 -0.0137490 0.0001500 0.0382642 -0.0462131 0.0072078 -0.0453199 -0.0470245 -0.0020940 0.0222752 -0.0173384 -0.0039701 -0.0401156 -0.0287235 -0.0005110 0.0922548 -0.0701437 -0.0242245
-0.2200264 0.2065508 -0.3398455 0.1284792 0.2371326 -0.3608551 -0.1860892 0.2463061 -0.3526429 0.1220687 0.2424722 -0.3699910 -0.4841071 0.4544576 -0.7477357 0.2851890 0.5263700 -0.8010005 -0.3970569 0.5255411 -0.7524310 0.2660042 0.5283798 -0.8062608 -0.0049558 -0.0109736 -0.0009867 0.0401845 -0.0279004 -0.0003815 -0.0261838 -0.0309827 0.0077380 0.0219188 -0.0210948 0.0040663 -0.0127543 -0.0225358 -0.0049743 0.0894182 -0.0616591 -0.0013169 -0.0657386 -0.0560953 0.0004729 0.0530700 -0.0378106 -0.0046236
-0.2249822 0.1955771 -0.3408322 0.1686636 0.2092321 -0.3612365 -0.2122730 0.2153233 -0.3449048 0.1439874 0.2213773 -0.3659247 -0.4968614 0.4319218 -0.7527100 0.3746071 0.4647109 -0.8023174 -0.4627955 0.4694457 -0.7519581 0.3190742 0.4905692 -0.8108844 -0.0184898 -0.0037889 0.0055208 0.0116269 -0.0406295 0.0172371 -0.0366229 -0.0332170 0.0224446 0.0267446 -0.0482140 0.0230239 -0.0363522 -0.0118979 0.0183645 0.0512095 -0.0664993 -0.0101527 -0.0950196 -0.0613167 0.0292736 0.0870670 -0.0786444 -0.0048161
-0.2434720 0.1917882 -0.3353114 0.1802905 0.1686026 -0.3439995 -0.2488959 0.1821063 -0.3224603 0.1707320 0.1731633 -0.3429009 -0.5332136 0.4200239 -0.7343454 0.4258166 0.3982116 -0.8124702 -0.5578151 0.4081290 -0.7226846 0.4061412 0.4119248 -0.8157005 -0.0782330 -0.0808688 0.0982098 0.0174245 -0.0338512 -0.0170354 -0.0239340 -0.0247919 0.0187704 0.0139986 -0.0185297 -0.0008586 -0.2424537 -0.1525848 0.1626666 0.0306706 -0.0870958 -0.0210923 -0.0657875 -0.0485583 0.0285458 0.0339337 -0.0435486 -0.0032214
-0.3217050 0.1109194 -0.2371016 0.1977150 0.1347514 -0.3610349 -0.2728299 0.1573144 -0.3036899 0.1847306 0.1546336 -0.3437594 -0.7756672 0.2674391 -0.5716788 0.4564872 0.3111158 -0.8335624 -0.6236027 0.3595707 -0.6941387 0.4400749 0.3683762 -0.8189219 0.0011724 -0.0033775 0.0055928 0.0026121 -0.0097401 0.0021887 -0.0251216 -0.0252622 0.0265721 0.0363140 -0.0433175 0.0213194 -0.0065787 -0.0049878 0.0066916 0.0098574 -0.0201001 -0.0018012 -0.0728820 -0.0508886 0.0463546 0.1037376 -0.0945171 0.0256570
-0.3205326 0.1075419 -0.2315088 0.2003271 0.1250113 -0.3588461 -0.2979516 0.1320522 -0.2771178 0.2210446 0.1113161 -0.3224400 -0.7822460 0.2624513 -0.5649872 0.4663447 0.2910158 -0.8353637 -0.6964847 0.3086822 -0.6477842 0.5438125 0.2738591 -0.7932649 -0.0013919 -0.0030726 0.0069914 0.0122681 -0.0319499 -0.0056347 -0.0097791 -0.0073812 0.0086609 0.0044736 -0.0083904 0.0050184 -0.0103800 -0.0052324 0.0121920 0.0256693 -0.0756418 -0.0081625 -0.0242333 -0.0166975 0.0190470 0.0161315 -0.0183027 0.0051318
-0.3219246 0.1044693 -0.2245174 0.2125953 0.0930614 -0.3644808 -0.3077307 0.1246710 -0.2684569 0.2255182 0.1029257 -0.3174217 -0.7926260 0.2572189 -0.5527952 0.4920139 0.2153740 -0.8435261 -0.7207180 0.2919847 -0.6287372 0.5599439 0.2555564 -0.7881331 -0.0337239 -0.0449419 0.0235694 0.0096198 0.0010447 0.0043849 -0.0079748 -0.0090715 0.0097086 0.0104411 -0.0140448 0.0134743 -0.0689114 -0.1130174 0.0660106 0.0206170 0.0017205 0.0128159 -0.0234402 -0.0195018 0.0188343 0.0375447 -0.0304951 0.0184872
-0.3556485 0.0595274 -0.2009480 0.2222151 0.0941060 -0.3600960 -0.3157055 0.1155995 -0.2587483 0.2359593 0.0888809 -0.3039473 -0.8615374 0.1442015 -0.4867846 0.5126309 0.2170945 -0.8307102 -0.7441583 0.2724829 -0.6099029 0.5974887 0.2250613 -0.7696458 0.0409284 0.0515660 -0.0095752 0.0210886 -0.0540471 -0.0009807 -0.0036947 -0.0027038 0.0022702 0.0073482 -0.0099128 0.0035699 0.0639734 0.1373314 -0.0467235 0.0438240 -0.1254766 0.0048991 -0.0075424 -0.0067856 0.0062879 0.0191994 -0.0249087 0.0083083
-0.3147201 0.1110934 -0.2105232 0.2433037 0.0400589 -0.3610766 -0.3194002 0.1128957 -0.2564781 0.2433075 0.0789680 -0.3003774 -0.7975640 0.2815330 -0.5335081 0.5564549 0.0916179 -0.8258111 -0.7517007 0.2656973 -0.6036150 0.6166880 0.2001526 -0.7613375 -0.0300433 -0.0298453 0.0076771 0.0267215 -0.0129139 0.1459856 -0.0030761 -0.0016281 0.0029036 0.0034886 -0.0020443 -0.0048033 -0.0470751 -0.0824825 0.0365536 0.2233181 -0.0132293 0.2046757 -0.0069696 -0.0039249 0.0070459 0.0003779 -0.0078198 -0.0017075
-0.3447634 0.0812481 -0.2028461 0.2700251 0.0271449 -0.2150910 -0.3224763 0.1112676 -0.2535744 0.2467962 0.0769237 -0.3051807 -0.8446390 0.1990505 -0.4969545 0.7797730 0.0783886 -0.6211354 -0.7586703 0.2617724 -0.5965691 0.6170659 0.1923328 -0.7630450 0.0253247 0.0277762 -0.0037686 -0.0049386 0.0304914 -0.0370625 -0.0023515 -0.0007154 0.0016920 0.0008254 0.0003746 0.0005107 0.0374633 0.0764382 -0.0251311 -0.0640394 0.0772295 -0.0596790 -0.0044597 -0.0020480 0.0048124 0.0017651 0.0008433 0.0016443
-0.3194388 0.1090243 -0.2066147 0.2650865 0.0576363 -0.2521535 -0.3248278 0.1105522 -0.2518824 0.2476216 0.0772983 -0.3046700 -0.8071757 0.2754887 -0.5220856 0.7157337 0.1556181 -0.6808145 -0.7631299 0.2597244 -0.5917567 0.6188310 0.1931761 -0.7614008 -0.0010880 0.0016379 -0.0030088 -0.0008720 0.0028194 -0.0014034 -0.0007279 0.0016529 0.0001754 -0.0029071 0.0093096 -0.0062280 0.0031546 0.0021003 -0.0037418 -0.0038606 0.0072676 -0.0023437 -0.0001251 0.0033368 0.0016375 -0.0146322 0.0206584 -0.0062049
-0.3205268 0.1106622 -0.2096235 0.2642145 0.0604557 -0.2535568 -0.3255557 0.1122051 -0.2517070 0.2447145 0.0866079 -0.3108980 -0.8040211 0.2775890 -0.5258274 0.7118730 0.1628857 -0.6831581 -0.7632550 0.2630612 -0.5901192 0.6041989 0.2138346 -0.7676057 -0.0228291 -0.0126452 -0.0004180 -0.0252983 0.0399290 -0.0721455 0.0076202 0.0235948 -0.0159654 -0.0119006 0.0182058 -0.0134441 -0.0248042 -0.0409863 0.0188089 -0.1378604 0.0782953 -0.0993642 0.0361023 0.0475277 -0.0220765 -0.0401823 0.0400880 -0.0181479
-0.3433559 0.0980169 -0.2100416 0.2389162 0.1003846 -0.3257023 -0.3179354 0.1357998 -0.2676724 0.2328138 0.1048137 -0.3243421 -0.8288254 0.2366027 -0.5070185 0.5740126 0.2411810 -0.7825223 -0.7271526 0.3105889 -0.6121957 0.5640165 0.2539225 -0.7857536 -0.0006394 0.0051482 -0.0223092 0.0036795 0.0022697 -0.0012318 0.0227880 0.0332710 -0.0314869 -0.0288703 0.0341170 -0.0225901 0.0246121 0.0045831 -0.0361854 0.0037984 0.0033197 0.0038351 0.0755881 0.0626503 -0.0482255 -0.0849862 0.0724032 -0.0291338
-0.3439953 0.1031651 -0.2323508 0.2425957 0.1026544 -0.3269341 -0.2951474 0.1690709 -0.2991593 0.2039436 0.1389308 -0.3469322 -0.8042133 0.2411858 -0.5432039 0.5778110 0.2445007 -0.7786872 -0.6515646 0.3732392 -0.6604211 0.4790303 0.3263258 -0.8148874 0.0010147 0.0072148 -0.0188508 -0.0218758 0.0212971 -0.0479680 0.0281191 0.0290456 -0.0298774 -0.0034336 0.0066742 -0.0034281 0.0233427 0.0101184 -0.0287116 -0.0898852 0.0295078 -0.0500756 0.0807246 0.0502845 -0.0429773 -0.0117889 0.0129725 -0.0015452
-0.3429806 0.1103800 -0.2512016 0.2207199 0.1239515 -0.3749022 -0.2670283 0.1981165 -0.3290366 0.2005100 0.1456050 -0.3503603 -0.7808706 0.2513042 -0.5719155 0.4879258 0.2740085 -0.8287628 -0.5708400 0.4235237 -0.7033984 0.4672414 0.3392983 -0.8164326 0.0827054 0.0890921 -0.0670105 -0.0414253 0.0635119 0.0013586 0.0139235 0.0135748 -0.0049461 -0.0139581 0.0204573 -0.0113312 0.2112617 0.1852377 -0.1244873 -0.0936802 0.1381992 0.0073888 0.0317329 0.0273737 -0.0079770 -0.0428202 0.0385074 -0.0064462
-0.2602752 0.1994721 -0.3182120 0.1792946 0.1874634 -0.3735435 -0.2531048 0.2116913 -0.3339828 0.1865519 0.1660623 -0.3616915 -0.5696088 0.4365420 -0.6964028 0.3942456 0.4122077 -0.8213739 -0.5391072 0.4508974 -0.7113754 0.4244213 0.3778057 -0.8228788 0.0070808 0.0018852 -0.0049691 0.0056532 0.0063694 0.0030417 0.0441189 0.0305085 -0.0159583 -0.0264127 0.0428649 -0.0202191 0.0159031 0.0038020 -0.0103554 0.0102610 0.0117316 0.0110346 0.0983249 0.0599377 -0.0267021 -0.0791773 0.0726201 -0.0004821
-0.2531944 0.2013572 -0.3231811 0.1849478 0.1938327 -0.3705018 -0.2089859 0.2421997 -0.3499411 0.1601392 0.2089271 -0.3819107 -0.5537057 0.4403440 -0.7067582 0.4045067 0.4239393 -0.8103393 -0.4407823 0.5108351 -0.7380776 0.3452440 0.4504258 -0.8233609 0.0275917 0.0070025 -0.0029917 -0.0169216 0.0288423 -0.0277602 0.0160246 0.0107846 -0.0110809 -0.0168977 0.0263601 0.0015569 0.0501220 0.0247504 -0.0213150 -0.0589447 0.0340134 -0.0087250 0.0397981 0.0148801 -0.0121459 -0.0402312 0.0505856 0.0134506
-0.2256027 0.2083597 -0.3261728 0.1680261 0.2226750 -0.3982621 -0.1929613 0.2529843 -0.3610220 0.1432415 0.2352872 -0.3803537 -0.5035837 0.4650944 -0.7280733 0.3455619 0.4579526 -0.8190643 -0.4009841 0.5257153 -0.7502234 0.3050128 0.5010114 -0.8099103 0.0197488 0.0209533 -0.0073441 -0.0289969 0.0221838 0.0185072 0.0334100 0.0254093 -0.0148576 -0.0337608 0.0432591 -0.0107491 0.0502465 0.0399051 -0.0064068 -0.0514799 0.0599860 0.0157864 0.0781441 0.0375933 -0.0103407 -0.0827074 0.0645892 0.0157590
-0.2058540 0.2293131 -0.3335170 0.1390292 0.2448589 -0.3797549 -0.1595513 0.2783937 -0.3758796 0.1094807 0.2785464 -0.3911028 -0.4533372 0.5049995 -0.7344801 0.2940821 0.5179386 -0.8032779 -0.3228400 0.5633086 -0.7605641 0.2223053 0.5656006 -0.7941513 0.0255455 0.0162193 -0.0030534 -0.0200884 0.0170056 0.0004927 0.0389866 0.0338256 -0.0173955 -0.0169930 0.0169357 -0.0030672 0.0561443 0.0358721 -0.0069347 -0.0441974 0.0322166 0.0064800 0.0893743 0.0412840 -0.0009879 -0.0377847 0.0239109 0.0077491
-0.1803085 0.2455324 -0.3365704 0.1189408 0.2618645 -0.3792622 -0.1205647 0.3122193 -0.3932751 0.0924876 0.2954821 -0.3941700 -0.3971929 0.5408715 -0.7414148 0.2498847 0.5501552 -0.7967979 -0.2334657 0.6045926 -0.7615520 0.1845206 0.5895114 -0.7864022 0.0029858 0.0035596 0.0005384 -0.0170450 0.0122059 0.0002389 0.0009450 0.0017037 0.0036097 -0.0064369 0.0109037 -0.0007599 0.0068903 0.0074014 0.0017792 -0.0370263 0.0223725 0.0050256 0.0009624 0.0055758 0.0041639 -0.0148604 0.0145675 0.0077469
-0.1773227 0.2490919 -0.3360320 0.1018958 0.2740703 -0.3790232 -0.1196196 0.3139229 -0.3896654 0.0860508 0.3063857 -0.3949299 -0.3903025 0.5482729 -0.7396355 0.2128584 0.5725277 -0.7917723 -0.2325033 0.6101684 -0.7573881 0.1696602 0.6040790 -0.7786553 0.0440977 0.0471654 -0.0321422 -0.0052408 0.0037900 -0.0003449 0.0021664 0.0037951 0.0061098 -0.0074369 0.0062491 0.0004023 0.1189621 0.0551169 -0.0102279 -0.0115239 0.0062617 0.0015399 0.0029758 0.0107172 0.0078427 -0.0153588 0.0095529 0.0042864
-0.1332250 0.2962574 -0.3681742 0.0966549 0.2778604 -0.3793681 -0.1174533 0.3177181 -0.3835556 0.0786139 0.3126349 -0.3945276 -0.2713404 0.6033898 -0.7498634 0.2013344 0.5787895 -0.7902324 -0.2295275 0.6208856 -0.7495454 0.1543014 0.6136318 -0.7743688 -0.0201776 -0.0193585 0.0262792 -0.0088713 0.0111997 0.0023306 -0.0004567 0.0070116 0.0028430 -0.0166963 0.0197885 0.0025760 -0.0578940 -0.0091062 0.0160843 -0.0196383 0.0195119 0.0098338 0.0001734 0.0107668 0.0089970 -0.0346894 0.0285417 0.0171990
-0.1534026 0.2768989 -0.3418950 0.0877837 0.2890601 -0.3770375 -0.1179099 0.3247297 -0.3807126 0.0619176 0.3324234 -0.3919516 -0.3292344 0.5942836 -0.7337791 0.1816962 0.5983014 -0.7803986 -0.2293541 0.6316524 -0.7405484 0.1196120 0.6421735 -0.7571698 0.0491610 0.0395850 -0.0217653 -0.0013255 0.0015541 0.0032456 0.0413269 0.0445438 -0.0086320 -0.0118090 0.0146118 -0.0019715 0.1178903 0.0473704 -0.0035226 -0.0020624 0.0055065 0.0037727 0.0880698 0.0496025 0.0222653 -0.0245961 0.0158746 0.0102129
-0.1042416 0.3164839 -0.3636603 0.0864582 0.2906142 -0.3737919 -0.0765830 0.3692735 -0.3893446 0.0501086 0.3470352 -0.3939230 -0.2113441 0.6416540 -0.7373017 0.1796338 0.6038079 -0.7766258 -0.1412843 0.6812549 -0.7182831 0.0950159 0.6580482 -0.7469569 -0.0001969 -0.0002759 0.0038372 -0.0016785 -0.0005924 0.0051006 0.0016615 -0.0006388 0.0052024 -0.0077830 0.0082305 0.0002732 -0.0016769 0.0033092 0.0033777 -0.0017830 0.0045995 0.0031858 0.0019350 0.0043829 0.0038024 -0.0154482 0.0098138 0.0069370
-0.1044385 0.3162080 -0.3598231 0.0847797 0.2900218 -0.3686913 -0.0749215 0.3686347 -0.3841422 0.0423256 0.3552657 -0.3936498 -0.2130211 0.6449632 -0.7339240 0.1778507 0.6084075 -0.7734400 -0.1393493 0.6856377 -0.7144807 0.0795677 0.6678619 -0.7400199 0.0023694 -0.0008364 0.0012274 -0.0011122 0.0027762 0.0008488 0.0034299 -0.0010347 0.0021301 -0.0019358 0.0028883 -0.0009470 0.0040054 0.0008506 -0.0004035 -0.0026434 0.0047381 0.0031447 0.0057083 0.0015262 0.0003758 -0.0039917 0.0023025 0.0016650
-0.1020691 0.3153716 -0.3585957 0.0836675 0.2927980 -0.3678424 -0.0714916 0.3676000 -0.3820121 0.0403899 0.3581540 -0.3945968 -0.2090157 0.6458138 -0.7343275 0.1752074 0.6131455 -0.7702954 -0.1336410 0.6871640 -0.7141049 0.0755760 0.6701644 -0.7383549 0.0017240 -0.0020385 -0.0001191 0.0006339 0.0012137 0.0010538 0.0022490 -0.0020944 0.0004566 -0.0112275 0.0051295 0.0008767 0.0028613 -0.0020856 -0.0026353 0.0013103 0.0024814 0.0022817 0.0037036 -0.0012729 -0.0019047 -0.0212201 0.0069614 0.0044979
-0.1003451 0.3133331 -0.3587148 0.0843014 0.2940117 -0.3667886 -0.0692425 0.3655056 -0.3815555 0.0291624 0.3632835 -0.3937201 -0.2061543 0.6437283 -0.7369629 0.1765176 0.6156270 -0.7680137 -0.1299374 0.6858911 -0.7160096 0.0543559 0.6771259 -0.7338569 -0.0001740 -0.0014686 -0.0007538 -0.0006099 0.0007398 -0.0008749 -0.0216626 -0.0316472 0.0132098 -0.0523252 0.0202991 -0.0031007 -0.0005065 -0.0025545 -0.0020821 -0.0016506 0.0002332 -0.0001906 -0.0499392 -0.0252757 -0.0128469 -0.0962876 0.0172747 0.0154910
-0.1005190 0.3118645 -0.3594686 0.0836916 0.2947515 -0.3676635 -0.0909051 0.3338584 -0.3683457 -0.0231628 0.3835826 -0.3968208 -0.2066609 0.6411738 -0.7390450 0.1748670 0.6158602 -0.7682043 -0.1798766 0.6606154 -0.7288564 -0.0419317 0.6944006 -0.7183659 -0.0025879 -0.0025536 -0.0011241 0.0000597 0.0003523 -0.0022589 -0.0011103 -0.0019797 -0.0033964 0.0838863 -0.0414123 0.0041112 -0.0054327 -0.0049140 -0.0027029 -0.0005906 -0.0017840 -0.0015608 -0.0017005 -0.0057083 -0.0047146 0.1577292 -0.0418941 -0.0305174
-0.1031070 0.3093108 -0.3605927 0.0837512 0.2951037 -0.3699224 -0.0920154 0.3318786 -0.3717421 0.0607235 0.3421702 -0.3927096 -0.2120935 0.6362598 -0.7417478 0.1742764 0.6140762 -0.7697650 -0.1815771 0.6549071 -0.7335710 0.1157976 0.6525065 -0.7488833 -0.0142220 -0.0186014 -0.0132392 0.0233201 -0.0182384 -0.0001852 -0.0024319 -0.0066141 -0.0058437 0.0017406 -0.0005017 -0.0006957 -0.0283931 -0.0403990 -0.0244872 0.0514004 -0.0305202 -0.0103198 -0.0046228 -0.0136581 -0.0108276 0.0032288 -0.0014516 -0.0007568
-0.1173290 0.2907095 -0.3738319 0.1070713 0.2768654 -0.3701076 -0.0944473 0.3252646 -0.3775857 0.0624641 0.3416686 -0.3934054 -0.2404866 0.5958608 -0.7662350 0.2256769 0.5835560 -0.7800849 -0.1861999 0.6412490 -0.7443986 0.1190263 0.6510548 -0.7496401 -0.0171759 -0.0090055 0.0088383 0.0009853 -0.0094562 -0.0014778 -0.0239703 -0.0209403 -0.0062174 0.0014293 -0.0168128 -0.0052059 -0.0395684 -0.0093199 0.0062752 0.0040440 -0.0150628 -0.0098796 -0.0487904 -0.0373418 -0.0172283 0.0042785 -0.0241311 -0.0196209
-0.1345049 0.2817039 -0.3649936 0.1080566 0.2674091 -0.3715853 -0.1184176 0.3043242 -0.3838032 0.0638934 0.3248557 -0.3986112 -0.2800551 0.5865409 -0.7599598 0.2297208 0.5684932 -0.7899645 -0.2349903 0.6039073 -0.7616269 0.1233048 0.6269238 -0.7692610 -0.0161879 -0.0187493 0.0013001 0.0170334 -0.0229279 -0.0021824 -0.0126172 -0.0174422 -0.0053674 0.0192746 -0.0260846 -0.0053986 -0.0382518 -0.0311046 -0.0082662 0.0399795 -0.0413797 -0.0158973 -0.0265958 -0.0312020 -0.0152781 0.0399879 -0.0403139 -0.0239756
-0.1506928 0.2629546 -0.3636935 0.1250900 0.2444812 -0.3737678 -0.1310348 0.2868820 -0.3891706 0.0831679 0.2987711 -0.4040098 -0.3183069 0.5554363 -0.7682261 0.2697003 0.5271135 -0.8058617 -0.2615861 0.5727052 -0.7769050 0.1632927 0.5866099 -0.7932366 -0.0319166 -0.0304483 -0.0112821 -0.0247311 0.0251356 -0.0406283 -0.0198804 -0.0260741 -0.0040366 0.0369535 -0.0438257 0.0088421 -0.0641163 -0.0685184 -0.0170532 -0.0707607 0.0073428 -0.0155879 -0.0430551 -0.0462320 -0.0168328 0.0841916 -0.0613498 -0.0209214
-0.1826094 0.2325063 -0.3749756 0.1003589 0.2696168 -0.4143961 -0.1509152 0.2608079 -0.3932072 0.1201214 0.2549454 -0.3951677 -0.3824232 0.4869179 -0.7852792 0.1989396 0.5344563 -0.8214496 -0.3046411 0.5264732 -0.7937378 0.2474843 0.5252601 -0.8141580 -0.0123646 -0.0193491 0.0101560 0.0602993 -0.0439147 0.0156500 -0.0380701 -0.0431263 0.0149246 0.0228588 -0.0243282 -0.0006241 -0.0365665 -0.0288533 0.0012993 0.1319448 -0.0696105 0.0002104 -0.0927180 -0.0687774 -0.0016365 0.0504695 -0.0446812 -0.0106252
-0.1949740 0.2131572 -0.3648197 0.1606583 0.2257021 -0.3987461 -0.1889853 0.2176816 -0.3782827 0.1429802 0.2306172 -0.3957918 -0.4189897 0.4580646 -0.7839799 0.3308845 0.4648458 -0.8212392 -0.3973592 0.4576958 -0.7953743 0.2979538 0.4805790 -0.8247832 -0.0112657 -0.0128065 -0.0020188 0.0093033 -0.0079140 0.0081707 0.0224536 0.0172974 -0.0264420 0.0040352 -0.0030503 -0.0061562 -0.0234934 -0.0282162 -0.0030646 0.0243855 -0.0096042 0.0048212 0.0621095 0.0153471 -0.0193883 0.0053400 -0.0111067 -0.0044385
-0.2062397 0.2003507 -0.3668385 0.1699616 0.2177881 -0.3905754 -0.1665317 0.2349790 -0.4047247 0.1470154 0.2275669 -0.4019480 -0.4424831 0.4298484 -0.7870445 0.3552699 0.4552416 -0.8164180 -0.3352497 0.4730429 -0.8147626 0.3032938 0.4694723 -0.8292217 -0.0357834 -0.0378989 0.0112690 0.0293566 -0.0597677 0.0344279 -0.0715016 -0.0684433 0.0391784 0.0411114 -0.0637348 0.0306582 -0.0839086 -0.0765214 0.0136935 0.1001563 -0.0941774 0.0026492 -0.1745405 -0.1163773 0.0318809 0.1172771 -0.1032137 -0.0008234
-0.2420231 0.1624518 -0.3555695 0.1993182 0.1580204 -0.3561475 -0.2380333 0.1665357 -0.3655463 0.1881267 0.1638321 -0.3712898 -0.5263917 0.3533270 -0.7733510 0.4554262 0.3610642 -0.8137688 -0.5097901 0.3566656 -0.7828817 0.4205709 0.3662585 -0.8300451 -0.0540549 -0.0626458 0.0938928 0.0391309 -0.0575776 -0.0110388 -0.0216602 -0.0251522 0.0345936 0.0045620 -0.0102794 -0.0000144 -0.2000885 -0.1084350 0.1312806 0.0754149 -0.1374558 -0.0036705 -0.0753668 -0.0380917 0.0371592 0.0118382 -0.0216737 -0.0031918
-0.2960780 0.0998061 -0.2616767 0.2384490 0.1004429 -0.3671864 -0.2596935 0.1413836 -0.3309527 0.1926887 0.1535528 -0.3713042 -0.7264802 0.2448920 -0.6420704 0.5308411 0.2236084 -0.8174393 -0.5851569 0.3185739 -0.7457225 0.4324091 0.3445849 -0.8332368 0.0138806 0.0147046 0.0156639 0.0033699 0.0058140 0.0140066 -0.0253503 -0.0236431 0.0217446 0.0343884 -0.0401243 0.0236277 0.0056649 0.0476019 0.0136815 0.0174702 0.0173233 0.0166231 -0.0675387 -0.0489709 0.0376952 0.0950942 -0.0810891 0.0255796
-0.2821974 0.1145106 -0.2460127 0.2418189 0.1062568 -0.3531798 -0.2850437 0.1177404 -0.3092081 0.2270771 0.1134284 -0.3476765 -0.7208153 0.2924939 -0.6283890 0.5483114 0.2409317 -0.8008162 -0.6526956 0.2696031 -0.7080273 0.5275033 0.2634958 -0.8076572 -0.0048700 -0.0072933 0.0068280 0.0100863 -0.0286253 0.0611954 -0.0052969 -0.0079730 0.0060117 0.0130532 -0.0183642 0.0145628 -0.0176559 -0.0166810 0.0130943 0.0920704 -0.0435804 0.0585469 -0.0164365 -0.0166281 0.0092671 0.0421973 -0.0379593 0.0173570
-0.2870674 0.1072173 -0.2391848 0.2519052 0.0776315 -0.2919844 -0.2903406 0.1097674 -0.3031964 0.2401304 0.0950642 -0.3331137 -0.7384712 0.2758129 -0.6152947 0.6403818 0.1973512 -0.7422693 -0.6691321 0.2529750 -0.6987602 0.5697006 0.2255365 -0.7903002 -0.0065592 -0.0051770 0.0119332 -0.0142586 0.0077634 0.0396742 -0.0078592 -0.0075750 0.0076359 0.0044161 -0.0110005 0.0072380 -0.0240742 -0.0108153 0.0251246 0.0253481 0.0418693 0.0354615 -0.0209633 -0.0164809 0.0147727 0.0181368 -0.0234653 0.0069648
-0.2936266 0.1020403 -0.2272516 0.2376466 0.0853949 -0.2523102 -0.2981998 0.1021924 -0.2955605 0.2445465 0.0840637 -0.3258757 -0.7625454 0.2649976 -0.5901701 0.6657299 0.2392206 -0.7068077 -0.6900954 0.2364941 -0.6839875 0.5878374 0.2020712 -0.7833354 -0.0099091 -0.0068374 0.0035098 0.0046241 -0.0074309 0.0042513 -0.0113152 -0.0089363 0.0175625 0.0052418 -0.0091111 0.0075494 -0.0179147 -0.0202092 0.0148783 0.0159613 -0.0198486 0.0088300 -0.0358597 -0.0177658 0.0319544 0.0191609 -0.0199326 0.0097861
-0.3035357 0.0952029 -0.2237418 0.2422707 0.0779640 -0.2480589 -0.3095150 0.0932561 -0.2779980 0.2497882 0.0749526 -0.3183263 -0.7804601 0.2447885 -0.5752918 0.6816912 0.2193720 -0.6979778 -0.7259551 0.2187284 -0.6520331 0.6069983 0.1821386 -0.7735493 -0.0073410 -0.0056677 0.0040740 0.0006010 -0.0008389 0.0049581 -0.0101124 -0.0083084 -0.0058005 0.0003303 -0.0012683 0.0019532 -0.0145331 -0.0158237 0.0135436 0.0079265 -0.0003804 0.0077097 -0.0074762 -0.0238037 0.0008166 0.0030821 -0.0024106 0.0018630
-0.3108767 0.0895351 -0.2196678 0.2428717 0.0771251 -0.2431007 -0.3196274 0.0849477 -0.2837984 0.2501185 0.0736842 -0.3163731 -0.7949932 0.2289648 -0.5617482 0.6896178 0.2189916 -0.6902681 -0.7334313 0.1949247 -0.6512165 0.6100804 0.1797280 -0.7716863 0.0001031 0.0006608 0.0009674 0.0004126 -0.0008657 0.0024319 0.0026159 0.0022742 0.0186954 0.0005189 -0.0011622 0.0013860 -0.0006980 0.0019690 0.0017971 0.0042797 -0.0014838 0.0038304 -0.0171498 0.0115885 0.0235380 0.0026985 -0.0024203 0.0015798
-0.3107736 0.0901960 -0.2187004 0.2432843 0.0762594 -0.2406689 -0.3170116 0.0872218 -0.2651031 0.2506373 0.0725220 -0.3149871 -0.7956911 0.2309339 -0.5599511 0.6938975 0.2175077 -0.6864377 -0.7505811 0.2065132 -0.6276785 0.6127789 0.1773078 -0.7701065 0.0035217 0.0052796 -0.0016425 0.0106904 -0.0164876 -0.0479135 0.0040164 0.0069603 -0.0049925 -0.0010765 0.0003327 -0.0002022 0.0077889 0.0138993 -0.0050859 -0.0410808 -0.0638702 -0.0553345 0.0124093 0.0156072 -0.0093183 -0.0019695 0.0010067 -0.0013310
-0.3072519 0.0954756 -0.2203429 0.2539747 0.0597718 -0.2885824 -0.3129951 0.0941821 -0.2700956 0.2495609 0.0728547 -0.3151893 -0.7879022 0.2448332 -0.5650370 0.6528166 0.1536376 -0.7417722 -0.7381718 0.2221204 -0.6369969 0.6108094 0.1783145 -0.7714375 0.0000000 0.0000000 0.0000000 0.0000000 0.0000000 0.0000000 0.0000000 0.0000000 0.0000000 0.0000000 0.0000000 0.0000000 0.0000000 0.0000000 0.0000000 0.0000000 0.0000000 0.0000000 0.0000000 0.0000000 0.0000000 0.0000000 0.0000000 0.0000000
