-0.1750504 -0.3116335 -0.0314871 0.2123884 0.1578138 -0.1639181 -0.1526986 -0.4060330 -0.0580257 0.1849657 0.1670663 -0.2300046 -0.4878544 -0.8685031 -0.0877525 0.6823490 0.5070150 -0.5266266 -0.3488974 -0.9277353 -0.1325817 0.5453734 0.4925969 -0.6781711 -0.0004861 0.0004669 -0.0017832 0.0708070 -0.0167159 -0.0300615 0.0004305 -0.0006028 -0.0038376 0.0369721 -0.0001040 -0.0055733 -0.0013641 0.0012848 -0.0049714 0.0807166 -0.1268288 0.0039515 0.0017248 0.0006019 -0.0084674 0.0640383 -0.0341406 0.0313055
-0.1755365 -0.3111666 -0.0332703 0.2831953 0.1410979 -0.1939796 -0.1522681 -0.4066358 -0.0618634 0.2219378 0.1669623 -0.2355778 -0.4892185 -0.8672183 -0.0927239 0.7630657 0.3801862 -0.5226751 -0.3471726 -0.9271334 -0.1410491 0.6094117 0.4584564 -0.6468656 0.0006827 -0.0004721 -0.0020194 0.0154971 0.0009810 0.0014483 0.0008622 -0.0006735 -0.0035261 0.0209887 0.0037590 -0.0400011 0.0022681 -0.0006646 -0.0055543 0.0173881 -0.0089482 0.0196102 0.0026235 0.0002337 -0.0077555 -0.0097354 -0.0370222 -0.0334149
-0.1748538 -0.3116387 -0.0352897 0.2986925 0.1420789 -0.1925312 -0.1514059 -0.4073093 -0.0653895 0.2429265 0.1707213 -0.2755789 -0.4869505 -0.8678828 -0.0982782 0.7804537 0.3712380 -0.5030649 -0.3445491 -0.9268997 -0.1488046 0.5996763 0.4214342 -0.6802805 0.0003458 -0.0006693 -0.0012732 0.0186757 0.0001306 -0.0094525 0.0009800 -0.0007244 -0.0022091 0.0099401 0.0076976 -0.0438696 0.0016931 -0.0005573 -0.0033928 0.0086788 -0.0176357 0.0008346 0.0027508 -0.0002365 -0.0047932 -0.0311456 -0.0202874 -0.0379493
-0.1745080 -0.3123080 -0.0365629 0.3173682 0.1422095 -0.2019837 -0.1504258 -0.4080337 -0.0675986 0.2528666 0.1784189 -0.3194485 -0.4852573 -0.8684402 -0.1016710 0.7891325 0.3536023 -0.5022303 -0.3417983 -0.9271363 -0.1535978 0.5685307 0.4011468 -0.7182298 0.0002151 -0.0007170 -0.0022334 0.0052695 0.0085906 -0.0333599 0.0002384 -0.0002838 -0.0024018 0.0108319 0.0001676 -0.0128919 0.0016099 -0.0001767 -0.0059854 -0.0333197 -0.0003372 -0.0490869 0.0009730 0.0005277 -0.0052563 0.0043477 -0.0131721 -0.0037715
-0.1742929 -0.3130250 -0.0387963 0.3226377 0.1508001 -0.2353436 -0.1501874 -0.4083175 -0.0700003 0.2636985 0.1785865 -0.3323404 -0.4836474 -0.8686169 -0.1076564 0.7558128 0.3532651 -0.5513173 -0.3408253 -0.9266086 -0.1588541 0.5728784 0.3879748 -0.7220013 0.0003490 0.0003053 -0.0021657 0.0045175 -0.0021012 -0.0029788 0.0001673 0.0003507 -0.0010640 0.0197447 0.0036626 -0.0098831 0.0007084 0.0003795 -0.0060708 0.0028837 -0.0084217 -0.0013695 0.0002162 0.0003511 -0.0024921 0.0172803 -0.0085128 0.0094556
-0.1739438 -0.3127197 -0.0409620 0.3271552 0.1486989 -0.2383224 -0.1500201 -0.4079668 -0.0710644 0.2834431 0.1822491 -0.3422235 -0.4829390 -0.8682373 -0.1137271 0.7586965 0.3448434 -0.5526868 -0.3406091 -0.9262574 -0.1613462 0.5901587 0.3794620 -0.7125457 -0.0002283 0.0000989 -0.0021708 0.0026379 -0.0001388 -0.0024386 0.0007870 -0.0003250 -0.0019818 0.0067874 0.0020124 -0.0030581 -0.0002611 0.0009434 -0.0059348 0.0003026 -0.0029413 -0.0014101 0.0020618 0.0000147 -0.0043648 0.0055004 -0.0012901 0.0039017
-0.1741721 -0.3126208 -0.0431328 0.3297931 0.1485601 -0.2407610 -0.1492331 -0.4082918 -0.0730461 0.2902305 0.1842615 -0.3452816 -0.4832001 -0.8672939 -0.1196619 0.7589991 0.3419021 -0.5540969 -0.3385473 -0.9262427 -0.1657110 0.5956591 0.3781719 -0.7086439 0.0007580 0.0010603 -0.0014937 -0.0042689 0.0136880 -0.0045122 0.0008062 0.0009291 -0.0012730 0.0052102 0.0035767 -0.0003906 0.0006258 0.0002876 -0.0045241 -0.0169629 0.0279442 -0.0050060 0.0011248 0.0001750 -0.0032405 0.0048381 0.0036180 0.0060491
-0.1734140 -0.3115605 -0.0446265 0.3255242 0.1622481 -0.2452732 -0.1484269 -0.4073627 -0.0743191 0.2954408 0.1878382 -0.3456722 -0.4825742 -0.8670063 -0.1241860 0.7420361 0.3698464 -0.5591029 -0.3374225 -0.9260677 -0.1689515 0.6004972 0.3817900 -0.7025949 0.0002316 0.0001481 -0.0008166 0.0071907 -0.0049973 -0.0036492 0.0004460 -0.0001876 -0.0008988 0.0000511 0.0004300 -0.0015811 0.0004598 0.0000797 -0.0023209 0.0068408 -0.0159053 -0.0011730 0.0011487 -0.0000554 -0.0019747 -0.0014871 -0.0001396 -0.0013440
-0.1731824 -0.3114124 -0.0454431 0.3327150 0.1572508 -0.2489224 -0.1479809 -0.4075503 -0.0752179 0.2954918 0.1882682 -0.3472532 -0.4821144 -0.8669266 -0.1265069 0.7488769 0.3539411 -0.5602759 -0.3362738 -0.9261232 -0.1709263 0.5990101 0.3816503 -0.7039389 0.0006968 -0.0002246 -0.0006004 0.0026022 -0.0003636 0.0033107 -0.0000497 -0.0005717 -0.0005718 -0.0036431 0.0019547 0.0070474 0.0018541 -0.0007799 -0.0016942 0.0058821 -0.0008066 0.0074333 0.0003788 0.0000565 -0.0010477 0.0003552 0.0090076 0.0052632
-0.1724856 -0.3116370 -0.0460434 0.3353171 0.1568872 -0.2456117 -0.1480306 -0.4081220 -0.0757898 0.2918487 0.1902229 -0.3402059 -0.4802603 -0.8677065 -0.1282011 0.7547590 0.3531344 -0.5528427 -0.3358951 -0.9260667 -0.1719740 0.5993653 0.3906579 -0.6986757 -0.0001937 0.0005166 0.0000548 0.0051829 -0.0018532 0.0042459 -0.0003764 -0.0003291 0.0015948 -0.0173585 0.0005772 0.0119660 -0.0010244 0.0005643 0.0000233 0.0100076 -0.0049264 0.0107326 -0.0007319 -0.0004102 0.0036798 -0.0134720 0.0166007 -0.0019451
-0.1726793 -0.3111204 -0.0459887 0.3405000 0.1550340 -0.2413658 -0.1484070 -0.4084511 -0.0741950 0.2744902 0.1908001 -0.3282399 -0.4812847 -0.8671421 -0.1281777 0.7647666 0.3482080 -0.5421101 -0.3366269 -0.9264769 -0.1682942 0.5858933 0.4072586 -0.7006208 -0.0003134 0.0002187 0.0010339 -0.0109225 -0.0033514 0.0386710 -0.0000486 -0.0011837 0.0015712 -0.0216677 -0.0071434 0.0344024 -0.0011016 0.0001996 0.0028222 0.0282708 0.0167744 0.0543810 0.0005395 -0.0008924 0.0038816 0.0035191 0.0209055 0.0155890
-0.1729927 -0.3109017 -0.0449548 0.3295775 0.1516826 -0.2026948 -0.1484555 -0.4096348 -0.0726238 0.2528226 0.1836567 -0.2938376 -0.4823863 -0.8669426 -0.1253555 0.7930373 0.3649824 -0.4877291 -0.3360874 -0.9273693 -0.1644125 0.5894124 0.4281641 -0.6850318 -0.0016881 -0.0004133 0.0046221 -0.0187917 -0.0049987 0.0071313 -0.0016477 -0.0003257 0.0042798 -0.0200111 -0.0053446 0.0207117 -0.0038577 0.0003619 0.0130849 -0.0070536 0.0059842 -0.0068550 -0.0035948 -0.0003676 0.0097506 -0.0084613 0.0167909 0.0034814
-0.1746808 -0.3113150 -0.0403327 0.3107858 0.1466839 -0.1955635 -0.1501032 -0.4099605 -0.0683440 0.2328115 0.1783121 -0.2731258 -0.4862440 -0.8665807 -0.1122706 0.7859837 0.3709666 -0.4945841 -0.3396822 -0.9277369 -0.1546619 0.5809511 0.4449549 -0.6815504 -0.0004707 0.0004841 0.0030269 -0.0305781 0.0028143 0.0116155 -0.0006186 0.0001630 0.0016368 -0.0325235 -0.0105727 0.0332672 -0.0020136 0.0000995 0.0082758 -0.0225145 0.0363644 -0.0066107 -0.0015472 -0.0000317 0.0036389 -0.0162194 0.0280030 0.0052450
-0.1751516 -0.3108309 -0.0373058 0.2802077 0.1494982 -0.1839480 -0.1507218 -0.4097975 -0.0667072 0.2002879 0.1677394 -0.2398587 -0.4882576 -0.8664812 -0.1039948 0.7634692 0.4073310 -0.5011948 -0.3412294 -0.9277686 -0.1510230 0.5647317 0.4729579 -0.6763054 0.0003823 0.0004760 0.0027028 0.0366907 -0.0051764 -0.0077367 -0.0019311 0.0080264 0.0059810 -0.0545324 -0.0073225 -0.0006026 -0.0001194 -0.0007777 0.0072997 0.0337844 -0.0442460 0.0189542 -0.0104544 0.0021628 0.0111212 -0.1144912 0.0225719 -0.0664825
-0.1747692 -0.3103549 -0.0346030 0.3168984 0.1443218 -0.1916847 -0.1526529 -0.4017711 -0.0607262 0.1457555 0.1604169 -0.2404613 -0.4883769 -0.8672589 -0.0966951 0.7972536 0.3630850 -0.4822406 -0.3516838 -0.9256058 -0.1399018 0.4502404 0.4955298 -0.7427879 0.0002369 -0.0000803 0.0036582 -0.1392111 0.0067797 0.0602222 0.0017256 -0.0104111 0.0018634 -0.0040986 -0.0006979 0.0512617 0.0001420 -0.0011495 0.0101303 -0.1336072 0.2012658 -0.0087600 0.0108939 -0.0050913 0.0069910 0.0463481 0.0643768 0.0795349
-0.1745323 -0.3104352 -0.0309448 0.1776873 0.1511015 -0.1314624 -0.1509272 -0.4121822 -0.0588628 0.1416569 0.1597190 -0.1891996 -0.4882350 -0.8684084 -0.0865648 0.6636464 0.5643509 -0.4910006 -0.3407899 -0.9306971 -0.1329107 0.4965885 0.5599066 -0.6632529 -0.0004189 0.0004172 0.0026378 -0.0696436 0.0163763 -0.0283326 -0.0007214 0.0010540 0.0027137 -0.0338982 0.0078313 0.0291237 -0.0016872 0.0002537 0.0072955 -0.2406986 0.0912579 -0.1345331 -0.0024713 0.0000958 0.0058156 -0.0749263 0.0957216 0.0368723
-0.1749512 -0.3100180 -0.0283071 0.1080437 0.1674778 -0.1597950 -0.1516486 -0.4111282 -0.0561491 0.1077587 0.1675503 -0.1600759 -0.4899222 -0.8681547 -0.0792693 0.4229478 0.6556087 -0.6255336 -0.3432612 -0.9306012 -0.1270951 0.4216622 0.6556282 -0.6263806 0.0010305 0.0036431 -0.0123802 0.1046673 -0.0144140 -0.0181329 0.0036028 0.0031491 -0.0105237 0.0316440 -0.0078670 0.0056750 -0.0004926 0.0042504 -0.0354590 0.2485868 -0.1723820 0.0638103 0.0061047 0.0014778 -0.0247442 0.1099158 -0.0467151 0.0376109
-0.1739206 -0.3063749 -0.0406872 0.2127110 0.1530638 -0.1779279 -0.1480458 -0.4079791 -0.0666728 0.1394027 0.1596833 -0.1544008 -0.4904148 -0.8639043 -0.1147283 0.6715346 0.4832267 -0.5617234 -0.3371565 -0.9291234 -0.1518393 0.5315780 0.6089130 -0.5887697 -0.0001618 0.0008095 0.0020715 -0.0761847 0.0240129 0.0347476 -0.0007460 0.0012291 0.0021022 -0.0676837 0.0211608 0.0324814 -0.0016380 0.0002085 0.0055791 -0.1573330 0.1837008 0.0224606 -0.0026305 0.0002523 0.0043833 -0.2192022 0.1787625 0.0577437
-0.1740825 -0.3055654 -0.0386157 0.1365263 0.1770767 -0.1431803 -0.1487918 -0.4067500 -0.0645706 0.0717190 0.1808441 -0.1219194 -0.4920528 -0.8636958 -0.1091492 0.5142017 0.6669275 -0.5392628 -0.3397870 -0.9288711 -0.1474560 0.3123758 0.7876755 -0.5310260 0.0004116 0.0024638 -0.0027908 0.0320286 0.0194185 -0.0068477 0.0009306 0.0027771 -0.0018312 0.0632577 0.0384094 -0.0841443 -0.0016440 0.0020645 -0.0085576 0.0491222 -0.0102248 0.0378570 0.0000928 0.0007891 -0.0050946 0.0969207 -0.1228223 -0.0938312
-0.1736709 -0.3031016 -0.0414065 0.1685548 0.1964952 -0.1500280 -0.1478611 -0.4039729 -0.0664018 0.1349767 0.2192535 -0.2060637 -0.4936969 -0.8616313 -0.1177068 0.5633238 0.6567028 -0.5014057 -0.3396942 -0.9280820 -0.1525506 0.4092965 0.6648532 -0.6248572 -0.0006936 0.0012678 0.0035211 -0.0053951 -0.0013821 -0.0039120 -0.0016453 0.0015329 0.0030246 -0.0070044 -0.0026494 -0.0034216 -0.0035913 0.0008004 0.0096574 -0.0145202 -0.0004210 -0.0163865 -0.0048173 0.0007290 0.0065089 -0.0183994 -0.0032264 -0.0150251
-0.1743645 -0.3018338 -0.0378854 0.1631598 0.1951131 -0.1539400 -0.1495064 -0.4024400 -0.0633772 0.1279723 0.2166041 -0.2094853 -0.4972881 -0.8608309 -0.1080494 0.5488036 0.6562818 -0.5177922 -0.3445115 -0.9273530 -0.1460417 0.3908971 0.6616268 -0.6398823 -0.0022756 -0.0011987 0.0150673 -0.0690501 -0.0146683 -0.0209753 -0.0051581 -0.0003960 0.0134061 -0.0904080 -0.0438693 0.0787157 -0.0052466 -0.0012855 0.0431327 -0.1981076 0.0161387 -0.1340230 -0.0115381 -0.0000062 0.0310045 -0.2200603 0.1239445 0.0451619
-0.1766401 -0.3030325 -0.0228181 0.0941097 0.1804448 -0.1749154 -0.1546645 -0.4028360 -0.0499711 0.0375643 0.1727348 -0.1307697 -0.5025347 -0.8621164 -0.0649167 0.3506960 0.6724205 -0.6518152 -0.3560496 -0.9273592 -0.1150372 0.1708369 0.7855714 -0.5947204 0.0002372 -0.0007254 0.0006674 0.0099204 -0.0048462 -0.0272591 -0.0001685 -0.0006462 0.0006932 0.0732630 -0.0035428 -0.0770576 0.0013364 -0.0009244 0.0019818 0.0114209 -0.0611818 -0.0519310 0.0000876 -0.0002487 0.0017472 0.2113244 -0.2021535 -0.1219220
-0.1764029 -0.3037579 -0.0221507 0.1040301 0.1755986 -0.2021744 -0.1548330 -0.4034822 -0.0492778 0.1108273 0.1691920 -0.2078273 -0.5011983 -0.8630408 -0.0629349 0.3621169 0.6112387 -0.7037462 -0.3559619 -0.9276079 -0.1132901 0.3821613 0.5834179 -0.7166424 0.0013239 -0.0002236 -0.0013915 0.0776956 -0.0178661 0.0173281 0.0002309 0.0003366 -0.0012446 0.0346027 -0.0046933 -0.0390052 0.0032269 -0.0015636 -0.0040255 0.2367810 -0.0914132 0.0945641 0.0003251 0.0002376 -0.0029284 0.0580590 -0.0854762 -0.0305257
-0.1750790 -0.3039815 -0.0235423 0.1817257 0.1577325 -0.1848463 -0.1546021 -0.4031456 -0.0505224 0.1454300 0.1644987 -0.2468325 -0.4979714 -0.8646044 -0.0669604 0.5988979 0.5198254 -0.6091821 -0.3556368 -0.9273703 -0.1162185 0.4402203 0.4979416 -0.7471681 0.0003538 -0.0003894 -0.0005194 0.0958804 0.0171125 -0.0155122 0.0013741 -0.0003461 -0.0041093 0.0503807 0.0133131 0.0036490 0.0012833 -0.0006253 -0.0014392 0.1232431 -0.0649985 0.0879865 0.0034295 -0.0000890 -0.0093570 0.1047568 -0.0030589 0.0703439
-0.1747252 -0.3043709 -0.0240617 0.2776061 0.1748450 -0.2003585 -0.1532280 -0.4034917 -0.0546317 0.1958107 0.1778118 -0.2431835 -0.4966881 -0.8652297 -0.0683997 0.7221410 0.4548269 -0.5211956 -0.3522073 -0.9274593 -0.1255755 0.5449771 0.4948828 -0.6768242 0.0002042 -0.0038107 -0.0043258 0.0271319 -0.0205505 -0.0022856 0.0025652 -0.0005701 -0.0037797 0.0192672 0.0032921 -0.0249022 0.0054972 -0.0021503 -0.0114970 0.0451503 -0.0663331 0.0109637 0.0059952 -0.0010453 -0.0086495 0.0086436 -0.0287130 -0.0132409
-0.1745210 -0.3081816 -0.0283874 0.3047380 0.1542945 -0.2026441 -0.1506628 -0.4040618 -0.0584113 0.2150780 0.1811039 -0.2680858 -0.4911909 -0.8673800 -0.0798967 0.7672913 0.3884938 -0.5102319 -0.3462122 -0.9285046 -0.1342250 0.5536207 0.4661698 -0.6900651 0.0007492 -0.0015658 -0.0041976 0.0030186 -0.0019721 -0.0193571 0.0007127 0.0007311 -0.0019879 0.0222815 0.0043491 -0.0552212 0.0039626 -0.0011022 -0.0114665 -0.0146497 -0.0159781 -0.0326885 0.0011195 0.0002861 -0.0047767 -0.0164649 -0.0464809 -0.0415938
-0.1737718 -0.3097474 -0.0325850 0.3077566 0.1523224 -0.2220012 -0.1499501 -0.4033307 -0.0603992 0.2373595 0.1854530 -0.3233069 -0.4872283 -0.8684822 -0.0913632 0.7526416 0.3725157 -0.5429204 -0.3450927 -0.9282185 -0.1390017 0.5371558 0.4196890 -0.7316590 0.0005878 -0.0013544 -0.0025990 0.0191542 -0.0036409 -0.0136268 0.0006840 -0.0027008 -0.0017645 0.0306943 -0.0047379 -0.0184096 0.0031925 -0.0010230 -0.0069735 0.0084451 -0.0263678 -0.0056492 0.0035560 -0.0008247 -0.0032354 0.0326803 -0.0355199 0.0052286
-0.1731840 -0.3111018 -0.0351840 0.3269109 0.1486815 -0.2356281 -0.1492661 -0.4060315 -0.0621637 0.2680538 0.1807151 -0.3417166 -0.4840358 -0.8695052 -0.0983367 0.7610867 0.3461479 -0.5485697 -0.3415367 -0.9290432 -0.1422371 0.5698361 0.3841691 -0.7264303 0.0006350 -0.0029061 -0.0012752 -0.0018497 0.0097757 -0.0309041 0.0022774 -0.0025824 -0.0033462 0.0228272 -0.0020134 -0.0217634 0.0049241 -0.0023913 -0.0028986 -0.0374998 0.0065782 -0.0447315 0.0068334 -0.0013985 -0.0069333 0.0134870 -0.0258067 -0.0024802
-0.1725490 -0.3140079 -0.0364592 0.3250612 0.1584572 -0.2665322 -0.1469887 -0.4086139 -0.0655099 0.2908811 0.1787017 -0.3634800 -0.4791117 -0.8718965 -0.1012352 0.7235869 0.3527261 -0.5933012 -0.3347034 -0.9304417 -0.1491704 0.5833231 0.3583624 -0.7289106 0.0005455 -0.0011566 -0.0023558 0.0039934 0.0004517 -0.0075939 0.0006638 0.0001663 -0.0015919 0.0136535 0.0042616 -0.0128948 0.0028294 -0.0008024 -0.0062447 -0.0032532 -0.0048585 -0.0067884 0.0014084 0.0000904 -0.0036722 0.0050741 -0.0048554 0.0017094
-0.1720035 -0.3151645 -0.0388151 0.3290546 0.1589089 -0.2741261 -0.1463249 -0.4084476 -0.0671017 0.3045345 0.1829633 -0.3763748 -0.4762822 -0.8726989 -0.1074799 0.7203337 0.3478676 -0.6000896 -0.3332950 -0.9303513 -0.1528426 0.5883971 0.3535070 -0.7272012 0.0001797 -0.0011575 -0.0015756 0.0079243 -0.0007802 0.0009999 0.0004598 -0.0005342 -0.0010134 0.0096962 -0.0007531 -0.0007762 0.0019393 -0.0005512 -0.0040241 0.0095482 -0.0053676 0.0085101 0.0014253 -0.0001568 -0.0021318 0.0117079 -0.0055293 0.0069335
-0.1718237 -0.3163220 -0.0403907 0.3369789 0.1581287 -0.2731261 -0.1458651 -0.4089818 -0.0681152 0.3142307 0.1822102 -0.3771510 -0.4743429 -0.8732501 -0.1115040 0.7298818 0.3425000 -0.5915795 -0.3318697 -0.9305082 -0.1549744 0.6001050 0.3479777 -0.7202677 0.0003993 -0.0015154 -0.0014683 0.0023741 -0.0014346 -0.0010823 0.0001617 -0.0013610 -0.0013592 0.0016657 -0.0000589 -0.0004067 0.0027968 -0.0010418 -0.0036398 0.0021495 -0.0044891 0.0000739 0.0014395 -0.0000788 -0.0025816 0.0017177 -0.0009563 0.0009724
-0.1714244 -0.3178374 -0.0418590 0.3393530 0.1566941 -0.2742085 -0.1457034 -0.4103428 -0.0694744 0.3158964 0.1821513 -0.3775577 -0.4715461 -0.8742918 -0.1151438 0.7320313 0.3380108 -0.5915056 -0.3304302 -0.9305869 -0.1575560 0.6018227 0.3470213 -0.7192953 0.0000045 -0.0000569 -0.0011780 0.0008587 0.0001686 0.0015613 0.0001890 0.0002933 -0.0013753 0.0010330 0.0001143 0.0027358 0.0002524 0.0002886 -0.0031802 0.0022238 0.0005350 0.0030702 0.0003415 0.0004195 -0.0031615 0.0034671 0.0010799 0.0034392
-0.1714199 -0.3178943 -0.0430370 0.3402117 0.1568627 -0.2726471 -0.1455143 -0.4100495 -0.0708498 0.3169294 0.1822656 -0.3748218 -0.4712937 -0.8740033 -0.1183239 0.7342551 0.3385458 -0.5884353 -0.3300886 -0.9301674 -0.1607175 0.6052898 0.3481012 -0.7158560 -0.0005553 -0.0001662 -0.0001108 -0.0038108 -0.0019565 0.0152974 -0.0001223 -0.0000526 -0.0001517 -0.0072247 -0.0044494 0.0185587 -0.0009809 0.0005524 -0.0001677 0.0116644 0.0049359 0.0178002 -0.0001923 0.0001206 -0.0003026 0.0086685 0.0044014 0.0096003
-0.1719752 -0.3180605 -0.0431478 0.3364009 0.1549062 -0.2573497 -0.1456366 -0.4101021 -0.0710015 0.3097047 0.1778162 -0.3562632 -0.4722745 -0.8734509 -0.1184916 0.7459195 0.3434817 -0.5706351 -0.3302809 -0.9300468 -0.1610201 0.6139583 0.3525026 -0.7062557 -0.0002201 -0.0012216 0.0008575 -0.0065438 -0.0120010 0.0077149 -0.0007943 -0.0010209 0.0007009 -0.0242325 -0.0032771 0.0192445 0.0007821 -0.0007836 0.0026953 0.0077662 -0.0169597 0.0002482 -0.0009750 0.0000050 0.0019863 -0.0128508 0.0150175 -0.0033912
-0.1721953 -0.3192821 -0.0422904 0.3298571 0.1429052 -0.2496348 -0.1464310 -0.4111230 -0.0703006 0.2854722 0.1745391 -0.3370187 -0.4714925 -0.8742346 -0.1157964 0.7536857 0.3265220 -0.5703869 -0.3312559 -0.9300418 -0.1590338 0.6011075 0.3675201 -0.7096469 -0.0002782 -0.0009163 0.0013579 -0.0046598 -0.0085309 0.0468361 -0.0015408 -0.0009035 0.0022521 -0.0308569 -0.0025002 0.0315951 0.0002421 -0.0006454 0.0039563 0.0470475 0.0043478 0.0710358 -0.0027294 0.0000615 0.0054423 -0.0134276 0.0295646 0.0046958
-0.1724735 -0.3201984 -0.0409325 0.3251973 0.1343743 -0.2027987 -0.1479717 -0.4120265 -0.0680485 0.2546152 0.1720389 -0.3054236 -0.4712504 -0.8748799 -0.1118401 0.8007332 0.3308698 -0.4993511 -0.3339853 -0.9299804 -0.1535915 0.5876799 0.3970847 -0.7049511 -0.0014334 0.0013131 0.0032818 -0.0098063 0.0021790 0.0006314 -0.0025678 -0.0015049 0.0032386 -0.0251959 0.0026821 0.0308702 -0.0049853 0.0016279 0.0087355 -0.0097549 0.0115962 -0.0076700 -0.0044377 0.0003341 0.0078945 -0.0114970 0.0417241 0.0154150
-0.1739069 -0.3188853 -0.0376507 0.3153910 0.1365533 -0.2021672 -0.1505396 -0.4135314 -0.0648099 0.2294194 0.1747210 -0.2745534 -0.4762357 -0.8732520 -0.1031045 0.7909782 0.3424660 -0.5070212 -0.3384230 -0.9296463 -0.1456970 0.5761829 0.4388088 -0.6895362 -0.0006238 0.0015181 0.0020177 -0.0354080 -0.0018311 0.0071857 -0.0010600 -0.0003268 0.0020496 -0.0335742 -0.0001373 0.0202887 -0.0033227 0.0012213 0.0051956 -0.0277116 0.0248026 -0.0245217 -0.0020999 0.0000383 0.0047249 -0.0401442 0.0390360 -0.0063998
-0.1745307 -0.3173672 -0.0356330 0.2799829 0.1347222 -0.1949816 -0.1515996 -0.4138582 -0.0627603 0.1958452 0.1745837 -0.2542647 -0.4795584 -0.8720307 -0.0979089 0.7632666 0.3672687 -0.5315429 -0.3405229 -0.9296080 -0.1409721 0.5360387 0.4778448 -0.6959359 -0.0002520 -0.0024053 0.0039104 -0.0773404 0.0219622 0.0184267 -0.0018536 0.0000026 0.0033972 -0.0270282 -0.0061316 0.0192762 0.0017492 -0.0021419 0.0111878 -0.1119006 0.1363715 -0.0359683 -0.0040345 0.0003537 0.0076807 -0.0318149 0.0252890 -0.0059293
-0.1747827 -0.3197725 -0.0317226 0.2026425 0.1566844 -0.1765549 -0.1534532 -0.4138556 -0.0593631 0.1688171 0.1684521 -0.2349886 -0.4778092 -0.8741726 -0.0867212 0.6513660 0.5036401 -0.5675112 -0.3445575 -0.9292543 -0.1332915 0.5042238 0.5031337 -0.7018652 -0.0012565 0.0017854 0.0040030 0.0111493 0.0097327 -0.0065460 -0.0019162 -0.0004984 0.0035811 -0.0679916 0.0125016 0.0142832 -0.0051267 0.0018251 0.0106768 0.0024361 0.0052842 0.0075658 -0.0037830 0.0002667 0.0082274 -0.1711250 0.0946861 -0.0272827
-0.1760392 -0.3179871 -0.0277196 0.2137918 0.1664171 -0.1831009 -0.1553695 -0.4143540 -0.0557820 0.1008255 0.1809537 -0.2207053 -0.4829359 -0.8723475 -0.0760444 0.6538021 0.5089243 -0.5599454 -0.3483405 -0.9289875 -0.1250641 0.3330988 0.5978198 -0.7291479 -0.0017112 0.0013449 0.0032984 -0.0133041 0.0077722 0.0013961 -0.0018929 0.0021079 0.0025733 -0.0174139 0.0141147 0.0399853 -0.0054671 0.0023131 0.0089426 -0.0307784 0.0323760 -0.0047097 -0.0055190 0.0013836 0.0053379 -0.0338014 0.1021242 0.0806886
-0.1777504 -0.3166422 -0.0244212 0.2004877 0.1741893 -0.1817048 -0.1572624 -0.4122461 -0.0532088 0.0834116 0.1950684 -0.1807200 -0.4884030 -0.8700344 -0.0671018 0.6230237 0.5413003 -0.5646552 -0.3538595 -0.9276039 -0.1197262 0.2992974 0.6999440 -0.6484593 -0.0016579 0.0050039 0.0002464 -0.0330103 0.0201040 0.0461367 -0.0011661 0.0054869 0.0005052 -0.0069446 0.0088328 0.0222926 -0.0093964 0.0053400 0.0000246 -0.0457805 0.1283689 0.0973936 -0.0064562 0.0025066 -0.0001380 -0.0153495 0.0572103 0.0601643
-0.1794083 -0.3116383 -0.0241748 0.1674774 0.1942933 -0.1355681 -0.1584284 -0.4067592 -0.0527035 0.0764670 0.2039012 -0.1584275 -0.4977994 -0.8646944 -0.0670773 0.5772432 0.6696692 -0.4672616 -0.3603157 -0.9250974 -0.1198642 0.2839479 0.7571543 -0.5882949 0.0047609 0.0077622 -0.0310412 -0.0336922 0.0318027 0.0338075 0.0092823 0.0075744 -0.0266668 -0.0344511 0.0356391 0.0157256 0.0055736 0.0082506 -0.0885434 -0.1023767 0.1328513 0.1060655 0.0162376 0.0041835 -0.0632421 -0.1349412 0.0923610 0.0822112
-0.1746473 -0.3038761 -0.0552160 0.1337853 0.2260960 -0.1017606 -0.1491462 -0.3991848 -0.0793704 0.0420159 0.2395403 -0.1427019 -0.4922257 -0.8564438 -0.1556207 0.4748666 0.8025205 -0.3611961 -0.3440781 -0.9209138 -0.1831063 0.1490067 0.8495153 -0.5060838 -0.0000164 0.0031476 -0.0002836 0.0172235 -0.0038237 -0.0140500 -0.0001405 0.0028353 -0.0001934 0.0104794 0.0002341 -0.0170845 -0.0037354 0.0025192 -0.0019716 0.0412083 -0.0429014 -0.0345887 -0.0023423 0.0011827 -0.0015218 0.0302309 -0.0308398 -0.0394841
-0.1746637 -0.3007285 -0.0554996 0.1510088 0.2222723 -0.1158107 -0.1492866 -0.3963495 -0.0795637 0.0524953 0.2397744 -0.1597864 -0.4959611 -0.8539246 -0.1575923 0.5160748 0.7596191 -0.3957848 -0.3464204 -0.9197311 -0.1846281 0.1792376 0.8186755 -0.5455679 0.0003427 0.0022444 -0.0014722 0.0045131 -0.0008287 -0.0031863 0.0001684 0.0015921 -0.0008990 0.0020926 0.0009745 -0.0061657 -0.0016394 0.0018998 -0.0050341 0.0100321 -0.0105089 -0.0067639 -0.0007005 0.0008053 -0.0026750 0.0042782 -0.0093154 -0.0123373
-0.1743210 -0.2984841 -0.0569718 0.1555219 0.2214436 -0.1189969 -0.1491182 -0.3947574 -0.0804627 0.0545878 0.2407489 -0.1659521 -0.4976006 -0.8520248 -0.1626263 0.5261069 0.7491102 -0.4025487 -0.3471209 -0.9189258 -0.1873031 0.1835158 0.8093601 -0.5579051 -0.0054533 -0.0000588 0.0312785 -0.0209490 -0.0036352 -0.0276505 -0.0103249 0.0000869 0.0281718 0.0167570 -0.0279408 0.0103726 -0.0168666 -0.0023271 0.0890990 -0.0700084 -0.0109074 -0.0944733 -0.0246623 -0.0013515 0.0653732 0.0777270 -0.0301223 -0.0117795
-0.1797743 -0.2985429 -0.0256932 0.1345729 0.2178084 -0.1466474 -0.1594431 -0.3946705 -0.0522909 0.0713448 0.2128081 -0.1555796 -0.5144672 -0.8543519 -0.0735274 0.4560985 0.7382028 -0.4970219 -0.3717832 -0.9202773 -0.1219299 0.2612427 0.7792379 -0.5696846 -0.0011996 -0.0032702 -0.0018553 -0.0287234 -0.0142575 -0.0354743 -0.0003888 -0.0057132 -0.0000635 0.0058133 -0.0047076 -0.0189949 0.0017780 -0.0006680 -0.0045161 -0.0947458 -0.0433134 -0.1247119 0.0037397 -0.0016827 0.0013738 0.0120044 -0.0422719 -0.0485525
-0.1809739 -0.3018131 -0.0275485 0.1058495 0.2035509 -0.1821218 -0.1598319 -0.4003837 -0.0523545 0.0771581 0.2081005 -0.1745745 -0.5126891 -0.8550199 -0.0780435 0.3613527 0.6948894 -0.6217338 -0.3680435 -0.9219600 -0.1205562 0.2732472 0.7369660 -0.6182371 -0.0000901 -0.0020328 -0.0018610 0.0040601 -0.0152163 0.0522156 0.0012664 -0.0017630 -0.0041433 0.0247304 0.0119674 -0.0494043 0.0025412 -0.0010660 -0.0048178 0.0716653 0.0471052 0.1099337 0.0043239 -0.0004895 -0.0090392 0.0353957 -0.0703311 -0.0602447
-0.1810640 -0.3038459 -0.0294095 0.1099095 0.1883346 -0.1299062 -0.1585655 -0.4021467 -0.0564978 0.1018884 0.2200679 -0.2239788 -0.5101479 -0.8560859 -0.0828613 0.4330180 0.7419946 -0.5118001 -0.3637196 -0.9224495 -0.1295954 0.3086429 0.6666348 -0.6784818 0.0002278 -0.0010663 -0.0016217 0.1859252 -0.0138814 -0.0641191 0.0018796 -0.0004436 -0.0030460 0.0513259 -0.0142241 -0.0196145 0.0019807 -0.0007467 -0.0043395 0.3169578 -0.2997352 0.0199233 0.0044229 -0.0007313 -0.0069446 0.1243942 -0.0848487 -0.0099975
-0.1808362 -0.3049122 -0.0310312 0.2958348 0.1744532 -0.1940252 -0.1566858 -0.4025903 -0.0595438 0.1532144 0.2058438 -0.2435933 -0.5081672 -0.8568326 -0.0872007 0.7499759 0.4422594 -0.4918768 -0.3592967 -0.9231808 -0.1365400 0.4330371 0.5817861 -0.6884793 0.0007509 -0.0014989 -0.0029412 -0.0025889 -0.0028604 0.0056052 0.0012194 0.0060102 -0.0025917 0.0472107 -0.0043105 -0.0068287 0.0037733 -0.0013823 -0.0079513 0.0048220 -0.0005894 0.0068946 -0.0018564 0.0019133 -0.0078026 0.0960542 -0.0497694 0.0274039
-0.1800853 -0.3064111 -0.0339724 0.2932459 0.1715928 -0.1884200 -0.1554664 -0.3965801 -0.0621355 0.2004251 0.2015333 -0.2504220 -0.5043940 -0.8582149 -0.0951521 0.7547979 0.4416700 -0.4849822 -0.3611531 -0.9212674 -0.1443426 0.5290912 0.5320167 -0.6610754 0.0010786 -0.0001207 -0.0022158 0.0089184 -0.0088136 -0.0063328 0.0022601 0.0005963 -0.0034193 0.0204125 -0.0005466 -0.0393361 0.0027102 -0.0008702 -0.0062688 0.0109016 -0.0291792 -0.0085313 0.0045436 -0.0004411 -0.0082456 0.0016631 -0.0489715 -0.0353204
-0.1790068 -0.3065318 -0.0361882 0.3021642 0.1627792 -0.1947528 -0.1532063 -0.3959838 -0.0655548 0.2208376 0.2009867 -0.2897582 -0.5016838 -0.8590851 -0.1014209 0.7656995 0.4124908 -0.4935135 -0.3566094 -0.9217085 -0.1525882 0.5307543 0.4830452 -0.6963958 0.0007796 -0.0006244 -0.0029727 0.0129399 -0.0000600 -0.0157029 0.0018167 -0.0001605 -0.0034488 0.0232473 0.0000332 -0.0432914 0.0028283 -0.0006409 -0.0081897 -0.0015940 -0.0179081 -0.0168268 0.0042648 -0.0002791 -0.0080112 0.0007342 -0.0453296 -0.0288110
-0.1782272 -0.3071562 -0.0391608 0.3151042 0.1627192 -0.2104557 -0.1513896 -0.3961443 -0.0690037 0.2440849 0.2010199 -0.3330496 -0.4988555 -0.8597260 -0.1096107 0.7641056 0.3945827 -0.5103403 -0.3523446 -0.9219876 -0.1605994 0.5314885 0.4377156 -0.7252069 0.0008929 -0.0008957 -0.0007788 0.0127594 -0.0047721 -0.0180584 0.0017239 -0.0002557 -0.0019008 0.0310992 -0.0031354 -0.0232419 0.0030720 -0.0015118 -0.0020508 -0.0011379 -0.0270257 -0.0214324 0.0039646 -0.0007211 -0.0044464 0.0281014 -0.0353153 0.0006842
-0.1773343 -0.3080519 -0.0399396 0.3278635 0.1579471 -0.2285141 -0.1496657 -0.3964000 -0.0709044 0.2751841 0.1978845 -0.3562915 -0.4957834 -0.8612378 -0.1116615 0.7629677 0.3675570 -0.5317726 -0.3483800 -0.9227087 -0.1650458 0.5595899 0.4024003 -0.7245227 0.0011000 -0.0007121 -0.0013400 -0.0000934 0.0031068 -0.0072297 0.0014173 0.0000457 -0.0031547 0.0199869 -0.0031224 -0.0156703 0.0033814 -0.0014544 -0.0036747 -0.0089185 0.0029544 -0.0105659 0.0032981 0.0001035 -0.0073437 0.0155248 -0.0229235 -0.0002121
-0.1762344 -0.3087640 -0.0412797 0.3277702 0.1610539 -0.2357438 -0.1482484 -0.3963543 -0.0740591 0.2951710 0.1947621 -0.3719618 -0.4924020 -0.8626922 -0.1153361 0.7540492 0.3705113 -0.5423386 -0.3450819 -0.9226052 -0.1723895 0.5751147 0.3794768 -0.7247348 0.0011802 -0.0017321 -0.0007398 0.0111889 0.0020738 -0.0464748 0.0013308 -0.0016864 -0.0007332 0.0278902 -0.0059681 -0.0146820 0.0046656 -0.0024128 -0.0017387 -0.0332694 -0.0236283 -0.0577853 0.0040719 -0.0012861 -0.0012106 0.0253074 -0.0285956 0.0061419
-0.1750542 -0.3104961 -0.0420195 0.3389591 0.1631277 -0.2822186 -0.1469176 -0.3980407 -0.0747923 0.3230612 0.1887940 -0.3866438 -0.4877365 -0.8651050 -0.1170749 0.7207798 0.3468830 -0.6001239 -0.3410100 -0.9238913 -0.1736001 0.6004221 0.3508812 -0.7185929 0.0016436 -0.0044827 -0.0020409 0.0128669 -0.0054936 0.0004481 0.0015883 -0.0043322 -0.0024872 0.0118695 -0.0053322 -0.0035613 0.0090306 -0.0044045 -0.0045553 0.0159988 -0.0167725 0.0100524 0.0067180 -0.0016625 -0.0041611 0.0130239 -0.0148597 0.0039086
-0.1734107 -0.3149788 -0.0440604 0.3518260 0.1576341 -0.2817705 -0.1453292 -0.4023729 -0.0772795 0.3349307 0.1834618 -0.3902051 -0.4787059 -0.8695095 -0.1216302 0.7367786 0.3301105 -0.5900715 -0.3342920 -0.9255538 -0.1777612 0.6134460 0.3360215 -0.7146843 0.0010013 -0.0006291 -0.0016466 0.0123610 -0.0055321 0.0015300 0.0008984 -0.0008573 -0.0011286 0.0094321 -0.0006027 -0.0002582 0.0031232 -0.0010793 -0.0044504 0.0156001 -0.0158809 0.0111189 0.0025979 -0.0004885 -0.0023076 0.0106242 -0.0046357 0.0070687
-0.1724094 -0.3156079 -0.0457070 0.3641869 0.1521020 -0.2802405 -0.1444309 -0.4032302 -0.0784081 0.3443628 0.1828591 -0.3904633 -0.4755827 -0.8705888 -0.1260806 0.7523786 0.3142296 -0.5789526 -0.3316941 -0.9260422 -0.1800688 0.6240702 0.3313858 -0.7076156 0.0001361 0.0005234 -0.0003717 -0.0091426 0.0111497 -0.0266547 0.0003057 0.0004331 0.0000166 0.0014739 -0.0005891 0.0000960 -0.0002457 0.0003077 -0.0011916 -0.0378349 0.0143223 -0.0386887 0.0003175 -0.0000804 -0.0001711 0.0019240 -0.0014614 0.0010173
-0.1722732 -0.3150845 -0.0460788 0.3550443 0.1632517 -0.3068952 -0.1441251 -0.4027971 -0.0783915 0.3458367 0.1822700 -0.3903673 -0.4758284 -0.8702811 -0.1272721 0.7145438 0.3285519 -0.6176414 -0.3313766 -0.9261226 -0.1802399 0.6259941 0.3299244 -0.7065984 -0.0000284 0.0001667 0.0004479 0.0042684 -0.0122526 0.0274099 -0.0004328 -0.0004145 0.0017053 -0.0004046 -0.0010591 0.0016540 -0.0003261 0.0000078 0.0011716 0.0346451 -0.0137096 0.0348976 -0.0008243 -0.0004766 0.0040114 0.0012780 -0.0008624 0.0007316
-0.1723016 -0.3149178 -0.0456308 0.3593128 0.1509991 -0.2794853 -0.1445579 -0.4032116 -0.0766862 0.3454320 0.1812109 -0.3887132 -0.4761545 -0.8702733 -0.1261005 0.7491889 0.3148423 -0.5827438 -0.3322009 -0.9265992 -0.1762285 0.6272721 0.3290620 -0.7058667 0.0001950 -0.0007748 0.0011319 -0.0043051 0.0009580 0.0043016 0.0001150 -0.0036708 0.0013436 -0.0147475 0.0005061 0.0123813 0.0011180 -0.0010790 0.0032776 -0.0005133 0.0056201 0.0024088 0.0026369 -0.0017524 0.0043251 -0.0067526 0.0119245 -0.0003087
-0.1721066 -0.3156926 -0.0444990 0.3550076 0.1519571 -0.2751837 -0.1444429 -0.4068824 -0.0753426 0.3306845 0.1817170 -0.3763319 -0.4750365 -0.8713523 -0.1228229 0.7486756 0.3204624 -0.5803349 -0.3295640 -0.9283517 -0.1719034 0.6205196 0.3409865 -0.7061754 -0.0006197 -0.0001372 0.0018030 -0.0105029 -0.0041655 0.0380257 -0.0021189 0.0001679 0.0025444 -0.0244267 -0.0027722 0.0388871 -0.0014508 0.0000962 0.0050406 0.0279576 0.0127113 0.0456985 -0.0047449 0.0006320 0.0058500 0.0050385 0.0245237 0.0169153
-0.1727263 -0.3158298 -0.0426960 0.3445047 0.1477916 -0.2371580 -0.1465618 -0.4067145 -0.0727982 0.3062578 0.1789448 -0.3374447 -0.4764873 -0.8712561 -0.1177823 0.7766333 0.3331736 -0.5346364 -0.3343088 -0.9277197 -0.1660535 0.6255580 0.3655102 -0.6892601 -0.0005248 -0.0004921 0.0020029 0.0095501 0.0042456 0.0063729 -0.0014216 -0.0017111 0.0033243 -0.0317674 0.0086337 0.0133848 -0.0008567 -0.0002783 0.0056642 0.0116517 0.0053294 0.0208052 -0.0020715 -0.0006710 0.0081327 -0.0343264 0.0385197 -0.0087407
-0.1732512 -0.3163219 -0.0406931 0.3540548 0.1520372 -0.2307851 -0.1479834 -0.4084256 -0.0694739 0.2744904 0.1875785 -0.3240599 -0.4773440 -0.8715344 -0.1121181 0.7882849 0.3385031 -0.5138312 -0.3363804 -0.9283907 -0.1579208 0.5912316 0.4040300 -0.6980007 -0.0015435 0.0003605 0.0038681 -0.0142990 -0.0004942 0.0294965 -0.0058097 -0.0017011 0.0081961 -0.0323965 0.0081389 0.0390979 -0.0042354 0.0010244 0.0106610 0.0149486 0.0197672 0.0379549 -0.0113479 0.0010887 0.0193709 -0.0176043 0.0597109 0.0227999
-0.1747947 -0.3159614 -0.0368250 0.3397558 0.1515430 -0.2012886 -0.1537931 -0.4101267 -0.0612778 0.2420939 0.1957174 -0.2849621 -0.4815794 -0.8705100 -0.1014571 0.8032336 0.3582703 -0.4758763 -0.3477283 -0.9273020 -0.1385499 0.5736272 0.4637409 -0.6752008 -0.0012364 -0.0011128 0.0032932 -0.0346368 0.0130361 0.0336286 -0.0010092 -0.0022557 0.0029025 -0.0195662 -0.0033551 0.0521124 -0.0017464 -0.0000758 0.0093894 -0.0109004 0.0691087 0.0404968 -0.0006653 -0.0007938 0.0071721 0.0195358 0.0490142 0.0545239
-0.1760311 -0.3170742 -0.0335318 0.3051190 0.1645791 -0.1676600 -0.1548023 -0.4123824 -0.0583753 0.2225277 0.1923623 -0.2328497 -0.4833258 -0.8705858 -0.0920677 0.7923332 0.4273790 -0.4353795 -0.3483935 -0.9280958 -0.1313777 0.5931630 0.5127551 -0.6206769 -0.0015599 -0.0007667 0.0030744 -0.0100585 -0.0001062 0.0210628 -0.0014626 0.0004898 0.0014990 -0.0172065 -0.0047785 0.0195848 -0.0027434 0.0006505 0.0087054 0.0089330 0.0192635 0.0372803 -0.0034000 0.0008169 0.0033343 -0.0073109 0.0224861 0.0121589
-0.1775910 -0.3178409 -0.0304574 0.2950605 0.1644729 -0.1465972 -0.1562649 -0.4118926 -0.0568763 0.2053212 0.1875838 -0.2132648 -0.4860692 -0.8699353 -0.0833623 0.8012662 0.4466425 -0.3980992 -0.3517936 -0.9272789 -0.1280435 0.5858521 0.5352412 -0.6085180 -0.0007538 -0.0016312 0.0026226 0.0194729 0.0342168 -0.0452621 -0.0012965 -0.0015568 0.0035684 -0.0923178 0.0082270 0.0048064 0.0000350 -0.0007061 0.0075055 -0.0498572 0.0280200 -0.0602457 -0.0017572 -0.0004569 0.0084265 -0.2183814 0.1015072 -0.0693586
-0.1783448 -0.3194721 -0.0278348 0.3145335 0.1986897 -0.1918593 -0.1575614 -0.4134494 -0.0533078 0.1130034 0.1958108 -0.2084584 -0.4860342 -0.8706414 -0.0758568 0.7514090 0.4746625 -0.4583449 -0.3535508 -0.9277358 -0.1196170 0.3674707 0.6367484 -0.6778766 0.0000000 0.0000000 0.0000000 0.0000000 0.0000000 0.0000000 0.0000000 0.0000000 0.0000000 0.0000000 0.0000000 0.0000000 0.0000000 0.0000000 0.0000000 0.0000000 0.0000000 0.0000000 0.0000000 0.0000000 0.0000000 0.0000000 0.0000000 0.0000000
