-0.2309983 -0.2085638 -0.0504714 0.0996507 0.1285656 -0.2765746 -0.2251207 -0.2877357 -0.0565264 0.0707757 0.1812355 -0.3376182 -0.7326584 -0.6615028 -0.1600803 0.3105711 0.4006872 -0.8619718 -0.6089540 -0.7783285 -0.1529045 0.1816306 0.4651018 -0.8664241 -0.0000659 -0.0005204 -0.0001372 -0.0031599 0.0011204 0.0034406 0.0001948 -0.0002926 0.0001806 -0.0177972 0.0118073 0.0152734 0.0007536 -0.0007795 -0.0002244 -0.0065497 0.0079248 0.0013864 0.0006614 -0.0006194 0.0005221 -0.0420093 0.0436488 0.0169073
-0.2310642 -0.2090842 -0.0506086 0.0964908 0.1296860 -0.2731341 -0.2249258 -0.2880283 -0.0563458 0.0529786 0.1930428 -0.3223448 -0.7319048 -0.6622822 -0.1603048 0.3040214 0.4086120 -0.8605854 -0.6082926 -0.7789478 -0.1523824 0.1396213 0.5087506 -0.8495168 0.0001719 -0.0002308 -0.0015069 -0.0087715 0.0039551 0.0142044 0.0007361 -0.0005848 -0.0011446 -0.0219747 0.0102382 0.0431786 0.0011746 -0.0001600 -0.0046308 -0.0157566 0.0305617 0.0096860 0.0022942 -0.0011911 -0.0030176 -0.0502020 0.0775384 0.0443650
-0.2308923 -0.2093150 -0.0521155 0.0877193 0.1336411 -0.2589296 -0.2241897 -0.2886131 -0.0574904 0.0310039 0.2032810 -0.2791662 -0.7307302 -0.6624422 -0.1649356 0.2882648 0.4391737 -0.8508994 -0.6059984 -0.7801389 -0.1553999 0.0894193 0.5862890 -0.8051518 -0.0001143 0.0001762 0.0008821 -0.0310392 0.0204050 0.0274644 0.0002048 -0.0000761 -0.0001213 -0.0300726 0.0096281 0.0310453 -0.0007725 0.0001856 0.0027007 -0.0885174 0.1037032 0.0351877 0.0004787 -0.0003024 -0.0003473 -0.0865708 0.0649124 0.0462521
-0.2310066 -0.2091389 -0.0512333 0.0566801 0.1540460 -0.2314653 -0.2239849 -0.2886893 -0.0576117 0.0009313 0.2129090 -0.2481208 -0.7315026 -0.6622565 -0.1622349 0.1997474 0.5428769 -0.8157117 -0.6055198 -0.7804413 -0.1557472 0.0028485 0.6512013 -0.7588997 -0.0001743 0.0002060 0.0006311 0.0062663 -0.0043942 0.0235861 -0.0000130 -0.0002791 0.0007507 0.0192374 -0.0151752 0.0328005 -0.0008084 0.0004205 0.0019424 0.0388987 0.0244923 0.0275873 0.0001442 -0.0005230 0.0020749 0.0659790 0.0235824 0.0241006
-0.2311809 -0.2089329 -0.0506022 0.0629463 0.1496518 -0.2078792 -0.2239979 -0.2889684 -0.0568610 0.0201687 0.1977338 -0.2153203 -0.7323110 -0.6618360 -0.1602925 0.2386461 0.5673693 -0.7881245 -0.6053755 -0.7809643 -0.1536723 0.0688275 0.6747837 -0.7347991 0.0003616 0.0013496 -0.0054707 -0.0053387 -0.0144802 0.0074676 0.0008467 0.0012129 -0.0061102 -0.0170497 -0.0048216 -0.0003738 0.0006107 0.0037943 -0.0174594 -0.0068292 -0.0234302 -0.0183439 0.0015250 0.0022937 -0.0167288 -0.0580497 -0.0081757 -0.0105315
-0.2308193 -0.2075832 -0.0560729 0.0576077 0.1351717 -0.2004115 -0.2231512 -0.2877554 -0.0629712 0.0031190 0.1929123 -0.2156941 -0.7317003 -0.6580417 -0.1777519 0.2318169 0.5439391 -0.8064684 -0.6038505 -0.7786707 -0.1704011 0.0107778 0.6666080 -0.7453306 0.0003528 0.0006455 -0.0018362 -0.0004804 -0.0019596 0.0017885 0.0000950 0.0008713 -0.0018285 -0.0014762 -0.0011762 0.0007841 0.0003057 0.0013165 -0.0060249 0.0005151 -0.0021763 -0.0013156 -0.0004280 0.0014767 -0.0051468 -0.0050737 -0.0008887 -0.0008499
-0.2304665 -0.2069377 -0.0579091 0.0571273 0.1332121 -0.1986231 -0.2230562 -0.2868841 -0.0647997 0.0016428 0.1917361 -0.2149100 -0.7313947 -0.6567252 -0.1837768 0.2323320 0.5417628 -0.8077840 -0.6042785 -0.7771939 -0.1755479 0.0057041 0.6657193 -0.7461805 0.0002707 0.0014403 -0.0016016 -0.0015784 0.0009511 -0.0004104 0.0003489 0.0012820 -0.0015196 -0.0028959 0.0017870 -0.0014402 -0.0011009 0.0028210 -0.0055896 -0.0068655 0.0027898 -0.0000696 -0.0005887 0.0015059 -0.0045735 -0.0100207 0.0009671 0.0008547
-0.2301957 -0.2054974 -0.0595107 0.0555489 0.1341632 -0.1990334 -0.2227073 -0.2856021 -0.0663193 -0.0012530 0.1935231 -0.2163502 -0.7324955 -0.6539042 -0.1893664 0.2254665 0.5445526 -0.8078535 -0.6048672 -0.7756880 -0.1801215 -0.0043166 0.6666864 -0.7453258 0.0003031 0.0003290 0.0006019 -0.0314280 0.0632330 -0.0183075 -0.0004051 -0.0003362 0.0012226 -0.0357720 0.0667730 -0.0206227 -0.0003197 -0.0000992 0.0015862 -0.1435873 0.1255147 0.0700828 -0.0006267 -0.0003065 0.0034588 -0.1002884 0.0687158 0.0758175
-0.2298927 -0.2051685 -0.0589088 0.0241209 0.1973961 -0.2173409 -0.2231123 -0.2859384 -0.0650967 -0.0370250 0.2602960 -0.2369729 -0.7328152 -0.6540034 -0.1877802 0.0818792 0.6700673 -0.7377707 -0.6054939 -0.7759945 -0.1766627 -0.1046050 0.7354022 -0.6695084 0.0000248 -0.0002465 -0.0002691 0.0348315 -0.0417333 -0.0098988 -0.0002187 -0.0001115 -0.0000122 0.0378150 -0.0394014 -0.0054566 0.0005312 -0.0003815 -0.0007415 0.1274085 -0.1174464 -0.0689565 -0.0002300 0.0001629 0.0000730 0.1070136 -0.0618900 -0.0696639
-0.2298679 -0.2054150 -0.0591780 0.0589524 0.1556628 -0.2272398 -0.2233310 -0.2860499 -0.0651088 0.0007899 0.2208946 -0.2424295 -0.7322841 -0.6543849 -0.1885217 0.2092876 0.5526209 -0.8067272 -0.6057239 -0.7758316 -0.1765897 0.0024086 0.6735121 -0.7391722 -0.0001500 0.0000854 0.0004176 -0.0015171 0.0028297 -0.0026261 -0.0000648 -0.0000196 0.0003531 0.0001197 0.0011611 -0.0021583 -0.0005349 0.0002212 0.0013156 -0.0078000 0.0033836 0.0003392 -0.0001885 -0.0000694 0.0009541 0.0003449 -0.0013340 -0.0012121
-0.2300180 -0.2053296 -0.0587604 0.0574353 0.1584925 -0.2298659 -0.2233958 -0.2860695 -0.0647557 0.0009096 0.2220557 -0.2445878 -0.7328190 -0.6541637 -0.1872060 0.2014876 0.5560046 -0.8063880 -0.6059124 -0.7759009 -0.1756356 0.0027534 0.6721782 -0.7403843 -0.0002189 -0.0006080 0.0002719 -0.0005877 0.0002275 -0.0007401 -0.0000890 -0.0000615 0.0003088 -0.0003891 0.0004375 -0.0006336 0.0004869 -0.0008777 0.0011673 -0.0024847 -0.0003830 -0.0008805 -0.0001632 -0.0000668 0.0008602 -0.0011815 -0.0002263 -0.0002088
-0.2302369 -0.2059376 -0.0584885 0.0568476 0.1587200 -0.2306060 -0.2234848 -0.2861310 -0.0644468 0.0005205 0.2224932 -0.2452214 -0.7323321 -0.6550414 -0.1860388 0.1990029 0.5556216 -0.8072686 -0.6060756 -0.7759677 -0.1747754 0.0015719 0.6719519 -0.7405932 -0.0001043 -0.0001629 0.0001962 0.0243431 -0.0185555 0.0138485 0.0000353 -0.0000102 -0.0001453 0.0471570 -0.0329040 0.0301814 0.0000100 -0.0002126 0.0007106 0.1010416 -0.0376360 0.0062291 0.0001154 -0.0000026 -0.0003883 0.1624830 -0.0195885 0.0006553
-0.2303412 -0.2061005 -0.0582923 0.0811906 0.1401645 -0.2167576 -0.2234495 -0.2861412 -0.0645921 0.0476775 0.1895892 -0.2150400 -0.7323221 -0.6552540 -0.1853282 0.3000445 0.5179855 -0.8010395 -0.6059602 -0.7759703 -0.1751637 0.1640549 0.6523634 -0.7399379 -0.0003099 -0.0006132 0.0009673 -0.0016152 -0.0000290 -0.0004406 0.0000976 0.0000233 0.0003732 -0.0021831 0.0007089 -0.0006734 0.0000656 -0.0010077 0.0033364 -0.0058150 0.0001640 -0.0020483 0.0000306 -0.0002365 0.0009448 -0.0078408 0.0010639 -0.0007577
-0.2306510 -0.2067137 -0.0573250 0.0795755 0.1401355 -0.2171982 -0.2233519 -0.2861179 -0.0642189 0.0454944 0.1902981 -0.2157133 -0.7322565 -0.6562617 -0.1819917 0.2942294 0.5181495 -0.8030878 -0.6059296 -0.7762068 -0.1742189 0.1562141 0.6534273 -0.7406956 -0.0003111 0.0005954 -0.0002395 -0.0162749 -0.0108926 0.0042777 0.0000007 0.0002970 -0.0002226 -0.0369531 0.0040940 -0.0110006 -0.0012638 0.0016439 -0.0008293 -0.0479179 -0.0152465 -0.0254163 -0.0003140 0.0004016 -0.0006950 -0.1276255 -0.0027747 -0.0181416
-0.2309621 -0.2061182 -0.0575645 0.0633005 0.1292430 -0.2129204 -0.2233512 -0.2858208 -0.0644415 0.0085413 0.1943922 -0.2267139 -0.7335203 -0.6546178 -0.1828210 0.2463115 0.5029030 -0.8285042 -0.6062436 -0.7758053 -0.1749140 0.0285886 0.6506526 -0.7588372 0.0004478 0.0003296 -0.0028878 -0.0007248 0.0009134 -0.0006300 0.0004197 0.0001255 -0.0025172 -0.0005709 0.0009135 -0.0012271 0.0014164 0.0010414 -0.0091731 -0.0035805 0.0019727 0.0001431 0.0012991 0.0005454 -0.0067844 -0.0020451 -0.0002295 -0.0002710
-0.2305143 -0.2057887 -0.0604523 0.0625757 0.1301563 -0.2135504 -0.2229315 -0.2856954 -0.0669587 0.0079703 0.1953056 -0.2279410 -0.7321039 -0.6535764 -0.1919941 0.2427310 0.5048758 -0.8283611 -0.6049445 -0.7752599 -0.1816984 0.0265435 0.6504231 -0.7591082 0.0001073 0.0003028 -0.0001592 0.0008239 -0.0009800 0.0026483 -0.0000185 0.0002300 0.0000848 0.0008222 -0.0009799 0.0026546 -0.0002310 0.0004520 -0.0006559 0.0055882 0.0010732 0.0023143 -0.0003500 0.0002404 0.0001402 0.0029968 0.0024498 0.0022169
-0.2304070 -0.2054858 -0.0606115 0.0633996 0.1291764 -0.2109022 -0.2229500 -0.2854653 -0.0668739 0.0087926 0.1943257 -0.2252864 -0.7323349 -0.6531244 -0.1926501 0.2483192 0.5059489 -0.8260468 -0.6052944 -0.7750195 -0.1815581 0.0295403 0.6528729 -0.7568912 0.0010724 0.0014888 -0.0008405 0.0219900 0.0199966 0.0008197 -0.0000814 0.0004669 -0.0005323 0.0542551 -0.0052318 0.0252325 -0.0003018 0.0014315 -0.0036656 0.0662632 0.0436165 0.0520857 -0.0005751 0.0008150 -0.0015523 0.1937118 0.0167090 0.0484996
-0.2293346 -0.2039971 -0.0614520 0.0853896 0.1491729 -0.2100824 -0.2230314 -0.2849985 -0.0674062 0.0630477 0.1890938 -0.2000539 -0.7326367 -0.6516929 -0.1963156 0.3145824 0.5495654 -0.7739611 -0.6058696 -0.7742045 -0.1831104 0.2232520 0.6695819 -0.7083916 -0.0003047 0.0004884 0.0017972 -0.0723178 0.0382814 0.0099549 -0.0005518 0.0004161 0.0019410 -0.1046872 0.0635098 -0.0140561 -0.0020119 0.0006400 0.0054715 -0.2669653 0.1332796 0.0449512 -0.0020565 0.0004206 0.0051096 -0.3480166 0.0872949 0.0668533
-0.2296393 -0.2035087 -0.0596548 0.0130718 0.1874543 -0.2001275 -0.2235832 -0.2845824 -0.0654652 -0.0416395 0.2526036 -0.2141100 -0.7346486 -0.6510529 -0.1908441 0.0476170 0.6828450 -0.7290098 -0.6079261 -0.7737839 -0.1780008 -0.1247645 0.7568768 -0.6415383 -0.0001575 -0.0001454 0.0016413 -0.0024646 0.0004240 -0.0006655 -0.0002928 -0.0000108 0.0013147 -0.0027063 0.0005235 -0.0003401 -0.0007356 -0.0006704 0.0051922 -0.0090718 -0.0001185 -0.0006468 -0.0008709 -0.0001245 0.0035533 -0.0077269 -0.0006119 0.0008281
-0.2297969 -0.2036541 -0.0580135 0.0106072 0.1878783 -0.2007930 -0.2238759 -0.2845932 -0.0641504 -0.0443458 0.2531272 -0.2144502 -0.7353843 -0.6517233 -0.1856520 0.0385452 0.6827264 -0.7296567 -0.6087970 -0.7739084 -0.1744475 -0.1324915 0.7562649 -0.6407101 -0.0002171 0.0002051 0.0020752 -0.0012634 0.0001441 0.0000172 -0.0002098 0.0002010 0.0017631 -0.0012268 0.0000445 0.0005203 -0.0015258 -0.0000789 0.0064389 -0.0045961 0.0004241 0.0001687 -0.0011198 -0.0001506 0.0046415 -0.0037200 0.0004371 0.0012975
-0.2300140 -0.2034490 -0.0559383 0.0093438 0.1880224 -0.2007758 -0.2240857 -0.2843922 -0.0623874 -0.0455726 0.2531716 -0.2139298 -0.7369101 -0.6518022 -0.1792130 0.0339492 0.6831506 -0.7294880 -0.6099168 -0.7740590 -0.1698060 -0.1362115 0.7567020 -0.6394126 0.0000615 0.0003775 -0.0000303 -0.0007029 0.0005397 0.0000381 0.0000604 0.0005387 -0.0004113 -0.0006976 0.0005397 0.0000157 -0.0004781 0.0006130 -0.0002616 -0.0025901 0.0011694 0.0009808 -0.0004728 0.0006588 -0.0012982 -0.0018811 0.0004946 0.0009898
-0.2299524 -0.2030715 -0.0559686 0.0086409 0.1885621 -0.2007377 -0.2240253 -0.2838535 -0.0627987 -0.0462702 0.2537113 -0.2139142 -0.7373883 -0.6511892 -0.1794746 0.0313591 0.6843200 -0.7285072 -0.6103896 -0.7734002 -0.1711042 -0.1380926 0.7571966 -0.6384229 0.0000906 0.0001200 -0.0004823 0.0357125 0.0014988 0.0167877 0.0000896 0.0002469 -0.0005409 0.0357446 0.0014988 0.0166528 0.0001533 0.0002639 -0.0015801 0.1340190 0.0243496 0.0426228 -0.0000098 0.0003513 -0.0015456 0.1054785 0.0335871 0.0271967
-0.2298619 -0.2029515 -0.0564509 0.0443534 0.1900609 -0.1839501 -0.2239358 -0.2836066 -0.0633396 -0.0105256 0.2552101 -0.1972614 -0.7372349 -0.6509254 -0.1810547 0.1653780 0.7086696 -0.6858844 -0.6103995 -0.7730489 -0.1726498 -0.0326141 0.7907837 -0.6112262 -0.0000240 0.0000200 -0.0007332 0.0018367 -0.0008271 0.0012006 -0.0001864 0.0001494 -0.0006031 0.0018717 -0.0008271 0.0010590 0.0002497 0.0003528 -0.0022702 0.0075563 -0.0001837 0.0016758 -0.0003368 0.0006241 -0.0015950 0.0056862 0.0007655 0.0007143
-0.2298859 -0.2029314 -0.0571841 0.0461901 0.1892339 -0.1827495 -0.2241222 -0.2834571 -0.0639427 -0.0086539 0.2543831 -0.1962024 -0.7369852 -0.6505726 -0.1833249 0.1729344 0.7084859 -0.6842086 -0.6107362 -0.7724247 -0.1742448 -0.0269279 0.7915492 -0.6105119 0.0005119 -0.0003816 -0.0017439 -0.0008667 -0.0001712 -0.0002719 0.0000245 0.0004810 -0.0006114 -0.0008619 -0.0001712 -0.0002929 0.0021032 -0.0008137 -0.0054719 -0.0031920 -0.0004194 -0.0012324 -0.0003983 0.0007235 -0.0018000 -0.0026756 -0.0006996 -0.0007823
-0.2293740 -0.2033130 -0.0589279 0.0453234 0.1890627 -0.1830214 -0.2240977 -0.2829761 -0.0645541 -0.0095158 0.2542119 -0.1964953 -0.7348821 -0.6513863 -0.1887969 0.1697424 0.7080665 -0.6854410 -0.6111345 -0.7717012 -0.1760448 -0.0296035 0.7908496 -0.6112942 0.0000997 0.0002832 -0.0006180 0.0004494 -0.0000659 0.0000087 -0.0003255 0.0002273 -0.0006654 0.0004512 -0.0000659 0.0000014 -0.0000109 0.0006146 -0.0020657 0.0016676 -0.0003106 0.0000942 -0.0006517 0.0009172 -0.0017459 0.0013978 -0.0000426 -0.0001212
-0.2292743 -0.2030299 -0.0595459 0.0457728 0.1889967 -0.1830127 -0.2244232 -0.2827488 -0.0652195 -0.0090646 0.2541460 -0.1964939 -0.7348930 -0.6507717 -0.1908625 0.1714100 0.7077559 -0.6853468 -0.6117862 -0.7707840 -0.1777907 -0.0282057 0.7908069 -0.6114154 -0.0003578 0.0002997 0.0014572 -0.0396087 -0.0038717 -0.0142312 -0.0000856 0.0001087 0.0014527 -0.0474521 0.0011952 -0.0169530 -0.0016344 0.0005301 0.0045473 -0.1486292 -0.0235816 -0.0436159 -0.0007125 -0.0003066 0.0038241 -0.1392171 -0.0343951 -0.0208905
-0.2296321 -0.2027302 -0.0580887 0.0061641 0.1851250 -0.1972439 -0.2245089 -0.2826401 -0.0637668 -0.0565168 0.2553412 -0.2134469 -0.7365274 -0.6502416 -0.1863152 0.0227808 0.6841743 -0.7289627 -0.6124988 -0.7710907 -0.1739667 -0.1674229 0.7564118 -0.6323059 -0.0004011 0.0004298 0.0010352 0.0188131 -0.0028830 -0.0180690 -0.0002331 -0.0000455 0.0011856 0.0264602 -0.0079499 -0.0145202 -0.0017002 0.0010149 0.0032176 0.0654189 -0.0406379 -0.0313542 -0.0006802 -0.0001796 0.0032223 0.0784321 -0.0239423 -0.0426527
-0.2300332 -0.2023004 -0.0570536 0.0249771 0.1822420 -0.2153129 -0.2247420 -0.2826856 -0.0625811 -0.0300566 0.2473913 -0.2279671 -0.7382276 -0.6492267 -0.1830975 0.0881997 0.6435363 -0.7603169 -0.6131790 -0.7712703 -0.1707444 -0.0889908 0.7324695 -0.6749586 -0.0000279 0.0003818 -0.0002165 0.0429940 -0.0516060 0.0010069 -0.0001644 0.0002256 -0.0004835 0.0591369 -0.0606964 0.0120882 -0.0005337 0.0008353 -0.0008055 0.1732027 -0.1411382 -0.0638584 -0.0004322 0.0006361 -0.0013145 0.1903555 -0.0817092 -0.0775281
-0.2300611 -0.2019186 -0.0572701 0.0679711 0.1306360 -0.2143060 -0.2249064 -0.2824599 -0.0630646 0.0290803 0.1866949 -0.2158789 -0.7387613 -0.6483914 -0.1839031 0.2614024 0.5023981 -0.8241753 -0.6136112 -0.7706342 -0.1720589 0.1013647 0.6507603 -0.7524867 0.0000882 -0.0005422 -0.0003132 0.0014637 -0.0015988 -0.0026173 0.0002744 -0.0005277 -0.0007249 0.0000965 -0.0008072 -0.0033161 0.0010992 -0.0010228 -0.0008016 0.0038412 -0.0094714 -0.0044797 0.0013568 -0.0006737 -0.0018050 -0.0003655 -0.0072843 -0.0062872
-0.2299729 -0.2024608 -0.0575833 0.0694348 0.1290372 -0.2169234 -0.2246320 -0.2829876 -0.0637895 0.0291767 0.1858877 -0.2191950 -0.7376621 -0.6494142 -0.1847046 0.2652436 0.4929268 -0.8286550 -0.6122544 -0.7713079 -0.1738639 0.1009993 0.6434760 -0.7587739 -0.0004709 -0.0011049 0.0018764 0.0020625 -0.0021030 -0.0066766 -0.0004573 -0.0009219 0.0018573 -0.0259284 0.0096299 -0.0456151 0.0002057 -0.0020284 0.0064335 0.0026645 -0.0172913 -0.0091972 -0.0001220 -0.0010945 0.0053717 -0.0911315 -0.0495297 -0.0456703
-0.2304437 -0.2035657 -0.0557070 0.0714974 0.1269342 -0.2236000 -0.2250893 -0.2839095 -0.0619321 0.0032483 0.1955176 -0.2648101 -0.7374564 -0.6514426 -0.1782711 0.2679081 0.4756354 -0.8378521 -0.6123765 -0.7724024 -0.1684922 0.0098677 0.5939463 -0.8044442 0.0001868 -0.0010268 0.0005549 0.0197003 -0.0055012 -0.0074768 0.0006090 -0.0010671 -0.0002666 0.0093298 -0.0091025 -0.0134863 0.0016201 -0.0023775 0.0020206 0.0619052 -0.0364772 0.0021709 0.0024831 -0.0018540 -0.0004964 0.0276566 -0.0378120 -0.0258007
-0.2302569 -0.2045925 -0.0551521 0.0911977 0.1214330 -0.2310768 -0.2244803 -0.2849766 -0.0621988 0.0125781 0.1864151 -0.2782964 -0.7358363 -0.6538201 -0.1762505 0.3298133 0.4391583 -0.8356813 -0.6098933 -0.7742564 -0.1689886 0.0375243 0.5561343 -0.8302449 0.0000040 -0.0007345 0.0003301 -0.0009527 0.0023112 -0.0100214 -0.0000045 -0.0007474 -0.0001794 0.0153199 -0.0032625 -0.0209782 0.0009988 -0.0014680 0.0012896 -0.0138640 -0.0059275 -0.0084082 0.0010004 -0.0007420 -0.0002062 0.0417363 -0.0357818 -0.0200204
-0.2302529 -0.2053270 -0.0548220 0.0902449 0.1237442 -0.2410982 -0.2244848 -0.2857240 -0.0623782 0.0278980 0.1831526 -0.2992746 -0.7348375 -0.6552881 -0.1749610 0.3159493 0.4332308 -0.8440895 -0.6088930 -0.7749984 -0.1691947 0.0792606 0.5203525 -0.8502653 -0.0002051 -0.0008752 0.0011785 0.0001335 0.0018534 -0.0127335 -0.0004324 -0.0003589 0.0010594 0.0121938 -0.0085356 -0.0096700 0.0005666 -0.0017005 0.0040453 -0.0119283 -0.0107371 -0.0097666 -0.0005712 -0.0002081 0.0030374 0.0329990 -0.0314137 -0.0147993
-0.2304580 -0.2062022 -0.0536435 0.0903784 0.1255976 -0.2538317 -0.2249172 -0.2860829 -0.0613188 0.0400918 0.1746170 -0.3089446 -0.7342709 -0.6569886 -0.1709156 0.3040210 0.4224937 -0.8538561 -0.6094642 -0.7752065 -0.1661573 0.1122596 0.4889388 -0.8650645 0.0000116 -0.0004473 0.0008813 0.0004534 -0.0045020 -0.0057483 -0.0000637 -0.0002984 0.0009530 0.0144188 -0.0085394 -0.0091707 0.0003555 -0.0011394 0.0028809 -0.0017456 -0.0195044 -0.0099895 0.0000142 -0.0005707 0.0026325 0.0379179 -0.0313925 -0.0113476
-0.2304464 -0.2066494 -0.0527622 0.0908318 0.1210957 -0.2595799 -0.2249809 -0.2863812 -0.0603658 0.0545106 0.1660777 -0.3181153 -0.7339154 -0.6581280 -0.1680348 0.3022754 0.4029893 -0.8638456 -0.6094500 -0.7757772 -0.1635248 0.1501775 0.4575462 -0.8764121 -0.0003570 -0.0004196 0.0010251 0.0054158 0.0035401 -0.0080252 -0.0002979 -0.0004551 0.0012220 0.0099639 0.0050460 -0.0110858 -0.0002769 -0.0005645 0.0034574 0.0077009 -0.0015859 0.0019930 -0.0002503 -0.0005240 0.0034563 0.0210324 -0.0031328 0.0022293
-0.2308034 -0.2070690 -0.0517371 0.0962476 0.1246357 -0.2676051 -0.2252788 -0.2868363 -0.0591439 0.0644745 0.1711237 -0.3292011 -0.7341924 -0.6586925 -0.1645774 0.3099763 0.4014035 -0.8618526 -0.6097004 -0.7763012 -0.1600685 0.1712099 0.4544134 -0.8741828 0.0003043 -0.0002071 -0.0001080 -0.0014934 0.0014615 -0.0031863 -0.0001672 -0.0000580 -0.0000100 -0.0014134 0.0010722 -0.0038461 0.0008071 -0.0008036 -0.0003798 -0.0076140 0.0009749 -0.0022473 -0.0002072 0.0001551 0.0000374 -0.0053449 -0.0014992 -0.0018066
-0.2304991 -0.2072761 -0.0518452 0.0947542 0.1260972 -0.2707914 -0.2254460 -0.2868943 -0.0591538 0.0630611 0.1721959 -0.3330472 -0.7333853 -0.6594961 -0.1649572 0.3023623 0.4023784 -0.8640999 -0.6099076 -0.7761461 -0.1600311 0.1658651 0.4529142 -0.8759895 -0.0000595 0.0002871 0.0001015 -0.0014983 0.0001890 -0.0007877 -0.0002058 -0.0002159 0.0002028 -0.0089979 0.0057014 -0.0003045 -0.0005683 0.0005730 0.0002377 -0.0050734 0.0002072 -0.0016623 -0.0001264 -0.0000367 0.0006611 -0.0242265 0.0131535 0.0026514
-0.2305585 -0.2069890 -0.0517437 0.0932559 0.1262862 -0.2715791 -0.2256517 -0.2871102 -0.0589510 0.0540632 0.1778973 -0.3333517 -0.7339536 -0.6589231 -0.1647195 0.2972889 0.4025855 -0.8657622 -0.6100339 -0.7761828 -0.1593700 0.1416386 0.4660677 -0.8733381 0.0001657 -0.0005906 -0.0018333 -0.0043229 -0.0015054 0.0093368 0.0004283 -0.0000912 -0.0013683 -0.0094532 -0.0027389 0.0323035 0.0018673 -0.0006728 -0.0055245 -0.0044836 0.0082460 0.0023489 0.0012079 -0.0001828 -0.0036858 -0.0145959 0.0327575 0.0159971
-0.2303929 -0.2075796 -0.0535770 0.0889330 0.1247808 -0.2622423 -0.2252234 -0.2872014 -0.0603193 0.0446100 0.1751584 -0.3010483 -0.7320863 -0.6595958 -0.1702440 0.2928053 0.4108315 -0.8634133 -0.6088261 -0.7763656 -0.1630558 0.1270427 0.4988252 -0.8573410 -0.0001076 0.0008455 -0.0010779 -0.0044126 0.0023481 0.0079528 0.0000615 0.0001892 -0.0002970 -0.0234927 0.0079658 0.0299935 -0.0010234 0.0020754 -0.0035867 -0.0078364 0.0177963 0.0060505 -0.0000571 0.0002266 -0.0008630 -0.0626210 0.0598253 0.0304435
-0.2305005 -0.2067342 -0.0546549 0.0845203 0.1271288 -0.2542895 -0.2251619 -0.2870122 -0.0606163 0.0211173 0.1831242 -0.2710548 -0.7331097 -0.6575204 -0.1738307 0.2849689 0.4286278 -0.8573628 -0.6088832 -0.7761391 -0.1639188 0.0644218 0.5586505 -0.8268975 0.0003652 0.0000451 -0.0015362 -0.0069118 0.0023684 0.0204763 0.0001833 0.0000131 -0.0012734 -0.0091935 0.0047531 0.0068833 0.0011002 0.0000882 -0.0049009 -0.0061211 0.0366565 0.0172709 0.0006424 0.0002226 -0.0034031 -0.0276638 0.0205266 0.0125249
-0.2301353 -0.2066891 -0.0561911 0.0776085 0.1294972 -0.2338132 -0.2249786 -0.2869992 -0.0618897 0.0119238 0.1878772 -0.2641715 -0.7320095 -0.6574322 -0.1787316 0.2788478 0.4652843 -0.8400919 -0.6082409 -0.7759165 -0.1673219 0.0367580 0.5791771 -0.8143726 -0.0001935 0.0009128 -0.0000702 -0.0109731 -0.0057250 0.0100785 0.0000612 0.0006290 -0.0003935 -0.0115121 -0.0058285 0.0110654 -0.0016536 0.0019761 -0.0004770 -0.0266598 0.0031435 -0.0066528 -0.0005900 0.0007386 -0.0012730 -0.0354375 0.0047307 0.0025537
-0.2303288 -0.2057762 -0.0562614 0.0666354 0.1237723 -0.2237346 -0.2249174 -0.2863701 -0.0622832 0.0004117 0.1820488 -0.2531061 -0.7336631 -0.6554561 -0.1792086 0.2521880 0.4684278 -0.8467447 -0.6088309 -0.7751779 -0.1685949 0.0013205 0.5839078 -0.8118189 -0.0000945 0.0003929 -0.0014071 -0.0007319 -0.0023595 0.0007743 0.0000505 0.0001020 -0.0008146 -0.0006000 -0.0023592 0.0004768 -0.0001436 0.0013919 -0.0044426 -0.0009253 -0.0055311 -0.0033104 0.0001835 0.0003358 -0.0021920 -0.0019280 -0.0042939 -0.0030721
-0.2304233 -0.2053833 -0.0576685 0.0659035 0.1214128 -0.2229603 -0.2248669 -0.2862681 -0.0630978 -0.0001883 0.1796896 -0.2526293 -0.7338067 -0.6540642 -0.1836512 0.2512628 0.4628966 -0.8500551 -0.6086474 -0.7748421 -0.1707869 -0.0006075 0.5796139 -0.8148910 0.0005142 0.0002742 -0.0017960 0.0022345 -0.0002571 0.0013554 0.0004129 0.0002823 -0.0016610 0.0025132 -0.0002568 0.0007431 0.0011213 0.0004127 -0.0058530 0.0092118 0.0002514 0.0029147 0.0008176 0.0003819 -0.0045825 0.0081246 0.0005672 0.0004382
-0.2299091 -0.2051091 -0.0594645 0.0681380 0.1211557 -0.2216050 -0.2244540 -0.2859858 -0.0647589 0.0023248 0.1794328 -0.2518862 -0.7326854 -0.6536515 -0.1895042 0.2604745 0.4631481 -0.8471404 -0.6078297 -0.7744602 -0.1753694 0.0075171 0.5801810 -0.8144529 0.0006249 0.0001056 -0.0032294 0.0026572 -0.0004730 0.0014840 0.0006572 0.0002690 -0.0030340 0.0030814 -0.0004726 0.0005764 0.0022297 0.0005495 -0.0102264 0.0109537 -0.0004514 0.0031982 0.0016770 0.0005973 -0.0082474 0.0100034 -0.0002060 0.0000070
-0.2292842 -0.2050035 -0.0626938 0.0707952 0.1206827 -0.2201210 -0.2237968 -0.2857168 -0.0677929 0.0054062 0.1789602 -0.2513098 -0.7304557 -0.6531019 -0.1997306 0.2714282 0.4626966 -0.8439423 -0.6061527 -0.7738629 -0.1836168 0.0175206 0.5799750 -0.8144458 -0.0000273 0.0000447 0.0000305 -0.0004639 -0.0001791 0.0000775 0.0000180 0.0000926 0.0000456 -0.0004653 -0.0001787 0.0000797 -0.0001228 0.0001106 0.0000873 -0.0014951 -0.0002009 -0.0005894 -0.0001006 0.0000602 0.0000783 -0.0014987 -0.0002477 -0.0002072
-0.2293116 -0.2049587 -0.0626634 0.0703313 0.1205037 -0.2200434 -0.2237787 -0.2856241 -0.0677473 0.0049410 0.1787816 -0.2512301 -0.7305785 -0.6529913 -0.1996432 0.2699331 0.4624958 -0.8445317 -0.6062533 -0.7738027 -0.1835385 0.0160218 0.5797273 -0.8146530 -0.0001654 0.0002997 0.0007485 -0.0015679 -0.0003563 0.0011746 -0.0001818 0.0002622 0.0005597 -0.0016481 -0.0003561 0.0013429 -0.0010475 0.0004907 0.0022442 -0.0044103 0.0014410 -0.0006076 -0.0008131 0.0003020 0.0014202 -0.0052981 0.0013365 0.0008657
-0.2294770 -0.2046590 -0.0619149 0.0687634 0.1201474 -0.2188688 -0.2239605 -0.2853619 -0.0671875 0.0032929 0.1784255 -0.2498872 -0.7316260 -0.6525006 -0.1973990 0.2655228 0.4639367 -0.8451393 -0.6070664 -0.7735007 -0.1821183 0.0107237 0.5810639 -0.8137873 -0.0002627 -0.0002784 0.0013205 -0.0115712 -0.0177039 0.0036111 -0.0002024 0.0004490 0.0013053 -0.0117217 -0.0177038 0.0039289 -0.0005664 -0.0006456 0.0042816 -0.0322337 -0.0460663 -0.0329043 -0.0013069 0.0002534 0.0033152 -0.0393994 -0.0342712 -0.0229895
-0.2297397 -0.2049374 -0.0605944 0.0571922 0.1024435 -0.2152577 -0.2241630 -0.2849129 -0.0658823 -0.0084288 0.1607217 -0.2459583 -0.7321924 -0.6531462 -0.1931174 0.2332891 0.4178704 -0.8780436 -0.6083733 -0.7732473 -0.1788030 -0.0286756 0.5467927 -0.8367768 -0.0001584 -0.0001686 0.0004248 -0.0215604 0.0600464 -0.0154470 -0.0000006 0.0000567 0.0004225 -0.0216276 0.0600467 -0.0153021 -0.0001677 -0.0002367 0.0014420 -0.1080122 0.1534231 0.0669151 -0.0001978 -0.0000955 0.0010894 -0.0588593 0.0961639 0.0758928
-0.2298981 -0.2051061 -0.0601696 0.0356318 0.1624898 -0.2307048 -0.2241636 -0.2848562 -0.0654598 -0.0300564 0.2207684 -0.2612604 -0.7323601 -0.6533829 -0.1916754 0.1252769 0.5712935 -0.8111285 -0.6085711 -0.7733428 -0.1777136 -0.0875349 0.6429566 -0.7608840 -0.0000716 -0.0007932 0.0023798 0.0015953 -0.0031673 -0.0036154 -0.0003237 -0.0006823 0.0022019 0.0124714 -0.0023505 0.0126907 0.0000626 -0.0022668 0.0076542 0.0049837 -0.0138110 -0.0087772 -0.0003158 -0.0011364 0.0061365 0.0344665 0.0161900 0.0107443
-0.2299697 -0.2058993 -0.0577898 0.0372271 0.1593225 -0.2343202 -0.2244873 -0.2855386 -0.0632578 -0.0175850 0.2184178 -0.2485697 -0.7322975 -0.6556497 -0.1840212 0.1302606 0.5574826 -0.8199057 -0.6088869 -0.7744792 -0.1715771 -0.0530684 0.6591465 -0.7501397 -0.0001224 -0.0006301 0.0005024 0.0084837 -0.0026728 -0.0040210 -0.0002872 -0.0005731 0.0005506 0.0153915 -0.0123835 -0.0083955 0.0005681 -0.0011467 0.0018383 0.0279895 -0.0151634 -0.0052287 0.0000877 -0.0004513 0.0017352 0.0464089 -0.0336103 -0.0300269
-0.2300921 -0.2065294 -0.0572874 0.0457108 0.1566497 -0.2383412 -0.2247745 -0.2861117 -0.0627073 -0.0021935 0.2060343 -0.2569652 -0.7317294 -0.6567964 -0.1821829 0.1582501 0.5423192 -0.8251344 -0.6087993 -0.7749304 -0.1698419 -0.0066596 0.6255363 -0.7801667 0.0001784 -0.0000964 -0.0006780 0.0347922 -0.0233001 -0.0040076 0.0003629 -0.0001779 -0.0008497 0.0235993 -0.0125142 -0.0179062 0.0007001 -0.0001873 -0.0021226 0.1211870 -0.0794444 -0.0160920 0.0010857 -0.0003508 -0.0022722 0.0702081 -0.0510234 -0.0358582
-0.2299137 -0.2066258 -0.0579653 0.0805030 0.1333496 -0.2423489 -0.2244116 -0.2862896 -0.0635569 0.0214058 0.1935201 -0.2748714 -0.7310293 -0.6569837 -0.1843055 0.2794371 0.4628748 -0.8412264 -0.6077136 -0.7752812 -0.1721142 0.0635486 0.5745129 -0.8160248 0.0004824 -0.0002838 -0.0008957 0.0031222 0.0011765 -0.0040009 0.0005629 -0.0002187 -0.0011356 0.0097213 0.0003148 -0.0113037 0.0015353 -0.0009009 -0.0028475 0.0060902 -0.0035532 0.0000975 0.0015657 -0.0005394 -0.0030634 0.0261445 -0.0159760 -0.0085912
-0.2294313 -0.2069096 -0.0588610 0.0836252 0.1345261 -0.2463498 -0.2238487 -0.2865083 -0.0646926 0.0311271 0.1938349 -0.2861751 -0.7294941 -0.6578846 -0.1871529 0.2855273 0.4593216 -0.8411289 -0.6061479 -0.7758206 -0.1751776 0.0896931 0.5585370 -0.8246160 -0.0002230 -0.0005308 0.0030246 -0.0345367 0.0395886 -0.0507991 -0.0003028 -0.0002160 0.0020570 0.0068001 0.0008217 -0.0133155 -0.0008000 -0.0017696 0.0095949 -0.1444211 0.0411753 -0.0130326 -0.0008253 -0.0005918 0.0055684 0.0158952 -0.0166191 -0.0091562
-0.2296544 -0.2074404 -0.0558364 0.0490886 0.1741147 -0.2971489 -0.2241514 -0.2867243 -0.0626356 0.0379272 0.1946566 -0.2994906 -0.7302941 -0.6596543 -0.1775580 0.1411062 0.5004969 -0.8541615 -0.6069732 -0.7764125 -0.1696091 0.1055883 0.5419179 -0.8337722 0.0000609 -0.0003242 0.0014619 0.0165052 0.0037398 0.0017862 0.0001531 -0.0002591 0.0011353 0.0088014 0.0006105 -0.0062323 -0.0000076 -0.0012129 0.0046010 0.0457912 0.0062670 0.0125799 0.0002790 -0.0008751 0.0030370 0.0221698 -0.0080488 -0.0020876
-0.2295935 -0.2077645 -0.0543745 0.0655938 0.1778546 -0.2953627 -0.2239983 -0.2869833 -0.0615003 0.0467286 0.1952672 -0.3057229 -0.7303017 -0.6608671 -0.1729570 0.1868975 0.5067639 -0.8415817 -0.6066942 -0.7772876 -0.1665721 0.1277581 0.5338690 -0.8358599 0.0001219 0.0002940 0.0009693 0.0044104 0.0095729 -0.0083472 0.0000308 -0.0001258 0.0007049 0.0043073 0.0007351 -0.0075825 -0.0006577 -0.0000100 0.0028397 0.0055863 0.0085878 0.0064993 0.0000215 -0.0004199 0.0018923 0.0090415 -0.0084934 -0.0039415
-0.2294715 -0.2074705 -0.0534052 0.0700042 0.1874275 -0.3037099 -0.2239675 -0.2871091 -0.0607954 0.0510359 0.1960023 -0.3133054 -0.7309593 -0.6608771 -0.1701172 0.1924838 0.5153517 -0.8350824 -0.6066726 -0.7777075 -0.1646798 0.1367996 0.5253756 -0.8398014 0.0001818 0.0001769 0.0017671 -0.0004404 0.0044446 -0.0022794 -0.0000708 -0.0002183 0.0015014 -0.0004173 -0.0006422 -0.0010173 -0.0006930 -0.0005865 0.0053425 -0.0033536 0.0063105 0.0031579 -0.0002433 -0.0006576 0.0040532 -0.0012863 -0.0023687 -0.0016853
-0.2292898 -0.2072936 -0.0516381 0.0695638 0.1918721 -0.3059893 -0.2240383 -0.2873274 -0.0592940 0.0506186 0.1953601 -0.3143226 -0.7316523 -0.6614636 -0.1647747 0.1891302 0.5216623 -0.8319244 -0.6069159 -0.7783650 -0.1606266 0.1355133 0.5230069 -0.8414867 -0.0001369 -0.0002650 0.0000648 0.0117615 -0.0551837 0.0510965 -0.0002449 -0.0004613 0.0008566 0.0005255 -0.0007050 0.0036911 0.0001813 -0.0002865 0.0003458 0.0815516 -0.0667109 -0.0164567 -0.0000529 -0.0004663 0.0024795 0.0026644 0.0028990 0.0022431
-0.2294267 -0.2075587 -0.0515733 0.0813253 0.1366883 -0.2548928 -0.2242832 -0.2877888 -0.0584375 0.0511441 0.1946550 -0.3106316 -0.7314710 -0.6617501 -0.1644289 0.2706819 0.4549513 -0.8483812 -0.6069689 -0.7788314 -0.1581471 0.1381778 0.5259060 -0.8392436 0.0000091 0.0001782 -0.0005885 0.0106464 -0.0070336 0.0119818 -0.0001395 0.0001167 -0.0000080 -0.0133948 0.0044632 0.0154449 -0.0000345 0.0005108 -0.0018907 0.0461326 -0.0083302 0.0116266 -0.0003856 0.0003055 -0.0000238 -0.0327510 0.0301943 0.0148422
-0.2294176 -0.2073805 -0.0521618 0.0919717 0.1296547 -0.2429110 -0.2244227 -0.2876721 -0.0584455 0.0377493 0.1991182 -0.2951866 -0.7315055 -0.6612394 -0.1663196 0.3168144 0.4466211 -0.8367546 -0.6073545 -0.7785259 -0.1581708 0.1054268 0.5561002 -0.8244014 -0.0000088 0.0009034 0.0001674 -0.0518621 0.0278189 0.0039831 -0.0000704 0.0003617 0.0003251 -0.0402327 0.0202686 0.0418574 -0.0014724 0.0015805 0.0002066 -0.1780039 0.0983607 0.0098770 -0.0006677 0.0003680 0.0007563 -0.1128370 0.0985308 0.0684892
-0.2294264 -0.2064771 -0.0519944 0.0401096 0.1574736 -0.2389279 -0.2244931 -0.2873104 -0.0581204 -0.0024834 0.2193868 -0.2533292 -0.7329779 -0.6596589 -0.1661131 0.1388105 0.5449818 -0.8268775 -0.6080222 -0.7781579 -0.1574145 -0.0074102 0.6546310 -0.7559122 0.0001047 0.0004413 -0.0009265 -0.0132417 0.0176563 0.0177847 -0.0003020 0.0006045 -0.0000179 -0.0131878 0.0176562 0.0176262 -0.0001628 0.0009630 -0.0030747 -0.0439940 0.0730507 0.0464638 -0.0012856 0.0010406 -0.0001693 -0.0394182 0.0536992 0.0515861
-0.2293217 -0.2060359 -0.0529208 0.0268678 0.1751298 -0.2211433 -0.2247951 -0.2867060 -0.0581382 -0.0156711 0.2370429 -0.2357030 -0.7331407 -0.6586959 -0.1691877 0.0948164 0.6180326 -0.7804137 -0.6093078 -0.7771173 -0.1575838 -0.0468284 0.7083302 -0.7043262 0.0001414 0.0003307 -0.0022970 0.0003229 0.0010862 0.0021659 0.0002738 0.0002709 -0.0022601 0.0004653 0.0010862 0.0017560 0.0006295 0.0012164 -0.0073007 0.0014724 0.0059902 0.0049629 0.0007190 0.0007046 -0.0061323 0.0013249 0.0042739 0.0042370
-0.2291803 -0.2057052 -0.0552178 0.0271907 0.1762160 -0.2189773 -0.2245213 -0.2864351 -0.0603983 -0.0152058 0.2381291 -0.2339470 -0.7325112 -0.6574794 -0.1764885 0.0962888 0.6240228 -0.7754509 -0.6085888 -0.7764127 -0.1637161 -0.0455035 0.7126041 -0.7000891 0.0000499 -0.0000290 -0.0003632 -0.0029279 0.0010037 0.0008057 -0.0000055 0.0002164 -0.0000324 -0.0029121 0.0010038 0.0007612 0.0002691 0.0000057 -0.0011342 -0.0102887 0.0041380 0.0021346 -0.0002779 0.0002514 -0.0001585 -0.0086610 0.0022982 0.0029659
-0.2291304 -0.2057342 -0.0555810 0.0242628 0.1772197 -0.2181716 -0.2245268 -0.2862187 -0.0604307 -0.0181179 0.2391329 -0.2331858 -0.7322421 -0.6574737 -0.1776226 0.0860002 0.6281608 -0.7733162 -0.6088667 -0.7761614 -0.1638746 -0.0541645 0.7149024 -0.6971233 0.0000326 -0.0000167 -0.0001255 0.0003686 0.0001446 0.0017727 0.0001421 0.0000502 -0.0001826 0.0003797 0.0001445 0.0017410 0.0001262 -0.0000336 -0.0003956 0.0016934 0.0032997 0.0028829 0.0002277 -0.0000648 -0.0005378 0.0009558 0.0028526 0.0028634
-0.2290978 -0.2057509 -0.0557065 0.0246313 0.1773643 -0.2163989 -0.2243847 -0.2861685 -0.0606133 -0.0177382 0.2392774 -0.2314449 -0.7321159 -0.6575073 -0.1780183 0.0876936 0.6314605 -0.7704333 -0.6086390 -0.7762262 -0.1644124 -0.0532088 0.7177549 -0.6942598 0.0001536 0.0000701 -0.0002302 0.0004482 -0.0001495 0.0008991 0.0000889 0.0002130 -0.0003280 0.0004670 -0.0001495 0.0008464 0.0002161 -0.0000228 -0.0008026 0.0018338 0.0011500 0.0011552 -0.0000318 0.0002297 -0.0009638 0.0012887 0.0011022 0.0010436
-0.2289442 -0.2056808 -0.0559366 0.0250795 0.1772148 -0.2154998 -0.2242958 -0.2859555 -0.0609413 -0.0172712 0.2391279 -0.2305985 -0.7318998 -0.6575301 -0.1788209 0.0895274 0.6326105 -0.7692781 -0.6086708 -0.7759965 -0.1653762 -0.0519201 0.7188571 -0.6932162 0.0001151 -0.0003432 0.0002020 0.0001989 -0.0000821 0.0002228 -0.0000003 -0.0000452 0.0007062 0.0001876 -0.0000821 0.0002549 0.0006148 -0.0008750 0.0007058 0.0007764 0.0001709 0.0002313 -0.0001343 -0.0002931 0.0018806 0.0005260 0.0002837 0.0002551
-0.2288291 -0.2060240 -0.0557347 0.0252785 0.1771327 -0.2152771 -0.2242961 -0.2860007 -0.0602350 -0.0170836 0.2390458 -0.2303435 -0.7312850 -0.6584051 -0.1781151 0.0903038 0.6327814 -0.7690468 -0.6088051 -0.7762896 -0.1634955 -0.0513941 0.7191408 -0.6929611 -0.0000851 0.0003070 0.0008703 0.0002614 -0.0000912 0.0005043 0.0002129 -0.0001221 0.0003901 0.0002410 -0.0000912 0.0005618 -0.0009591 0.0003634 0.0026166 0.0010715 0.0006282 0.0006440 0.0004155 -0.0005387 0.0010156 0.0006537 0.0007370 0.0007175
-0.2289142 -0.2057170 -0.0548644 0.0255399 0.1770415 -0.2147728 -0.2240832 -0.2861228 -0.0598449 -0.0168426 0.2389546 -0.2297817 -0.7322441 -0.6580416 -0.1754985 0.0913753 0.6334096 -0.7684027 -0.6083897 -0.7768283 -0.1624800 -0.0507403 0.7198779 -0.6922437 0.0000884 -0.0001606 0.0000246 -0.0012440 0.0002379 0.0000080 0.0004730 0.0001283 -0.0010936 -0.0012131 0.0002379 -0.0000791 0.0003686 -0.0004363 0.0000992 -0.0044614 0.0007747 0.0001214 0.0009413 -0.0000900 -0.0030625 -0.0036072 0.0000883 0.0003657
-0.2288258 -0.2058776 -0.0548398 0.0242959 0.1772794 -0.2147648 -0.2236102 -0.2859945 -0.0609385 -0.0180557 0.2391925 -0.2298608 -0.7318755 -0.6584780 -0.1753993 0.0869140 0.6341843 -0.7682813 -0.6074484 -0.7769184 -0.1655425 -0.0543475 0.7199662 -0.6918779 -0.0003134 0.0005918 0.0003020 0.0019733 0.0024233 -0.0004810 -0.0002016 0.0004916 0.0001912 0.0019526 0.0024233 -0.0004230 -0.0015008 0.0014463 0.0008472 0.0063624 0.0039028 0.0039880 -0.0010283 0.0007222 0.0003889 0.0061587 0.0030710 0.0027516
-0.2291393 -0.2052858 -0.0545378 0.0262692 0.1797027 -0.2152458 -0.2238118 -0.2855029 -0.0607473 -0.0161031 0.2416158 -0.2302838 -0.7333764 -0.6570317 -0.1745522 0.0932763 0.6380872 -0.7642933 -0.6084767 -0.7761961 -0.1651536 -0.0481888 0.7230372 -0.6891263 -0.0001222 -0.0002954 0.0000929 0.0153295 -0.0040889 0.0068385 -0.0000815 0.0000186 -0.0001240 0.0153321 -0.0040888 0.0068328 0.0002366 -0.0003824 0.0004464 0.0576137 -0.0010868 0.0083418 -0.0001295 0.0001681 -0.0003121 0.0458243 0.0053196 0.0039324
-0.2292615 -0.2055812 -0.0544449 0.0415987 0.1756138 -0.2084073 -0.2238933 -0.2854843 -0.0608713 -0.0007711 0.2375270 -0.2234510 -0.7331398 -0.6574141 -0.1741058 0.1508901 0.6370004 -0.7559515 -0.6086062 -0.7760281 -0.1654657 -0.0023645 0.7283568 -0.6851939 -0.0000015 -0.0000227 -0.0004200 0.0270517 -0.0461309 -0.0148992 -0.0000773 -0.0000703 0.0000058 0.0479262 -0.0578602 0.0001845 0.0002047 0.0001154 -0.0012928 0.1061276 -0.1522342 -0.0800770 -0.0000436 0.0000212 0.0000611 0.1647254 -0.1097411 -0.0835411
-0.2292630 -0.2056038 -0.0548649 0.0686504 0.1294830 -0.2233064 -0.2239706 -0.2855545 -0.0608655 0.0471551 0.1796669 -0.2232665 -0.7329351 -0.6572986 -0.1753986 0.2570177 0.4847663 -0.8360285 -0.6086498 -0.7760069 -0.1654046 0.1623609 0.6186157 -0.7687350 -0.0000007 -0.0005750 -0.0003377 0.0029166 0.0009105 -0.0031491 -0.0000242 -0.0000745 -0.0002157 -0.0333333 0.0157314 -0.0470219 0.0010229 -0.0009164 -0.0008328 0.0071294 -0.0034964 0.0002021 0.0001133 0.0000258 -0.0005373 -0.1209543 -0.0332536 -0.0409789
-0.2292638 -0.2061789 -0.0552026 0.0715670 0.1303934 -0.2264556 -0.2239948 -0.2856291 -0.0610812 0.0138218 0.1953982 -0.2702885 -0.7319122 -0.6582150 -0.1762313 0.2641470 0.4812699 -0.8358263 -0.6085365 -0.7759811 -0.1659419 0.0414066 0.5853622 -0.8097139 0.0000066 -0.0009104 -0.0007741 -0.0094179 0.0223397 -0.0315525 0.0002054 -0.0002074 -0.0005648 0.0031802 0.0004636 -0.0097854 0.0017281 -0.0013647 -0.0020544 -0.0611778 0.0175327 -0.0067883 0.0007730 -0.0002889 -0.0014751 0.0082797 -0.0129808 -0.0087669
-0.2292571 -0.2070893 -0.0559767 0.0621490 0.1527331 -0.2580081 -0.2237894 -0.2858365 -0.0616460 0.0170020 0.1958618 -0.2800739 -0.7301841 -0.6595797 -0.1782858 0.2029692 0.4988026 -0.8426147 -0.6077635 -0.7762700 -0.1674170 0.0496863 0.5723814 -0.8184808 -0.0001308 -0.0004995 0.0014921 0.0300221 -0.0266280 0.0132021 -0.0003428 -0.0004143 0.0014914 0.0099214 -0.0016776 -0.0165080 -0.0000377 -0.0012482 0.0048424 0.1144326 -0.0645459 -0.0004021 -0.0004625 -0.0005270 0.0041762 0.0260438 -0.0261812 -0.0157435
-0.2293879 -0.2075889 -0.0544846 0.0921712 0.1261050 -0.2448060 -0.2241322 -0.2862509 -0.0601545 0.0269234 0.1941841 -0.2965819 -0.7302218 -0.6608279 -0.1734434 0.3174018 0.4342567 -0.8430168 -0.6082260 -0.7767970 -0.1632409 0.0757301 0.5462002 -0.8342244 0.0001551 -0.0003423 0.0010450 -0.0078314 -0.0004243 -0.0130806 0.0001842 -0.0003496 0.0010061 0.0104036 -0.0027158 -0.0097670 0.0003397 -0.0012296 0.0032906 -0.0353498 -0.0139512 -0.0194159 0.0004947 -0.0009553 0.0027290 0.0270470 -0.0190075 -0.0092830
-0.2292327 -0.2079312 -0.0534396 0.0843398 0.1256807 -0.2578866 -0.2239480 -0.2866005 -0.0591484 0.0373271 0.1914683 -0.3063489 -0.7298821 -0.6620575 -0.1701528 0.2820519 0.4203055 -0.8624326 -0.6077313 -0.7777523 -0.1605119 0.1027771 0.5271927 -0.8435074 -0.0000079 -0.0003273 0.0004302 0.0087018 -0.0011121 -0.0013269 0.0002989 -0.0003545 -0.0002693 0.0076230 0.0019995 -0.0083672 0.0003226 -0.0007263 0.0014503 0.0257601 -0.0081918 0.0048697 0.0010377 -0.0006712 -0.0006706 0.0180073 -0.0073294 -0.0021599
-0.2292406 -0.2082585 -0.0530093 0.0930416 0.1245686 -0.2592135 -0.2236491 -0.2869550 -0.0594177 0.0449501 0.1934678 -0.3147162 -0.7295595 -0.6627838 -0.1687026 0.3078120 0.4121137 -0.8575629 -0.6066936 -0.7784235 -0.1611825 0.1207844 0.5198634 -0.8456673 0.0000956 -0.0001619 0.0006016 0.0034564 -0.0022748 0.0026429 0.0000420 -0.0001505 0.0005563 0.0040025 -0.0000607 -0.0047590 0.0001574 -0.0006490 0.0018809 0.0136763 -0.0046852 0.0027838 0.0001180 -0.0004031 0.0015102 0.0091830 -0.0063738 -0.0025290
-0.2291450 -0.2084204 -0.0524078 0.0964980 0.1222938 -0.2565706 -0.2236071 -0.2871055 -0.0588614 0.0489526 0.1934071 -0.3194752 -0.7294021 -0.6634328 -0.1668216 0.3214883 0.4074285 -0.8547791 -0.6065755 -0.7788266 -0.1596723 0.1299674 0.5134896 -0.8481963 -0.0000615 0.0000633 0.0006562 0.0021416 0.0005261 0.0003216 -0.0000502 -0.0000952 -0.0002194 0.0002649 0.0008443 -0.0009170 -0.0004419 -0.0000222 0.0020333 0.0064404 0.0008882 0.0028752 0.0000937 0.0000368 -0.0005345 0.0002724 0.0005413 0.0003697
-0.2292065 -0.2083571 -0.0517515 0.0986395 0.1228199 -0.2562490 -0.2236573 -0.2872007 -0.0590808 0.0492174 0.1942514 -0.3203922 -0.7298440 -0.6634550 -0.1647883 0.3279287 0.4083167 -0.8519039 -0.6064819 -0.7787898 -0.1602067 0.1302399 0.5140308 -0.8478266 -0.0000383 -0.0001985 -0.0008581 -0.0049264 0.0077947 -0.0031549 0.0000763 -0.0000272 -0.0007826 0.0002215 0.0009919 0.0039614 0.0005797 0.0000063 -0.0025715 -0.0208503 0.0196802 0.0018912 0.0003731 0.0001397 -0.0020777 0.0015655 0.0064928 0.0042138
-0.2292448 -0.2085556 -0.0526097 0.0937131 0.1306146 -0.2594039 -0.2235810 -0.2872279 -0.0598634 0.0494389 0.1952433 -0.3164309 -0.7292644 -0.6634487 -0.1673598 0.3070784 0.4279969 -0.8500127 -0.6061087 -0.7786501 -0.1622844 0.1318053 0.5205236 -0.8436128 0.0001806 -0.0002559 -0.0015561 -0.0048204 0.0064213 0.0023576 0.0003238 -0.0000735 -0.0016106 -0.0132716 0.0084553 0.0223288 0.0012748 -0.0001758 -0.0047845 -0.0152007 0.0219580 0.0060055 0.0010846 0.0000666 -0.0043094 -0.0312230 0.0459679 0.0257065
-0.2290642 -0.2088115 -0.0541657 0.0888927 0.1370359 -0.2570463 -0.2232571 -0.2873014 -0.0614740 0.0361673 0.2036986 -0.2941021 -0.7279896 -0.6636245 -0.1721443 0.2918777 0.4499549 -0.8440071 -0.6050242 -0.7785835 -0.1665938 0.1005823 0.5664915 -0.8179062 0.0002822 0.0000043 -0.0025621 -0.0345119 0.0178377 0.0183610 0.0002313 0.0000628 -0.0021116 -0.0196538 -0.0058121 0.0363408 0.0014585 0.0005262 -0.0080033 -0.1041498 0.0846841 0.0200415 0.0009035 0.0005266 -0.0056434 -0.0498310 0.0416774 0.0257226
-0.2287820 -0.2088072 -0.0567278 0.0543808 0.1548736 -0.2386854 -0.2230259 -0.2872386 -0.0635856 0.0165135 0.1978865 -0.2577613 -0.7265312 -0.6630983 -0.1801476 0.1877278 0.5346390 -0.8239657 -0.6041207 -0.7780569 -0.1722372 0.0507513 0.6081689 -0.7921836 0.0000348 0.0008622 -0.0021403 -0.0047556 0.0073710 0.0090968 0.0002290 0.0005827 -0.0013709 -0.0112894 0.0133010 0.0092830 -0.0003582 0.0023120 -0.0069175 -0.0138952 0.0336899 0.0197366 0.0000431 0.0008359 -0.0038817 -0.0347335 0.0393625 0.0303132
-0.2287472 -0.2079450 -0.0588682 0.0496251 0.1622446 -0.2295885 -0.2227969 -0.2866559 -0.0649565 0.0052241 0.2111875 -0.2484783 -0.7268893 -0.6607863 -0.1870652 0.1738326 0.5683289 -0.8042291 -0.6040776 -0.7772210 -0.1761189 0.0160178 0.6475314 -0.7618704 -0.0002972 0.0002160 -0.0001045 0.0004151 0.0017135 0.0043588 -0.0003504 0.0000847 0.0001660 0.0001900 0.0015574 0.0044866 -0.0007293 0.0008816 -0.0002766 0.0029595 0.0109354 0.0084921 -0.0007586 0.0004757 0.0005057 0.0007047 0.0095720 0.0082554
-0.2290445 -0.2077290 -0.0589726 0.0500402 0.1639581 -0.2252297 -0.2231473 -0.2865712 -0.0647905 0.0054141 0.2127449 -0.2439916 -0.7276187 -0.6599047 -0.1873418 0.1767921 0.5792643 -0.7957370 -0.6048362 -0.7767453 -0.1756132 0.0167225 0.6571034 -0.7536150 -0.0004466 0.0004832 -0.0006460 0.0258926 0.0042392 0.0287537 -0.0001499 0.0002752 0.0002481 0.0254478 0.0038679 0.0288586 -0.0011215 0.0018036 -0.0019749 0.1049065 0.0447212 0.0668420 -0.0006795 0.0003956 0.0005933 0.0838547 0.0488251 0.0525092
-0.2294911 -0.2072458 -0.0596186 0.0759328 0.1681973 -0.1964760 -0.2232972 -0.2862960 -0.0645424 0.0308619 0.2166128 -0.2151330 -0.7287401 -0.6581011 -0.1893166 0.2816986 0.6239855 -0.7288951 -0.6055157 -0.7763497 -0.1750198 0.1005772 0.7059284 -0.7011058 0.0000000 0.0000000 0.0000000 0.0000000 0.0000000 0.0000000 0.0000000 0.0000000 0.0000000 0.0000000 0.0000000 0.0000000 0.0000000 0.0000000 0.0000000 0.0000000 0.0000000 0.0000000 0.0000000 0.0000000 0.0000000 0.0000000 0.0000000 0.0000000
