-0.2113535 -0.2375173 -0.0074257 0.1041175 0.0651698 -0.2670746 -0.2095688 -0.3385387 -0.0282011 0.0492062 0.0701568 -0.2901676 -0.6645814 -0.7468509 -0.0233495 0.3541814 0.2216911 -0.9085200 -0.5250342 -0.8481435 -0.0706525 0.1626347 0.2318800 -0.9590525 0.0169905 -0.0231960 -0.0059490 -0.0061547 0.0058355 0.0221171 0.0178463 -0.0236214 -0.0036629 -0.0130012 0.0065369 0.0199726 0.0673953 -0.0541984 -0.0177447 0.0043835 0.0382034 0.0119231 0.0585724 -0.0329940 -0.0068729 -0.0347889 0.0389382 0.0049492
-0.1943630 -0.2607133 -0.0133747 0.0979628 0.0710053 -0.2449576 -0.1917225 -0.3621602 -0.0318640 0.0362050 0.0766937 -0.2701950 -0.5971861 -0.8010493 -0.0410942 0.3585648 0.2598946 -0.8965969 -0.4664618 -0.8811374 -0.0775253 0.1278458 0.2708182 -0.9541032 0.0008177 -0.0001610 -0.0010344 -0.0158823 -0.0004776 0.0187005 -0.0003214 -0.0003739 0.0000356 -0.0273778 0.0086081 0.0288159 0.0019376 -0.0012694 -0.0032210 -0.0312977 0.0213097 -0.0055230 -0.0002408 0.0001120 0.0001762 -0.0933861 0.0621833 0.0118068
-0.1935453 -0.2608743 -0.0144091 0.0820805 0.0705277 -0.2262571 -0.1920440 -0.3625341 -0.0318285 0.0088272 0.0853018 -0.2413791 -0.5952485 -0.8023187 -0.0443153 0.3272671 0.2812042 -0.9021200 -0.4667026 -0.8810254 -0.0773491 0.0344596 0.3330015 -0.9422964 -0.0028862 -0.0030673 0.0024972 -0.0051065 0.0020049 0.0117640 -0.0016072 -0.0025322 -0.0002462 -0.0041828 0.0003355 0.0066444 -0.0013907 0.0006252 0.0081341 -0.0054036 0.0220876 0.0052265 -0.0004996 0.0002678 -0.0000340 -0.0158755 0.0096692 0.0030247
-0.1964316 -0.2639416 -0.0119119 0.0769740 0.0725326 -0.2144931 -0.1936512 -0.3650663 -0.0320746 0.0046444 0.0856373 -0.2347347 -0.5966392 -0.8016936 -0.0361812 0.3218635 0.3032919 -0.8968935 -0.4672022 -0.8807576 -0.0773831 0.0185841 0.3426707 -0.9392718 -0.0163180 0.0109992 0.0177511 -0.0022294 0.0003822 0.0035508 -0.0054175 0.0143365 0.0080637 -0.0028560 0.0012757 0.0066306 -0.0469454 0.0365224 0.0538451 -0.0043039 0.0064934 0.0006854 -0.0255418 0.0126153 0.0179502 -0.0112581 0.0133731 0.0048312
-0.2127496 -0.2529424 0.0058392 0.0747447 0.0729148 -0.2109423 -0.1990687 -0.3507298 -0.0240109 0.0017883 0.0869130 -0.2281041 -0.6435846 -0.7651711 0.0176639 0.3175596 0.3097853 -0.8962081 -0.4927440 -0.8681423 -0.0594329 0.0073261 0.3560437 -0.9344406 -0.0001049 -0.0050999 0.0001212 0.0624346 -0.0219958 0.0166197 0.0003147 -0.0047892 -0.0006884 0.0397001 -0.0153232 0.0012762 0.0073568 -0.0061244 0.0001517 0.2463762 -0.1004603 0.0973593 0.0056646 -0.0031153 -0.0010969 0.1645055 -0.0595421 -0.0050064
-0.2128545 -0.2580423 0.0059603 0.1371793 0.0509190 -0.1943227 -0.1987540 -0.3555189 -0.0246993 0.0414884 0.0715898 -0.2268279 -0.6362278 -0.7712955 0.0178156 0.5639359 0.2093249 -0.7988488 -0.4870795 -0.8712576 -0.0605298 0.1718316 0.2965016 -0.9394470 0.0060034 -0.0051952 -0.0081037 0.0020882 -0.0005255 -0.0018984 -0.0000469 -0.0069766 -0.0043433 0.0019541 -0.0012119 -0.0019324 0.0183790 -0.0149753 -0.0242177 0.0025589 -0.0043406 0.0006852 0.0074046 -0.0033861 -0.0095456 0.0067593 -0.0071807 -0.0009777
-0.2068511 -0.2632375 -0.0021434 0.1392675 0.0503935 -0.1962211 -0.1988010 -0.3624955 -0.0290427 0.0434426 0.0703779 -0.2287602 -0.6178488 -0.7862709 -0.0064021 0.5664947 0.2049844 -0.7981636 -0.4796748 -0.8746436 -0.0700753 0.1785908 0.2893209 -0.9404248 0.0010368 -0.0008111 -0.0016843 0.0049426 -0.0053364 -0.0067979 0.0003233 -0.0011799 -0.0004993 -0.0159585 0.0040741 -0.0243430 0.0031239 -0.0023879 -0.0050303 0.0033526 -0.0269409 -0.0040674 0.0018327 -0.0009181 -0.0010481 -0.0749765 -0.0086391 -0.0137669
-0.2058143 -0.2640486 -0.0038276 0.1442101 0.0450571 -0.2030190 -0.1984777 -0.3636754 -0.0295420 0.0274841 0.0744520 -0.2531033 -0.6147249 -0.7886588 -0.0114323 0.5698473 0.1780435 -0.8022310 -0.4778421 -0.8755617 -0.0711234 0.1036143 0.2806818 -0.9541917 0.0016929 0.0004438 -0.0006358 0.0095081 -0.0029950 -0.0110961 0.0003197 0.0001393 0.0002043 0.0164673 -0.0095259 -0.0264801 0.0025310 -0.0019356 -0.0019541 0.0060592 -0.0204575 0.0000475 0.0004373 -0.0002744 0.0004426 0.0477498 -0.0570830 -0.0086647
-0.2041214 -0.2636047 -0.0044634 0.1537182 0.0420621 -0.2141150 -0.1981580 -0.3635362 -0.0293377 0.0439514 0.0649261 -0.2795833 -0.6121939 -0.7905944 -0.0133864 0.5759065 0.1575860 -0.8021835 -0.4774048 -0.8758361 -0.0706808 0.1513641 0.2235988 -0.9628564 -0.0036380 0.0249716 -0.0101936 0.0059170 -0.0023398 -0.0056036 -0.0086578 0.0239793 -0.0066279 0.0025680 -0.0023136 -0.0095824 -0.0437354 0.0371918 -0.0328881 0.0056917 -0.0128659 0.0016839 -0.0406634 0.0252548 -0.0194120 0.0039587 -0.0145432 -0.0026334
-0.2077594 -0.2386331 -0.0146570 0.1596352 0.0397223 -0.2197186 -0.2068158 -0.3395569 -0.0359656 0.0465194 0.0626125 -0.2891658 -0.6559293 -0.7534026 -0.0462745 0.5815982 0.1447201 -0.8004996 -0.5180682 -0.8505813 -0.0900928 0.1553228 0.2090556 -0.9654898 0.0033503 -0.0298469 0.0090577 0.0018011 -0.0007554 -0.0018074 0.0063105 -0.0280348 0.0020437 0.0001925 -0.0008145 -0.0018541 0.0502454 -0.0421298 0.0296833 0.0014900 -0.0039764 0.0003750 0.0407784 -0.0244467 0.0093441 -0.0002129 -0.0038514 -0.0008601
-0.2044090 -0.2684800 -0.0055993 0.1614364 0.0389669 -0.2215260 -0.2005053 -0.3675917 -0.0339218 0.0467119 0.0617980 -0.2910198 -0.6056838 -0.7955324 -0.0165912 0.5830882 0.1407436 -0.8001246 -0.4772898 -0.8750281 -0.0807487 0.1551099 0.2052042 -0.9663499 0.0072575 0.0416517 -0.0119564 -0.0007565 0.0046490 0.0016855 0.0072405 0.0416518 -0.0119588 0.0039723 0.0008390 0.0036788 -0.0492071 0.0420624 -0.0417248 -0.0004337 0.0174156 0.0029425 -0.0290396 0.0211064 -0.0394527 0.0147294 0.0046881 0.0034897
-0.1971516 -0.2268283 -0.0175557 0.1606798 0.0436159 -0.2198405 -0.1932648 -0.3259399 -0.0458806 0.0506842 0.0626370 -0.2873410 -0.6548909 -0.7534701 -0.0583159 0.5826545 0.1581592 -0.7971821 -0.5063294 -0.8539216 -0.1202014 0.1698392 0.2098923 -0.9628602 -0.0035782 0.0020788 0.0037784 -0.0048970 0.0000696 0.0057833 -0.0084942 -0.0005757 0.0152770 0.0005610 0.0055130 0.0165787 -0.0105416 0.0084106 0.0126431 -0.0020750 0.0046502 -0.0005775 -0.0176657 0.0059170 0.0407197 0.0106834 0.0301816 0.0090384
-0.2007298 -0.2247495 -0.0137773 0.1557828 0.0436855 -0.2140572 -0.2017590 -0.3265156 -0.0306037 0.0512451 0.0681500 -0.2707623 -0.6654325 -0.7450595 -0.0456728 0.5805796 0.1628094 -0.7977596 -0.5239951 -0.8480046 -0.0794818 0.1805227 0.2400739 -0.9538218 -0.0073752 -0.0431935 0.0112582 -0.0027744 0.0011404 0.0116649 0.0001948 -0.0408524 0.0013930 -0.0132507 0.0058326 0.0342874 0.0520511 -0.0446925 0.0382476 0.0132816 0.0111703 0.0122280 0.0441355 -0.0265803 0.0099405 -0.0289533 0.0550610 0.0104650
-0.2081049 -0.2679430 -0.0025192 0.1530084 0.0448259 -0.2023923 -0.2015642 -0.3673680 -0.0292107 0.0379945 0.0739826 -0.2364748 -0.6133814 -0.7897519 -0.0074252 0.5938612 0.1739797 -0.7855316 -0.4798596 -0.8745849 -0.0695413 0.1515694 0.2951349 -0.9433568 -0.0002910 0.0001916 0.0011772 -0.0075008 -0.0000311 0.0106111 -0.0010005 0.0006249 -0.0005421 -0.0016614 0.0011226 0.0135092 -0.0008202 0.0006127 0.0034701 0.0003739 0.0089566 0.0023210 -0.0024126 0.0014321 -0.0012951 0.0010497 0.0203481 0.0067791
-0.2083959 -0.2677515 -0.0013419 0.1455077 0.0447948 -0.1917812 -0.2025648 -0.3667431 -0.0297528 0.0363331 0.0751052 -0.2229656 -0.6142016 -0.7891392 -0.0039551 0.5942351 0.1829364 -0.7832106 -0.4822721 -0.8731528 -0.0708363 0.1526190 0.3154830 -0.9365778 0.0000063 0.0154866 -0.0013706 0.0010897 -0.0011072 0.0088092 -0.0003106 0.0144072 0.0026296 0.0146252 -0.0081494 0.0091345 -0.0226523 0.0181993 -0.0043348 0.0204509 0.0002467 0.0160047 -0.0156139 0.0084687 0.0042721 0.0691412 -0.0241052 0.0060288
-0.2083896 -0.2522648 -0.0027126 0.1465973 0.0436876 -0.1829720 -0.2028754 -0.3523359 -0.0271232 0.0509584 0.0669558 -0.2138311 -0.6368540 -0.7709399 -0.0082899 0.6146860 0.1831831 -0.7672060 -0.4978861 -0.8646841 -0.0665643 0.2217602 0.2913778 -0.9305490 -0.0022683 -0.0131573 0.0043715 -0.0022153 0.0004649 0.0037547 -0.0001816 -0.0115311 -0.0010728 -0.0021511 0.0001572 0.0033282 0.0151939 -0.0123319 0.0131855 0.0014403 0.0052304 0.0024258 0.0116894 -0.0065535 -0.0009477 -0.0060559 0.0052289 0.0002285
-0.2106579 -0.2654222 0.0016589 0.1443820 0.0441525 -0.1792173 -0.2030570 -0.3638670 -0.0281959 0.0488073 0.0671130 -0.2105030 -0.6216601 -0.7832718 0.0048956 0.6161263 0.1884135 -0.7647802 -0.4861966 -0.8712376 -0.0675119 0.2157043 0.2966067 -0.9303204 -0.0009379 0.0435077 -0.0054567 -0.0612459 0.0172634 -0.0168563 -0.0015497 0.0452236 -0.0107466 -0.0361910 0.0153554 -0.0054897 -0.0683674 0.0595946 -0.0172803 -0.2410467 0.0886725 -0.1198320 -0.0512862 0.0341909 -0.0347865 -0.1612169 0.0595592 -0.0025123
-0.2115958 -0.2219144 -0.0037978 0.0831361 0.0614159 -0.1960736 -0.2046067 -0.3186434 -0.0389425 0.0126163 0.0824684 -0.2159927 -0.6900275 -0.7236772 -0.0123847 0.3750796 0.2770860 -0.8846121 -0.5374829 -0.8370467 -0.1022985 0.0544874 0.3561659 -0.9328328 0.0002201 -0.0532764 0.0098921 0.0699433 -0.0150157 0.0081410 -0.0030105 -0.0502872 0.0021523 0.0311823 -0.0074799 -0.0008163 0.0809714 -0.0692555 0.0299450 0.2452042 -0.0890705 0.1231017 0.0488950 -0.0311618 0.0157195 0.1330431 -0.0350910 0.0045315
-0.2113757 -0.2751909 0.0060944 0.1530794 0.0464002 -0.1879326 -0.2076172 -0.3689306 -0.0367903 0.0437986 0.0749885 -0.2168090 -0.6090561 -0.7929327 0.0175603 0.6202838 0.1880155 -0.7615105 -0.4885878 -0.8682085 -0.0865789 0.1875305 0.3210749 -0.9283012 0.0008284 0.0006859 -0.0007004 0.0002676 0.0003731 -0.0029566 0.0007388 0.0023099 -0.0040940 -0.0054342 0.0022534 -0.0294294 0.0005283 -0.0004467 -0.0019704 -0.0051303 -0.0003837 -0.0042443 -0.0005521 0.0013765 -0.0100873 -0.0404869 -0.0250213 -0.0154839
-0.2105473 -0.2745050 0.0053940 0.1533470 0.0467733 -0.1908892 -0.2068784 -0.3666207 -0.0408843 0.0383644 0.0772419 -0.2462384 -0.6085278 -0.7933794 0.0155898 0.6151535 0.1876318 -0.7657548 -0.4891399 -0.8668320 -0.0966662 0.1470437 0.2960536 -0.9437852 -0.0000424 0.0009961 0.0000885 -0.0068212 0.0061455 -0.0261421 -0.0001983 0.0022546 -0.0023508 0.0096890 -0.0063807 -0.0218046 -0.0014668 0.0011330 0.0002909 -0.0666903 0.0104496 -0.0466194 -0.0023521 0.0020169 -0.0059515 0.0237312 -0.0442235 -0.0087995
-0.2105897 -0.2735089 0.0054825 0.1465257 0.0529188 -0.2170314 -0.2070767 -0.3643661 -0.0432351 0.0480535 0.0708612 -0.2680430 -0.6099946 -0.7922464 0.0158807 0.5484632 0.1980814 -0.8123742 -0.4914921 -0.8648151 -0.1026177 0.1707749 0.2518301 -0.9525847 0.0004440 0.0014578 -0.0010281 0.0005844 0.0013104 -0.0027599 0.0007297 -0.0002073 0.0022327 0.0040705 0.0044138 -0.0055246 -0.0012639 0.0009215 -0.0029238 -0.0035750 0.0027807 -0.0017211 0.0012641 -0.0013186 0.0052063 0.0099082 0.0091038 0.0042877
-0.2101457 -0.2720511 0.0044545 0.1471101 0.0542292 -0.2197913 -0.2063470 -0.3645734 -0.0410024 0.0521240 0.0752750 -0.2735675 -0.6112585 -0.7913250 0.0129569 0.5448882 0.2008621 -0.8140954 -0.4902280 -0.8661337 -0.0974113 0.1806831 0.2609339 -0.9482969 0.0004463 0.0004212 0.0002495 0.0166818 -0.0003006 0.0080519 0.0015991 -0.0007134 0.0027526 -0.0010670 0.0020303 -0.0020464 0.0002268 -0.0001625 0.0007497 0.0549185 -0.0033753 0.0387046 0.0033112 -0.0025652 0.0064483 -0.0050896 0.0049321 0.0004139
-0.2096994 -0.2716299 0.0047039 0.1637919 0.0539286 -0.2117394 -0.2047479 -0.3652868 -0.0382498 0.0510570 0.0773053 -0.2756139 -0.6110317 -0.7914875 0.0137066 0.5998067 0.1974868 -0.7753908 -0.4869168 -0.8686989 -0.0909630 0.1755935 0.2658660 -0.9478830 -0.0097555 0.0142676 0.0109831 -0.0003110 0.0033655 0.0043965 -0.0027562 0.0160182 0.0086420 -0.0042728 0.0048650 0.0026637 -0.0371156 0.0313831 0.0326243 0.0052645 0.0145686 0.0079787 -0.0225000 0.0112543 0.0182766 -0.0136346 0.0185939 0.0029746
-0.2194549 -0.2573622 0.0156871 0.1634809 0.0572941 -0.2073429 -0.2075041 -0.3492686 -0.0296079 0.0467841 0.0821703 -0.2729503 -0.6481472 -0.7601043 0.0463308 0.6050712 0.2120554 -0.7674121 -0.5094167 -0.8574446 -0.0726865 0.1619589 0.2844599 -0.9449084 0.0139853 -0.0132941 -0.0185476 -0.0083472 0.0042812 0.0096391 0.0039265 -0.0177769 -0.0099502 -0.0094539 0.0060531 0.0419843 0.0435130 -0.0363545 -0.0547486 -0.0054903 0.0259288 0.0033007 0.0265266 -0.0131946 -0.0211461 -0.0126643 0.0683711 0.0212085
-0.2054696 -0.2706563 -0.0028606 0.1551337 0.0615753 -0.1977038 -0.2035776 -0.3670455 -0.0395581 0.0373303 0.0882234 -0.2309659 -0.6046342 -0.7964588 -0.0084178 0.5995809 0.2379842 -0.7641114 -0.4828902 -0.8706392 -0.0938325 0.1492946 0.3528310 -0.9236998 0.0001051 -0.0005732 -0.0002665 -0.0068108 -0.0000459 0.0085922 -0.0002175 -0.0007786 0.0002627 0.0057733 0.0000013 0.0101839 0.0010119 -0.0007586 -0.0007734 -0.0017223 0.0100280 0.0018418 0.0003521 -0.0002800 0.0007904 0.0290903 0.0122885 0.0099895
-0.2053645 -0.2712295 -0.0031270 0.1483229 0.0615294 -0.1891117 -0.2037952 -0.3678241 -0.0392954 0.0431036 0.0882247 -0.2207820 -0.6036223 -0.7972174 -0.0091912 0.5978586 0.2480122 -0.7622697 -0.4825381 -0.8709192 -0.0930421 0.1783849 0.3651196 -0.9137103 -0.0009500 0.0004382 0.0011459 -0.0043819 0.0030913 0.0104943 0.0008052 0.0004352 0.0012727 0.0066721 -0.0021509 0.0059182 -0.0024058 0.0017955 0.0033719 0.0061095 0.0231326 0.0128012 0.0008985 -0.0007942 0.0028246 0.0318567 -0.0015626 0.0061726
-0.2063146 -0.2707913 -0.0019811 0.1439410 0.0646207 -0.1786174 -0.2029899 -0.3673889 -0.0380227 0.0497757 0.0860738 -0.2148638 -0.6060281 -0.7954220 -0.0058193 0.6039681 0.2711448 -0.7494685 -0.4816396 -0.8717133 -0.0902175 0.2102416 0.3635570 -0.9075378 -0.0007013 0.0013872 0.0006687 -0.0014696 0.0002330 0.0052309 0.0028487 0.0005204 0.0036260 -0.0019341 0.0007607 0.0067906 -0.0032748 0.0024938 0.0019566 0.0059373 0.0064874 0.0072181 0.0043440 -0.0031925 0.0081885 -0.0026729 0.0131893 0.0047767
-0.2070158 -0.2694041 -0.0013124 0.1424713 0.0648537 -0.1733866 -0.2001413 -0.3668685 -0.0343967 0.0478415 0.0868345 -0.2080732 -0.6093029 -0.7929282 -0.0038626 0.6099055 0.2776322 -0.7422504 -0.4772956 -0.8749058 -0.0820290 0.2075687 0.3767463 -0.9027610 -0.0008078 0.0006232 0.0003212 -0.0603433 0.0196483 -0.0141822 -0.0011761 0.0021248 -0.0038749 -0.0341969 0.0089906 -0.0110410 -0.0023802 0.0018306 0.0009454 -0.2391445 0.1038458 -0.1045145 -0.0039018 0.0030797 -0.0094493 -0.1506068 0.0232908 -0.0119661
-0.2078236 -0.2687809 -0.0009911 0.0821281 0.0845020 -0.1875687 -0.2013174 -0.3647437 -0.0382716 0.0136447 0.0958251 -0.2191142 -0.6116830 -0.7910976 -0.0029172 0.3707610 0.3814779 -0.8467650 -0.4811974 -0.8718261 -0.0914783 0.0569619 0.4000371 -0.9147271 -0.0001228 0.0001030 0.0001762 0.0689244 -0.0201159 0.0006415 -0.0001882 0.0000833 0.0002162 0.0401877 -0.0090431 0.0059632 -0.0003737 0.0002874 0.0005186 0.2363495 -0.1226971 0.0954665 -0.0004518 0.0001955 0.0005164 0.1708013 -0.0328649 0.0128909
-0.2079464 -0.2686779 -0.0008149 0.1510524 0.0643861 -0.1869272 -0.2015055 -0.3646604 -0.0380553 0.0538324 0.0867820 -0.2131511 -0.6120567 -0.7908102 -0.0023987 0.6071104 0.2587808 -0.7512985 -0.4816492 -0.8716306 -0.0909619 0.2277632 0.3671722 -0.9018362 -0.0005484 0.0001668 0.0004926 0.0013588 -0.0013452 -0.0030368 -0.0010011 0.0004220 -0.0002334 -0.0183521 0.0040990 -0.0271109 -0.0012471 0.0009637 0.0014506 -0.0012807 -0.0081953 -0.0038024 -0.0022343 0.0012937 -0.0005278 -0.0909398 -0.0167058 -0.0246910
-0.2084948 -0.2685111 -0.0003223 0.1524112 0.0630409 -0.1899640 -0.2025066 -0.3642384 -0.0382887 0.0354803 0.0908810 -0.2402619 -0.6133039 -0.7898465 -0.0009481 0.6058297 0.2505855 -0.7551008 -0.4838835 -0.8703369 -0.0914897 0.1368234 0.3504664 -0.9265272 -0.0013788 0.0216043 -0.0026256 -0.0051226 -0.0011848 -0.0214935 -0.0020182 0.0191268 0.0042247 0.0015920 0.0001794 -0.0225276 -0.0343227 0.0279429 -0.0081486 -0.0500609 -0.0171819 -0.0427988 -0.0241170 0.0131456 0.0068814 -0.0046958 -0.0259220 -0.0100694
-0.2098735 -0.2469068 -0.0029479 0.1472886 0.0618561 -0.2114576 -0.2045248 -0.3451116 -0.0340640 0.0370722 0.0910604 -0.2627895 -0.6476266 -0.7619036 -0.0090967 0.5557688 0.2334036 -0.7978996 -0.5080005 -0.8571913 -0.0846084 0.1321276 0.3245444 -0.9365966 0.0002117 0.0029522 0.0003100 0.0063672 -0.0024071 0.0006400 -0.0008883 0.0031707 -0.0005364 0.0048842 -0.0038881 -0.0061656 -0.0041422 0.0035302 0.0008963 0.0185167 -0.0112141 0.0099732 -0.0050269 0.0031801 -0.0018075 0.0146627 -0.0195601 -0.0043801
-0.2096619 -0.2439546 -0.0026379 0.1536558 0.0594490 -0.2108175 -0.2054131 -0.3419409 -0.0346004 0.0419564 0.0871723 -0.2689552 -0.6517688 -0.7583734 -0.0082004 0.5742855 0.2221895 -0.7879264 -0.5130274 -0.8540112 -0.0864159 0.1467902 0.3049843 -0.9409767 0.0032002 -0.0116363 -0.0025022 -0.0058660 0.0026012 -0.0045834 0.0010226 -0.0116083 -0.0028020 0.0001315 0.0006515 -0.0009124 0.0234664 -0.0194386 -0.0074419 -0.0238480 0.0089142 -0.0143264 0.0146200 -0.0081208 -0.0047902 -0.0000927 0.0011262 0.0003513
-0.2064616 -0.2555908 -0.0051401 0.1477897 0.0620502 -0.2154009 -0.2043904 -0.3535492 -0.0374024 0.0420879 0.0878238 -0.2698676 -0.6283024 -0.7778119 -0.0156423 0.5504375 0.2311037 -0.8022528 -0.4984074 -0.8621320 -0.0912061 0.1466975 0.3061105 -0.9406254 -0.0000978 -0.0031594 0.0002316 0.0002564 0.0000986 0.0023933 0.0002040 -0.0030541 -0.0000659 0.0032778 0.0012032 0.0054958 0.0044880 -0.0036200 0.0008186 0.0045745 0.0018867 0.0037059 0.0035636 -0.0020927 0.0004019 0.0138183 0.0088911 0.0052065
-0.2065594 -0.2587502 -0.0049085 0.1480461 0.0621488 -0.2130076 -0.2041864 -0.3566033 -0.0374683 0.0453656 0.0890270 -0.2643718 -0.6238144 -0.7814319 -0.0148238 0.5550120 0.2329904 -0.7985469 -0.4948438 -0.8642246 -0.0908042 0.1605158 0.3150016 -0.9354190 -0.0016960 -0.0017120 0.0030249 -0.0581761 0.0104620 -0.0048049 0.0004266 -0.0013357 0.0021335 0.0012862 -0.0038509 0.0284253 -0.0006615 0.0004082 0.0091756 -0.1905148 0.0615065 -0.0848632 0.0019377 -0.0016491 0.0053272 0.0223239 0.0188244 0.0106867
-0.2082554 -0.2604622 -0.0018836 0.0898700 0.0726108 -0.2178125 -0.2037598 -0.3579390 -0.0353349 0.0466518 0.0851761 -0.2359465 -0.6244759 -0.7810237 -0.0056482 0.3644972 0.2944969 -0.8834101 -0.4929060 -0.8658737 -0.0854770 0.1828397 0.3338260 -0.9247323 -0.0003956 -0.0026645 -0.0009611 0.0562828 -0.0162285 0.0326386 -0.0000449 -0.0026050 -0.0010851 0.0015420 -0.0006666 0.0062692 0.0031688 -0.0024977 -0.0028227 0.2380784 -0.0620375 0.1199540 0.0027057 -0.0013229 -0.0021220 0.0103744 0.0049821 0.0039298
-0.2086510 -0.2631268 -0.0028447 0.1461528 0.0563823 -0.1851738 -0.2038048 -0.3605441 -0.0364200 0.0481937 0.0845095 -0.2296774 -0.6213070 -0.7835214 -0.0084709 0.6025756 0.2324595 -0.7634561 -0.4902004 -0.8671966 -0.0875990 0.1932142 0.3388082 -0.9208025 0.0000656 -0.0001640 -0.0006670 0.0013100 -0.0001030 0.0016308 0.0017373 -0.0008575 0.0017190 0.0000983 -0.0012298 0.0048426 0.0003693 -0.0002688 -0.0019833 0.0065841 0.0000268 0.0052512 0.0038856 -0.0025868 0.0040843 0.0042366 0.0016957 0.0015255
-0.2085853 -0.2632907 -0.0035118 0.1474628 0.0562793 -0.1835431 -0.2020675 -0.3614016 -0.0347010 0.0482921 0.0832797 -0.2248348 -0.6209377 -0.7837902 -0.0104541 0.6091597 0.2324863 -0.7582049 -0.4863147 -0.8697835 -0.0835147 0.1974508 0.3405039 -0.9192771 0.0002477 -0.0006205 -0.0003345 0.0009029 -0.0009167 -0.0002119 0.0000789 -0.0007886 0.0001649 -0.0005894 -0.0008244 0.0011268 0.0013583 -0.0010605 -0.0009844 0.0024652 -0.0042588 0.0006911 0.0009305 -0.0005697 0.0005235 -0.0012607 -0.0013846 -0.0007814
-0.2083377 -0.2639113 -0.0038463 0.1483658 0.0553626 -0.1837550 -0.2019886 -0.3621902 -0.0345361 0.0477027 0.0824553 -0.2237080 -0.6195794 -0.7848507 -0.0114385 0.6116249 0.2282275 -0.7575138 -0.4853842 -0.8703531 -0.0829912 0.1961901 0.3391193 -0.9200585 -0.0008528 -0.0019891 0.0012454 0.0023718 -0.0005217 -0.0015796 0.0000500 -0.0015558 0.0000832 0.0023866 -0.0018396 -0.0019001 0.0012850 -0.0010583 0.0037512 0.0033578 -0.0044862 0.0013815 0.0016589 -0.0009670 0.0004624 0.0084578 -0.0097513 -0.0016985
-0.2091905 -0.2659004 -0.0026009 0.1507376 0.0548409 -0.1853345 -0.2019386 -0.3637460 -0.0344529 0.0500894 0.0806157 -0.2256081 -0.6182944 -0.7859090 -0.0076873 0.6149827 0.2237412 -0.7561323 -0.4837253 -0.8713202 -0.0825288 0.2046479 0.3293680 -0.9217570 -0.0004433 -0.0002099 0.0005989 -0.0026532 -0.0016403 -0.0161059 0.0007776 0.0008239 -0.0021473 -0.0040723 -0.0037932 -0.0249510 -0.0005145 0.0003897 0.0017778 -0.0356504 -0.0156110 -0.0319386 0.0008092 0.0000728 -0.0053353 -0.0317041 -0.0406496 -0.0199075
-0.2096338 -0.2661102 -0.0020020 0.1480843 0.0532006 -0.2014404 -0.2011609 -0.3629221 -0.0366002 0.0460171 0.0768225 -0.2505591 -0.6188089 -0.7855193 -0.0059095 0.5793324 0.2081303 -0.7880709 -0.4829161 -0.8712473 -0.0878641 0.1729438 0.2887184 -0.9416646 -0.0004078 -0.0005897 0.0007390 -0.0374761 0.0049907 -0.0498387 -0.0001823 -0.0004769 0.0004821 0.0027020 -0.0130642 -0.0279490 0.0000966 -0.0000895 0.0021893 -0.1852109 -0.0007818 -0.1072920 0.0000972 -0.0001794 0.0012533 -0.0048526 -0.0687385 -0.0192487
-0.2100416 -0.2667000 -0.0012630 0.1106082 0.0581913 -0.2512791 -0.2013433 -0.3633990 -0.0361181 0.0487190 0.0637583 -0.2785082 -0.6187123 -0.7856089 -0.0037202 0.3941215 0.2073485 -0.8953630 -0.4828189 -0.8714267 -0.0866107 0.1680912 0.2199799 -0.9609132 0.0010625 0.0001356 -0.0024814 0.0527502 -0.0187459 0.0088233 -0.0001174 -0.0002652 -0.0016391 0.0131635 -0.0101794 -0.0245013 0.0017764 -0.0013269 -0.0073336 0.1596302 -0.0736366 0.0734870 0.0002195 0.0002682 -0.0038366 0.0290682 -0.0492762 -0.0044823
-0.2089791 -0.2665644 -0.0037444 0.1633584 0.0394454 -0.2424558 -0.2014606 -0.3636642 -0.0377572 0.0618826 0.0535789 -0.3030095 -0.6169359 -0.7869358 -0.0110539 0.5537517 0.1337119 -0.8218760 -0.4825994 -0.8711585 -0.0904474 0.1971594 0.1707037 -0.9653955 -0.0025423 0.0488693 0.0030060 0.0003171 -0.0002037 -0.0002250 -0.0036153 0.0462546 0.0113834 0.0028107 -0.0000757 -0.0091053 -0.0799260 0.0697346 0.0086214 0.0004487 -0.0008407 0.0001661 -0.0587628 0.0332565 0.0208256 0.0030004 -0.0051657 -0.0002821
-0.2115215 -0.2176951 -0.0007383 0.1636755 0.0392417 -0.2426808 -0.2050759 -0.3174096 -0.0263738 0.0646932 0.0535032 -0.3121147 -0.6968619 -0.7172012 -0.0024324 0.5542005 0.1328712 -0.8217099 -0.5413622 -0.8379020 -0.0696218 0.2001598 0.1655380 -0.9656776 -0.0008895 -0.0050259 0.0009336 0.0048784 0.0011907 0.0023294 -0.0006506 -0.0046258 -0.0005186 0.0000736 0.0031127 -0.0000315 0.0067031 -0.0064565 0.0030670 0.0145963 0.0035706 0.0106279 0.0043350 -0.0027369 -0.0005778 -0.0001282 0.0093196 0.0016173
-0.2124110 -0.2227210 0.0001953 0.1685540 0.0404324 -0.2403514 -0.2057265 -0.3220353 -0.0268923 0.0647668 0.0566159 -0.3121462 -0.6901588 -0.7236577 0.0006346 0.5687967 0.1364419 -0.8110819 -0.5370272 -0.8406389 -0.0701996 0.2000316 0.1748576 -0.9640603 0.0002067 0.0032077 0.0003014 0.0013779 0.0014651 0.0052931 0.0004458 0.0033210 -0.0000511 0.0045480 0.0045070 0.0127234 -0.0048761 0.0046835 0.0009924 0.0110552 0.0065233 0.0090017 -0.0031012 0.0020475 -0.0006931 0.0211669 0.0201988 0.0085373
-0.2122043 -0.2195133 0.0004967 0.1699319 0.0418975 -0.2350583 -0.2052807 -0.3187143 -0.0269434 0.0693148 0.0611229 -0.2994228 -0.6950349 -0.7189742 0.0016270 0.5798520 0.1429652 -0.8020802 -0.5401284 -0.8385914 -0.0708927 0.2211985 0.1950564 -0.9555230 -0.0054448 -0.0500023 0.0078905 -0.0683970 0.0313925 -0.0082843 0.0023018 -0.0419604 -0.0106738 -0.0224582 0.0180433 0.0242138 0.0669457 -0.0587907 0.0225767 -0.2088424 0.1248371 -0.0870957 0.0516982 -0.0293039 -0.0196259 -0.0597228 0.0777638 0.0071060
-0.2176491 -0.2695156 0.0083872 0.1015349 0.0732900 -0.2433425 -0.2029789 -0.3606747 -0.0376172 0.0468566 0.0791662 -0.2752090 -0.6280891 -0.7777649 0.0242037 0.3710095 0.2678023 -0.8891759 -0.4884303 -0.8678953 -0.0905187 0.1614756 0.2728202 -0.9484170 0.0045644 0.0493159 -0.0088482 -0.0088677 0.0049470 0.0116039 -0.0036508 0.0421938 0.0064799 -0.0111859 0.0064275 0.0321857 -0.0673116 0.0591443 -0.0257083 -0.0167162 0.0313201 0.0031726 -0.0540273 0.0317986 0.0087749 -0.0243407 0.0562428 0.0141196
-0.2130848 -0.2201998 -0.0004610 0.0926672 0.0782370 -0.2317387 -0.2066297 -0.3184809 -0.0311373 0.0356707 0.0855937 -0.2430233 -0.6954008 -0.7186206 -0.0015046 0.3542934 0.2991225 -0.8860034 -0.5424576 -0.8360967 -0.0817437 0.1371350 0.3290630 -0.9342974 -0.0001305 -0.0005948 0.0009619 -0.0064278 0.0016129 0.0103031 0.0004079 -0.0014791 0.0040806 -0.0027706 -0.0000510 0.0130712 0.0007494 -0.0007241 0.0031363 -0.0102893 0.0193942 0.0027094 0.0020725 -0.0023287 0.0108442 -0.0042292 0.0165029 0.0053623
-0.2132153 -0.2207946 0.0005008 0.0862394 0.0798499 -0.2214356 -0.2062218 -0.3199600 -0.0270567 0.0329000 0.0855427 -0.2299522 -0.6946514 -0.7193447 0.0016316 0.3440041 0.3185167 -0.8832940 -0.5403851 -0.8384254 -0.0708995 0.1329058 0.3455658 -0.9289350 -0.0006581 -0.0036224 0.0017862 -0.0140834 0.0060127 0.0257770 -0.0005854 -0.0034191 0.0010793 0.0001217 0.0000784 0.0136467 0.0047733 -0.0045433 0.0057455 -0.0240563 0.0622079 0.0157214 0.0028482 -0.0021072 0.0033787 0.0076318 0.0188306 0.0083567
-0.2138734 -0.2244170 0.0022870 0.0721560 0.0858626 -0.1956586 -0.2068072 -0.3233791 -0.0259774 0.0330217 0.0856211 -0.2163055 -0.6898781 -0.7238880 0.0073771 0.3199478 0.3807245 -0.8675726 -0.5375369 -0.8405326 -0.0675209 0.1405376 0.3643964 -0.9205783 -0.0005282 -0.0006623 0.0009364 0.0013919 -0.0008190 0.0014609 -0.0007886 -0.0005227 0.0003860 -0.0289316 0.0028492 -0.0091654 0.0001920 -0.0001462 0.0029919 0.0078087 -0.0017390 0.0021561 -0.0008776 0.0004704 0.0011477 -0.1236532 0.0008193 -0.0101915
-0.2144016 -0.2250793 0.0032234 0.0735479 0.0850436 -0.1941978 -0.2075958 -0.3239017 -0.0255914 0.0040901 0.0884703 -0.2254708 -0.6896861 -0.7240342 0.0103691 0.3277565 0.3789855 -0.8654165 -0.5384144 -0.8400622 -0.0663732 0.0168844 0.3652157 -0.9307698 -0.0001291 0.0000235 0.0002232 0.0019547 -0.0002640 0.0005600 -0.0002004 -0.0000456 0.0004410 0.0013778 -0.0004137 0.0018554 -0.0002501 0.0002490 0.0007154 0.0086128 -0.0012865 0.0027467 -0.0003559 0.0001370 0.0011636 0.0058617 0.0010904 0.0005535
-0.2145307 -0.2250558 0.0034466 0.0755026 0.0847796 -0.1936378 -0.2077962 -0.3239474 -0.0251504 0.0054679 0.0880566 -0.2236154 -0.6899362 -0.7237853 0.0110845 0.3363692 0.3776990 -0.8626698 -0.5387703 -0.8399252 -0.0652096 0.0227461 0.3663061 -0.9302163 -0.0003456 -0.0006606 0.0003129 0.0050770 -0.0035221 -0.0099234 -0.0002333 -0.0008155 0.0008775 0.0253169 -0.0027824 0.0087364 0.0004855 -0.0004469 0.0009782 0.0086912 -0.0297355 -0.0090266 0.0004484 -0.0004701 0.0023982 0.1092519 -0.0006704 0.0088657
-0.2148763 -0.2257164 0.0037595 0.0805796 0.0812575 -0.2035612 -0.2080294 -0.3247628 -0.0242729 0.0307848 0.0852742 -0.2148790 -0.6894507 -0.7242322 0.0120627 0.3450604 0.3479635 -0.8716964 -0.5383219 -0.8403953 -0.0628115 0.1319980 0.3656357 -0.9213507 0.0007200 -0.0019418 -0.0008558 0.0091238 -0.0075232 -0.0121451 0.0002196 -0.0021300 -0.0003079 0.0077895 -0.0102246 -0.0210860 0.0043026 -0.0041124 -0.0027729 0.0211134 -0.0469762 -0.0088280 0.0029146 -0.0018210 -0.0005193 0.0219302 -0.0661550 -0.0202530
-0.2141563 -0.2276582 0.0029037 0.0897034 0.0737343 -0.2157063 -0.2078098 -0.3268928 -0.0245808 0.0385742 0.0750496 -0.2359650 -0.6851481 -0.7283446 0.0092898 0.3661738 0.3009873 -0.8805245 -0.5354073 -0.8422163 -0.0633307 0.1539281 0.2994808 -0.9416036 0.0006592 0.0008536 -0.0019105 0.0060507 -0.0096006 -0.0260808 0.0005451 0.0002477 0.0003451 0.0046034 -0.0054139 -0.0342760 -0.0002708 0.0002026 -0.0061012 -0.0086809 -0.0615473 -0.0221755 0.0006850 -0.0004952 0.0008049 -0.0010267 -0.0528859 -0.0153771
-0.2134971 -0.2268046 0.0009932 0.0957540 0.0641337 -0.2417871 -0.2072647 -0.3266451 -0.0242358 0.0431777 0.0696357 -0.2702410 -0.6854189 -0.7281420 0.0031885 0.3574929 0.2394400 -0.9027000 -0.5347222 -0.8427115 -0.0625258 0.1529014 0.2465948 -0.9569808 0.0004140 0.0038068 -0.0016940 0.0021490 -0.0018679 -0.0043544 -0.0000857 0.0034509 -0.0003734 -0.0014623 -0.0022753 -0.0054664 -0.0054307 0.0051471 -0.0054607 0.0022901 -0.0106201 -0.0018428 -0.0041608 0.0027623 -0.0014308 -0.0074837 -0.0117800 -0.0041205
-0.2130830 -0.2229978 -0.0007008 0.0979031 0.0622658 -0.2461415 -0.2073505 -0.3231941 -0.0246091 0.0417154 0.0673604 -0.2757074 -0.6908496 -0.7229949 -0.0022721 0.3597830 0.2288199 -0.9045428 -0.5388831 -0.8399492 -0.0639566 0.1454177 0.2348148 -0.9611013 -0.0002724 -0.0005232 -0.0001135 0.0001963 0.0000258 -0.0008581 0.0009517 -0.0004278 -0.0001955 -0.0004213 -0.0000227 -0.0008739 0.0003856 -0.0003670 -0.0003632 -0.0004048 -0.0006204 -0.0003176 0.0022787 -0.0014170 -0.0005315 -0.0018560 -0.0007107 -0.0004523
-0.2133554 -0.2235210 -0.0008143 0.0980994 0.0622916 -0.2469996 -0.2063988 -0.3236220 -0.0248046 0.0412941 0.0673377 -0.2765813 -0.6904640 -0.7233620 -0.0026353 0.3593782 0.2281995 -0.9048604 -0.5366043 -0.8413662 -0.0644882 0.1435617 0.2341041 -0.9615536 -0.0048569 -0.0449278 0.0055908 0.0501201 -0.0062206 0.0433464 0.0014200 -0.0402994 -0.0072156 0.0006011 -0.0000248 0.0023391 0.0597613 -0.0525398 0.0164408 0.2150142 -0.0109086 0.1156468 0.0472824 -0.0273807 -0.0119501 0.0031953 0.0016900 0.0008957
-0.2182124 -0.2684488 0.0047765 0.1482195 0.0560710 -0.2036532 -0.2049788 -0.3639214 -0.0320203 0.0418952 0.0673129 -0.2742422 -0.6307027 -0.7759018 0.0138055 0.5743924 0.2172909 -0.7892136 -0.4893219 -0.8687469 -0.0764382 0.1467570 0.2357940 -0.9606579 -0.0003723 0.0000871 0.0011830 -0.0556237 0.0190069 -0.0123242 -0.0004340 0.0003781 0.0004154 -0.0014404 0.0105991 0.0449522 -0.0007370 0.0006679 0.0034099 -0.1990426 0.0870477 -0.0862809 -0.0012085 0.0005973 0.0009652 0.0180141 0.0815388 0.0267679
-0.2185847 -0.2683617 0.0059595 0.0925958 0.0750779 -0.2159774 -0.2054128 -0.3635433 -0.0316048 0.0404548 0.0779120 -0.2292900 -0.6314397 -0.7752338 0.0172155 0.3753498 0.3043387 -0.8754945 -0.4905304 -0.8681496 -0.0754731 0.1647710 0.3173328 -0.9338899 0.0022091 0.0314876 -0.0032319 -0.0042888 0.0018161 0.0059993 -0.0024227 0.0279230 0.0056883 -0.0018446 0.0010783 0.0059566 -0.0429738 0.0369289 -0.0087139 -0.0080464 0.0154937 0.0021128 -0.0348224 0.0197907 0.0099629 -0.0039065 0.0117705 0.0033989
-0.2163755 -0.2368741 0.0027276 0.0883070 0.0768940 -0.2099782 -0.2078355 -0.3356203 -0.0259166 0.0386102 0.0789903 -0.2233334 -0.6744135 -0.7383049 0.0085015 0.3673033 0.3198323 -0.8733817 -0.5253528 -0.8483589 -0.0655102 0.1608645 0.3291033 -0.9304910 0.0000000 0.0000000 0.0000000 0.0000000 0.0000000 0.0000000 0.0000000 0.0000000 0.0000000 0.0000000 0.0000000 0.0000000 0.0000000 0.0000000 0.0000000 0.0000000 0.0000000 0.0000000 0.0000000 0.0000000 0.0000000 0.0000000 0.0000000 0.0000000
