-0.0790818 -0.2378127 -0.1450937 0.5197772 0.3267866 -0.0545925 -0.0457337 -0.3273329 -0.1595387 0.5462258 0.3710539 -0.1039942 -0.2730842 -0.8212116 -0.5010355 0.8432586 0.5301610 -0.0885680 -0.1246142 -0.8919086 -0.4347072 0.8171226 0.5550755 -0.1555694 0.0345403 0.0584765 -0.0083216 -0.1082662 0.1408464 0.0043231 0.0402898 0.0607902 -0.0080583 -0.0913247 0.1417920 0.0194789 0.0876261 0.0745066 -0.1377422 -0.1847768 0.2181246 0.0081291 0.1073265 0.0454785 -0.0975120 -0.1585292 0.1874089 0.0332105
-0.0445415 -0.1793362 -0.1534153 0.4115110 0.4676330 -0.0502694 -0.0054439 -0.2665427 -0.1675970 0.4549011 0.5128459 -0.0845152 -0.1854581 -0.7467050 -0.6387777 0.6584817 0.7482856 -0.0804389 -0.0172877 -0.8464301 -0.5322192 0.6585935 0.7424843 -0.1223589 0.0020631 0.0000620 -0.0000142 -0.0818574 -0.0529726 -0.0388481 0.0035842 0.0007455 0.0000732 -0.0923472 -0.1286846 0.0511761 0.0082868 -0.0010225 -0.0011550 -0.0448013 0.0236427 -0.0854615 0.0113686 0.0004561 -0.0009721 0.0264018 -0.0166649 0.0593692
-0.0424784 -0.1792742 -0.1534295 0.3296536 0.4146603 -0.0891175 -0.0018597 -0.2657973 -0.1675238 0.3625539 0.3841613 -0.0333391 -0.1771713 -0.7477275 -0.6399328 0.6136804 0.7719284 -0.1659004 -0.0059191 -0.8459740 -0.5331913 0.6849953 0.7258194 -0.0629897 0.0296307 0.0033197 -0.0810505 -0.0057350 -0.0321934 -0.0749117 0.0312103 0.0038404 -0.0795178 0.0003339 0.0094374 -0.1067368 0.1333879 0.1480968 -0.1591455 0.0005449 -0.0466817 -0.1451373 0.0871629 0.1208639 -0.1506324 -0.0292285 -0.0145557 -0.1901386
-0.0128477 -0.1759545 -0.2344800 0.3239186 0.3824669 -0.1640292 0.0293505 -0.2619569 -0.2470416 0.3628879 0.3935987 -0.1400760 -0.0437834 -0.5996307 -0.7990782 0.6142254 0.7252467 -0.3110377 0.0812438 -0.7251100 -0.6838237 0.6557668 0.7112637 -0.2531282 -0.0247569 0.0006882 0.0030103 -0.0426706 -0.0340572 -0.0308163 -0.0268369 0.0004617 -0.0014586 -0.0656459 -0.0153980 -0.0639562 -0.0846635 0.0009694 0.0084417 -0.0382730 -0.0117573 -0.0879759 -0.0742760 0.0002387 -0.0050253 -0.0868946 0.0125503 -0.1373558
-0.0376046 -0.1752663 -0.2314697 0.2812479 0.3484097 -0.1948455 0.0025136 -0.2614952 -0.2485002 0.2972419 0.3782007 -0.2040321 -0.1284469 -0.5986613 -0.7906365 0.5759524 0.7134893 -0.3990136 0.0069678 -0.7248714 -0.6888490 0.5688722 0.7238140 -0.3904840 0.0048680 -0.0024127 -0.0015690 -0.0196338 -0.0091729 0.0004667 0.0055984 -0.0020678 -0.0015786 -0.0443696 -0.0200040 -0.0209305 0.0174267 -0.0039052 0.0003276 -0.0198382 0.0076275 -0.0141782 0.0153539 -0.0003676 0.0007137 -0.0557443 0.0030377 -0.0660096
-0.0327366 -0.1776790 -0.2330386 0.2616141 0.3392367 -0.1943788 0.0081121 -0.2635630 -0.2500789 0.2528723 0.3581966 -0.2249626 -0.1110202 -0.6025665 -0.7903089 0.5561142 0.7211169 -0.4131918 0.0223217 -0.7252390 -0.6881352 0.5131279 0.7268517 -0.4564936 0.0045485 -0.0001722 -0.0007563 -0.0473475 -0.0050161 -0.0300007 0.0049811 0.0000162 -0.0006636 -0.0448327 -0.0033615 -0.0258481 0.0155009 -0.0001087 -0.0019402 -0.0862582 0.0117812 -0.0788404 0.0136478 0.0012207 -0.0007070 -0.0812971 0.0096847 -0.0641179
-0.0281880 -0.1778511 -0.2337949 0.2142666 0.3342207 -0.2243795 0.0130931 -0.2635467 -0.2507424 0.2080396 0.3548352 -0.2508108 -0.0955193 -0.6026752 -0.7922491 0.4698560 0.7328981 -0.4920322 0.0359696 -0.7240183 -0.6888423 0.4318308 0.7365364 -0.5206115 0.0012552 0.0000971 -0.0002308 -0.0063194 -0.0045087 0.0092947 0.0013441 0.0001066 -0.0000624 -0.0400533 -0.0164520 -0.0116257 0.0042556 0.0003437 -0.0007627 -0.0027812 0.0076753 0.0089254 0.0036907 0.0003259 -0.0001399 -0.0666392 -0.0009129 -0.0499086
-0.0269328 -0.1777540 -0.2340257 0.2079472 0.3297120 -0.2150848 0.0144372 -0.2634401 -0.2508048 0.1679864 0.3383832 -0.2624364 -0.0912637 -0.6023314 -0.7930118 0.4670748 0.7405734 -0.4831068 0.0396602 -0.7236924 -0.6889822 0.3651916 0.7356235 -0.5705201 0.0125989 0.0131458 0.0651034 0.0061413 0.0165105 0.0778041 0.0131971 0.0132908 0.0658656 -0.0034217 0.0131830 0.0614833 0.0306032 -0.0942857 0.0781378 0.0312775 0.0653585 0.1635466 0.0488217 -0.0772589 0.0968267 0.0112945 0.0686790 0.1107856
-0.0143339 -0.1646082 -0.1689223 0.2140885 0.3462225 -0.1372807 0.0276343 -0.2501493 -0.1849392 0.1645647 0.3515662 -0.2009531 -0.0606606 -0.6966172 -0.7148740 0.4983522 0.8059320 -0.3195602 0.0884819 -0.8009512 -0.5921554 0.3764861 0.8043025 -0.4597344 -0.0068419 0.0241553 0.0070417 -0.0506905 -0.0033861 -0.0337722 -0.0057716 0.0253095 0.0040410 -0.0428075 -0.0012690 -0.0189616 -0.0376657 0.0444454 -0.0367934 -0.1060657 0.0171512 -0.0911044 -0.0129384 0.0240467 -0.0329146 -0.0940891 0.0081582 -0.0503239
-0.0211757 -0.1404529 -0.1618805 0.1633979 0.3428364 -0.1710529 0.0218627 -0.2248398 -0.1808982 0.1217571 0.3502972 -0.2199147 -0.0983263 -0.6521718 -0.7516674 0.3922865 0.8230831 -0.4106646 0.0755435 -0.7769045 -0.6250700 0.2823970 0.8124607 -0.5100584 0.0001432 0.0041432 0.0005271 0.0002236 0.0015239 0.0034429 -0.0005832 0.0037529 0.0006322 -0.0035647 0.0018363 -0.0005193 -0.0007584 0.0100126 -0.0084732 0.0005884 0.0037675 0.0082129 -0.0011545 0.0040249 -0.0051073 -0.0087554 0.0028061 -0.0002948
-0.0210325 -0.1363097 -0.1613534 0.1636215 0.3443603 -0.1676100 0.0212794 -0.2210869 -0.1802660 0.1181924 0.3521335 -0.2204339 -0.0990847 -0.6421592 -0.7601407 0.3928749 0.8268506 -0.4024517 0.0743891 -0.7728796 -0.6301773 0.2736416 0.8152668 -0.5103531 -0.0038941 0.0044592 0.0018204 -0.0103702 -0.0034978 -0.0034063 -0.0049018 0.0041269 0.0010986 -0.0137563 -0.0021003 -0.0043803 -0.0204888 0.0096691 -0.0051426 -0.0199995 0.0025017 -0.0136477 -0.0162820 0.0031154 -0.0055008 -0.0301548 0.0008154 -0.0137881
-0.0249266 -0.1318506 -0.1595330 0.1532513 0.3408626 -0.1710163 0.0163776 -0.2169599 -0.1791674 0.1044362 0.3500333 -0.2248142 -0.1195735 -0.6324900 -0.7652833 0.3728754 0.8293523 -0.4160994 0.0581070 -0.7697642 -0.6356781 0.2434868 0.8160822 -0.5241413 -0.0647935 -0.0711823 0.0116938 -0.0649327 -0.0181951 0.0236337 -0.0550099 -0.0940802 0.0052246 -0.0710750 -0.0325596 0.0214390 -0.2168356 -0.1287903 0.2109538 -0.1312791 0.0533074 0.0129331 -0.1658795 -0.0979447 0.1504294 -0.1553469 0.0226807 -0.0131745
-0.0897201 -0.2030329 -0.1478393 0.0883186 0.3226674 -0.1473826 -0.0386323 -0.3110401 -0.1739429 0.0333611 0.3174736 -0.2033752 -0.3364092 -0.7612803 -0.5543295 0.2415963 0.8826597 -0.4031663 -0.1077725 -0.8677090 -0.4852486 0.0881399 0.8387628 -0.5373158 0.0718857 0.0401750 -0.0212466 0.0611968 0.0274648 -0.0274882 0.0558062 0.0598762 -0.0127923 0.0737096 0.0417622 -0.0189491 0.2606594 0.0695556 -0.1638480 0.1152765 -0.0469414 -0.0142265 0.1625634 0.0664098 -0.1105010 0.1575342 -0.0144949 0.0271918
-0.0178343 -0.1628578 -0.1690858 0.1495153 0.3501323 -0.1748708 0.0171740 -0.2511638 -0.1867352 0.1070707 0.3592359 -0.2223244 -0.0757498 -0.6917246 -0.7181776 0.3568729 0.8357183 -0.4173928 0.0547909 -0.8012992 -0.5957496 0.2456741 0.8242680 -0.5101240 -0.0578993 -0.0333752 0.0241896 -0.0404253 -0.0285499 0.0282951 -0.0620054 -0.0349016 0.0242301 -0.0335708 -0.0274197 0.0327044 -0.2207598 -0.0765599 0.1508850 -0.0619275 0.0337400 0.0210980 -0.1898087 -0.0602375 0.1063370 -0.0568151 0.0283386 0.0228928
-0.0757336 -0.1962330 -0.1448962 0.1090900 0.3215824 -0.1465757 -0.0448315 -0.2860654 -0.1625050 0.0734999 0.3318161 -0.1896199 -0.2965096 -0.7682846 -0.5672926 0.2949454 0.8694582 -0.3962948 -0.1350178 -0.8615367 -0.4894126 0.1888590 0.8526066 -0.4872312 -0.0074981 -0.0017307 -0.0000750 0.0063454 0.0042528 -0.0065144 -0.0112035 -0.0030310 0.0005059 0.0320445 0.0030498 0.0142340 -0.0247218 0.0042465 0.0077784 0.0103897 -0.0076006 -0.0086397 -0.0317053 0.0013758 0.0074098 0.0800623 0.0006138 0.0403573
-0.0832317 -0.1979638 -0.1449712 0.1154354 0.3258351 -0.1530901 -0.0560350 -0.2890965 -0.1619991 0.1055443 0.3348659 -0.1753859 -0.3212314 -0.7640381 -0.5595142 0.3053351 0.8618576 -0.4049345 -0.1667232 -0.8601609 -0.4820028 0.2689213 0.8532204 -0.4468740 -0.0084999 -0.0053623 0.0033544 0.0249874 -0.0026482 0.0186895 0.0028277 -0.0342314 -0.0044157 0.0188685 -0.0000164 0.0127364 -0.0259492 -0.0054991 0.0235309 0.0670046 -0.0049080 0.0485632 0.0219466 -0.0196117 0.0291893 0.0480526 -0.0001043 0.0324822
-0.0917316 -0.2033261 -0.1416168 0.1404228 0.3231869 -0.1344006 -0.0532073 -0.3233279 -0.1664149 0.1244128 0.3348495 -0.1626495 -0.3471806 -0.7695372 -0.5359833 0.3723397 0.8569496 -0.3563714 -0.1447766 -0.8797725 -0.4528135 0.3169739 0.8531161 -0.4143918 -0.0098111 -0.0045626 0.0030041 0.0195765 0.0027873 0.0042565 -0.0102676 -0.0022782 0.0011668 0.0404455 0.0036000 0.0090389 -0.0293113 -0.0012561 0.0220461 0.0424444 -0.0118909 0.0189845 -0.0264926 0.0012159 0.0069379 0.0884831 -0.0207242 0.0365977
-0.1015427 -0.2078887 -0.1386127 0.1599994 0.3259742 -0.1301441 -0.0634749 -0.3256061 -0.1652481 0.1648583 0.3384495 -0.1536106 -0.3764919 -0.7707934 -0.5139372 0.4147840 0.8450588 -0.3373869 -0.1712692 -0.8785567 -0.4458756 0.4054570 0.8323919 -0.3777941 -0.0072029 -0.0024834 0.0011195 0.0469815 0.0094948 0.0007031 -0.0113303 0.0008393 0.0060661 0.0418735 0.0060137 0.0133147 -0.0206269 0.0025534 0.0118375 0.0840948 -0.0364896 0.0253999 -0.0312712 -0.0007723 0.0148791 0.0803648 -0.0228999 0.0480974
-0.1087456 -0.2103721 -0.1374932 0.2069809 0.3354690 -0.1294410 -0.0748052 -0.3247668 -0.1591820 0.2067318 0.3444632 -0.1402959 -0.3971188 -0.7682399 -0.5020997 0.4988788 0.8085691 -0.3119870 -0.2025404 -0.8793289 -0.4309965 0.4858218 0.8094920 -0.3296967 -0.0099749 -0.0050758 0.0046050 0.0260614 -0.0235602 -0.0101581 -0.0142071 -0.0019770 0.0055271 0.0522190 0.0050404 0.0283426 -0.0275019 -0.0023400 0.0268062 0.0645388 -0.0544789 -0.0255163 -0.0368173 0.0007013 0.0178122 0.0907047 -0.0313592 0.0804447
-0.1187205 -0.2154479 -0.1328882 0.2330423 0.3119088 -0.1395990 -0.0890123 -0.3267438 -0.1536549 0.2589508 0.3495036 -0.1119533 -0.4246207 -0.7705799 -0.4752935 0.5634176 0.7540902 -0.3375033 -0.2393578 -0.8786276 -0.4131844 0.5765265 0.7781327 -0.2492520 -0.0078652 -0.0010331 0.0062380 0.0352972 0.0034748 -0.0103278 -0.0132864 -0.0020900 0.0080512 0.0368052 -0.0026632 0.0225199 -0.0259558 0.0000251 0.0244874 0.0458928 -0.0379581 -0.0029310 -0.0342454 -0.0008551 0.0237599 0.0601808 -0.0314503 0.0567189
-0.1265857 -0.2164810 -0.1266502 0.2683395 0.3153836 -0.1499268 -0.1022987 -0.3288338 -0.1456037 0.2957560 0.3468404 -0.0894333 -0.4505765 -0.7705548 -0.4508060 0.6093104 0.7161322 -0.3404343 -0.2736031 -0.8794827 -0.3894245 0.6367074 0.7466825 -0.1925332 -0.0061670 -0.0468240 0.0048833 0.1037907 -0.0239926 0.0098895 -0.0019961 -0.0445839 0.0010566 0.1005302 -0.0239362 -0.1099573 0.0344627 -0.0547757 0.0691271 0.1455936 -0.1250158 0.0563544 0.0215481 -0.0229768 0.0400894 0.0855264 -0.1581879 -0.1708572
-0.1327527 -0.2633050 -0.1217669 0.3721302 0.2913910 -0.1400373 -0.1042948 -0.3734177 -0.1445471 0.3962863 0.3229042 -0.1993906 -0.4161138 -0.8253305 -0.3816789 0.7549040 0.5911163 -0.2840799 -0.2520551 -0.9024595 -0.3493351 0.7222338 0.5884946 -0.3633903 -0.0020023 -0.0003481 0.0015863 0.0983560 -0.0088666 0.0784076 -0.0061495 -0.0014719 0.0031521 0.0901200 -0.0017372 0.0798591 -0.0055821 0.0002666 0.0055912 0.0970465 -0.0795246 0.1724817 -0.0136842 0.0004396 0.0091253 0.0952534 -0.0487197 0.1624976
-0.1347549 -0.2636531 -0.1201806 0.4704861 0.2825244 -0.0616296 -0.1104442 -0.3748896 -0.1413950 0.4864063 0.3211670 -0.1195315 -0.4216959 -0.8250640 -0.3760878 0.8519506 0.5115917 -0.1115982 -0.2657393 -0.9020199 -0.3402098 0.8174871 0.5397748 -0.2008927 -0.0013335 -0.0001242 0.0009178 0.0224448 0.0059773 0.0459856 -0.0072060 0.0053263 0.0044722 0.0427064 0.0083918 0.0580129 -0.0037423 0.0004464 0.0032496 0.0107734 -0.0066583 0.0842180 -0.0203066 0.0034918 0.0073061 0.0272260 -0.0136437 0.1026799
-0.1360885 -0.2637773 -0.1192629 0.4929310 0.2885017 -0.0156441 -0.1176503 -0.3695633 -0.1369228 0.5291127 0.3295588 -0.0615187 -0.4254382 -0.8246175 -0.3728382 0.8627239 0.5049334 -0.0273801 -0.2860460 -0.8985281 -0.3329037 0.8447131 0.5261311 -0.0982128 -0.0003975 0.0001467 0.0005864 0.0079835 0.0281125 0.0954913 -0.0018101 -0.0028985 0.0023067 0.0071388 0.0309985 0.0975540 -0.0014690 0.0000211 0.0016362 -0.0249940 0.0245725 0.1609168 -0.0027383 -0.0018631 0.0074820 -0.0161396 0.0309737 0.1538917
-0.1364859 -0.2636306 -0.1186765 0.5009144 0.3166142 0.0798473 -0.1194604 -0.3724618 -0.1346161 0.5362514 0.3605573 0.0360353 -0.4269073 -0.8245964 -0.3712020 0.8377299 0.5295060 0.1335366 -0.2887842 -0.9003912 -0.3254217 0.8285735 0.5571048 0.0556789 -0.0018352 -0.0003147 0.0011704 -0.0018769 -0.0058618 0.0100726 -0.0010956 -0.0000766 0.0011354 -0.0150778 0.0013262 0.0092222 -0.0049088 0.0006019 0.0043670 0.0013844 -0.0069865 0.0176605 -0.0026352 -0.0001441 0.0027595 -0.0092537 0.0118003 0.0154690
-0.1383211 -0.2639453 -0.1175061 0.4990375 0.3107524 0.0899199 -0.1205560 -0.3725384 -0.1334807 0.5211737 0.3618835 0.0452576 -0.4318161 -0.8239945 -0.3668350 0.8391143 0.5225194 0.1511971 -0.2914194 -0.9005353 -0.3226622 0.8193198 0.5689051 0.0711479 -0.0010664 -0.0007342 0.0008520 -0.0095311 -0.0037665 0.0372243 -0.0006809 -0.0003929 0.0005363 -0.0099753 -0.0059429 0.0346425 -0.0023050 -0.0003470 0.0035171 -0.0117241 -0.0036352 0.0637088 -0.0013769 -0.0001222 0.0015915 -0.0053278 -0.0021333 0.0560787
-0.1393875 -0.2646795 -0.1166541 0.4895064 0.3069859 0.1271442 -0.1212369 -0.3729313 -0.1329444 0.5111984 0.3559406 0.0799001 -0.4341211 -0.8243416 -0.3633179 0.8273903 0.5188842 0.2149060 -0.2927963 -0.9006575 -0.3210708 0.8139921 0.5667718 0.1272266 -0.0002558 -0.0009379 0.0002435 0.0054051 -0.0003804 0.0080568 0.0003325 -0.0005660 -0.0000888 0.0327904 0.0008725 0.0422717 0.0002793 -0.0008745 0.0016554 0.0006615 -0.0058931 0.0113030 0.0011139 -0.0004068 0.0001275 0.0078170 -0.0277308 0.0573395
-0.1396433 -0.2656174 -0.1164105 0.4949115 0.3066055 0.1352010 -0.1209043 -0.3734973 -0.1330332 0.5439888 0.3568131 0.1221718 -0.4338418 -0.8252161 -0.3616625 0.8280517 0.5129911 0.2262090 -0.2916824 -0.9010643 -0.3209433 0.8218091 0.5390410 0.1845661 -0.0000801 -0.0076717 -0.0020292 0.0196339 -0.0083071 0.0427332 0.0011374 -0.0032019 -0.0021307 0.0157402 -0.0081990 0.0328305 0.0091437 -0.0054631 0.0016574 0.0007834 -0.0324889 0.0604093 0.0049877 -0.0006677 -0.0026081 0.0044962 -0.0243961 0.0442575
-0.1397234 -0.2732891 -0.1184398 0.5145454 0.2982984 0.1779342 -0.1197669 -0.3766992 -0.1351638 0.5597290 0.3486141 0.1550023 -0.4246980 -0.8306792 -0.3600051 0.8288351 0.4805022 0.2866183 -0.2866947 -0.9017320 -0.3235514 0.8263053 0.5146449 0.2288236 0.0061343 0.0004157 0.0012101 0.0009003 -0.0011190 0.0005919 0.0076577 -0.0050231 -0.0019897 0.0015525 -0.0013274 0.0014458 0.0144767 -0.0072521 0.0000196 0.0009423 -0.0020953 0.0007776 0.0202896 -0.0053545 -0.0023664 0.0011503 -0.0026659 0.0018162
-0.1335891 -0.2728734 -0.1172297 0.5154457 0.2971794 0.1785261 -0.1121092 -0.3817223 -0.1371535 0.5612815 0.3472867 0.1564481 -0.4102213 -0.8379313 -0.3599855 0.8297774 0.4784069 0.2873958 -0.2664051 -0.9070865 -0.3259178 0.8274556 0.5119790 0.2306398 0.0023612 -0.0005664 -0.0007919 0.0007731 0.0001434 0.0007891 0.0047600 0.0062455 -0.0009678 0.0011835 0.0001269 0.0016228 0.0070043 -0.0022527 -0.0026533 -0.0000073 -0.0004902 0.0008354 0.0072497 0.0006351 -0.0075255 0.0000125 -0.0008829 0.0019055
-0.1312279 -0.2734398 -0.1180216 0.5162188 0.2973228 0.1793152 -0.1073492 -0.3754768 -0.1381213 0.5624651 0.3474136 0.1580709 -0.4032170 -0.8401840 -0.3626387 0.8297701 0.4779167 0.2882312 -0.2591553 -0.9064514 -0.3334433 0.8274681 0.5110961 0.2325453 0.0068218 0.0010151 -0.0017918 -0.0027292 -0.0011895 -0.0022287 0.0127077 -0.0055539 -0.0062655 -0.0020745 -0.0012638 -0.0009282 0.0175380 -0.0043769 -0.0088024 0.0002480 0.0007610 -0.0019839 0.0329118 -0.0044150 -0.0117181 0.0000870 0.0000797 -0.0004853
-0.1244061 -0.2724247 -0.1198134 0.5134896 0.2961333 0.1770865 -0.0946415 -0.3810307 -0.1443868 0.5603905 0.3461498 0.1571427 -0.3856791 -0.8445609 -0.3714411 0.8300181 0.4786777 0.2862473 -0.2262436 -0.9108663 -0.3451614 0.8275551 0.5111757 0.2320600 0.0067134 0.0020440 -0.0034367 -0.0263549 0.0056033 -0.0261076 0.0091961 0.0031502 -0.0041451 -0.0443195 0.0053173 -0.0484559 0.0174359 -0.0014209 -0.0141906 -0.0079477 0.0305218 -0.0314610 0.0203101 0.0001293 -0.0128182 -0.0132745 0.0433852 -0.0605691
-0.1176926 -0.2703807 -0.1232501 0.4871346 0.3017366 0.1509789 -0.0854453 -0.3778805 -0.1485319 0.5160710 0.3514671 0.1086868 -0.3682431 -0.8459818 -0.3856317 0.8220704 0.5091995 0.2547864 -0.2059335 -0.9107371 -0.3579796 0.8142807 0.5545610 0.1714910 0.0045828 0.0021121 -0.0080136 -0.0063359 -0.0009588 -0.0226860 0.0046248 -0.0005230 -0.0055085 0.0131448 -0.0019956 0.0000175 0.0140688 0.0059675 -0.0253871 0.0048139 0.0080823 -0.0341466 0.0118739 0.0021460 -0.0118895 0.0081970 -0.0114320 -0.0025488
-0.1131098 -0.2682686 -0.1312638 0.4807987 0.3007778 0.1282928 -0.0808205 -0.3784035 -0.1540404 0.5292159 0.3494715 0.1087043 -0.3541743 -0.8400143 -0.4110189 0.8268843 0.5172818 0.2206398 -0.1940596 -0.9085911 -0.3698691 0.8224776 0.5431290 0.1689421 0.0059585 0.0013396 -0.0022326 0.0036639 0.0073238 -0.0110263 0.0129514 0.0021272 -0.0042230 0.0198593 -0.0306380 0.0310997 0.0162665 -0.0017618 -0.0099696 -0.0001395 0.0084995 -0.0205221 0.0300486 -0.0007098 -0.0125867 0.0220700 -0.0527224 0.0460942
-0.1071513 -0.2669290 -0.1334964 0.4844626 0.3081016 0.1172666 -0.0678691 -0.3762763 -0.1582634 0.5490752 0.3188335 0.1398040 -0.3379079 -0.8417761 -0.4209885 0.8267448 0.5257813 0.2001177 -0.1640109 -0.9093008 -0.3824558 0.8445477 0.4904066 0.2150364 0.0021578 0.0076109 -0.0047626 -0.0026498 0.0382579 -0.0459362 0.0037889 0.0017209 -0.0026604 -0.0585641 0.0754082 -0.1207283 0.0014612 0.0108035 -0.0220558 -0.0205783 0.0537455 -0.0807681 0.0087281 0.0016563 -0.0075041 -0.0654594 0.1357751 -0.1847381
-0.1049935 -0.2593181 -0.1382590 0.4818128 0.3463595 0.0713303 -0.0640802 -0.3745554 -0.1609238 0.4905111 0.3942417 0.0190757 -0.3364467 -0.8309725 -0.4430443 0.8061665 0.5795268 0.1193495 -0.1552829 -0.9076445 -0.3899599 0.7790882 0.6261817 0.0302982 0.0075181 0.0003304 -0.0014226 -0.0232296 0.0434686 -0.0616769 0.0079487 0.0061700 -0.0025920 -0.0017216 0.0401265 -0.0563542 0.0219886 -0.0045281 -0.0075717 -0.0443517 0.0680696 -0.1033129 0.0173456 0.0023757 -0.0118631 -0.0328061 0.0370102 -0.0872150
-0.0974754 -0.2589877 -0.1396815 0.4585832 0.3898281 0.0096534 -0.0561315 -0.3683854 -0.1635158 0.4887895 0.4343682 -0.0372785 -0.3144581 -0.8355006 -0.4506161 0.7618148 0.6475963 0.0160366 -0.1379372 -0.9052688 -0.4018230 0.7462821 0.6631919 -0.0569167 0.0484914 0.0366745 -0.0053918 -0.1025305 0.0169598 -0.0116952 0.0521602 0.0341211 -0.0058066 -0.1150242 0.0256220 -0.0089735 0.1329971 0.0119426 -0.0868075 -0.1031962 0.1048711 -0.0198135 0.1273395 0.0132421 -0.0500354 -0.1175773 0.1105506 -0.0208831
-0.0489840 -0.2223132 -0.1450733 0.3560528 0.4067879 -0.0020418 -0.0039712 -0.3342643 -0.1693224 0.3737653 0.4599902 -0.0462520 -0.1814610 -0.8235581 -0.5374235 0.6586186 0.7524674 -0.0037768 -0.0105977 -0.8920267 -0.4518584 0.6287048 0.7737425 -0.0777998 0.0221744 0.0181030 -0.0773600 -0.0440975 0.0086660 -0.1180753 0.0234601 0.0208000 -0.0762944 -0.0542672 -0.0691186 -0.0621163 0.0930228 0.1499204 -0.1963278 -0.0736014 0.0266433 -0.2214815 0.0594779 0.1058246 -0.1641748 -0.0099259 -0.0167330 -0.1320795
-0.0268096 -0.2042102 -0.2224334 0.3119553 0.4154539 -0.1201170 0.0194889 -0.3134643 -0.2456168 0.3194981 0.3908716 -0.1083683 -0.0884382 -0.6736377 -0.7337513 0.5850172 0.7791107 -0.2252584 0.0488802 -0.7862021 -0.6160332 0.6187789 0.7570095 -0.2098793 0.0001681 -0.0615153 0.0395635 -0.0734192 -0.0848568 -0.0433584 0.0023496 -0.0581973 0.0369550 -0.0384463 -0.0617539 -0.0038263 0.0061271 -0.1473430 0.1687597 -0.0419326 -0.0264269 -0.1469327 0.0022892 -0.0846297 0.1271225 0.0098351 -0.0208889 -0.0410606
-0.0266415 -0.2657255 -0.1828699 0.2385361 0.3305971 -0.1634754 0.0218385 -0.3716616 -0.2086618 0.2810518 0.3291177 -0.1121946 -0.0823111 -0.8209807 -0.5649916 0.5430847 0.7526838 -0.3721911 0.0511694 -0.8708318 -0.4889107 0.6286141 0.7361206 -0.2509399 -0.0078978 0.0384078 -0.0338465 -0.0364205 0.0262561 -0.0184256 -0.0082458 0.0368760 -0.0339057 -0.0593961 0.0277361 -0.0627919 -0.0270034 0.1015356 -0.1209012 -0.0925831 0.0427173 -0.0332538 -0.0183087 0.0614840 -0.0974989 -0.1415424 0.0480387 -0.1335797
-0.0345393 -0.2273177 -0.2167164 0.2021155 0.3568532 -0.1819011 0.0135928 -0.3347856 -0.2425675 0.2216557 0.3568538 -0.1749865 -0.1093145 -0.7194452 -0.6858928 0.4505015 0.7954011 -0.4054449 0.0328607 -0.8093478 -0.5864096 0.4870716 0.7841593 -0.3845196 -0.0018256 -0.0278282 -0.0018917 -0.0242701 -0.0558799 0.0056233 -0.0001893 -0.0292110 -0.0015451 -0.0565142 -0.0415151 -0.0207319 0.0017109 -0.0355322 0.0390307 0.0037422 -0.0266703 -0.0447948 -0.0022926 -0.0207861 0.0296842 -0.0805410 -0.0078865 -0.0972826
-0.0363648 -0.2551459 -0.2186082 0.1778454 0.3009733 -0.1762777 0.0134035 -0.3639966 -0.2441126 0.1651415 0.3153387 -0.1957184 -0.1076037 -0.7549774 -0.6468622 0.4542437 0.7687307 -0.4502397 0.0305680 -0.8301340 -0.5567254 0.4065306 0.7762728 -0.4818022 -0.0303528 -0.0290330 0.0833834 -0.0658278 -0.0406647 0.0730196 -0.0285039 -0.0325751 0.0854224 -0.0617944 -0.0400518 0.0718546 -0.0997835 -0.1283728 0.2265253 -0.0828492 0.0943225 0.1078871 -0.0658982 -0.0977134 0.1854425 -0.0826298 0.0865059 0.0935998
-0.0667177 -0.2841789 -0.1352248 0.1120177 0.2603086 -0.1032582 -0.0151005 -0.3965717 -0.1586902 0.1033471 0.2752869 -0.1238638 -0.2073872 -0.8833502 -0.4203368 0.3713945 0.8630532 -0.3423525 -0.0353302 -0.9278474 -0.3712830 0.3239009 0.8627787 -0.3882024 0.0023971 0.0018717 -0.0003489 -0.0087715 -0.0239735 0.0002485 0.0028998 -0.0002073 0.0004013 -0.0435759 -0.0131705 -0.0199197 0.0062034 0.0003410 -0.0037149 0.0003771 -0.0120513 -0.0285674 0.0067812 -0.0005915 0.0008964 -0.1278520 -0.0030400 -0.0834057
-0.0643205 -0.2823072 -0.1355737 0.1032462 0.2363351 -0.1030097 -0.0122007 -0.3967790 -0.1582890 0.0597712 0.2621164 -0.1437835 -0.2011837 -0.8830092 -0.4240517 0.3717717 0.8510019 -0.3709200 -0.0285490 -0.9284389 -0.3703866 0.1960489 0.8597387 -0.4716081 0.0072457 0.0245533 0.0044619 0.0117371 -0.0259669 0.0324941 0.0053330 0.0293460 0.0050420 -0.0162612 0.0278806 -0.0042394 0.0075540 0.0085631 -0.0207533 0.0883515 -0.0091814 0.0887412 0.0113007 0.0056330 -0.0144924 -0.0635921 0.0230940 0.0209846
-0.0570748 -0.2577539 -0.1311118 0.1149833 0.2103682 -0.0705156 -0.0068677 -0.3674330 -0.1532470 0.0435100 0.2899970 -0.1480229 -0.1936298 -0.8744461 -0.4448050 0.4601232 0.8418205 -0.2821788 -0.0172483 -0.9228059 -0.3848790 0.1324568 0.8828327 -0.4506236 -0.0004457 0.0016105 -0.0010104 -0.0012562 0.0007648 -0.0002446 -0.0037155 0.0048642 -0.0002225 -0.0150645 -0.0023257 -0.0059832 -0.0020879 0.0028990 -0.0047506 -0.0052802 0.0025898 -0.0008213 -0.0096226 0.0022396 -0.0047819 -0.0456106 -0.0045518 -0.0195682
-0.0575205 -0.2561434 -0.1321222 0.1137271 0.2111330 -0.0707602 -0.0105832 -0.3625688 -0.1534695 0.0284455 0.2876713 -0.1540062 -0.1957177 -0.8715471 -0.4495556 0.4548430 0.8444103 -0.2830001 -0.0268709 -0.9205663 -0.3896609 0.0868463 0.8782809 -0.4701918 -0.0045391 0.0079131 -0.0014098 -0.0050879 0.0070550 -0.0014093 -0.0009707 -0.0017786 -0.0029976 -0.0133326 0.0071574 -0.0042607 -0.0193054 0.0114824 -0.0131039 -0.0274637 0.0139265 -0.0009098 -0.0022547 0.0021019 -0.0047688 -0.0417281 0.0018998 -0.0022975
-0.0620596 -0.2482303 -0.1335319 0.1086392 0.2181880 -0.0721695 -0.0115539 -0.3643474 -0.1564671 0.0151129 0.2948287 -0.1582668 -0.2150231 -0.8600647 -0.4626595 0.4273793 0.8583368 -0.2839099 -0.0291256 -0.9184644 -0.3944297 0.0451181 0.8801808 -0.4724893 -0.0002541 0.0012757 -0.0006053 -0.0002714 0.0001901 0.0002137 -0.0014222 0.0048437 -0.0010637 -0.0005284 -0.0007767 0.0011158 -0.0014504 0.0021611 -0.0033241 -0.0010455 0.0007924 0.0008260 -0.0039162 0.0030393 -0.0067001 -0.0014164 0.0009266 0.0015966
-0.0623137 -0.2469546 -0.1341372 0.1083678 0.2183781 -0.0719558 -0.0129761 -0.3595037 -0.1575308 0.0145846 0.2940520 -0.1571511 -0.2164734 -0.8579036 -0.4659836 0.4263338 0.8591292 -0.2830839 -0.0330418 -0.9154251 -0.4011298 0.0437017 0.8811073 -0.4708928 -0.0009759 0.0080725 -0.0001612 -0.0333252 0.0655543 -0.0363017 -0.0032589 0.0107052 -0.0003102 -0.0006345 0.0088633 -0.0002353 -0.0085495 0.0085704 -0.0115075 -0.1865805 0.0480045 -0.0627873 -0.0093258 0.0051855 -0.0107789 -0.0028698 0.0055247 0.0102233
-0.0632896 -0.2388821 -0.1342984 0.0750426 0.2839324 -0.1082575 -0.0162350 -0.3487985 -0.1578410 0.0139501 0.3029153 -0.1573864 -0.2250229 -0.8493332 -0.4774911 0.2397533 0.9071337 -0.3458711 -0.0423676 -0.9102396 -0.4119088 0.0408319 0.8866321 -0.4606695 -0.0025833 0.0030255 -0.0009729 -0.0002399 0.0051786 -0.0010200 -0.0044441 0.0069007 -0.0020469 0.0065291 0.0036992 0.0016409 -0.0104388 0.0062669 -0.0060344 -0.0045223 0.0020284 0.0022280 -0.0123388 0.0057541 -0.0110724 0.0186122 0.0033646 0.0085938
-0.0658729 -0.2358566 -0.1352713 0.0748028 0.2891110 -0.1092775 -0.0206792 -0.3418978 -0.1598880 0.0204792 0.3066145 -0.1557455 -0.2354617 -0.8430664 -0.4835255 0.2352310 0.9091621 -0.3436431 -0.0547064 -0.9044856 -0.4229812 0.0594441 0.8899966 -0.4520757 0.0000000 0.0000000 0.0000000 0.0000000 0.0000000 0.0000000 0.0000000 0.0000000 0.0000000 0.0000000 0.0000000 0.0000000 0.0000000 0.0000000 0.0000000 0.0000000 0.0000000 0.0000000 0.0000000 0.0000000 0.0000000 0.0000000 0.0000000 0.0000000
