-0.2652695 -0.2185707 -0.0021262 0.3970938 0.3081602 -0.1980674 -0.2519450 -0.2837472 -0.0199423 0.4361521 0.3600669 -0.2644455 -0.7717534 -0.6358918 -0.0061857 0.7350100 0.5703963 -0.3666175 -0.6630443 -0.7467382 -0.0524822 0.6985741 0.5767102 -0.4235559 -0.0014963 0.0014215 0.0015816 0.0003938 0.0035009 -0.0002722 -0.0017401 0.0015354 0.0018394 0.0012312 0.0044638 0.0009967 -0.0037873 0.0045963 0.0046025 -0.0025148 0.0039368 0.0011147 -0.0047161 0.0038887 0.0048311 -0.0014035 0.0043364 0.0036296
-0.2667658 -0.2171492 -0.0005446 0.3974876 0.3116611 -0.1983396 -0.2536851 -0.2822118 -0.0181029 0.4373833 0.3645307 -0.2634488 -0.7755407 -0.6312955 -0.0015832 0.7324952 0.5743330 -0.3655028 -0.6677604 -0.7428495 -0.0476511 0.6971706 0.5810466 -0.4199263 -0.0005471 -0.0002021 0.0002889 -0.0000780 0.0011547 -0.0004986 -0.0009095 -0.0003319 0.0005037 -0.0006413 0.0013211 -0.0007067 -0.0003464 0.0004242 0.0008409 -0.0012073 0.0012909 -0.0003867 -0.0009320 0.0007486 0.0014268 -0.0017085 0.0015308 -0.0007114
-0.2673129 -0.2173512 -0.0002557 0.3974096 0.3128159 -0.1988382 -0.2545946 -0.2825437 -0.0175992 0.4367420 0.3658518 -0.2641555 -0.7758871 -0.6308713 -0.0007423 0.7312879 0.5756239 -0.3658895 -0.6686924 -0.7421009 -0.0462243 0.6954621 0.5825774 -0.4206377 -0.0007238 0.0002401 -0.0003816 -0.0007653 0.0009149 -0.0002116 -0.0013311 0.0002105 -0.0007042 -0.0014188 0.0011056 -0.0004472 -0.0011734 0.0014481 -0.0011054 -0.0014697 0.0016350 -0.0003585 -0.0021418 0.0020471 -0.0017527 -0.0020917 0.0019018 -0.0008140
-0.2680367 -0.2171111 -0.0006373 0.3966442 0.3137308 -0.1990498 -0.2559257 -0.2823332 -0.0183034 0.4353232 0.3669574 -0.2646027 -0.7770605 -0.6294232 -0.0018477 0.7298182 0.5772589 -0.3662480 -0.6708342 -0.7400538 -0.0479770 0.6933704 0.5844792 -0.4214517 0.0001851 0.0008972 -0.0025017 -0.0002834 0.0001610 -0.0003785 0.0002145 0.0009964 -0.0028459 -0.0003968 0.0002022 -0.0004127 -0.0010295 0.0013366 -0.0072710 -0.0005549 0.0002697 -0.0006796 -0.0007289 0.0011913 -0.0075664 -0.0006510 0.0003059 -0.0006457
-0.2678515 -0.2162140 -0.0031390 0.3963608 0.3138917 -0.1994283 -0.2557112 -0.2813369 -0.0211493 0.4349264 0.3671595 -0.2650154 -0.7780901 -0.6280865 -0.0091187 0.7292633 0.5775286 -0.3669276 -0.6715631 -0.7388626 -0.0555434 0.6927193 0.5847852 -0.4220974 0.0008695 0.0000918 -0.0035397 -0.0004847 0.0009732 -0.0018907 0.0001920 0.0001741 -0.0042682 -0.0022046 0.0008177 -0.0029972 0.0009834 -0.0009820 -0.0103213 -0.0021038 0.0008266 -0.0028623 0.0005104 0.0004640 -0.0112087 -0.0037611 0.0010899 -0.0046191
-0.2669820 -0.2161222 -0.0066788 0.3958761 0.3148649 -0.2013189 -0.2555193 -0.2811628 -0.0254174 0.4327218 0.3679772 -0.2680126 -0.7771067 -0.6290686 -0.0194400 0.7271594 0.5783551 -0.3697898 -0.6710527 -0.7383986 -0.0667521 0.6889582 0.5858751 -0.4267165 0.0016084 0.0001065 -0.0029574 -0.0006798 0.0010667 -0.0021274 0.0012072 -0.0000733 -0.0025711 -0.0008518 0.0010726 -0.0022185 0.0018719 -0.0019770 -0.0087102 -0.0024655 0.0009864 -0.0032813 0.0021619 -0.0013080 -0.0068632 -0.0024414 0.0007803 -0.0028532
-0.2653736 -0.2160156 -0.0096362 0.3951964 0.3159316 -0.2034464 -0.2543120 -0.2812361 -0.0279885 0.4318700 0.3690498 -0.2702312 -0.7752348 -0.6310456 -0.0281502 0.7246939 0.5793416 -0.3730711 -0.6688909 -0.7397066 -0.0736153 0.6865168 0.5866554 -0.4295696 0.0026548 -0.0002447 -0.0032231 -0.0026603 0.0001478 -0.0004646 0.0012517 -0.0008144 -0.0019386 -0.0051337 -0.0000682 -0.0019332 0.0037164 -0.0040397 -0.0096133 -0.0026741 0.0020459 -0.0019969 0.0031447 -0.0023065 -0.0051162 -0.0052194 0.0024349 -0.0049490
-0.2627188 -0.2162603 -0.0128593 0.3925361 0.3160794 -0.2039110 -0.2530603 -0.2820505 -0.0299271 0.4267363 0.3689816 -0.2721643 -0.7715184 -0.6350853 -0.0377634 0.7220198 0.5813874 -0.3750680 -0.6657462 -0.7420130 -0.0787315 0.6812974 0.5890903 -0.4345186 0.0007426 0.0004530 -0.0013620 -0.0014483 -0.0001982 -0.0009321 0.0010829 0.0006418 -0.0018866 -0.0030196 -0.0007112 -0.0020880 0.0003549 -0.0001740 -0.0040988 -0.0015918 0.0005016 -0.0022760 0.0010244 -0.0003491 -0.0051935 -0.0031322 0.0003322 -0.0044266
-0.2619762 -0.2158074 -0.0142213 0.3910878 0.3158812 -0.2048430 -0.2519774 -0.2814087 -0.0318136 0.4237167 0.3682703 -0.2742524 -0.7711635 -0.6352593 -0.0418623 0.7204281 0.5818890 -0.3773441 -0.6647218 -0.7423621 -0.0839250 0.6781653 0.5894225 -0.4389453 0.0019473 -0.0002593 -0.0013657 -0.0028278 -0.0003171 -0.0014282 0.0007546 -0.0004057 -0.0014582 -0.0041099 0.0001077 -0.0016974 0.0028513 -0.0031569 -0.0041929 -0.0029940 0.0012161 -0.0038077 0.0018608 -0.0012160 -0.0038639 -0.0044582 0.0020334 -0.0041108
-0.2600289 -0.2160666 -0.0155870 0.3882600 0.3155641 -0.2062712 -0.2512229 -0.2818144 -0.0332718 0.4196068 0.3683781 -0.2759498 -0.7683122 -0.6384162 -0.0460552 0.7174341 0.5831052 -0.3811518 -0.6628610 -0.7435781 -0.0877889 0.6737071 0.5914559 -0.4430561 0.0017582 -0.0003166 0.0033876 -0.0061823 0.0011491 -0.0066420 -0.0000958 -0.0005381 0.0033849 -0.0127694 0.0008529 -0.0094614 0.0022854 -0.0033732 0.0098720 -0.0099102 0.0033779 -0.0131166 0.0000654 -0.0010623 0.0089691 -0.0165835 0.0049258 -0.0179401
-0.2582707 -0.2163832 -0.0121994 0.3820777 0.3167132 -0.2129132 -0.2513187 -0.2823525 -0.0298869 0.4068373 0.3692310 -0.2854112 -0.7660268 -0.6417894 -0.0361831 0.7075239 0.5864831 -0.3942684 -0.6627957 -0.7446404 -0.0788198 0.6571235 0.5963818 -0.4609962 0.0000904 -0.0001919 0.0010761 -0.0057360 -0.0011326 -0.0039122 0.0002250 -0.0001310 0.0009022 -0.0148651 -0.0384918 0.0251141 0.0003062 -0.0005373 0.0031934 -0.0065414 0.0013243 -0.0095955 0.0003810 -0.0005844 0.0023548 0.0244022 -0.0213226 0.0084151
-0.2581802 -0.2165751 -0.0111233 0.3763417 0.3155806 -0.2168254 -0.2510937 -0.2824835 -0.0289847 0.3919722 0.3307392 -0.2602972 -0.7657206 -0.6423267 -0.0329898 0.7009825 0.5878074 -0.4038639 -0.6624146 -0.7452248 -0.0764650 0.6815257 0.5750592 -0.4525811 0.0001000 -0.0000205 0.0005776 -0.0206659 -0.0024854 -0.0093099 0.0002564 -0.0000156 0.0006207 -0.0181880 -0.0006242 -0.0050819 0.0001104 -0.0002169 0.0017055 -0.0235614 0.0085146 -0.0268341 0.0003180 -0.0004446 0.0015968 -0.0198483 0.0093143 -0.0171961
-0.2580803 -0.2165956 -0.0105456 0.3556758 0.3130952 -0.2261353 -0.2508373 -0.2824991 -0.0283640 0.3737843 0.3301150 -0.2653790 -0.7656103 -0.6425436 -0.0312842 0.6774211 0.5963220 -0.4306980 -0.6620966 -0.7456694 -0.0748682 0.6616774 0.5843735 -0.4697772 -0.0006980 -0.0008263 -0.0001918 -0.0180573 -0.0034604 -0.0009582 0.0000752 -0.0007094 -0.0002929 -0.0228501 -0.0062172 0.0020712 0.0003616 -0.0004077 -0.0004680 -0.0171120 0.0092571 -0.0134482 0.0010736 -0.0008841 -0.0006731 -0.0181629 0.0095640 -0.0130554
-0.2587783 -0.2174219 -0.0107374 0.3376185 0.3096348 -0.2270936 -0.2507621 -0.2832085 -0.0286569 0.3509342 0.3238978 -0.2633079 -0.7652487 -0.6429512 -0.0317523 0.6603091 0.6055791 -0.4441462 -0.6610230 -0.7465535 -0.0755413 0.6435145 0.5939375 -0.4828326 -0.0004756 0.0009218 -0.0009380 -0.0265329 -0.0002949 0.0001717 0.0003705 0.0011017 -0.0011979 -0.0222138 0.0022341 -0.0086896 -0.0018512 0.0023544 -0.0027939 -0.0304818 0.0207139 -0.0152823 -0.0007232 0.0009889 -0.0033603 -0.0314070 0.0133501 -0.0236516
-0.2592538 -0.2165001 -0.0116754 0.3110856 0.3093399 -0.2269218 -0.2503916 -0.2821068 -0.0298548 0.3287204 0.3261319 -0.2719974 -0.7670999 -0.6405968 -0.0345462 0.6298273 0.6262931 -0.4594285 -0.6617462 -0.7455646 -0.0789016 0.6121075 0.6072876 -0.5064842 -0.0001964 0.0001161 -0.0020865 -0.0387647 0.0020303 -0.0005565 0.0011419 0.0001699 -0.0015727 -0.0579111 -0.0118276 -0.0057988 -0.0002295 0.0006367 -0.0061549 -0.0529702 0.0332823 -0.0224389 0.0017027 -0.0010386 -0.0043223 -0.0697243 0.0222085 -0.0498927
-0.2594502 -0.2163840 -0.0137619 0.2723209 0.3113702 -0.2274784 -0.2492497 -0.2819369 -0.0314275 0.2708093 0.3143043 -0.2777962 -0.7673294 -0.6399601 -0.0407011 0.5768572 0.6595753 -0.4818674 -0.6600435 -0.7466032 -0.0832239 0.5423832 0.6294961 -0.5563768 -0.0000020 -0.0001075 -0.0040505 -0.0398824 -0.0090521 0.0033201 0.0008902 -0.0000559 -0.0037015 -0.0184782 0.0015042 0.0000043 0.0005823 0.0001728 -0.0119392 -0.0513907 0.0238658 -0.0248803 0.0019763 -0.0005807 -0.0098558 -0.0279298 0.0143754 -0.0099863
-0.2594522 -0.2164915 -0.0178124 0.2324385 0.3023181 -0.2241583 -0.2483595 -0.2819928 -0.0351290 0.2523310 0.3158085 -0.2777919 -0.7667472 -0.6397873 -0.0526403 0.5254665 0.6834411 -0.5067477 -0.6580672 -0.7471839 -0.0930797 0.5144534 0.6438715 -0.5663631 -0.0008445 -0.0038031 -0.0021160 -0.0426292 -0.0150116 -0.0046376 -0.0005333 -0.0037948 -0.0019445 -0.0628970 -0.0151421 -0.0018402 0.0047240 -0.0051290 -0.0057005 -0.0663522 0.0115013 -0.0466682 0.0044350 -0.0033399 -0.0042812 -0.0955316 0.0210339 -0.0520261
-0.2602967 -0.2202946 -0.0199284 0.1898093 0.2873065 -0.2287959 -0.2488928 -0.2857876 -0.0370735 0.1894341 0.3006664 -0.2796320 -0.7620232 -0.6449163 -0.0583407 0.4591143 0.6949424 -0.5534159 -0.6536321 -0.7505238 -0.0973609 0.4189219 0.6649054 -0.6183892 -0.0003755 0.0018267 -0.0040663 -0.0459199 0.0093916 -0.0498658 -0.0001132 0.0018194 -0.0038585 -0.0440004 0.0191924 -0.0152811 -0.0025003 0.0041734 -0.0120331 -0.1258247 -0.0077034 -0.0920457 -0.0018344 0.0030251 -0.0103856 -0.1018874 0.0323630 -0.0244995
-0.2606722 -0.2184679 -0.0239947 0.1438893 0.2966981 -0.2786617 -0.2490060 -0.2839682 -0.0409320 0.1454336 0.3198588 -0.2949131 -0.7645235 -0.6407428 -0.0703739 0.3332895 0.6872390 -0.6454616 -0.6554665 -0.7474987 -0.1077465 0.3170345 0.6972684 -0.6428887 0.0017348 -0.0085189 -0.0101225 -0.0054704 -0.0145330 0.0126387 0.0031348 -0.0082370 -0.0101853 -0.0136708 -0.0083641 0.0045875 0.0162107 -0.0152349 -0.0282227 0.0028757 -0.0019709 -0.0006038 0.0173233 -0.0109018 -0.0249252 -0.0214263 0.0015660 -0.0084532
-0.2589374 -0.2269869 -0.0341172 0.1384190 0.2821651 -0.2660231 -0.2458712 -0.2922053 -0.0511173 0.1317628 0.3114946 -0.2903256 -0.7483128 -0.6559777 -0.0985965 0.3361652 0.6852681 -0.6460654 -0.6381433 -0.7584006 -0.1326718 0.2956082 0.6988344 -0.6513419 0.0035306 -0.0051549 -0.0038785 -0.0327402 -0.0013403 -0.0013557 0.0035297 -0.0050324 -0.0043403 -0.0310394 -0.0130271 0.0026763 0.0127497 -0.0125826 -0.0108298 -0.0732161 0.0134783 -0.0192248 0.0127436 -0.0086671 -0.0104452 -0.0594895 0.0008415 -0.0229738
-0.2554069 -0.2321417 -0.0379957 0.1056787 0.2808248 -0.2673788 -0.2423415 -0.2972376 -0.0554576 0.1007234 0.2984675 -0.2876493 -0.7355631 -0.6685603 -0.1094263 0.2629491 0.6987465 -0.6652902 -0.6253997 -0.7670677 -0.1431170 0.2361187 0.6996759 -0.6743157 0.0036751 -0.0012782 -0.0051254 -0.0203452 -0.0070265 0.0236177 0.0031214 -0.0014833 -0.0047605 -0.0061064 -0.0003164 0.0014869 0.0080060 -0.0060718 -0.0152026 -0.0362313 0.0286927 0.0176551 0.0079144 -0.0040037 -0.0123207 -0.0129402 0.0035901 -0.0006720
-0.2517317 -0.2334199 -0.0431211 0.0853335 0.2737983 -0.2437611 -0.2392201 -0.2987209 -0.0602181 0.0946170 0.2981511 -0.2861624 -0.7275570 -0.6746320 -0.1246289 0.2267178 0.7274392 -0.6476351 -0.6174853 -0.7710714 -0.1554377 0.2231785 0.7032660 -0.6749877 0.0009117 0.0000181 -0.0008309 -0.0086617 -0.0088531 -0.0138555 0.0015929 0.0003734 -0.0016499 -0.0071887 -0.0035547 0.0030626 0.0014383 -0.0010613 -0.0026112 -0.0235671 -0.0254365 -0.0349497 0.0025094 -0.0010480 -0.0046760 -0.0139315 0.0018082 -0.0025713
-0.2508201 -0.2334019 -0.0439520 0.0766718 0.2649452 -0.2576166 -0.2376271 -0.2983476 -0.0618681 0.0874282 0.2945964 -0.2830999 -0.7261187 -0.6756934 -0.1272402 0.2031508 0.7020026 -0.6825848 -0.6149758 -0.7721194 -0.1601137 0.2092470 0.7050742 -0.6775590 0.0011161 -0.0002559 -0.0009970 -0.0001885 0.0007748 -0.0004318 0.0016260 0.0000513 -0.0017082 -0.0029776 -0.0009682 0.0014027 0.0021670 -0.0017364 -0.0030777 -0.0009285 0.0005627 0.0003033 0.0030051 -0.0013878 -0.0047450 -0.0060331 0.0014844 -0.0002899
-0.2497040 -0.2336577 -0.0449490 0.0764833 0.2657200 -0.2580484 -0.2360012 -0.2982963 -0.0635763 0.0844507 0.2936282 -0.2816972 -0.7239517 -0.6774298 -0.1303179 0.2022223 0.7025653 -0.6822815 -0.6119708 -0.7735072 -0.1648587 0.2032139 0.7065586 -0.6778489 0.0006433 -0.0002655 -0.0008528 -0.0106443 0.0043824 0.0312399 0.0010943 -0.0001995 -0.0007444 -0.0023199 -0.0009161 0.0001474 0.0015028 -0.0011102 -0.0025392 -0.0187207 0.0502438 0.0501379 0.0022202 -0.0013019 -0.0020995 -0.0050038 -0.0001427 -0.0016285
-0.2490606 -0.2339232 -0.0458018 0.0658390 0.2701024 -0.2268085 -0.2349069 -0.2984958 -0.0643208 0.0821308 0.2927121 -0.2815498 -0.7224489 -0.6785400 -0.1328571 0.1835015 0.7528091 -0.6321437 -0.6097506 -0.7748092 -0.1669581 0.1982101 0.7064158 -0.6794773 0.0005736 -0.0001278 -0.0001727 0.0034994 0.0021942 -0.0038886 0.0001231 -0.0002341 -0.0001409 -0.0002008 -0.0000439 -0.0001258 0.0010270 -0.0009705 -0.0006189 0.0072201 -0.0038320 -0.0024102 0.0005250 -0.0003462 -0.0003094 -0.0004917 -0.0001310 -0.0002794
-0.2484870 -0.2340510 -0.0459746 0.0693384 0.2722966 -0.2306971 -0.2347838 -0.2987299 -0.0644617 0.0819300 0.2926682 -0.2816755 -0.7214220 -0.6795105 -0.1334760 0.1907216 0.7489771 -0.6345539 -0.6092256 -0.7751553 -0.1672675 0.1977184 0.7062848 -0.6797567 -0.0002188 0.0000980 0.0000350 0.0082425 0.0023255 -0.0023063 0.0001965 0.0002049 -0.0000259 0.0025810 0.0035450 -0.0014092 -0.0004536 0.0004554 0.0001351 0.0198607 -0.0035539 0.0020988 0.0000763 -0.0000198 -0.0001864 0.0042892 0.0017570 0.0030960
-0.2487058 -0.2339530 -0.0459396 0.0775808 0.2746221 -0.2330034 -0.2345874 -0.2985250 -0.0644876 0.0845110 0.2962132 -0.2830847 -0.7218756 -0.6790551 -0.1333410 0.2105823 0.7454232 -0.6324551 -0.6091492 -0.7751751 -0.1674539 0.2020076 0.7080418 -0.6766607 0.0010854 -0.0003548 0.0007486 0.0292054 0.0095540 -0.0348694 0.0006517 -0.0004142 0.0006327 0.0140100 0.0007480 -0.0001989 0.0018122 -0.0022961 0.0019285 0.0531757 -0.0435189 -0.0291809 0.0014073 -0.0014398 0.0015652 0.0314166 -0.0044568 0.0054817
-0.2476204 -0.2343078 -0.0451910 0.1067862 0.2841761 -0.2678729 -0.2339356 -0.2989392 -0.0638549 0.0985210 0.2969612 -0.2832836 -0.7200633 -0.6813513 -0.1314124 0.2637580 0.7019043 -0.6616359 -0.6077419 -0.7766149 -0.1658887 0.2334242 0.7035850 -0.6711790 -0.0004121 -0.0032689 0.0025318 0.0239060 -0.0054275 -0.0046280 -0.0002649 -0.0031693 0.0022996 0.0349951 0.0034367 -0.0078374 0.0034058 -0.0050956 0.0081541 0.0541180 -0.0239185 -0.0011538 0.0028542 -0.0036640 0.0069053 0.0706372 -0.0194776 0.0081981
-0.2480325 -0.2375767 -0.0426593 0.1306922 0.2787486 -0.2725008 -0.2342005 -0.3021085 -0.0615552 0.1335161 0.3003979 -0.2911210 -0.7166576 -0.6864469 -0.1232584 0.3178760 0.6779857 -0.6627897 -0.6048877 -0.7802789 -0.1589834 0.3040613 0.6841075 -0.6629809 -0.0034000 -0.0232439 0.0003866 0.0449230 -0.0375822 0.0556153 -0.0037518 -0.0232495 0.0001507 0.0432239 -0.0211185 -0.0085692 0.0273035 -0.0286464 0.0073592 0.1582554 -0.0241308 0.0747654 0.0212954 -0.0176811 0.0083852 0.0920851 -0.0581285 -0.0087470
-0.2514326 -0.2608206 -0.0422726 0.1756152 0.2411664 -0.2168856 -0.2379523 -0.3253580 -0.0614045 0.1767400 0.2792794 -0.2996902 -0.6893541 -0.7150933 -0.1158991 0.4761314 0.6538549 -0.5880243 -0.5835923 -0.7979601 -0.1505982 0.3961464 0.6259789 -0.6717279 0.0029942 0.0222469 0.0072265 0.0472366 0.0380316 -0.0050766 0.0026127 0.0222442 0.0069711 0.0597689 0.0014199 0.0155770 -0.0282228 0.0260092 0.0146735 0.0537452 0.0099965 0.0602630 -0.0235953 0.0159117 0.0101573 0.1133902 -0.0212382 0.0596323
-0.2484384 -0.2385737 -0.0350462 0.2228518 0.2791980 -0.2219622 -0.2353396 -0.3031138 -0.0544334 0.2365090 0.2806993 -0.2841132 -0.7175769 -0.6890841 -0.1012256 0.5298766 0.6638515 -0.5277614 -0.6071876 -0.7820483 -0.1404409 0.5095367 0.6047407 -0.6120956 -0.0010741 0.0032802 0.0081202 0.0559060 0.0047921 -0.0040075 -0.0014933 0.0033659 0.0075645 0.0494017 -0.0267403 0.0201503 -0.0077241 0.0051160 0.0229554 0.0792666 -0.0432746 0.0339709 -0.0081490 0.0032468 0.0186665 0.1057641 -0.0582023 0.0440281
-0.2495125 -0.2352935 -0.0269259 0.2787578 0.2839901 -0.2259698 -0.2368329 -0.2997479 -0.0468689 0.2859107 0.2539590 -0.2639629 -0.7253010 -0.6839680 -0.0782702 0.6091431 0.6205769 -0.4937904 -0.6153366 -0.7788016 -0.1217744 0.6153008 0.5465384 -0.5680675 -0.0018959 0.0050646 0.0049518 0.0675832 -0.0029770 0.0101569 -0.0014624 0.0052362 0.0046789 0.0763788 0.0278745 0.0045691 -0.0106600 0.0100069 0.0139443 0.0898646 -0.0534180 0.0582230 -0.0098074 0.0061796 0.0110929 0.0718588 -0.0119809 0.0760717
-0.2514084 -0.2302289 -0.0219741 0.3463410 0.2810131 -0.2158128 -0.2382953 -0.2945117 -0.0421901 0.3622895 0.2818335 -0.2593938 -0.7359610 -0.6739611 -0.0643260 0.6990078 0.5671588 -0.4355675 -0.6251439 -0.7726219 -0.1106815 0.6871596 0.5345575 -0.4919958 -0.0025719 0.0016427 0.0046178 0.0432941 0.0009827 0.0071057 -0.0016060 0.0020868 0.0038727 0.0639729 0.0465403 -0.0209677 -0.0063704 0.0058513 0.0135972 0.0441380 -0.0293120 0.0375032 -0.0058843 0.0034373 0.0098927 0.0153877 0.0066539 0.0299162
-0.2539803 -0.2285862 -0.0173563 0.3896350 0.2819958 -0.2087071 -0.2399013 -0.2924249 -0.0383174 0.4262625 0.3283738 -0.2803614 -0.7423314 -0.6681098 -0.0507288 0.7431458 0.5378468 -0.3980643 -0.6310282 -0.7691846 -0.1007887 0.7025473 0.5412114 -0.4620796 -0.0028456 0.0009978 0.0051911 0.0229626 0.0001451 0.0038151 -0.0014117 0.0011686 0.0056886 0.0206505 -0.0003876 0.0023422 -0.0056220 0.0053047 0.0153001 0.0206345 -0.0155616 0.0187784 -0.0046075 0.0019947 0.0148423 0.0180918 -0.0123395 0.0137785
-0.2568259 -0.2275884 -0.0121652 0.4125976 0.2821409 -0.2048920 -0.2413131 -0.2912563 -0.0326287 0.4469129 0.3279862 -0.2780192 -0.7479534 -0.6628051 -0.0354287 0.7637803 0.5222852 -0.3792859 -0.6356358 -0.7671899 -0.0859464 0.7206391 0.5288719 -0.4483010 -0.0027453 0.0010822 0.0042899 0.0277601 0.0043326 0.0177001 -0.0047470 0.0000072 0.0063457 0.0330014 0.0047041 0.0206401 -0.0053157 0.0054898 0.0125748 0.0258240 -0.0086103 0.0436326 -0.0081952 0.0051189 0.0171753 0.0313924 -0.0075422 0.0449848
-0.2595712 -0.2265062 -0.0078753 0.4403577 0.2864735 -0.1871919 -0.2460600 -0.2912491 -0.0262830 0.4799143 0.3326903 -0.2573791 -0.7532691 -0.6573153 -0.0228539 0.7896043 0.5136749 -0.3356533 -0.6438310 -0.7620710 -0.0687711 0.7520315 0.5213297 -0.4033162 -0.0022866 0.0018449 0.0039262 0.0126739 0.0021793 0.0073804 -0.0022857 0.0018519 0.0039003 0.0232488 0.0090387 0.0201495 -0.0056344 0.0062128 0.0114088 0.0101383 -0.0041124 0.0182297 -0.0062812 0.0044953 0.0101783 0.0186713 0.0021019 0.0399479
-0.2618578 -0.2246613 -0.0039491 0.4530316 0.2886528 -0.1798115 -0.2483457 -0.2893972 -0.0223827 0.5031631 0.3417290 -0.2372296 -0.7589035 -0.6511025 -0.0114452 0.7997426 0.5095626 -0.3174236 -0.6501122 -0.7575757 -0.0585928 0.7707028 0.5234316 -0.3633683 -0.0006491 0.0018993 0.0014920 0.0123985 -0.0029286 -0.0228606 -0.0020233 0.0013323 0.0025658 0.0104455 -0.0030892 -0.0246539 -0.0035449 0.0040929 0.0043086 -0.0007602 -0.0190729 -0.0304943 -0.0050017 0.0038270 0.0067399 -0.0025415 -0.0169564 -0.0283089
-0.2625069 -0.2227620 -0.0024571 0.4654300 0.2857242 -0.2026721 -0.2503690 -0.2880649 -0.0198169 0.5136086 0.3386398 -0.2618835 -0.7624484 -0.6470096 -0.0071366 0.7989825 0.4904897 -0.3479179 -0.6551139 -0.7537487 -0.0518528 0.7681613 0.5064752 -0.3916772 -0.0008605 0.0009097 0.0015913 -0.0046949 0.0041996 0.0128618 -0.0007472 0.0009165 0.0016431 -0.0067668 0.0045693 0.0115570 -0.0023613 0.0027583 0.0046225 0.0002011 0.0124073 0.0186761 -0.0024390 0.0018447 0.0042643 -0.0017523 0.0125004 0.0131517
-0.2633674 -0.2218523 -0.0008658 0.4607352 0.2899238 -0.1898103 -0.2511162 -0.2871484 -0.0181738 0.5068417 0.3432091 -0.2503265 -0.7648097 -0.6442513 -0.0025141 0.7991836 0.5028970 -0.3292419 -0.6575529 -0.7519040 -0.0475886 0.7664090 0.5189756 -0.3785255 -0.0013399 0.0007952 0.0008002 -0.0030161 0.0015391 0.0055495 -0.0023834 0.0005521 0.0010117 -0.0063797 0.0013396 0.0029595 -0.0027442 0.0032669 0.0023241 -0.0004698 0.0057020 0.0077092 -0.0043146 0.0036235 0.0027795 -0.0035366 0.0062324 0.0014549
-0.2647073 -0.2210571 -0.0000655 0.4577190 0.2914629 -0.1842608 -0.2534996 -0.2865963 -0.0171622 0.5004620 0.3445487 -0.2473670 -0.7675539 -0.6409844 -0.0001900 0.7987138 0.5085990 -0.3215327 -0.6618675 -0.7482804 -0.0448091 0.7628724 0.5252081 -0.3770705 -0.0011649 -0.0001289 -0.0000520 -0.0024447 -0.0003106 0.0018484 -0.0015701 -0.0002063 -0.0000186 -0.0047601 0.0007037 0.0011865 -0.0011990 0.0014386 -0.0001498 -0.0005011 0.0018658 0.0017169 -0.0020267 0.0017921 0.0000910 -0.0029691 0.0040584 -0.0003205
-0.2658722 -0.2211861 -0.0001175 0.4552743 0.2911523 -0.1824124 -0.2550697 -0.2868026 -0.0171808 0.4957019 0.3452523 -0.2461806 -0.7687529 -0.6395458 -0.0003398 0.7982127 0.5104648 -0.3198158 -0.6638942 -0.7464883 -0.0447181 0.7599033 0.5292665 -0.3773910 -0.0052420 0.0005707 0.0011845 -0.0068606 0.0003068 0.0030148 -0.0048835 0.0006230 0.0012135 -0.0106686 -0.0014411 -0.0006405 -0.0068880 0.0083787 0.0033923 -0.0032914 0.0062167 0.0017902 -0.0079083 0.0069083 0.0034535 -0.0064263 0.0048285 -0.0060342
-0.2711142 -0.2206154 0.0010670 0.4484137 0.2914591 -0.1793976 -0.2599532 -0.2861796 -0.0159673 0.4850333 0.3438112 -0.2468211 -0.7756409 -0.6311671 0.0030526 0.7949213 0.5166815 -0.3180256 -0.6718025 -0.7395800 -0.0412646 0.7534770 0.5340950 -0.3834252 -0.0024185 0.0005149 -0.0005763 -0.0065741 0.0015903 -0.0011432 -0.0024579 0.0007987 -0.0016591 -0.0056259 0.0008623 -0.0011833 -0.0034534 0.0042619 -0.0016549 -0.0060418 0.0065417 -0.0043199 -0.0043609 0.0042296 -0.0041539 -0.0048940 0.0041045 -0.0038276
-0.2735326 -0.2201005 0.0004907 0.4418395 0.2930494 -0.1805408 -0.2624111 -0.2853809 -0.0176264 0.4794074 0.3446735 -0.2480044 -0.7790943 -0.6269052 0.0013976 0.7888795 0.5232232 -0.3223454 -0.6761634 -0.7353504 -0.0454184 0.7485831 0.5381994 -0.3872529 0.0002478 0.0004457 -0.0026425 0.0073665 0.0073423 -0.0150906 0.0003569 0.0007245 -0.0035551 0.0078004 0.0073404 -0.0148489 -0.0003290 0.0004376 -0.0075348 -0.0072590 -0.0005402 -0.0180541 -0.0001188 0.0007387 -0.0092445 -0.0059237 -0.0016185 -0.0134189
-0.2732848 -0.2196548 -0.0021518 0.4492060 0.3003918 -0.1956314 -0.2620541 -0.2846564 -0.0211815 0.4872078 0.3520139 -0.2628532 -0.7794233 -0.6264676 -0.0061372 0.7816205 0.5226830 -0.3403995 -0.6762821 -0.7346118 -0.0546629 0.7426594 0.5365810 -0.4006718 0.0017340 0.0002430 -0.0033757 -0.0129685 -0.0005423 0.0077125 0.0003359 -0.0000035 -0.0033060 -0.0168045 -0.0023147 0.0043970 0.0016949 -0.0019335 -0.0096938 -0.0050066 0.0111253 0.0058560 0.0008153 -0.0000653 -0.0085367 -0.0083427 0.0093122 -0.0027877
-0.2715508 -0.2194118 -0.0055275 0.4362375 0.2998494 -0.1879189 -0.2617182 -0.2846599 -0.0244875 0.4704033 0.3496991 -0.2584562 -0.7777284 -0.6284010 -0.0158310 0.7766139 0.5338084 -0.3345436 -0.6754668 -0.7346771 -0.0631996 0.7343167 0.5458931 -0.4034596 0.0020371 -0.0002653 -0.0035548 -0.0143366 -0.0033322 -0.0049700 0.0008258 -0.0007850 -0.0023085 -0.0137688 -0.0035924 -0.0048763 0.0028611 -0.0031833 -0.0102813 -0.0103176 0.0047542 -0.0157995 0.0024324 -0.0016966 -0.0059271 -0.0101830 0.0029651 -0.0141347
-0.2695137 -0.2196771 -0.0090824 0.4219010 0.2965173 -0.1928889 -0.2608924 -0.2854449 -0.0267960 0.4566345 0.3461068 -0.2633325 -0.7748673 -0.6315843 -0.0261123 0.7662963 0.5385626 -0.3503431 -0.6730345 -0.7363736 -0.0691267 0.7241337 0.5488582 -0.4175943 -0.0005332 0.0006055 -0.0012670 -0.0080272 -0.0012221 -0.0025339 -0.0001549 0.0005721 -0.0009522 -0.0100213 -0.0013805 -0.0035924 -0.0013834 0.0018623 -0.0036369 -0.0064545 0.0035776 -0.0084388 -0.0008336 0.0010023 -0.0025024 -0.0085659 0.0034654 -0.0100753
-0.2700469 -0.2190716 -0.0103493 0.4138738 0.2952952 -0.1954228 -0.2610473 -0.2848728 -0.0277482 0.4466132 0.3447263 -0.2669249 -0.7762507 -0.6297221 -0.0297492 0.7598418 0.5421402 -0.3587819 -0.6738681 -0.7353714 -0.0716291 0.7155678 0.5523237 -0.4276695 0.0005657 0.0007306 -0.0013811 -0.0100034 -0.0013537 -0.0020418 0.0013032 0.0012233 -0.0027840 -0.0123733 -0.0016700 -0.0032948 -0.0002828 0.0005534 -0.0040531 -0.0079329 0.0051076 -0.0088495 0.0006402 0.0001831 -0.0075068 -0.0104607 0.0047220 -0.0111060
-0.2694812 -0.2183410 -0.0117304 0.4038704 0.2939415 -0.1974647 -0.2597441 -0.2836495 -0.0305322 0.4342398 0.3430563 -0.2702196 -0.7765334 -0.6291687 -0.0338023 0.7519089 0.5472478 -0.3676314 -0.6732279 -0.7351882 -0.0791360 0.7051072 0.5570457 -0.4387755 0.0009698 -0.0000154 -0.0017321 -0.0109452 0.0017451 -0.0025030 0.0013969 -0.0000519 -0.0013762 -0.0100777 0.0029349 -0.0013133 0.0012759 -0.0012795 -0.0050674 -0.0117357 0.0097520 -0.0090579 0.0022481 -0.0016417 -0.0037365 -0.0109278 0.0092000 -0.0056126
-0.2685113 -0.2183564 -0.0134626 0.3929252 0.2956866 -0.1999677 -0.2583472 -0.2837014 -0.0319084 0.4241621 0.3459912 -0.2715329 -0.7752576 -0.6304481 -0.0388697 0.7401732 0.5569998 -0.3766893 -0.6709798 -0.7368299 -0.0828725 0.6941794 0.5662457 -0.4443881 0.0008427 0.0004894 -0.0008302 -0.0190386 0.0036667 -0.0006547 0.0015823 0.0007592 -0.0013544 -0.0377723 -0.0014973 -0.0093011 0.0003558 -0.0002778 -0.0025078 -0.0201652 0.0194764 -0.0096571 0.0014920 -0.0009127 -0.0038569 -0.0380938 0.0187011 -0.0324651
-0.2676686 -0.2178670 -0.0142927 0.3738866 0.2993533 -0.2006224 -0.2567648 -0.2829422 -0.0332628 0.3863898 0.3444939 -0.2808341 -0.7749017 -0.6307259 -0.0413775 0.7200080 0.5764763 -0.3863465 -0.6694878 -0.7377426 -0.0867294 0.6560856 0.5849468 -0.4768531 0.0003362 0.0005031 -0.0000982 -0.0280723 -0.0027832 -0.0062810 0.0003882 0.0005012 -0.0000631 -0.0183259 -0.0222578 0.0308050 -0.0003142 0.0004096 -0.0003537 -0.0288636 0.0162488 -0.0271707 -0.0000775 0.0001064 -0.0003062 0.0138731 0.0015950 0.0217443
-0.2673324 -0.2173639 -0.0143909 0.3458143 0.2965701 -0.2069034 -0.2563767 -0.2824410 -0.0333259 0.3680640 0.3222361 -0.2500291 -0.7752160 -0.6303164 -0.0417312 0.6911444 0.5927250 -0.4135171 -0.6695653 -0.7376362 -0.0870356 0.6699587 0.5865418 -0.4551088 0.0011332 -0.0011302 0.0001294 -0.0271171 0.0014288 -0.0063135 0.0016630 -0.0010916 0.0003105 -0.0290996 -0.0058738 -0.0092923 0.0029102 -0.0035857 0.0003552 -0.0348841 0.0209136 -0.0255386 0.0037690 -0.0034898 0.0007364 -0.0319116 0.0089607 -0.0330229
-0.2661992 -0.2184941 -0.0142615 0.3186971 0.2979989 -0.2132169 -0.2547137 -0.2835326 -0.0330155 0.3389643 0.3163623 -0.2593213 -0.7723057 -0.6339021 -0.0413760 0.6562603 0.6136387 -0.4390558 -0.6657963 -0.7411260 -0.0862992 0.6380472 0.5955025 -0.4881318 0.0029750 -0.0023075 -0.0000792 -0.0268987 0.0027268 -0.0043744 0.0009173 -0.0024948 -0.0005702 -0.0325212 -0.0006236 -0.0090465 0.0068278 -0.0082072 -0.0003280 -0.0382434 0.0232859 -0.0217936 0.0046355 -0.0039990 -0.0011943 -0.0434541 0.0171269 -0.0325835
-0.2632242 -0.2208015 -0.0143407 0.2917985 0.3007258 -0.2175913 -0.2537964 -0.2860273 -0.0335857 0.3064432 0.3157388 -0.2683678 -0.7654779 -0.6421093 -0.0417040 0.6180169 0.6369246 -0.4608494 -0.6611608 -0.7451250 -0.0874935 0.5945930 0.6126294 -0.5207153 0.0005783 -0.0013180 -0.0005757 -0.0235006 -0.0009966 -0.0064551 0.0007217 -0.0012932 -0.0005896 -0.0392890 -0.0094537 -0.0076849 0.0026375 -0.0030244 -0.0016200 -0.0353361 0.0140178 -0.0257276 0.0028079 -0.0023156 -0.0014107 -0.0508358 0.0107737 -0.0411537
-0.2626460 -0.2221195 -0.0149164 0.2682978 0.2997292 -0.2240464 -0.2530747 -0.2873205 -0.0341753 0.2671541 0.3062851 -0.2760527 -0.7628404 -0.6451337 -0.0433239 0.5826808 0.6509424 -0.4865769 -0.6583530 -0.7474406 -0.0889042 0.5437572 0.6234031 -0.5618689 0.0038985 -0.0013598 -0.0031886 -0.0378571 -0.0056631 0.0062891 0.0017523 -0.0015956 -0.0033357 -0.0252321 -0.0017723 -0.0016468 0.0070989 -0.0075977 -0.0095567 -0.0497840 0.0290886 -0.0169892 0.0051653 -0.0034531 -0.0085871 -0.0375193 0.0138102 -0.0192356
-0.2587475 -0.2234793 -0.0181050 0.2304408 0.2940661 -0.2177573 -0.2513225 -0.2889161 -0.0375110 0.2419220 0.3045128 -0.2776995 -0.7557416 -0.6527314 -0.0528806 0.5328968 0.6800310 -0.5035661 -0.6531877 -0.7508937 -0.0974913 0.5062379 0.6372132 -0.5811045 0.0005950 -0.0006503 -0.0024664 -0.0302082 -0.0149805 -0.0392183 0.0011293 -0.0006491 -0.0022575 -0.0446332 -0.0011345 -0.0097105 0.0019915 -0.0016791 -0.0071837 -0.0661255 -0.0294418 -0.0954816 0.0028991 -0.0017288 -0.0058730 -0.0793275 0.0192626 -0.0408175
-0.2581524 -0.2241295 -0.0205715 0.2002325 0.2790856 -0.2569756 -0.2501932 -0.2895652 -0.0397685 0.1972889 0.3033784 -0.2874100 -0.7537501 -0.6544105 -0.0600643 0.4667713 0.6505892 -0.5990477 -0.6502886 -0.7526224 -0.1033643 0.4269104 0.6564758 -0.6219221 0.0013733 -0.0023463 -0.0044495 -0.0365736 0.0096998 -0.0119942 0.0024868 -0.0022270 -0.0043601 -0.0453344 0.0140269 -0.0143505 0.0057707 -0.0052975 -0.0128201 -0.0837021 0.0253581 -0.0305181 0.0073799 -0.0047087 -0.0111692 -0.0991174 0.0282242 -0.0290293
-0.2567791 -0.2264758 -0.0250210 0.1636589 0.2887854 -0.2689698 -0.2477064 -0.2917922 -0.0441286 0.1519545 0.3174053 -0.3017605 -0.7479794 -0.6597081 -0.0728844 0.3830693 0.6759474 -0.6295658 -0.6429087 -0.7573311 -0.1145335 0.3277929 0.6847000 -0.6509513 0.0013987 -0.0062699 -0.0091656 -0.0198846 -0.0166300 0.0009483 0.0022094 -0.0062080 -0.0089720 -0.0191635 -0.0065905 0.0017476 0.0124691 -0.0106131 -0.0255750 -0.0307989 -0.0091223 -0.0271304 0.0129996 -0.0072935 -0.0217149 -0.0339666 0.0030393 -0.0128865
-0.2553803 -0.2327457 -0.0341866 0.1437743 0.2721554 -0.2680215 -0.2454970 -0.2980002 -0.0531006 0.1327910 0.3108148 -0.3000129 -0.7355103 -0.6703211 -0.0984594 0.3522704 0.6668250 -0.6566962 -0.6299091 -0.7646247 -0.1362484 0.2938264 0.6877393 -0.6638378 0.0005726 -0.0036794 -0.0030632 -0.0227691 0.0066623 -0.0043876 0.0023545 -0.0033214 -0.0032762 -0.0214714 -0.0118047 0.0075031 0.0066290 -0.0059765 -0.0080942 -0.0557997 0.0162967 -0.0107241 0.0084887 -0.0054893 -0.0078388 -0.0366494 0.0030509 -0.0119350
-0.2548077 -0.2364251 -0.0372498 0.1210052 0.2788177 -0.2724091 -0.2431425 -0.3013216 -0.0563768 0.1113196 0.2990101 -0.2925098 -0.7288813 -0.6762976 -0.1065536 0.2964707 0.6831217 -0.6674203 -0.6214204 -0.7701140 -0.1440872 0.2571770 0.6907902 -0.6757728 0.0019402 0.0001735 -0.0085377 -0.0130289 -0.0023964 0.0017624 0.0025694 0.0003270 -0.0086610 -0.0057006 0.0007727 0.0033603 0.0044880 -0.0004958 -0.0246144 -0.0276344 0.0051043 -0.0064283 0.0057857 -0.0001416 -0.0223467 -0.0113733 0.0068839 0.0028453
-0.2528675 -0.2362516 -0.0457875 0.1079763 0.2764213 -0.2706467 -0.2405730 -0.3009946 -0.0650378 0.1056191 0.2997828 -0.2891494 -0.7243933 -0.6767934 -0.1311680 0.2688363 0.6882260 -0.6738486 -0.6156347 -0.7702556 -0.1664340 0.2458036 0.6976741 -0.6729275 0.0005484 0.0000416 -0.0009533 -0.0111493 0.0024600 -0.0022561 0.0009472 0.0001505 -0.0010580 -0.0117708 -0.0007520 -0.0007216 0.0009518 -0.0004605 -0.0028455 -0.0279898 0.0054609 -0.0049675 0.0016057 -0.0006420 -0.0029332 -0.0259721 0.0027799 -0.0060705
-0.2523191 -0.2362100 -0.0467407 0.0968269 0.2788813 -0.2729028 -0.2396259 -0.3008441 -0.0660958 0.0938483 0.2990308 -0.2898710 -0.7234415 -0.6772539 -0.1340135 0.2408465 0.6936870 -0.6788162 -0.6140290 -0.7708976 -0.1693671 0.2198316 0.7004540 -0.6789980 0.0005265 0.0006464 -0.0013899 -0.0028815 -0.0018457 0.0008932 0.0006060 0.0007362 -0.0016333 -0.0014367 -0.0000047 0.0000022 0.0002048 0.0006327 -0.0042345 -0.0056620 -0.0001518 -0.0021370 0.0005168 0.0005857 -0.0044787 -0.0032039 0.0005116 -0.0005016
-0.2517926 -0.2355636 -0.0481306 0.0939455 0.2770356 -0.2720096 -0.2390199 -0.3001079 -0.0677291 0.0924115 0.2990261 -0.2898688 -0.7232366 -0.6766212 -0.1382479 0.2351845 0.6935352 -0.6809531 -0.6135122 -0.7703119 -0.1738458 0.2166276 0.7009656 -0.6794996 0.0009844 -0.0001025 -0.0036824 0.0022830 -0.0005235 0.0006599 0.0016093 -0.0000722 -0.0033601 0.0031225 -0.0007108 0.0008496 0.0025944 -0.0005136 -0.0106254 0.0058772 -0.0008455 0.0011957 0.0036143 -0.0008383 -0.0087793 0.0075227 -0.0010322 0.0013773
-0.2508082 -0.2356661 -0.0518130 0.0962285 0.2765121 -0.2713497 -0.2374106 -0.3001801 -0.0710892 0.0955340 0.2983153 -0.2890192 -0.7206422 -0.6771348 -0.1488734 0.2410617 0.6926897 -0.6797575 -0.6098979 -0.7711502 -0.1826251 0.2241503 0.6999334 -0.6781223 0.0005937 -0.0000815 -0.0005874 0.0021052 -0.0020057 0.0009981 0.0005281 -0.0001539 -0.0003867 0.0012287 -0.0014333 0.0004516 0.0011180 -0.0007879 -0.0018109 0.0062349 -0.0023413 -0.0001421 0.0011499 -0.0006575 -0.0010559 0.0034334 -0.0016741 -0.0005820
-0.2502145 -0.2357476 -0.0524004 0.0983337 0.2745064 -0.2703516 -0.2368825 -0.3003340 -0.0714759 0.0967628 0.2968820 -0.2885677 -0.7195241 -0.6779228 -0.1506842 0.2472966 0.6903484 -0.6798996 -0.6087480 -0.7718077 -0.1836810 0.2275837 0.6982594 -0.6787043 0.0000750 -0.0005753 -0.0003830 0.0128232 0.0208391 0.0435205 0.0002372 -0.0006147 -0.0001349 0.0087593 -0.0010376 -0.0019096 0.0010301 -0.0008847 -0.0009294 0.0387222 0.0696076 0.0962386 0.0011642 -0.0008743 -0.0001788 0.0190629 -0.0067544 -0.0002555
-0.2501395 -0.2363229 -0.0527834 0.1111569 0.2953455 -0.2268311 -0.2366453 -0.3009487 -0.0716108 0.1055220 0.2958444 -0.2904772 -0.7184941 -0.6788075 -0.1516137 0.2860188 0.7599560 -0.5836610 -0.6075838 -0.7726820 -0.1838598 0.2466466 0.6915050 -0.6789598 -0.0008446 -0.0020305 0.0048252 0.0340835 -0.0309064 -0.0409815 -0.0010830 -0.0019932 0.0045323 0.0102924 -0.0030773 -0.0042114 0.0002386 -0.0033018 0.0143690 0.0740055 -0.1044601 -0.0801971 -0.0006018 -0.0023411 0.0122514 0.0219156 -0.0126072 -0.0043939
-0.2509842 -0.2383534 -0.0479582 0.1452404 0.2644391 -0.2678125 -0.2377282 -0.3029419 -0.0670785 0.1158144 0.2927671 -0.2946887 -0.7182554 -0.6821093 -0.1372446 0.3600243 0.6554959 -0.6638581 -0.6081856 -0.7750231 -0.1716083 0.2685621 0.6788978 -0.6833536 -0.0021375 0.0032788 0.0093244 0.0071154 -0.0033430 0.0009937 -0.0029594 0.0032242 0.0089624 0.0332842 0.0082092 -0.0056638 -0.0099505 0.0058232 0.0260992 0.0178358 -0.0079471 0.0021163 -0.0109218 0.0040762 0.0221197 0.0623364 -0.0109330 0.0167734
-0.2531217 -0.2350746 -0.0386338 0.1523558 0.2610961 -0.2668188 -0.2406877 -0.2997177 -0.0581161 0.1490986 0.3009763 -0.3003525 -0.7282059 -0.6762861 -0.1111455 0.3778602 0.6475488 -0.6617418 -0.6191074 -0.7709469 -0.1494887 0.3308986 0.6679648 -0.6665802 -0.0008972 0.0048172 0.0075718 0.0459206 0.0217125 0.0379871 -0.0016796 0.0047537 0.0072999 0.0388437 -0.0165821 0.0127767 -0.0096823 0.0074218 0.0209151 0.1007025 0.0350419 0.1094305 -0.0101995 0.0050726 0.0175445 0.0905113 -0.0302875 0.0217691
-0.2540189 -0.2302573 -0.0310619 0.1982764 0.2828087 -0.2288318 -0.2423672 -0.2949639 -0.0508161 0.1879423 0.2843943 -0.2875758 -0.7378882 -0.6688643 -0.0902304 0.4785626 0.6825907 -0.5523113 -0.6293069 -0.7658744 -0.1319442 0.4214099 0.6376773 -0.6448111 0.0000307 0.0002880 0.0009656 0.0324443 -0.0006397 -0.0054162 0.0000431 0.0003106 0.0008993 0.0571087 -0.0140987 0.0135818 -0.0005565 0.0002517 0.0027284 0.0539469 -0.0313373 0.0116611 -0.0005138 0.0000455 0.0022060 0.1156646 -0.0452747 0.0443028
-0.2539882 -0.2299694 -0.0300963 0.2307208 0.2821690 -0.2342479 -0.2423241 -0.2946534 -0.0499169 0.2450510 0.2702956 -0.2739940 -0.7384448 -0.6686126 -0.0875020 0.5325095 0.6512534 -0.5406502 -0.6298207 -0.7658289 -0.1297381 0.5370745 0.5924026 -0.6005083 -0.0008428 0.0012291 0.0020640 0.0747766 0.0167548 -0.0001212 -0.0005847 0.0013208 0.0019180 0.0688412 0.0119881 -0.0058300 -0.0032501 0.0028558 0.0059128 0.0942087 -0.0380204 0.0598492 -0.0029763 0.0016740 0.0046971 0.0826878 -0.0350495 0.0480118
-0.2548310 -0.2287402 -0.0280324 0.3054973 0.2989238 -0.2343692 -0.2429088 -0.2933326 -0.0479989 0.3138923 0.2822837 -0.2798240 -0.7416948 -0.6657567 -0.0815892 0.6267182 0.6132329 -0.4808010 -0.6327970 -0.7641549 -0.1250410 0.6197622 0.5573531 -0.5524964 -0.0010463 0.0015487 0.0042996 0.0468009 -0.0036574 -0.0004880 -0.0015176 0.0015401 0.0040505 0.0696688 0.0211099 -0.0082879 -0.0042922 0.0034004 0.0123984 0.0557763 -0.0412240 0.0258208 -0.0051103 0.0026309 0.0103439 0.0559915 -0.0228375 0.0449040
-0.2558773 -0.2271916 -0.0237328 0.3522982 0.2952664 -0.2348571 -0.2444264 -0.2917925 -0.0439484 0.3835611 0.3033936 -0.2881119 -0.7459871 -0.6623564 -0.0691908 0.6824946 0.5720089 -0.4549802 -0.6379073 -0.7615240 -0.1146971 0.6757537 0.5345155 -0.5075924 0.0008012 0.0008757 0.0017408 0.0634333 -0.0051389 0.0108647 0.0006155 0.0008234 0.0018016 0.0765892 0.0345377 -0.0019789 -0.0004806 0.0000543 0.0048323 0.0676016 -0.0485375 0.0508350 -0.0004305 -0.0002819 0.0043497 0.0428027 -0.0068124 0.0545955
-0.2550762 -0.2263159 -0.0219920 0.4157315 0.2901275 -0.2239925 -0.2438109 -0.2909691 -0.0421468 0.4601502 0.3379313 -0.2900909 -0.7464676 -0.6623021 -0.0643584 0.7500962 0.5234714 -0.4041452 -0.6383378 -0.7618059 -0.1103475 0.7185564 0.5277031 -0.4529969 -0.0014418 0.0018864 0.0019911 0.0146490 -0.0041614 0.0063650 -0.0016072 0.0017334 0.0023921 0.0194154 -0.0051897 0.0090576 -0.0048511 0.0049678 0.0057775 0.0175038 -0.0134399 0.0159983 -0.0051246 0.0034580 0.0061145 0.0217116 -0.0140758 0.0191878
-0.2565179 -0.2244294 -0.0200009 0.4303805 0.2859662 -0.2176275 -0.2454180 -0.2892356 -0.0397547 0.4795656 0.3327417 -0.2810333 -0.7513187 -0.6573343 -0.0585810 0.7676000 0.5100315 -0.3881469 -0.6434624 -0.7583479 -0.1042330 0.7402679 0.5136273 -0.4338091 -0.0018283 0.0021836 0.0027653 0.0272359 -0.0075009 -0.0082499 -0.0021727 0.0019692 0.0032839 0.0277252 -0.0061346 -0.0068310 -0.0058000 0.0060127 0.0080698 0.0195517 -0.0310399 -0.0003876 -0.0063994 0.0043479 0.0085066 0.0185901 -0.0250546 0.0031919
-0.2583462 -0.2222458 -0.0172356 0.4576164 0.2784653 -0.2258774 -0.2475908 -0.2872664 -0.0364708 0.5072908 0.3266071 -0.2878643 -0.7571187 -0.6513216 -0.0505112 0.7871518 0.4789917 -0.3885345 -0.6498618 -0.7540001 -0.0957265 0.7588580 0.4885727 -0.4306172 -0.0043969 0.0021291 0.0044381 -0.0068650 0.0087086 0.0230053 -0.0038716 0.0022284 0.0044014 -0.0061344 0.0094338 0.0241720 -0.0088959 0.0095822 0.0132008 0.0013347 0.0233533 0.0336562 -0.0093560 0.0067625 0.0116553 0.0022060 0.0217443 0.0301700
-0.2627431 -0.2201167 -0.0127975 0.4507515 0.2871739 -0.2028721 -0.2514623 -0.2850380 -0.0320694 0.5011564 0.3360409 -0.2636923 -0.7660146 -0.6417394 -0.0373104 0.7884865 0.5023450 -0.3548783 -0.6592178 -0.7472376 -0.0840712 0.7610641 0.5103171 -0.4004473 -0.0009759 0.0007455 0.0019303 0.0157288 0.0008777 -0.0056106 -0.0007315 0.0006105 0.0025377 0.0142154 0.0005906 -0.0070599 -0.0023866 0.0025548 0.0056467 0.0068065 -0.0112515 -0.0005598 -0.0022259 0.0012529 0.0066165 0.0053056 -0.0097384 -0.0021674
-0.2637190 -0.2193712 -0.0108671 0.4664803 0.2880516 -0.2084828 -0.2521939 -0.2844275 -0.0295318 0.5153718 0.3366315 -0.2707521 -0.7684012 -0.6391846 -0.0316636 0.7952930 0.4910934 -0.3554381 -0.6614436 -0.7459847 -0.0774547 0.7663697 0.5005787 -0.4026146 0.0002129 0.0000925 0.0021708 0.0083427 0.0004238 0.0017491 -0.0002150 -0.0000720 0.0024859 0.0075692 0.0006405 0.0013164 -0.0000170 -0.0002608 0.0063039 0.0056883 -0.0044628 0.0066981 -0.0005438 -0.0001663 0.0065222 0.0048196 -0.0031984 0.0052735
-0.2635061 -0.2192787 -0.0086964 0.4748230 0.2884754 -0.2067337 -0.2524089 -0.2844995 -0.0270458 0.5229410 0.3372720 -0.2694357 -0.7684182 -0.6394454 -0.0253597 0.8009813 0.4866306 -0.3487401 -0.6619875 -0.7461509 -0.0709325 0.7711893 0.4973803 -0.3973411 0.0001657 0.0008188 0.0009591 0.0015386 0.0043393 0.0011866 -0.0003376 0.0006029 0.0014335 0.0022658 0.0086817 0.0054198 -0.0010281 0.0011340 0.0027525 -0.0013728 0.0048806 0.0037139 -0.0014506 0.0009462 0.0037023 -0.0011795 0.0098251 0.0102652
-0.2633404 -0.2184600 -0.0077372 0.4763616 0.2928147 -0.2055471 -0.2527465 -0.2838967 -0.0256123 0.5252067 0.3459537 -0.2640160 -0.7694462 -0.6383114 -0.0226072 0.7996085 0.4915112 -0.3450261 -0.6634381 -0.7452047 -0.0672301 0.7700097 0.5072054 -0.3870759 0.0002317 -0.0001874 0.0001325 -0.0010009 0.0026947 -0.0012557 0.0002813 -0.0003135 0.0006285 -0.0035336 0.0028787 -0.0031207 0.0005389 -0.0006624 0.0003831 -0.0029703 0.0037211 -0.0015465 0.0007480 -0.0008122 0.0016506 -0.0051464 0.0042433 -0.0045928
-0.2631087 -0.2186474 -0.0076048 0.4753607 0.2955093 -0.2068028 -0.2524652 -0.2842102 -0.0249838 0.5216732 0.3488323 -0.2671366 -0.7689074 -0.6389738 -0.0222241 0.7966381 0.4952323 -0.3465727 -0.6626901 -0.7460169 -0.0655795 0.7648633 0.5114487 -0.3916686 -0.0006082 -0.0001974 0.0000355 -0.0143834 0.0064567 0.0092999 -0.0001505 0.0000226 -0.0005000 -0.0161827 0.0071078 0.0085285 -0.0004440 0.0005297 0.0001421 -0.0091787 0.0205979 0.0091904 -0.0001932 0.0002864 -0.0012922 -0.0105614 0.0196916 0.0057690
-0.2637169 -0.2188448 -0.0075692 0.4609773 0.3019660 -0.1975030 -0.2526157 -0.2841876 -0.0254839 0.5054905 0.3559402 -0.2586081 -0.7693513 -0.6384441 -0.0220820 0.7874594 0.5158302 -0.3373823 -0.6628833 -0.7457304 -0.0668717 0.7543019 0.5311403 -0.3858997 0.0002108 -0.0012230 -0.0004128 -0.0121091 -0.0008888 -0.0109321 0.0004635 -0.0010245 -0.0009703 -0.0133544 -0.0012413 -0.0121263 0.0020246 -0.0023908 -0.0011614 -0.0125984 0.0039059 -0.0224299 0.0021251 -0.0016604 -0.0024507 -0.0134778 0.0027963 -0.0216433
-0.2635061 -0.2200678 -0.0079820 0.4488682 0.3010773 -0.2084351 -0.2521522 -0.2852120 -0.0264542 0.4921361 0.3546989 -0.2707344 -0.7673268 -0.6408349 -0.0232434 0.7748610 0.5197361 -0.3598121 -0.6607582 -0.7473908 -0.0693224 0.7408242 0.5339366 -0.4075429 0.0006204 0.0012837 -0.0018754 -0.0137640 -0.0006814 -0.0042647 0.0008100 0.0014670 -0.0023981 -0.0119863 0.0002144 -0.0021936 -0.0009885 0.0014120 -0.0055660 -0.0113963 0.0073597 -0.0134059 -0.0004017 0.0009945 -0.0065739 -0.0094499 0.0066746 -0.0081868
-0.2628857 -0.2187841 -0.0098574 0.4351042 0.3003958 -0.2126997 -0.2513422 -0.2837451 -0.0288523 0.4801498 0.3549132 -0.2729280 -0.7683153 -0.6394229 -0.0288095 0.7634647 0.5270958 -0.3732181 -0.6611598 -0.7463963 -0.0758964 0.7313742 0.5406113 -0.4157297 0.0000000 0.0000000 0.0000000 0.0000000 0.0000000 0.0000000 0.0000000 0.0000000 0.0000000 0.0000000 0.0000000 0.0000000 0.0000000 0.0000000 0.0000000 0.0000000 0.0000000 0.0000000 0.0000000 0.0000000 0.0000000 0.0000000 0.0000000 0.0000000
