-0.2082596 -0.2504221 -0.0173125 0.0231131 0.1729865 -0.1303231 -0.1957981 -0.3455249 -0.0352431 -0.0282989 0.2235283 -0.1323132 -0.6385117 -0.7677795 -0.0530790 0.1061144 0.7941961 -0.5983245 -0.4910841 -0.8666158 -0.0883937 -0.1083045 0.8554794 -0.5063843 0.0000738 -0.0004200 -0.0000295 -0.0237901 -0.1125821 -0.0447416 0.0009569 -0.0005417 0.0012902 -0.0238011 -0.1125810 -0.0444688 0.0007680 -0.0006349 -0.0000452 -0.1097696 -0.4680278 -0.3469801 0.0022640 -0.0016002 0.0032124 -0.1338884 -0.3397277 -0.3154081
-0.2081858 -0.2508421 -0.0173419 -0.0006769 0.0604044 -0.1750647 -0.1948412 -0.3460666 -0.0339528 -0.0521000 0.1109473 -0.1767820 -0.6377438 -0.7684144 -0.0531242 -0.0036552 0.3261683 -0.9453046 -0.4888201 -0.8682160 -0.0851813 -0.2421929 0.5157518 -0.8217924 0.0000216 0.0006205 0.0012714 0.0072646 0.0474653 0.0272373 0.0001069 0.0005453 0.0017673 0.0072526 0.0474662 0.0276142 -0.0010208 0.0005941 0.0038107 0.0396303 0.2629038 0.1380254 -0.0005574 -0.0000969 0.0042973 0.0403276 0.1972935 0.1503634
-0.2081642 -0.2502216 -0.0160706 0.0065877 0.1078697 -0.1478273 -0.1947343 -0.3455213 -0.0321856 -0.0448474 0.1584135 -0.1491678 -0.6387646 -0.7678203 -0.0493135 0.0359751 0.5890721 -0.8072793 -0.4893775 -0.8683130 -0.0808840 -0.2018653 0.7130453 -0.6714289 0.0014242 0.0026802 0.0025918 0.0117565 -0.0043484 0.0023548 0.0006988 0.0027008 0.0018850 0.0117493 -0.0043474 0.0026088 -0.0016939 0.0009634 0.0075579 0.0662285 -0.0123087 -0.0032134 -0.0017435 0.0006043 0.0041905 0.0480647 0.0028726 -0.0096048
-0.2067400 -0.2475414 -0.0134787 0.0183442 0.1035213 -0.1454725 -0.1940356 -0.3428205 -0.0303006 -0.0330980 0.1540661 -0.1465590 -0.6404584 -0.7668569 -0.0417556 0.1022036 0.5767635 -0.8104926 -0.4911210 -0.8677086 -0.0766935 -0.1538007 0.7159179 -0.6810337 0.0004108 0.0008636 0.0006110 0.0022408 -0.0003621 0.0138875 0.0004312 0.0008149 0.0008927 0.0022385 -0.0003610 0.0139475 -0.0006146 0.0004191 0.0017751 0.0199885 0.0355874 0.0294065 -0.0001352 -0.0001042 0.0020733 0.0035136 0.0326318 0.0352108
-0.2063292 -0.2466778 -0.0128677 0.0205850 0.1031592 -0.1315850 -0.1936044 -0.3420056 -0.0294079 -0.0308595 0.1537051 -0.1326115 -0.6410731 -0.7664378 -0.0399806 0.1221921 0.6123509 -0.7810861 -0.4912562 -0.8678129 -0.0746202 -0.1502870 0.7485497 -0.6458229 0.0002978 0.0018578 0.0029265 0.0120819 0.0060661 0.0122797 0.0002391 0.0018596 0.0028591 0.0120757 0.0060671 0.0125685 -0.0025093 0.0016911 0.0089272 0.0757672 0.0495469 0.0581037 -0.0018135 0.0004610 0.0069225 0.0567069 0.0474280 0.0477742
-0.2060314 -0.2448200 -0.0099412 0.0326669 0.1092253 -0.1193054 -0.1933653 -0.3401460 -0.0265487 -0.0187838 0.1597722 -0.1200430 -0.6435823 -0.7647467 -0.0310534 0.1979592 0.6618978 -0.7229824 -0.4930698 -0.8673518 -0.0676977 -0.0935801 0.7959777 -0.5980487 0.0003035 0.0034657 0.0040777 0.0163541 0.0014848 -0.0244752 -0.0000196 0.0035963 0.0031134 0.0163518 0.0014848 -0.0242815 -0.0050104 0.0038355 0.0125678 0.0628329 -0.0729196 -0.0419308 -0.0042416 0.0018755 0.0074310 0.0823428 -0.0508797 -0.0688116
-0.2057279 -0.2413543 -0.0058635 0.0490210 0.1107101 -0.1437806 -0.1933848 -0.3365497 -0.0234353 -0.0024320 0.1612570 -0.1443245 -0.6485927 -0.7609111 -0.0184856 0.2607921 0.5889782 -0.7649132 -0.4973114 -0.8654764 -0.0602666 -0.0112373 0.7450980 -0.6668603 0.0002725 -0.0000598 0.0005642 0.0127042 -0.0004171 -0.0005651 0.0003535 -0.0001318 0.0010177 0.0127047 -0.0004169 -0.0006011 0.0005708 -0.0005271 0.0017712 0.0609282 -0.0141159 0.0125639 0.0007538 -0.0006097 0.0025992 0.0586324 -0.0030282 -0.0017847
-0.2054555 -0.2414141 -0.0052993 0.0617252 0.1102930 -0.1443456 -0.1930314 -0.3366815 -0.0224176 0.0102727 0.1608401 -0.1449256 -0.6480220 -0.7614382 -0.0167144 0.3217203 0.5748623 -0.7523493 -0.4965576 -0.8660860 -0.0576675 0.0473951 0.7420698 -0.6686450 -0.0000051 0.0000335 -0.0001583 0.0095684 0.0067726 0.0000517 -0.0001420 -0.0000477 0.0001981 0.0095707 0.0067725 -0.0001259 -0.0000560 0.0000588 -0.0005005 0.0365078 0.0133561 0.0273170 -0.0002370 0.0001011 0.0005244 0.0417691 0.0110821 0.0168690
-0.2054605 -0.2413806 -0.0054576 0.0712936 0.1170656 -0.1442939 -0.1931734 -0.3367292 -0.0222195 0.0198433 0.1676126 -0.1450516 -0.6480779 -0.7613794 -0.0172149 0.3582281 0.5882183 -0.7250323 -0.4967946 -0.8659849 -0.0571430 0.0891642 0.7531519 -0.6517760 -0.0004673 0.0009377 -0.0003825 0.0110091 0.0048767 0.0026248 0.0000698 0.0010551 -0.0006459 0.0110190 0.0048768 0.0021174 -0.0023004 0.0019929 -0.0012299 0.0447433 0.0088367 0.0313902 -0.0009862 0.0006872 -0.0017992 0.0473157 0.0096332 0.0196905
-0.2059279 -0.2404429 -0.0058401 0.0823027 0.1219423 -0.1416692 -0.1931036 -0.3356741 -0.0228654 0.0308623 0.1724894 -0.1429342 -0.6503783 -0.7593865 -0.0184447 0.4029714 0.5970551 -0.6936420 -0.4977808 -0.8652977 -0.0589422 0.1364799 0.7627851 -0.6320855 -0.0005083 0.0001170 -0.0025793 0.0064173 0.0029682 -0.0010161 -0.0010341 -0.0001292 -0.0015582 0.0064484 0.0029682 -0.0019468 -0.0009879 0.0010882 -0.0081211 0.0207898 -0.0004342 0.0121217 -0.0017357 0.0012756 -0.0038998 0.0253316 -0.0018507 0.0037577
-0.2064361 -0.2403259 -0.0084194 0.0887200 0.1249105 -0.1426853 -0.1941378 -0.3358033 -0.0244237 0.0373108 0.1754576 -0.1448809 -0.6513662 -0.7582983 -0.0265658 0.4237612 0.5966209 -0.6815203 -0.4995166 -0.8640220 -0.0628421 0.1618115 0.7609344 -0.6283278 -0.0013050 -0.0037007 -0.0031129 0.0033226 0.0022287 -0.0008799 -0.0019634 -0.0036946 -0.0036463 0.0033775 0.0022298 -0.0019381 0.0035601 -0.0026577 -0.0093960 0.0089449 0.0010797 0.0065985 0.0006176 0.0003091 -0.0085703 0.0120253 -0.0017818 0.0010575
-0.2077412 -0.2440266 -0.0115324 0.0920426 0.1271392 -0.1435652 -0.1961012 -0.3394979 -0.0280699 0.0406883 0.1776874 -0.1468190 -0.6478061 -0.7609560 -0.0359618 0.4327061 0.5977005 -0.6749218 -0.4988990 -0.8637130 -0.0714124 0.1738368 0.7591526 -0.6272703 -0.0020053 -0.0027457 -0.0017707 0.0014468 0.0025948 -0.0078256 -0.0018982 -0.0026555 -0.0022196 0.0015067 0.0025958 -0.0086739 0.0007211 -0.0003565 -0.0050792 -0.0081505 -0.0085502 -0.0125768 -0.0005040 0.0007181 -0.0049853 0.0006769 -0.0135215 -0.0158309
-0.2097465 -0.2467722 -0.0133031 0.0934894 0.1297340 -0.1513908 -0.1979994 -0.3421534 -0.0302895 0.0421950 0.1802832 -0.1554929 -0.6470849 -0.7613125 -0.0410410 0.4245557 0.5891503 -0.6874986 -0.4994030 -0.8629948 -0.0763977 0.1745137 0.7456312 -0.6431012 -0.0010515 -0.0020450 0.0000527 0.0010183 0.0038970 -0.0113884 -0.0024227 -0.0021559 -0.0002264 0.0010251 0.0038979 -0.0114851 0.0012105 -0.0010509 0.0004427 -0.0151438 -0.0102543 -0.0176690 -0.0022025 0.0012762 0.0000240 -0.0032322 -0.0157203 -0.0186335
-0.2107980 -0.2488172 -0.0132503 0.0945077 0.1336310 -0.1627793 -0.2004221 -0.3443093 -0.0305159 0.0432201 0.1841811 -0.1669780 -0.6458744 -0.7623634 -0.0405984 0.4094119 0.5788960 -0.7051676 -0.5016055 -0.8617186 -0.0763737 0.1712815 0.7299108 -0.6617347 -0.0011151 -0.0028366 -0.0001004 -0.0015801 0.0050652 -0.0174589 -0.0014441 -0.0028657 -0.0001442 -0.0015848 0.0050663 -0.0174123 0.0022790 -0.0019276 0.0000512 -0.0311634 -0.0143526 -0.0284664 0.0004059 -0.0002582 0.0002497 -0.0156265 -0.0224024 -0.0276152
-0.2119130 -0.2516538 -0.0133507 0.0929275 0.1386962 -0.1802381 -0.2018661 -0.3471750 -0.0306602 0.0416353 0.1892474 -0.1843903 -0.6435955 -0.7642910 -0.0405471 0.3782485 0.5645434 -0.7336340 -0.5011995 -0.8619769 -0.0761240 0.1556551 0.7075084 -0.6893499 -0.0011712 -0.0038491 -0.0000445 -0.0133115 0.0056044 -0.0129064 -0.0011074 -0.0037575 -0.0005170 -0.0133089 0.0056053 -0.0129519 0.0036366 -0.0030642 0.0003171 -0.0646783 0.0037887 -0.0270712 0.0020030 -0.0011125 -0.0005537 -0.0540439 -0.0085408 -0.0185480
-0.2130843 -0.2555029 -0.0133952 0.0796161 0.1443006 -0.1931445 -0.2029735 -0.3509325 -0.0311772 0.0283263 0.1948527 -0.1973422 -0.6399589 -0.7673553 -0.0402300 0.3135702 0.5683321 -0.7607052 -0.4991966 -0.8630894 -0.0766777 0.1016111 0.6989676 -0.7078979 -0.0005247 -0.0016375 -0.0012307 0.0002838 0.0091691 -0.0139713 -0.0012004 -0.0018217 -0.0006107 0.0002932 0.0091700 -0.0140924 0.0015771 -0.0011225 -0.0034804 -0.0175103 0.0003321 -0.0067384 -0.0002272 0.0002279 -0.0010778 -0.0046647 -0.0078572 -0.0083198
-0.2136090 -0.2571404 -0.0146260 0.0798999 0.1534697 -0.2071158 -0.2041739 -0.3527542 -0.0317879 0.0286196 0.2040227 -0.2114346 -0.6383818 -0.7684778 -0.0437105 0.2960599 0.5686641 -0.7674436 -0.4994238 -0.8628615 -0.0777555 0.0969464 0.6911104 -0.7162177 -0.0001491 -0.0000994 -0.0008104 -0.0071142 0.0045432 -0.0112207 -0.0002262 -0.0001441 -0.0006115 -0.0071036 0.0045441 -0.0113572 -0.0000489 0.0001805 -0.0023932 -0.0353393 -0.0026574 -0.0146441 -0.0002046 0.0002495 -0.0014406 -0.0266190 -0.0093857 -0.0120031
-0.2137581 -0.2572398 -0.0154363 0.0727857 0.1580129 -0.2183365 -0.2044001 -0.3528983 -0.0323994 0.0215160 0.2085668 -0.2227918 -0.6384307 -0.7682973 -0.0461036 0.2607206 0.5660068 -0.7820877 -0.4996284 -0.8626120 -0.0791960 0.0703274 0.6817247 -0.7282208 0.0000261 -0.0001636 -0.0012693 -0.0246130 0.0725277 0.0356108 -0.0003993 -0.0001896 -0.0013617 -0.0246057 0.0725286 0.0355182 0.0004017 -0.0000985 -0.0037656 -0.0991164 0.2073832 0.1691015 -0.0003978 0.0005336 -0.0032333 -0.0794747 0.1504592 0.1737965
-0.2137321 -0.2574034 -0.0167056 0.0481728 0.2305406 -0.1827257 -0.2047994 -0.3530879 -0.0337612 -0.0030897 0.2810954 -0.1872736 -0.6380289 -0.7683958 -0.0498692 0.1616042 0.7733900 -0.6129862 -0.5000262 -0.8620784 -0.0824293 -0.0091472 0.8321839 -0.5544243 -0.0000214 -0.0003523 -0.0006524 -0.0088060 -0.0126361 -0.0033145 -0.0001093 -0.0002207 -0.0014235 -0.0004564 -0.0358835 -0.0102503 0.0005404 -0.0003229 -0.0018985 -0.0254865 -0.0199455 -0.0302816 0.0001782 0.0002284 -0.0033991 -0.0021144 -0.0534671 -0.0728503
-0.2137535 -0.2577557 -0.0173580 0.0393668 0.2179045 -0.1860402 -0.2049087 -0.3533086 -0.0351847 -0.0035462 0.2452119 -0.1975239 -0.6374885 -0.7687188 -0.0517677 0.1361178 0.7534444 -0.6432678 -0.4998479 -0.8618501 -0.0858284 -0.0112616 0.7787168 -0.6272746 0.0009461 -0.0014594 -0.0030171 -0.0362754 -0.0092145 -0.0064578 0.0021643 -0.0015147 -0.0020504 -0.0171680 -0.0054541 -0.0000718 0.0041292 -0.0027596 -0.0088728 -0.1252301 -0.0184407 -0.0347078 0.0057773 -0.0028237 -0.0049104 -0.0552624 -0.0087299 -0.0073078
-0.2128074 -0.2592151 -0.0203751 0.0030913 0.2086900 -0.1924980 -0.2027444 -0.3548233 -0.0372351 -0.0207142 0.2397578 -0.1975957 -0.6333592 -0.7714783 -0.0606404 0.0108876 0.7350038 -0.6779756 -0.4940706 -0.8646738 -0.0907388 -0.0665240 0.7699869 -0.6345824 -0.0001178 0.0020490 0.0003279 -0.0058777 -0.0220753 0.0010061 0.0003953 0.0020842 0.0004328 -0.0350901 -0.0143804 0.0030654 -0.0032363 0.0026130 0.0007043 -0.0213080 -0.0371138 -0.0381536 -0.0014955 0.0007926 0.0006076 -0.1177066 -0.0259324 -0.0076342
-0.2129252 -0.2571661 -0.0200471 -0.0027864 0.1866147 -0.1914918 -0.2023491 -0.3527391 -0.0368023 -0.0558043 0.2253774 -0.1945303 -0.6365955 -0.7688653 -0.0599362 -0.0104203 0.6978900 -0.7161292 -0.4955661 -0.8638811 -0.0901312 -0.1842305 0.7440544 -0.6422166 0.0007509 0.0001479 0.0010986 0.0144283 -0.0455790 0.0076247 0.0025352 0.0005263 0.0001771 0.0131098 -0.0351986 0.0088746 0.0009993 -0.0010668 0.0031732 0.0605964 -0.0900324 -0.0763300 0.0041359 -0.0023650 0.0000539 0.0256224 -0.0375473 -0.0474871
-0.2121743 -0.2570182 -0.0189486 0.0116419 0.1410357 -0.1838671 -0.1998139 -0.3522128 -0.0366252 -0.0426944 0.1901788 -0.1856556 -0.6355962 -0.7699321 -0.0567630 0.0501761 0.6078576 -0.7924591 -0.4914303 -0.8662461 -0.0900774 -0.1586082 0.7065071 -0.6897037 0.0015184 0.0014694 -0.0013240 -0.0352962 -0.0003169 0.0000599 0.0016472 0.0013682 -0.0006885 -0.0368759 -0.0018557 -0.0002768 0.0007105 -0.0002543 -0.0043357 -0.1518301 -0.0031195 0.0025489 0.0017254 -0.0007526 -0.0021313 -0.1293275 -0.0250348 0.0168824
-0.2106559 -0.2555488 -0.0202726 -0.0236543 0.1407188 -0.1838072 -0.1981667 -0.3508446 -0.0373137 -0.0795703 0.1883231 -0.1859324 -0.6348857 -0.7701864 -0.0610987 -0.1016541 0.6047381 -0.7899103 -0.4897048 -0.8669987 -0.0922087 -0.2879357 0.6814723 -0.6728213 0.0018481 -0.0011741 0.0000569 -0.0037920 -0.0039918 0.0017897 0.0018187 -0.0012308 0.0003414 -0.0045214 -0.0043391 0.0026208 0.0050662 -0.0041580 0.0001227 -0.0180423 -0.0084550 -0.0038902 0.0046754 -0.0027168 0.0008777 -0.0201015 -0.0075186 0.0013308
-0.2088077 -0.2567229 -0.0202157 -0.0274462 0.1367270 -0.1820175 -0.1963480 -0.3520754 -0.0369723 -0.0840917 0.1839840 -0.1833116 -0.6298195 -0.7743444 -0.0609760 -0.1196963 0.5962831 -0.7938005 -0.4850294 -0.8697155 -0.0913309 -0.3080372 0.6739537 -0.6714905 0.0015433 -0.0005874 0.0005826 -0.0062748 -0.0014435 0.0051829 0.0026843 -0.0004389 0.0006143 -0.0068368 -0.0015208 0.0056574 0.0036190 -0.0030579 0.0016591 -0.0300503 0.0044775 0.0085218 0.0054842 -0.0031712 0.0013022 -0.0282239 0.0008100 0.0145108
-0.2072644 -0.2573103 -0.0196331 -0.0337210 0.1352835 -0.1768346 -0.1936638 -0.3525143 -0.0363580 -0.0909285 0.1824632 -0.1776542 -0.6262006 -0.7774023 -0.0593168 -0.1497467 0.6007606 -0.7852787 -0.4795452 -0.8728867 -0.0900287 -0.3362611 0.6747637 -0.6569797 0.0005171 0.0046461 0.0019275 0.0462500 -0.0397252 0.0198986 0.0011077 0.0046849 0.0021862 0.1002610 -0.0558787 0.0382531 -0.0061485 0.0046138 0.0051631 0.2177772 -0.0818913 -0.0668636 -0.0030062 0.0012155 0.0043933 0.3857626 -0.0033333 -0.0824327
-0.2067473 -0.2526642 -0.0177056 0.0125289 0.0955583 -0.1569360 -0.1925560 -0.3478294 -0.0341717 0.0093325 0.1265845 -0.1394011 -0.6323490 -0.7727885 -0.0541537 0.0680305 0.5188693 -0.8521423 -0.4825514 -0.8716712 -0.0856355 0.0495015 0.6714305 -0.7394124 0.0009989 0.0004147 0.0012180 -0.0338900 0.0351738 0.0022544 0.0013397 0.0005986 0.0004591 -0.0883231 0.0512549 -0.0152139 0.0010943 -0.0011356 0.0035681 -0.1729211 0.1230737 0.0925982 0.0019041 -0.0011387 0.0008944 -0.3673197 0.0441056 0.1173194
-0.2057485 -0.2522495 -0.0164876 -0.0213610 0.1307321 -0.1546816 -0.1912164 -0.3472308 -0.0337126 -0.0789906 0.1778394 -0.1546151 -0.6312548 -0.7739241 -0.0505856 -0.1048906 0.6419430 -0.7595440 -0.4806473 -0.8728099 -0.0847411 -0.3178182 0.7155361 -0.6220930 0.0007108 0.0002157 0.0001605 0.0560637 -0.0184770 0.0102604 0.0012096 0.0003092 0.0000604 0.0844901 -0.0287991 0.0211485 0.0009751 -0.0008201 0.0003963 0.2912840 -0.0390042 -0.0161636 0.0020114 -0.0011017 -0.0000304 0.3452965 0.0291390 -0.0447683
-0.2050377 -0.2520338 -0.0163272 0.0347027 0.1122551 -0.1444212 -0.1900068 -0.3469216 -0.0336522 0.0054995 0.1490403 -0.1334666 -0.6302796 -0.7747442 -0.0501893 0.1863934 0.6029388 -0.7757076 -0.4786359 -0.8739116 -0.0847715 0.0274783 0.7446750 -0.6668613 0.0007888 0.0003876 -0.0003919 0.0177762 -0.0152856 -0.0100201 0.0007392 0.0003962 -0.0004938 -0.0135143 -0.0377145 -0.0519415 0.0009210 -0.0006613 -0.0013277 0.0901595 -0.0919302 -0.0381650 0.0010711 -0.0004502 -0.0013866 -0.0645131 -0.2302571 -0.1898782
-0.2042489 -0.2516461 -0.0167191 0.0524789 0.0969695 -0.1544413 -0.1892676 -0.3465254 -0.0341460 -0.0080147 0.1113258 -0.1854080 -0.6293587 -0.7754055 -0.0515170 0.2765529 0.5110086 -0.8138726 -0.4775648 -0.8743618 -0.0861581 -0.0370348 0.5144179 -0.8567395 0.0000018 0.0023872 0.0005457 0.0166010 -0.0083985 0.0063161 -0.0001216 0.0024027 0.0003563 0.0165215 -0.0140119 0.0044357 -0.0036545 0.0028890 0.0013916 0.0950494 -0.0345582 0.0170623 -0.0028177 0.0015005 0.0004512 0.0783994 -0.0412243 -0.0232473
-0.2042470 -0.2492589 -0.0161734 0.0690800 0.0885710 -0.1481251 -0.1893892 -0.3441227 -0.0337897 0.0085068 0.0973139 -0.1809723 -0.6330132 -0.7725165 -0.0501253 0.3716023 0.4764504 -0.7968104 -0.4803825 -0.8728614 -0.0857070 0.0413647 0.4731936 -0.8799868 0.0002654 0.0021552 -0.0008344 0.0112777 0.0204862 -0.0021966 0.0004531 0.0022279 -0.0010646 0.0133515 0.0263817 -0.0038163 -0.0026995 0.0024127 -0.0028796 0.0255105 0.0624902 0.0539480 -0.0013783 0.0010770 -0.0031668 0.0564618 0.0804041 0.0529683
-0.2039816 -0.2471038 -0.0170078 0.0803577 0.1090572 -0.1503217 -0.1889361 -0.3418948 -0.0348543 0.0218583 0.1236956 -0.1847886 -0.6357127 -0.7701038 -0.0530050 0.3971128 0.5389406 -0.7428623 -0.4817608 -0.8717844 -0.0888737 0.0978264 0.5535977 -0.8270185 0.0006007 0.0006157 -0.0026360 0.0097078 0.0196730 0.0038623 0.0005386 0.0005287 -0.0022210 0.0112978 0.0253071 0.0040548 0.0004762 0.0002271 -0.0083500 0.0222109 0.0603973 0.0609814 0.0007400 0.0002006 -0.0057878 0.0423262 0.0762457 0.0630457
-0.2033809 -0.2464881 -0.0196438 0.0900654 0.1287302 -0.1464594 -0.1883975 -0.3413661 -0.0370753 0.0331561 0.1490027 -0.1807338 -0.6352365 -0.7698767 -0.0613550 0.4193238 0.5993379 -0.6818810 -0.4810208 -0.8715837 -0.0946615 0.1401526 0.6298435 -0.7639728 -0.0009155 -0.0007890 -0.0011495 0.0170788 0.0241091 -0.0066384 -0.0022679 -0.0011633 -0.0001920 0.0215071 0.0308829 -0.0089510 -0.0003554 0.0005665 -0.0033353 0.0245036 0.0337736 0.0476987 -0.0031628 0.0017505 0.0000234 0.0645234 0.0437049 0.0537332
-0.2042964 -0.2472770 -0.0207932 0.1071443 0.1528393 -0.1530978 -0.1906654 -0.3425294 -0.0372673 0.0546631 0.1798856 -0.1896848 -0.6355919 -0.7693101 -0.0646903 0.4438273 0.6331115 -0.6341823 -0.4841836 -0.8698333 -0.0946381 0.2046760 0.6735484 -0.7102396 -0.0018980 -0.0032457 -0.0017919 0.0192150 0.0387846 0.0059846 -0.0021042 -0.0033153 -0.0015557 0.0562455 0.0247567 0.0698692 0.0016361 -0.0009354 -0.0047487 0.0196504 0.0697528 0.0945804 -0.0003580 0.0005251 -0.0029466 0.2189758 0.1081502 0.2525646
-0.2061944 -0.2505227 -0.0225851 0.1263593 0.1916239 -0.1471132 -0.1927696 -0.3458447 -0.0388230 0.1109086 0.2046423 -0.1198156 -0.6339558 -0.7702456 -0.0694391 0.4634777 0.7028643 -0.5396019 -0.4845416 -0.8693081 -0.0975847 0.4236518 0.7816986 -0.4576750 -0.0016399 -0.0032470 -0.0025678 0.0000267 0.0012682 -0.0000863 -0.0025176 -0.0034057 -0.0023482 0.0025353 0.0004309 -0.0011782 0.0021993 -0.0011414 -0.0070185 -0.0015146 0.0021906 0.0015613 -0.0009410 0.0010738 -0.0047666 0.0064673 -0.0041697 -0.0010693
-0.2078343 -0.2537697 -0.0251529 0.1263859 0.1928921 -0.1471996 -0.1952871 -0.3492504 -0.0411712 0.1134439 0.2050732 -0.1209938 -0.6317566 -0.7713870 -0.0764576 0.4619631 0.7050549 -0.5380406 -0.4854826 -0.8682343 -0.1023513 0.4301191 0.7775289 -0.4587444 -0.0023889 -0.0052238 -0.0020644 -0.0072070 -0.0042665 -0.0110357 -0.0037717 -0.0055781 -0.0009448 -0.0061187 -0.0026989 -0.0110198 0.0036289 -0.0024620 -0.0048654 -0.0262647 -0.0154712 -0.0404412 -0.0011840 0.0007360 -0.0006155 -0.0241828 -0.0120880 -0.0405711
-0.2102231 -0.2589935 -0.0272173 0.1191789 0.1886256 -0.1582353 -0.1990588 -0.3548285 -0.0421160 0.1073252 0.2023743 -0.1320136 -0.6281276 -0.7738490 -0.0813230 0.4356984 0.6895838 -0.5784818 -0.4866667 -0.8674983 -0.1029668 0.4059363 0.7654409 -0.4993155 -0.0012319 -0.0023723 -0.0006683 -0.0107530 -0.0021442 -0.0218657 -0.0013448 -0.0024824 -0.0000420 -0.0091124 -0.0023340 -0.0218626 0.0013098 -0.0009196 -0.0013387 -0.0498576 -0.0259777 -0.0624190 0.0000580 -0.0001037 0.0006011 -0.0432775 -0.0267755 -0.0688852
-0.2114551 -0.2613658 -0.0278856 0.1084260 0.1864814 -0.1801009 -0.2004036 -0.3573109 -0.0421580 0.0982128 0.2000403 -0.1538762 -0.6268178 -0.7747686 -0.0826616 0.3858408 0.6636061 -0.6409008 -0.4866087 -0.8676020 -0.1023657 0.3626588 0.7386654 -0.5682006 -0.0004105 -0.0023105 -0.0008971 -0.0094292 -0.0039856 -0.0193594 -0.0006487 -0.0023882 -0.0005632 -0.0168454 0.0031429 -0.0230448 0.0027130 -0.0019580 -0.0021253 -0.0419890 -0.0297319 -0.0518975 0.0013071 -0.0006424 -0.0007552 -0.0735417 -0.0167087 -0.0604405
-0.2118656 -0.2636763 -0.0287827 0.0989968 0.1824958 -0.1994603 -0.2010523 -0.3596991 -0.0427213 0.0813674 0.2031832 -0.1769210 -0.6241049 -0.7767267 -0.0847869 0.3438518 0.6338743 -0.6927982 -0.4853016 -0.8682444 -0.1031209 0.2891172 0.7219567 -0.6286412 -0.0007667 -0.0019841 0.0002670 -0.0341242 0.0602687 0.0208569 -0.0008389 -0.0019501 -0.0000327 -0.0739080 0.0866886 -0.0066723 0.0014062 -0.0012660 0.0012781 -0.1334241 0.1535827 0.1134609 0.0004372 -0.0002967 0.0004424 -0.2673824 0.1226524 0.0936992
-0.2126323 -0.2656604 -0.0285157 0.0648726 0.2427645 -0.1786035 -0.2018912 -0.3616492 -0.0427540 0.0074594 0.2898718 -0.1835933 -0.6226987 -0.7779927 -0.0835088 0.2104276 0.7874570 -0.5793373 -0.4848644 -0.8685411 -0.1026785 0.0217348 0.8446092 -0.5349420 -0.0003060 -0.0010304 0.0008681 -0.0020664 -0.0069551 -0.0035798 -0.0002435 -0.0009917 0.0006445 -0.0020786 -0.0069551 -0.0034361 0.0007818 -0.0009162 0.0027602 -0.0041911 -0.0131303 -0.0188973 0.0004784 -0.0004742 0.0017694 -0.0058711 -0.0105176 -0.0164558
-0.2129383 -0.2666908 -0.0276475 0.0628062 0.2358094 -0.1821833 -0.2021347 -0.3626409 -0.0421094 0.0053809 0.2829167 -0.1870294 -0.6219169 -0.7789089 -0.0807486 0.2062365 0.7743267 -0.5982346 -0.4843860 -0.8690153 -0.1009090 0.0158638 0.8340916 -0.5513978 -0.0000099 -0.0005153 -0.0008210 -0.0158297 -0.0137590 -0.0121042 0.0000936 -0.0005176 -0.0007312 0.0045520 -0.0359955 -0.0225552 0.0008325 -0.0004241 -0.0022828 -0.0490012 -0.0311001 -0.0520663 0.0007793 -0.0002427 -0.0016345 0.0147905 -0.0720561 -0.0954114
-0.2129482 -0.2672061 -0.0284686 0.0469765 0.2220504 -0.1942874 -0.2020411 -0.3631585 -0.0428406 0.0099329 0.2469212 -0.2095846 -0.6210844 -0.7793330 -0.0830314 0.1572353 0.7432266 -0.6503009 -0.4836067 -0.8692580 -0.1025435 0.0306543 0.7620355 -0.6468093 -0.0001530 0.0000928 0.0003981 -0.0055379 -0.0113108 -0.0059849 -0.0006416 0.0000119 0.0005717 -0.0066816 -0.0030592 -0.0011250 -0.0004645 0.0002478 0.0011586 -0.0161254 -0.0256000 -0.0316816 -0.0012548 0.0005320 0.0014271 -0.0205667 -0.0054069 -0.0069578
-0.2131012 -0.2671133 -0.0280705 0.0414386 0.2107396 -0.2002723 -0.2026828 -0.3631466 -0.0422689 0.0032512 0.2438620 -0.2107097 -0.6215489 -0.7790852 -0.0818728 0.1411099 0.7176266 -0.6819825 -0.4848615 -0.8687260 -0.1011165 0.0100876 0.7566286 -0.6537671 0.0000162 0.0015930 0.0010133 -0.0038426 -0.0217631 -0.0035118 -0.0002839 0.0017591 -0.0002804 -0.0235620 -0.0077740 0.0010580 -0.0023759 0.0016270 0.0026478 -0.0070549 -0.0437992 -0.0446439 -0.0022646 0.0013853 -0.0010031 -0.0742824 -0.0104403 -0.0088655
-0.2130850 -0.2655203 -0.0270572 0.0375960 0.1889765 -0.2037841 -0.2029667 -0.3613875 -0.0425493 -0.0203107 0.2360880 -0.2096517 -0.6239248 -0.7774582 -0.0792250 0.1340550 0.6738274 -0.7266264 -0.4871260 -0.8673407 -0.1021195 -0.0641948 0.7461883 -0.6626326 0.0002435 0.0021064 0.0009281 -0.0115576 -0.0100396 0.0013333 0.0010661 0.0024666 -0.0006700 -0.0147140 -0.0112427 -0.0009409 -0.0027003 0.0019434 0.0022984 -0.0381300 -0.0146277 -0.0191981 -0.0004712 0.0005336 -0.0022566 -0.0487697 -0.0209992 -0.0165873
-0.2128415 -0.2634139 -0.0261291 0.0260384 0.1789369 -0.2024508 -0.2019006 -0.3589209 -0.0432193 -0.0350247 0.2248453 -0.2105926 -0.6266251 -0.7755148 -0.0769266 0.0959250 0.6591997 -0.7458245 -0.4875973 -0.8668071 -0.1043762 -0.1129645 0.7251891 -0.6792200 0.0010695 0.0019349 -0.0005708 0.0005819 -0.0403606 0.0019995 0.0023023 0.0025488 -0.0029862 -0.0131931 -0.0137234 0.0047667 -0.0007779 0.0008483 -0.0021755 0.0126682 -0.0939011 -0.0718827 0.0020349 -0.0001385 -0.0080278 -0.0484250 -0.0185450 -0.0096977
-0.2117721 -0.2614790 -0.0266999 0.0266203 0.1385763 -0.2004513 -0.1995983 -0.3563721 -0.0462055 -0.0482179 0.2111219 -0.2058258 -0.6274031 -0.7746665 -0.0791021 0.1085932 0.5652986 -0.8177072 -0.4855623 -0.8669455 -0.1124040 -0.1613896 0.7066441 -0.6889177 0.0016494 0.0013171 0.0003308 -0.0000469 -0.0045858 0.0033424 0.0008074 0.0011614 0.0005824 -0.0045223 -0.0206883 0.0011732 0.0010249 -0.0008793 0.0004953 0.0022145 -0.0065756 -0.0042115 0.0002356 -0.0002635 0.0010201 -0.0240016 -0.0372360 -0.0304730
-0.2101226 -0.2601619 -0.0263692 0.0265734 0.1339905 -0.1971089 -0.1987909 -0.3552107 -0.0456231 -0.0527402 0.1904336 -0.2046527 -0.6263781 -0.7755459 -0.0786068 0.1108077 0.5587230 -0.8219187 -0.4853267 -0.8672091 -0.1113839 -0.1853911 0.6694081 -0.7193907 0.0017969 0.0015677 0.0019393 -0.0104225 -0.0052079 0.0056718 0.0020582 0.0015307 0.0022811 -0.0106685 -0.0055682 0.0055747 0.0007145 -0.0010891 0.0052367 -0.0409773 -0.0019160 -0.0057828 0.0019874 -0.0017237 0.0048998 -0.0418991 -0.0067525 0.0057895
-0.2083257 -0.2585942 -0.0244299 0.0161509 0.1287826 -0.1914372 -0.1967326 -0.3536800 -0.0433420 -0.0634087 0.1848654 -0.1990780 -0.6256637 -0.7766349 -0.0733701 0.0698304 0.5568069 -0.8277015 -0.4833393 -0.8689328 -0.1064841 -0.2272903 0.6626556 -0.7136012 0.0021000 0.0032409 0.0018105 -0.0061578 0.0007698 0.0022349 0.0024498 0.0034183 0.0011483 -0.0066296 0.0001433 0.0026003 -0.0011476 0.0005029 0.0046197 -0.0262918 0.0076328 0.0033762 0.0009513 -0.0007375 0.0017207 -0.0239109 0.0009011 0.0089094
-0.2062256 -0.2553533 -0.0226194 0.0099931 0.1295524 -0.1892023 -0.1942829 -0.3502617 -0.0421937 -0.0700383 0.1850087 -0.1964777 -0.6268113 -0.7761321 -0.0687504 0.0435386 0.5644398 -0.8243253 -0.4823880 -0.8696703 -0.1047635 -0.2512011 0.6635568 -0.7046917 0.0018632 0.0028942 0.0012322 0.0411280 -0.0382777 0.0064516 0.0023083 0.0031163 0.0004482 0.0398476 -0.0400845 0.0071303 -0.0010102 0.0005528 0.0030469 0.1992294 -0.1309874 -0.0435357 0.0011064 -0.0006257 0.0001072 0.1255883 -0.0605791 -0.0831150
-0.2043624 -0.2524591 -0.0213872 0.0511211 0.0912747 -0.1827508 -0.1919746 -0.3471454 -0.0417455 -0.0301907 0.1449242 -0.1893474 -0.6278215 -0.7755793 -0.0657035 0.2427680 0.4334524 -0.8678610 -0.4812816 -0.8702960 -0.1046562 -0.1256129 0.6029776 -0.7878067 0.0006354 0.0068541 0.0007760 0.0164913 0.0089164 0.0048895 0.0009250 0.0067332 0.0015299 0.0164928 0.0089165 0.0048680 -0.0092881 0.0075059 0.0012467 0.0716427 0.0324554 0.0407722 -0.0055615 0.0028389 0.0021766 0.0686800 0.0364329 0.0210520
-0.2037270 -0.2456050 -0.0206112 0.0676124 0.1001911 -0.1778612 -0.1910496 -0.3404122 -0.0402156 -0.0136979 0.1538407 -0.1844794 -0.6371096 -0.7680734 -0.0644568 0.3144108 0.4659078 -0.8270887 -0.4868431 -0.8674571 -0.1024796 -0.0569329 0.6394106 -0.7667547 0.0003926 0.0000798 0.0013168 0.0068368 0.0023972 0.0059669 0.0009051 0.0001064 0.0015279 0.0067911 0.0023971 0.0065586 0.0004441 -0.0006967 0.0040437 0.0341737 0.0144285 0.0222497 0.0014579 -0.0012477 0.0037207 0.0277757 0.0201449 0.0156645
-0.2033344 -0.2455252 -0.0192944 0.0744493 0.1025883 -0.1718943 -0.1901445 -0.3403058 -0.0386877 -0.0069069 0.1562378 -0.1779209 -0.6366654 -0.7687700 -0.0604132 0.3485845 0.4803363 -0.8048390 -0.4853852 -0.8687047 -0.0987589 -0.0291572 0.6595555 -0.7510902 -0.0002855 0.0017248 -0.0003903 0.0140852 0.0018543 0.0097592 0.0000321 0.0018384 -0.0007233 0.0141067 0.0018543 0.0094735 -0.0031328 0.0027200 -0.0014385 0.0686114 0.0118228 0.0408188 -0.0018325 0.0012847 -0.0022432 0.0603084 0.0244512 0.0222799
-0.2036199 -0.2438004 -0.0196847 0.0885344 0.1044426 -0.1621351 -0.1901124 -0.3384674 -0.0394110 0.0071999 0.1580921 -0.1684474 -0.6397982 -0.7660500 -0.0618517 0.4171959 0.4921591 -0.7640203 -0.4872177 -0.8674200 -0.1010021 0.0311512 0.6840067 -0.7288103 -0.0012829 0.0072079 -0.0001551 0.0158175 0.0455637 0.0138145 -0.0007231 0.0073188 -0.0002956 0.0158808 0.0455638 0.0130447 -0.0135582 0.0116473 -0.0014098 0.0261921 0.1452130 0.1338109 -0.0094160 0.0056328 -0.0023313 0.0585825 0.1077730 0.1246308
-0.2049028 -0.2365925 -0.0198398 0.1043519 0.1500063 -0.1483205 -0.1908355 -0.3311486 -0.0397067 0.0230807 0.2036559 -0.1554027 -0.6533564 -0.7544027 -0.0632615 0.4433880 0.6373721 -0.6302094 -0.4966337 -0.8617872 -0.1033334 0.0897337 0.7917797 -0.6041794 -0.0005713 -0.0015687 -0.0015219 0.0066798 0.0041772 0.0009468 -0.0009595 -0.0017020 -0.0011547 0.0067035 0.0041772 0.0006853 0.0016213 -0.0010114 -0.0044949 0.0183649 0.0038379 0.0173196 0.0001694 0.0001981 -0.0024369 0.0244672 0.0051116 0.0109489
-0.2054741 -0.2381612 -0.0213617 0.1110318 0.1541835 -0.1473737 -0.1917950 -0.3328506 -0.0408613 0.0297841 0.2078331 -0.1547174 -0.6517351 -0.7554141 -0.0677563 0.4617529 0.6412101 -0.6128898 -0.4964644 -0.8615891 -0.1057702 0.1142009 0.7968913 -0.5932305 -0.0013293 -0.0041186 -0.0021594 0.0109096 0.0377063 -0.0060401 -0.0011504 -0.0040105 -0.0025537 0.0109597 0.0377062 -0.0065766 0.0042732 -0.0031175 -0.0058837 -0.0171588 0.0584135 0.0535483 0.0025247 -0.0007745 -0.0053723 0.0231736 0.0309845 0.0494015
-0.2068034 -0.2422798 -0.0235211 0.1219414 0.1918898 -0.1534138 -0.1929454 -0.3368611 -0.0434151 0.0407439 0.2455393 -0.1612940 -0.6474619 -0.7585316 -0.0736400 0.4445941 0.6996236 -0.5593415 -0.4939397 -0.8623636 -0.1111425 0.1373745 0.8278757 -0.5438290 -0.0020430 -0.0065607 -0.0011921 0.0054498 0.0116480 -0.0038062 -0.0036506 -0.0067703 -0.0012491 0.0054706 0.0116480 -0.0040177 0.0064461 -0.0052387 -0.0022126 -0.0007365 0.0095445 0.0115542 0.0004834 -0.0001518 -0.0009648 0.0120868 0.0038881 0.0091981
-0.2088464 -0.2488405 -0.0247132 0.1273912 0.2035378 -0.1572200 -0.1965960 -0.3436314 -0.0446642 0.0462145 0.2571873 -0.1653117 -0.6410159 -0.7637703 -0.0758526 0.4438576 0.7091681 -0.5477873 -0.4934563 -0.8625154 -0.1121073 0.1494613 0.8317639 -0.5346309 -0.0022551 -0.0091729 -0.0025383 0.0028734 0.0026974 -0.0038337 -0.0035966 -0.0095283 -0.0016033 0.0029173 0.0026975 -0.0042628 0.0098839 -0.0076144 -0.0056215 0.0017941 -0.0036116 -0.0031978 0.0034876 -0.0018384 -0.0011319 0.0069194 -0.0045814 -0.0051044
-0.2111015 -0.2580134 -0.0272515 0.1302646 0.2062352 -0.1610537 -0.2001926 -0.3531597 -0.0462675 0.0491318 0.2598848 -0.1695745 -0.6311320 -0.7713847 -0.0814741 0.4456517 0.7055565 -0.5509851 -0.4899688 -0.8643538 -0.1132392 0.1563807 0.8271825 -0.5397353 -0.0024989 -0.0032116 -0.0012467 0.0000872 0.0008418 -0.0033808 -0.0038907 -0.0034801 -0.0006383 0.0000972 0.0008417 -0.0034748 0.0003688 -0.0000138 -0.0026812 -0.0034918 -0.0031412 -0.0067849 -0.0034958 0.0020143 -0.0001772 -0.0009751 -0.0041231 -0.0065451
-0.2136005 -0.2612250 -0.0284982 0.1303519 0.2070770 -0.1644345 -0.2040833 -0.3566398 -0.0469059 0.0492290 0.2607265 -0.1730492 -0.6307632 -0.7713986 -0.0841553 0.4421599 0.7024153 -0.5577699 -0.4934646 -0.8623395 -0.1134163 0.1554056 0.8230594 -0.5462805 -0.0078668 -0.0411600 -0.0077099 -0.0361622 0.0507434 -0.0073906 -0.0048657 -0.0317879 -0.0015305 -0.0362273 0.0507439 -0.0067602 0.0426262 -0.0316264 -0.0120004 -0.1513000 0.0937404 0.0271698 0.0225551 -0.0130621 0.0042551 -0.1192779 0.0424224 0.0466445
-0.2214673 -0.3023850 -0.0362081 0.0941896 0.2578204 -0.1718251 -0.2089490 -0.3884277 -0.0484364 0.0130017 0.3114704 -0.1798095 -0.5881369 -0.8030249 -0.0961557 0.2908599 0.7961558 -0.5306002 -0.4709095 -0.8754016 -0.1091613 0.0361277 0.8654818 -0.4996360 -0.0048796 0.0182025 0.0076280 0.0294360 -0.0390463 -0.0072960 -0.0034870 0.0091634 0.0025479 0.0604585 -0.0513949 -0.0006276 -0.0329611 0.0232257 0.0177316 0.1097504 -0.0872156 -0.0498439 -0.0150776 0.0077634 0.0041829 0.1899376 -0.0651289 -0.0556385
-0.2263470 -0.2841825 -0.0285801 0.1236256 0.2187741 -0.1791211 -0.2124360 -0.3792643 -0.0458884 0.0734601 0.2600755 -0.1804370 -0.6210980 -0.7797993 -0.0784241 0.4006103 0.7089401 -0.5804441 -0.4859871 -0.8676382 -0.1049784 0.2260653 0.8003529 -0.5552745 0.0003392 -0.0059903 -0.0009791 -0.0544257 0.0190494 -0.0024573 -0.0012333 -0.0061104 -0.0015053 -0.0612671 0.0256343 -0.0061913 0.0085939 -0.0065985 -0.0016843 -0.1752875 0.0654403 -0.0107959 0.0038668 -0.0019158 -0.0019602 -0.1903587 0.0363270 0.0087474
-0.2260078 -0.2901728 -0.0295592 0.0691999 0.2378235 -0.1815784 -0.2136693 -0.3853747 -0.0473937 0.0121931 0.2857098 -0.1866283 -0.6125041 -0.7863977 -0.0801084 0.2253227 0.7743804 -0.5912399 -0.4821203 -0.8695540 -0.1069386 0.0357066 0.8366798 -0.5465271 -0.0005633 -0.0006940 -0.0007937 0.0016063 -0.0035532 0.0000080 -0.0012049 -0.0006971 -0.0012047 0.0016183 -0.0035532 -0.0001275 0.0000586 0.0001542 -0.0019386 0.0070299 -0.0056150 -0.0045889 -0.0012813 0.0010095 -0.0023931 0.0050777 -0.0034885 -0.0049516
-0.2265711 -0.2908668 -0.0303529 0.0708061 0.2342703 -0.1815704 -0.2148742 -0.3860718 -0.0485984 0.0138114 0.2821566 -0.1867558 -0.6124455 -0.7862435 -0.0820470 0.2323526 0.7687654 -0.5958289 -0.4834017 -0.8685444 -0.1093317 0.0407843 0.8331914 -0.5514787 0.0001484 0.0003711 -0.0007672 -0.0090096 -0.0174301 -0.0051524 -0.0005418 0.0024741 -0.0002727 -0.0089922 -0.0174301 -0.0053414 -0.0001268 0.0003257 -0.0021463 -0.0212643 -0.0280702 -0.0419896 -0.0032484 0.0019521 -0.0010739 -0.0260517 -0.0239166 -0.0357668
-0.2264227 -0.2904957 -0.0311200 0.0617966 0.2168402 -0.1867228 -0.2154160 -0.3835977 -0.0488711 0.0048193 0.2647265 -0.1920972 -0.6125723 -0.7859178 -0.0841933 0.2110883 0.7406952 -0.6378184 -0.4866501 -0.8665923 -0.1104056 0.0147326 0.8092748 -0.5872455 0.0000415 0.0006197 -0.0002955 -0.0116168 -0.0067769 -0.0019900 -0.0008855 0.0015333 0.0002603 -0.0116184 -0.0067769 -0.0019719 -0.0006962 0.0006414 -0.0009118 -0.0361270 -0.0082697 -0.0201644 -0.0030224 0.0016586 0.0003584 -0.0357908 -0.0103554 -0.0138239
-0.2263812 -0.2898760 -0.0314156 0.0501798 0.2100633 -0.1887128 -0.2163015 -0.3820644 -0.0486108 -0.0067991 0.2579496 -0.1940692 -0.6132684 -0.7852764 -0.0851051 0.1749614 0.7324255 -0.6579828 -0.4896725 -0.8649338 -0.1100473 -0.0210582 0.7989193 -0.6010694 0.0005538 0.0042289 0.0055560 -0.0268094 -0.0074579 -0.0114020 -0.0002880 0.0009808 0.0043048 -0.0268970 -0.0074578 -0.0103695 -0.0053532 0.0027873 0.0142666 -0.0931690 -0.0233431 -0.0423829 -0.0019434 -0.0000519 0.0094812 -0.0825968 -0.0283641 -0.0278187
-0.2258274 -0.2856471 -0.0258595 0.0233704 0.2026054 -0.2001148 -0.2165894 -0.3810836 -0.0443060 -0.0336961 0.2504918 -0.2044387 -0.6186216 -0.7824891 -0.0708385 0.0817923 0.7090824 -0.7003657 -0.4916159 -0.8649857 -0.1005661 -0.1036550 0.7705553 -0.6288881 0.0010768 0.0090451 0.0038046 0.0011861 -0.0225671 0.0069193 0.0014089 0.0093896 0.0022574 0.0011810 -0.0225672 0.0069888 -0.0107864 0.0078726 0.0090741 0.0107973 -0.0302545 -0.0280709 -0.0070176 0.0036667 0.0031277 -0.0035481 -0.0190828 -0.0221085
-0.2247506 -0.2766020 -0.0220550 0.0245566 0.1800383 -0.1931955 -0.2151805 -0.3716940 -0.0420486 -0.0325151 0.2279246 -0.1974499 -0.6294080 -0.7746165 -0.0617644 0.0925896 0.6788279 -0.7284366 -0.4986334 -0.8613190 -0.0974384 -0.1072031 0.7514725 -0.6509966 0.0006902 0.0035233 0.0011968 0.0026884 -0.0184088 0.0095827 0.0000803 0.0035556 0.0007627 0.0026691 -0.0184088 0.0098486 -0.0037986 0.0028816 0.0028180 0.0181036 -0.0221448 -0.0175623 -0.0035062 0.0019200 0.0010587 0.0016694 -0.0106384 -0.0123490
-0.2240604 -0.2730787 -0.0208582 0.0272449 0.1616295 -0.1836128 -0.2151002 -0.3681384 -0.0412859 -0.0298460 0.2095158 -0.1876012 -0.6332066 -0.7717349 -0.0589464 0.1106933 0.6566831 -0.7459989 -0.5021397 -0.8593990 -0.0963797 -0.1055336 0.7408341 -0.6633457 0.0013634 0.0097034 0.0054875 -0.0076980 -0.0036567 0.0023739 -0.0002545 0.0097941 0.0044434 -0.0077401 -0.0036567 0.0030306 -0.0118267 0.0088784 0.0144256 -0.0296582 -0.0017806 -0.0053572 -0.0109796 0.0055825 0.0085962 -0.0291699 -0.0030637 0.0018702
-0.2226970 -0.2633753 -0.0153707 0.0195469 0.1579728 -0.1812389 -0.2153546 -0.3583443 -0.0368425 -0.0375862 0.2058591 -0.1845706 -0.6450333 -0.7628565 -0.0445207 0.0810350 0.6549025 -0.7513561 -0.5131192 -0.8538166 -0.0877835 -0.1347036 0.7377704 -0.6614755 0.0027177 0.0049903 0.0024126 -0.0037173 -0.0070451 0.0073333 0.0019791 0.0052063 0.0012455 -0.0037241 -0.0070451 0.0074517 -0.0027450 0.0019838 0.0063625 -0.0124519 -0.0009959 -0.0021042 -0.0021202 0.0010916 0.0018272 -0.0186082 0.0000739 0.0041466
-0.2199793 -0.2583850 -0.0129581 0.0158296 0.1509277 -0.1739056 -0.2133755 -0.3531380 -0.0355970 -0.0413102 0.1988140 -0.1771189 -0.6477783 -0.7608727 -0.0381582 0.0685831 0.6539067 -0.7534603 -0.5152395 -0.8527249 -0.0859563 -0.1533118 0.7378443 -0.6573289 0.0000000 0.0000000 0.0000000 0.0000000 0.0000000 0.0000000 0.0000000 0.0000000 0.0000000 0.0000000 0.0000000 0.0000000 0.0000000 0.0000000 0.0000000 0.0000000 0.0000000 0.0000000 0.0000000 0.0000000 0.0000000 0.0000000 0.0000000 0.0000000
