-0.2551814 -0.2596483 0.0760459 0.0056149 0.0148533 -0.2057298 -0.2320611 -0.3398374 0.0217148 -0.0633910 0.0097643 -0.2308287 -0.6861358 -0.6981464 0.2044733 0.0272115 0.0719840 -0.9970345 -0.5631402 -0.8246796 0.0526950 -0.2645989 0.0407570 -0.9634969 0.0016818 0.0159242 -0.0039234 0.0002626 -0.0039369 0.0014526 -0.0019205 0.0102664 0.0038663 -0.0000555 -0.0036670 0.0022899 -0.0200347 0.0192074 -0.0035626 0.0015076 -0.0186430 -0.0011288 -0.0146031 0.0109087 0.0104693 -0.0028138 -0.0150582 0.0002576
-0.2534996 -0.2437241 0.0721225 0.0058775 0.0109164 -0.2042773 -0.2339816 -0.3295710 0.0255811 -0.0634465 0.0060973 -0.2285388 -0.7061705 -0.6789390 0.2009106 0.0287191 0.0533410 -0.9981633 -0.5777432 -0.8137709 0.0631643 -0.2674127 0.0256987 -0.9632393 0.0098700 0.0125799 -0.0112536 0.0682973 -0.0231912 0.0211742 0.0019456 0.0065397 -0.0013053 0.0439979 -0.0135697 0.0118455 -0.0076507 0.0016995 -0.0225682 0.3460187 -0.1153545 0.0731088 -0.0045725 0.0030941 -0.0022420 0.1780732 -0.0600242 -0.0321702
-0.2436296 -0.2311442 0.0608689 0.0741747 -0.0122748 -0.1831031 -0.2320360 -0.3230313 0.0242758 -0.0194486 -0.0074724 -0.2166933 -0.7138212 -0.6772395 0.1783425 0.3747378 -0.0620135 -0.9250545 -0.5823158 -0.8106768 0.0609223 -0.0893396 -0.0343255 -0.9954096 -0.0016582 0.0001398 0.0034266 0.0058769 0.0019025 0.0025324 -0.0000541 0.0012139 0.0013483 0.0056950 0.0013855 0.0029724 -0.0012611 0.0037976 0.0090967 0.0299887 0.0095730 0.0121217 -0.0014061 0.0012848 0.0035240 0.0251454 0.0059151 -0.0021234
-0.2452879 -0.2310044 0.0642955 0.0800516 -0.0103723 -0.1805707 -0.2320901 -0.3218174 0.0256241 -0.0137536 -0.0060869 -0.2137209 -0.7150822 -0.6734419 0.1874391 0.4047265 -0.0524405 -0.9129329 -0.5837219 -0.8093920 0.0644463 -0.0641941 -0.0284103 -0.9975329 -0.0014000 -0.0005083 0.0018581 0.0056537 0.0044658 0.0038913 -0.0007782 -0.0000701 0.0010568 0.0173395 0.0102205 0.0098066 -0.0005435 0.0018383 0.0044681 0.0315252 0.0223756 0.0136106 -0.0011029 0.0010046 0.0025599 0.0817732 0.0486743 -0.0021072
-0.2466879 -0.2315127 0.0661536 0.0857053 -0.0059065 -0.1766794 -0.2328683 -0.3218875 0.0266808 0.0035859 0.0041336 -0.2039143 -0.7156258 -0.6716036 0.1919073 0.4362517 -0.0300649 -0.8993223 -0.5848248 -0.8083874 0.0670062 0.0175791 0.0202640 -0.9996401 -0.0007488 -0.0009066 0.0020190 -0.0596215 0.0351112 -0.0170815 -0.0006850 -0.0009736 0.0021958 0.0077618 0.0144660 0.0000489 0.0010134 0.0003623 0.0049794 -0.3043007 0.1778037 -0.0808625 0.0002475 0.0002751 0.0052712 0.0377684 0.0704541 0.0053027
-0.2474367 -0.2324193 0.0681726 0.0260838 0.0292047 -0.1937609 -0.2335533 -0.3228611 0.0288766 0.0113477 0.0185996 -0.2038654 -0.7146123 -0.6712413 0.1968867 0.1319510 0.1477388 -0.9801848 -0.5845773 -0.8081122 0.0722774 0.0553475 0.0907181 -0.9943374 0.0004340 0.0029250 0.0003771 0.0012430 0.0077083 -0.0004274 -0.0000589 0.0021704 0.0019856 0.0072354 0.0178115 0.0003395 -0.0032943 0.0042222 0.0023511 0.0049941 0.0372466 0.0070319 -0.0024516 0.0022693 0.0052742 0.0341707 0.0846805 0.0139182
-0.2470027 -0.2294943 0.0685497 0.0273268 0.0369130 -0.1941882 -0.2336121 -0.3206907 0.0308622 0.0185831 0.0364111 -0.2035258 -0.7179066 -0.6670190 0.1992377 0.1369451 0.1849854 -0.9731528 -0.5870289 -0.8058430 0.0775516 0.0895182 0.1753986 -0.9804192 -0.0028337 -0.0013471 0.0060596 0.0016339 0.0172881 -0.0018462 -0.0012330 0.0002286 0.0030087 0.0020276 0.0141078 -0.0015987 0.0004849 0.0041427 0.0150075 0.0040232 0.0788428 0.0189397 -0.0019359 0.0021608 0.0073926 0.0075845 0.0626096 0.0140222
-0.2498364 -0.2308414 0.0746092 0.0289607 0.0542011 -0.1960344 -0.2348452 -0.3204621 0.0338709 0.0206107 0.0505189 -0.2051245 -0.7174217 -0.6628764 0.2142453 0.1409683 0.2638282 -0.9542131 -0.5889647 -0.8036822 0.0849442 0.0971026 0.2380082 -0.9663970 0.0002048 -0.0004672 0.0003333 -0.0015471 0.0116817 -0.0020554 0.0007050 -0.0008054 0.0012778 -0.0011377 0.0247634 -0.0016427 0.0010708 -0.0008944 0.0008121 -0.0107691 0.0490788 0.0133957 0.0022742 -0.0013255 0.0031286 -0.0089520 0.1027812 0.0303991
-0.2496316 -0.2313086 0.0749425 0.0274135 0.0658828 -0.1980898 -0.2341401 -0.3212675 0.0351487 0.0194730 0.0752823 -0.2067672 -0.7163509 -0.6637708 0.2150574 0.1301992 0.3129070 -0.9408174 -0.5866905 -0.8050077 0.0880729 0.0881506 0.3407894 -0.9359979 -0.0000342 0.0006227 0.0004372 0.0737185 0.0090666 0.0146916 0.0000034 0.0003068 0.0011743 0.0002646 0.0115014 -0.0034299 -0.0007033 0.0012277 0.0014374 0.3244472 0.0240336 0.1163372 -0.0002028 0.0004790 0.0029752 -0.0016820 0.0394031 0.0151413
-0.2496658 -0.2306860 0.0753797 0.1011320 0.0749494 -0.1833982 -0.2341367 -0.3209607 0.0363229 0.0197375 0.0867837 -0.2101971 -0.7170542 -0.6625430 0.2164947 0.4546464 0.3369406 -0.8244803 -0.5868933 -0.8045287 0.0910481 0.0864686 0.3801925 -0.9208566 0.0004830 -0.0007188 -0.0011327 -0.0649887 0.0281074 -0.0293488 -0.0000651 -0.0014868 0.0004714 -0.0003751 0.0097939 -0.0036997 0.0011560 -0.0022790 -0.0031842 -0.3035084 0.0940054 -0.0651505 0.0017120 -0.0011453 0.0008871 -0.0042456 0.0299267 0.0125386
-0.2491828 -0.2314047 0.0742470 0.0361433 0.1030568 -0.2127471 -0.2342017 -0.3224475 0.0367944 0.0193624 0.0965776 -0.2138968 -0.7158983 -0.6648220 0.2133106 0.1511380 0.4309460 -0.8896307 -0.5851814 -0.8056741 0.0919352 0.0822230 0.4101191 -0.9083180 -0.0001839 0.0003845 0.0004419 -0.0024842 0.0012636 -0.0010447 -0.0001618 0.0003498 0.0005370 -0.0042190 0.0112654 -0.0048444 -0.0005884 0.0010491 0.0012876 -0.0110407 0.0032605 -0.0002217 -0.0006052 0.0005980 0.0013738 -0.0202487 0.0312264 0.0131235
-0.2493668 -0.2310202 0.0746890 0.0336591 0.1043204 -0.2137917 -0.2343636 -0.3220977 0.0373314 0.0151434 0.1078430 -0.2187413 -0.7164867 -0.6637729 0.2145982 0.1400973 0.4342065 -0.8898525 -0.5857866 -0.8050761 0.0933089 0.0619743 0.4413455 -0.8951946 -0.0011170 0.0011524 0.0014027 0.0000719 0.0009707 -0.0013250 -0.0005913 0.0013223 0.0012072 -0.0016463 0.0035658 -0.0032481 -0.0025013 0.0039610 0.0038153 -0.0006356 0.0011216 0.0004483 -0.0023622 0.0020977 0.0031623 -0.0077129 0.0065406 0.0027520
-0.2504838 -0.2298678 0.0760917 0.0337311 0.1052911 -0.2151167 -0.2349548 -0.3207754 0.0385385 0.0134972 0.1114088 -0.2219894 -0.7189880 -0.6598119 0.2184135 0.1394617 0.4353281 -0.8894042 -0.5881488 -0.8029784 0.0964713 0.0542614 0.4478861 -0.8924426 -0.0003674 0.0004076 0.0008078 0.0001803 0.0002765 -0.0011409 -0.0003536 0.0005926 0.0003704 -0.0009620 0.0015795 -0.0031917 -0.0006972 0.0014967 0.0022091 0.0000760 -0.0009407 -0.0004479 -0.0012267 0.0010188 0.0009836 -0.0045678 0.0000360 -0.0002479
-0.2508511 -0.2294602 0.0768995 0.0339114 0.1055676 -0.2162576 -0.2353085 -0.3201828 0.0389089 0.0125352 0.1129883 -0.2251811 -0.7196852 -0.6583152 0.2206226 0.1395378 0.4343874 -0.8898521 -0.5893755 -0.8019595 0.0974548 0.0496936 0.4479221 -0.8926905 -0.0003521 -0.0001244 0.0001089 0.0440321 -0.0344895 0.0047215 -0.0005783 -0.0000674 -0.0001189 -0.0021269 0.0008825 -0.0025122 -0.0002678 0.0003213 0.0000848 0.1902022 -0.1336912 -0.0050520 -0.0008815 0.0006011 -0.0003910 -0.0088436 -0.0010060 -0.0009522
-0.2512032 -0.2295846 0.0770084 0.0779434 0.0710781 -0.2115361 -0.2358868 -0.3202502 0.0387900 0.0104083 0.1138708 -0.2276933 -0.7199530 -0.6579938 0.2207074 0.3297399 0.3006962 -0.8949041 -0.5902569 -0.8013585 0.0970638 0.0408500 0.4469161 -0.8936427 -0.0014798 -0.0006486 0.0013949 -0.0430674 0.0182741 -0.0056114 -0.0009682 0.0003597 -0.0007170 -0.0028369 -0.0031059 -0.0013575 -0.0005204 0.0015312 0.0028432 -0.1828244 0.0757007 -0.0198315 -0.0021032 0.0013316 -0.0018454 -0.0111045 -0.0117584 -0.0062201
-0.2526830 -0.2302333 0.0784032 0.0348760 0.0893522 -0.2171475 -0.2368550 -0.3198905 0.0380730 0.0075714 0.1107649 -0.2290508 -0.7204734 -0.6564626 0.2235506 0.1469155 0.3763969 -0.9147356 -0.5923601 -0.8000269 0.0952184 0.0297454 0.4351577 -0.8998628 -0.0003222 -0.0002550 -0.0000120 -0.0058965 -0.0027444 -0.0013730 -0.0003954 -0.0002688 -0.0000100 -0.0285474 -0.0124369 -0.0081394 -0.0001032 0.0000157 -0.0002867 -0.0245551 -0.0107121 -0.0079250 -0.0003243 0.0002245 -0.0001316 -0.1111678 -0.0534778 -0.0208385
-0.2530052 -0.2304883 0.0783913 0.0289795 0.0866078 -0.2185205 -0.2372504 -0.3201593 0.0380631 -0.0209760 0.0983280 -0.2371901 -0.7205766 -0.6564469 0.2232639 0.1223604 0.3656848 -0.9226606 -0.5926843 -0.7998023 0.0950868 -0.0814224 0.3816799 -0.9207013 -0.0005559 -0.0004864 0.0001593 -0.0079239 -0.0100685 0.0014460 -0.0004224 -0.0002933 -0.0002172 -0.0197611 -0.0140227 -0.0083311 -0.0000328 0.0000270 -0.0000266 -0.0312633 -0.0345379 -0.0165109 -0.0003672 0.0001950 -0.0006521 -0.0736076 -0.0608458 -0.0136601
-0.2535610 -0.2309747 0.0785505 0.0210556 0.0765393 -0.2170745 -0.2376728 -0.3204526 0.0378459 -0.0407371 0.0843053 -0.2455213 -0.7206094 -0.6564200 0.2232373 0.0910971 0.3311469 -0.9391715 -0.5930516 -0.7996074 0.0944347 -0.1550300 0.3208342 -0.9343613 0.0000783 -0.0000016 -0.0012300 0.0001493 -0.0192821 0.0052949 0.0000555 0.0002857 -0.0018674 -0.0098306 -0.0117094 -0.0027303 -0.0004495 -0.0006170 -0.0032907 0.0051118 -0.0713658 -0.0216915 -0.0005036 -0.0001521 -0.0045624 -0.0368448 -0.0453752 -0.0076081
-0.2534827 -0.2309763 0.0773205 0.0212050 0.0572572 -0.2117795 -0.2376173 -0.3201669 0.0359785 -0.0505677 0.0725959 -0.2482515 -0.7210589 -0.6570370 0.2199465 0.0962089 0.2597811 -0.9608630 -0.5935552 -0.7997595 0.0898723 -0.1918749 0.2754590 -0.9419694 -0.0041338 -0.0219488 0.0050422 -0.0161317 -0.0109429 -0.0017348 0.0016095 -0.0150849 -0.0053002 -0.0006851 -0.0162539 0.0041522 0.0253593 -0.0259933 0.0024759 -0.0729943 -0.0478538 -0.0161467 0.0195199 -0.0156641 -0.0152543 -0.0085613 -0.0551203 -0.0126385
-0.2576165 -0.2529251 0.0823627 0.0050733 0.0463143 -0.2135144 -0.2360078 -0.3352518 0.0306783 -0.0512528 0.0563420 -0.2440993 -0.6956996 -0.6830303 0.2224225 0.0232146 0.2119273 -0.9770097 -0.5740353 -0.8154236 0.0746179 -0.2004362 0.2203387 -0.9546079 0.0032545 0.0134012 -0.0046526 0.0519037 -0.0431904 0.0067381 -0.0006009 0.0085062 0.0023872 0.0173390 -0.0329405 0.0020590 -0.0149569 0.0138296 -0.0053100 0.2424056 -0.1973640 0.0130419 -0.0105140 0.0081882 0.0070713 0.0623069 -0.1250256 -0.0312094
-0.2543620 -0.2395239 0.0777101 0.0569770 0.0031239 -0.2067763 -0.2366087 -0.3267456 0.0330654 -0.0339139 0.0234015 -0.2420403 -0.7106565 -0.6692006 0.2171125 0.2656202 0.0145633 -0.9639678 -0.5845493 -0.8072354 0.0816892 -0.1381293 0.0953131 -0.9858173 -0.0000785 0.0015032 0.0008217 0.0012519 0.0003371 0.0025376 -0.0001744 0.0015682 0.0006590 -0.0011860 -0.0070811 0.0055495 -0.0017489 0.0027690 0.0027679 0.0085204 0.0017311 0.0024162 -0.0020367 0.0016691 0.0018567 -0.0083413 -0.0272086 -0.0010506
-0.2544405 -0.2380207 0.0785318 0.0582289 0.0034610 -0.2042387 -0.2367831 -0.3251774 0.0337244 -0.0350999 0.0163204 -0.2364908 -0.7124054 -0.6664317 0.2198804 0.2741405 0.0162943 -0.9615516 -0.5865860 -0.8055663 0.0835459 -0.1464706 0.0681045 -0.9868678 0.0002484 0.0006715 -0.0000019 -0.0529369 0.0068942 0.0008013 -0.0000115 0.0006172 0.0000010 -0.0265131 0.0062050 0.0048972 -0.0005516 0.0007156 0.0003798 -0.2481701 0.0345239 -0.0368186 -0.0007417 0.0005514 0.0001042 -0.1094976 0.0254763 0.0247229
-0.2541921 -0.2373492 0.0785299 0.0052920 0.0103552 -0.2034374 -0.2367946 -0.3245602 0.0337254 -0.0616129 0.0225254 -0.2315935 -0.7129569 -0.6657160 0.2202602 0.0259705 0.0508182 -0.9983702 -0.5873277 -0.8050148 0.0836501 -0.2559682 0.0935808 -0.9621450 0.0000967 0.0001052 0.0004298 -0.0000011 0.0001291 0.0003596 0.0000369 0.0002010 0.0002211 -0.0017690 -0.0040925 0.0032579 0.0001833 0.0002129 0.0012330 0.0000396 0.0007227 0.0000381 -0.0001488 0.0001693 0.0005828 -0.0106953 -0.0160290 0.0014804
-0.2540954 -0.2372440 0.0789597 0.0052909 0.0104843 -0.2030778 -0.2367577 -0.3243592 0.0339465 -0.0633819 0.0184329 -0.2283356 -0.7127737 -0.6655032 0.2214932 0.0260101 0.0515409 -0.9983321 -0.5874765 -0.8048455 0.0842329 -0.2666635 0.0775518 -0.9606645 -0.0009902 0.0002137 0.0027469 0.0096760 0.0000165 0.0017555 -0.0005858 0.0007445 0.0018901 0.0472642 -0.0057686 0.0188895 -0.0004129 0.0027969 0.0069479 0.0480280 0.0004045 0.0024305 -0.0015856 0.0016674 0.0047100 0.1900755 -0.0173736 -0.0345806
-0.2550856 -0.2370303 0.0817066 0.0149669 0.0105008 -0.2013223 -0.2373435 -0.3236147 0.0358367 -0.0161177 0.0126643 -0.2094462 -0.7131865 -0.6627063 0.2284411 0.0740381 0.0519454 -0.9959016 -0.5890620 -0.8031781 0.0889429 -0.0765880 0.0601781 -0.9952451 0.0014328 0.0016143 -0.0007882 0.0011350 0.0014578 0.0003684 0.0002463 0.0007907 0.0003448 0.0069038 0.0013630 0.0024311 -0.0005269 0.0003065 -0.0007578 0.0056929 0.0072696 0.0008456 -0.0004849 0.0004699 0.0010230 0.0322252 0.0073601 -0.0014848
-0.2536528 -0.2354160 0.0809183 0.0161019 0.0119586 -0.2009539 -0.2370973 -0.3228240 0.0361815 -0.0092139 0.0140273 -0.2070151 -0.7137134 -0.6623998 0.2276833 0.0797310 0.0592150 -0.9950561 -0.5895470 -0.8027082 0.0899659 -0.0443628 0.0675382 -0.9967299 0.0001185 0.0001218 0.0006403 0.0058024 0.0038278 0.0006502 0.0002596 -0.0000454 0.0010234 0.0143322 0.0070479 0.0012414 0.0002955 0.0003077 0.0018139 0.0286439 0.0188910 0.0040191 0.0006116 -0.0001591 0.0025500 0.0690992 0.0343169 0.0022383
-0.2535343 -0.2352942 0.0815587 0.0219042 0.0157864 -0.2003037 -0.2368377 -0.3228694 0.0372048 0.0051183 0.0210752 -0.2057737 -0.7134179 -0.6620921 0.2294972 0.1083749 0.0781059 -0.9910370 -0.5889354 -0.8028673 0.0925159 0.0247364 0.1018552 -0.9944916 0.0004589 0.0022887 0.0001234 -0.0000147 0.0087817 0.0010230 -0.0000833 0.0013111 0.0019012 0.0083920 0.0085157 0.0009138 -0.0023569 0.0030812 0.0015247 0.0000004 0.0435309 0.0043966 -0.0014137 0.0016227 0.0049267 0.0403964 0.0408022 0.0068649
-0.2530754 -0.2330055 0.0816820 0.0218895 0.0245681 -0.1992806 -0.2369210 -0.3215583 0.0391060 0.0135103 0.0295909 -0.2048598 -0.7157748 -0.6590109 0.2310218 0.1083753 0.1216369 -0.9866404 -0.5903491 -0.8012445 0.0974426 0.0651328 0.1426574 -0.9876267 -0.0005444 -0.0009483 0.0020094 0.0037530 0.0121065 0.0020289 -0.0001474 -0.0010424 0.0023622 0.0096844 0.0108690 0.0019214 0.0014566 0.0000820 0.0046943 0.0184020 0.0596834 0.0114222 0.0013339 -0.0002825 0.0055886 0.0462577 0.0516481 0.0130307
-0.2536199 -0.2339538 0.0836914 0.0256425 0.0366746 -0.1972517 -0.2370684 -0.3226007 0.0414683 0.0231947 0.0404599 -0.2029385 -0.7143182 -0.6589289 0.2357162 0.1267773 0.1813203 -0.9752182 -0.5890153 -0.8015270 0.1030312 0.1113905 0.1943055 -0.9745961 -0.0002880 -0.0006690 0.0013612 0.0038314 0.0037576 -0.0003279 -0.0003320 -0.0009115 0.0018584 0.0033639 0.0085106 -0.0030487 0.0011362 -0.0000849 0.0031816 0.0178327 0.0170552 0.0058188 0.0008141 -0.0000311 0.0043182 0.0130713 0.0351856 0.0092759
-0.2539078 -0.2346228 0.0850526 0.0294739 0.0404322 -0.1975796 -0.2374004 -0.3235122 0.0433267 0.0265586 0.0489705 -0.2059871 -0.7131821 -0.6590138 0.2388977 0.1446100 0.1983755 -0.9693994 -0.5882012 -0.8015582 0.1073494 0.1244618 0.2294911 -0.9653202 -0.0005241 -0.0006717 0.0035228 0.0024413 0.0138925 -0.0021587 -0.0000935 0.0002980 0.0016837 0.0016150 0.0135629 -0.0028459 0.0018697 0.0012036 0.0087317 0.0077737 0.0610052 0.0157218 -0.0002309 0.0007393 0.0041714 0.0037118 0.0550004 0.0152486
-0.2544319 -0.2352945 0.0885755 0.0319153 0.0543247 -0.1997383 -0.2374939 -0.3232142 0.0450103 0.0281735 0.0625334 -0.2088330 -0.7113124 -0.6578102 0.2476294 0.1523838 0.2593807 -0.9536775 -0.5884321 -0.8008188 0.1115209 0.1281737 0.2844915 -0.9500716 0.0005056 0.0002227 -0.0002514 0.0693974 0.0237042 0.0265634 0.0000933 -0.0005739 0.0012282 0.0024427 0.0051992 -0.0004930 0.0002838 -0.0004233 -0.0003100 0.3182413 0.1030849 0.1492331 0.0010223 -0.0003429 0.0028889 0.0096557 0.0204295 0.0077202
-0.2539263 -0.2350718 0.0883240 0.1013127 0.0780289 -0.1731748 -0.2374006 -0.3237881 0.0462385 0.0306163 0.0677326 -0.2093261 -0.7110287 -0.6582335 0.2473195 0.4706250 0.3624656 -0.8044444 -0.5874097 -0.8011618 0.1144098 0.1378293 0.3049210 -0.9423514 -0.0084357 -0.0248836 0.0107700 0.0030333 -0.0004461 -0.0050164 0.0014995 -0.0136584 -0.0038011 -0.0032168 0.0177892 -0.0060344 0.0249367 -0.0215650 0.0118172 0.0024096 -0.0107573 -0.0033548 0.0174747 -0.0141062 -0.0118814 -0.0204037 0.0615997 0.0193814
-0.2623620 -0.2599554 0.0990940 0.1043460 0.0775828 -0.1781912 -0.2359011 -0.3374465 0.0424374 0.0273994 0.0855218 -0.2153605 -0.6860920 -0.6797985 0.2591367 0.4730346 0.3517083 -0.8077992 -0.5699351 -0.8152680 0.1025284 0.1174257 0.3665207 -0.9229701 0.0049088 0.0189036 -0.0072159 -0.0702262 0.0194359 -0.0376312 -0.0014315 0.0101575 0.0039098 -0.0047240 0.0075118 -0.0052269 -0.0203080 0.0184007 -0.0070414 -0.3303178 0.0541030 -0.0949461 -0.0132904 0.0109819 0.0113660 -0.0231315 0.0203537 0.0056715
-0.2574532 -0.2410518 0.0918782 0.0341198 0.0970187 -0.2158224 -0.2373326 -0.3272890 0.0463472 0.0226754 0.0930336 -0.2205873 -0.7063999 -0.6613978 0.2520953 0.1427168 0.4058113 -0.9027453 -0.5832255 -0.8042861 0.1138944 0.0942942 0.3868744 -0.9172986 0.0006271 0.0006576 -0.0007526 -0.0033929 0.0017201 -0.0043388 0.0001716 0.0002526 -0.0001777 -0.0037677 0.0056260 -0.0057247 -0.0003490 -0.0001329 -0.0013306 -0.0163919 0.0001246 -0.0023834 -0.0000419 -0.0000186 -0.0003464 -0.0179318 0.0115808 0.0032952
-0.2568261 -0.2403942 0.0911256 0.0307269 0.0987388 -0.2201612 -0.2371610 -0.3270364 0.0461695 0.0189077 0.0986596 -0.2263120 -0.7067490 -0.6615307 0.2507648 0.1263249 0.4059359 -0.9051288 -0.5832674 -0.8043047 0.1135480 0.0763623 0.3984552 -0.9140034 0.0200044 -0.0286885 -0.0254242 -0.0016297 0.0014657 -0.0036612 0.0041667 -0.0186079 -0.0095269 -0.0037574 0.0033354 -0.0056191 0.0569014 -0.0768423 -0.0704777 -0.0084982 -0.0001667 -0.0012201 0.0264621 -0.0217097 -0.0259803 -0.0166730 0.0033848 0.0002410
-0.2368217 -0.2690827 0.0657014 0.0290972 0.1002045 -0.2238224 -0.2329942 -0.3456443 0.0366425 0.0151503 0.1019950 -0.2319311 -0.6498476 -0.7383730 0.1802870 0.1178267 0.4057692 -0.9063488 -0.5568053 -0.8260144 0.0875677 0.0596893 0.4018400 -0.9137624 -0.0153601 0.0372408 0.0196938 -0.0000887 0.0002385 -0.0006563 -0.0039523 0.0234324 0.0098226 -0.0009797 -0.0001438 -0.0027119 -0.0644634 0.0816752 0.0615969 -0.0006825 -0.0001531 -0.0001570 -0.0316693 0.0257766 0.0278322 -0.0043756 -0.0042743 -0.0021425
-0.2521817 -0.2318419 0.0853952 0.0290085 0.1004430 -0.2244787 -0.2369465 -0.3222119 0.0464652 0.0141707 0.1018512 -0.2346430 -0.7143110 -0.6566978 0.2418839 0.1171442 0.4056161 -0.9065058 -0.5884747 -0.8002378 0.1153998 0.0553138 0.3975657 -0.9159050 0.0096339 0.0025022 -0.0157668 0.0070576 -0.0095297 -0.0011004 0.0020717 -0.0023222 -0.0050038 -0.0034813 -0.0010865 -0.0015832 0.0030063 -0.0158720 -0.0376892 0.0295437 -0.0358540 -0.0109682 0.0052970 -0.0055575 -0.0124540 -0.0137277 -0.0055494 -0.0031129
-0.2425479 -0.2293396 0.0696284 0.0360661 0.0909133 -0.2255791 -0.2348748 -0.3245341 0.0414614 0.0106894 0.1007647 -0.2362262 -0.7113047 -0.6725698 0.2041947 0.1466880 0.3697620 -0.9174741 -0.5831776 -0.8057953 0.1029458 0.0415860 0.3920164 -0.9190178 0.0005463 -0.0004038 -0.0012532 -0.0047947 -0.0072208 -0.0018371 0.0000723 -0.0006527 -0.0005265 -0.0216512 -0.0078487 -0.0057522 0.0008310 -0.0019164 -0.0034574 -0.0187032 -0.0272328 -0.0132749 0.0008016 -0.0007590 -0.0014157 -0.0838384 -0.0338704 -0.0136912
-0.2420016 -0.2297435 0.0683751 0.0312714 0.0836925 -0.2274162 -0.2348026 -0.3251868 0.0409349 -0.0109618 0.0929160 -0.2419784 -0.7104738 -0.6744861 0.2007373 0.1279848 0.3425292 -0.9307490 -0.5823760 -0.8065543 0.1015301 -0.0422524 0.3581460 -0.9327091 0.0025334 -0.0348970 -0.0030455 -0.0018020 -0.0116154 -0.0004844 0.0014371 -0.0220980 -0.0076474 -0.0194619 -0.0121014 -0.0084087 0.0504777 -0.0548873 -0.0206829 -0.0056224 -0.0432511 -0.0155386 0.0263880 -0.0208439 -0.0222233 -0.0726153 -0.0530229 -0.0126508
-0.2394681 -0.2646405 0.0653296 0.0294693 0.0720771 -0.2279006 -0.2333655 -0.3472848 0.0332875 -0.0304237 0.0808146 -0.2503871 -0.6599961 -0.7293734 0.1800544 0.1223624 0.2992781 -0.9462875 -0.5559880 -0.8273982 0.0793068 -0.1148677 0.3051230 -0.9453599 -0.0162763 0.0340507 0.0209149 -0.0029616 -0.0146540 -0.0005783 -0.0055406 0.0275839 0.0118479 -0.0026968 -0.0098390 -0.0017737 -0.0604394 0.0797989 0.0628975 -0.0105489 -0.0570591 -0.0174696 -0.0388250 0.0314276 0.0330686 -0.0105679 -0.0363216 -0.0096331
-0.2557444 -0.2305898 0.0862445 0.0265077 0.0574231 -0.2284789 -0.2389061 -0.3197009 0.0451355 -0.0331206 0.0709756 -0.2521608 -0.7204354 -0.6495746 0.2429520 0.1118135 0.2422190 -0.9637571 -0.5948130 -0.7959706 0.1123754 -0.1254355 0.2688015 -0.9549930 -0.0010759 -0.0008353 0.0001378 -0.0077355 -0.0225032 0.0030384 -0.0003123 -0.0003336 -0.0006212 -0.0045845 -0.0161992 0.0024153 -0.0002874 0.0001191 -0.0005346 -0.0298027 -0.0896637 -0.0211293 -0.0002116 -0.0000734 -0.0016520 -0.0204553 -0.0568572 -0.0113379
-0.2568203 -0.2314251 0.0863823 0.0187723 0.0349199 -0.2254405 -0.2392184 -0.3200345 0.0445143 -0.0377051 0.0547764 -0.2497455 -0.7207228 -0.6494555 0.2424174 0.0820108 0.1525552 -0.9848864 -0.5950246 -0.7960440 0.1107234 -0.1458909 0.2119443 -0.9663309 0.0117503 0.0065322 -0.0192211 0.0062058 -0.0079260 0.0066216 0.0024291 -0.0003596 -0.0042880 -0.0034419 -0.0114435 0.0010604 -0.0014885 -0.0132949 -0.0444961 0.0305598 -0.0308998 -0.0012819 0.0036787 -0.0040922 -0.0102644 -0.0149881 -0.0425188 -0.0059925
-0.2450700 -0.2248929 0.0671612 0.0249781 0.0269939 -0.2188190 -0.2367894 -0.3203941 0.0402263 -0.0411470 0.0433329 -0.2486851 -0.7222113 -0.6627503 0.1979213 0.1125706 0.1216555 -0.9861682 -0.5913459 -0.8001362 0.1004590 -0.1608790 0.1694255 -0.9723235 -0.0261972 -0.0435454 0.0442436 -0.0078243 -0.0103173 0.0030117 -0.0021852 -0.0132179 0.0031784 0.0008074 -0.0201053 0.0078207 0.0398856 -0.0124598 0.0822981 -0.0335679 -0.0448506 -0.0077430 0.0122408 -0.0083030 0.0047230 -0.0035570 -0.0747431 -0.0095095
-0.2712672 -0.2684383 0.1114048 0.0171538 0.0166766 -0.2158073 -0.2389746 -0.3336120 0.0434046 -0.0403396 0.0232276 -0.2408644 -0.6823257 -0.6752101 0.2802194 0.0790027 0.0768049 -0.9939113 -0.5791051 -0.8084392 0.1051820 -0.1644360 0.0946824 -0.9818330 0.0323331 -0.0084951 -0.0589872 -0.0031439 -0.0030455 0.0005300 0.0049627 -0.0138203 -0.0115306 0.0081382 -0.0099114 0.0071634 0.0356815 -0.0742741 -0.1383582 -0.0141908 -0.0137455 -0.0019918 0.0220708 -0.0185772 -0.0293103 0.0281536 -0.0383258 -0.0072327
-0.2389341 -0.2769334 0.0524175 0.0140099 0.0136311 -0.2152773 -0.2340119 -0.3474323 0.0318740 -0.0322014 0.0133162 -0.2337010 -0.6466442 -0.7494843 0.1418613 0.0648119 0.0630594 -0.9959031 -0.5570343 -0.8270165 0.0758718 -0.1362824 0.0563566 -0.9890657 0.0004803 0.0005125 -0.0005715 -0.0028087 -0.0042678 0.0026096 -0.0001642 0.0002031 0.0003748 0.0028256 -0.0038460 0.0051541 -0.0000573 -0.0001864 -0.0012517 -0.0122653 -0.0191349 -0.0017489 -0.0004543 0.0003893 0.0009010 0.0089057 -0.0152928 -0.0019383
-0.2384538 -0.2764209 0.0518460 0.0112013 0.0093633 -0.2126677 -0.2341761 -0.3472292 0.0322488 -0.0293758 0.0094702 -0.2285469 -0.6467015 -0.7496707 0.1406095 0.0525466 0.0439245 -0.9976520 -0.5574886 -0.8266271 0.0767728 -0.1273766 0.0410638 -0.9910040 0.0004540 0.0002107 -0.0007015 0.0025601 -0.0044668 0.0030463 0.0001586 0.0001109 -0.0004002 0.0130865 -0.0079696 0.0100762 0.0002677 -0.0005468 -0.0016954 0.0129434 -0.0206222 0.0000709 0.0000981 -0.0001506 -0.0009148 0.0530244 -0.0342143 -0.0062045
-0.2379998 -0.2762102 0.0511445 0.0137614 0.0048965 -0.2096214 -0.2340175 -0.3471183 0.0318486 -0.0162892 0.0015006 -0.2184706 -0.6464338 -0.7502174 0.1389141 0.0654901 0.0233023 -0.9975811 -0.5573905 -0.8267777 0.0758580 -0.0743522 0.0068495 -0.9972085 0.0002529 0.0006530 -0.0003618 0.0068294 -0.0027784 0.0028604 -0.0000403 0.0004513 0.0003351 0.0036199 -0.0008943 0.0019777 -0.0005493 0.0003409 -0.0007186 0.0336019 -0.0131090 0.0025550 -0.0005279 0.0004353 0.0008576 0.0159317 -0.0040537 -0.0010796
-0.2377469 -0.2755572 0.0507827 0.0205908 0.0021181 -0.2067610 -0.2340578 -0.3466670 0.0321837 -0.0126693 0.0006063 -0.2164929 -0.6469831 -0.7498766 0.1381955 0.0990919 0.0101932 -0.9950261 -0.5579184 -0.8263424 0.0767156 -0.0584206 0.0027958 -0.9982881 0.0004065 0.0003307 0.0001262 0.0016720 0.0010723 0.0012248 0.0001463 0.0000131 0.0013330 0.0078437 0.0011505 0.0045326 0.0002376 -0.0001072 0.0005297 0.0085807 0.0052370 0.0009594 0.0003646 0.0000548 0.0031751 0.0356605 0.0054902 -0.0014185
-0.2373405 -0.2752265 0.0509089 0.0222627 0.0031904 -0.2055363 -0.2339115 -0.3466539 0.0335167 -0.0048257 0.0017568 -0.2119602 -0.6467455 -0.7499837 0.1387251 0.1076727 0.0154302 -0.9940666 -0.5575538 -0.8262876 0.0798907 -0.0227601 0.0082859 -0.9997066 0.0004814 0.0007736 0.0004239 0.0029725 0.0036816 0.0018488 -0.0000978 0.0006526 0.0008215 0.0103176 0.0054854 0.0026340 -0.0001554 0.0004080 0.0014730 0.0152105 0.0180330 0.0022098 -0.0007893 0.0007331 0.0020398 0.0489716 0.0262792 0.0006480
-0.2368591 -0.2744529 0.0513327 0.0252353 0.0068720 -0.2036875 -0.2340093 -0.3460013 0.0343382 0.0054919 0.0072422 -0.2093262 -0.6469009 -0.7495757 0.1401981 0.1228832 0.0334632 -0.9918568 -0.5583431 -0.8255546 0.0819305 0.0262115 0.0345651 -0.9990587 -0.0004730 0.0008132 0.0015587 0.0667271 0.0081474 0.0231506 -0.0007646 0.0008390 0.0014052 0.0104183 0.0140203 -0.0005542 -0.0014344 0.0020565 0.0042888 0.3297645 0.0404637 0.1032372 -0.0020205 0.0017134 0.0033826 0.0489949 0.0659412 0.0069687
-0.2373321 -0.2736397 0.0528914 0.0919624 0.0150194 -0.1805368 -0.2347739 -0.3451623 0.0357433 0.0159102 0.0212625 -0.2098805 -0.6483353 -0.7475192 0.1444869 0.4526477 0.0739269 -0.8886196 -0.5603636 -0.8238412 0.0853130 0.0752064 0.1005063 -0.9920900 0.0004888 0.0002114 -0.0001421 -0.0592191 0.0293103 -0.0251921 -0.0001444 0.0000105 0.0006327 0.0050106 0.0137433 -0.0013412 0.0004585 -0.0004347 -0.0001930 -0.2989110 0.1342106 -0.0773223 -0.0001751 0.0002742 0.0014839 0.0220441 0.0622186 0.0102229
-0.2368433 -0.2734283 0.0527493 0.0327433 0.0443297 -0.2057289 -0.2349183 -0.3451518 0.0363760 0.0209208 0.0350058 -0.2112217 -0.6478768 -0.7479538 0.1442939 0.1537367 0.2081376 -0.9659419 -0.5605387 -0.8235670 0.0867969 0.0972505 0.1627250 -0.9818671 -0.0015879 0.0404656 0.0100916 0.0000980 0.0036619 0.0009380 -0.0008340 0.0150452 0.0047972 0.0032753 0.0130172 -0.0017590 -0.0550045 0.0611934 0.0409573 0.0005290 0.0172942 0.0039738 -0.0176663 0.0139488 0.0141844 0.0128996 0.0558949 0.0122938
-0.2384312 -0.2329627 0.0628408 0.0328412 0.0479916 -0.2047910 -0.2357522 -0.3301066 0.0411732 0.0241961 0.0480230 -0.2129807 -0.7028813 -0.6867605 0.1852511 0.1542657 0.2254318 -0.9619681 -0.5782050 -0.8096183 0.1009814 0.1101501 0.2186199 -0.9695733 -0.0015700 -0.0316496 -0.0004430 0.0004430 0.0140655 0.0038703 0.0004993 -0.0152757 -0.0024427 0.0020525 0.0192301 0.0003755 0.0410795 -0.0429061 -0.0131896 0.0020690 0.0660477 0.0182525 0.0176545 -0.0133438 -0.0086958 0.0067551 0.0809108 0.0226759
-0.2400013 -0.2646123 0.0623978 0.0332843 0.0620571 -0.2009207 -0.2352529 -0.3453823 0.0387306 0.0262485 0.0672531 -0.2126052 -0.6618017 -0.7296665 0.1720616 0.1563347 0.2914795 -0.9437156 -0.5605505 -0.8229620 0.0922856 0.1169052 0.2995307 -0.9468973 0.0005250 0.0297014 0.0023757 0.0025880 0.0126062 -0.0079434 -0.0004265 0.0134864 0.0038436 0.0019094 0.0118952 -0.0073318 -0.0391298 0.0420974 0.0175265 0.0033175 0.0408152 0.0141504 -0.0152850 0.0120409 0.0117358 0.0026945 0.0366483 0.0127241
-0.2394762 -0.2349109 0.0647735 0.0358723 0.0746633 -0.2088641 -0.2356795 -0.3318959 0.0425741 0.0281580 0.0791483 -0.2199370 -0.7009315 -0.6875692 0.1895880 0.1596523 0.3322946 -0.9295652 -0.5758355 -0.8109211 0.1040214 0.1195997 0.3361790 -0.9341732 0.0017702 -0.0267547 -0.0046890 0.0028187 0.0051436 -0.0040509 0.0004477 -0.0130059 -0.0027345 0.0002894 0.0081919 -0.0058909 0.0380315 -0.0421480 -0.0220278 0.0080962 0.0137156 0.0064523 0.0149300 -0.0114904 -0.0090246 -0.0029140 0.0220742 0.0078692
-0.2377060 -0.2616656 0.0600846 0.0386910 0.0798069 -0.2129150 -0.2352318 -0.3449018 0.0398396 0.0284473 0.0873402 -0.2258279 -0.6629000 -0.7297172 0.1675602 0.1677485 0.3460103 -0.9231129 -0.5609055 -0.8224115 0.0949968 0.1166857 0.3582532 -0.9263040 -0.0002532 0.0228856 0.0019785 0.0012717 0.0096610 -0.0075144 -0.0001630 0.0087095 0.0017947 -0.0037447 0.0113848 -0.0043699 -0.0313211 0.0331015 0.0135024 -0.0020846 0.0248759 0.0093301 -0.0097265 0.0074313 0.0059310 -0.0185387 0.0339951 0.0116956
-0.2379592 -0.2387800 0.0620631 0.0399627 0.0894679 -0.2204294 -0.2353948 -0.3361923 0.0416343 0.0247026 0.0987250 -0.2301978 -0.6942211 -0.6966157 0.1810627 0.1656640 0.3708861 -0.9137828 -0.5706320 -0.8149802 0.1009278 0.0981469 0.3922483 -0.9146084 0.0018117 -0.0209894 -0.0058858 -0.0000821 0.0020526 -0.0015506 0.0003561 -0.0083226 -0.0023295 -0.0027884 0.0041161 -0.0022189 0.0300088 -0.0340381 -0.0230526 -0.0018134 0.0051287 0.0017708 0.0095488 -0.0074442 -0.0070996 -0.0122412 0.0108981 0.0035139
-0.2361475 -0.2597694 0.0561773 0.0398806 0.0915205 -0.2219800 -0.2350386 -0.3445149 0.0393048 0.0219142 0.1028411 -0.2324167 -0.6642123 -0.7306537 0.1580101 0.1638506 0.3760149 -0.9120120 -0.5610832 -0.8224244 0.0938282 0.0859058 0.4031464 -0.9110945 -0.0000795 -0.0026004 -0.0013231 0.0461602 -0.0166144 0.0120145 0.0002326 -0.0000786 -0.0011336 -0.0060443 0.0069396 -0.0012834 0.0030335 -0.0036966 -0.0044777 0.1962204 -0.0625411 0.0333294 0.0003268 -0.0005229 -0.0026690 -0.0245580 0.0212288 0.0076886
-0.2362269 -0.2623698 0.0548543 0.0860407 0.0749061 -0.2099655 -0.2348060 -0.3445935 0.0381712 0.0158699 0.1097807 -0.2337001 -0.6611787 -0.7343504 0.1535324 0.3600710 0.3134738 -0.8786826 -0.5607564 -0.8229473 0.0911592 0.0613478 0.4243752 -0.9034058 0.0001133 -0.0009101 -0.0006974 -0.0436787 0.0181436 -0.0124141 -0.0001660 -0.0007448 -0.0006401 -0.0008840 0.0001333 -0.0003708 0.0012183 -0.0015425 -0.0021588 -0.1869922 0.0666996 -0.0298943 0.0004711 -0.0005037 -0.0016673 -0.0034929 -0.0000406 -0.0002495
-0.2361136 -0.2632799 0.0541568 0.0423621 0.0930497 -0.2223797 -0.2349720 -0.3453383 0.0375310 0.0149860 0.1099140 -0.2340708 -0.6599604 -0.7358929 0.1513736 0.1730788 0.3801733 -0.9085769 -0.5602852 -0.8234511 0.0894919 0.0578549 0.4243347 -0.9036553 0.0000927 -0.0025617 -0.0020177 -0.0005198 -0.0009461 0.0005737 -0.0001653 -0.0005391 -0.0009486 -0.0044665 -0.0014181 -0.0004909 0.0030685 -0.0039958 -0.0062604 -0.0014436 -0.0023685 -0.0012609 0.0002106 -0.0003959 -0.0023559 -0.0171846 -0.0048691 -0.0032044
-0.2360209 -0.2658416 0.0521391 0.0418423 0.0921036 -0.2218059 -0.2351373 -0.3458774 0.0365825 0.0105195 0.1084959 -0.2345617 -0.6568919 -0.7398886 0.1451132 0.1716352 0.3778048 -0.9098378 -0.5600746 -0.8238469 0.0871359 0.0406703 0.4194656 -0.9068597 0.0001243 -0.0016603 -0.0013500 -0.0061567 -0.0041964 0.0004770 0.0002041 -0.0007085 -0.0012919 -0.0417782 -0.0003436 -0.0096556 0.0020883 -0.0026453 -0.0041324 -0.0234430 -0.0127511 -0.0092785 0.0009646 -0.0009816 -0.0031491 -0.1569098 -0.0172877 -0.0012930
-0.2358966 -0.2675019 0.0507891 0.0356856 0.0879072 -0.2213289 -0.2349332 -0.3465859 0.0352906 -0.0312587 0.1081523 -0.2442174 -0.6548036 -0.7425339 0.1409808 0.1481922 0.3650537 -0.9191163 -0.5591100 -0.8248286 0.0839869 -0.1162395 0.4021778 -0.9081527 -0.0000911 -0.0002244 -0.0007727 -0.0053356 -0.0099148 0.0009475 0.0004293 -0.0003239 -0.0015644 -0.0045050 -0.0122659 -0.0030713 -0.0000380 -0.0003791 -0.0021904 -0.0194471 -0.0342087 -0.0157453 0.0008875 -0.0009693 -0.0037038 -0.0173927 -0.0438959 -0.0158475
-0.2359877 -0.2677263 0.0500164 0.0303500 0.0779924 -0.2203814 -0.2345040 -0.3469098 0.0337262 -0.0357638 0.0958864 -0.2472886 -0.6548416 -0.7429130 0.1387905 0.1287450 0.3308450 -0.9348616 -0.5582226 -0.8257979 0.0802831 -0.1336322 0.3582820 -0.9240002 0.0000000 0.0000000 0.0000000 0.0000000 0.0000000 0.0000000 0.0000000 0.0000000 0.0000000 0.0000000 0.0000000 0.0000000 0.0000000 0.0000000 0.0000000 0.0000000 0.0000000 0.0000000 0.0000000 0.0000000 0.0000000 0.0000000 0.0000000 0.0000000
