0.1024950 0.2474607 -0.1403258 0.1165306 0.2122884 -0.1189879 0.1146667 0.3093589 -0.1734705 0.1445497 0.2773521 -0.1267175 0.3389615 0.8183779 -0.4640719 0.4318796 0.7867722 -0.4409869 0.3076228 0.8299342 -0.4653788 0.4283521 0.8218927 -0.3755089 -0.0108697 -0.0053123 -0.0046518 -0.0047745 0.0004705 -0.0055446 -0.0331306 0.0000142 0.0071116 -0.0053141 0.0004988 -0.0070895 -0.0301795 -0.0023255 -0.0245099 -0.0189979 -0.0007369 -0.0190971 -0.0815128 0.0279964 0.0040446 -0.0168588 -0.0007393 -0.0199408
0.0916253 0.2421484 -0.1449776 0.1117561 0.2127589 -0.1245325 0.0815361 0.3093731 -0.1663589 0.1392356 0.2778509 -0.1338070 0.3087820 0.8160524 -0.4885818 0.4128817 0.7860353 -0.4600840 0.2261099 0.8579307 -0.4613342 0.4114933 0.8211533 -0.3954497 -0.0258239 0.0187964 0.0118838 0.0016175 -0.0021747 -0.0028509 -0.0387132 0.0184501 0.0244688 0.0013175 -0.0021604 -0.0036033 -0.0896093 0.0531073 0.0452707 0.0055145 -0.0088916 -0.0100142 -0.1070814 0.0532708 0.0669435 0.0036219 -0.0069181 -0.0103832
0.0658015 0.2609448 -0.1330938 0.1133736 0.2105842 -0.1273835 0.0428229 0.3278232 -0.1418901 0.1405531 0.2756905 -0.1374103 0.2191727 0.8691597 -0.4433111 0.4183961 0.7771437 -0.4700982 0.1190285 0.9112015 -0.3943907 0.4151152 0.8142352 -0.4058329 -0.0037924 0.0005219 -0.0014163 -0.0033756 -0.0010762 -0.0031154 -0.0035493 0.0006512 -0.0010559 -0.0037593 -0.0010630 -0.0040215 -0.0128227 0.0009329 -0.0043031 -0.0113396 -0.0018426 -0.0128232 -0.0100491 0.0002735 -0.0022663 -0.0102078 -0.0013427 -0.0128027
0.0620091 0.2614667 -0.1345101 0.1099980 0.2095080 -0.1304989 0.0392736 0.3284744 -0.1429460 0.1367939 0.2746275 -0.1414318 0.2063499 0.8700926 -0.4476143 0.4070566 0.7753011 -0.4829214 0.1089793 0.9114750 -0.3966570 0.4049074 0.8128925 -0.4186356 -0.0058589 -0.0000180 -0.0000874 0.0000635 -0.0015320 -0.0015325 -0.0043805 0.0001750 -0.0021515 -0.0000861 -0.0015230 -0.0018394 -0.0187913 0.0032256 -0.0019823 0.0008590 -0.0044900 -0.0064200 -0.0123078 -0.0009499 -0.0053363 0.0003386 -0.0033224 -0.0060665
0.0561502 0.2614487 -0.1345975 0.1100615 0.2079760 -0.1320314 0.0348931 0.3286494 -0.1450974 0.1367078 0.2731045 -0.1432712 0.1875587 0.8733182 -0.4495966 0.4079156 0.7708112 -0.4893414 0.0966715 0.9105251 -0.4019933 0.4052460 0.8095701 -0.4247022 -0.0499096 -0.0428159 -0.0211818 -0.0001637 -0.0005205 -0.0011505 -0.0484838 -0.0427056 -0.0230915 -0.0002541 -0.0004926 -0.0012020 -0.1643187 -0.0591235 -0.1305301 -0.0007545 -0.0022083 -0.0040848 -0.1376051 -0.0492958 -0.1045720 -0.0007668 -0.0014873 -0.0035487
0.0062405 0.2186328 -0.1557793 0.1098979 0.2074555 -0.1331819 -0.0135907 0.2859438 -0.1681889 0.1364537 0.2726119 -0.1444732 0.0232400 0.8141947 -0.5801266 0.4071611 0.7686029 -0.4934262 -0.0409336 0.8612294 -0.5065653 0.4044792 0.8080828 -0.4282508 0.0261276 0.0181687 0.0080792 0.0039160 -0.0068720 0.0041480 0.0261634 0.0181686 0.0080221 0.0037571 -0.0068062 0.0041556 0.0919658 0.0286382 0.0544267 0.0235163 -0.0095847 0.0051554 0.0774884 0.0229684 0.0408852 0.0182708 -0.0066512 0.0051790
0.0323681 0.2368015 -0.1477001 0.1138139 0.2005835 -0.1290339 0.0125727 0.3041124 -0.1601668 0.1402108 0.2658057 -0.1403175 0.1152058 0.8428329 -0.5256999 0.4306774 0.7590181 -0.4882709 0.0365548 0.8841978 -0.4656801 0.4227500 0.8014316 -0.4230718 0.0628720 -0.0022327 0.0056068 0.0012112 0.0015596 0.0007468 0.0490926 -0.0120238 -0.0072685 0.0013571 0.0015719 0.0011681 0.2128503 -0.0348570 0.0362572 0.0023781 0.0020259 0.0052855 0.1436077 -0.0308265 -0.0235018 0.0023676 0.0014831 0.0052165
0.0952401 0.2345688 -0.1420933 0.1150251 0.2021431 -0.1282871 0.0616653 0.2920886 -0.1674353 0.1415679 0.2673776 -0.1391495 0.3280561 0.8079759 -0.4894427 0.4330555 0.7610441 -0.4829854 0.1801625 0.8533713 -0.4891819 0.4251176 0.8029147 -0.4178553 0.0132003 -0.0350425 0.0069404 0.0027913 -0.0003003 0.0032743 0.0484138 -0.0127063 0.0191555 0.0031241 -0.0002942 0.0041669 0.0822899 -0.0529545 -0.0219856 0.0114575 0.0004944 0.0113209 0.1485289 -0.0191481 0.0464251 0.0101776 0.0005859 0.0117704
0.1084404 0.1995263 -0.1351530 0.1178164 0.2018428 -0.1250128 0.1100791 0.2793823 -0.1482798 0.1446920 0.2670834 -0.1349825 0.4103460 0.7550214 -0.5114283 0.4445129 0.7615385 -0.4716645 0.3286914 0.8342232 -0.4427568 0.4352952 0.8035006 -0.4060849 0.0192621 0.0003896 0.0088478 0.0213264 0.0410982 -0.0046048 0.0240269 -0.0042735 0.0056317 0.0003704 0.0255858 -0.0168439 0.0648236 -0.0111521 0.0414578 0.0064947 0.0259132 0.0515312 0.0684655 -0.0194847 0.0203027 -0.0325765 0.0090006 -0.0154119
0.1277025 0.1999159 -0.1263052 0.1391428 0.2429410 -0.1296176 0.1341061 0.2751088 -0.1426480 0.1450624 0.2926692 -0.1518264 0.4751696 0.7438693 -0.4699706 0.4510077 0.7874517 -0.4201333 0.3971570 0.8147385 -0.4224541 0.4027187 0.8125011 -0.4214968 0.0059464 -0.0110238 -0.0105608 0.0241467 -0.0748444 0.0270056 0.0227520 -0.0097032 -0.0200435 0.0089746 -0.0021006 -0.0062544 0.0219634 -0.0412484 -0.0391293 0.1872650 -0.1303888 0.0190393 0.0528252 -0.0533638 -0.0442627 0.0194241 -0.0161898 -0.0117280
0.1336489 0.1888921 -0.1368661 0.1632895 0.1680966 -0.1026120 0.1568581 0.2654056 -0.1626916 0.1540370 0.2905686 -0.1580808 0.4971330 0.7026209 -0.5090999 0.6382726 0.6570629 -0.4010940 0.4499822 0.7613747 -0.4667168 0.4221428 0.7963113 -0.4332248 -0.1129855 -0.0078761 -0.0695719 -0.1040994 0.0056412 -0.0947183 -0.1254428 -0.0011345 -0.0908121 -0.1100628 -0.0374585 -0.0918196 -0.4220852 -0.0451862 -0.2406651 -0.4186394 -0.0123836 -0.3311286 -0.3645091 -0.0423602 -0.2230024 -0.2994458 -0.0900837 -0.2640471
0.0206634 0.1810160 -0.2064379 0.0591901 0.1737378 -0.1973303 0.0314153 0.2642711 -0.2535037 0.0439743 0.2531101 -0.2499004 0.0750478 0.6574346 -0.7497650 0.2196333 0.6446793 -0.7322226 0.0854731 0.7190145 -0.6897192 0.1226970 0.7062276 -0.6972718 -0.0060633 -0.0017364 -0.0273851 -0.0183066 0.0414770 -0.0855719 0.0105319 -0.0115875 -0.0314120 -0.0028289 0.0072157 -0.0345049 -0.0255567 -0.0497161 -0.0428439 -0.1053706 -0.0431885 -0.0584436 0.0240136 -0.0594832 -0.0539415 -0.0165835 -0.0348495 -0.0362071
0.0146001 0.1792796 -0.2338230 0.0408834 0.2152148 -0.2829022 0.0419472 0.2526836 -0.2849157 0.0411453 0.2603258 -0.2844052 0.0494911 0.6077186 -0.7926088 0.1142626 0.6014907 -0.7906661 0.1094866 0.6595313 -0.7436606 0.1061135 0.6713782 -0.7334789 -0.0012416 -0.0041312 -0.0246940 -0.0107210 -0.0007722 -0.0093936 0.0050421 -0.0167120 -0.0307023 0.0020298 -0.0319012 -0.0349654 -0.0067504 -0.0473304 -0.0345177 -0.0313475 -0.0119983 -0.0128410 0.0089133 -0.0649488 -0.0516086 0.0031855 -0.0931149 -0.0750168
0.0133585 0.1751484 -0.2585170 0.0301624 0.2144426 -0.2922958 0.0469893 0.2359716 -0.3156180 0.0431751 0.2284246 -0.3193706 0.0427407 0.5603882 -0.8271265 0.0829151 0.5894924 -0.8035072 0.1183999 0.5945825 -0.7952692 0.1092990 0.5782633 -0.8084957 -0.0053936 -0.0320065 -0.0072145 -0.0101351 -0.0400984 -0.0118925 -0.0037015 -0.0273932 -0.0114759 0.0005911 -0.0129125 -0.0111953 -0.0163613 -0.0863104 -0.0529612 -0.0258866 -0.0930402 -0.0626816 -0.0075036 -0.0602388 -0.0426919 0.0009344 -0.0354561 -0.0240960
0.0079649 0.1431419 -0.2657315 0.0200273 0.1743442 -0.3041883 0.0432878 0.2085784 -0.3270939 0.0437662 0.2155121 -0.3305659 0.0263793 0.4740778 -0.8800877 0.0570285 0.4964522 -0.8661887 0.1108963 0.5343437 -0.8379611 0.1102334 0.5428072 -0.8325917 -0.0010002 -0.0087255 -0.0199080 0.0225266 -0.0243743 -0.0042415 0.0033202 -0.0198526 -0.0276388 0.0018355 -0.0239845 -0.0273349 -0.0043226 -0.0483901 -0.0245136 0.0661064 -0.0624959 -0.0262908 0.0043257 -0.0677849 -0.0389920 0.0014045 -0.0739277 -0.0435869
0.0069647 0.1344164 -0.2856395 0.0425539 0.1499699 -0.3084298 0.0466080 0.1887258 -0.3547327 0.0456018 0.1915276 -0.3579008 0.0220567 0.4256877 -0.9046013 0.1231349 0.4339563 -0.8924795 0.1152221 0.4665588 -0.8769531 0.1116379 0.4688796 -0.8761786 0.0191837 -0.0048372 -0.0396176 0.0120926 -0.0059590 -0.0265174 -0.0303159 0.0057981 0.0018530 0.0021035 -0.0107033 -0.0119913 0.0524203 -0.0566147 -0.0218102 0.0250926 -0.0433298 -0.0160575 -0.0748223 0.0158040 0.0019137 0.0034588 -0.0326114 -0.0162467
0.0261484 0.1295792 -0.3252572 0.0546465 0.1440109 -0.3349472 0.0162921 0.1945239 -0.3528798 0.0477052 0.1808243 -0.3698921 0.0744770 0.3690731 -0.9264115 0.1482276 0.3906265 -0.9085370 0.0403998 0.4823628 -0.8750394 0.1150967 0.4362682 -0.8924253 -0.0020349 -0.0050573 -0.0090841 0.0001561 -0.0062697 -0.0130808 0.0363492 -0.0547290 -0.0449502 0.0206715 -0.0195090 -0.0460610 -0.0070437 -0.0208486 -0.0085711 -0.0033562 -0.0265062 -0.0114786 0.0834769 -0.1533948 -0.0611415 0.0363979 -0.0788604 -0.0291544
0.0241135 0.1245219 -0.3343413 0.0548027 0.1377412 -0.3480280 0.0526414 0.1397949 -0.3978299 0.0683768 0.1613153 -0.4159532 0.0674333 0.3482244 -0.9349826 0.1448714 0.3641203 -0.9200156 0.1238767 0.3289680 -0.9361809 0.1514946 0.3574078 -0.9215797 0.0194883 0.0029200 -0.0256840 -0.0028229 -0.0080032 -0.0102415 0.0286233 0.0086333 -0.0281024 -0.0013315 -0.0063399 -0.0021121 0.0459959 -0.0166870 -0.0016159 -0.0097065 -0.0267580 -0.0116051 0.0534350 -0.0051121 0.0068381 -0.0027951 -0.0136887 -0.0056451
0.0436018 0.1274419 -0.3600253 0.0519798 0.1297380 -0.3582695 0.0812647 0.1484282 -0.4259323 0.0670453 0.1549754 -0.4180653 0.1134293 0.3315375 -0.9365985 0.1351649 0.3373622 -0.9316207 0.1773117 0.3238559 -0.9293427 0.1486994 0.3437191 -0.9272247 -0.0167391 -0.0152317 0.0213185 -0.0037558 0.0015465 -0.0127399 0.0051015 -0.0088897 -0.0004786 -0.0002023 -0.0062104 -0.0002976 -0.0383559 -0.0179434 -0.0099863 -0.0135395 -0.0062505 -0.0040995 0.0117155 -0.0184522 -0.0039296 0.0001621 -0.0124149 -0.0044822
0.0268628 0.1122102 -0.3387068 0.0482240 0.1312845 -0.3710094 0.0863663 0.1395385 -0.4264109 0.0668430 0.1487650 -0.4183629 0.0750734 0.3135941 -0.9465848 0.1216254 0.3311117 -0.9357202 0.1890272 0.3054036 -0.9332724 0.1488615 0.3313042 -0.9317069 -0.0002406 -0.0015603 -0.0006480 0.0004780 -0.0011278 -0.0026102 0.0025092 -0.0027945 -0.0009964 0.0151196 -0.0064677 -0.0116511 -0.0006953 -0.0044557 -0.0015193 0.0005486 -0.0046000 -0.0015437 0.0052508 -0.0064871 -0.0010215 0.0292010 -0.0221656 -0.0024917
0.0266222 0.1106499 -0.3393548 0.0487020 0.1301567 -0.3736196 0.0888755 0.1367440 -0.4274073 0.0819626 0.1422973 -0.4300140 0.0743781 0.3091384 -0.9481041 0.1221740 0.3265117 -0.9372639 0.1942780 0.2989165 -0.9342939 0.1780625 0.3091387 -0.9341986 0.0001295 -0.0005108 0.0004565 0.0118586 0.0022070 -0.0128359 -0.0020333 0.0000649 0.0007633 -0.0064588 0.0006524 0.0056616 0.0004834 -0.0009269 -0.0002637 0.0244760 -0.0059871 0.0014446 -0.0039934 0.0008528 -0.0005485 -0.0117925 0.0056565 -0.0002843
0.0267517 0.1101391 -0.3388984 0.0605605 0.1323637 -0.3864555 0.0868422 0.1368089 -0.4266439 0.0755039 0.1429497 -0.4243524 0.0748615 0.3082115 -0.9483678 0.1466500 0.3205246 -0.9358193 0.1902846 0.2997693 -0.9348423 0.1662700 0.3147951 -0.9344829 0.0016654 -0.0000302 -0.0009083 -0.0035873 -0.0037630 0.0278173 0.0068055 0.0246834 -0.0027076 -0.0029381 0.0059056 0.0047385 0.0044428 -0.0009276 0.0000601 0.0012425 0.0133001 0.0048580 0.0097404 0.0451672 0.0177770 -0.0054092 0.0151811 0.0043004
0.0284170 0.1101089 -0.3398067 0.0569733 0.1286007 -0.3586382 0.0936477 0.1614923 -0.4293515 0.0725658 0.1488553 -0.4196139 0.0793042 0.3072839 -0.9483077 0.1478925 0.3338247 -0.9309613 0.2000250 0.3449365 -0.9170653 0.1608609 0.3299762 -0.9301825 -0.0141972 0.0041886 0.0270154 0.0002432 0.0017922 0.0035750 -0.0424423 -0.0066826 0.0540231 -0.0032801 0.0081769 0.0190553 -0.0366433 0.0356188 0.0099060 0.0016728 0.0070256 0.0028173 -0.0748951 0.0333697 -0.0001189 -0.0018696 0.0303688 0.0110126
0.0142199 0.1142975 -0.3127913 0.0572165 0.1303929 -0.3550632 0.0512054 0.1548097 -0.3753284 0.0692857 0.1570322 -0.4005586 0.0426609 0.3429027 -0.9384017 0.1495653 0.3408503 -0.9281440 0.1251299 0.3783061 -0.9171843 0.1589913 0.3603450 -0.9191699 -0.0003258 0.0040955 0.0041944 -0.0153603 0.0389134 0.0105955 -0.0038855 0.0123619 0.0073362 -0.0022992 0.0323138 0.0103930 -0.0006621 0.0149746 0.0055781 -0.0411581 0.0976515 0.0359758 -0.0088489 0.0324910 0.0129031 -0.0063420 0.0711381 0.0300577
0.0138940 0.1183930 -0.3085969 0.0418562 0.1693063 -0.3444676 0.0473199 0.1671716 -0.3679922 0.0669865 0.1893460 -0.3901656 0.0419988 0.3578772 -0.9328237 0.1084072 0.4385018 -0.8921682 0.1162810 0.4107971 -0.9042812 0.1526492 0.4314831 -0.8891122 0.0009466 0.0101188 0.0302063 0.0141261 0.0173868 0.0144182 0.0001246 0.0181413 0.0188560 -0.0450805 0.0369262 0.0116397 0.0063451 0.0607550 0.0259555 0.0376453 0.0485626 0.0311008 0.0028948 0.0546899 0.0272869 -0.1030370 0.0809740 0.0318338
0.0148406 0.1285118 -0.2783905 0.0559823 0.1866931 -0.3300494 0.0474445 0.1853129 -0.3491361 0.0219060 0.2262722 -0.3785259 0.0483439 0.4186323 -0.9068682 0.1460524 0.4870644 -0.8610673 0.1191758 0.4654870 -0.8769943 0.0496122 0.5124571 -0.8572784 -0.0092932 -0.0077625 0.0505135 -0.0113249 -0.0121106 0.0578443 -0.0155094 -0.0001928 0.0545170 0.0211970 -0.0197992 0.0432653 -0.0268381 0.0494759 0.0234587 -0.0092551 0.0477282 0.0272308 -0.0277795 0.0643154 0.0338121 0.0592085 0.0088187 0.0108568
0.0055475 0.1207493 -0.2278770 0.0446573 0.1745825 -0.2722051 0.0319351 0.1851201 -0.2946192 0.0431030 0.2064730 -0.3352605 0.0215058 0.4681081 -0.8834095 0.1367973 0.5347926 -0.8338365 0.0913963 0.5298024 -0.8431821 0.1088207 0.5212758 -0.8464216 0.0071623 0.0602678 -0.0240889 0.0029937 0.0051284 0.0024656 0.0148349 0.0557511 -0.0102899 0.0220614 0.0131529 0.0091501 0.0194261 0.1148618 0.0719474 0.0086547 0.0137646 0.0104722 0.0281049 0.0856431 0.0641146 0.0546891 0.0298076 0.0281481
0.0127097 0.1810171 -0.2519659 0.0476510 0.1797109 -0.2697395 0.0467700 0.2408712 -0.3049091 0.0651644 0.2196259 -0.3261105 0.0409319 0.5829699 -0.8114621 0.1454520 0.5485571 -0.8233643 0.1195012 0.6154455 -0.7790676 0.1635098 0.5510834 -0.8182736 -0.0006473 0.0013383 0.0155565 0.0017607 0.0380796 0.0381956 -0.0149141 0.0156585 0.0362140 -0.0310320 0.0620819 0.0508730 -0.0005638 0.0272989 0.0202968 0.0081468 0.1284549 0.1035990 -0.0340629 0.0725728 0.0584213 -0.0771694 0.1615189 0.1220385
0.0120625 0.1823554 -0.2364094 0.0494118 0.2177905 -0.2315440 0.0318559 0.2565297 -0.2686951 0.0341323 0.2817078 -0.2752375 0.0403681 0.6102687 -0.7911653 0.1535988 0.6770121 -0.7197653 0.0854383 0.6880183 -0.7206463 0.0863404 0.7126023 -0.6962351 0.0047604 0.0131192 0.0245931 0.0061039 0.0512529 0.0036073 -0.0092661 0.0168283 0.0255685 -0.0121846 0.0088800 0.0324813 0.0178988 0.0667691 0.0575272 0.0019241 0.0766924 0.0812183 -0.0238069 0.0577781 0.0573294 -0.0284737 0.0535536 0.0561908
0.0168228 0.1954746 -0.2118162 0.0555157 0.2690434 -0.2279366 0.0225899 0.2733580 -0.2431267 0.0219477 0.2905878 -0.2427562 0.0582669 0.6770378 -0.7336380 0.1555228 0.7537045 -0.6385470 0.0616314 0.7457964 -0.6633169 0.0578667 0.7661559 -0.6400443 -0.0144364 0.0119930 0.0119030 -0.0009309 -0.0100736 0.0173356 -0.0192242 0.0124075 0.0253709 -0.0165173 0.0085149 0.0160342 -0.0499840 0.0430328 0.0397867 0.0058620 0.0119638 0.0158857 -0.0522640 0.0495606 0.0572480 -0.0433995 0.0306874 0.0360314
0.0023865 0.2074676 -0.1999133 0.0545847 0.2589698 -0.2106010 0.0033656 0.2857655 -0.2177558 0.0054304 0.2991027 -0.2267220 0.0082829 0.7200706 -0.6938513 0.1613848 0.7656682 -0.6226613 0.0093673 0.7953570 -0.6060689 0.0144673 0.7968432 -0.6040129 0.0530244 0.0426831 0.0249600 0.0082596 -0.0367479 0.0548085 0.0591456 0.0263653 0.0083719 -0.0048605 -0.0430666 0.0634544 0.1703183 0.0862198 0.1299388 0.0642083 0.0320451 0.0634108 0.1546963 0.0238447 0.0565312 -0.0125904 0.0463159 0.0663521
0.0554108 0.2501507 -0.1749533 0.0628443 0.2222219 -0.1557924 0.0625112 0.3121308 -0.2093839 0.0005699 0.2560361 -0.1632676 0.1786013 0.8062904 -0.5639126 0.2255932 0.7977133 -0.5592505 0.1640637 0.8192018 -0.5495376 0.0018768 0.8431591 -0.5376608 0.0262064 0.0032127 0.0197695 0.0276786 -0.0008614 0.0192205 0.0206486 0.0105582 0.0377997 0.0308457 -0.0008614 0.0057101 0.0862886 0.0160044 0.0602613 0.1030994 0.0060563 0.0633517 0.0578064 0.0417314 0.0917518 0.1023075 0.0030836 0.0151487
0.0816172 0.2533634 -0.1551837 0.0905229 0.2213605 -0.1365720 0.0831598 0.3226890 -0.1715841 0.0314156 0.2551747 -0.1575575 0.2648899 0.8222948 -0.5036512 0.3286926 0.8037696 -0.4958988 0.2218701 0.8609331 -0.4577858 0.1041843 0.8462427 -0.5225121 -0.0718679 -0.0271756 -0.0018408 0.0011173 0.0129112 -0.0049317 -0.0707614 -0.0268567 -0.0002741 0.0014399 0.0129112 -0.0058170 -0.2295052 -0.0013537 -0.0662642 -0.0111866 0.0079121 0.0056307 -0.1856549 0.0031812 -0.0442051 -0.0000991 0.0030463 0.0049462
0.0097493 0.2261878 -0.1570246 0.0916402 0.2342717 -0.1415037 0.0123984 0.2958323 -0.1718582 0.0328555 0.2680859 -0.1633745 0.0353847 0.8209411 -0.5699155 0.3175060 0.8116817 -0.4902681 0.0362152 0.8641143 -0.5019909 0.1040853 0.8492890 -0.5175659 0.0015935 -0.0039630 -0.0002244 0.0025219 -0.0019685 0.0006672 0.0016674 -0.0039631 -0.0002110 0.0026312 -0.0019685 0.0003735 0.0062448 -0.0053466 -0.0072090 0.0099946 -0.0037191 0.0004316 0.0052638 -0.0034139 -0.0054282 0.0089004 -0.0020008 -0.0014109
0.0113428 0.2222248 -0.1572490 0.0941621 0.2323032 -0.1408364 0.0140658 0.2918692 -0.1720692 0.0354867 0.2661174 -0.1630009 0.0416294 0.8155945 -0.5771245 0.3275006 0.8079626 -0.4898365 0.0414789 0.8607005 -0.5074192 0.1129857 0.8472882 -0.5189769 -0.0002714 -0.0003031 0.0003446 -0.0019564 0.0013725 0.0010852 -0.0002625 -0.0003031 0.0003471 -0.0019431 0.0013723 0.0010525 -0.0009276 0.0002568 0.0002968 -0.0067470 0.0049189 0.0036875 -0.0007201 0.0002430 0.0003540 -0.0063250 0.0032658 0.0040192
0.0110714 0.2219217 -0.1569043 0.0922057 0.2336757 -0.1397512 0.0138033 0.2915661 -0.1717221 0.0335436 0.2674897 -0.1619484 0.0407018 0.8158512 -0.5768277 0.3207536 0.8128815 -0.4861490 0.0407588 0.8609434 -0.5070652 0.1066606 0.8505540 -0.5149577 0.0020860 -0.0025652 0.0007241 0.0013552 -0.0016849 0.0001955 0.0020223 -0.0025651 0.0007124 0.0012604 -0.0016849 0.0004477 0.0081021 -0.0022060 -0.0024819 0.0058774 -0.0029774 -0.0010548 0.0063163 -0.0012794 -0.0016211 0.0045472 -0.0012377 -0.0010798
0.0131574 0.2193565 -0.1561803 0.0935609 0.2319908 -0.1395558 0.0158257 0.2890010 -0.1710097 0.0348040 0.2658048 -0.1615007 0.0488039 0.8136452 -0.5793096 0.3266310 0.8099041 -0.4872038 0.0470751 0.8596640 -0.5086863 0.1112078 0.8493163 -0.5160374 0.0005402 0.0000089 0.0001547 -0.0000001 -0.0065119 0.0048560 0.0005469 0.0000089 0.0001551 0.0000100 -0.0065119 0.0048269 0.0020141 0.0002003 0.0004547 0.0089337 -0.0012028 0.0040904 0.0016332 0.0001416 0.0003932 0.0029568 0.0009774 0.0022602
0.0136976 0.2193654 -0.1560256 0.0935608 0.2254789 -0.1346998 0.0163725 0.2890099 -0.1708546 0.0348140 0.2592929 -0.1566738 0.0508180 0.8138455 -0.5788549 0.3355647 0.8087013 -0.4831134 0.0487084 0.8598056 -0.5082931 0.1141647 0.8502937 -0.5137772 0.0509529 -0.0257987 0.0315078 0.0006949 0.0035224 -0.0030755 0.0508434 -0.0257988 0.0314892 0.0005340 0.0035224 -0.0026386 0.2196116 -0.0041658 0.0580031 -0.0029596 -0.0006123 -0.0030615 0.1714401 0.0022750 0.0518375 0.0000979 -0.0007406 -0.0012019
0.0646505 0.1935667 -0.1245178 0.0942557 0.2290013 -0.1377753 0.0672159 0.2632111 -0.1393653 0.0353479 0.2628153 -0.1593125 0.2704296 0.8096797 -0.5208518 0.3326051 0.8080890 -0.4861749 0.2201484 0.8620806 -0.4564555 0.1142625 0.8495531 -0.5149791 0.0346964 0.0568018 -0.0201302 0.0054596 0.0016290 0.0022977 0.0116268 0.0511734 -0.0289232 0.0062965 0.0016291 0.0001338 0.0545091 0.0092125 0.0477446 0.0167088 -0.0001650 0.0115818 -0.0042623 -0.0012371 -0.0043499 0.0194475 -0.0004863 0.0038949
0.0993469 0.2503685 -0.1446480 0.0997153 0.2306303 -0.1354775 0.0788427 0.3143845 -0.1682885 0.0416444 0.2644444 -0.1591787 0.3249387 0.8188922 -0.4731072 0.3493139 0.8079240 -0.4745931 0.2158861 0.8608435 -0.4608054 0.1337100 0.8490669 -0.5110842 0.0145557 -0.0079021 0.0050491 0.0070830 -0.0069623 0.0069041 0.0263885 -0.0031487 0.0121682 0.0080024 -0.0069623 0.0047639 0.0521240 -0.0162329 0.0109798 0.0331726 -0.0068812 0.0141211 0.0734084 -0.0052151 0.0316099 0.0294344 -0.0029545 0.0036616
0.1139026 0.2424664 -0.1395989 0.1067983 0.2236680 -0.1285735 0.1052312 0.3112358 -0.1561204 0.0496468 0.2574821 -0.1544148 0.3770626 0.8026593 -0.4621275 0.3824865 0.8010428 -0.4604720 0.2892945 0.8556284 -0.4291955 0.1631444 0.8461124 -0.5074227 0.0136398 -0.0199318 -0.0009469 0.0264192 0.0433332 -0.0125603 0.0316573 -0.0191439 0.0032533 0.0277878 0.0433332 -0.0153937 0.0590165 -0.0417933 -0.0184116 0.0211004 0.0078464 0.0329023 0.0941835 -0.0373651 0.0009552 0.0555931 0.0036318 0.0277470
0.1275424 0.2225346 -0.1405459 0.1332175 0.2670012 -0.1411338 0.1368885 0.2920919 -0.1528671 0.0774346 0.3008153 -0.1698085 0.4360792 0.7608660 -0.4805391 0.4035869 0.8088892 -0.4275697 0.3834780 0.8182633 -0.4282403 0.2187375 0.8497442 -0.4796756 0.0059383 -0.0223032 -0.0100502 0.0094048 0.0049376 -0.0197405 0.0146548 -0.0192634 -0.0121992 0.0095116 0.0049374 -0.0199454 0.0341191 -0.0555325 -0.0499495 0.0078328 -0.0244327 -0.0365012 0.0457564 -0.0454978 -0.0392971 0.0161229 -0.0238405 -0.0328902
0.1334808 0.2002314 -0.1505961 0.1426223 0.2719388 -0.1608743 0.1515432 0.2728285 -0.1650663 0.0869462 0.3057527 -0.1897538 0.4701983 0.7053336 -0.5304886 0.4114197 0.7844566 -0.4640708 0.4292344 0.7727655 -0.4675374 0.2348604 0.8259037 -0.5125659 0.0120842 -0.0108332 -0.0191566 0.0155560 -0.0280111 -0.0268555 0.0205828 -0.0151804 -0.0247675 0.0909415 -0.0352185 -0.0087858 0.0265301 -0.0590280 -0.0487783 0.0456523 -0.0796032 -0.0783929 0.0444430 -0.0637382 -0.0548703 0.2335072 -0.1136034 -0.0101771
0.1455650 0.1893982 -0.1697527 0.1581783 0.2439277 -0.1877297 0.1721261 0.2576481 -0.1898338 0.1778877 0.2705342 -0.1985396 0.4967284 0.6463055 -0.5792669 0.4570720 0.7048534 -0.5424638 0.4736775 0.7090274 -0.5224078 0.4683675 0.7123003 -0.5227429 0.0121065 -0.0094663 -0.0240645 0.0506084 -0.0090816 -0.0176200 0.0439439 -0.0082801 -0.0263696 0.0250033 -0.0116181 -0.0158204 0.0153623 -0.0619166 -0.0502192 0.0991231 -0.0792376 -0.0045755 0.0740561 -0.0768840 -0.0256640 0.0483906 -0.0528474 -0.0232268
0.1576715 0.1799319 -0.1938172 0.2087867 0.2348461 -0.2053498 0.2160700 0.2493680 -0.2162034 0.2028909 0.2589161 -0.2143600 0.5120907 0.5843889 -0.6294861 0.5561951 0.6256157 -0.5470393 0.5477335 0.6321434 -0.5480718 0.5167582 0.6594529 -0.5459697 0.0318263 -0.0080318 -0.0242961 0.0124811 -0.0373553 0.0143349 -0.0007940 -0.0206290 -0.0362921 0.0365592 -0.0236166 -0.0381844 0.0515502 -0.0730904 -0.0192687 0.0710294 -0.0657915 0.0055724 -0.0135668 -0.0645708 -0.0784482 0.0532305 -0.0993445 -0.0551888
0.1894978 0.1719001 -0.2181133 0.2212678 0.1974908 -0.1910148 0.2152760 0.2287390 -0.2524956 0.2394502 0.2352995 -0.2525445 0.5636409 0.5112986 -0.6487547 0.6272245 0.5598242 -0.5414669 0.5341667 0.5675726 -0.6265200 0.5699887 0.5601084 -0.6011585 0.0158236 -0.0133213 -0.0165266 0.0230391 -0.0184342 -0.0550746 0.0411638 -0.0110152 -0.0115031 0.0129808 -0.0122421 -0.0138277 0.0233270 -0.0579571 -0.0220285 -0.0012226 -0.1010170 -0.0891025 0.0655218 -0.0584221 0.0091551 0.0178074 -0.0407098 -0.0191003
0.2053213 0.1585788 -0.2346399 0.2443069 0.1790566 -0.2460895 0.2564398 0.2177238 -0.2639986 0.2524310 0.2230574 -0.2663721 0.5869679 0.4533415 -0.6707832 0.6260018 0.4588072 -0.6305693 0.5996885 0.5091505 -0.6173649 0.5877961 0.5193985 -0.6202587 -0.0148072 -0.0374071 -0.0132243 0.0070966 -0.0119475 -0.0068146 0.0077841 -0.0414169 -0.0125118 0.0095054 -0.0239780 -0.0202837 -0.0187494 -0.0919405 -0.0684847 0.0123791 -0.0344723 -0.0116220 0.0277174 -0.0905055 -0.0392157 0.0124721 -0.0631768 -0.0366582
0.1905142 0.1211717 -0.2478642 0.2514035 0.1671091 -0.2529041 0.2642239 0.1763069 -0.2765104 0.2619363 0.1990794 -0.2866559 0.5682185 0.3614010 -0.7392679 0.6383809 0.4243348 -0.6421914 0.6274060 0.4186450 -0.6565806 0.6002682 0.4562217 -0.6569169 0.0455791 0.0119255 -0.0228917 0.0082324 -0.0196467 -0.0138308 0.0493287 -0.0146375 -0.0274562 0.0458405 -0.0334380 -0.0171454 0.0480562 -0.0139771 0.0325132 0.0100940 -0.0560280 -0.0240145 0.0459314 -0.0714686 0.0038285 0.0643373 -0.0985399 0.0008962
0.2360932 0.1330972 -0.2707559 0.2596359 0.1474624 -0.2667349 0.3135526 0.1616694 -0.3039666 0.3077768 0.1656414 -0.3038012 0.6162746 0.3474239 -0.7067547 0.6484750 0.3683069 -0.6662059 0.6733374 0.3471764 -0.6527521 0.6646055 0.3576819 -0.6560207 0.0026772 -0.0045544 -0.0022787 0.0028471 -0.0105940 -0.0041627 -0.0144736 -0.0105973 0.0003960 0.0016701 -0.0052366 -0.0009917 0.0042066 -0.0133858 -0.0027674 0.0056592 -0.0272169 -0.0088986 -0.0118559 -0.0130459 -0.0186636 0.0037201 -0.0112488 -0.0022535
0.2387704 0.1285428 -0.2730346 0.2624829 0.1368684 -0.2708976 0.2990790 0.1510721 -0.3035706 0.3094469 0.1604048 -0.3047929 0.6204813 0.3340381 -0.7095221 0.6541342 0.3410900 -0.6751045 0.6614815 0.3341304 -0.6714157 0.6683256 0.3464331 -0.6582742 0.0149854 0.0019249 -0.0042056 0.0018415 -0.0055841 -0.0018697 0.0261076 0.0022823 -0.0027067 0.0021209 -0.0056657 -0.0006154 0.0173539 -0.0060972 0.0126569 0.0035907 -0.0144120 -0.0036292 0.0270318 -0.0094352 0.0229387 0.0047264 -0.0121640 -0.0014720
0.2537558 0.1304677 -0.2772402 0.2643244 0.1312843 -0.2727673 0.3251866 0.1533544 -0.3062774 0.3115678 0.1547391 -0.3054083 0.6378352 0.3279409 -0.6968652 0.6577249 0.3266780 -0.6787337 0.6885133 0.3246953 -0.6484770 0.6730521 0.3342691 -0.6597463 0.0017410 -0.0000690 -0.0014587 0.0001769 -0.0006989 -0.0019298 0.0021536 0.0003306 -0.0002333 0.0001595 -0.0009878 -0.0004082 0.0009956 -0.0018988 0.0000210 -0.0015215 -0.0027075 -0.0027648 0.0020111 -0.0004967 0.0018926 0.0002751 -0.0021681 -0.0008137
0.2554968 0.1303987 -0.2786989 0.2645012 0.1305854 -0.2746971 0.3273402 0.1536850 -0.3065107 0.3117273 0.1537513 -0.3058165 0.6388307 0.3260421 -0.6968442 0.6562034 0.3239705 -0.6814985 0.6905243 0.3241986 -0.6465844 0.6733272 0.3321010 -0.6605600 -0.2170116 -0.0006754 -0.1010219 -0.2186601 0.0025730 -0.1074724 -0.2615087 0.0023104 -0.1335343 -0.2492696 0.0034169 -0.1305863 -0.5433599 -0.0042354 -0.2451355 -0.5436522 0.0029662 -0.2568217 -0.5509015 0.0066538 -0.2867119 -0.5398785 0.0037085 -0.2718689
0.0384852 0.1297233 -0.3797208 0.0458411 0.1331584 -0.3821695 0.0658315 0.1559954 -0.4400450 0.0624577 0.1571682 -0.4364028 0.0954708 0.3218067 -0.9419797 0.1125512 0.3269366 -0.9383201 0.1396228 0.3308524 -0.9332964 0.1334487 0.3358094 -0.9324288 0.0023604 0.0019959 0.0043044 0.0020200 0.0025536 0.0034538 -0.0001853 0.0066486 0.0054207 0.0004719 0.0046665 0.0026162 0.0066571 0.0075368 0.0033090 0.0055851 0.0080435 0.0035302 0.0004434 0.0161734 0.0059590 0.0012326 0.0105472 0.0040442
0.0408455 0.1317192 -0.3754164 0.0478611 0.1357120 -0.3787157 0.0656462 0.1626440 -0.4346243 0.0629296 0.1618347 -0.4337865 0.1021279 0.3293435 -0.9386707 0.1181363 0.3349801 -0.9347899 0.1400662 0.3470258 -0.9273373 0.1346812 0.3463567 -0.9283846 -0.0277886 -0.0143347 0.0474180 -0.0007724 0.0035845 0.0038623 -0.0151891 -0.0004167 0.0299219 -0.0011695 0.0070997 0.0061351 -0.0646742 0.0073730 -0.0021902 -0.0011924 0.0109598 0.0038497 -0.0251079 0.0225828 0.0052885 -0.0015599 0.0177744 0.0065998
0.0130569 0.1173845 -0.3279984 0.0470887 0.1392965 -0.3748533 0.0504571 0.1622273 -0.4047024 0.0617601 0.1689344 -0.4276514 0.0374537 0.3367165 -0.9408609 0.1169439 0.3459399 -0.9309402 0.1149583 0.3696086 -0.9220488 0.1331214 0.3641311 -0.9217848 0.0003761 0.0053755 0.0025777 0.0008080 0.0059035 0.0232847 -0.0059396 0.0150299 0.0175715 -0.0140243 0.0197302 0.0331285 0.0011399 0.0159764 0.0059180 0.0079901 0.0327999 0.0139082 -0.0109704 0.0444440 0.0177552 -0.0246089 0.0647392 0.0249597
0.0134331 0.1227600 -0.3254208 0.0478968 0.1452000 -0.3515687 0.0445176 0.1772572 -0.3871309 0.0477358 0.1886646 -0.3945229 0.0385936 0.3526929 -0.9349429 0.1249339 0.3787398 -0.9170320 0.1039879 0.4140526 -0.9042936 0.1085125 0.4288703 -0.8968251 -0.0051332 -0.0049983 0.0411079 0.0042294 0.0069386 0.0204989 -0.0065742 -0.0002436 0.0327923 -0.0034818 0.0109369 0.0147497 -0.0116325 0.0298389 0.0113940 0.0166890 0.0346094 0.0175403 -0.0086304 0.0308101 0.0137858 -0.0059083 0.0339112 0.0163107
0.0082999 0.1177617 -0.2843128 0.0521262 0.1521386 -0.3310697 0.0379433 0.1770136 -0.3543386 0.0442540 0.1996015 -0.3797732 0.0269611 0.3825318 -0.9235489 0.1416229 0.4133492 -0.8994917 0.0953575 0.4448626 -0.8905078 0.1026042 0.4627815 -0.8805144 -0.0154133 0.0014012 0.0340801 -0.0181108 0.0335605 0.0383646 -0.0101442 0.0071822 0.0420983 -0.0088006 0.0044996 0.0496164 -0.0526182 0.0472734 0.0209918 -0.0439635 0.1197992 0.0591255 -0.0188993 0.0617457 0.0317284 -0.0116433 0.0608685 0.0334508
-0.0071134 0.1191629 -0.2502327 0.0340154 0.1856991 -0.2927051 0.0277992 0.1841958 -0.3122403 0.0354535 0.2041011 -0.3301568 -0.0256571 0.4298051 -0.9025571 0.0976594 0.5331484 -0.8403662 0.0764582 0.5066084 -0.8587794 0.0909608 0.5236500 -0.8470636 0.0215965 0.0546051 -0.0097196 0.0054354 0.0075991 0.0050335 0.0114440 0.0404471 -0.0007019 0.0551582 -0.0063186 -0.0069052 0.0719262 0.1253323 0.0720863 0.0154384 0.0210001 0.0156673 0.0248884 0.0735384 0.0505971 0.1349064 -0.0306386 0.0068709
0.0144831 0.1737680 -0.2599523 0.0394508 0.1932982 -0.2876717 0.0392432 0.2246429 -0.3129422 0.0906117 0.1977825 -0.3370620 0.0462691 0.5551374 -0.8304707 0.1130978 0.5541485 -0.8246989 0.1013467 0.5801467 -0.8081823 0.2258672 0.4930114 -0.8401927 0.0134492 -0.0004741 0.0279784 -0.0128108 0.0337311 0.0211970 -0.0089851 0.0151897 0.0425425 -0.0127016 0.0337310 0.0213105 0.0497512 0.0405787 0.0330358 -0.0372188 0.0925019 0.0656958 -0.0179221 0.0810957 0.0626631 -0.0307058 0.0869198 0.0492491
0.0279323 0.1732939 -0.2319739 0.0266400 0.2270293 -0.2664747 0.0302581 0.2398326 -0.2703998 0.0779101 0.2315135 -0.3157515 0.0960202 0.5957161 -0.7974349 0.0758791 0.6466504 -0.7590031 0.0834246 0.6612424 -0.7455192 0.1951614 0.5799312 -0.7909436 -0.0237897 -0.0181456 0.0397827 0.0048198 0.0137719 0.0220586 -0.0095796 -0.0022908 0.0309765 0.0049313 0.0137720 0.0221753 -0.0792507 0.0323291 0.0194388 0.0154282 0.0522374 0.0496238 -0.0222278 0.0417494 0.0369591 0.0164783 0.0467140 0.0409273
0.0041426 0.1551483 -0.1921912 0.0314598 0.2408012 -0.2444160 0.0206784 0.2375418 -0.2394233 0.0828414 0.2452855 -0.2935762 0.0167695 0.6280452 -0.7779961 0.0913072 0.6988877 -0.7093792 0.0611967 0.7029919 -0.7085601 0.2116397 0.6266452 -0.7500163 0.0180141 0.0547859 0.0082720 0.0111612 -0.0059266 0.0731739 -0.0054340 0.0344731 0.0212251 -0.0662287 0.0490705 0.0869470 0.0623671 0.1217697 0.1210981 0.0537712 0.1006046 0.1264862 -0.0175225 0.0763118 0.0834374 -0.1654964 0.1909565 0.1760840
0.0221568 0.2099342 -0.1839192 0.0426211 0.2348746 -0.1712421 0.0152444 0.2720149 -0.2181982 0.0166127 0.2943560 -0.2066292 0.0791366 0.7498149 -0.6568980 0.1450784 0.7994923 -0.5828930 0.0436742 0.7793037 -0.6251227 0.0461433 0.8176017 -0.5739323 0.0371964 0.0122916 0.0215689 0.0275283 0.0188448 -0.0103924 0.0508707 0.0183021 0.0359815 0.0127922 0.0221426 -0.0283844 0.1316796 0.0395077 0.0802470 0.0742612 -0.0061758 0.0149677 0.1457230 0.0523552 0.1031340 0.0282417 -0.0169612 -0.0205773
0.0593532 0.2222258 -0.1623503 0.0701494 0.2537194 -0.1816345 0.0661151 0.2903170 -0.1822167 0.0294049 0.3164986 -0.2350136 0.2108161 0.7893226 -0.5766510 0.2193395 0.7933165 -0.5679253 0.1893972 0.8316589 -0.5219886 0.0743850 0.8006405 -0.5945096 0.0068698 -0.0220615 0.0431716 0.0372452 -0.0182121 0.0536929 0.0315257 -0.0008297 0.0449509 0.0544471 -0.0197050 0.0427254 0.0626207 0.0371623 0.0845586 0.1526126 0.0223432 0.1248104 0.1021282 0.0326613 0.1121550 0.1563294 0.0159713 0.0654386
0.0662230 0.2001643 -0.1191786 0.1073946 0.2355073 -0.1279416 0.0976408 0.2894873 -0.1372658 0.0838520 0.2967936 -0.1922883 0.2734368 0.8264850 -0.4920924 0.3719521 0.8156597 -0.4431149 0.2915254 0.8643202 -0.4098336 0.2307144 0.8166118 -0.5290709 0.0074451 -0.0146279 -0.0079209 -0.0039859 0.0049737 -0.0105605 0.0027880 -0.0125248 -0.0045970 -0.0058540 0.0049737 -0.0098448 0.0378538 -0.0424859 -0.0449771 -0.0227802 -0.0036469 -0.0245539 0.0156104 -0.0173014 -0.0240175 -0.0207546 -0.0042962 -0.0150433
0.0736681 0.1855364 -0.1270996 0.1034087 0.2404810 -0.1385021 0.1004288 0.2769625 -0.1418628 0.0779980 0.3017673 -0.2021331 0.3112906 0.7839991 -0.5370695 0.3491719 0.8120129 -0.4676688 0.3071358 0.8470188 -0.4338510 0.2099598 0.8123156 -0.5441142 -0.0084457 0.0104500 0.0011414 -0.0013440 -0.0012240 -0.0031234 -0.0095919 0.0109344 0.0021508 -0.0029693 -0.0012239 -0.0024511 -0.0416983 0.0260965 0.0164303 -0.0045610 -0.0041864 -0.0105149 -0.0340644 0.0184485 0.0138529 -0.0078503 -0.0027234 -0.0069868
0.0652225 0.1959864 -0.1259582 0.1020647 0.2392570 -0.1416254 0.0908369 0.2878969 -0.1397120 0.0750287 0.3005434 -0.2045842 0.2695923 0.8100956 -0.5206391 0.3446110 0.8078265 -0.4781837 0.2730713 0.8654673 -0.4199981 0.2021095 0.8095921 -0.5511010 -0.0026655 0.0015791 -0.0008096 -0.0022693 0.0000794 -0.0015362 -0.0028816 0.0015969 -0.0010880 -0.0034463 0.0000793 -0.0010176 -0.0120835 0.0031614 -0.0011868 -0.0076955 0.0001880 -0.0051387 -0.0095092 0.0020141 -0.0019154 -0.0092553 0.0003317 -0.0028219
0.0625569 0.1975655 -0.1267678 0.0997954 0.2393364 -0.1431616 0.0879553 0.2894938 -0.1408000 0.0715825 0.3006227 -0.2056018 0.2575088 0.8132570 -0.5218259 0.3369155 0.8080145 -0.4833224 0.2635622 0.8674814 -0.4219135 0.1928542 0.8099239 -0.5539229 -0.0064162 0.0079122 0.0044385 0.0012918 -0.0058318 0.0031749 -0.0064782 0.0079593 0.0046364 0.0008161 -0.0058318 0.0033920 -0.0289566 0.0232541 0.0238167 0.0111662 -0.0039693 0.0012948 -0.0218843 0.0148255 0.0180245 0.0056417 -0.0016920 -0.0004782
0.0561408 0.2054777 -0.1223293 0.1010872 0.2335046 -0.1399867 0.0814771 0.2974531 -0.1361635 0.0723985 0.2947909 -0.2022098 0.2285522 0.8365111 -0.4980092 0.3480817 0.8040451 -0.4820275 0.2416779 0.8823069 -0.4038890 0.1984959 0.8082319 -0.5544011 -0.0000972 0.0008639 -0.0011196 -0.0011979 -0.0020048 -0.0003237 -0.0001042 0.0008643 -0.0011288 -0.0013772 -0.0020049 -0.0002397 -0.0015590 -0.0007662 -0.0019954 -0.0018965 -0.0017391 -0.0042448 -0.0011609 -0.0005597 -0.0019108 -0.0028334 -0.0016113 -0.0033438
0.0560436 0.2063416 -0.1234489 0.0998893 0.2314998 -0.1403105 0.0813730 0.2983174 -0.1372924 0.0710213 0.2927860 -0.2024495 0.2269932 0.8357449 -0.5000046 0.3461851 0.8023061 -0.4862723 0.2405169 0.8817472 -0.4057998 0.1956625 0.8066206 -0.5577449 0.0041366 0.0021188 0.0009335 0.0036914 0.0008938 0.0032890 0.0161851 -0.0024851 0.0051329 0.0053119 0.0008937 0.0025616 0.0145260 0.0008628 0.0083176 0.0122480 0.0018739 0.0121202 0.0477931 -0.0074844 0.0152336 0.0144141 0.0016153 0.0076335
0.0601801 0.2084604 -0.1225153 0.1035807 0.2323936 -0.1370215 0.0975581 0.2958323 -0.1321595 0.0763332 0.2936797 -0.1998879 0.2415191 0.8366077 -0.4916870 0.3584331 0.8041800 -0.4741521 0.2883100 0.8742628 -0.3905662 0.2100766 0.8082359 -0.5501114 0.0298877 0.0204728 -0.0192893 0.0056483 -0.0035639 0.0048203 -0.0192987 0.0033661 -0.0092917 0.0078050 -0.0035638 0.0039289 0.0756700 -0.0303808 -0.0077019 0.0235446 -0.0039547 0.0118401 -0.0581876 0.0055322 -0.0253718 0.0235987 -0.0025026 0.0058782
0.0900678 0.2289332 -0.1418046 0.1092290 0.2288297 -0.1322012 0.0782594 0.2991984 -0.1414511 0.0841381 0.2901159 -0.1959590 0.3171891 0.8062269 -0.4993888 0.3819777 0.8002254 -0.4623121 0.2301224 0.8797950 -0.4159380 0.2336752 0.8057333 -0.5442332 0.0393647 -0.0337254 0.0218630 0.0195616 0.0057485 0.0184507 0.0617382 -0.0227138 0.0043043 0.0285967 0.0079926 0.0177351 0.1746802 -0.0643986 0.0435870 0.0609365 0.0064945 0.0711215 0.1829735 -0.0639624 0.0112542 0.0750522 0.0106452 0.0561619
0.1294325 0.1952078 -0.1199416 0.1287907 0.2345782 -0.1137505 0.1399977 0.2764846 -0.1371468 0.1127348 0.2981085 -0.1782239 0.4918693 0.7418283 -0.4558019 0.4429141 0.8067199 -0.3911906 0.4130959 0.8158326 -0.4046839 0.3087274 0.8163785 -0.4880712 -0.0086423 -0.0251197 -0.0231548 0.0047599 0.0023859 0.0041852 0.0089737 -0.0144527 -0.0126407 0.0058598 0.0030943 0.0046242 -0.0143922 -0.0694793 -0.1098503 0.0125098 0.0013573 0.0175593 0.0295007 -0.0373313 -0.0403375 0.0141362 0.0036205 0.0154607
0.1207902 0.1700881 -0.1430964 0.1335505 0.2369641 -0.1095653 0.1489714 0.2620319 -0.1497875 0.1185946 0.3012028 -0.1735998 0.4774771 0.6723491 -0.5656522 0.4554239 0.8080772 -0.3736313 0.4425966 0.7785013 -0.4450214 0.3228637 0.8199990 -0.4726105 0.0042313 -0.0027656 -0.0011735 0.0351781 -0.0277074 -0.0430721 0.0115496 -0.0070126 -0.0129674 0.0573409 -0.0300178 0.0018889 0.0150199 -0.0132157 -0.0026699 0.0904093 -0.1311363 -0.1201472 0.0261084 -0.0338710 -0.0302064 0.1577926 -0.0791206 0.0034958
0.1250215 0.1673225 -0.1442699 0.1687286 0.2092567 -0.1526374 0.1605210 0.2550193 -0.1627549 0.1759355 0.2711850 -0.1717109 0.4924970 0.6591333 -0.5683221 0.5458332 0.6769408 -0.4937785 0.4687050 0.7446303 -0.4752277 0.4806563 0.7408784 -0.4691148 0.0344392 0.0147243 -0.0277341 0.0107262 -0.0005601 -0.0100403 0.0439207 -0.0048509 -0.0253667 0.0045718 -0.0123369 -0.0095765 0.0445747 -0.0459903 -0.0109962 0.0154500 -0.0241973 -0.0150310 0.0781372 -0.0754782 -0.0279612 0.0153282 -0.0296346 -0.0290134
0.1594607 0.1820468 -0.1720040 0.1794547 0.2086966 -0.1626777 0.2044418 0.2501684 -0.1881216 0.1805072 0.2588481 -0.1812874 0.5370717 0.6131430 -0.5793182 0.5612832 0.6527435 -0.5088095 0.5468422 0.6691521 -0.5031889 0.4959845 0.7112438 -0.4981282 0.0140988 0.0007633 -0.0116256 0.0059312 0.0161236 -0.0339326 0.0261768 -0.0080303 -0.0159866 -0.0016074 0.0330286 -0.0385165 0.0194424 -0.0269669 -0.0094853 -0.0339025 -0.0131811 -0.0505022 0.0418307 -0.0510745 -0.0178143 -0.0562438 0.0061971 -0.0421558
0.1735595 0.1828101 -0.1836295 0.1853859 0.2248202 -0.1966103 0.2306185 0.2421381 -0.2041082 0.1788998 0.2918767 -0.2198039 0.5565142 0.5861761 -0.5888035 0.5273807 0.6395624 -0.5593117 0.5886729 0.6180776 -0.5210032 0.4397407 0.7174408 -0.5402840 0.0035314 -0.0408147 -0.0137050 -0.0384764 0.0074192 0.1011771 0.0111379 -0.0328857 -0.0174603 0.0650772 -0.0864494 -0.0096999 0.0322704 -0.1140756 -0.0672863 -0.0223701 0.1587750 0.2312541 0.0328000 -0.0801614 -0.0485735 0.1811702 -0.1946373 -0.0437932
0.1770909 0.1419954 -0.1973346 0.1469095 0.2322394 -0.0954332 0.2417564 0.2092524 -0.2215685 0.2439770 0.2054273 -0.2295038 0.5887846 0.4721005 -0.6560898 0.5050106 0.7983374 -0.3280576 0.6214729 0.5379162 -0.5695767 0.6209109 0.5228036 -0.5840772 0.0183635 -0.0013413 -0.0125278 0.0749364 -0.0862689 -0.1019448 0.0289342 -0.0157983 -0.0173468 0.0057844 -0.0154967 -0.0011364 0.0231223 -0.0317563 -0.0009239 0.1654634 -0.3571779 -0.2684682 0.0393805 -0.0656250 -0.0137018 0.0204540 -0.0350789 -0.0081861
0.1954544 0.1406541 -0.2098624 0.2218459 0.1459705 -0.1973780 0.2706907 0.1934541 -0.2389154 0.2497614 0.1899306 -0.2306402 0.6119068 0.4403441 -0.6570138 0.6704740 0.4411594 -0.5965258 0.6608535 0.4722911 -0.5832785 0.6413649 0.4877247 -0.5922633 0.0316041 -0.0133051 -0.0174994 0.0336607 0.0148784 -0.0457036 -0.0146729 -0.0126125 -0.0255477 0.0401720 -0.0295186 -0.0269024 0.0450160 -0.0718997 -0.0007864 -0.0112960 -0.0261877 -0.0305969 -0.0365861 -0.0313314 -0.0615818 0.0494982 -0.1054896 -0.0214178
0.2270586 0.1273490 -0.2273618 0.2555067 0.1608489 -0.2430816 0.2560177 0.1808416 -0.2644631 0.2899334 0.1604120 -0.2575426 0.6569228 0.3684445 -0.6578002 0.6591779 0.4149718 -0.6271227 0.6242674 0.4409597 -0.6448603 0.6908631 0.3822351 -0.6136811 0.0045745 -0.0049435 -0.0028682 0.0141257 -0.0263278 0.0066040 0.0195342 -0.0406935 -0.0189916 0.0020119 -0.0090700 -0.0031842 0.0072135 -0.0174844 -0.0023134 0.0447505 -0.0637778 0.0097512 0.0327089 -0.1068159 -0.0309578 0.0048071 -0.0216055 -0.0075993
0.2316330 0.1224055 -0.2302300 0.2696323 0.1345211 -0.2364776 0.2755520 0.1401481 -0.2834547 0.2919453 0.1513420 -0.2607268 0.6641364 0.3509601 -0.6601136 0.7039284 0.3511939 -0.6173715 0.6569763 0.3341438 -0.6758181 0.6956702 0.3606296 -0.6212804 0.0066965 -0.0092035 0.0011105 0.0043033 -0.0087249 -0.0029236 0.0127195 -0.0010689 0.0106000 0.0039059 -0.0141170 -0.0092781 0.0178878 -0.0270115 0.0044457 0.0077046 -0.0243991 -0.0045478 0.0284269 -0.0034647 0.0270702 0.0030930 -0.0365214 -0.0164373
0.2383295 0.1132020 -0.2291195 0.2739356 0.1257962 -0.2394012 0.2882714 0.1390792 -0.2728547 0.2958511 0.1372250 -0.2700049 0.6820242 0.3239485 -0.6556679 0.7116330 0.3267948 -0.6219193 0.6854032 0.3306791 -0.6487479 0.6987632 0.3241082 -0.6377177 0.0015879 -0.0039677 0.0002726 -0.0230289 -0.0004384 0.0718749 0.0058994 -0.0067038 0.0040378 -0.0008867 -0.0032017 -0.0020293 0.0052424 -0.0110364 0.0001142 0.0563670 0.0569128 0.1091382 0.0151579 -0.0154301 0.0085665 -0.0015254 -0.0073036 -0.0053175
0.2399175 0.1092343 -0.2288469 0.2509067 0.1253578 -0.1675263 0.2941708 0.1323754 -0.2688169 0.2949645 0.1340233 -0.2720342 0.6872666 0.3129121 -0.6555537 0.7680000 0.3837076 -0.5127811 0.7005611 0.3152490 -0.6401814 0.6972378 0.3168046 -0.6430352 -0.0002999 -0.0002826 -0.0000237 0.0002451 -0.0010451 0.0002697 0.0002185 -0.0012121 0.0001561 0.0069987 0.0006411 -0.0005242 -0.0003103 -0.0005600 -0.0005921 0.0015732 -0.0027916 0.0002774 0.0010673 -0.0026430 -0.0001272 0.0074756 -0.0025286 0.0069460
0.2396176 0.1089517 -0.2288706 0.2511517 0.1243127 -0.1672566 0.2943894 0.1311633 -0.2686608 0.3019632 0.1346644 -0.2725584 0.6869562 0.3123521 -0.6561458 0.7695732 0.3809160 -0.5125038 0.7016284 0.3126061 -0.6403086 0.7047134 0.3142761 -0.6360892 -0.0002222 -0.0004967 0.0001216 0.0002251 -0.0000276 -0.0000140 -0.0001595 0.0020947 0.0017735 0.0109237 0.0067193 0.0024444 0.0001260 -0.0010783 -0.0003804 0.0002889 -0.0002828 0.0002238 0.0005974 0.0054351 0.0033401 0.0114998 0.0093580 0.0177854
0.2393954 0.1084550 -0.2287490 0.2513769 0.1242851 -0.1672706 0.2942299 0.1332580 -0.2668873 0.3128869 0.1413837 -0.2701140 0.6870822 0.3112738 -0.6565262 0.7698621 0.3806332 -0.5122799 0.7022258 0.3180412 -0.6369684 0.7162132 0.3236341 -0.6183038 -0.0025008 0.0040540 -0.0039630 0.0210384 -0.0018388 -0.0685794 -0.0040296 0.0096398 -0.0020389 -0.0139408 0.0023550 0.0073907 -0.0114314 0.0096150 -0.0071953 -0.0540409 -0.0588831 -0.1074595 -0.0123616 0.0216555 -0.0023231 -0.0097297 0.0160560 -0.0025760
0.2368945 0.1125090 -0.2327119 0.2724153 0.1224463 -0.2358501 0.2902003 0.1428978 -0.2689262 0.2989461 0.1437387 -0.2627232 0.6756508 0.3208888 -0.6637216 0.7158212 0.3217502 -0.6197394 0.6898641 0.3396967 -0.6392915 0.7064835 0.3396900 -0.6208798 -0.0306105 0.0041270 0.0167284 -0.0123385 0.0232264 0.0022897 -0.0130873 0.0196344 0.0220422 -0.0097051 0.0189259 0.0083749 -0.0322872 0.0428784 -0.0098930 -0.0290526 0.0629188 0.0029909 -0.0059160 0.0614523 0.0299522 -0.0146959 0.0493604 0.0125463
0.2062840 0.1166360 -0.2159835 0.2600767 0.1456727 -0.2335604 0.2771130 0.1625322 -0.2468840 0.2892410 0.1626646 -0.2543484 0.6433637 0.3637672 -0.6736146 0.6867686 0.3846689 -0.6167485 0.6839481 0.4011490 -0.6093393 0.6917876 0.3890504 -0.6083336 -0.0032888 0.0045478 0.0055761 -0.0649582 -0.0037872 0.0373747 -0.0032083 0.0087350 0.0047136 -0.0191923 0.0137197 0.0131485 -0.0019616 0.0191360 0.0087924 -0.0592824 0.0716240 -0.0141697 -0.0055228 0.0230570 0.0095157 -0.0212911 0.0488892 0.0094651
0.2029953 0.1211838 -0.2104074 0.1951185 0.1418855 -0.1961857 0.2739047 0.1712672 -0.2421703 0.2700487 0.1763843 -0.2411999 0.6414021 0.3829032 -0.6648221 0.6274862 0.4562929 -0.6309182 0.6784253 0.4242060 -0.5998236 0.6704964 0.4379396 -0.5988685 0.0000000 0.0000000 0.0000000 0.0000000 0.0000000 0.0000000 0.0000000 0.0000000 0.0000000 0.0000000 0.0000000 0.0000000 0.0000000 0.0000000 0.0000000 0.0000000 0.0000000 0.0000000 0.0000000 0.0000000 0.0000000 0.0000000 0.0000000 0.0000000
