-0.1506802 -0.2933337 -0.0578610 0.3646197 0.1132079 -0.0603630 -0.1307234 -0.3770287 -0.0725604 0.3692850 0.1047866 -0.1295357 -0.4500483 -0.8761224 -0.1728178 0.9433097 0.2928808 -0.1561654 -0.3223034 -0.9295780 -0.1789002 0.9115199 0.2586487 -0.3197378 -0.0004285 0.0023142 -0.0005412 -0.0125551 -0.0051512 -0.0163551 -0.0005123 0.0004123 0.0001139 -0.0271965 0.0014137 0.0111452 -0.0036334 0.0023791 -0.0025260 -0.0074157 -0.0056335 -0.0477745 -0.0014530 0.0004712 0.0001758 -0.0047304 0.0228613 0.0059147
-0.1511087 -0.2910195 -0.0584021 0.3520646 0.1080567 -0.0767181 -0.1312357 -0.3766164 -0.0724465 0.3420885 0.1062003 -0.1183906 -0.4536817 -0.8737433 -0.1753438 0.9358940 0.2872473 -0.2039399 -0.3237565 -0.9291067 -0.1787244 0.9067895 0.2815099 -0.3138232 -0.0064442 0.0210522 -0.0008383 -0.0337371 0.0250334 -0.0022028 -0.0061089 0.0188282 -0.0016324 -0.0288714 0.0204297 0.0003765 -0.0415457 0.0251700 -0.0108632 -0.0365125 0.0887765 -0.0190381 -0.0281043 0.0124951 -0.0110572 -0.0315515 0.0723384 -0.0159492
-0.1575530 -0.2699673 -0.0592404 0.3183275 0.1330901 -0.0789209 -0.1373446 -0.3577882 -0.0740789 0.3132171 0.1266300 -0.1180140 -0.4952274 -0.8485733 -0.1862070 0.8993814 0.3760238 -0.2229779 -0.3518608 -0.9166117 -0.1897816 0.8752380 0.3538483 -0.3297724 -0.0073456 -0.0147483 -0.0003868 -0.0220458 -0.0167414 0.0175478 -0.0070875 -0.0147235 -0.0002713 -0.0302204 -0.0129689 0.0022503 0.0020801 -0.0029001 0.0078854 0.0145873 -0.0171118 0.0336543 -0.0035412 -0.0000223 0.0068291 -0.0076853 -0.0054097 -0.0251119
-0.1648985 -0.2847156 -0.0596272 0.2962818 0.1163487 -0.0613732 -0.1444321 -0.3725117 -0.0743502 0.2829968 0.1136611 -0.1157637 -0.4931473 -0.8514735 -0.1783216 0.9139687 0.3589120 -0.1893236 -0.3554020 -0.9166340 -0.1829524 0.8675527 0.3484386 -0.3548843 0.0019308 -0.0015750 0.0004285 -0.0111325 0.0065212 -0.0047624 0.0019423 -0.0024612 0.0001117 -0.0207529 -0.0037109 0.0073913 0.0062431 -0.0038868 0.0014517 -0.0157484 0.0281283 -0.0190034 0.0061154 -0.0025404 0.0009708 -0.0057913 0.0128695 -0.0012389
-0.1629677 -0.2862906 -0.0591987 0.2851493 0.1228699 -0.0661356 -0.1424898 -0.3749729 -0.0742386 0.2622439 0.1099502 -0.1083724 -0.4869043 -0.8553603 -0.1768700 0.8982203 0.3870402 -0.2083270 -0.3492866 -0.9191744 -0.1819816 0.8617614 0.3613081 -0.3561232 0.0039266 -0.0035412 0.0008450 -0.0162661 -0.0003165 -0.0109897 0.0040659 -0.0029026 0.0009596 -0.0110980 -0.0045737 0.0034112 0.0131597 -0.0079776 0.0030487 -0.0177749 0.0142551 -0.0442160 0.0108821 -0.0046165 0.0028369 -0.0013261 -0.0002842 -0.0034778
-0.1590411 -0.2898318 -0.0583537 0.2688832 0.1225534 -0.0771253 -0.1384239 -0.3778755 -0.0732789 0.2511459 0.1053765 -0.1049612 -0.4737445 -0.8633379 -0.1738212 0.8804454 0.4012953 -0.2525431 -0.3384045 -0.9237909 -0.1791447 0.8604353 0.3610239 -0.3596010 0.0007243 -0.0013472 0.0000340 -0.0170195 -0.0008987 -0.0071496 0.0005752 -0.0016994 0.0005038 -0.0095046 0.0007185 0.0028591 0.0033017 -0.0019084 0.0005229 -0.0182697 0.0151511 -0.0359453 0.0024633 -0.0012436 0.0017897 -0.0064858 0.0139111 -0.0012232
-0.1583169 -0.2911790 -0.0583196 0.2518637 0.1216547 -0.0842749 -0.1378488 -0.3795749 -0.0727751 0.2416413 0.1060950 -0.1021021 -0.4704429 -0.8652463 -0.1732984 0.8621757 0.4164464 -0.2884883 -0.3359412 -0.9250344 -0.1773550 0.8539494 0.3749350 -0.3608243 0.0013297 -0.0003154 0.0005224 -0.0058626 -0.0016898 -0.0037767 0.0008253 -0.0009974 0.0007577 -0.0021603 0.0010574 0.0017649 0.0033401 -0.0020719 0.0013273 -0.0065453 0.0008104 -0.0177688 0.0024285 -0.0012716 0.0020658 -0.0013763 0.0065368 0.0036152
-0.1569872 -0.2914944 -0.0577972 0.2460010 0.1199649 -0.0880515 -0.1370235 -0.3805723 -0.0720175 0.2394810 0.1071524 -0.1003372 -0.4671028 -0.8673182 -0.1719711 0.8556304 0.4172568 -0.3062571 -0.3335127 -0.9263061 -0.1752892 0.8525731 0.3814718 -0.3572091 -0.0037409 -0.0012041 0.0002299 -0.0230723 -0.0046334 -0.0098047 -0.0041845 -0.0015542 0.0005175 -0.0167874 -0.0011707 -0.0022653 -0.0072299 0.0035209 0.0020812 -0.0281184 0.0108539 -0.0569855 -0.0078918 0.0024232 0.0024209 -0.0188820 0.0152886 -0.0269007
-0.1607281 -0.2926985 -0.0575673 0.2229288 0.1153315 -0.0978563 -0.1412081 -0.3821265 -0.0714999 0.2226936 0.1059817 -0.1026025 -0.4743327 -0.8637974 -0.1698898 0.8275120 0.4281107 -0.3632426 -0.3414045 -0.9238829 -0.1728683 0.8336911 0.3967605 -0.3841097 0.0008655 0.0002292 0.0005492 -0.0006999 -0.0000311 -0.0006097 0.0004091 0.0001497 0.0004815 -0.0028381 0.0009122 -0.0006195 0.0015763 -0.0011127 0.0012721 -0.0014644 0.0004726 -0.0027654 0.0006919 -0.0004445 0.0010142 -0.0051826 0.0060610 -0.0048742
-0.1598626 -0.2924693 -0.0570181 0.2222289 0.1153004 -0.0984659 -0.1407989 -0.3819768 -0.0710184 0.2198555 0.1068939 -0.1032220 -0.4727564 -0.8649101 -0.1686177 0.8260475 0.4285833 -0.3660079 -0.3407125 -0.9243274 -0.1718541 0.8285085 0.4028214 -0.3889840 0.0013235 0.0002309 0.0002903 0.0023465 0.0004031 0.0006394 0.0015154 0.0001279 0.0006739 0.0016749 0.0008109 0.0007097 0.0027008 -0.0015533 0.0004244 0.0029237 -0.0014890 0.0049026 0.0030560 -0.0013653 0.0013221 0.0018004 0.0008624 0.0047620
-0.1585391 -0.2922384 -0.0567278 0.2245754 0.1157035 -0.0978265 -0.1392836 -0.3818489 -0.0703446 0.2215304 0.1077048 -0.1025123 -0.4700556 -0.8664633 -0.1681933 0.8289713 0.4270943 -0.3611054 -0.3376565 -0.9256927 -0.1705320 0.8303089 0.4036838 -0.3842220 0.0007836 0.0003500 0.0002753 0.0045797 0.0007862 0.0027979 0.0008084 0.0006639 0.0004310 0.0022437 0.0004457 0.0012304 0.0013263 -0.0008072 0.0004594 0.0071589 -0.0020523 0.0143696 0.0011762 -0.0005475 0.0006493 0.0034779 -0.0007130 0.0068439
-0.1577554 -0.2918884 -0.0564525 0.2291552 0.1164897 -0.0950286 -0.1384752 -0.3811850 -0.0699136 0.2237742 0.1081505 -0.1012818 -0.4687293 -0.8672705 -0.1677339 0.8361302 0.4250419 -0.3467358 -0.3364804 -0.9262402 -0.1698827 0.8337867 0.4029708 -0.3773781 0.0010941 -0.0006150 0.0002627 0.0180529 0.0013979 0.0043580 0.0011106 -0.0003842 0.0001187 0.0097867 -0.0000912 0.0012238 0.0032217 -0.0018818 0.0007700 0.0207527 -0.0164151 0.0324494 0.0026692 -0.0010154 0.0002735 0.0120979 -0.0116136 0.0149988
-0.1566613 -0.2925034 -0.0561898 0.2472081 0.1178876 -0.0906707 -0.1373646 -0.3815692 -0.0697948 0.2335608 0.1080593 -0.1000581 -0.4655076 -0.8691523 -0.1669639 0.8568828 0.4086268 -0.3142863 -0.3338111 -0.9272555 -0.1696092 0.8458847 0.3913572 -0.3623792 0.0020362 -0.0071775 -0.0017635 0.0181632 0.0026624 0.0075874 0.0007607 0.0002549 0.0004358 0.0099651 -0.0014037 -0.0059072 0.0136041 -0.0066878 -0.0024092 0.0187009 -0.0108761 0.0401558 0.0013933 -0.0006513 0.0008278 0.0050174 -0.0186926 -0.0078732
-0.1546251 -0.2996809 -0.0579534 0.2653713 0.1205500 -0.0830833 -0.1366039 -0.3813143 -0.0693591 0.2435259 0.1066556 -0.1059653 -0.4519035 -0.8758402 -0.1693731 0.8755837 0.3977507 -0.2741305 -0.3324179 -0.9279069 -0.1687814 0.8509020 0.3726645 -0.3702525 -0.0003962 0.0005125 0.0002123 0.0526254 0.0024335 0.0034821 -0.0007119 -0.0002380 0.0005892 0.0305331 0.0005435 -0.0175334 -0.0015625 0.0007172 0.0004697 0.0326700 -0.0464885 0.0467758 -0.0014406 0.0002312 0.0015799 0.0078336 -0.0367672 -0.0167180
-0.1550213 -0.2991684 -0.0577411 0.3179967 0.1229835 -0.0796012 -0.1373157 -0.3815523 -0.0687699 0.2740590 0.1071991 -0.1234987 -0.4534660 -0.8751230 -0.1689033 0.9082537 0.3512622 -0.2273547 -0.3338585 -0.9276757 -0.1672015 0.8587356 0.3358973 -0.3869704 -0.0000731 0.0008077 0.0004603 -0.0021698 -0.0174651 0.0062740 0.0002175 -0.0002138 0.0002463 0.0287500 -0.0037017 -0.0032657 -0.0012128 0.0004413 0.0009775 0.0180180 -0.0417930 0.0122974 0.0005975 -0.0003287 0.0006331 0.0210095 -0.0352083 0.0186843
-0.1550944 -0.2983607 -0.0572808 0.3158269 0.1055184 -0.0733272 -0.1370982 -0.3817661 -0.0685236 0.3028090 0.1034974 -0.1267644 -0.4546788 -0.8746817 -0.1679258 0.9262717 0.3094692 -0.2150572 -0.3332610 -0.9280044 -0.1665684 0.8797451 0.3006890 -0.3682862 -0.0001032 0.0018158 0.0001327 0.0181384 0.0073278 -0.0064736 -0.0002739 0.0002594 -0.0000188 0.0302637 -0.0011501 -0.0189185 -0.0023959 0.0013231 -0.0003818 -0.0022734 0.0027480 -0.0057314 -0.0007844 0.0003009 -0.0001049 0.0021656 -0.0296935 -0.0174533
-0.1551976 -0.2965449 -0.0571481 0.3339653 0.1128462 -0.0798007 -0.1373721 -0.3815067 -0.0685423 0.3330727 0.1023473 -0.1456829 -0.4570747 -0.8733586 -0.1683076 0.9239983 0.3122172 -0.2207886 -0.3340454 -0.9277035 -0.1666732 0.8819107 0.2709955 -0.3857395 -0.0083780 0.0363841 0.0054958 0.0147105 0.0011974 -0.0054391 -0.0060520 0.0279296 0.0039616 0.0203686 0.0005004 -0.0097220 -0.0678412 0.0384997 0.0025550 0.0017915 -0.0094133 -0.0055366 -0.0365732 0.0140337 -0.0002083 0.0026631 -0.0135937 -0.0031994
-0.1635756 -0.2601608 -0.0516522 0.3486758 0.1140436 -0.0852398 -0.1434241 -0.3535771 -0.0645808 0.3534412 0.1028477 -0.1554048 -0.5249159 -0.8348589 -0.1657526 0.9257898 0.3028039 -0.2263253 -0.3706186 -0.9136697 -0.1668816 0.8845738 0.2574017 -0.3889389 -0.0097862 0.0257166 0.0090532 0.0231948 0.0020710 -0.0089739 -0.0066970 0.0269731 0.0056647 0.0296798 -0.0001132 -0.0088416 -0.0634002 0.0392549 0.0211895 0.0020140 -0.0131021 -0.0087346 -0.0415196 0.0170203 0.0051350 0.0078230 -0.0181041 0.0063626
-0.1733617 -0.2344442 -0.0425991 0.3718706 0.1161146 -0.0942137 -0.1501211 -0.3266040 -0.0589161 0.3831210 0.1027345 -0.1642465 -0.5883160 -0.7956040 -0.1445631 0.9278037 0.2897018 -0.2350598 -0.4121382 -0.8966494 -0.1617466 0.8923968 0.2392976 -0.3825763 0.0213362 -0.0595449 -0.0153878 0.0239618 0.0033522 -0.0039741 0.0102480 -0.0373290 -0.0054553 0.0311764 -0.0018430 -0.0183677 0.1358748 -0.0793332 -0.0280109 0.0036402 -0.0085812 0.0040114 0.0581769 -0.0243152 -0.0011509 0.0007483 -0.0217950 -0.0111045
-0.1520255 -0.2939891 -0.0579869 0.3958324 0.1194668 -0.0981878 -0.1398731 -0.3639330 -0.0643714 0.4142974 0.1008915 -0.1826141 -0.4524413 -0.8749372 -0.1725740 0.9314440 0.2811206 -0.2310484 -0.3539613 -0.9209646 -0.1628975 0.8931451 0.2175026 -0.3936807 0.0000759 0.0001585 0.0000552 0.0249022 0.0038363 -0.0093370 0.0003600 0.0001963 0.0001906 0.0196692 0.0019313 -0.0045061 -0.0000198 -0.0000037 0.0000705 0.0005743 -0.0079775 -0.0071423 0.0006077 -0.0002939 0.0003429 0.0041363 -0.0049033 0.0067858
-0.1519496 -0.2938306 -0.0579317 0.4207347 0.1233031 -0.1075248 -0.1395131 -0.3637367 -0.0641808 0.4339666 0.1028228 -0.1871202 -0.4524611 -0.8749408 -0.1725035 0.9320183 0.2731430 -0.2381907 -0.3533536 -0.9212585 -0.1625547 0.8972814 0.2125993 -0.3868949 -0.0001659 0.0001275 0.0001505 0.0119821 0.0010464 0.0019335 0.0044786 -0.0185742 -0.0053256 0.0260693 0.0089727 0.0062726 -0.0005782 0.0002173 0.0004163 0.0036952 -0.0042477 0.0098585 0.0250997 -0.0080967 -0.0064077 0.0104615 0.0079956 0.0300464
-0.1521156 -0.2937031 -0.0577812 0.4327167 0.1243495 -0.1055913 -0.1350345 -0.3823109 -0.0695064 0.4600359 0.1117955 -0.1808476 -0.4530393 -0.8747236 -0.1720872 0.9357135 0.2688953 -0.2283322 -0.3282539 -0.9293552 -0.1689624 0.9077428 0.2205949 -0.3568485 -0.0001757 0.0001300 0.0002877 0.0185324 0.0024421 0.0011926 0.0002493 0.0001751 -0.0003863 0.0185644 0.0006837 0.0048951 -0.0006359 0.0001698 0.0008141 0.0039791 -0.0048613 0.0109298 0.0004633 0.0000212 -0.0010131 0.0088047 -0.0051906 0.0198892
-0.1522912 -0.2935731 -0.0574935 0.4512492 0.1267916 -0.1043987 -0.1347852 -0.3821358 -0.0698928 0.4786003 0.1124792 -0.1759525 -0.4536753 -0.8745538 -0.1712731 0.9396926 0.2640340 -0.2174025 -0.3277906 -0.9293340 -0.1699755 0.9165476 0.2154042 -0.3369593 -0.0008431 -0.0003300 0.0000646 0.0242498 0.0025718 0.0083032 -0.0008817 -0.0006082 -0.0001206 0.0341899 0.0063778 0.0083245 -0.0016156 0.0007366 0.0005284 0.0073953 -0.0063710 0.0260017 -0.0014434 0.0004979 0.0000684 0.0116956 -0.0002516 0.0335223
-0.1531343 -0.2939031 -0.0574289 0.4754990 0.1293634 -0.0960955 -0.1356669 -0.3827440 -0.0700134 0.5127903 0.1188570 -0.1676280 -0.4552909 -0.8738172 -0.1707447 0.9470879 0.2576630 -0.1914008 -0.3292340 -0.9288361 -0.1699071 0.9282431 0.2151527 -0.3034370 -0.0004089 0.0005827 -0.0006899 0.0107673 0.0011855 0.0022677 0.0005082 -0.0004378 -0.0000272 0.0173799 0.0027859 0.0036183 -0.0014926 0.0012038 -0.0021560 0.0023656 -0.0027613 0.0081984 0.0014278 -0.0005112 0.0000346 0.0049344 -0.0010433 0.0147558
-0.1535433 -0.2933204 -0.0581189 0.4862663 0.1305489 -0.0938278 -0.1351587 -0.3831818 -0.0700406 0.5301702 0.1216429 -0.1640097 -0.4567835 -0.8726134 -0.1729007 0.9494535 0.2549017 -0.1832023 -0.3278061 -0.9293473 -0.1698725 0.9331775 0.2141094 -0.2886812 -0.0006321 -0.0011503 0.0002690 0.0075704 -0.0008578 0.0018601 -0.0000203 -0.0016879 -0.0001463 0.0099503 -0.0003631 0.0019398 -0.0001860 -0.0001859 0.0014359 0.0024307 -0.0049184 0.0059321 0.0012184 -0.0004843 0.0003034 0.0032207 -0.0038485 0.0077033
-0.1541753 -0.2944707 -0.0578499 0.4938367 0.1296911 -0.0919677 -0.1351790 -0.3848697 -0.0701869 0.5401205 0.1212798 -0.1620699 -0.4569695 -0.8727993 -0.1714648 0.9518842 0.2499833 -0.1772703 -0.3265877 -0.9298316 -0.1695691 0.9363983 0.2102608 -0.2809780 -0.0003435 -0.0007197 0.0000351 0.0047957 -0.0002187 0.0034192 -0.0001879 -0.0008451 -0.0000358 0.0065071 0.0004502 0.0034978 0.0000370 -0.0001172 0.0004990 0.0020310 -0.0022944 0.0078714 0.0002189 -0.0001247 0.0002626 0.0027675 -0.0011155 0.0085338
-0.1545189 -0.2951904 -0.0578148 0.4986324 0.1294724 -0.0885485 -0.1353669 -0.3857148 -0.0702227 0.5466276 0.1217300 -0.1585721 -0.4569325 -0.8729166 -0.1709658 0.9539152 0.2476889 -0.1693989 -0.3263688 -0.9299563 -0.1693065 0.9391658 0.2091454 -0.2724441 0.0000856 -0.0000143 -0.0000298 0.0022512 0.0002181 0.0040052 0.0004630 -0.0004137 -0.0002034 0.0009423 0.0000410 0.0022029 0.0002241 -0.0000979 -0.0000990 0.0014902 -0.0003120 0.0081377 0.0013267 -0.0003952 -0.0003806 0.0011371 -0.0000367 0.0039223
-0.1544333 -0.2952047 -0.0578446 0.5008835 0.1296905 -0.0845433 -0.1349039 -0.3861285 -0.0704261 0.5475699 0.1217710 -0.1563692 -0.4567084 -0.8730145 -0.1710648 0.9554054 0.2473769 -0.1612612 -0.3250421 -0.9303515 -0.1696871 0.9403029 0.2091087 -0.2685218 -0.0004446 -0.0003107 0.0004333 0.0001225 0.0003718 0.0046472 -0.0002493 -0.0006916 0.0002812 -0.0000072 -0.0004888 0.0019314 -0.0007727 0.0001154 0.0014822 0.0011823 0.0009555 0.0087129 -0.0000705 -0.0001487 0.0009528 0.0009972 -0.0006158 0.0030320
-0.1548778 -0.2955154 -0.0574113 0.5010060 0.1300623 -0.0798961 -0.1351532 -0.3868201 -0.0701449 0.5475627 0.1212822 -0.1544378 -0.4574811 -0.8728991 -0.1695826 0.9565877 0.2483323 -0.1525483 -0.3251126 -0.9305002 -0.1687343 0.9413001 0.2084929 -0.2654898 -0.0005797 0.0003032 0.0001970 0.0002638 -0.0002858 0.0019173 -0.0007466 -0.0000865 -0.0003845 -0.0002689 -0.0001795 0.0023064 -0.0017560 0.0008127 0.0005659 0.0007001 -0.0004948 0.0036302 -0.0014906 0.0006615 -0.0007664 0.0009938 0.0000136 0.0035601
-0.1554575 -0.2952122 -0.0572143 0.5012698 0.1297765 -0.0779788 -0.1358998 -0.3869066 -0.0705294 0.5472938 0.1211027 -0.1521315 -0.4592371 -0.8720864 -0.1690167 0.9572878 0.2478375 -0.1489181 -0.3266032 -0.9298386 -0.1695007 0.9422939 0.2085065 -0.2619298 -0.0038291 0.0005700 0.0011505 -0.0049587 0.0006569 0.0038675 -0.0040020 -0.0000179 0.0011493 -0.0079022 -0.0004617 0.0025525 -0.0098024 0.0044757 0.0039300 -0.0000605 0.0037273 0.0059808 -0.0086927 0.0025157 0.0032210 -0.0002907 0.0021831 0.0007024
-0.1592867 -0.2946422 -0.0560637 0.4963111 0.1304334 -0.0741113 -0.1399019 -0.3869245 -0.0693800 0.5393916 0.1206410 -0.1495790 -0.4690395 -0.8676107 -0.1650867 0.9572273 0.2515648 -0.1429373 -0.3352959 -0.9273229 -0.1662797 0.9420033 0.2106896 -0.2612274 -0.0003934 0.0013086 0.0003577 -0.0062608 -0.0009444 -0.0002688 0.0003474 0.0012365 -0.0001069 -0.0185300 -0.0010779 0.0022859 -0.0025589 0.0012808 0.0005649 -0.0006543 0.0011964 -0.0022518 -0.0001684 0.0001966 -0.0007547 -0.0023882 0.0049978 -0.0044838
-0.1596801 -0.2933336 -0.0557060 0.4900503 0.1294890 -0.0743801 -0.1395544 -0.3856880 -0.0694869 0.5208617 0.1195631 -0.1472930 -0.4715984 -0.8663299 -0.1645218 0.9565730 0.2527612 -0.1451891 -0.3354643 -0.9271263 -0.1670344 0.9396151 0.2156874 -0.2657112 -0.0032805 0.0035024 0.0015677 -0.0247648 -0.0076846 -0.0111297 -0.0023528 0.0025097 0.0007643 -0.0467493 -0.0092271 -0.0062253 -0.0121340 0.0059945 0.0038177 -0.0041082 -0.0034209 -0.0298541 -0.0070171 0.0023571 0.0011781 -0.0107406 0.0004814 -0.0350599
-0.1629605 -0.2898312 -0.0541383 0.4652855 0.1218044 -0.0855098 -0.1419072 -0.3831783 -0.0687226 0.4741123 0.1103360 -0.1535183 -0.4837324 -0.8603355 -0.1607041 0.9524648 0.2493403 -0.1750432 -0.3424814 -0.9247693 -0.1658563 0.9288745 0.2161688 -0.3007710 -0.0062255 0.0347300 -0.0002134 -0.0375808 0.0267093 0.0166022 -0.0062119 0.0346761 -0.0007915 -0.0234031 0.0272583 0.0129234 -0.0604608 0.0397928 -0.0141200 -0.0185492 0.0749472 0.0245799 -0.0422433 0.0195696 -0.0146997 -0.0123707 0.0636250 0.0148755
-0.1691860 -0.2551012 -0.0543517 0.4277046 0.1485137 -0.0689076 -0.1481192 -0.3485022 -0.0695141 0.4507093 0.1375943 -0.1405949 -0.5441932 -0.8205427 -0.1748242 0.9339156 0.3242874 -0.1504634 -0.3847247 -0.9051997 -0.1805560 0.9165038 0.2797938 -0.2858956 -0.0001104 -0.0213013 -0.0000296 -0.0204790 -0.0323718 0.0074450 0.0001429 -0.0212609 0.0002082 -0.0369863 -0.0377415 0.0239739 0.0290810 -0.0204574 0.0093602 0.0177661 -0.0528651 0.0068260 0.0186811 -0.0094700 0.0091163 0.0210249 -0.0535195 0.0216232
-0.1692964 -0.2764025 -0.0543813 0.4072256 0.1161419 -0.0614626 -0.1479763 -0.3697631 -0.0693059 0.4137229 0.0998528 -0.1166210 -0.5151122 -0.8410001 -0.1654639 0.9516818 0.2714223 -0.1436374 -0.3660436 -0.9146696 -0.1714396 0.9375287 0.2262743 -0.2642724 0.0002370 -0.0018263 0.0000947 -0.0256303 -0.0138743 -0.0041533 0.0000906 -0.0012089 0.0002404 -0.0283403 -0.0188681 -0.0022579 0.0029035 -0.0019650 0.0009888 0.0011784 -0.0160557 -0.0202082 0.0011555 -0.0006539 0.0010297 -0.0006605 -0.0293999 -0.0247232
-0.1690594 -0.2782288 -0.0542866 0.3815953 0.1022676 -0.0656158 -0.1478857 -0.3709720 -0.0690656 0.3853827 0.0809847 -0.1188789 -0.5122087 -0.8429651 -0.1644751 0.9528602 0.2553666 -0.1638456 -0.3648881 -0.9153235 -0.1704100 0.9368682 0.1968744 -0.2889956 0.0010079 0.0000420 0.0002230 -0.0464704 -0.0346438 -0.0060277 0.0005970 -0.0005140 0.0001099 -0.0469660 -0.0151176 0.0144102 0.0021462 -0.0013750 0.0003838 0.0065427 -0.0617718 -0.0412571 0.0016834 -0.0007380 0.0003696 0.0025331 -0.0140358 -0.0009961
-0.1680515 -0.2781868 -0.0540636 0.3351250 0.0676238 -0.0716435 -0.1472887 -0.3714860 -0.0689557 0.3384167 0.0658671 -0.1044687 -0.5100625 -0.8443401 -0.1640914 0.9594029 0.1935949 -0.2051027 -0.3632048 -0.9160615 -0.1700404 0.9394013 0.1828386 -0.2899917 0.0009555 -0.0021005 -0.0008340 -0.0145485 -0.0088886 0.0005278 0.0004246 -0.0011086 -0.0006923 -0.0195399 -0.0068844 0.0138121 0.0050905 -0.0027014 -0.0018117 0.0016113 -0.0175203 -0.0080860 0.0019203 -0.0005183 -0.0012931 0.0076090 -0.0076700 0.0207570
-0.1670960 -0.2802873 -0.0548976 0.3205764 0.0587352 -0.0711158 -0.1468641 -0.3725946 -0.0696480 0.3188768 0.0589827 -0.0906566 -0.5049721 -0.8470416 -0.1659030 0.9610142 0.1760746 -0.2131887 -0.3612845 -0.9165797 -0.1713335 0.9470104 0.1751687 -0.2692347 0.0026670 -0.0042550 -0.0020063 -0.0386235 -0.0213527 0.0144406 0.0006920 -0.0005971 -0.0008483 -0.0513319 -0.0197845 0.0104978 0.0119693 -0.0060935 -0.0047102 0.0111969 -0.0471748 0.0177651 0.0020950 -0.0004666 -0.0018975 0.0016218 -0.0361839 -0.0149838
-0.1644290 -0.2845423 -0.0569039 0.2819529 0.0373825 -0.0566752 -0.1461721 -0.3731917 -0.0704963 0.2675449 0.0391982 -0.0801588 -0.4930028 -0.8531350 -0.1706133 0.9722111 0.1288998 -0.1954237 -0.3591895 -0.9170463 -0.1732310 0.9486322 0.1389848 -0.2842185 0.0014298 -0.0004439 -0.0005325 -0.0169292 -0.0048747 0.0073818 0.0008137 0.0006569 -0.0016517 -0.0183779 -0.0039134 0.0049558 0.0039472 -0.0019247 -0.0017162 0.0038563 -0.0091754 0.0138787 0.0014683 0.0002528 -0.0043225 0.0000355 -0.0046430 -0.0021062
-0.1629993 -0.2849862 -0.0574363 0.2650237 0.0325078 -0.0492934 -0.1453584 -0.3725348 -0.0721480 0.2491670 0.0352848 -0.0752030 -0.4890556 -0.8550597 -0.1723294 0.9760674 0.1197244 -0.1815449 -0.3577212 -0.9167935 -0.1775535 0.9486677 0.1343418 -0.2863247 0.0014408 -0.0009023 -0.0005625 -0.0297841 -0.0293218 0.0408259 0.0012961 -0.0000687 -0.0005837 -0.0510990 -0.0581029 -0.0183599 0.0045681 -0.0022736 -0.0015997 0.0231939 -0.1061908 0.1455761 0.0029325 -0.0008344 -0.0015664 -0.0493393 -0.2379477 -0.1384978
-0.1615584 -0.2858885 -0.0579988 0.2352395 0.0031860 -0.0084675 -0.1440622 -0.3726035 -0.0727317 0.1980680 -0.0228181 -0.0935629 -0.4844875 -0.8573334 -0.1739291 0.9992613 0.0135336 -0.0359688 -0.3547887 -0.9176279 -0.1791199 0.8993285 -0.1036058 -0.4248225 0.0014978 0.0164693 -0.0017749 -0.0412580 0.0380681 -0.0289895 0.0016044 0.0166877 -0.0018278 0.0327408 0.0715763 0.0537804 -0.0172255 0.0128338 -0.0134326 -0.0381291 0.1908706 -0.1496217 -0.0099731 0.0063088 -0.0117893 0.0654558 0.3074159 0.2585312
-0.1600606 -0.2694192 -0.0597737 0.1939816 0.0412541 -0.0374570 -0.1424578 -0.3559158 -0.0745596 0.2308088 0.0487582 -0.0397825 -0.5017131 -0.8444996 -0.1873618 0.9611322 0.2044042 -0.1855905 -0.3647619 -0.9113191 -0.1909092 0.9647843 0.2038100 -0.1662913 -0.0006589 0.0045259 -0.0007283 -0.0110458 -0.0024386 0.0128436 -0.0011251 0.0046159 0.0000208 -0.0069488 0.0031082 0.0024322 -0.0073936 0.0054046 -0.0042888 0.0087257 0.0013812 0.0550991 -0.0064832 0.0030054 -0.0018168 -0.0032096 0.0189784 0.0058559
-0.1607195 -0.2648933 -0.0605020 0.1829358 0.0388155 -0.0246134 -0.1435829 -0.3512999 -0.0745388 0.2238600 0.0518664 -0.0373503 -0.5091067 -0.8390950 -0.1916505 0.9698579 0.2057854 -0.1304914 -0.3712450 -0.9083137 -0.1927260 0.9615747 0.2227884 -0.1604353 -0.0010609 0.0007661 -0.0007062 0.0002897 0.0031945 -0.0021165 -0.0014389 0.0021566 -0.0006100 -0.0898420 -0.0312608 -0.0324223 -0.0033019 0.0025224 -0.0022148 -0.0048568 0.0154701 -0.0102882 -0.0049850 0.0025312 -0.0022327 -0.0827186 -0.0876623 -0.2971158
-0.1617804 -0.2641272 -0.0612082 0.1832255 0.0420100 -0.0267299 -0.1450218 -0.3491433 -0.0751488 0.1340179 0.0206056 -0.0697726 -0.5124086 -0.8365726 -0.1938654 0.9650011 0.2212556 -0.1407796 -0.3762301 -0.9057826 -0.1949586 0.8788560 0.1351261 -0.4575511 -0.0015328 0.0014231 -0.0015744 0.0045790 0.0008138 -0.0063161 -0.0018942 0.0023175 -0.0009757 0.0275618 0.0077979 -0.0279611 -0.0050006 0.0042725 -0.0050426 -0.0040649 -0.0021401 -0.0283064 -0.0060896 0.0032370 -0.0031405 -0.0327222 0.0136122 -0.0542442
-0.1633132 -0.2627042 -0.0627826 0.1878044 0.0428237 -0.0330460 -0.1469160 -0.3468259 -0.0761246 0.1615797 0.0284034 -0.0977336 -0.5174092 -0.8323000 -0.1989079 0.9609362 0.2191155 -0.1690859 -0.3823196 -0.9025455 -0.1980991 0.8461338 0.1487383 -0.5117953 0.0000127 0.0011906 -0.0000795 0.0028594 0.0127410 -0.0080486 -0.0004422 0.0027482 -0.0006306 -0.0193361 -0.0025695 -0.0212753 -0.0015726 0.0011890 -0.0008728 -0.0207913 0.0548686 -0.0335475 -0.0033407 0.0020384 -0.0027816 -0.0865012 -0.0107760 -0.1237554
-0.1633005 -0.2615136 -0.0628621 0.1906638 0.0555647 -0.0410946 -0.1473582 -0.3440777 -0.0767552 0.1422436 0.0258339 -0.1190089 -0.5189818 -0.8311110 -0.1997807 0.9401449 0.2739841 -0.2026335 -0.3856603 -0.9005071 -0.2008807 0.7596326 0.1379623 -0.6355507 -0.0001956 0.0006896 0.0001947 0.0406962 -0.0054029 -0.0289333 -0.0000315 0.0010957 -0.0000086 0.0832706 0.0253741 0.0550500 -0.0014652 0.0008457 0.0002954 -0.0029927 -0.0707975 -0.0810230 -0.0010668 0.0005773 -0.0005352 0.1802575 0.0754606 0.3689849
-0.1634960 -0.2608240 -0.0626674 0.2313600 0.0501618 -0.0700279 -0.1473897 -0.3429820 -0.0767638 0.2255142 0.0512080 -0.0639589 -0.5204470 -0.8302653 -0.1994853 0.9371522 0.2031866 -0.2836565 -0.3867271 -0.8999299 -0.2014159 0.9398901 0.2134229 -0.2665658 0.0059207 -0.0143233 0.0020893 0.0658990 -0.0346979 0.0226401 0.0061904 -0.0137367 0.0017538 0.0358732 -0.0114008 -0.0045597 0.0323091 -0.0220876 0.0118263 0.0490777 -0.1518811 0.1264359 0.0255218 -0.0126001 0.0095312 0.0170993 -0.0676809 0.0157059
-0.1575754 -0.2751472 -0.0605780 0.2972590 0.0154640 -0.0473878 -0.1411994 -0.3567186 -0.0750100 0.2613874 0.0398073 -0.0685187 -0.4881379 -0.8523529 -0.1876591 0.9862299 0.0513055 -0.1572206 -0.3612053 -0.9125300 -0.1918847 0.9569893 0.1457420 -0.2508599 -0.0025501 0.0073941 0.0008305 -0.0051721 0.0373926 -0.0435017 -0.0024981 0.0077889 0.0007623 0.0241850 0.0096930 -0.0084051 -0.0159556 0.0094348 -0.0004333 -0.0453323 0.1189611 -0.1355610 -0.0124275 0.0052656 -0.0011693 -0.0046535 0.0193331 -0.0056680
-0.1601254 -0.2677531 -0.0597476 0.2920869 0.0528566 -0.0908895 -0.1436974 -0.3489297 -0.0742477 0.2855724 0.0495003 -0.0769238 -0.5040935 -0.8429181 -0.1880924 0.9408976 0.1702666 -0.2927816 -0.3736328 -0.9072644 -0.1930540 0.9523359 0.1650751 -0.2565279 0.0008172 -0.0076281 0.0004503 0.0470135 0.0030890 0.0275059 0.0006809 -0.0070964 0.0002231 0.0282759 -0.0053991 -0.0142863 0.0118245 -0.0080211 0.0048613 0.0294015 -0.0101842 0.1114165 0.0076304 -0.0038637 0.0036131 -0.0006902 -0.0313521 -0.0200378
-0.1593083 -0.2753812 -0.0592973 0.3391004 0.0559456 -0.0633835 -0.1430165 -0.3560261 -0.0740246 0.3138482 0.0441012 -0.0912101 -0.4922691 -0.8509392 -0.1832311 0.9702991 0.1600823 -0.1813651 -0.3660024 -0.9111281 -0.1894409 0.9516457 0.1337230 -0.2765658 0.0015838 -0.0050252 0.0005831 0.0232553 -0.0030464 0.0029882 0.0015587 -0.0046000 0.0005352 0.0418204 0.0078497 -0.0044236 0.0099833 -0.0064800 0.0036963 0.0060230 -0.0175520 0.0186375 0.0072337 -0.0035005 0.0030552 0.0045880 0.0059497 0.0194497
-0.1577245 -0.2804064 -0.0587142 0.3623557 0.0528992 -0.0603953 -0.1414578 -0.3606261 -0.0734894 0.3556686 0.0519509 -0.0956337 -0.4822857 -0.8574192 -0.1795348 0.9763221 0.1425303 -0.1627276 -0.3587687 -0.9146286 -0.1863856 0.9562337 0.1396727 -0.2571161 0.0008962 -0.0031026 0.0005290 0.0268808 0.0096668 0.0054806 0.0010955 -0.0029912 0.0007885 0.0345885 -0.0005599 -0.0110334 0.0058615 -0.0038450 0.0027755 0.0015628 0.0146553 0.0247646 0.0047567 -0.0024615 0.0030244 0.0006943 -0.0136597 -0.0044362
-0.1568282 -0.2835090 -0.0581852 0.3892364 0.0625660 -0.0549147 -0.1403623 -0.3636173 -0.0727010 0.3902571 0.0513910 -0.1066670 -0.4764242 -0.8612643 -0.1767593 0.9778849 0.1571856 -0.1379630 -0.3540120 -0.9170901 -0.1833613 0.9569280 0.1260130 -0.2615523 0.0002748 -0.0016355 0.0004920 0.0170306 0.0175075 0.0052345 -0.0002436 -0.0010918 0.0003725 0.0135318 0.0030953 -0.0104478 0.0025522 -0.0018401 0.0021275 -0.0037461 0.0348130 0.0188408 0.0002954 -0.0003942 0.0014074 -0.0044741 0.0025088 -0.0146970
-0.1565535 -0.2851445 -0.0576932 0.4062671 0.0800735 -0.0496802 -0.1406059 -0.3647091 -0.0723285 0.4037889 0.0544863 -0.1171148 -0.4738720 -0.8631043 -0.1746318 0.9741388 0.1919986 -0.1191222 -0.3537166 -0.9174842 -0.1819539 0.9524539 0.1285218 -0.2762493 -0.0001035 -0.0029428 -0.0004994 0.0231967 -0.0003149 -0.0112105 0.0004442 -0.0027060 -0.0002033 0.0209697 0.0063430 -0.0102987 0.0035007 -0.0018936 -0.0000948 -0.0003663 -0.0111528 -0.0189422 0.0032030 -0.0013407 0.0005679 -0.0035049 0.0073763 -0.0084039
-0.1566570 -0.2880873 -0.0581926 0.4294638 0.0797586 -0.0608907 -0.1401616 -0.3674151 -0.0725317 0.4247586 0.0608293 -0.1274135 -0.4703713 -0.8649980 -0.1747266 0.9737726 0.1808458 -0.1380644 -0.3505136 -0.9188250 -0.1813860 0.9489490 0.1358981 -0.2846533 0.0008048 -0.0045905 -0.0007740 0.0206572 0.0160937 0.0083871 -0.0003852 -0.0006659 0.0000124 0.0189257 0.0040032 -0.0150903 0.0076130 -0.0040246 -0.0003578 -0.0020064 0.0260897 0.0247144 -0.0003100 0.0000457 0.0003680 -0.0059347 0.0018980 -0.0182267
-0.1558522 -0.2926778 -0.0589666 0.4501210 0.0958523 -0.0525036 -0.1405468 -0.3680810 -0.0725194 0.4436843 0.0648325 -0.1425038 -0.4627583 -0.8690226 -0.1750844 0.9717662 0.2069355 -0.1133500 -0.3508237 -0.9187792 -0.1810180 0.9430143 0.1377961 -0.3028799 -0.0000731 -0.0004078 0.0004077 0.0096096 0.0050705 -0.0030664 0.0003544 -0.0017249 0.0000272 0.0197732 0.0081672 -0.0052901 0.0002185 -0.0003920 0.0013742 -0.0017617 0.0060056 -0.0038993 0.0021526 -0.0009611 0.0007234 -0.0008345 0.0106076 0.0024245
-0.1559253 -0.2930856 -0.0585589 0.4597306 0.1009228 -0.0555700 -0.1401924 -0.3698059 -0.0724922 0.4634576 0.0729997 -0.1477938 -0.4625398 -0.8694146 -0.1737102 0.9700045 0.2129411 -0.1172493 -0.3486711 -0.9197404 -0.1802946 0.9421798 0.1484038 -0.3004554 -0.0001777 -0.0005981 0.0002593 0.0111142 0.0054214 -0.0107655 -0.0000554 -0.0009757 0.0000202 0.0115214 0.0039474 -0.0083005 0.0002372 -0.0003361 0.0010546 -0.0036566 0.0053165 -0.0188955 0.0006526 -0.0003369 0.0004588 -0.0032209 0.0037086 -0.0081185
-0.1561030 -0.2936837 -0.0582996 0.4708448 0.1063442 -0.0663354 -0.1402478 -0.3707816 -0.0724720 0.4749789 0.0769471 -0.1560943 -0.4623026 -0.8697507 -0.1726556 0.9663478 0.2182577 -0.1361449 -0.3480185 -0.9200773 -0.1798358 0.9389590 0.1521124 -0.3085739 -0.0004706 -0.0022456 0.0006029 0.0064580 0.0050412 0.0024526 0.0000479 -0.0023690 0.0003662 0.0149240 0.0067624 0.0007014 0.0014298 -0.0013142 0.0028258 -0.0006813 0.0070944 0.0068989 0.0019215 -0.0010811 0.0018358 0.0018424 0.0086419 0.0101601
-0.1565736 -0.2959293 -0.0576968 0.4773028 0.1113854 -0.0638828 -0.1401999 -0.3731506 -0.0721057 0.4899029 0.0837095 -0.1553928 -0.4608728 -0.8710649 -0.1698299 0.9656666 0.2253520 -0.1292460 -0.3460970 -0.9211584 -0.1780000 0.9408014 0.1607543 -0.2984138 0.0006285 -0.0020558 0.0004990 0.0106322 0.0028866 -0.0057171 0.0005174 -0.0018546 0.0004183 0.0153173 0.0060013 -0.0003067 0.0037614 -0.0023990 0.0021699 -0.0012679 0.0005054 -0.0083174 0.0025131 -0.0012605 0.0016668 0.0013772 0.0065462 0.0080518
-0.1559451 -0.2979851 -0.0571977 0.4879350 0.1142720 -0.0695999 -0.1396825 -0.3750052 -0.0716874 0.5052202 0.0897108 -0.1556995 -0.4571115 -0.8734639 -0.1676600 0.9643986 0.2258575 -0.1375634 -0.3435839 -0.9224189 -0.1763332 0.9421786 0.1673005 -0.2903620 -0.0030057 0.0136402 -0.0011695 0.0015170 0.0199353 -0.0020444 -0.0030127 0.0133269 -0.0015008 0.0054819 0.0184852 -0.0063363 -0.0231832 0.0142712 -0.0087060 -0.0094640 0.0359848 -0.0022165 -0.0170869 0.0082548 -0.0086546 -0.0078645 0.0306408 -0.0060776
-0.1589508 -0.2843449 -0.0583673 0.4894520 0.1342073 -0.0716443 -0.1426952 -0.3616783 -0.0731882 0.5107021 0.1081960 -0.1620358 -0.4802946 -0.8591927 -0.1763659 0.9549347 0.2618422 -0.1397800 -0.3606708 -0.9141642 -0.1849878 0.9343141 0.1979413 -0.2964396 -0.0019786 -0.0004606 0.0019158 0.0005143 0.0024729 -0.0082967 -0.0015860 -0.0001840 0.0012231 0.0017810 0.0073737 -0.0033457 -0.0044868 0.0012483 0.0063121 -0.0033895 0.0035993 -0.0154703 -0.0035311 0.0007325 0.0033297 -0.0038274 0.0118921 -0.0038343
-0.1609293 -0.2848055 -0.0564515 0.4899663 0.1366802 -0.0799409 -0.1442811 -0.3618623 -0.0719651 0.5124832 0.1155697 -0.1653815 -0.4847815 -0.8579444 -0.1700538 0.9515452 0.2654415 -0.1552503 -0.3642019 -0.9134316 -0.1816581 0.9304867 0.2098334 -0.3002739 0.0058087 -0.0146364 0.0009808 0.0070784 -0.0130028 -0.0004154 0.0056364 -0.0153701 0.0015294 0.0073058 -0.0131996 0.0027217 0.0309034 -0.0182129 0.0077484 0.0071387 -0.0268965 0.0002616 0.0244107 -0.0110914 0.0090339 0.0074513 -0.0251107 0.0067610
-0.1551207 -0.2994419 -0.0554707 0.4970448 0.1236774 -0.0803563 -0.1386447 -0.3772324 -0.0704357 0.5197890 0.1023701 -0.1626598 -0.4538781 -0.8761573 -0.1623055 0.9586839 0.2385450 -0.1549886 -0.3397912 -0.9245230 -0.1726241 0.9379380 0.1847227 -0.2935129 -0.0012798 -0.0021478 0.0015797 -0.0002998 -0.0012557 0.0002247 -0.0012694 -0.0019109 0.0017181 -0.0003139 -0.0005600 0.0009406 -0.0008021 -0.0006099 0.0056362 0.0005698 -0.0021390 0.0002482 -0.0015160 -0.0003605 0.0049942 0.0005736 -0.0007870 0.0013424
-0.1564005 -0.3015897 -0.0538910 0.4967450 0.1224217 -0.0801316 -0.1399142 -0.3791433 -0.0687176 0.5194751 0.1018101 -0.1617192 -0.4546801 -0.8767672 -0.1566692 0.9592537 0.2364059 -0.1547404 -0.3413072 -0.9248836 -0.1676299 0.9385116 0.1839356 -0.2921706 0.0012306 -0.0009071 0.0008500 0.0013630 -0.0003930 0.0001614 0.0020182 -0.0000952 0.0007891 0.0017654 0.0000125 0.0007508 0.0037179 -0.0023635 0.0025191 0.0004264 -0.0012993 0.0006657 0.0043247 -0.0018779 0.0016300 0.0007438 -0.0004552 0.0021116
-0.1551699 -0.3024968 -0.0530409 0.4981080 0.1220287 -0.0799702 -0.1378960 -0.3792385 -0.0679285 0.5212404 0.1018226 -0.1609684 -0.4509623 -0.8791307 -0.1541501 0.9596801 0.2351067 -0.1540747 -0.3369825 -0.9267615 -0.1659999 0.9392554 0.1834804 -0.2900589 0.0008293 -0.0020492 0.0015301 -0.0017927 -0.0034202 0.0000740 0.0019243 -0.0020778 0.0012001 -0.0055227 -0.0043489 -0.0009050 0.0039691 -0.0028793 0.0049673 0.0012257 -0.0054712 -0.0006108 0.0055837 -0.0026065 0.0033652 -0.0002961 -0.0060116 -0.0046615
-0.1543406 -0.3045460 -0.0515108 0.4963153 0.1186085 -0.0798962 -0.1359717 -0.3813163 -0.0667284 0.5157177 0.0974737 -0.1618734 -0.4469931 -0.8820100 -0.1491828 0.9609058 0.2296355 -0.1546855 -0.3313988 -0.9293680 -0.1626347 0.9389594 0.1774689 -0.2947204 -0.0005224 -0.0000342 0.0006848 -0.0102328 -0.0076318 -0.0011253 0.0001136 -0.0009938 0.0004594 -0.0195358 -0.0078447 -0.0010478 -0.0013019 0.0003160 0.0020526 0.0013857 -0.0099363 -0.0057119 0.0009309 -0.0005820 0.0014388 -0.0025557 -0.0083194 -0.0127476
-0.1548630 -0.3045802 -0.0508260 0.4860825 0.1109767 -0.0810216 -0.1358581 -0.3823101 -0.0662690 0.4961819 0.0896290 -0.1629212 -0.4482950 -0.8816940 -0.1471302 0.9622915 0.2196992 -0.1603974 -0.3304679 -0.9299499 -0.1611959 0.9364037 0.1691495 -0.3074680 0.0006495 0.0009228 0.0002602 -0.0114828 -0.0068235 0.0015940 0.0009614 -0.0000664 0.0009708 -0.0140105 -0.0067432 -0.0029286 0.0003981 -0.0002469 0.0002673 0.0016703 -0.0081531 -0.0009283 0.0020107 -0.0010909 0.0022027 -0.0030307 -0.0087017 -0.0135793
-0.1542135 -0.3036574 -0.0505657 0.4745997 0.1041532 -0.0794275 -0.1348967 -0.3823765 -0.0652982 0.4821714 0.0828858 -0.1658499 -0.4478969 -0.8819408 -0.1468629 0.9639618 0.2115461 -0.1613257 -0.3284572 -0.9310408 -0.1589932 0.9333730 0.1604479 -0.3210473 -0.0091458 0.0118672 -0.0013465 -0.0253582 0.0008727 -0.0059806 -0.0088566 0.0107960 -0.0008445 -0.0230900 0.0053590 0.0007013 -0.0348264 0.0197073 -0.0065368 -0.0064866 0.0122972 -0.0207060 -0.0274813 0.0109938 -0.0047786 -0.0074309 0.0175371 -0.0120483
-0.1633594 -0.2917902 -0.0519123 0.4492415 0.1050259 -0.0854081 -0.1437533 -0.3715805 -0.0661427 0.4590814 0.0882448 -0.1651486 -0.4827233 -0.8622336 -0.1533996 0.9574752 0.2238433 -0.1820316 -0.3559385 -0.9200471 -0.1637718 0.9259421 0.1779849 -0.3330956 0.0034679 -0.0028503 0.0002330 -0.0129352 -0.0114726 0.0013108 0.0034037 -0.0028476 0.0006420 -0.0218082 -0.0142162 0.0040289 0.0113297 -0.0064287 0.0010381 0.0033847 -0.0178146 -0.0031726 0.0095648 -0.0040168 0.0021204 0.0007679 -0.0210966 -0.0083641
-0.1598914 -0.2946405 -0.0516793 0.4363063 0.0935533 -0.0840974 -0.1403496 -0.3744281 -0.0655007 0.4372732 0.0740286 -0.1611196 -0.4713936 -0.8686622 -0.1523615 0.9608598 0.2060287 -0.1852042 -0.3463737 -0.9240639 -0.1616514 0.9267099 0.1568883 -0.3414597 -0.0000854 -0.0001021 0.0003445 -0.0220974 -0.0134990 0.0009815 -0.0001645 -0.0002003 0.0006012 -0.0266547 -0.0060958 0.0130234 -0.0001453 -0.0001047 0.0010499 0.0024533 -0.0198488 -0.0080958 -0.0002816 -0.0001627 0.0015411 0.0027887 -0.0031119 0.0062209
-0.1599769 -0.2947426 -0.0513348 0.4142089 0.0800543 -0.0831159 -0.1405141 -0.3746284 -0.0648995 0.4106185 0.0679328 -0.1480962 -0.4715389 -0.8687669 -0.1513116 0.9633131 0.1861798 -0.1933000 -0.3466553 -0.9242266 -0.1601103 0.9294986 0.1537764 -0.3352388 0.0003004 -0.0018557 -0.0001156 -0.0264562 -0.0025271 0.0102362 -0.0001806 -0.0012334 0.0004620 -0.0228362 -0.0057002 0.0124208 0.0029434 -0.0016471 0.0003225 0.0010368 0.0066321 0.0120467 0.0005187 -0.0004669 0.0015815 0.0037500 -0.0040056 0.0087183
-0.1596764 -0.2965983 -0.0514504 0.3877528 0.0775272 -0.0728796 -0.1406948 -0.3758618 -0.0644375 0.3877823 0.0622326 -0.1356754 -0.4685955 -0.8704140 -0.1509891 0.9643499 0.1928119 -0.1812533 -0.3461366 -0.9246935 -0.1585288 0.9332486 0.1497709 -0.3265206 -0.0002419 -0.0002687 0.0001257 -0.0218216 -0.0103441 0.0007258 -0.0003328 0.0002697 0.0002553 -0.0321831 -0.0091668 0.0139124 -0.0002582 0.0000501 0.0005139 0.0012202 -0.0155382 -0.0091365 -0.0009676 0.0002669 0.0005603 0.0035351 -0.0099753 0.0057503
-0.1599184 -0.2968670 -0.0513247 0.3659312 0.0671831 -0.0721538 -0.1410275 -0.3755921 -0.0641822 0.3555992 0.0530658 -0.1217630 -0.4688537 -0.8703640 -0.1504752 0.9655702 0.1772738 -0.1903898 -0.3471042 -0.9244266 -0.1579685 0.9367837 0.1397955 -0.3207702 0.0000000 0.0000000 0.0000000 0.0000000 0.0000000 0.0000000 0.0000000 0.0000000 0.0000000 0.0000000 0.0000000 0.0000000 0.0000000 0.0000000 0.0000000 0.0000000 0.0000000 0.0000000 0.0000000 0.0000000 0.0000000 0.0000000 0.0000000 0.0000000
