-0.3155985 -0.1793983 0.1280658 0.0112030 -0.1348344 -0.1109402 -0.3347034 -0.2628624 0.1347309 -0.0979161 -0.1840900 -0.1495469 -0.8198415 -0.4660293 0.3326810 0.0640291 -0.7706262 -0.6340627 -0.7497790 -0.5888458 0.3018146 -0.3815979 -0.7174343 -0.5828131 0.0005105 0.0036225 -0.0020989 -0.0022323 0.0048569 0.0033990 -0.0008612 0.0034951 -0.0015174 -0.0056683 0.0067369 0.0055620 -0.0046538 0.0060742 -0.0030617 -0.0109282 0.0012421 -0.0025129 -0.0050695 0.0054023 -0.0021526 -0.0313692 0.0103681 0.0087785
-0.3150880 -0.1757758 0.1259669 0.0089707 -0.1299775 -0.1075412 -0.3355646 -0.2593673 0.1332134 -0.1035844 -0.1773532 -0.1439849 -0.8244952 -0.4599551 0.3296193 0.0531009 -0.7693841 -0.6365756 -0.7548485 -0.5834436 0.2996620 -0.4129671 -0.7070661 -0.5740346 -0.0049824 0.0050946 0.0081573 -0.0018181 0.0058112 -0.0003102 0.0015269 0.0059558 -0.0018692 -0.0124629 0.0047491 0.0084303 -0.0031199 0.0186198 0.0171894 -0.0096522 0.0151325 -0.0185709 -0.0054090 0.0066884 -0.0007273 -0.0544713 0.0118175 0.0280210
-0.3200704 -0.1706813 0.1341242 0.0071526 -0.1241663 -0.1078515 -0.3340378 -0.2534115 0.1313443 -0.1160473 -0.1726040 -0.1355546 -0.8276151 -0.4413354 0.3468087 0.0434487 -0.7542515 -0.6551464 -0.7602575 -0.5767552 0.2989347 -0.4674383 -0.6952486 -0.5460136 0.0054260 0.0065919 -0.0052255 -0.0004056 0.0011292 0.0033668 0.0015257 0.0023943 -0.0004886 -0.0062003 0.0066787 0.0055703 -0.0057775 0.0067149 -0.0053973 -0.0016863 -0.0073190 0.0084113 -0.0011819 0.0019358 0.0007196 -0.0342695 0.0142858 0.0125541
-0.3146444 -0.1640894 0.1288987 0.0067470 -0.1230371 -0.1044846 -0.3325121 -0.2510172 0.1308557 -0.1222476 -0.1659254 -0.1299843 -0.8333926 -0.4346205 0.3414114 0.0417624 -0.7615705 -0.6467351 -0.7614394 -0.5748194 0.2996543 -0.5017078 -0.6809628 -0.5334595 0.0028639 0.0044801 -0.0009560 -0.0050265 -0.0032974 -0.0001116 0.0026088 0.0012711 -0.0003507 0.0048028 0.0023972 0.0018800 -0.0027128 0.0065943 0.0016940 -0.0312732 -0.0086511 0.0090449 0.0010611 -0.0008084 0.0011404 0.0095502 -0.0043095 -0.0033673
-0.3117805 -0.1596093 0.1279427 0.0017205 -0.1263345 -0.1045963 -0.3299033 -0.2497461 0.1305050 -0.1174448 -0.1635282 -0.1281043 -0.8361054 -0.4280261 0.3431054 0.0104892 -0.7702215 -0.6376902 -0.7603783 -0.5756278 0.3007947 -0.4921576 -0.6852722 -0.5368267 -0.0010038 -0.0035535 0.0008813 0.0753164 0.0051471 0.0302940 -0.0038737 -0.0005891 0.0054282 0.1024462 0.0230988 0.0284507 0.0032767 -0.0064160 -0.0000948 0.4659750 0.0206916 0.1781395 -0.0002661 0.0051389 0.0089835 0.4053839 -0.1271754 -0.0397141
-0.3127843 -0.1631628 0.1288240 0.0770369 -0.1211874 -0.0743023 -0.3337769 -0.2503352 0.1359332 -0.0149986 -0.1404294 -0.0996535 -0.8328288 -0.4344421 0.3430106 0.4764642 -0.7495299 -0.4595507 -0.7606444 -0.5704890 0.3097781 -0.0867737 -0.8124476 -0.5765408 0.0002507 -0.0026320 -0.0020506 -0.0730295 0.0006620 -0.0401546 0.0004596 -0.0002802 0.0003644 -0.0935371 -0.0216428 -0.0319092 0.0012125 -0.0067190 -0.0056811 -0.4523608 0.0246139 -0.2288648 0.0009152 -0.0007380 0.0008846 -0.3745330 0.1235961 0.0173630
-0.3125336 -0.1657948 0.1267734 0.0040075 -0.1205254 -0.1144568 -0.3333173 -0.2506154 0.1362976 -0.1085357 -0.1620722 -0.1315627 -0.8316163 -0.4411611 0.3373295 0.0241034 -0.7249160 -0.6884155 -0.7597292 -0.5712270 0.3106627 -0.4613067 -0.6888515 -0.5591777 0.0049710 0.0018461 -0.0060323 0.0006354 -0.0017094 0.0003388 0.0034087 -0.0048381 -0.0008457 0.0082082 -0.0012605 -0.0038661 -0.0022195 -0.0033217 -0.0099872 0.0036500 -0.0057620 0.0062575 0.0076871 -0.0110912 -0.0018939 0.0338356 -0.0070694 -0.0178514
-0.3075625 -0.1639487 0.1207411 0.0046428 -0.1222349 -0.1141180 -0.3299086 -0.2554535 0.1354518 -0.1003275 -0.1633327 -0.1354288 -0.8338358 -0.4444828 0.3273423 0.0277534 -0.7306780 -0.6821580 -0.7520421 -0.5823182 0.3087688 -0.4274711 -0.6959209 -0.5770291 0.0031141 -0.0077904 -0.0043099 0.0845034 -0.0035143 0.0315974 0.0076644 -0.0081974 -0.0141826 0.0997597 0.0120002 0.0249740 0.0074919 -0.0216570 -0.0113210 0.4821158 0.0114601 0.2101843 0.0089586 -0.0256513 -0.0291264 0.4244404 -0.1118080 -0.0125173
-0.3044484 -0.1717391 0.1164312 0.0891463 -0.1257491 -0.0825206 -0.3222442 -0.2636509 0.1212692 -0.0005678 -0.1513325 -0.1104548 -0.8263439 -0.4661398 0.3160213 0.5098691 -0.7192179 -0.4719736 -0.7430836 -0.6079695 0.2796424 -0.0030307 -0.8077288 -0.5895464 0.0030193 -0.0065729 -0.0048411 0.0039382 0.0014855 0.0002732 0.0008739 -0.0040602 0.0031176 0.0061391 -0.0001020 -0.0047561 0.0062827 -0.0189717 -0.0124320 0.0199204 0.0119724 0.0038636 0.0066234 -0.0055239 0.0054054 0.0322976 0.0122131 -0.0156794
-0.3014291 -0.1783120 0.1115900 0.0930845 -0.1242637 -0.0822474 -0.3213703 -0.2677111 0.1243868 0.0055712 -0.1514345 -0.1152109 -0.8200612 -0.4851115 0.3035893 0.5297895 -0.7072454 -0.4681100 -0.7364602 -0.6134934 0.2850478 0.0292669 -0.7955157 -0.6052258 0.0027650 -0.0089228 -0.0057475 -0.0002760 -0.0017935 -0.0015635 0.0028994 -0.0098429 -0.0034172 0.0017626 -0.0031155 -0.0055551 0.0085810 -0.0236114 -0.0160118 -0.0071058 -0.0026898 -0.0039004 0.0117141 -0.0181378 -0.0097566 0.0080980 0.0081004 -0.0100636
-0.2986641 -0.1872347 0.1058425 0.0928085 -0.1260572 -0.0838109 -0.3184709 -0.2775540 0.1209696 0.0073338 -0.1545500 -0.1207659 -0.8114802 -0.5087229 0.2875775 0.5226837 -0.7099352 -0.4720104 -0.7247460 -0.6316312 0.2752913 0.0373649 -0.7874153 -0.6152894 0.0074742 -0.0083969 -0.0059848 0.0046271 0.0031666 -0.0075791 0.0159332 -0.0104420 -0.0136050 0.0063841 0.0017390 -0.0103670 0.0131298 -0.0276371 -0.0137993 0.0141055 0.0329104 -0.0314723 0.0232496 -0.0361473 -0.0263441 0.0306029 0.0302869 -0.0344313
-0.2911900 -0.1956317 0.0998577 0.0974357 -0.1228906 -0.0913900 -0.3025377 -0.2879960 0.1073646 0.0137179 -0.1528110 -0.1311329 -0.7983505 -0.5363600 0.2737782 0.5367892 -0.6770248 -0.5034827 -0.7014964 -0.6677785 0.2489471 0.0679679 -0.7571284 -0.6497206 0.0073775 -0.0146390 0.0020832 -0.0562284 -0.0113275 -0.0750461 0.0101310 -0.0097603 0.0014229 -0.0410267 -0.0025648 -0.0415249 0.0263546 -0.0355957 0.0035106 -0.3475450 0.0606286 -0.2608748 0.0234859 -0.0226363 0.0033011 -0.1847338 0.0927782 -0.0885235
-0.2838124 -0.2102707 0.1019409 0.0412073 -0.1342181 -0.1664361 -0.2924067 -0.2977563 0.1087875 -0.0273088 -0.1553758 -0.1726578 -0.7719959 -0.5719556 0.2772887 0.1892442 -0.6163961 -0.7643575 -0.6780105 -0.6904148 0.2522482 -0.1167659 -0.6643503 -0.7382441 0.0054649 -0.0056714 -0.0048122 0.0090836 0.0035129 -0.0078914 0.0148585 -0.0083862 -0.0141185 0.0121623 0.0101093 -0.0278759 0.0103065 -0.0189632 -0.0114990 0.0356562 0.0318831 -0.0152349 0.0233109 -0.0317350 -0.0289366 0.0557118 0.0787960 -0.0700866
-0.2783475 -0.2159421 0.0971287 0.0502908 -0.1307051 -0.1743276 -0.2775482 -0.3061425 0.0946690 -0.0151465 -0.1452665 -0.2005337 -0.7616894 -0.5909188 0.2657898 0.2249004 -0.5845131 -0.7795924 -0.6546997 -0.7221498 0.2233116 -0.0610541 -0.5855543 -0.8083307 0.0040175 -0.0112511 -0.0109535 0.0331779 -0.0036371 -0.0208221 0.0052326 -0.0078738 -0.0056183 0.0270403 -0.0253669 -0.0497816 0.0131141 -0.0290324 -0.0306399 0.1073878 0.0496976 0.0027031 0.0140759 -0.0165750 -0.0138195 0.1002847 0.0227325 -0.0173160
-0.2743300 -0.2271932 0.0861752 0.0834687 -0.1343423 -0.1951497 -0.2723156 -0.3140163 0.0890507 0.0118937 -0.1706334 -0.2503153 -0.7485753 -0.6199512 0.2351499 0.3322882 -0.5348154 -0.7768893 -0.6406237 -0.7387248 0.2094921 0.0392306 -0.5628218 -0.8256468 0.0025552 -0.0067649 -0.0048797 0.0080118 0.0009155 -0.0072133 0.0042540 -0.0100599 -0.0059655 0.0538328 0.0132788 -0.0148561 0.0094642 -0.0163148 -0.0140608 0.0208101 0.0198122 -0.0041954 0.0153373 -0.0172223 -0.0156858 0.1692452 0.0637140 -0.0154414
-0.2717748 -0.2339581 0.0812955 0.0914805 -0.1334267 -0.2023630 -0.2680616 -0.3240762 0.0830852 0.0657265 -0.1573547 -0.2651714 -0.7391111 -0.6362660 0.2210890 0.3530984 -0.5150032 -0.7810847 -0.6252864 -0.7559471 0.1938063 0.2084757 -0.4991078 -0.8410881 0.0044985 -0.0040638 -0.0104017 0.0218487 0.0121106 -0.0317475 0.0077532 -0.0089333 -0.0144844 -0.0034101 0.0055932 -0.0095764 0.0065503 -0.0161134 -0.0267806 0.0417774 0.0922985 -0.0346321 0.0173842 -0.0217350 -0.0336018 -0.0137381 0.0248561 -0.0174936
-0.2672763 -0.2380219 0.0708938 0.1133292 -0.1213161 -0.2341105 -0.2603084 -0.3330095 0.0686008 0.0623164 -0.1517615 -0.2747478 -0.7325608 -0.6523794 0.1943084 0.3948758 -0.4227046 -0.8157168 -0.6079022 -0.7776821 0.1602045 0.1947377 -0.4742517 -0.8585817 0.0056403 -0.0085114 -0.0112987 0.0243094 0.0125160 -0.0288236 0.0060432 -0.0077833 -0.0086486 0.0314468 0.0172695 -0.0391312 0.0145595 -0.0241759 -0.0307631 0.0405582 0.0785043 -0.0161025 0.0157622 -0.0159657 -0.0205861 0.0700417 0.0944576 -0.0277863
-0.2616360 -0.2465333 0.0595951 0.1376386 -0.1088001 -0.2629341 -0.2542652 -0.3407928 0.0599522 0.0937632 -0.1344920 -0.3138790 -0.7180013 -0.6765553 0.1635453 0.4354340 -0.3442003 -0.8318193 -0.5921400 -0.7936478 0.1396185 0.2647794 -0.3797941 -0.8863680 0.0025076 -0.0052392 0.0009882 0.0807464 0.0276502 0.0468143 0.0030333 -0.0013892 -0.0030571 0.0725268 0.0192780 0.0228705 0.0106632 -0.0107034 0.0018278 0.2517835 0.0888367 0.1517300 0.0055642 -0.0052781 -0.0067797 0.2044114 0.0547152 0.0652811
-0.2591284 -0.2517725 0.0605833 0.2183850 -0.0811499 -0.2161198 -0.2512319 -0.3421820 0.0568952 0.1662900 -0.1152140 -0.2910085 -0.7073381 -0.6872587 0.1653731 0.6872175 -0.2553637 -0.6800893 -0.5865759 -0.7989259 0.1328387 0.4691908 -0.3250789 -0.8210869 0.0028031 -0.0043497 -0.0037724 0.0088793 0.0187650 -0.0131605 0.0071432 -0.0071599 -0.0176986 0.0109827 0.0362462 -0.0294751 0.0084880 -0.0110374 -0.0104829 0.0039725 0.0656296 -0.0172322 0.0162307 -0.0173571 -0.0412509 0.0039632 0.1143077 -0.0343082
-0.2563254 -0.2561222 0.0568109 0.2272643 -0.0623848 -0.2292803 -0.2440887 -0.3493419 0.0391965 0.1772726 -0.0789679 -0.3204837 -0.6988501 -0.6982962 0.1548902 0.6911900 -0.1897340 -0.6973216 -0.5703452 -0.8162831 0.0915879 0.4731540 -0.2107712 -0.8553951 0.0019194 -0.0104256 -0.0115449 0.0173627 0.0232560 -0.0211672 0.0023067 -0.0083478 -0.0062704 0.0070152 0.0201720 -0.0455896 0.0135630 -0.0196970 -0.0329582 0.0032313 0.0786593 -0.0136225 0.0119506 -0.0097999 -0.0155450 -0.0280567 0.0687656 -0.0287558
-0.2544060 -0.2665478 0.0452660 0.2446270 -0.0391288 -0.2504476 -0.2417820 -0.3576897 0.0329262 0.1842878 -0.0587959 -0.3660732 -0.6852871 -0.7179932 0.1219319 0.6944213 -0.1110747 -0.7109441 -0.5583946 -0.8260829 0.0760428 0.4450973 -0.1420056 -0.8841509 0.0031288 -0.0078321 -0.0065391 0.0073459 0.0194562 -0.0174320 0.0049061 -0.0059983 -0.0086934 0.0139623 0.0225252 -0.0209956 0.0135389 -0.0155162 -0.0184020 -0.0102497 0.0576585 -0.0164182 0.0134798 -0.0105534 -0.0202972 0.0091928 0.0588913 -0.0028173
-0.2512773 -0.2743799 0.0387269 0.2519729 -0.0196726 -0.2678796 -0.2368759 -0.3636880 0.0242328 0.1982501 -0.0362707 -0.3870688 -0.6717482 -0.7335093 0.1035299 0.6841716 -0.0534162 -0.7273623 -0.5449148 -0.8366363 0.0557457 0.4542901 -0.0831143 -0.8869682 0.0006465 -0.0036927 -0.0040896 -0.0284387 0.0213350 -0.0876107 0.0026994 -0.0012433 -0.0048141 0.0057604 0.0331214 -0.0444483 0.0050920 -0.0061400 -0.0113978 -0.1518622 0.0573749 -0.1191783 0.0053871 -0.0041421 -0.0110062 -0.0268844 0.0765165 -0.0170677
-0.2506307 -0.2780726 0.0346372 0.2235342 0.0016624 -0.3554902 -0.2341765 -0.3649313 0.0194187 0.2040105 -0.0031493 -0.4315171 -0.6666562 -0.7396493 0.0921321 0.5323094 0.0039587 -0.8465406 -0.5395277 -0.8407784 0.0447394 0.4274056 -0.0065978 -0.9040359 0.0007259 0.0000486 -0.0083356 0.0084992 0.0435807 -0.0134559 0.0006874 -0.0062593 -0.0119644 0.0097416 0.0236268 -0.0144254 -0.0001917 -0.0022322 -0.0219487 -0.0027785 0.0992920 0.0045570 0.0071563 -0.0055619 -0.0277430 0.0044618 0.0479708 0.0030482
-0.2499048 -0.2780240 0.0263016 0.2320334 0.0452431 -0.3689461 -0.2334891 -0.3711906 0.0074543 0.2137521 0.0204775 -0.4459424 -0.6668479 -0.7418815 0.0701834 0.5295309 0.1032507 -0.8419836 -0.5323714 -0.8463403 0.0169964 0.4318674 0.0413730 -0.9009877 0.0027417 -0.0015528 -0.0080187 0.0330387 -0.0007271 -0.0026275 0.0020241 -0.0022913 -0.0077253 0.0229000 0.0339250 -0.0066672 0.0053004 -0.0064234 -0.0212481 0.0484750 -0.0061809 0.0317450 0.0055860 -0.0036579 -0.0176131 0.0288739 0.0645440 0.0197958
-0.2471630 -0.2795768 0.0182829 0.2650722 0.0445160 -0.3715736 -0.2314650 -0.3734819 -0.0002710 0.2366521 0.0544025 -0.4526096 -0.6615475 -0.7483049 0.0489353 0.5780059 0.0970698 -0.8102386 -0.5267854 -0.8499981 -0.0006167 0.4607413 0.1059170 -0.8811918 0.0012253 -0.0001696 -0.0059952 0.0264731 -0.0042984 0.0748980 0.0015775 -0.0004156 -0.0064334 0.0251115 0.0293051 0.0037926 0.0016404 -0.0023185 -0.0159646 0.1196536 -0.0008303 0.1003026 0.0030851 -0.0017675 -0.0146564 0.0366495 0.0531402 0.0283711
-0.2459378 -0.2797464 0.0122877 0.2915453 0.0402176 -0.2966756 -0.2298874 -0.3738975 -0.0067044 0.2617636 0.0837076 -0.4488170 -0.6599071 -0.7506234 0.0329707 0.6976595 0.0962396 -0.7099361 -0.5237003 -0.8517657 -0.0152732 0.4973908 0.1590572 -0.8528207 0.0008230 0.0001297 -0.0016361 -0.0100589 0.0584545 -0.0782448 0.0002890 0.0004670 -0.0036353 0.0118729 0.0171335 -0.0032511 0.0009874 -0.0010446 -0.0043369 -0.1101268 0.1097138 -0.0726166 0.0000877 0.0001356 -0.0083073 0.0112559 0.0283903 0.0124982
-0.2451148 -0.2796167 0.0106516 0.2814864 0.0986721 -0.3749203 -0.2295984 -0.3734305 -0.0103398 0.2736365 0.1008411 -0.4520680 -0.6589197 -0.7516681 0.0286338 0.5875326 0.2059534 -0.7825526 -0.5236126 -0.8516301 -0.0235804 0.5086467 0.1874476 -0.8403225 0.0005340 0.0002345 -0.0014430 0.0079276 -0.0023012 -0.0138282 0.0000094 0.0002907 -0.0020678 0.0085512 0.0129766 0.0004143 0.0004326 -0.0005154 -0.0038414 -0.0018390 -0.0109254 -0.0041665 -0.0002161 0.0002770 -0.0047285 0.0095211 0.0215505 0.0109722
-0.2445808 -0.2793822 0.0092086 0.2894140 0.0963709 -0.3887485 -0.2295891 -0.3731398 -0.0124075 0.2821877 0.1138177 -0.4516538 -0.6584872 -0.7521835 0.0247925 0.5856936 0.1950280 -0.7867192 -0.5238287 -0.8513531 -0.0283090 0.5181678 0.2089980 -0.8293503 -0.0004414 -0.0008926 -0.0017643 0.0169271 -0.0331504 0.0813042 -0.0009686 -0.0009135 -0.0020308 0.0049909 0.0097485 0.0012368 0.0004463 -0.0005333 -0.0047997 0.1127698 -0.0508840 0.0857403 -0.0005980 0.0005311 -0.0045325 0.0056090 0.0163708 0.0078476
-0.2450221 -0.2802748 0.0074443 0.3063411 0.0632205 -0.3074444 -0.2305577 -0.3740533 -0.0144384 0.2871786 0.1235662 -0.4504170 -0.6580408 -0.7527168 0.0199927 0.6984635 0.1441439 -0.7009788 -0.5244268 -0.8508220 -0.0328415 0.5237768 0.2253689 -0.8215027 0.0001428 0.0001126 -0.0016194 0.0025028 0.0015828 -0.0082206 -0.0006688 -0.0001571 -0.0009745 0.0024433 0.0026070 -0.0007038 0.0000167 -0.0001173 -0.0043403 -0.0065315 0.0010410 -0.0062351 -0.0009027 0.0006438 -0.0021754 0.0021044 0.0037302 0.0023797
-0.2448793 -0.2801622 0.0058249 0.3088439 0.0648033 -0.3156650 -0.2312265 -0.3742104 -0.0154128 0.2896219 0.1261732 -0.4511208 -0.6580242 -0.7528341 0.0156524 0.6919320 0.1451849 -0.7072139 -0.5253294 -0.8501781 -0.0350168 0.5258812 0.2290991 -0.8191231 0.0000943 -0.0001484 -0.0006261 -0.0012219 0.0008788 -0.0037575 -0.0011974 -0.0005133 0.0002178 0.0008007 0.0004893 -0.0000943 0.0003248 -0.0003169 -0.0016839 -0.0057409 0.0013276 -0.0052998 -0.0014535 0.0008762 0.0005775 0.0008695 0.0006336 0.0007365
-0.2447850 -0.2803106 0.0051988 0.3076220 0.0656821 -0.3194225 -0.2324239 -0.3747237 -0.0151951 0.2904225 0.1266625 -0.4512152 -0.6576994 -0.7531510 0.0139685 0.6861911 0.1465125 -0.7125137 -0.5267829 -0.8493019 -0.0344393 0.5267507 0.2297327 -0.8183866 -0.0009795 -0.0025187 0.0066257 0.0002535 -0.0012713 -0.0031500 -0.0025986 0.0014426 0.0035126 0.0009963 -0.0023393 -0.0001444 0.0021114 -0.0013088 0.0175741 -0.0028482 -0.0035499 -0.0034500 -0.0058333 0.0033592 0.0079639 0.0017003 -0.0042885 -0.0000964
-0.2457646 -0.2828293 0.0118246 0.3078755 0.0644108 -0.3225725 -0.2350225 -0.3732811 -0.0116825 0.2914189 0.1243232 -0.4513596 -0.6555879 -0.7544598 0.0315426 0.6833429 0.1429626 -0.7159638 -0.5326163 -0.8459427 -0.0264754 0.5284510 0.2254443 -0.8184830 -0.0001079 -0.0019050 0.0001585 -0.0039708 -0.0169008 0.0189381 -0.0003307 0.0001710 0.0041573 -0.0025337 -0.0172422 -0.0000385 0.0023518 -0.0020249 0.0002940 0.0197913 -0.0330402 0.0134545 -0.0008205 0.0002747 0.0094191 0.0001419 -0.0295109 -0.0074708
-0.2458724 -0.2847343 0.0119830 0.3039046 0.0475100 -0.3036345 -0.2353532 -0.3731101 -0.0075253 0.2888852 0.1070810 -0.4513981 -0.6532361 -0.7564847 0.0318366 0.7031343 0.1099224 -0.7025093 -0.5334368 -0.8456679 -0.0170563 0.5285929 0.1959334 -0.8259538 -0.0031389 -0.0047218 0.0136411 -0.0172807 0.0019317 -0.0821238 -0.0022728 -0.0001460 0.0082736 -0.0105355 -0.0268753 -0.0028772 0.0025414 0.0001031 0.0351221 -0.1098603 -0.0075845 -0.0959599 -0.0035977 0.0021094 0.0187475 -0.0119577 -0.0470664 -0.0172109
-0.2490113 -0.2894561 0.0256241 0.2866239 0.0494417 -0.3857583 -0.2376259 -0.3732561 0.0007483 0.2783496 0.0802057 -0.4542753 -0.6506946 -0.7563815 0.0669587 0.5932740 0.1023378 -0.7984691 -0.5370345 -0.8435586 0.0016912 0.5166352 0.1488670 -0.8431647 -0.0018299 -0.0004654 0.0012409 -0.0270998 -0.0073740 -0.0026196 -0.0023652 0.0010762 0.0079910 -0.0176923 -0.0341321 0.0036477 -0.0020033 0.0019951 0.0029450 -0.0399162 -0.0126410 -0.0296309 -0.0047877 0.0032971 0.0180395 -0.0178827 -0.0607079 -0.0190847
-0.2508412 -0.2899215 0.0268650 0.2595242 0.0420677 -0.3883779 -0.2399912 -0.3721799 0.0087394 0.2606573 0.0460736 -0.4506276 -0.6526980 -0.7543864 0.0699037 0.5533578 0.0896968 -0.8281000 -0.5418222 -0.8402615 0.0197307 0.4987525 0.0881591 -0.8622493 -0.0049437 0.0002241 0.0060074 -0.0181352 -0.0380813 0.0085158 -0.0070940 0.0033306 0.0115652 -0.0233333 -0.0401134 0.0019438 -0.0067887 0.0074634 0.0148508 -0.0170436 -0.0808399 -0.0158719 -0.0141443 0.0103133 0.0259566 -0.0312270 -0.0764176 -0.0216523
-0.2557848 -0.2896974 0.0328724 0.2413889 0.0039864 -0.3798622 -0.2470851 -0.3688493 0.0203045 0.2373240 0.0059602 -0.4486838 -0.6594867 -0.7469230 0.0847546 0.5363142 0.0088569 -0.8439719 -0.5559665 -0.8299481 0.0456873 0.4675255 0.0117415 -0.8839016 -0.0046762 0.0018387 0.0059552 -0.0224691 -0.0264451 0.0122112 -0.0055747 0.0049374 0.0078415 -0.0147260 -0.0286687 0.0104484 -0.0081204 0.0090909 0.0147674 -0.0253956 -0.0612714 -0.0140577 -0.0131954 0.0101709 0.0177168 -0.0151388 -0.0578921 -0.0067254
-0.2604610 -0.2878587 0.0388276 0.2189199 -0.0224587 -0.3676509 -0.2526599 -0.3639119 0.0281461 0.2225981 -0.0227085 -0.4382353 -0.6676071 -0.7378321 0.0995220 0.5109187 -0.0524145 -0.8580296 -0.5691619 -0.8197772 0.0634041 0.4523867 -0.0461506 -0.8906270 -0.0039448 0.0122730 0.0072987 -0.0036759 -0.0120925 0.0093405 -0.0057576 0.0052759 0.0116705 -0.0229325 -0.0393017 -0.0081260 -0.0197166 0.0214462 0.0203837 0.0022801 -0.0299648 0.0037225 -0.0130829 0.0117284 0.0263073 -0.0473031 -0.0796564 -0.0149556
-0.2644058 -0.2755857 0.0461264 0.2152440 -0.0345512 -0.3583104 -0.2584175 -0.3586360 0.0398166 0.1996656 -0.0620102 -0.4463613 -0.6873237 -0.7163859 0.1199057 0.5131988 -0.0823792 -0.8543071 -0.5822448 -0.8080488 0.0897114 0.4050836 -0.1258070 -0.9055826 -0.0038368 -0.0025034 0.0042207 0.0291693 -0.0368058 0.1031143 -0.0037575 0.0020065 0.0072387 0.0081080 -0.0222349 0.1007772 -0.0011062 0.0026855 0.0093074 0.1647997 -0.1155639 0.1463971 -0.0067497 0.0068557 0.0160015 0.0992933 -0.0787006 0.0666663
-0.2682426 -0.2780891 0.0503471 0.2444133 -0.0713570 -0.2551961 -0.2621750 -0.3566295 0.0470553 0.2077736 -0.0842451 -0.3455841 -0.6884299 -0.7137004 0.1292130 0.6779985 -0.1979432 -0.7079100 -0.5889944 -0.8011931 0.1057129 0.5043769 -0.2045076 -0.8389163 -0.0049121 0.0124825 0.0103603 -0.0106527 -0.0051065 0.0101148 -0.0066622 0.0056377 0.0049375 -0.0358213 -0.0300675 -0.0131678 -0.0195818 0.0252531 0.0281393 -0.0047465 -0.0222789 0.0020530 -0.0149101 0.0127399 0.0110814 -0.0889628 -0.0716566 -0.0277812
-0.2731547 -0.2656066 0.0607073 0.2337605 -0.0764635 -0.2450814 -0.2688372 -0.3509918 0.0519927 0.1719523 -0.1143126 -0.3587520 -0.7080117 -0.6884473 0.1573523 0.6732519 -0.2202220 -0.7058570 -0.6039045 -0.7884532 0.1167943 0.4154141 -0.2761641 -0.8666975 -0.0051688 0.0054932 0.0070883 -0.0254380 -0.0324859 0.0359925 -0.0087522 0.0064682 0.0223962 -0.0303788 -0.0388872 0.0091971 -0.0112900 0.0162078 0.0178594 -0.0111141 -0.1260660 0.0412834 -0.0148181 0.0205401 0.0490122 -0.0676231 -0.1001882 0.0079773
-0.2783235 -0.2601134 0.0677957 0.2083225 -0.1089495 -0.2090888 -0.2775894 -0.3445236 0.0743890 0.1415735 -0.1531998 -0.3495548 -0.7193017 -0.6722395 0.1752117 0.6621379 -0.3462880 -0.6645736 -0.6187226 -0.7679131 0.1658066 0.3477909 -0.3763523 -0.8587202 -0.0042727 0.0039901 0.0053402 -0.0029364 -0.0178404 0.0225601 -0.0167789 0.0040290 0.0310470 0.0165354 -0.0119235 0.0870117 -0.0083997 0.0127072 0.0131174 0.0111612 -0.0693561 0.0530932 -0.0180475 0.0313637 0.0622699 0.1063781 -0.0979656 0.1045631
-0.2825961 -0.2561233 0.0731359 0.2053861 -0.1267899 -0.1865287 -0.2943683 -0.3404946 0.1054360 0.1581089 -0.1651233 -0.2625431 -0.7277014 -0.6595323 0.1883292 0.6732991 -0.4156441 -0.6114804 -0.6367701 -0.7365494 0.2280764 0.4541691 -0.4743179 -0.7541571 -0.0070331 0.0086734 0.0188614 -0.0354930 0.0012282 0.0177154 -0.0033165 0.0028283 -0.0043653 -0.0401758 -0.0035834 0.0235762 -0.0113507 0.0281101 0.0464219 -0.0450443 -0.0486758 -0.0127815 -0.0084676 0.0046509 -0.0090037 -0.0802497 -0.0605845 -0.0035128
-0.2896292 -0.2474499 0.0919973 0.1698931 -0.1255617 -0.1688133 -0.2976848 -0.3376663 0.1010707 0.1179331 -0.1687067 -0.2389669 -0.7390520 -0.6314222 0.2347510 0.6282548 -0.4643199 -0.6242619 -0.6452377 -0.7318985 0.2190728 0.3739194 -0.5349025 -0.7576699 -0.0027193 0.0054039 -0.0052848 -0.0045468 -0.0075519 0.0123621 -0.0019305 0.0057176 -0.0070143 -0.0126963 -0.0110461 0.0217329 -0.0118616 0.0097134 -0.0120253 -0.0012213 -0.0404795 0.0309606 -0.0104432 0.0054586 -0.0132388 -0.0242481 -0.0623638 0.0358645
-0.2923485 -0.2420460 0.0867124 0.1653463 -0.1331136 -0.1564512 -0.2996152 -0.3319487 0.0940564 0.1052368 -0.1797528 -0.2172340 -0.7509137 -0.6217088 0.2227257 0.6270335 -0.5047995 -0.5933013 -0.6556810 -0.7264398 0.2058340 0.3496713 -0.5972662 -0.7218054 -0.0035826 0.0081400 -0.0010843 -0.0094510 -0.0116859 0.0252173 -0.0166848 0.0133454 0.0152570 -0.0166416 -0.0123827 0.0339145 -0.0141483 0.0169984 -0.0013538 -0.0034155 -0.0744330 0.0683344 -0.0288562 0.0369179 0.0307422 -0.0332017 -0.0890579 0.0669725
-0.2959311 -0.2339060 0.0856282 0.1558953 -0.1447995 -0.1312340 -0.3163000 -0.3186033 0.1093134 0.0885952 -0.1921355 -0.1833196 -0.7650619 -0.6047104 0.2213720 0.6236180 -0.5792325 -0.5249669 -0.6845372 -0.6895220 0.2365762 0.3164696 -0.6863241 -0.6548329 -0.0016194 0.0110760 0.0010670 -0.0798045 -0.0314330 -0.0197900 -0.0039391 0.0094457 0.0017209 -0.0909133 -0.0248485 -0.0086234 -0.0144496 0.0209485 0.0057487 -0.3120842 -0.1423056 -0.0933610 -0.0135175 0.0156226 0.0054555 -0.3244710 -0.0626561 -0.0077111
-0.2975505 -0.2228301 0.0866951 0.0760908 -0.1762326 -0.1510239 -0.3202391 -0.3091576 0.1110343 -0.0023180 -0.2169840 -0.1919429 -0.7795116 -0.5837619 0.2271206 0.3115338 -0.7215381 -0.6183280 -0.6980547 -0.6738993 0.2420317 -0.0080014 -0.7489802 -0.6625441 -0.0096840 0.0115038 0.0040291 -0.0083449 0.0032292 0.0096927 -0.0083134 0.0087602 0.0055275 -0.0227054 -0.0133584 -0.0034145 -0.0210489 0.0331095 0.0092793 -0.0213269 -0.0195664 0.0128992 -0.0158997 0.0211267 0.0112606 -0.0745666 -0.0110630 0.0179381
-0.3072345 -0.2113262 0.0907242 0.0677459 -0.1730034 -0.1413313 -0.3285524 -0.3003974 0.1165618 -0.0250234 -0.2303424 -0.1953574 -0.8005604 -0.5506524 0.2363999 0.2902070 -0.7411045 -0.6054288 -0.7139544 -0.6527727 0.2532923 -0.0825679 -0.7600433 -0.6446059 -0.0036944 0.0055818 0.0044223 -0.0074371 0.0008886 0.0071857 -0.0014718 0.0075054 -0.0022994 0.0004921 0.0223540 0.0296141 -0.0074959 0.0159544 0.0108712 -0.0238220 -0.0191294 0.0129058 -0.0100936 0.0101899 -0.0026094 -0.0092823 -0.0187058 0.0240309
-0.3109289 -0.2057444 0.0951465 0.0603088 -0.1721148 -0.1341455 -0.3300242 -0.2928920 0.1142624 -0.0245314 -0.2079884 -0.1657433 -0.8080563 -0.5346980 0.2472712 0.2663850 -0.7602339 -0.5925230 -0.7240480 -0.6425828 0.2506829 -0.0918502 -0.7787491 -0.6205751 -0.0047213 0.0282310 0.0053292 0.0154130 0.0151388 0.0525826 -0.0055423 0.0204905 -0.0046881 0.0237039 0.0145283 0.0363021 -0.0318388 0.0623631 0.0200787 0.1271260 -0.0555396 0.1686565 -0.0285363 0.0316603 -0.0049377 0.0882952 -0.0523672 0.0644878
-0.3156502 -0.1775134 0.1004757 0.0757218 -0.1569761 -0.0815630 -0.3355665 -0.2724015 0.1095742 -0.0008275 -0.1934601 -0.1294412 -0.8398951 -0.4723349 0.2673499 0.3935110 -0.8157734 -0.4238665 -0.7525843 -0.6109224 0.2457452 -0.0035550 -0.8311163 -0.5560873 -0.0031090 0.0011468 -0.0017755 -0.0012223 0.0031994 0.0021676 -0.0024159 0.0035645 -0.0010306 -0.0040924 0.0038614 0.0065425 -0.0046541 0.0050536 -0.0058449 0.0018854 -0.0003763 0.0024861 -0.0064245 0.0071938 -0.0019882 -0.0182145 -0.0078164 0.0122876
-0.3187592 -0.1763665 0.0987001 0.0744995 -0.1537767 -0.0793953 -0.3379824 -0.2688370 0.1085436 -0.0049199 -0.1895987 -0.1228987 -0.8445492 -0.4672813 0.2615050 0.3953963 -0.8161497 -0.4213804 -0.7590088 -0.6037286 0.2437570 -0.0217695 -0.8389327 -0.5437996 -0.0016966 0.0075273 0.0009964 -0.0489438 -0.0101206 -0.0079622 -0.0045993 0.0069133 0.0039653 -0.0467910 -0.0102178 -0.0116085 -0.0084451 0.0178623 0.0038688 -0.2590809 -0.0580872 -0.0445895 -0.0096751 0.0160250 0.0086903 -0.1881311 0.0278548 -0.0021805
-0.3204558 -0.1688392 0.0996965 0.0255557 -0.1638973 -0.0873576 -0.3425817 -0.2619237 0.1125090 -0.0517109 -0.1998165 -0.1345072 -0.8529944 -0.4494189 0.2653738 0.1363154 -0.8742369 -0.4659699 -0.7686838 -0.5877036 0.2524473 -0.2099007 -0.8110779 -0.5459801 -0.0070557 0.0043624 0.0102375 0.0583979 0.0248983 0.0376963 -0.0059110 0.0122104 0.0014164 0.0534342 0.0282796 0.0440679 -0.0029651 0.0195546 0.0219415 0.3580839 0.0556770 0.1735165 -0.0169136 0.0247819 0.0043715 0.2187867 -0.0734720 0.0796192
-0.3275116 -0.1644769 0.1099341 0.0839536 -0.1389990 -0.0496613 -0.3484928 -0.2497133 0.1139254 0.0017232 -0.1715369 -0.0904393 -0.8559595 -0.4298643 0.2873153 0.4943993 -0.8185599 -0.2924534 -0.7855974 -0.5629217 0.2568188 0.0088860 -0.8845499 -0.4663609 0.0007493 0.0563887 0.0231255 -0.0032234 -0.0010722 0.0012435 0.0190027 0.0571372 -0.0083684 -0.0048858 0.0003816 0.0035617 -0.0295736 0.1369429 0.0732791 -0.0160408 -0.0114186 0.0055584 -0.0465132 0.0765805 0.0097600 -0.0253605 -0.0070307 0.0137987
-0.3267623 -0.1080882 0.1330596 0.0807301 -0.1400713 -0.0484178 -0.3294901 -0.1925761 0.1055570 -0.0031626 -0.1711553 -0.0868776 -0.8855330 -0.2929214 0.3605944 0.4783584 -0.8299786 -0.2868950 -0.8321106 -0.4863411 0.2665788 -0.0164745 -0.8915806 -0.4525622 0.0000000 0.0000000 0.0000000 0.0000000 0.0000000 0.0000000 0.0000000 0.0000000 0.0000000 0.0000000 0.0000000 0.0000000 0.0000000 0.0000000 0.0000000 0.0000000 0.0000000 0.0000000 0.0000000 0.0000000 0.0000000 0.0000000 0.0000000 0.0000000
