-0.1794077 -0.3069728 -0.0217673 0.2361641 0.0116839 -0.0650258 -0.1625069 -0.3865440 -0.0386549 0.1962315 -0.0113657 -0.1497439 -0.5036419 -0.8617487 -0.0611061 0.9630262 0.0476444 -0.2651613 -0.3859172 -0.9179549 -0.0917966 0.7941326 -0.0459961 -0.6060014 0.0004447 0.0001030 0.0001902 -0.0107148 -0.0130886 -0.0101103 0.0001777 -0.0000685 0.0000430 -0.0174480 -0.0149018 -0.0060601 0.0007907 -0.0004955 0.0004789 -0.0143423 -0.0535554 -0.0510094 0.0004131 -0.0001836 0.0001000 -0.0448203 -0.0640955 -0.0470000
-0.1789630 -0.3068698 -0.0215770 0.2254493 -0.0014047 -0.0751362 -0.1623292 -0.3866125 -0.0386119 0.1787835 -0.0262675 -0.1558040 -0.5028512 -0.8622442 -0.0606272 0.9486839 -0.0059109 -0.3161708 -0.3855041 -0.9181385 -0.0916966 0.7493124 -0.1100916 -0.6530014 -0.0001232 0.0002771 -0.0002685 -0.0443619 0.0136184 -0.0172327 -0.0000389 -0.0000244 -0.0005280 -0.0269069 0.0109841 0.0045017 -0.0005732 0.0003899 -0.0007821 -0.0594804 0.0658845 -0.1373933 -0.0000136 0.0001299 -0.0012349 -0.0426609 0.0389810 -0.0509780
-0.1790862 -0.3065927 -0.0218455 0.1810874 0.0122137 -0.0923689 -0.1623682 -0.3866369 -0.0391399 0.1518766 -0.0152834 -0.1513023 -0.5034243 -0.8618543 -0.0614093 0.8892034 0.0599736 -0.4535641 -0.3855177 -0.9180086 -0.0929315 0.7066515 -0.0711106 -0.7039794 0.0007789 0.0018222 -0.0014986 -0.0092196 -0.0006820 0.0050155 0.0012992 0.0024464 -0.0011119 -0.0104502 -0.0017465 0.0061555 -0.0004546 0.0006028 -0.0045589 0.0006687 -0.0002664 0.0012782 0.0006716 0.0000523 -0.0032432 -0.0112344 -0.0126282 -0.0097313
-0.1783073 -0.3047705 -0.0233441 0.1718678 0.0115317 -0.0873534 -0.1610689 -0.3841905 -0.0402518 0.1414264 -0.0170299 -0.1451468 -0.5038789 -0.8612515 -0.0659682 0.8898722 0.0597072 -0.4522859 -0.3848462 -0.9179563 -0.0961747 0.6954170 -0.0837388 -0.7137107 -0.0002765 0.0004531 -0.0022308 0.0058705 -0.0087844 0.0254966 0.0005460 0.0005678 -0.0018954 0.0090732 0.0108005 0.0259852 -0.0009188 0.0010463 -0.0063237 0.0544666 -0.0451105 0.1236354 0.0008051 0.0001629 -0.0046598 0.0881756 0.0513048 0.0932829
-0.1785838 -0.3043174 -0.0255749 0.1777383 0.0027473 -0.0618568 -0.1605229 -0.3836227 -0.0421472 0.1504996 -0.0062294 -0.1191616 -0.5047978 -0.8602053 -0.0722919 0.9443388 0.0145966 -0.3286505 -0.3840411 -0.9177935 -0.1008345 0.7835926 -0.0324341 -0.6204278 0.0002593 0.0012996 -0.0016728 -0.0000754 -0.0280404 0.0144517 0.0003191 0.0018434 -0.0013757 -0.0174462 -0.0397659 -0.0112166 -0.0008725 0.0009453 -0.0049737 0.0128448 -0.1508668 0.0732490 -0.0007765 0.0007406 -0.0037095 -0.0901662 -0.2072768 -0.0590562
-0.1783245 -0.3030178 -0.0272477 0.1776629 -0.0252931 -0.0474051 -0.1602038 -0.3817793 -0.0435228 0.1330534 -0.0459953 -0.1303782 -0.5056702 -0.8592599 -0.0772656 0.9571836 -0.1362701 -0.2554015 -0.3848176 -0.9170529 -0.1045440 0.6934263 -0.2397109 -0.6794841 0.0019013 0.0012998 0.0000947 -0.0518378 0.0138907 -0.0643714 0.0019441 0.0014335 0.0002870 -0.0510616 -0.0031031 -0.0499256 0.0024172 -0.0014009 -0.0001891 -0.2112836 0.0686759 -0.4072176 0.0027510 -0.0011683 0.0001652 -0.2916349 -0.0008901 -0.2040740
-0.1764232 -0.3017180 -0.0271530 0.1258250 -0.0114024 -0.1117765 -0.1582597 -0.3803458 -0.0432358 0.0819918 -0.0490984 -0.1803038 -0.5032531 -0.8606609 -0.0774548 0.7459001 -0.0675943 -0.6626191 -0.3820666 -0.9182212 -0.1043788 0.4017914 -0.2406010 -0.8835580 -0.0009758 -0.0002196 0.0025060 0.0027231 0.0014372 -0.0084806 -0.0010472 -0.0001579 0.0027178 0.0047111 0.0032075 -0.0091507 -0.0020686 0.0005905 0.0072478 -0.0168028 0.0110738 -0.0194532 -0.0022761 0.0002207 0.0066254 0.0046050 0.0254999 -0.0044585
-0.1773990 -0.3019376 -0.0246470 0.1285481 -0.0099652 -0.1202571 -0.1593069 -0.3805037 -0.0405180 0.0867030 -0.0458909 -0.1894545 -0.5053216 -0.8600704 -0.0702070 0.7290972 -0.0565205 -0.6820723 -0.3843427 -0.9180005 -0.0977535 0.4063965 -0.2151011 -0.8880166 0.0029332 0.0020673 -0.0013151 0.0244429 0.0097587 0.0036955 0.0032037 0.0022648 -0.0010323 0.0291290 0.0438502 0.0120785 0.0038393 -0.0018731 -0.0044181 0.0663417 0.0554468 0.0760395 0.0047973 -0.0016404 -0.0032708 0.1403490 0.2054687 0.0507731
-0.1744658 -0.2998703 -0.0259621 0.1529910 -0.0002065 -0.1165616 -0.1561032 -0.3782389 -0.0415503 0.1158319 -0.0020407 -0.1773760 -0.5014823 -0.8619435 -0.0746251 0.7954389 -0.0010736 -0.6060329 -0.3795454 -0.9196409 -0.1010243 0.5467455 -0.0096324 -0.8372435 -0.0008016 -0.0005999 0.0005397 0.0682142 -0.0160696 0.0366291 -0.0008630 -0.0007871 0.0007172 0.0579037 -0.0356863 0.0162666 -0.0010337 0.0004537 0.0017357 0.1427995 -0.0679612 0.2670006 -0.0011911 0.0002770 0.0019798 0.1773816 -0.1476130 0.1657423
-0.1752674 -0.3004702 -0.0254224 0.2212052 -0.0162761 -0.0799325 -0.1569662 -0.3790260 -0.0408331 0.1737356 -0.0377270 -0.1611094 -0.5025161 -0.8614898 -0.0728894 0.9382384 -0.0690348 -0.3390323 -0.3807365 -0.9193639 -0.0990445 0.7241271 -0.1572454 -0.6715012 -0.0007337 0.0136409 -0.0017866 -0.0004128 0.0195743 -0.0015034 -0.0004384 0.0129469 -0.0017878 0.0091015 0.0204537 -0.0065779 -0.0187823 0.0119293 -0.0077010 -0.0001133 0.0830485 -0.0069805 -0.0120311 0.0058962 -0.0073063 0.0110734 0.0877885 -0.0027807
-0.1760012 -0.2868293 -0.0272090 0.2207924 0.0032982 -0.0814358 -0.1574046 -0.3660791 -0.0426209 0.1828372 -0.0172733 -0.1676873 -0.5212984 -0.8495606 -0.0805904 0.9381251 0.0140137 -0.3460128 -0.3927676 -0.9134676 -0.1063508 0.7352004 -0.0694570 -0.6742819 -0.0003442 0.0033960 -0.0018560 0.0107320 0.0122971 -0.0058749 -0.0001769 0.0030947 -0.0017753 0.0231395 0.0416182 0.0294890 -0.0049840 0.0036866 -0.0061506 -0.0043003 0.0488880 -0.0061442 -0.0029702 0.0018971 -0.0051424 0.0912368 0.1671357 0.1197908
-0.1763454 -0.2834333 -0.0290650 0.2315244 0.0155953 -0.0873107 -0.1575815 -0.3629844 -0.0443962 0.2059767 0.0243449 -0.1381983 -0.5262824 -0.8458740 -0.0867410 0.9338248 0.0629017 -0.3521570 -0.3957377 -0.9115706 -0.1114932 0.8264373 0.0976787 -0.5544910 0.0002725 0.0017044 -0.0009365 0.0165096 0.0066035 -0.0028368 0.0002875 0.0017710 -0.0006448 0.0335839 0.0093442 -0.0104525 -0.0015519 0.0013020 -0.0031979 0.0027179 0.0209180 0.0117720 -0.0009268 0.0006613 -0.0020915 0.0172675 0.0209705 0.0309600
-0.1760728 -0.2817289 -0.0300015 0.2480340 0.0221988 -0.0901476 -0.1572940 -0.3612134 -0.0450411 0.2395606 0.0336891 -0.1486508 -0.5278344 -0.8445720 -0.0899389 0.9365427 0.0838198 -0.3403850 -0.3966645 -0.9109093 -0.1135847 0.8437047 0.1186492 -0.5235310 -0.0008227 0.0041174 -0.0007369 0.0292153 0.0252664 -0.0103999 -0.0000139 0.0011878 -0.0010657 0.0292490 0.0064069 -0.0110571 -0.0072187 0.0048851 -0.0030349 -0.0083991 0.0750789 0.0037835 -0.0009910 0.0008073 -0.0029677 0.0090238 0.0085450 0.0168992
-0.1768955 -0.2776115 -0.0307384 0.2772493 0.0474652 -0.1005475 -0.1573078 -0.3600256 -0.0461068 0.2688095 0.0400960 -0.1597079 -0.5350531 -0.8396869 -0.0929739 0.9281437 0.1588987 -0.3366015 -0.3976555 -0.9101020 -0.1165525 0.8527285 0.1271942 -0.5066318 0.0002005 -0.0006197 -0.0008951 0.0109972 0.0073372 -0.0011073 0.0002508 0.0001074 -0.0009955 0.0222752 0.0056392 -0.0106123 0.0014099 -0.0006093 -0.0025634 0.0001249 0.0175869 0.0092326 0.0005535 0.0000872 -0.0025405 0.0025491 0.0071869 0.0061899
-0.1766950 -0.2782312 -0.0316334 0.2882465 0.0548024 -0.1016548 -0.1570571 -0.3599182 -0.0471022 0.2910848 0.0457352 -0.1703201 -0.5336431 -0.8402962 -0.0955373 0.9282685 0.1764856 -0.3273688 -0.3971020 -0.9100148 -0.1190930 0.8552775 0.1343811 -0.5004419 0.0033195 -0.0083287 0.0152466 0.0258705 -0.0007116 -0.0338323 0.0034146 -0.0118266 0.0131088 0.0294850 0.0014939 -0.0533715 0.0166089 -0.0142724 0.0466690 -0.0213097 -0.0203077 -0.0638268 0.0164952 -0.0108801 0.0348837 -0.0411176 -0.0144320 -0.0676741
-0.1733755 -0.2865599 -0.0163869 0.3141170 0.0540908 -0.1354871 -0.1536425 -0.3717448 -0.0339934 0.3205697 0.0472291 -0.2236916 -0.5170342 -0.8545686 -0.0488683 0.9069589 0.1561779 -0.3911957 -0.3806068 -0.9208948 -0.0842093 0.8141600 0.1199491 -0.5681160 0.0008904 -0.0059538 -0.0014247 0.0229955 0.0021476 -0.0169762 0.0010196 -0.0048878 -0.0015022 0.0166432 0.0008615 -0.0213861 0.0097967 -0.0056444 -0.0035113 -0.0061572 -0.0059027 -0.0162030 0.0064656 -0.0023857 -0.0028049 -0.0105619 -0.0053464 -0.0159186
-0.1724851 -0.2925137 -0.0178116 0.3371125 0.0562384 -0.1524633 -0.1526229 -0.3766326 -0.0354956 0.3372130 0.0480906 -0.2450778 -0.5072375 -0.8602130 -0.0523797 0.9008017 0.1502752 -0.4073986 -0.3741412 -0.9232805 -0.0870142 0.8035981 0.1146027 -0.5840345 -0.0009693 -0.0022886 -0.0001160 0.0160769 0.0036679 -0.0132515 -0.0000581 -0.0035080 -0.0000645 0.0356683 0.0089618 -0.0195405 0.0008229 -0.0004870 0.0000385 -0.0059855 0.0014992 -0.0124448 0.0028324 -0.0011929 0.0005347 0.0056411 0.0092143 0.0097512
-0.1734544 -0.2948023 -0.0179276 0.3531895 0.0599063 -0.1657148 -0.1526810 -0.3801406 -0.0355601 0.3728813 0.0570524 -0.2646183 -0.5064146 -0.8607001 -0.0523412 0.8948162 0.1517744 -0.4198435 -0.3713088 -0.9244734 -0.0864795 0.8092392 0.1238170 -0.5742833 -0.0002382 -0.0025495 -0.0008200 0.0150414 0.0067592 -0.0026700 -0.0002128 -0.0014750 -0.0006824 0.0174354 0.0074979 0.0023642 0.0027752 -0.0015019 -0.0020195 0.0025297 0.0106835 0.0095047 0.0008359 -0.0002091 -0.0013388 0.0130889 0.0121791 0.0217603
-0.1736926 -0.2973518 -0.0187476 0.3682309 0.0666655 -0.1683848 -0.1528938 -0.3816156 -0.0362426 0.3903166 0.0645503 -0.2622541 -0.5036394 -0.8622020 -0.0543607 0.8973459 0.1624579 -0.4103387 -0.3704728 -0.9246826 -0.0878184 0.8223281 0.1359961 -0.5525230 -0.0029123 -0.0060563 0.0010014 0.0149222 0.0062241 -0.0058585 -0.0024351 -0.0031938 0.0007109 0.0120192 0.0046468 -0.0064467 0.0012244 -0.0009495 0.0038754 -0.0004029 0.0081732 0.0024436 -0.0024705 0.0007587 0.0025073 0.0008897 0.0055879 0.0027352
-0.1766049 -0.3034081 -0.0177462 0.3831531 0.0728896 -0.1742433 -0.1553289 -0.3848094 -0.0355316 0.4023358 0.0691971 -0.2687008 -0.5024150 -0.8631514 -0.0504853 0.8969430 0.1706310 -0.4078951 -0.3729433 -0.9239239 -0.0853111 0.8232177 0.1415839 -0.5497878 -0.0008061 -0.0015429 -0.0004377 0.0315400 0.0180747 -0.0368191 -0.0011069 -0.0022461 -0.0004757 0.0334173 0.0173055 -0.0186347 0.0002199 -0.0000696 -0.0009876 -0.0222892 0.0212272 -0.0372692 -0.0003909 0.0002154 -0.0006205 0.0003882 0.0219125 0.0067020
-0.1774110 -0.3049510 -0.0181839 0.4146931 0.0909643 -0.2110624 -0.1564358 -0.3870555 -0.0360074 0.4357531 0.0865026 -0.2873356 -0.5021951 -0.8632211 -0.0514729 0.8746538 0.1918582 -0.4451642 -0.3733343 -0.9237084 -0.0859316 0.8236060 0.1634964 -0.5430858 0.0026821 -0.0021111 -0.0007680 0.0033493 0.0028251 0.0515809 0.0010097 -0.0002424 -0.0005778 0.0073825 0.0047739 0.0347519 0.0083357 -0.0046692 -0.0020933 0.0397906 0.0133009 0.0963073 0.0023195 -0.0008029 -0.0014001 0.0315892 0.0126556 0.0556315
-0.1747289 -0.3070621 -0.0189519 0.4180424 0.0937894 -0.1594815 -0.1554261 -0.3872979 -0.0365851 0.4431356 0.0912765 -0.2525837 -0.4938594 -0.8678903 -0.0535662 0.9144444 0.2051591 -0.3488569 -0.3710147 -0.9245113 -0.0873317 0.8551952 0.1761520 -0.4874543 0.0010099 -0.0007226 -0.0008243 0.0057481 0.0017633 -0.0001139 0.0003663 -0.0022513 -0.0006728 0.0177668 0.0057289 0.0039677 0.0030980 -0.0016107 -0.0023021 0.0012321 0.0012999 0.0040219 0.0026385 -0.0009422 -0.0011821 0.0102046 0.0059873 0.0206477
-0.1737190 -0.3077847 -0.0197762 0.4237905 0.0955527 -0.1595955 -0.1550599 -0.3895492 -0.0372579 0.4609023 0.0970054 -0.2486160 -0.4907613 -0.8695010 -0.0558683 0.9156765 0.2064590 -0.3448351 -0.3683763 -0.9254535 -0.0885138 0.8653998 0.1821394 -0.4668066 0.0004634 -0.0009191 -0.0008791 0.0054622 0.0013490 -0.0017859 -0.0013512 0.0021140 0.0001840 0.0066942 0.0030471 -0.0012178 0.0021689 -0.0010646 -0.0023809 0.0001351 0.0002810 0.0005275 -0.0045122 0.0017965 0.0001285 0.0013018 0.0033104 0.0037335
-0.1732556 -0.3087038 -0.0206552 0.4292527 0.0969017 -0.1613814 -0.1564110 -0.3874352 -0.0370739 0.4675965 0.1000525 -0.2498338 -0.4885924 -0.8705656 -0.0582492 0.9158116 0.2067400 -0.3443076 -0.3728885 -0.9236570 -0.0883853 0.8667016 0.1854498 -0.4630731 0.0035491 0.0009154 -0.0016736 0.0100303 0.0012952 -0.0001488 0.0028128 -0.0000015 -0.0014621 0.0156043 0.0050447 0.0027020 0.0067216 -0.0033799 -0.0051520 0.0027480 -0.0014060 0.0065410 0.0059120 -0.0020057 -0.0036848 0.0073743 0.0046636 0.0160293
-0.1697065 -0.3077884 -0.0223288 0.4392830 0.0981969 -0.1615302 -0.1535982 -0.3874367 -0.0385360 0.4832008 0.1050972 -0.2471318 -0.4818708 -0.8739455 -0.0634012 0.9185596 0.2053339 -0.3377665 -0.3669765 -0.9256627 -0.0920701 0.8740760 0.1901134 -0.4470438 -0.0016600 -0.0000850 0.0013250 0.0016744 0.0048688 -0.0019032 -0.0007256 -0.0017542 0.0010701 0.0025990 0.0026940 -0.0015708 -0.0036165 0.0017292 0.0038967 -0.0026302 0.0087477 -0.0017072 -0.0001606 -0.0002239 0.0029385 -0.0008116 0.0036500 -0.0000190
-0.1713665 -0.3078734 -0.0210038 0.4409574 0.1030657 -0.1634334 -0.1543239 -0.3891909 -0.0374660 0.4857999 0.1077912 -0.2487025 -0.4854873 -0.8722163 -0.0595045 0.9159294 0.2140817 -0.3394738 -0.3671371 -0.9258866 -0.0891316 0.8732643 0.1937634 -0.4470628 -0.0009287 -0.0013570 0.0016177 0.0007722 -0.0004077 0.0023261 -0.0007224 -0.0026884 0.0023791 -0.0048767 -0.0009603 -0.0004426 -0.0005073 -0.0000331 0.0048220 0.0019152 -0.0007745 0.0047181 0.0005060 -0.0007730 0.0061632 -0.0021257 -0.0002511 -0.0042358
-0.1722951 -0.3092304 -0.0193861 0.4417296 0.1026580 -0.1611074 -0.1550463 -0.3918793 -0.0350869 0.4809232 0.1068309 -0.2491451 -0.4859947 -0.8722494 -0.0546825 0.9178446 0.2133072 -0.3347557 -0.3666311 -0.9266595 -0.0829684 0.8711387 0.1935123 -0.4512986 -0.0021103 0.0000449 0.0032440 -0.0056343 -0.0092858 -0.0570013 -0.0011980 0.0003068 0.0011513 -0.0049235 -0.0070615 -0.0291666 -0.0048047 0.0021618 0.0092568 -0.0394283 -0.0252298 -0.1045752 -0.0027780 0.0008629 0.0027344 -0.0216633 -0.0154625 -0.0453803
-0.1744055 -0.3091855 -0.0161420 0.4360953 0.0933722 -0.2181086 -0.1562443 -0.3915725 -0.0339356 0.4759997 0.0997694 -0.2783117 -0.4907994 -0.8700876 -0.0454258 0.8784163 0.1880774 -0.4393310 -0.3694091 -0.9257966 -0.0802340 0.8494754 0.1780498 -0.4966788 -0.0072192 0.0107413 0.0081777 -0.0233759 -0.0098022 0.0303736 -0.0014120 0.0027720 0.0021902 -0.0296110 -0.0094118 0.0016276 -0.0289352 0.0160639 0.0226352 0.0167594 -0.0068166 0.0321394 -0.0052954 0.0017275 0.0047841 -0.0118146 -0.0084913 -0.0225266
-0.1816246 -0.2984442 -0.0079643 0.4127194 0.0835700 -0.1877350 -0.1576563 -0.3888005 -0.0317454 0.4463887 0.0903576 -0.2766842 -0.5197346 -0.8540238 -0.0227905 0.8951757 0.1812608 -0.4071915 -0.3747045 -0.9240692 -0.0754499 0.8376608 0.1695585 -0.5192055 -0.0060646 0.0330353 0.0109705 -0.0075218 -0.0009853 0.0054249 -0.0085006 0.0324678 0.0108036 -0.0344249 -0.0138167 -0.0016568 -0.0576256 0.0375865 0.0320382 0.0014145 0.0014763 0.0037897 -0.0473075 0.0190406 0.0222610 -0.0187077 -0.0174010 -0.0341154
-0.1876893 -0.2654089 0.0030062 0.4051976 0.0825847 -0.1823101 -0.1661568 -0.3563327 -0.0209418 0.4119638 0.0765409 -0.2783410 -0.5773601 -0.8164372 0.0092476 0.8965903 0.1827371 -0.4034018 -0.4220120 -0.9050286 -0.0531888 0.8189531 0.1521575 -0.5533209 0.0044814 -0.0281964 -0.0082298 -0.0332149 -0.0171933 0.0073983 0.0042937 -0.0284609 -0.0073795 -0.0331077 -0.0104301 0.0103439 0.0480354 -0.0318479 -0.0243395 -0.0028794 -0.0256304 -0.0168343 0.0351601 -0.0146256 -0.0144989 -0.0107239 -0.0111207 -0.0184083
-0.1832079 -0.2936053 -0.0052236 0.3719828 0.0653914 -0.1749118 -0.1618632 -0.3847936 -0.0283213 0.3788561 0.0661108 -0.2679971 -0.5293247 -0.8482851 -0.0150919 0.8937109 0.1571068 -0.4202361 -0.3868519 -0.9196543 -0.0676878 0.8082292 0.1410369 -0.5717291 0.0025693 -0.0086391 0.0005207 -0.0208800 -0.0049565 0.0089068 0.0018696 -0.0066669 -0.0011503 -0.0419305 -0.0142283 0.0198718 0.0163541 -0.0100172 0.0017368 -0.0004185 -0.0033454 -0.0021218 0.0094370 -0.0037767 -0.0018339 -0.0091378 -0.0179864 -0.0167533
-0.1806385 -0.3022444 -0.0047029 0.3511027 0.0604349 -0.1660050 -0.1599936 -0.3914605 -0.0294716 0.3369256 0.0518825 -0.2481253 -0.5129706 -0.8583023 -0.0133551 0.8932924 0.1537614 -0.4223579 -0.3774149 -0.9234309 -0.0695217 0.7990913 0.1230505 -0.5884825 0.0014291 -0.0043472 -0.0019358 -0.0364621 -0.0102363 0.0307263 0.0003124 -0.0000668 -0.0002328 -0.0198146 -0.0054194 0.0266913 0.0084223 -0.0048789 -0.0053355 0.0156828 -0.0087410 0.0315469 0.0007015 -0.0002444 -0.0005558 0.0149476 -0.0037775 0.0200508
-0.1792095 -0.3065916 -0.0066387 0.3146406 0.0501986 -0.1352787 -0.1596812 -0.3915273 -0.0297044 0.3171110 0.0464631 -0.2214340 -0.5045483 -0.8631812 -0.0186906 0.9089752 0.1450203 -0.3908109 -0.3767134 -0.9236753 -0.0700775 0.8140390 0.1192730 -0.5684316 0.0002095 0.0009709 -0.0015746 -0.0165592 -0.0057188 0.0079333 0.0003477 0.0012970 -0.0003028 -0.0343426 -0.0115061 0.0360236 -0.0007056 0.0005219 -0.0044927 0.0020826 -0.0090720 0.0015916 -0.0003429 0.0002112 -0.0009334 0.0177876 -0.0164391 0.0230054
-0.1790000 -0.3056207 -0.0082133 0.2980814 0.0444798 -0.1273454 -0.1593335 -0.3902303 -0.0300072 0.2827684 0.0349570 -0.1854104 -0.5052539 -0.8626593 -0.0231833 0.9110578 0.1359483 -0.3892194 -0.3770563 -0.9234641 -0.0710109 0.8318266 0.1028338 -0.5454262 0.0001091 -0.0001271 -0.0002586 -0.0310184 -0.0081589 0.0270660 0.0003575 -0.0003987 0.0005470 -0.0329498 -0.0120947 0.0104682 0.0003944 -0.0002111 -0.0007259 0.0176235 -0.0096465 0.0405090 0.0010196 -0.0005167 0.0013267 -0.0149930 -0.0280808 -0.0265833
-0.1788909 -0.3057478 -0.0084719 0.2670630 0.0363209 -0.1002794 -0.1589761 -0.3906290 -0.0294602 0.2498186 0.0228623 -0.1749421 -0.5048595 -0.8628704 -0.0239092 0.9286813 0.1263018 -0.3487104 -0.3760367 -0.9239808 -0.0696842 0.8168336 0.0747530 -0.5720095 0.0003278 0.0010755 -0.0014703 -0.0126220 -0.0159287 0.0234006 0.0003481 0.0015211 -0.0007553 -0.0306156 -0.0069020 0.0152285 -0.0005799 0.0004673 -0.0042332 0.0257725 -0.0498070 0.0603243 -0.0004973 0.0003585 -0.0020380 -0.0100079 -0.0160076 -0.0158522
-0.1785631 -0.3046723 -0.0099422 0.2544410 0.0203922 -0.0768788 -0.1586280 -0.3891079 -0.0302155 0.2192030 0.0159603 -0.1597136 -0.5054394 -0.8624030 -0.0281424 0.9544538 0.0764948 -0.2883861 -0.3765340 -0.9236223 -0.0717223 0.8068257 0.0587454 -0.5878617 -0.0076876 0.0103474 -0.0032121 -0.0600378 0.0108461 -0.0446719 -0.0081081 0.0110930 -0.0022691 -0.0328905 0.0074263 0.0089068 -0.0289140 0.0179848 -0.0095974 -0.1143131 0.0585059 -0.2369123 -0.0257932 0.0114881 -0.0066618 -0.0332184 0.0383605 -0.0383191
-0.1862507 -0.2943249 -0.0131543 0.1944032 0.0312383 -0.1215507 -0.1667361 -0.3780149 -0.0324846 0.1863125 0.0233866 -0.1508069 -0.5343534 -0.8444183 -0.0377398 0.8401407 0.1350007 -0.5252984 -0.4023272 -0.9121342 -0.0783841 0.7736072 0.0971059 -0.6261807 -0.0007273 0.0066533 -0.0007879 -0.0473167 -0.0048920 -0.0185955 -0.0006591 0.0066366 -0.0005286 0.0141522 0.0008694 -0.0365563 -0.0101681 0.0066547 -0.0028631 -0.1221713 -0.0063973 -0.1587930 -0.0072558 0.0034446 -0.0023929 -0.0458678 -0.0090503 -0.0539968
-0.1869780 -0.2876716 -0.0139423 0.1470866 0.0263463 -0.1401462 -0.1673952 -0.3713783 -0.0330133 0.2004647 0.0242560 -0.1873632 -0.5445214 -0.8377636 -0.0406029 0.7179694 0.1286034 -0.6840914 -0.4095830 -0.9086896 -0.0807770 0.7277395 0.0880556 -0.6801775 0.0002965 -0.0001110 0.0015144 0.0539941 -0.0363827 0.0741121 -0.0003190 0.0000310 0.0015683 -0.0642238 -0.0016049 0.0411395 0.0006631 -0.0006320 0.0043970 0.2310454 -0.1759710 0.3724391 -0.0008016 0.0000290 0.0038335 -0.0503851 0.0245597 -0.0468086
-0.1866815 -0.2877826 -0.0124278 0.2010807 -0.0100364 -0.0660340 -0.1677141 -0.3713473 -0.0314449 0.1362409 0.0226511 -0.1462237 -0.5438584 -0.8383956 -0.0362059 0.9490148 -0.0473676 -0.3116523 -0.4103846 -0.9086606 -0.0769435 0.6773544 0.1126154 -0.7269861 0.0007453 -0.0002150 -0.0023764 -0.0959213 0.0224186 -0.0618550 0.0000286 0.0010805 -0.0016191 -0.0826805 -0.0492235 -0.0484942 0.0019662 -0.0009442 -0.0069394 -0.3156556 0.1219437 -0.4586038 -0.0008006 0.0007216 -0.0041334 -0.4144045 -0.2430703 -0.2289631
-0.1859362 -0.2879976 -0.0148042 0.1051594 0.0123822 -0.1278890 -0.1676855 -0.3702668 -0.0330640 0.0535604 -0.0265724 -0.1947179 -0.5418922 -0.8393398 -0.0431453 0.6333592 0.0745761 -0.7702561 -0.4111852 -0.9079390 -0.0810769 0.2629499 -0.1304549 -0.9559492 0.0001575 0.0006558 -0.0014743 0.0006698 0.0007377 -0.0018772 -0.0000545 0.0003867 -0.0006186 0.0012952 0.0007846 -0.0023820 -0.0004400 0.0005207 -0.0043755 -0.0032808 0.0035362 -0.0023367 -0.0004141 0.0003296 -0.0015733 0.0030684 0.0053987 0.0001274
-0.1857787 -0.2873418 -0.0162785 0.1058292 0.0131199 -0.1297662 -0.1677400 -0.3698801 -0.0336826 0.0548556 -0.0257878 -0.1970998 -0.5423322 -0.8388191 -0.0475208 0.6300784 0.0781123 -0.7725928 -0.4115993 -0.9076095 -0.0826502 0.2660183 -0.1250562 -0.9558218 0.0044577 -0.0078113 -0.0005536 0.0073519 -0.0046032 0.0039452 0.0035372 -0.0059505 0.0007660 0.0087994 -0.0047387 0.0047314 0.0195045 -0.0122364 -0.0010135 0.0378523 -0.0278516 0.0300685 0.0125204 -0.0058104 0.0026495 0.0446252 -0.0239164 0.0170418
-0.1813210 -0.2951531 -0.0168321 0.1131810 0.0085167 -0.1258210 -0.1642028 -0.3758306 -0.0329166 0.0636550 -0.0305265 -0.1923685 -0.5228277 -0.8510556 -0.0485343 0.6679307 0.0502608 -0.7425243 -0.3990789 -0.9134199 -0.0800006 0.3106435 -0.1489726 -0.9387799 0.0018523 -0.0018864 -0.0003172 0.0029722 -0.0010528 0.0004034 0.0018487 -0.0024046 -0.0000399 0.0030765 -0.0007586 0.0003009 0.0063270 -0.0038076 -0.0008205 0.0109120 -0.0066389 0.0095375 0.0058982 -0.0025708 0.0001882 0.0137323 -0.0031016 0.0051559
-0.1794686 -0.2970395 -0.0171493 0.1161532 0.0074639 -0.1254175 -0.1623541 -0.3782352 -0.0329565 0.0667314 -0.0312851 -0.1920676 -0.5165007 -0.8548632 -0.0493548 0.6788428 0.0436218 -0.7329868 -0.3931807 -0.9159907 -0.0798124 0.3243758 -0.1520742 -0.9336240 0.0007086 -0.0012234 0.0009416 0.0183462 0.0061283 0.0016155 0.0005307 -0.0013873 0.0006748 0.0236133 0.0077882 0.0023350 0.0029805 -0.0019502 0.0027952 0.0548922 0.0305278 0.0576093 0.0022416 -0.0011160 0.0018249 0.1028795 0.0409532 0.0363475
-0.1787601 -0.2982629 -0.0162077 0.1344994 0.0135922 -0.1238020 -0.1618234 -0.3796225 -0.0322818 0.0903448 -0.0234970 -0.1897326 -0.5135202 -0.8568134 -0.0465596 0.7337350 0.0741496 -0.6753775 -0.3909391 -0.9171066 -0.0779875 0.4272552 -0.1111210 -0.8972765 0.0008016 -0.0008623 -0.0001259 0.0081519 0.0027220 -0.0108751 0.0003531 -0.0008242 -0.0000150 0.0100132 0.0036893 -0.0149492 0.0027940 -0.0016512 -0.0003165 -0.0090982 0.0087229 -0.0087523 0.0014360 -0.0006176 0.0000803 0.0113333 0.0245567 0.0027673
-0.1779585 -0.2991252 -0.0163336 0.1426513 0.0163142 -0.1346771 -0.1614703 -0.3804467 -0.0322968 0.1003579 -0.0198076 -0.2046818 -0.5107262 -0.8584646 -0.0468760 0.7246368 0.0828725 -0.6841298 -0.3895031 -0.9177242 -0.0779072 0.4385885 -0.0865642 -0.8945092 0.0002825 -0.0006409 -0.0001459 0.0885444 0.0057062 0.0391230 0.0000085 -0.0002418 -0.0002807 0.0750408 0.0183821 0.0340219 0.0014147 -0.0008202 -0.0003626 0.1959799 0.0048123 0.3036351 0.0002463 -0.0000507 -0.0006317 0.2781218 0.0807394 0.1971625
-0.1776760 -0.2997661 -0.0164794 0.2311957 0.0220204 -0.0955541 -0.1614618 -0.3806885 -0.0325775 0.1753987 -0.0014255 -0.1706599 -0.5093114 -0.8592848 -0.0472386 0.9206167 0.0876848 -0.3804947 -0.3892568 -0.9177749 -0.0785388 0.7167103 -0.0058248 -0.6973467 0.0005816 -0.0014354 0.0006667 0.0075250 -0.0002659 -0.0017523 0.0005948 -0.0012633 0.0004224 0.0290962 0.0255973 0.0143144 0.0029859 -0.0018717 0.0020289 0.0021282 -0.0035955 0.0043687 0.0022702 -0.0010601 0.0011854 0.0742299 0.0993159 0.0926377
-0.1770944 -0.3012015 -0.0158127 0.2387206 0.0217545 -0.0973064 -0.1608670 -0.3819518 -0.0321552 0.2044949 0.0241718 -0.1563455 -0.5063255 -0.8611565 -0.0452098 0.9227449 0.0840893 -0.3761260 -0.3869867 -0.9188350 -0.0773534 0.7909402 0.0934911 -0.6047091 0.0034394 -0.0009264 -0.0001293 0.0182205 0.0179216 -0.0116205 0.0032393 -0.0008663 -0.0003329 0.0220810 -0.0008152 -0.0126577 0.0085229 -0.0049290 -0.0004899 -0.0112280 0.0566645 -0.0103002 0.0074105 -0.0030118 -0.0008797 0.0079116 -0.0111414 0.0088447
-0.1736550 -0.3021279 -0.0159420 0.2569411 0.0396761 -0.1089270 -0.1576277 -0.3828181 -0.0324881 0.2265759 0.0233566 -0.1690032 -0.4978027 -0.8660855 -0.0456997 0.9115169 0.1407538 -0.3864262 -0.3795762 -0.9218468 -0.0782331 0.7988518 0.0823497 -0.5958644 -0.0001140 -0.0009473 0.0006618 0.0092318 0.0044235 -0.0023358 -0.0002711 -0.0008575 0.0005595 0.0327311 0.0055752 -0.0228947 0.0008810 -0.0006091 0.0020034 0.0005252 0.0103536 0.0051839 0.0001239 -0.0001774 0.0015044 0.0017608 0.0069775 0.0033780
-0.1737690 -0.3030752 -0.0152802 0.2661729 0.0440996 -0.1112628 -0.1578989 -0.3836756 -0.0319286 0.2593070 0.0289318 -0.1918979 -0.4969216 -0.8666946 -0.0436963 0.9120421 0.1511074 -0.3812423 -0.3794523 -0.9220242 -0.0767288 0.8006126 0.0893272 -0.5924864 -0.0005515 -0.0010741 0.0005480 0.0262972 0.0023682 -0.0181276 -0.0008300 -0.0006236 0.0001344 0.0294753 0.0049239 -0.0205329 0.0001015 -0.0001427 0.0017090 -0.0070428 -0.0073206 -0.0191345 -0.0011897 0.0004503 0.0004842 0.0013492 0.0046917 0.0025562
-0.1743205 -0.3041493 -0.0147322 0.2924700 0.0464678 -0.1293904 -0.1587289 -0.3842992 -0.0317942 0.2887823 0.0338557 -0.2124308 -0.4968201 -0.8668373 -0.0419873 0.9049993 0.1437868 -0.4003769 -0.3806420 -0.9215739 -0.0762446 0.8019619 0.0940188 -0.5899302 -0.0091823 0.0158586 0.0079880 0.0242652 0.0050551 -0.0308407 -0.0011888 0.0055859 0.0011416 0.0307602 0.0026368 -0.0409936 -0.0400448 0.0233998 0.0222562 -0.0219362 -0.0001401 -0.0463503 -0.0072872 0.0028890 0.0018873 -0.0215750 -0.0048968 -0.0289831
-0.1835028 -0.2882907 -0.0067442 0.3167352 0.0515229 -0.1602311 -0.1599177 -0.3787133 -0.0306526 0.3195425 0.0364925 -0.2534244 -0.5368649 -0.8434375 -0.0197312 0.8830631 0.1436467 -0.4467271 -0.3879292 -0.9186849 -0.0743572 0.7803868 0.0891220 -0.6189133 0.0046494 -0.0117127 -0.0048214 0.0152838 0.0038630 -0.0068434 0.0015536 -0.0074082 -0.0014288 0.0164860 0.0079674 0.0022821 0.0250698 -0.0150324 -0.0133641 0.0004596 0.0037385 0.0021317 0.0095808 -0.0037998 -0.0022885 0.0161569 0.0162686 0.0235891
-0.1788534 -0.3000034 -0.0115656 0.3320190 0.0553859 -0.1670745 -0.1583641 -0.3861215 -0.0320813 0.3360284 0.0444599 -0.2511424 -0.5117950 -0.8584699 -0.0330953 0.8835228 0.1473852 -0.4445954 -0.3783485 -0.9224846 -0.0766457 0.7965437 0.1053906 -0.5953242 0.0015911 -0.0028043 -0.0014666 0.0303647 0.0074354 -0.0001267 0.0006001 -0.0010273 -0.0004765 0.0540560 0.0128421 -0.0113635 0.0069449 -0.0039388 -0.0040208 0.0134427 0.0081089 0.0307422 0.0021153 -0.0007814 -0.0009977 0.0270010 0.0155851 0.0411230
-0.1772623 -0.3028077 -0.0130321 0.3623837 0.0628213 -0.1672012 -0.1577641 -0.3871488 -0.0325578 0.3900844 0.0573020 -0.2625058 -0.5048502 -0.8624087 -0.0371161 0.8969655 0.1554941 -0.4138532 -0.3762331 -0.9232660 -0.0776434 0.8235447 0.1209758 -0.5542012 -0.0020627 -0.0024618 -0.0007220 0.0072635 0.0039336 -0.0023658 -0.0026131 -0.0014393 -0.0003295 0.0096184 0.0030458 -0.0050441 -0.0012733 0.0008217 -0.0017035 -0.0000388 0.0064826 0.0024093 -0.0041075 0.0017141 -0.0003502 0.0010018 0.0035156 0.0022728
-0.1793250 -0.3052695 -0.0137542 0.3696472 0.0667549 -0.1695669 -0.1603771 -0.3885881 -0.0328873 0.3997028 0.0603478 -0.2675499 -0.5061234 -0.8615870 -0.0388196 0.8969267 0.1619767 -0.4114439 -0.3803407 -0.9215519 -0.0779936 0.8245465 0.1244914 -0.5519284 0.0009380 -0.0005191 -0.0002286 0.0235954 0.0087390 -0.0096395 0.0008464 -0.0015982 -0.0002060 0.0281178 0.0093547 0.0011114 0.0026234 -0.0015064 -0.0006470 -0.0005365 0.0101104 0.0029458 0.0030535 -0.0012313 -0.0002716 0.0162944 0.0125022 0.0282688
-0.1783869 -0.3057886 -0.0139828 0.3932427 0.0754939 -0.1792064 -0.1595307 -0.3901863 -0.0330933 0.4278206 0.0697025 -0.2664385 -0.5035000 -0.8630933 -0.0394665 0.8963902 0.1720871 -0.4084981 -0.3772871 -0.9227833 -0.0782651 0.8408409 0.1369937 -0.5236596 0.0002141 -0.0014872 0.0000083 0.0103353 0.0039612 0.0066242 0.0005565 -0.0020944 -0.0001541 0.0162583 0.0058453 0.0070280 0.0022689 -0.0013266 0.0001539 0.0083638 0.0060379 0.0215978 0.0028541 -0.0011581 -0.0000429 0.0134614 0.0083424 0.0246154
-0.1781729 -0.3072758 -0.0139745 0.4035780 0.0794551 -0.1725822 -0.1589742 -0.3922807 -0.0332475 0.4440789 0.0755478 -0.2594105 -0.5012311 -0.8644200 -0.0393126 0.9047539 0.1781250 -0.3869003 -0.3744330 -0.9239414 -0.0783080 0.8543023 0.1453360 -0.4990442 -0.0049616 0.0100268 0.0057423 0.0196804 0.0053214 -0.0065288 -0.0002366 0.0042990 0.0026598 0.0227132 0.0059808 0.0005571 -0.0231609 0.0132694 0.0157403 0.0009033 0.0032736 0.0036517 -0.0041967 0.0012562 0.0055654 0.0102063 0.0056566 0.0196424
-0.1831344 -0.2972490 -0.0082322 0.4232584 0.0847765 -0.1791110 -0.1592108 -0.3879817 -0.0305877 0.4667921 0.0815286 -0.2588534 -0.5243920 -0.8511506 -0.0235724 0.9056573 0.1813985 -0.3832486 -0.3786297 -0.9226852 -0.0727426 0.8645086 0.1509926 -0.4794018 0.0016588 -0.0040068 -0.0007093 0.0066710 0.0057770 0.0302741 0.0012046 -0.0042803 -0.0000743 0.0015329 0.0045174 0.0216411 0.0085539 -0.0051584 -0.0018436 0.0211393 0.0138072 0.0624015 0.0059732 -0.0024620 0.0004265 0.0158359 0.0107543 0.0334966
-0.1814756 -0.3012558 -0.0089415 0.4299294 0.0905535 -0.1488370 -0.1580062 -0.3922620 -0.0306620 0.4683250 0.0860460 -0.2372123 -0.5158381 -0.8563090 -0.0254160 0.9267966 0.1952057 -0.3208471 -0.3726566 -0.9251473 -0.0723161 0.8803445 0.1617469 -0.4459052 -0.0028560 0.0094979 0.0044424 0.0043583 0.0001340 0.0002702 -0.0023163 0.0100738 0.0026971 0.0112485 0.0037585 0.0034800 -0.0182409 0.0109749 0.0123804 0.0014269 -0.0013751 0.0033083 -0.0132951 0.0050880 0.0049949 0.0061048 0.0042488 0.0138717
-0.1843316 -0.2917579 -0.0044991 0.4342877 0.0906875 -0.1485668 -0.1603225 -0.3821882 -0.0279649 0.4795734 0.0898045 -0.2337323 -0.5340791 -0.8453340 -0.0130356 0.9282235 0.1938306 -0.3175388 -0.3859517 -0.9200593 -0.0673212 0.8864493 0.1659957 -0.4320336 0.0049183 -0.0089943 -0.0015707 0.0045534 0.0004035 -0.0001924 0.0038576 -0.0091143 -0.0021616 0.0153879 0.0014079 0.0065178 0.0218413 -0.0133348 -0.0042942 0.0010568 -0.0009384 0.0025296 0.0156209 -0.0060998 -0.0039840 0.0098832 -0.0008179 0.0205676
-0.1794133 -0.3007522 -0.0060698 0.4388412 0.0910910 -0.1487592 -0.1564649 -0.3913025 -0.0301265 0.4949613 0.0912124 -0.2272145 -0.5122378 -0.8586688 -0.0173298 0.9292802 0.1928923 -0.3150092 -0.3703308 -0.9261591 -0.0713052 0.8963326 0.1651778 -0.4114659 -0.0003531 0.0020414 0.0009248 0.0019460 0.0001840 0.0026195 -0.0001679 0.0022448 0.0003444 0.0008682 0.0005589 0.0018611 -0.0033403 0.0019533 0.0025735 0.0020915 -0.0000306 0.0062197 -0.0021963 0.0008449 0.0004730 0.0013953 0.0009794 0.0034507
-0.1797665 -0.2987108 -0.0051451 0.4407871 0.0912750 -0.1461397 -0.1566328 -0.3890577 -0.0297821 0.4958295 0.0917713 -0.2253534 -0.5155780 -0.8567156 -0.0147563 0.9313718 0.1928617 -0.3087895 -0.3725271 -0.9253142 -0.0708322 0.8977279 0.1661572 -0.4080153 -0.0007182 0.0022800 0.0006741 -0.0002901 -0.0010003 -0.0247716 -0.0005218 0.0022649 0.0009126 0.0083814 0.0010029 -0.0179400 -0.0044278 0.0026500 0.0018747 -0.0156505 -0.0051954 -0.0465074 -0.0029943 0.0010713 0.0018484 -0.0092107 -0.0026711 -0.0207148
-0.1804846 -0.2964308 -0.0044710 0.4404970 0.0902747 -0.1709114 -0.1571545 -0.3867928 -0.0288695 0.5042109 0.0927742 -0.2432934 -0.5200058 -0.8540656 -0.0128816 0.9157213 0.1876663 -0.3552968 -0.3755214 -0.9242429 -0.0689838 0.8885172 0.1634861 -0.4287301 0.0013392 -0.0037425 -0.0006994 -0.0008274 -0.0001498 0.0003705 0.0006822 -0.0038873 -0.0007836 -0.0122278 -0.0032832 -0.0063214 0.0075838 -0.0045408 -0.0019076 0.0000265 0.0000466 0.0000928 0.0046400 -0.0017738 -0.0013020 -0.0082389 -0.0033648 -0.0178920
-0.1791454 -0.3001733 -0.0051704 0.4396696 0.0901249 -0.1705409 -0.1564723 -0.3906801 -0.0296531 0.4919831 0.0894910 -0.2496148 -0.5124220 -0.8586064 -0.0147893 0.9157478 0.1877129 -0.3552040 -0.3708814 -0.9260167 -0.0702858 0.8802783 0.1601213 -0.4466221 0.0003502 -0.0010756 -0.0004685 -0.0076373 -0.0021953 0.0017857 0.0002132 -0.0013070 0.0002719 -0.0440690 -0.0140161 0.0027284 0.0020999 -0.0012263 -0.0013053 -0.0005850 -0.0014539 -0.0022657 0.0014797 -0.0006537 0.0008277 -0.0138863 -0.0141316 -0.0309258
-0.1787952 -0.3012489 -0.0056389 0.4320323 0.0879296 -0.1687552 -0.1562592 -0.3919871 -0.0293812 0.4479142 0.0754749 -0.2468865 -0.5103221 -0.8598327 -0.0160946 0.9151628 0.1862590 -0.3574697 -0.3694018 -0.9266703 -0.0694581 0.8663920 0.1459897 -0.4775479 0.0007796 -0.0025991 -0.0008463 -0.0283129 -0.0139629 0.0086273 -0.0003749 -0.0005289 0.0002611 -0.0082790 -0.0033614 -0.0015237 0.0049043 -0.0028456 -0.0023180 0.0011955 -0.0183701 -0.0059869 -0.0003525 0.0000872 0.0007164 -0.0045065 -0.0046143 -0.0094495
-0.1780156 -0.3038480 -0.0064852 0.4037194 0.0739667 -0.1601279 -0.1566340 -0.3925160 -0.0291201 0.4396352 0.0721135 -0.2484102 -0.5054178 -0.8626783 -0.0184126 0.9163583 0.1678889 -0.3634567 -0.3697542 -0.9265832 -0.0687417 0.8618855 0.1413754 -0.4869973 0.0003123 -0.0005491 -0.0002602 -0.0109827 -0.0054003 -0.0022824 -0.0004932 0.0003768 0.0004255 -0.0408759 -0.0153690 -0.0011836 0.0013463 -0.0007717 -0.0007214 -0.0040541 -0.0086132 -0.0138128 -0.0013354 0.0004623 0.0009733 -0.0203402 -0.0216212 -0.0397478
-0.1777033 -0.3043971 -0.0067454 0.3927366 0.0685664 -0.1624102 -0.1571272 -0.3921392 -0.0286946 0.3987593 0.0567445 -0.2495938 -0.5040715 -0.8634500 -0.0191341 0.9123042 0.1592757 -0.3772695 -0.3710897 -0.9261209 -0.0677684 0.8415453 0.1197541 -0.5267451 0.0035217 -0.0043688 -0.0039397 -0.0304803 -0.0086445 0.0102844 -0.0003912 0.0008995 0.0000808 -0.0368833 -0.0070068 0.0100204 0.0129605 -0.0071259 -0.0109930 -0.0008415 -0.0085080 -0.0054899 -0.0015336 0.0006101 0.0000802 -0.0131382 -0.0058945 -0.0216868
-0.1741816 -0.3087659 -0.0106851 0.3622563 0.0599219 -0.1521258 -0.1575185 -0.3912397 -0.0286137 0.3618760 0.0497377 -0.2395735 -0.4911110 -0.8705759 -0.0301271 0.9114627 0.1507678 -0.3827594 -0.3726233 -0.9255108 -0.0676883 0.8284071 0.1138596 -0.5484320 -0.0006649 0.0008078 -0.0007905 -0.0284464 -0.0132553 0.0143785 -0.0010344 0.0013094 -0.0005187 -0.0262327 -0.0097224 0.0071893 -0.0023627 0.0014184 -0.0022607 0.0053029 -0.0226040 0.0044543 -0.0031478 0.0013739 -0.0013557 -0.0101543 -0.0163078 -0.0180890
-0.1748466 -0.3079581 -0.0114756 0.3338099 0.0466666 -0.1377473 -0.1585529 -0.3899303 -0.0291324 0.3356433 0.0400153 -0.2323842 -0.4934737 -0.8691575 -0.0323878 0.9167657 0.1281638 -0.3783051 -0.3757711 -0.9241369 -0.0690440 0.8182528 0.0975519 -0.5665209 0.0004600 0.0018864 -0.0031488 -0.0187625 -0.0062765 0.0163919 0.0012040 0.0016062 -0.0028476 -0.0320632 -0.0087352 0.0458915 -0.0011441 0.0010373 -0.0090919 0.0097908 -0.0093762 0.0213981 0.0013188 0.0000192 -0.0070608 0.0305486 -0.0100936 0.0450928
-0.1743866 -0.3060717 -0.0146244 0.3150474 0.0403901 -0.1213554 -0.1573489 -0.3883241 -0.0319800 0.3035801 0.0312801 -0.1864926 -0.4946178 -0.8681202 -0.0414797 0.9265565 0.1187875 -0.3569070 -0.3744524 -0.9241177 -0.0761047 0.8488014 0.0874583 -0.5214281 0.0015738 0.0015798 -0.0075707 -0.0219031 -0.0093663 0.0205978 0.0025471 0.0008474 -0.0068802 -0.0196403 -0.0122165 0.0155001 0.0020161 0.0001681 -0.0217875 0.0144397 -0.0192009 0.0334743 0.0050506 -0.0005137 -0.0166270 0.0064403 -0.0300377 0.0063897
-0.1728128 -0.3044919 -0.0221952 0.2931443 0.0310238 -0.1007576 -0.1548018 -0.3874767 -0.0388602 0.2839398 0.0190636 -0.1709925 -0.4926017 -0.8679521 -0.0632672 0.9409962 0.0995867 -0.3234327 -0.3694018 -0.9246314 -0.0927317 0.8552417 0.0574206 -0.5150384 -0.0063304 0.0106556 0.0010686 -0.0312917 -0.0051565 0.0058617 -0.0063678 0.0107511 0.0007127 -0.0404592 0.0026486 0.0051744 -0.0269741 0.0157277 0.0019929 -0.0048592 -0.0071098 -0.0158248 -0.0222379 0.0091941 0.0000338 -0.0309480 0.0160852 -0.0463321
-0.1791432 -0.2938363 -0.0211266 0.2618527 0.0258673 -0.0948958 -0.1611696 -0.3767256 -0.0381476 0.2434806 0.0217122 -0.1658181 -0.5195758 -0.8522244 -0.0612743 0.9361369 0.0924769 -0.3392576 -0.3916397 -0.9154373 -0.0926980 0.8242936 0.0735058 -0.5613705 -0.0015422 0.0028660 -0.0005828 -0.0374016 0.0054347 -0.0183550 -0.0023829 0.0034006 -0.0000965 -0.0305827 -0.0060756 0.0150733 -0.0069059 0.0043945 -0.0019825 -0.0501877 0.0310777 -0.1077640 -0.0078831 0.0034867 -0.0007238 -0.0096268 -0.0136714 -0.0154638
-0.1806854 -0.2909703 -0.0217094 0.2244511 0.0313020 -0.1132508 -0.1635525 -0.3733250 -0.0382441 0.2128979 0.0156366 -0.1507448 -0.5264816 -0.8478300 -0.0632568 0.8859492 0.1235547 -0.4470215 -0.3995228 -0.9119506 -0.0934218 0.8146668 0.0598344 -0.5768343 0.0000000 0.0000000 0.0000000 0.0000000 0.0000000 0.0000000 0.0000000 0.0000000 0.0000000 0.0000000 0.0000000 0.0000000 0.0000000 0.0000000 0.0000000 0.0000000 0.0000000 0.0000000 0.0000000 0.0000000 0.0000000 0.0000000 0.0000000 0.0000000
