-0.2987059 0.2190900 -0.3604111 0.1244172 0.2645644 -0.4125459 -0.2979927 0.2614278 -0.3937626 0.1408687 0.2507425 -0.3873639 -0.5779485 0.4239044 -0.6973382 0.2460606 0.5232307 -0.8158945 -0.5333275 0.4678861 -0.7047300 0.2919806 0.5197179 -0.8028951 -0.0428089 -0.0125966 0.0309860 -0.0227233 -0.0376587 0.0301694 -0.0491739 -0.0116231 0.0066520 -0.0509562 -0.0014277 -0.0100863 -0.0820001 -0.0248732 0.0607521 -0.0231032 -0.0257544 -0.0224416 -0.0684809 -0.0348530 0.0336793 -0.1037658 0.0021757 -0.0290918
-0.3415149 0.2064935 -0.3294251 0.1016939 0.2269057 -0.3823765 -0.3471666 0.2498048 -0.3871106 0.0899125 0.2493149 -0.3974502 -0.6599486 0.3990312 -0.6365862 0.2229574 0.4974763 -0.8383361 -0.6018084 0.4330330 -0.6710507 0.1882148 0.5218936 -0.8319869 -0.0342898 -0.0042951 0.0027785 -0.0429752 -0.0231710 0.0134897 -0.0547506 -0.0134112 0.0077519 -0.0478449 -0.0292300 0.0210455 -0.0393377 -0.0227864 0.0287716 -0.0849515 -0.0186413 -0.0286538 -0.0668175 -0.0397709 0.0399530 -0.0921809 -0.0194738 -0.0272871
-0.3758046 0.2021984 -0.3266467 0.0587187 0.2037347 -0.3688867 -0.4019172 0.2363936 -0.3793587 0.0420676 0.2200848 -0.3764048 -0.6992863 0.3762448 -0.6078146 0.1380059 0.4788350 -0.8669899 -0.6686258 0.3932622 -0.6310977 0.0960339 0.5024198 -0.8592740 -0.0573629 -0.0053694 0.0008040 -0.0529111 0.0008193 0.0145690 -0.0584917 -0.0024063 0.0132369 -0.0457576 -0.0040916 0.0078791 -0.0518660 -0.0349254 0.0427735 -0.1238120 0.0210935 0.0010395 -0.0586434 -0.0236522 0.0527658 -0.1046719 0.0032128 -0.0034317
-0.4331675 0.1968289 -0.3258426 0.0058076 0.2045539 -0.3543177 -0.4604089 0.2339872 -0.3661218 -0.0036899 0.2159932 -0.3685257 -0.7511523 0.3413194 -0.5650410 0.0141939 0.4999285 -0.8659504 -0.7272693 0.3696100 -0.5783320 -0.0086380 0.5056325 -0.8627057 -0.0203212 -0.0102642 0.0372948 -0.0239546 -0.0115684 0.0126777 -0.0453615 -0.0102571 0.0054279 -0.0424647 -0.0074347 0.0093568 -0.0458928 -0.0134159 0.0578936 -0.0603931 -0.0086192 -0.0038087 -0.0387339 -0.0307645 0.0320510 -0.1018099 -0.0065533 0.0032168
-0.4534887 0.1865648 -0.2885478 -0.0181470 0.1929856 -0.3416400 -0.5057703 0.2237302 -0.3606939 -0.0461547 0.2085586 -0.3591689 -0.7970451 0.3279034 -0.5071474 -0.0461993 0.4913093 -0.8697590 -0.7660032 0.3388455 -0.5462809 -0.1104478 0.4990793 -0.8594889 -0.0110419 -0.0075522 -0.0032401 -0.0152049 -0.0006445 -0.0031910 -0.0266788 -0.0062237 -0.0115498 -0.0116087 0.0007332 -0.0007427 -0.0079791 -0.0176775 0.0014835 -0.0379691 -0.0059088 -0.0004720 -0.0111694 -0.0213691 0.0029472 -0.0269765 -0.0011550 0.0032261
-0.4645306 0.1790125 -0.2917879 -0.0333519 0.1923410 -0.3448310 -0.5324491 0.2175064 -0.3722437 -0.0577634 0.2092917 -0.3599116 -0.8050242 0.3102259 -0.5056639 -0.0841683 0.4854005 -0.8702310 -0.7771725 0.3174764 -0.5433338 -0.1374244 0.4979243 -0.8562628 -0.0195185 -0.0114937 0.0093130 0.0231391 -0.0713408 0.0549007 -0.0207606 -0.0119891 -0.0004184 -0.0096309 -0.0049135 0.0061387 -0.0224910 -0.0238409 0.0227536 0.0516779 -0.1004569 -0.0521370 -0.0154310 -0.0230243 0.0094073 -0.0253297 -0.0043602 0.0019176
-0.4840491 0.1675189 -0.2824749 -0.0102128 0.1210003 -0.2899303 -0.5532097 0.2055174 -0.3726622 -0.0673943 0.2043783 -0.3537729 -0.8275151 0.2863850 -0.4829102 -0.0324904 0.3849436 -0.9223681 -0.7926036 0.2944522 -0.5339265 -0.1627540 0.4935641 -0.8543452 -0.0066331 -0.0043885 0.0081609 -0.0483382 0.0490223 -0.0355468 -0.0160898 -0.0070115 0.0105880 -0.0166287 -0.0006211 0.0070576 -0.0107635 -0.0076939 0.0142737 -0.1249689 0.0722929 0.0470730 -0.0168872 -0.0121953 0.0190909 -0.0417617 0.0023904 0.0104242
-0.4906822 0.1631304 -0.2743140 -0.0585510 0.1700226 -0.3254770 -0.5692996 0.1985059 -0.3620742 -0.0840230 0.2037572 -0.3467153 -0.8382786 0.2786911 -0.4686365 -0.1574593 0.4572364 -0.8752950 -0.8094908 0.2822569 -0.5148356 -0.2045157 0.4959544 -0.8439209 -0.0178229 -0.0149214 0.0215368 -0.0031673 -0.0002962 -0.0002857 -0.0013098 -0.0198168 0.0204014 -0.0060864 -0.0003841 0.0017832 -0.0281618 -0.0261581 0.0379300 -0.0082386 -0.0015643 0.0007053 -0.0190775 -0.0227867 0.0187008 -0.0150291 -0.0004505 0.0035187
-0.5085050 0.1482090 -0.2527772 -0.0617183 0.1697264 -0.3257627 -0.5706094 0.1786891 -0.3416727 -0.0901093 0.2033731 -0.3449321 -0.8664404 0.2525330 -0.4307065 -0.1656979 0.4556721 -0.8745897 -0.8285683 0.2594702 -0.4961349 -0.2195449 0.4955039 -0.8404022 -0.0011630 -0.0016110 -0.0026253 0.0009825 -0.0000508 -0.0008019 -0.0029583 -0.0042722 0.0021071 0.0017017 -0.0000235 -0.0003765 0.0005829 -0.0034826 -0.0031882 0.0028639 -0.0007681 -0.0009372 -0.0039089 -0.0063212 0.0032887 0.0041119 0.0000213 -0.0010509
-0.5096680 0.1465980 -0.2554025 -0.0607358 0.1696756 -0.3265646 -0.5735677 0.1744169 -0.3395657 -0.0884076 0.2033496 -0.3453086 -0.8658576 0.2490504 -0.4338946 -0.1628340 0.4549040 -0.8755269 -0.8324772 0.2531490 -0.4928462 -0.2154330 0.4955253 -0.8414531 0.0016767 -0.0010907 -0.0021293 0.0078645 0.0054184 -0.0036411 0.0015465 -0.0021087 -0.0028100 0.0040666 0.0004012 -0.0012074 0.0016845 -0.0015196 -0.0042075 0.0227692 0.0089490 0.0007571 0.0017312 -0.0029060 -0.0043857 0.0100901 0.0005416 -0.0022008
-0.5079912 0.1455073 -0.2575318 -0.0528713 0.1750940 -0.3302057 -0.5720212 0.1723082 -0.3423757 -0.0843410 0.2037508 -0.3465160 -0.8641730 0.2475308 -0.4381021 -0.1400648 0.4638530 -0.8747698 -0.8307460 0.2502430 -0.4972319 -0.2053429 0.4960669 -0.8436539 0.0025540 -0.0028114 -0.0044210 0.0115241 -0.0036296 -0.0017188 0.0070369 -0.0047717 -0.0061170 0.0180825 -0.0009003 -0.0089575 0.0029706 -0.0043946 -0.0082331 0.0300630 -0.0076815 -0.0082971 0.0055097 -0.0055332 -0.0117889 0.0455329 -0.0068086 -0.0137183
-0.5054372 0.1426959 -0.2619528 -0.0413471 0.1714644 -0.3319245 -0.5649844 0.1675365 -0.3484926 -0.0662585 0.2028505 -0.3554735 -0.8612025 0.2431362 -0.4463352 -0.1100018 0.4561716 -0.8830669 -0.8252363 0.2447098 -0.5090208 -0.1598099 0.4892583 -0.8573722 0.0039370 -0.0024708 -0.0022276 0.0353349 0.0058381 -0.0168317 0.0032807 -0.0004539 -0.0043400 0.0181270 0.0026125 -0.0161956 0.0023444 -0.0029898 -0.0060944 0.0946364 -0.0030418 -0.0082452 0.0040870 -0.0004533 -0.0067820 0.0471950 -0.0085292 -0.0122354
-0.5015002 0.1402251 -0.2641805 -0.0060122 0.1773025 -0.3487562 -0.5617037 0.1670826 -0.3528327 -0.0481315 0.2054630 -0.3716691 -0.8588581 0.2401463 -0.4524296 -0.0153653 0.4531298 -0.8913121 -0.8211494 0.2442565 -0.5158028 -0.1126150 0.4807291 -0.8696076 0.0133062 -0.0015716 -0.0101946 0.0168366 -0.0001292 -0.0060768 0.0142078 0.0057738 -0.0151193 0.0353016 -0.0082769 -0.0105188 0.0126547 0.0001865 -0.0231542 0.0426477 -0.0065733 -0.0030273 0.0182794 0.0092270 -0.0237767 0.0827952 -0.0224228 -0.0186863
-0.4881940 0.1386535 -0.2743751 0.0108244 0.1771733 -0.3548331 -0.5474959 0.1728563 -0.3679519 -0.0128299 0.1971861 -0.3821879 -0.8462034 0.2403328 -0.4755838 0.0272823 0.4465565 -0.8943394 -0.8028699 0.2534835 -0.5395795 -0.0298197 0.4583064 -0.8882939 0.0240634 0.0169068 -0.0299507 0.0117065 0.0082059 -0.0134907 0.0147578 0.0072736 -0.0147755 0.0185500 0.0035602 -0.0051078 0.0409724 0.0295524 -0.0523982 0.0272772 0.0023475 0.0024266 0.0197169 0.0113170 -0.0230501 0.0429310 0.0018380 0.0005466
-0.4641306 0.1555603 -0.3043258 0.0225309 0.1853792 -0.3683238 -0.5327381 0.1801300 -0.3827275 0.0057200 0.2007463 -0.3872957 -0.8052310 0.2698851 -0.5279820 0.0545595 0.4489040 -0.8919128 -0.7831531 0.2648005 -0.5626295 0.0131113 0.4601444 -0.8877473 0.0082016 0.0072575 -0.0060110 0.0431917 0.0052619 -0.0201573 0.0309724 0.0191481 -0.0230594 0.0555279 -0.0019819 -0.0115776 0.0123888 0.0132484 -0.0116813 0.0955951 -0.0133519 0.0043612 0.0402191 0.0302584 -0.0381944 0.1230428 -0.0182914 0.0010523
-0.4559290 0.1628178 -0.3103369 0.0657226 0.1906411 -0.3884811 -0.5017657 0.1992781 -0.4057869 0.0612479 0.1987644 -0.3988733 -0.7928422 0.2831336 -0.5396634 0.1501546 0.4355522 -0.8875516 -0.7429339 0.2950589 -0.6008240 0.1361541 0.4418530 -0.8866950 0.0221161 0.0098685 -0.0233246 0.0384986 0.0009805 -0.0112487 0.0212231 0.0060385 0.0079696 0.0217805 0.0071156 -0.0059238 0.0369193 0.0177738 -0.0417447 0.0787152 -0.0147511 0.0097447 0.0112480 0.0175611 -0.0049024 0.0436889 0.0040912 0.0098881
-0.4338129 0.1726863 -0.3336614 0.1042212 0.1916216 -0.3997298 -0.4805426 0.2053166 -0.3978173 0.0830285 0.2058800 -0.4047971 -0.7559229 0.3009074 -0.5814081 0.2288699 0.4208011 -0.8778070 -0.7316860 0.3126200 -0.6057263 0.1798430 0.4459442 -0.8768068 0.0323767 0.0168530 -0.0264814 0.0201777 0.0072810 -0.0035244 0.0462231 0.0141865 -0.0066178 0.0412054 0.0092337 -0.0074538 0.0536767 0.0306603 -0.0486024 0.0377767 0.0055426 0.0134398 0.0452949 0.0342789 -0.0334359 0.0782735 0.0009900 0.0202873
-0.4014361 0.1895393 -0.3601428 0.1243989 0.1989026 -0.4032542 -0.4343195 0.2195031 -0.4044351 0.1242339 0.2151137 -0.4122509 -0.7022462 0.3315677 -0.6300104 0.2666466 0.4263437 -0.8643672 -0.6863911 0.3468989 -0.6391623 0.2581165 0.4469343 -0.8565195 0.0405437 0.0080253 -0.0148489 0.0285221 -0.0077094 -0.0038396 0.0557861 0.0063613 -0.0144272 0.0292261 -0.0069334 0.0080533 0.0539533 0.0233295 -0.0436099 0.0552640 -0.0238675 0.0074037 0.0638739 0.0245464 -0.0496779 0.0616858 -0.0130980 0.0141938
-0.3608924 0.1975646 -0.3749917 0.1529211 0.1911932 -0.4070938 -0.3785334 0.2258644 -0.4188623 0.1534600 0.2081803 -0.4041976 -0.6482929 0.3548972 -0.6736203 0.3219106 0.4024762 -0.8569635 -0.6225172 0.3714453 -0.6888401 0.3198023 0.4338363 -0.8423257 0.0282871 0.0124040 -0.0048216 0.0190589 -0.0023299 0.0015887 0.0361634 0.0161068 0.0063455 0.0271273 0.0037108 -0.0026444 0.0399977 0.0291102 -0.0210128 0.0369416 -0.0083955 0.0108397 0.0404181 0.0399553 -0.0125229 0.0465149 -0.0040201 0.0170562
-0.3326053 0.2099686 -0.3798134 0.1719800 0.1888633 -0.4055051 -0.3423700 0.2419712 -0.4125168 0.1805873 0.2118911 -0.4068420 -0.6082952 0.3840074 -0.6946332 0.3588522 0.3940807 -0.8461238 -0.5820991 0.4114006 -0.7013631 0.3663172 0.4298161 -0.8252695 0.0420547 0.0004630 -0.0006358 0.0194073 0.0025878 0.0073938 0.0586433 0.0053103 -0.0041289 0.0478817 -0.0044839 0.0088836 0.0526615 0.0184111 -0.0329179 0.0386867 0.0035907 0.0191896 0.0767660 0.0290216 -0.0407061 0.0873779 -0.0179457 0.0350015
-0.2905505 0.2104316 -0.3804491 0.1913873 0.1914511 -0.3981113 -0.2837267 0.2472815 -0.4166456 0.2284691 0.2074072 -0.3979584 -0.5556337 0.4024185 -0.7275511 0.3975389 0.3976714 -0.8269343 -0.5053331 0.4404223 -0.7420692 0.4536951 0.4118704 -0.7902680 0.0763528 0.0273806 -0.0524420 0.0846735 -0.0015801 -0.0035936 0.0599675 -0.0043639 0.0023948 0.0308941 -0.0047768 0.0085820 0.1577620 0.0393172 -0.0765432 0.1302071 -0.0346945 0.0589942 0.0829812 0.0180918 -0.0398411 0.0550144 -0.0144353 0.0265534
-0.2141977 0.2378123 -0.4328911 0.2760608 0.1898711 -0.4017049 -0.2237592 0.2429177 -0.4142509 0.2593632 0.2026305 -0.3893764 -0.3978717 0.4417357 -0.8040943 0.5277460 0.3629769 -0.7679401 -0.4223519 0.4585140 -0.7819103 0.5087095 0.3974351 -0.7637146 0.0283558 -0.0039493 0.0426695 0.0223981 0.0048849 -0.0023409 0.0354767 0.0136428 0.0105951 0.0422776 0.0145771 -0.0017646 0.0197051 0.0341482 0.0100386 0.0262295 -0.0014866 0.0179828 0.0560542 0.0406161 -0.0033891 0.0503089 0.0051066 0.0388293
-0.1858419 0.2338629 -0.3902216 0.2984589 0.1947559 -0.4040458 -0.1882826 0.2565604 -0.4036558 0.3016408 0.2172075 -0.3911410 -0.3781666 0.4758839 -0.7940557 0.5539755 0.3614903 -0.7499573 -0.3662977 0.4991301 -0.7852994 0.5590184 0.4025417 -0.7248853 0.0356026 0.0024668 0.0203679 0.0277380 -0.0062024 0.0537023 0.0575118 0.0135138 0.0042051 0.0409186 0.0167814 0.0054517 0.0543144 0.0335428 -0.0031921 0.0800474 0.0049978 0.0690010 0.1045478 0.0414490 -0.0142387 0.0457404 0.0105454 0.0439845
-0.1502393 0.2363298 -0.3698537 0.3261969 0.1885535 -0.3503435 -0.1307707 0.2700743 -0.3994507 0.3425595 0.2339889 -0.3856893 -0.3238522 0.5094267 -0.7972479 0.6340229 0.3664881 -0.6809563 -0.2617499 0.5405790 -0.7995382 0.6047588 0.4130871 -0.6809008 0.0322049 0.0073431 0.0083854 0.0399969 0.0026683 0.0148497 0.0420463 0.0086823 0.0118921 0.0518477 0.0025138 0.0186469 0.0624991 0.0301164 -0.0031194 0.0540733 -0.0071727 0.0505468 0.0790279 0.0335013 0.0013875 0.0655494 -0.0111426 0.0570998
-0.1180344 0.2436729 -0.3614684 0.3661937 0.1912219 -0.3354938 -0.0887245 0.2787566 -0.3875586 0.3944071 0.2365028 -0.3670424 -0.2613531 0.5395432 -0.8003673 0.6880961 0.3593154 -0.6304095 -0.1827220 0.5740803 -0.7981506 0.6703082 0.4019444 -0.6238010 0.0355331 -0.0038652 0.0182115 0.0307646 -0.0081286 0.0336734 0.0792822 0.0214404 -0.0018819 0.0458479 0.0027192 0.0181656 0.0680411 0.0223595 -0.0039311 0.0591618 -0.0146497 0.0622448 0.1635228 0.0363192 0.0062897 0.0507757 -0.0101281 0.0523833
-0.0825013 0.2398077 -0.3432568 0.3969583 0.1830933 -0.3018204 -0.0094423 0.3001970 -0.3894404 0.4402550 0.2392220 -0.3488769 -0.1933120 0.5619026 -0.8042984 0.7472580 0.3446657 -0.5681647 -0.0191992 0.6103996 -0.7918610 0.7210838 0.3918163 -0.5714176 0.0638995 -0.0014729 0.0188569 0.0324267 0.0019079 0.0122381 0.0326045 -0.0174780 0.0379468 0.0533555 -0.0016261 0.0233387 0.1471503 0.0295428 -0.0007242 0.0335003 -0.0082748 0.0416120 0.0704795 0.0155288 0.0136682 0.0535199 -0.0189665 0.0605634
-0.0186018 0.2383347 -0.3244000 0.4293850 0.1850011 -0.2895823 0.0231622 0.2827189 -0.3514937 0.4936105 0.2375958 -0.3255381 -0.0461617 0.5914454 -0.8050226 0.7807583 0.3363908 -0.5265527 0.0512803 0.6259283 -0.7781928 0.7746037 0.3728499 -0.5108543 0.0067867 -0.0256473 0.0332088 0.0229888 0.0031558 0.0137072 0.0343858 -0.0241112 0.0253388 0.0174747 -0.0026447 0.0195183 0.0134138 -0.0019370 -0.0020755 0.0237849 -0.0017552 0.0359110 0.0856741 -0.0104864 0.0020004 0.0235206 -0.0059439 0.0329655
-0.0118151 0.2126875 -0.2911912 0.4523738 0.1881570 -0.2758751 0.0575480 0.2586078 -0.3261548 0.5110852 0.2349512 -0.3060199 -0.0327480 0.5895084 -0.8070982 0.8045432 0.3346356 -0.4906417 0.1369544 0.6154420 -0.7761924 0.7981243 0.3669060 -0.4778887 0.0384643 -0.0005152 0.0131497 0.0136894 -0.0040770 0.0146801 0.0217400 0.0023715 0.0104371 0.0145702 -0.0052210 0.0213803 0.1087230 0.0153802 0.0144207 0.0202207 -0.0088806 0.0284207 0.0530834 0.0100741 0.0194790 0.0227022 -0.0081756 0.0334156
0.0266492 0.2121722 -0.2780415 0.4660632 0.1840799 -0.2611950 0.0792880 0.2609793 -0.3157178 0.5256554 0.2297301 -0.2846396 0.0759750 0.6048886 -0.7926775 0.8247638 0.3257551 -0.4622210 0.1900378 0.6255161 -0.7567134 0.8208265 0.3587304 -0.4444732 0.0061109 0.0017243 0.0066980 0.0058879 -0.0015580 0.0069037 0.0156126 -0.0100572 0.0259242 0.0088727 0.0003761 0.0077179 0.0184175 0.0114172 0.0108481 0.0086037 -0.0034593 0.0131954 0.0502761 0.0098858 0.0228785 0.0085676 -0.0016889 0.0147910
0.0327601 0.2138965 -0.2713435 0.4719511 0.1825219 -0.2542913 0.0949006 0.2509221 -0.2897936 0.5345281 0.2301062 -0.2769217 0.0943926 0.6163058 -0.7818294 0.8333675 0.3222957 -0.4490256 0.2403138 0.6354019 -0.7338349 0.8293941 0.3570415 -0.4296822 0.0017112 -0.0020789 0.0065910 0.0055670 0.0024642 -0.0003962 0.0024168 -0.0009262 0.0053593 0.0046334 0.0022955 0.0006443 0.0067539 0.0052134 0.0049876 0.0015498 0.0011435 0.0037167 0.0085877 0.0039936 0.0063589 0.0015271 0.0011211 0.0039011
0.0344713 0.2118175 -0.2647525 0.4775181 0.1849861 -0.2546876 0.0973175 0.2499958 -0.2844343 0.5391615 0.2324016 -0.2762774 0.1011465 0.6215192 -0.7768419 0.8349174 0.3234392 -0.4453090 0.2489015 0.6393955 -0.7274761 0.8309212 0.3581625 -0.4257811 0.0008229 -0.0024425 0.0035753 -0.0015676 -0.0001351 -0.0025803 0.0007605 -0.0002639 0.0014397 -0.0011323 0.0003009 -0.0023859 0.0037099 0.0005167 0.0009060 -0.0024562 -0.0001257 -0.0046654 0.0026043 0.0010033 0.0017804 -0.0019855 0.0003597 -0.0035525
0.0352943 0.2093750 -0.2611772 0.4759505 0.1848509 -0.2572679 0.0980780 0.2497319 -0.2829946 0.5380293 0.2327025 -0.2786633 0.1048564 0.6220359 -0.7759359 0.8324611 0.3233135 -0.4499743 0.2515058 0.6403988 -0.7256957 0.8289358 0.3585222 -0.4293335 -0.0004289 -0.0001315 -0.0002156 -0.0014872 0.0001604 -0.0017696 -0.0099210 -0.0060827 0.0009982 -0.0033541 0.0005040 -0.0024087 -0.0012868 -0.0004662 -0.0005462 -0.0020415 0.0004987 -0.0034007 -0.0213069 -0.0041730 -0.0106637 -0.0031906 0.0016388 -0.0047504
0.0348654 0.2092435 -0.2613927 0.4744633 0.1850113 -0.2590375 0.0881570 0.2436492 -0.2819964 0.5346751 0.2332065 -0.2810721 0.1035695 0.6215698 -0.7764821 0.8304196 0.3238122 -0.4533750 0.2301989 0.6362258 -0.7363594 0.8257452 0.3601610 -0.4340840 -0.0045994 -0.0016772 -0.0030568 -0.0054567 0.0020462 -0.0028132 -0.0166973 0.0026852 -0.0177852 -0.0051101 0.0032594 -0.0049375 -0.0139033 -0.0066316 -0.0069789 -0.0058525 0.0050563 -0.0069884 -0.0490741 -0.0118558 -0.0234800 -0.0068096 0.0055172 -0.0082100
0.0302660 0.2075663 -0.2644496 0.4690065 0.1870575 -0.2618507 0.0714597 0.2463344 -0.2997816 0.5295650 0.2364659 -0.2860096 0.0896663 0.6149381 -0.7834609 0.8245671 0.3288685 -0.4603635 0.1811248 0.6243699 -0.7598394 0.8189356 0.3656782 -0.4422940 -0.0190477 -0.0014398 -0.0202174 -0.0261322 0.0022491 -0.0112756 -0.0187480 -0.0001098 -0.0183319 -0.0243989 0.0113646 -0.0207293 -0.0577635 -0.0287485 -0.0260846 -0.0247074 0.0130315 -0.0329202 -0.0512005 -0.0174730 -0.0242497 -0.0306728 0.0210374 -0.0363424
0.0112182 0.2061266 -0.2846670 0.4428744 0.1893067 -0.2731263 0.0527117 0.2462247 -0.3181135 0.5051661 0.2478306 -0.3067389 0.0319027 0.5861896 -0.8095455 0.7998597 0.3419001 -0.4932837 0.1299243 0.6068969 -0.7840891 0.7882628 0.3867156 -0.4786364 -0.0148856 0.0030733 -0.0179733 -0.0234437 -0.0005454 -0.0126948 -0.0372391 0.0139846 -0.0287533 -0.0383060 0.0000466 -0.0223985 -0.0418704 -0.0175965 -0.0130130 -0.0253199 0.0066751 -0.0345264 -0.0942645 -0.0071911 -0.0153365 -0.0385060 0.0113643 -0.0499439
-0.0036674 0.2091999 -0.3026403 0.4194307 0.1887613 -0.2858210 0.0154726 0.2602093 -0.3468667 0.4668600 0.2478772 -0.3291374 -0.0099677 0.5685931 -0.8225585 0.7745398 0.3485752 -0.5278101 0.0356599 0.5997058 -0.7994256 0.7497568 0.3980799 -0.5285803 -0.0858100 -0.0030258 -0.0191741 -0.0233222 0.0043096 -0.0140351 -0.0318835 -0.0101062 -0.0045083 -0.0153860 0.0032973 -0.0088906 -0.2179836 -0.0433467 0.0027083 -0.0313757 0.0136571 -0.0347687 -0.0736824 -0.0202374 -0.0146817 -0.0185040 0.0087475 -0.0189239
-0.0894773 0.2061741 -0.3218144 0.3961086 0.1930709 -0.2998561 -0.0164108 0.2501031 -0.3513751 0.4514741 0.2511745 -0.3380280 -0.2279513 0.5252464 -0.8198502 0.7431641 0.3622323 -0.5625788 -0.0380225 0.5794684 -0.8141073 0.7312528 0.4068274 -0.5475042 -0.0042104 0.0135423 -0.0219611 -0.0274296 0.0285841 -0.0466409 -0.0592100 -0.0012150 -0.0225943 -0.0548632 0.0092566 -0.0255552 0.0041445 -0.0003751 -0.0013809 -0.0757176 0.0390457 -0.0647099 -0.1279800 -0.0331103 -0.0068288 -0.0677579 0.0288507 -0.0607385
-0.0936877 0.2197163 -0.3437755 0.3686790 0.2216549 -0.3464970 -0.0756208 0.2488880 -0.3739694 0.3966109 0.2604310 -0.3635833 -0.2238068 0.5248713 -0.8212312 0.6674465 0.4012780 -0.6272887 -0.1660025 0.5463580 -0.8209361 0.6634949 0.4356781 -0.6082426 -0.0433680 0.0050735 -0.0161033 -0.0321971 0.0011678 -0.0157753 -0.0483386 0.0064809 -0.0129486 -0.0485503 0.0036365 -0.0184478 -0.0835615 -0.0207461 0.0141485 -0.0469977 0.0095912 -0.0407156 -0.0923109 -0.0142063 0.0146553 -0.0637697 0.0193231 -0.0500153
-0.1370557 0.2247898 -0.3598789 0.3364819 0.2228227 -0.3622723 -0.1239595 0.2553689 -0.3869180 0.3480605 0.2640675 -0.3820310 -0.3073682 0.5041252 -0.8070827 0.6204487 0.4108693 -0.6680044 -0.2583135 0.5321517 -0.8062808 0.5997252 0.4550012 -0.6582580 -0.0454747 0.0053431 -0.0189346 -0.0596229 -0.0009609 -0.0154983 -0.0563552 -0.0082129 -0.0032645 -0.0641891 -0.0106748 -0.0133750 -0.0734177 -0.0240332 0.0168209 -0.0862308 0.0172279 -0.0609291 -0.1053529 -0.0336767 0.0193440 -0.0824285 0.0067546 -0.0622874
-0.1825304 0.2301330 -0.3788134 0.2768591 0.2218619 -0.3777706 -0.1803147 0.2471561 -0.3901825 0.2838714 0.2533928 -0.3954060 -0.3807859 0.4800920 -0.7902618 0.5342179 0.4280972 -0.7289335 -0.3636663 0.4984750 -0.7869368 0.5172968 0.4617558 -0.7205454 -0.0113856 0.0147584 -0.0372719 -0.0406432 -0.0096757 0.0028094 -0.0338638 0.0010879 -0.0063869 -0.0392157 -0.0149076 0.0058059 0.0080787 -0.0094100 -0.0094555 -0.0534613 0.0037532 -0.0342037 -0.0525754 -0.0160291 0.0162301 -0.0451607 -0.0015276 -0.0313040
-0.1939160 0.2448914 -0.4160854 0.2362159 0.2121862 -0.3749612 -0.2141784 0.2482440 -0.3965694 0.2446557 0.2384852 -0.3896001 -0.3727072 0.4706820 -0.7997173 0.4807566 0.4318504 -0.7631371 -0.4162417 0.4824459 -0.7707067 0.4721361 0.4602282 -0.7518494 -0.0552909 -0.0215414 0.0349178 -0.0210203 0.0067539 0.0075284 -0.0260798 0.0110847 -0.0199870 -0.0322933 0.0044128 0.0061134 -0.1186063 -0.0303455 0.0482422 -0.0313102 0.0254167 -0.0042641 -0.0235124 -0.0077862 0.0082668 -0.0483926 0.0244454 -0.0133518
-0.2492069 0.2233500 -0.3811676 0.2151956 0.2189401 -0.3674328 -0.2402582 0.2593287 -0.4165565 0.2123624 0.2428980 -0.3834867 -0.4913135 0.4403364 -0.7514751 0.4494465 0.4572671 -0.7674013 -0.4397541 0.4746597 -0.7624399 0.4237435 0.4846736 -0.7652012 -0.0367089 -0.0043557 0.0079015 -0.0557934 0.0297598 -0.0413062 -0.0449002 0.0003620 -0.0037678 -0.0383420 0.0085564 -0.0124048 -0.0599187 -0.0181256 0.0318356 -0.1333665 0.0358821 -0.0430908 -0.0601184 -0.0194310 0.0256262 -0.0758713 0.0179915 -0.0261980
-0.2859158 0.2189943 -0.3732661 0.1594022 0.2486999 -0.4087390 -0.2851584 0.2596907 -0.4203243 0.1740205 0.2514544 -0.3958915 -0.5512322 0.4222108 -0.7196395 0.3160800 0.4931492 -0.8104920 -0.4998726 0.4552287 -0.7368136 0.3478722 0.5026651 -0.7913992 -0.0328153 0.0007938 0.0075212 -0.0347191 -0.0227443 0.0211270 -0.0453354 -0.0065360 0.0078900 -0.0607853 0.0009660 -0.0083214 -0.0472083 -0.0095426 0.0329272 -0.0483277 -0.0079182 -0.0218899 -0.0640940 -0.0232362 0.0330208 -0.1166965 0.0126651 -0.0338235
-0.3187311 0.2197882 -0.3657448 0.1246831 0.2259556 -0.3876120 -0.3304938 0.2531548 -0.4124343 0.1132352 0.2524205 -0.4042130 -0.5984406 0.4126682 -0.6867124 0.2677523 0.4852310 -0.8323819 -0.5639665 0.4319924 -0.7037928 0.2311757 0.5153302 -0.8252228 -0.0507652 -0.0005146 0.0127984 -0.0213559 -0.0286902 0.0203129 -0.0632876 0.0003497 0.0209712 -0.0344458 -0.0117700 0.0073424 -0.0660742 -0.0183189 0.0519614 -0.0271951 -0.0259756 -0.0227302 -0.0811680 -0.0166744 0.0624563 -0.0638139 -0.0041478 -0.0177972
-0.3694962 0.2192736 -0.3529464 0.1033273 0.1972654 -0.3672990 -0.3937814 0.2535045 -0.3914631 0.0787893 0.2406505 -0.3968705 -0.6645147 0.3943492 -0.6347510 0.2405572 0.4592554 -0.8551121 -0.6451345 0.4153180 -0.6413365 0.1673619 0.5111823 -0.8430200 -0.0438221 -0.0047550 0.0467139 -0.0819927 0.0111905 -0.0107806 -0.0524861 -0.0021554 0.0161381 -0.0616261 -0.0201711 0.0138841 -0.0770754 -0.0094525 0.0852980 -0.1912019 0.0229854 -0.0195351 -0.0576708 -0.0194803 0.0502550 -0.1285528 -0.0126411 -0.0229769
-0.4133183 0.2145186 -0.3062325 0.0213346 0.2084559 -0.3780796 -0.4462675 0.2513491 -0.3753251 0.0171633 0.2204794 -0.3829864 -0.7415901 0.3848968 -0.5494530 0.0493553 0.4822408 -0.8746473 -0.7028053 0.3958377 -0.5910814 0.0388090 0.4985412 -0.8659968 -0.0290082 -0.0070105 0.0220119 -0.0102738 -0.0144237 0.0149448 -0.0354041 -0.0083336 0.0059175 -0.0195773 -0.0064680 0.0011841 -0.0409594 -0.0177803 0.0466192 -0.0225004 -0.0111414 -0.0070239 -0.0338593 -0.0241718 0.0261126 -0.0443242 -0.0095938 -0.0062990
-0.4423265 0.2075081 -0.2842206 0.0110608 0.1940322 -0.3631348 -0.4816716 0.2430155 -0.3694075 -0.0024140 0.2140114 -0.3818023 -0.7825495 0.3671165 -0.5028338 0.0268549 0.4710994 -0.8816712 -0.7366646 0.3716659 -0.5649688 -0.0055152 0.4889474 -0.8722958 -0.0267127 -0.0052842 -0.0047643 -0.0100995 -0.0081588 0.0024770 -0.0356747 -0.0011909 -0.0055966 -0.0263657 -0.0088622 -0.0012761 -0.0166859 -0.0225303 0.0104080 -0.0244858 -0.0129884 -0.0072206 -0.0205817 -0.0177043 0.0160706 -0.0605685 -0.0178857 -0.0073256
-0.4690392 0.2022239 -0.2889849 0.0009612 0.1858734 -0.3606578 -0.5173463 0.2418246 -0.3750041 -0.0287797 0.2051492 -0.3830784 -0.7992354 0.3445863 -0.4924257 0.0023691 0.4581110 -0.8888918 -0.7572463 0.3539616 -0.5488982 -0.0660837 0.4710618 -0.8796214 -0.0129720 -0.0073024 0.0069718 -0.0197347 -0.0038127 -0.0118962 -0.0147106 -0.0155790 -0.0019288 -0.0026915 -0.0035483 -0.0022810 -0.0156746 -0.0150432 0.0156416 -0.0475972 -0.0194998 -0.0086462 -0.0136483 -0.0261556 0.0027620 -0.0060905 -0.0087222 -0.0041393
-0.4820112 0.1949215 -0.2820131 -0.0187735 0.1820607 -0.3725540 -0.5320569 0.2262456 -0.3769329 -0.0314712 0.2016009 -0.3853594 -0.8149100 0.3295431 -0.4767841 -0.0452281 0.4386112 -0.8975381 -0.7708945 0.3278061 -0.5461362 -0.0721742 0.4623396 -0.8837607 -0.0165518 -0.0063465 -0.0023411 0.0022183 -0.0557253 0.0286058 -0.0139469 -0.0136348 0.0165687 -0.0047802 -0.0148980 0.0009349 -0.0103367 -0.0174042 0.0061067 0.0000928 -0.0941763 -0.0401865 -0.0228482 -0.0187271 0.0222635 -0.0123479 -0.0270323 -0.0125448
-0.4985630 0.1885750 -0.2843542 -0.0165552 0.1263354 -0.3439482 -0.5460038 0.2126108 -0.3603642 -0.0362514 0.1867029 -0.3844246 -0.8252467 0.3121388 -0.4706774 -0.0451353 0.3444350 -0.9377246 -0.7937428 0.3090789 -0.5238727 -0.0845221 0.4353073 -0.8963055 -0.0044797 -0.0045250 0.0122606 -0.0137077 0.0275007 -0.0224601 -0.0065498 -0.0073513 0.0074617 -0.0151076 0.0057677 -0.0072984 -0.0120407 -0.0057976 0.0177924 -0.0307984 0.0415613 0.0183547 -0.0105411 -0.0103081 0.0101963 -0.0323450 0.0026583 0.0049424
-0.5030427 0.1840500 -0.2720936 -0.0302629 0.1538361 -0.3664083 -0.5525536 0.2052595 -0.3529025 -0.0513590 0.1924706 -0.3917229 -0.8372874 0.3063413 -0.4528851 -0.0759338 0.3859963 -0.9193699 -0.8042839 0.2987708 -0.5136764 -0.1168671 0.4379656 -0.8913631 -0.0048045 -0.0064484 0.0070567 0.0488964 -0.0281258 0.0384651 -0.0036785 -0.0067294 0.0013380 0.0015089 0.0010691 -0.0021473 -0.0094827 -0.0102134 0.0109702 0.1289142 -0.0285662 -0.0130661 -0.0049954 -0.0099233 0.0021745 0.0040010 0.0002296 -0.0004026
-0.5078472 0.1776016 -0.2650368 0.0186335 0.1257103 -0.3279433 -0.5562321 0.1985301 -0.3515644 -0.0498501 0.1935397 -0.3938702 -0.8467701 0.2961279 -0.4419149 0.0529805 0.3574301 -0.9324360 -0.8092792 0.2888475 -0.5115019 -0.1128662 0.4381952 -0.8917658 -0.0042927 -0.0021680 -0.0042760 -0.0367048 0.0282080 -0.0408111 0.0002923 -0.0040504 -0.0003501 0.0037362 -0.0008990 -0.0007544 -0.0002414 -0.0059839 -0.0034928 -0.0981589 0.0273691 0.0105420 -0.0010087 -0.0053913 -0.0014172 0.0084294 -0.0019113 -0.0019620
-0.5121399 0.1754336 -0.2693128 -0.0180712 0.1539183 -0.3687544 -0.5559398 0.1944797 -0.3519146 -0.0461139 0.1926407 -0.3946246 -0.8470115 0.2901440 -0.4454077 -0.0451784 0.3847991 -0.9218940 -0.8102880 0.2834562 -0.5129191 -0.1044368 0.4362839 -0.8937278 -0.0029669 -0.0036004 -0.0077925 0.0039264 0.0000834 -0.0004774 0.0019044 -0.0022306 -0.0047308 0.0054003 0.0001336 -0.0009498 0.0020619 -0.0082793 -0.0091388 0.0098438 -0.0000937 -0.0004689 0.0030976 -0.0033628 -0.0066879 0.0123089 -0.0000699 -0.0013866
-0.5151068 0.1718332 -0.2771053 -0.0141448 0.1540017 -0.3692319 -0.5540354 0.1922491 -0.3566453 -0.0407137 0.1927743 -0.3955744 -0.8449496 0.2818647 -0.4545464 -0.0353346 0.3847054 -0.9223628 -0.8071903 0.2800934 -0.5196070 -0.0921278 0.4362140 -0.8951144 0.0031601 -0.0023631 0.0149624 0.0074842 0.0058508 -0.0011374 -0.0051006 -0.0002648 0.0074807 0.0103131 0.0014646 0.0013461 -0.0088543 0.0007707 0.0173553 0.0188254 0.0115102 0.0043538 -0.0071753 -0.0004737 0.0110587 0.0231191 0.0047045 0.0002241
-0.5119468 0.1694702 -0.2621429 -0.0066606 0.1598526 -0.3703693 -0.5591360 0.1919844 -0.3491647 -0.0304006 0.1942390 -0.3942283 -0.8538039 0.2826354 -0.4371912 -0.0165092 0.3962156 -0.9180091 -0.8143656 0.2796197 -0.5085483 -0.0690088 0.4409186 -0.8948903 0.0121712 -0.0014169 -0.0148005 0.0234940 0.0137642 -0.0031671 0.0083109 0.0004791 -0.0153038 0.0199525 0.0030921 -0.0013306 0.0146625 -0.0004678 -0.0278068 0.0573415 0.0249220 0.0119319 0.0137002 0.0001403 -0.0212338 0.0453798 0.0053588 0.0003076
-0.4997756 0.1680533 -0.2769434 0.0168334 0.1736168 -0.3735364 -0.5508251 0.1924635 -0.3644685 -0.0104481 0.1973311 -0.3955589 -0.8391414 0.2821676 -0.4649980 0.0408323 0.4211376 -0.9060772 -0.8006654 0.2797601 -0.5297822 -0.0236290 0.4462774 -0.8945827 0.0186310 -0.0030867 0.0048421 0.0104960 0.0037139 0.0032329 0.0121369 0.0035385 -0.0116070 0.0129593 0.0045472 0.0004883 0.0050484 0.0038119 -0.0067059 0.0255847 0.0098182 0.0061517 0.0149368 0.0061278 -0.0187601 0.0292892 0.0087431 0.0041197
-0.4811446 0.1649666 -0.2721012 0.0273294 0.1773307 -0.3703034 -0.5386882 0.1960020 -0.3760755 0.0025113 0.2018783 -0.3950706 -0.8340930 0.2859795 -0.4717039 0.0664170 0.4309558 -0.8999255 -0.7857287 0.2858878 -0.5485423 0.0056602 0.4550204 -0.8904630 -0.0094534 0.0041943 -0.0440931 0.0071021 0.0106161 -0.0078607 0.0234549 0.0046343 -0.0185405 0.0302454 0.0072966 -0.0006667 0.0267697 -0.0076100 -0.0486225 0.0148479 0.0126338 0.0073874 0.0272466 0.0094717 -0.0323774 0.0673246 0.0110398 0.0087255
-0.4905980 0.1691609 -0.3161944 0.0344315 0.1879468 -0.3781641 -0.5152333 0.2006363 -0.3946160 0.0327567 0.2091749 -0.3957372 -0.8073233 0.2783695 -0.5203264 0.0812649 0.4435896 -0.8925381 -0.7584821 0.2953595 -0.5809197 0.0729849 0.4660602 -0.8817376 0.0380372 0.0036650 -0.0132412 0.0343341 0.0099317 -0.0072719 0.0316617 0.0004125 -0.0043872 0.0186092 0.0020139 0.0010837 0.0348236 0.0166361 -0.0420044 0.0754888 0.0074812 0.0139236 0.0239963 0.0100090 -0.0251172 0.0410237 0.0026809 0.0057901
-0.4525608 0.1728259 -0.3294355 0.0687657 0.1978785 -0.3854360 -0.4835716 0.2010488 -0.3990032 0.0513660 0.2111888 -0.3946535 -0.7724997 0.2950056 -0.5623308 0.1567537 0.4510708 -0.8786145 -0.7344858 0.3053685 -0.6060368 0.1140086 0.4687410 -0.8759474 0.0359452 0.0039083 0.0126656 0.0523109 -0.0072797 0.0064342 0.0327603 0.0078762 -0.0150564 0.0506559 0.0043132 -0.0033428 0.0183090 0.0249328 -0.0111113 0.1176913 -0.0190392 0.0195285 0.0374784 0.0176543 -0.0341482 0.1058892 -0.0042480 0.0181064
-0.4166156 0.1767343 -0.3167699 0.1210765 0.1905988 -0.3790019 -0.4508112 0.2089251 -0.4140596 0.1020218 0.2155021 -0.3979963 -0.7541907 0.3199384 -0.5734421 0.2744449 0.4320316 -0.8590859 -0.6970074 0.3230228 -0.6401850 0.2198978 0.4644930 -0.8578410 0.0414564 0.0042959 -0.0122380 0.0324388 0.0110251 -0.0005360 0.0479550 0.0051902 -0.0028669 0.0428425 0.0162942 -0.0083427 0.0474275 0.0211048 -0.0463767 0.0619428 0.0097735 0.0274301 0.0451725 0.0234229 -0.0344160 0.0759122 0.0088302 0.0281052
-0.3751592 0.1810302 -0.3290079 0.1535153 0.2016240 -0.3795379 -0.4028563 0.2141153 -0.4169265 0.1448644 0.2317963 -0.4063390 -0.7067632 0.3410432 -0.6198188 0.3363878 0.4418051 -0.8316559 -0.6518350 0.3464457 -0.6746010 0.2958100 0.4733232 -0.8297358 0.0356821 0.0091402 -0.0431128 0.0164483 0.0029194 -0.0090128 0.0470306 0.0075699 -0.0023965 0.0258901 -0.0060729 0.0053595 0.0762433 0.0121655 -0.0713312 0.0245860 -0.0073895 0.0064401 0.0517396 0.0274235 -0.0325817 0.0520947 -0.0134217 0.0127579
-0.3394770 0.1901704 -0.3721208 0.1699635 0.2045434 -0.3885506 -0.3558256 0.2216852 -0.4193229 0.1707545 0.2257234 -0.4009795 -0.6305199 0.3532087 -0.6911500 0.3609738 0.4344156 -0.8252157 -0.6000953 0.3738693 -0.7071827 0.3479047 0.4599015 -0.8169779 0.0384116 0.0142047 -0.0097095 0.0293757 -0.0030866 0.0092832 0.0458844 0.0073245 0.0072524 0.0243604 -0.0017210 0.0054075 0.0597261 0.0342688 -0.0327669 0.0600525 -0.0089168 0.0241617 0.0507400 0.0320391 -0.0231919 0.0465090 -0.0070932 0.0173515
-0.3010654 0.2043752 -0.3818303 0.1993393 0.2014568 -0.3792674 -0.3099412 0.2290097 -0.4120706 0.1951149 0.2240024 -0.3955720 -0.5707938 0.3874775 -0.7239169 0.4210263 0.4254988 -0.8010541 -0.5493554 0.4059084 -0.7303746 0.3944137 0.4528083 -0.7996265 0.0167415 -0.0046948 0.0197903 0.0323449 0.0052083 -0.0123212 0.0425297 0.0022262 0.0143345 0.0370991 -0.0036595 0.0048528 0.0041656 0.0104649 0.0024085 0.0425928 -0.0119449 0.0174531 0.0468343 0.0286312 -0.0170529 0.0653161 -0.0165805 0.0260932
-0.2843239 0.1996803 -0.3620400 0.2316842 0.2066651 -0.3915886 -0.2674116 0.2312359 -0.3977361 0.2322140 0.2203429 -0.3907192 -0.5666282 0.3979423 -0.7215084 0.4636191 0.4135539 -0.7836010 -0.5025210 0.4345396 -0.7474275 0.4597299 0.4362278 -0.7735333 0.0476117 0.0122510 0.0061746 0.0371029 -0.0010792 -0.0036925 0.0489686 0.0058403 0.0079736 0.0414970 -0.0083151 0.0147679 0.0704404 0.0463009 -0.0244444 0.0529362 -0.0184586 0.0239495 0.0706480 0.0341725 -0.0231532 0.0758139 -0.0213735 0.0379459
-0.2367121 0.2119314 -0.3558654 0.2687871 0.2055860 -0.3952811 -0.2184430 0.2370763 -0.3897625 0.2737110 0.2120279 -0.3759513 -0.4961878 0.4442432 -0.7459528 0.5165552 0.3950953 -0.7596515 -0.4318731 0.4687121 -0.7705807 0.5355437 0.4148544 -0.7355874 0.0460389 0.0095523 -0.0074787 0.0143763 -0.0158316 0.0237156 0.0383135 0.0071027 0.0032836 0.0019756 0.0045408 -0.0091459 0.0872759 0.0307438 -0.0332637 0.0450192 -0.0187712 0.0227565 0.0652804 0.0282318 -0.0159666 -0.0061645 0.0010054 -0.0038843
-0.1906732 0.2214837 -0.3633441 0.2831634 0.1897544 -0.3715655 -0.1801295 0.2441790 -0.3864789 0.2756866 0.2165687 -0.3850971 -0.4089119 0.4749871 -0.7792165 0.5615745 0.3763241 -0.7368950 -0.3665927 0.4969439 -0.7865472 0.5293792 0.4158597 -0.7394716 0.0202820 0.0047036 0.0228808 0.0395202 0.0109019 0.0019929 0.0308271 0.0132704 0.0140940 0.0486214 0.0210453 -0.0023930 0.0241445 0.0357758 0.0104022 0.0471849 0.0022244 0.0396770 0.0533922 0.0431231 0.0053731 0.0514257 0.0096843 0.0455135
-0.1703912 0.2261872 -0.3404633 0.3226836 0.2006562 -0.3695726 -0.1493024 0.2574493 -0.3723849 0.3243080 0.2376139 -0.3874902 -0.3847674 0.5107628 -0.7688143 0.6087594 0.3785485 -0.6972181 -0.3132006 0.5400670 -0.7811742 0.5808049 0.4255440 -0.6939581 0.0559658 0.0174071 -0.0211215 0.0277954 -0.0017610 0.0279595 0.0518485 0.0077234 0.0065917 0.0581340 0.0133621 0.0155573 0.1309114 0.0296582 -0.0333717 0.0546574 -0.0020625 0.0505833 0.1023477 0.0336656 -0.0102625 0.0678820 0.0001542 0.0630966
-0.1144254 0.2435944 -0.3615847 0.3504790 0.1988952 -0.3416131 -0.0974539 0.2651728 -0.3657932 0.3824420 0.2509761 -0.3719328 -0.2538560 0.5404210 -0.8021859 0.6634168 0.3764859 -0.6466348 -0.2108529 0.5737325 -0.7914367 0.6486869 0.4256983 -0.6308615 0.0298266 -0.0129371 0.0381668 0.0356137 -0.0058196 0.0304703 0.0653429 -0.0062299 0.0124977 0.0428586 -0.0009099 0.0212457 0.0455621 0.0274887 0.0058869 0.0621527 -0.0136462 0.0619158 0.1377411 0.0158405 -0.0129626 0.0539341 -0.0125745 0.0515062
-0.0845988 0.2306573 -0.3234179 0.3860926 0.1930756 -0.3111428 -0.0321110 0.2589429 -0.3532955 0.4253006 0.2500662 -0.3506872 -0.2082938 0.5679098 -0.7962991 0.7255694 0.3628398 -0.5847190 -0.0731118 0.5895731 -0.8043993 0.7026210 0.4131237 -0.5793553 0.0566429 -0.0035624 0.0114228 0.0228277 -0.0038081 0.0220382 0.0049990 0.0109776 -0.0098167 0.0482635 -0.0067895 0.0284042 0.1360383 0.0190447 -0.0100902 0.0382415 -0.0093123 0.0447086 0.0132960 0.0059391 0.0032830 0.0583145 -0.0222202 0.0615024
-0.0279559 0.2270949 -0.3119951 0.4089204 0.1892675 -0.2891046 -0.0271120 0.2699205 -0.3631122 0.4735641 0.2432767 -0.3222830 -0.0722555 0.5869544 -0.8063893 0.7638109 0.3535275 -0.5400104 -0.0598158 0.5955121 -0.8011163 0.7609355 0.3909035 -0.5178529 -0.0352218 -0.0244826 0.0288979 0.0246838 -0.0022565 0.0218163 0.0280048 -0.0241155 0.0407310 0.0307988 0.0007778 0.0195172 -0.1063046 -0.0143089 0.0062684 0.0352932 -0.0088785 0.0474155 0.0620181 0.0108124 0.0059020 0.0309966 -0.0076982 0.0424612
-0.0631778 0.2026123 -0.2830971 0.4336042 0.1870110 -0.2672883 0.0008928 0.2458050 -0.3223812 0.5043629 0.2440545 -0.3027658 -0.1785602 0.5726455 -0.8001209 0.7991041 0.3446490 -0.4925948 0.0022023 0.6063245 -0.7952143 0.7919321 0.3832053 -0.4753917 0.0630542 0.0143924 -0.0146229 0.0188682 -0.0046442 0.0065048 0.0359939 0.0166712 -0.0071235 0.0159259 -0.0065009 0.0145664 0.1782246 0.0163798 -0.0079937 0.0188587 -0.0149732 0.0211601 0.0850251 0.0143622 0.0160228 0.0204333 -0.0122954 0.0254047
-0.0001236 0.2170046 -0.2977200 0.4524724 0.1823667 -0.2607835 0.0368867 0.2624761 -0.3295047 0.5202888 0.2375535 -0.2881993 -0.0003355 0.5890253 -0.8081145 0.8179628 0.3296758 -0.4714348 0.0872274 0.6206867 -0.7791915 0.8123654 0.3709099 -0.4499870 -0.0321522 -0.0236889 0.0237462 0.0066550 -0.0031974 0.0066559 -0.0008866 -0.0220367 0.0200479 0.0147147 -0.0017427 0.0159756 -0.0954782 -0.0151489 -0.0052031 0.0100259 -0.0065624 0.0131418 0.0042513 -0.0097149 -0.0071578 0.0171809 -0.0052750 0.0278922
-0.0322758 0.1933157 -0.2739738 0.4591274 0.1791693 -0.2541276 0.0360001 0.2404394 -0.3094568 0.5350035 0.2358108 -0.2722237 -0.0958137 0.5738764 -0.8133177 0.8279887 0.3231134 -0.4582929 0.0914786 0.6109718 -0.7863493 0.8295463 0.3656350 -0.4220948 0.0288139 0.0119748 -0.0065378 0.0114046 0.0007643 0.0052758 0.0054489 0.0060988 -0.0012510 0.0063226 -0.0025981 0.0063189 0.0858552 0.0166757 0.0063796 0.0094428 -0.0028757 0.0153977 0.0124568 0.0072341 0.0072351 0.0076062 -0.0049750 0.0108770
-0.0034618 0.2052905 -0.2805116 0.4705320 0.1799336 -0.2488518 0.0414491 0.2465382 -0.3107078 0.5413261 0.2332128 -0.2659049 -0.0099585 0.5905521 -0.8069381 0.8374316 0.3202377 -0.4428952 0.1039355 0.6182059 -0.7791142 0.8371525 0.3606600 -0.4112178 0.0076048 0.0042784 -0.0034493 -0.0030523 -0.0024055 0.0023621 0.0053424 0.0048560 -0.0029087 -0.0034444 -0.0026941 0.0000027 0.0216969 0.0032202 0.0023906 0.0010911 -0.0018040 0.0007643 0.0116983 0.0030532 0.0040878 -0.0003405 -0.0020295 -0.0024608
0.0041430 0.2095688 -0.2839609 0.4674797 0.1775280 -0.2464897 0.0467915 0.2513941 -0.3136165 0.5378817 0.2305186 -0.2659022 0.0117384 0.5937722 -0.8045475 0.8385226 0.3184337 -0.4421309 0.1156338 0.6212591 -0.7750264 0.8368120 0.3586305 -0.4136785 -0.0355385 -0.0064681 0.0052487 -0.0078959 -0.0011699 -0.0013260 -0.0078909 -0.0035352 0.0003137 -0.0072399 0.0040483 -0.0076182 -0.1024011 -0.0072658 -0.0003068 -0.0046123 0.0015664 -0.0075283 -0.0187166 -0.0037423 -0.0055375 -0.0095159 0.0070707 -0.0127530
-0.0313955 0.2031007 -0.2787122 0.4595838 0.1763581 -0.2478157 0.0389006 0.2478589 -0.3133028 0.5306418 0.2345669 -0.2735204 -0.0906627 0.5865064 -0.8048543 0.8339104 0.3200001 -0.4496592 0.0969172 0.6175168 -0.7805639 0.8272961 0.3657011 -0.4264315 -0.0057521 0.0004872 -0.0021044 -0.0077791 0.0047579 -0.0053483 -0.0120084 0.0055881 -0.0069396 -0.0091977 0.0043198 -0.0066717 -0.0158277 -0.0028843 -0.0001581 -0.0104338 0.0101088 -0.0117673 -0.0312117 0.0017273 -0.0018806 -0.0104214 0.0085298 -0.0125069
-0.0371476 0.2035879 -0.2808166 0.4518047 0.1811160 -0.2531640 0.0268922 0.2534470 -0.3202424 0.5214441 0.2388867 -0.2801921 -0.1064903 0.5836221 -0.8050125 0.8234766 0.3301090 -0.4614265 0.0657055 0.6192441 -0.7824446 0.8168747 0.3742309 -0.4389384 -0.0201878 0.0020214 -0.0053329 -0.0164183 0.0054154 -0.0160408 -0.0397194 -0.0144179 -0.0026922 -0.0316720 0.0068991 -0.0181491 -0.0541159 -0.0076745 0.0034577 -0.0243354 0.0122650 -0.0326924 -0.0976156 -0.0246116 -0.0209196 -0.0319017 0.0196977 -0.0392223
-0.0573353 0.2056093 -0.2861495 0.4353864 0.1865314 -0.2692048 -0.0128272 0.2390291 -0.3229346 0.4897721 0.2457858 -0.2983412 -0.1606062 0.5759476 -0.8015547 0.7991412 0.3423739 -0.4941189 -0.0319101 0.5946325 -0.8033641 0.7849730 0.3939286 -0.4781607 -0.0177440 0.0176057 -0.0311439 -0.0283671 0.0027039 -0.0178852 -0.0239115 0.0082425 -0.0150528 -0.0266725 0.0072721 -0.0194548 -0.0293999 -0.0110491 -0.0014318 -0.0352424 0.0127852 -0.0446952 -0.0554815 -0.0064378 -0.0006195 -0.0332254 0.0168593 -0.0377161
-0.0750793 0.2232150 -0.3172935 0.4070193 0.1892353 -0.2870900 -0.0367386 0.2472717 -0.3379874 0.4630996 0.2530580 -0.3177960 -0.1900061 0.5648986 -0.8029865 0.7638988 0.3551591 -0.5388141 -0.0873916 0.5881947 -0.8039836 0.7517475 0.4107879 -0.5158769 0.0000000 0.0000000 0.0000000 0.0000000 0.0000000 0.0000000 0.0000000 0.0000000 0.0000000 0.0000000 0.0000000 0.0000000 0.0000000 0.0000000 0.0000000 0.0000000 0.0000000 0.0000000 0.0000000 0.0000000 0.0000000 0.0000000 0.0000000 0.0000000
