-0.2143913 -0.2225513 -0.0083981 0.1475131 -0.0196236 -0.2631961 -0.2030627 -0.3235497 -0.0258129 0.0850764 0.0202393 -0.4393752 -0.6935244 -0.7199208 -0.0271666 0.4878836 -0.0649029 -0.8704925 -0.5303777 -0.8450763 -0.0674204 0.1899053 0.0451777 -0.9807624 -0.0006949 0.0008038 -0.0005906 0.0038355 0.0006970 0.0015289 0.0001737 0.0011869 -0.0021503 0.0050555 -0.0023094 0.0016803 -0.0024242 0.0024184 -0.0019180 0.0118201 0.0024135 0.0065531 -0.0008553 0.0010202 -0.0057967 0.0116245 -0.0050874 0.0021008
-0.2150863 -0.2217476 -0.0089887 0.1513486 -0.0189266 -0.2616672 -0.2028890 -0.3223628 -0.0279632 0.0901318 0.0179299 -0.4376948 -0.6959486 -0.7175024 -0.0290846 0.4997037 -0.0624894 -0.8639394 -0.5312329 -0.8440562 -0.0732171 0.2015298 0.0400903 -0.9786616 0.0004888 -0.0009680 -0.0001938 0.0019454 -0.0008783 0.0014752 0.0008257 -0.0007379 -0.0011666 0.0028662 -0.0019195 0.0045484 0.0023935 -0.0022897 -0.0005922 0.0068185 -0.0029510 0.0041995 0.0025397 -0.0013280 -0.0030001 0.0082527 -0.0039744 0.0015808
-0.2145974 -0.2227156 -0.0091825 0.1532940 -0.0198049 -0.2601920 -0.2020633 -0.3231007 -0.0291298 0.0929980 0.0160104 -0.4331464 -0.6935551 -0.7197921 -0.0296768 0.5065222 -0.0654404 -0.8597400 -0.5286932 -0.8453842 -0.0762172 0.2097825 0.0361159 -0.9770808 0.0004846 -0.0003301 -0.0007963 0.0000468 0.0002851 0.0044018 -0.0020756 -0.0011530 0.0021318 0.0016325 0.0048180 0.0093127 0.0014023 -0.0012377 -0.0025812 0.0065472 0.0001283 0.0038813 -0.0027635 0.0012198 0.0059306 0.0078746 0.0117910 0.0022320
-0.2141128 -0.2230457 -0.0099788 0.1533409 -0.0195198 -0.2557902 -0.2041389 -0.3242537 -0.0269979 0.0946305 0.0208284 -0.4238337 -0.6921527 -0.7210298 -0.0322580 0.5130694 -0.0653121 -0.8558587 -0.5314568 -0.8441644 -0.0702866 0.2176571 0.0479069 -0.9748489 -0.0019817 -0.0022133 0.0069424 -0.0275610 0.0580731 -0.0742471 0.0021461 -0.0002982 0.0000007 0.0042075 0.0105755 0.0166351 -0.0000892 -0.0005701 0.0225313 -0.1590500 0.1738241 -0.0730629 0.0043745 -0.0027249 -0.0001602 0.0175609 0.0268292 0.0057839
-0.2160945 -0.2252591 -0.0030363 0.1257798 0.0385533 -0.3300373 -0.2019928 -0.3245519 -0.0269972 0.0988380 0.0314039 -0.4071986 -0.6922419 -0.7216000 -0.0097267 0.3540194 0.1085120 -0.9289216 -0.5270823 -0.8468893 -0.0704468 0.2352180 0.0747361 -0.9690650 0.0003227 0.0001436 0.0013518 0.0016274 0.0031621 0.0056970 -0.0002387 -0.0000017 0.0016351 0.0029684 0.0112556 0.0096634 0.0002863 -0.0003198 0.0043246 0.0090106 0.0103506 0.0047567 -0.0006014 0.0000302 0.0042693 0.0115401 0.0286620 0.0055199
-0.2157718 -0.2251155 -0.0016845 0.1274072 0.0417154 -0.3243403 -0.2022315 -0.3245535 -0.0253621 0.1018064 0.0426595 -0.3975352 -0.6919557 -0.7219198 -0.0054021 0.3630301 0.1188625 -0.9241650 -0.5276837 -0.8468592 -0.0661775 0.2467581 0.1033980 -0.9635452 0.0003612 0.0000669 0.0004335 0.0219233 -0.0686746 0.0804611 0.0002116 0.0001126 0.0001586 0.0010491 0.0187513 0.0035112 0.0004927 -0.0004809 0.0013865 0.1568611 -0.2127204 0.0751044 0.0002529 -0.0001868 0.0003766 0.0029932 0.0457182 0.0067857
-0.2154106 -0.2250486 -0.0012510 0.1493305 -0.0269592 -0.2438793 -0.2020199 -0.3244410 -0.0252035 0.1028555 0.0614108 -0.3940240 -0.6914630 -0.7224007 -0.0040157 0.5198912 -0.0938579 -0.8490606 -0.5274309 -0.8470460 -0.0658009 0.2497513 0.1491162 -0.9567595 -0.0006078 0.0014819 0.0025344 -0.0190779 0.1048516 -0.0745102 -0.0009935 0.0015910 0.0018778 0.0019192 0.0265230 0.0165842 -0.0033934 0.0032640 0.0081441 -0.1506008 0.3146972 -0.0536324 -0.0038967 0.0020820 0.0047528 0.0112324 0.0699183 0.0165938
-0.2160184 -0.2235667 0.0012834 0.1302527 0.0778924 -0.3183895 -0.2030135 -0.3228499 -0.0233257 0.1047748 0.0879338 -0.3774397 -0.6948564 -0.7191367 0.0041284 0.3692904 0.2208393 -0.9026930 -0.5313275 -0.8449640 -0.0610481 0.2609837 0.2190345 -0.9401656 0.0008125 0.0019629 0.0006736 0.0001720 0.0080325 0.0016636 0.0007438 0.0017789 0.0013852 0.0033369 0.0288819 0.0101711 -0.0018048 0.0017643 0.0022069 0.0000364 0.0224764 0.0058122 -0.0008118 0.0002771 0.0033261 0.0091095 0.0728039 0.0226254
-0.2152059 -0.2216038 0.0019570 0.1304246 0.0859249 -0.3167258 -0.2022697 -0.3210711 -0.0219405 0.1081116 0.1168157 -0.3672686 -0.6966612 -0.7173723 0.0063353 0.3693268 0.2433158 -0.8968808 -0.5321393 -0.8446869 -0.0577221 0.2700932 0.2918384 -0.9175402 0.0003183 0.0017915 -0.0002474 0.0134064 -0.0162446 0.0642237 -0.0006608 0.0014041 0.0008862 0.0016958 0.0150448 0.0060925 -0.0023791 0.0023117 -0.0007737 0.1119854 -0.0101396 0.0519148 -0.0029807 0.0017372 0.0022026 0.0045173 0.0379230 0.0142980
-0.2148876 -0.2198123 0.0017097 0.1438311 0.0696803 -0.2525021 -0.2029305 -0.3196670 -0.0210543 0.1098075 0.1318605 -0.3611761 -0.6990403 -0.7150606 0.0055616 0.4813122 0.2331762 -0.8449660 -0.5351200 -0.8429497 -0.0555195 0.2746105 0.3297615 -0.9032422 -0.0004148 -0.0006124 0.0014262 0.0007075 0.0041218 0.0015601 -0.0002814 -0.0000697 -0.0007703 0.0036073 0.0170668 0.0149127 0.0003306 -0.0002723 0.0046151 0.0023403 0.0137792 0.0052676 -0.0003848 0.0003781 -0.0019928 0.0135186 0.0485867 0.0235637
-0.2153023 -0.2204247 0.0031359 0.1445385 0.0738021 -0.2509421 -0.2032119 -0.3197367 -0.0218246 0.1134148 0.1489273 -0.3462634 -0.6987097 -0.7153329 0.0101767 0.4836525 0.2469554 -0.8396983 -0.5355048 -0.8425716 -0.0575123 0.2881291 0.3783482 -0.8796785 0.0001015 -0.0004323 0.0004307 -0.0029489 0.0102822 0.0005326 0.0008202 0.0000427 -0.0010527 0.0026480 0.0137208 0.0120888 0.0008802 -0.0008376 0.0013886 -0.0112214 0.0336021 0.0041767 0.0015810 -0.0008043 -0.0028396 0.0099605 0.0393886 0.0214020
-0.2152009 -0.2208570 0.0035666 0.1415896 0.0840843 -0.2504095 -0.2023917 -0.3196940 -0.0228773 0.1160628 0.1626481 -0.3341746 -0.6978295 -0.7161705 0.0115653 0.4724310 0.2805575 -0.8355217 -0.5339239 -0.8433759 -0.0603519 0.2980897 0.4177368 -0.8582765 -0.0002565 0.0007428 0.0005579 0.0009722 0.0130805 0.0016090 0.0001081 0.0006266 0.0011788 -0.0022176 0.0128930 0.0000917 -0.0016147 0.0016087 0.0018240 -0.0015645 0.0403675 0.0137602 -0.0006392 0.0001949 0.0030105 -0.0092827 0.0275827 0.0107619
-0.2154573 -0.2201142 0.0041244 0.1425619 0.0971648 -0.2488005 -0.2022835 -0.3190674 -0.0216985 0.1138452 0.1755411 -0.3340829 -0.6994442 -0.7145618 0.0133893 0.4708665 0.3209249 -0.8217614 -0.5345631 -0.8431810 -0.0573414 0.2888070 0.4453196 -0.8475146 0.0004359 -0.0001377 0.0003792 0.0002637 0.0004919 0.0015450 -0.0003756 -0.0003672 0.0008624 -0.0014721 0.0074621 0.0023539 0.0009595 -0.0009136 0.0012405 0.0024104 0.0026772 0.0024382 -0.0003395 0.0000590 0.0023462 -0.0044430 0.0177764 0.0080628
-0.2150215 -0.2202519 0.0045036 0.1428256 0.0976567 -0.2472555 -0.2026591 -0.3194346 -0.0208361 0.1123731 0.1830032 -0.3317290 -0.6984847 -0.7154755 0.0146298 0.4732770 0.3236021 -0.8193233 -0.5349026 -0.8431220 -0.0549952 0.2843640 0.4630960 -0.8394518 0.0012333 -0.0003796 -0.0005769 -0.0012827 -0.0075118 -0.0059469 0.0005452 -0.0004816 -0.0005042 0.0041320 -0.0171475 0.0131579 0.0026600 -0.0026225 -0.0018494 -0.0073120 -0.0268415 -0.0142293 0.0016404 -0.0009521 -0.0013096 0.0241907 -0.0238399 -0.0042592
-0.2137882 -0.2206316 0.0039267 0.1415429 0.0901449 -0.2532024 -0.2021140 -0.3199162 -0.0213403 0.1165050 0.1658557 -0.3185711 -0.6958247 -0.7180980 0.0127805 0.4659649 0.2967606 -0.8335525 -0.5332622 -0.8440742 -0.0563048 0.3085546 0.4392561 -0.8437109 0.0023454 -0.0009886 -0.0019420 -0.0009905 -0.0029213 -0.0016256 0.0007089 -0.0022503 0.0027863 -0.0087680 0.0133263 -0.0171005 0.0055406 -0.0054115 -0.0063012 -0.0033316 -0.0096611 -0.0052229 0.0037976 -0.0028545 0.0075291 -0.0361202 0.0138413 -0.0051013
-0.2114428 -0.2216201 0.0019847 0.1405524 0.0872236 -0.2548280 -0.2014050 -0.3221664 -0.0185540 0.1077370 0.1791820 -0.3356715 -0.6902841 -0.7235094 0.0064793 0.4626334 0.2870996 -0.8387754 -0.5294646 -0.8469287 -0.0487757 0.2724344 0.4530973 -0.8488123 0.0002563 -0.0017955 -0.0001929 0.0014579 -0.0356438 -0.0111625 -0.0002233 -0.0020757 0.0009854 -0.0046496 -0.0162572 -0.0134209 0.0033581 -0.0031946 -0.0006511 0.0015955 -0.1184862 -0.0307423 0.0019518 -0.0013741 0.0028118 -0.0139368 -0.0445540 -0.0265570
-0.2111864 -0.2234157 0.0017918 0.1420103 0.0515798 -0.2659905 -0.2016283 -0.3242421 -0.0175686 0.1030874 0.1629248 -0.3490924 -0.6869260 -0.7267040 0.0058282 0.4642289 0.1686134 -0.8695177 -0.5275128 -0.8483027 -0.0459640 0.2584977 0.4085433 -0.8753693 0.0012750 -0.0009138 -0.0014824 -0.0058444 -0.0021332 -0.0140883 0.0007395 -0.0010109 -0.0012325 0.0007857 -0.0464757 -0.0256372 0.0036741 -0.0034781 -0.0048210 -0.0324027 -0.0118021 -0.0187032 0.0026594 -0.0014714 -0.0031566 -0.0026031 -0.1216674 -0.0477885
-0.2099114 -0.2243295 0.0003094 0.1361659 0.0494466 -0.2800788 -0.2008888 -0.3252530 -0.0188010 0.1038731 0.1164491 -0.3747296 -0.6832519 -0.7301821 0.0010072 0.4318262 0.1568112 -0.8882209 -0.5248534 -0.8497741 -0.0491206 0.2558946 0.2868759 -0.9231577 0.0005116 -0.0005763 -0.0007740 0.0123707 -0.0775021 0.0183246 0.0006385 -0.0004540 -0.0013491 -0.0056374 -0.0289409 -0.0194962 0.0018260 -0.0017035 -0.0025189 0.0595819 -0.2496281 0.0222515 0.0018324 -0.0009192 -0.0035082 -0.0195228 -0.0763163 -0.0254165
-0.2093998 -0.2249058 -0.0004646 0.1485366 -0.0280555 -0.2617542 -0.2002503 -0.3257070 -0.0201501 0.0982357 0.0875082 -0.3942258 -0.6814259 -0.7318855 -0.0015117 0.4914082 -0.0928169 -0.8659694 -0.5230211 -0.8506933 -0.0526288 0.2363718 0.2105596 -0.9485742 0.0006817 -0.0005693 -0.0007000 0.0024438 -0.0059497 0.0029769 0.0005334 -0.0004401 -0.0014170 0.0012466 -0.0367090 -0.0234271 0.0021195 -0.0019595 -0.0022786 0.0093149 -0.0199606 0.0077401 0.0016289 -0.0007643 -0.0036756 -0.0062657 -0.0930592 -0.0174718
-0.2087181 -0.2254751 -0.0011646 0.1509803 -0.0340052 -0.2587773 -0.1997169 -0.3261470 -0.0215671 0.0994823 0.0507992 -0.4176529 -0.6793064 -0.7338450 -0.0037903 0.5007231 -0.1127775 -0.8582294 -0.5213921 -0.8514576 -0.0563044 0.2301061 0.1175004 -0.9660460 -0.0056001 -0.0022048 0.0090154 -0.0124307 0.0601000 -0.0514694 -0.0015357 -0.0001812 0.0024018 -0.0015528 -0.0211285 -0.0095168 -0.0058953 0.0059242 0.0288903 -0.0941551 0.1893516 -0.0521765 -0.0028738 0.0013678 0.0063784 -0.0071613 -0.0499525 -0.0064420
-0.2143182 -0.2276799 0.0078508 0.1385496 0.0260948 -0.3102467 -0.2012526 -0.3263283 -0.0191653 0.0979295 0.0296707 -0.4271696 -0.6852017 -0.7279208 0.0251000 0.4065680 0.0765741 -0.9104059 -0.5242659 -0.8500898 -0.0499260 0.2229448 0.0675479 -0.9724880 0.0019695 0.0016373 -0.0053077 0.0198560 -0.0499703 0.0414032 0.0011289 0.0009514 -0.0030963 0.0013647 -0.0115625 -0.0032926 0.0005395 -0.0008936 -0.0169006 0.0995972 -0.1528653 0.0513503 0.0012614 -0.0002522 -0.0082528 0.0016331 -0.0265918 -0.0011071
-0.2123488 -0.2260426 0.0025431 0.1584056 -0.0238755 -0.2688435 -0.2001237 -0.3253769 -0.0222617 0.0992941 0.0181082 -0.4304622 -0.6846622 -0.7288144 0.0081994 0.5061652 -0.0762912 -0.8590556 -0.5230045 -0.8503420 -0.0581788 0.2245779 0.0409561 -0.9735951 -0.0002474 -0.0003318 -0.0008538 0.0004753 -0.0057213 0.0086335 -0.0002194 -0.0003295 -0.0008493 -0.0005146 -0.0050316 0.0029162 0.0000970 -0.0001170 -0.0027600 0.0125209 -0.0203312 0.0095682 0.0000351 0.0001282 -0.0021493 0.0004306 -0.0111691 -0.0003063
-0.2125962 -0.2263744 0.0016893 0.1588809 -0.0295968 -0.2602100 -0.2003431 -0.3257064 -0.0231109 0.0987795 0.0130766 -0.4275461 -0.6845652 -0.7289314 0.0054395 0.5186861 -0.0966224 -0.8494874 -0.5229694 -0.8502138 -0.0603281 0.2250085 0.0297870 -0.9739014 -0.0001865 -0.0012641 -0.0006395 0.0000185 0.0015777 -0.0008177 -0.0002657 -0.0009092 -0.0020570 -0.0003917 -0.0018281 0.0032640 0.0017020 -0.0016072 -0.0020705 -0.0008803 0.0053165 -0.0011244 0.0007260 -0.0000620 -0.0051915 0.0008144 -0.0039691 0.0000752
-0.2127826 -0.2276385 0.0010498 0.1588993 -0.0280191 -0.2610277 -0.2006088 -0.3266156 -0.0251680 0.0983878 0.0112485 -0.4242821 -0.6828632 -0.7305385 0.0033689 0.5178058 -0.0913059 -0.8506118 -0.5222434 -0.8502758 -0.0655196 0.2258229 0.0258179 -0.9738262 0.0003391 0.0006354 -0.0008155 0.0004354 0.0026755 0.0037539 -0.0000453 0.0005516 -0.0006738 0.0011658 0.0011254 0.0085625 -0.0004410 0.0004051 -0.0026154 0.0068794 0.0078501 0.0034161 -0.0006629 0.0005501 -0.0018242 0.0069680 0.0031165 0.0017299
-0.2124436 -0.2270031 0.0002343 0.1593348 -0.0253436 -0.2572738 -0.2006541 -0.3260640 -0.0258417 0.0995536 0.0123739 -0.4157196 -0.6833042 -0.7301334 0.0007535 0.5246852 -0.0834558 -0.8471957 -0.5229063 -0.8497257 -0.0673438 0.2327909 0.0289345 -0.9720963 0.0001256 -0.0000356 0.0002148 -0.0027217 0.0041080 0.0034850 -0.0015409 -0.0007775 0.0024395 0.0029074 0.0081953 0.0119279 0.0002730 -0.0002544 0.0006911 -0.0008557 0.0124283 -0.0016610 -0.0022208 0.0008751 0.0065651 0.0128625 0.0203808 0.0039938
-0.2123180 -0.2270387 0.0004490 0.1566130 -0.0212356 -0.2537887 -0.2021950 -0.3268415 -0.0234023 0.1024611 0.0205692 -0.4037917 -0.6830311 -0.7303878 0.0014446 0.5238295 -0.0710275 -0.8488567 -0.5251271 -0.8488507 -0.0607788 0.2456534 0.0493153 -0.9681025 0.0001856 -0.0002173 0.0001383 0.0017093 -0.0234675 0.0185365 0.0005859 -0.0001438 0.0000052 0.0031691 0.0162645 0.0151313 0.0006681 -0.0006232 0.0004448 0.0276859 -0.0846956 0.0293563 0.0012693 -0.0007828 -0.0000157 0.0155233 0.0417582 0.0071174
-0.2121324 -0.2272560 0.0005874 0.1583223 -0.0447031 -0.2352522 -0.2016091 -0.3269853 -0.0233970 0.1056302 0.0368337 -0.3886604 -0.6823631 -0.7310110 0.0018894 0.5515154 -0.1557231 -0.8195005 -0.5238579 -0.8496334 -0.0607944 0.2611767 0.0910734 -0.9609851 0.0003477 -0.0008399 0.0003515 -0.0036479 0.0018154 -0.0038721 0.0020003 0.0267355 -0.0036092 -0.0004460 0.0168208 0.0107728 0.0019472 -0.0018090 0.0011270 -0.0144513 0.0068075 -0.0107924 -0.0282244 0.0191963 -0.0138998 0.0045030 0.0444499 0.0064969
-0.2117847 -0.2280959 0.0009389 0.1546744 -0.0428877 -0.2391243 -0.1996088 -0.3002498 -0.0270062 0.1051842 0.0536545 -0.3778876 -0.6804159 -0.7328200 0.0030164 0.5370641 -0.1489156 -0.8302929 -0.5520823 -0.8304372 -0.0746943 0.2656798 0.1355233 -0.9544882 -0.0006087 0.0029406 0.0011527 -0.0023660 0.0104259 0.0041004 -0.0018970 0.0044372 0.0019021 0.0029096 0.0269603 0.0152459 -0.0057594 0.0054151 0.0037407 0.0031594 0.0337767 -0.0033147 -0.0095227 0.0059952 0.0047281 0.0137042 0.0728372 0.0171886
-0.2123934 -0.2251553 0.0020915 0.1523084 -0.0324618 -0.2350240 -0.2015058 -0.2958126 -0.0251041 0.1080938 0.0806148 -0.3626417 -0.6861752 -0.7274049 0.0067571 0.5402235 -0.1151389 -0.8336076 -0.5616050 -0.8244420 -0.0699662 0.2793840 0.2083605 -0.9372996 0.0000302 -0.0000052 0.0018651 -0.0027662 0.0061505 0.0039100 -0.0006052 0.0000808 0.0021735 -0.0031768 0.0236895 0.0064041 0.0001004 -0.0000138 0.0060254 0.0005578 0.0199908 -0.0021570 -0.0014854 0.0005197 0.0060804 -0.0073922 0.0620429 0.0137724
-0.2123632 -0.2251605 0.0039566 0.1495422 -0.0263113 -0.2311139 -0.2021109 -0.2957318 -0.0229306 0.1049170 0.1043043 -0.3562376 -0.6860748 -0.7274187 0.0127825 0.5407813 -0.0951481 -0.8357646 -0.5630903 -0.8239222 -0.0638858 0.2719918 0.2704034 -0.9235272 0.0005810 -0.0018172 0.0010147 -0.0167242 0.0997138 -0.0264614 0.0034505 -0.0303650 0.0027010 -0.0017547 0.0153108 0.0073472 0.0039536 -0.0036451 0.0032293 -0.0965059 0.3406790 -0.0258235 0.0435533 -0.0288863 0.0109813 -0.0026253 0.0419227 0.0125419
-0.2117822 -0.2269777 0.0049713 0.1328180 0.0734025 -0.2575754 -0.1986605 -0.3260968 -0.0202296 0.1031624 0.1196151 -0.3488904 -0.6821212 -0.7310638 0.0160118 0.4442754 0.2455309 -0.8615880 -0.5195370 -0.8528085 -0.0529045 0.2693665 0.3123261 -0.9109852 -0.0003787 -0.0007084 0.0012047 0.0104750 -0.0093341 0.0253411 -0.0007346 -0.0007876 0.0013335 0.0026130 0.0167879 0.0159525 0.0005318 -0.0004020 0.0038292 0.0669300 -0.0169635 0.0330798 -0.0005809 0.0001375 0.0036145 0.0126842 0.0513934 0.0232040
-0.2121608 -0.2276861 0.0061760 0.1432930 0.0640684 -0.2322343 -0.1993951 -0.3268844 -0.0188961 0.1057753 0.1364030 -0.3329380 -0.6815894 -0.7314658 0.0198411 0.5112054 0.2285674 -0.8285083 -0.5201179 -0.8526710 -0.0492900 0.2820506 0.3637195 -0.8877813 -0.0005303 -0.0005689 0.0016541 -0.0242014 0.0583636 -0.0528012 -0.0007584 -0.0006196 0.0017341 -0.0033584 0.0064248 0.0044469 0.0000801 0.0000866 0.0052483 -0.1528105 0.1398801 -0.0292793 -0.0008346 0.0002549 0.0046215 -0.0071446 0.0196568 0.0060504
-0.2126912 -0.2282550 0.0078301 0.1190916 0.1224320 -0.2850355 -0.2001535 -0.3275040 -0.0171619 0.1024169 0.1428278 -0.3284910 -0.6815093 -0.7313792 0.0250894 0.3583949 0.3684476 -0.8577876 -0.5209525 -0.8524161 -0.0446685 0.2749060 0.3833763 -0.8817308 0.0002628 -0.0005701 -0.0007986 0.0142357 -0.0541985 0.0426634 -0.0062291 0.0289516 -0.0059778 -0.0009725 0.0072226 0.0027596 0.0013202 -0.0013116 -0.0025748 0.1095606 -0.1289598 0.0071035 -0.0465323 0.0314943 -0.0189582 -0.0027199 0.0192248 0.0077588
-0.2124283 -0.2288250 0.0070315 0.1333272 0.0682335 -0.2423721 -0.2063826 -0.2985524 -0.0231397 0.1014444 0.1500504 -0.3257315 -0.6801891 -0.7326908 0.0225145 0.4679555 0.2394877 -0.8506840 -0.5674848 -0.8209218 -0.0636267 0.2721861 0.4026011 -0.8739720 0.0000515 -0.0002812 0.0004083 -0.0046342 0.0221945 -0.0092368 0.0003583 -0.0006015 0.0012249 -0.0013137 0.0029638 -0.0004074 0.0005578 -0.0004766 0.0012935 -0.0342451 0.0652650 0.0027329 0.0013202 -0.0011675 0.0034036 -0.0043899 0.0066301 0.0017249
-0.2123769 -0.2291063 0.0074397 0.1286930 0.0904280 -0.2516089 -0.2060243 -0.2991539 -0.0219149 0.1001307 0.1530142 -0.3261388 -0.6796314 -0.7331674 0.0238081 0.4337104 0.3047528 -0.8479511 -0.5661647 -0.8220893 -0.0602231 0.2677961 0.4092312 -0.8722471 0.0002546 0.0004329 -0.0006035 0.0101193 -0.0324414 0.0082654 0.0002661 0.0000682 0.0002818 -0.0010350 -0.0002927 -0.0016220 -0.0002824 0.0002027 -0.0018960 0.0514950 -0.1020661 -0.0026333 0.0003837 -0.0003178 0.0007380 -0.0034903 -0.0018957 -0.0019497
-0.2121223 -0.2286733 0.0068362 0.1388123 0.0579866 -0.2433436 -0.2057582 -0.2990857 -0.0216330 0.0990957 0.1527215 -0.3277609 -0.6799137 -0.7329647 0.0219121 0.4852054 0.2026867 -0.8505844 -0.5657810 -0.8224071 -0.0594851 0.2643059 0.4073356 -0.8741968 -0.0003032 -0.0005099 -0.0003487 -0.0009654 -0.0078312 -0.0017523 -0.0002900 -0.0007125 0.0001569 -0.0051266 -0.0100940 -0.0113292 0.0002753 -0.0002889 -0.0011557 -0.0026130 -0.0270961 -0.0074788 0.0003544 -0.0002834 0.0005514 -0.0168086 -0.0316810 -0.0189038
-0.2124254 -0.2291832 0.0064875 0.1378469 0.0501554 -0.2450958 -0.2060482 -0.2997983 -0.0214761 0.0939691 0.1426275 -0.3390900 -0.6796384 -0.7332536 0.0207564 0.4825924 0.1755905 -0.8580633 -0.5654266 -0.8226905 -0.0589337 0.2474973 0.3756546 -0.8931006 -0.0002844 -0.0008856 0.0000915 0.0029336 -0.0245309 -0.0051600 0.0000419 -0.0011392 0.0008188 0.0005291 -0.0360073 -0.0179849 0.0009245 -0.0008491 0.0002361 0.0057588 -0.0867021 -0.0100450 0.0014567 -0.0011662 0.0023813 -0.0016951 -0.0983214 -0.0356984
-0.2127098 -0.2300688 0.0065791 0.1407805 0.0256245 -0.2502558 -0.2060063 -0.3009375 -0.0206574 0.0944982 0.1066202 -0.3570749 -0.6787139 -0.7341027 0.0209925 0.4883512 0.0888884 -0.8681083 -0.5639699 -0.8238567 -0.0565524 0.2458022 0.2773332 -0.9287990 -0.0006593 -0.0004246 -0.0006440 0.0035915 -0.0573057 0.0028355 -0.0005261 -0.0005268 -0.0003428 -0.0039470 -0.0358126 -0.0263461 -0.0004862 0.0003928 -0.0020999 0.0125789 -0.1988132 0.0096296 -0.0002815 0.0002495 -0.0008205 -0.0195833 -0.1004385 -0.0290806
-0.2133692 -0.2304933 0.0059350 0.1443720 -0.0316812 -0.2474204 -0.2065325 -0.3014642 -0.0210002 0.0905512 0.0708076 -0.3834211 -0.6792001 -0.7337099 0.0188925 0.5009301 -0.1099248 -0.8584786 -0.5642514 -0.8236071 -0.0573729 0.2262190 0.1768947 -0.9578796 0.0001121 0.0015357 -0.0013277 0.0021974 -0.0072779 -0.0023001 0.0003046 0.0013163 -0.0006915 -0.0015802 -0.0319640 -0.0179548 -0.0022981 0.0020383 -0.0041691 0.0007357 -0.0234212 0.0037563 -0.0010445 0.0008647 -0.0020865 -0.0107666 -0.0828309 -0.0140938
-0.2132571 -0.2289576 0.0046073 0.1465695 -0.0389591 -0.2497204 -0.2062278 -0.3001479 -0.0216916 0.0889709 0.0388436 -0.4013758 -0.6814982 -0.7316717 0.0147235 0.5016658 -0.1333460 -0.8547223 -0.5652959 -0.8227424 -0.0594594 0.2154524 0.0940638 -0.9719734 0.0019597 0.0011718 -0.0050680 -0.0155419 0.0467143 -0.0526539 0.0050972 -0.0283130 0.0013710 -0.0034946 -0.0342033 -0.0124501 0.0014246 -0.0014707 -0.0162061 -0.1041718 0.1568727 -0.0625808 0.0438068 -0.0288873 0.0067724 -0.0131832 -0.0830831 -0.0072950
-0.2112974 -0.2277858 -0.0004607 0.1310276 0.0077552 -0.3023743 -0.2011306 -0.3284609 -0.0203206 0.0854763 0.0046403 -0.4138259 -0.6800736 -0.7331424 -0.0014827 0.3974940 0.0235267 -0.9173031 -0.5214891 -0.8516297 -0.0526870 0.2022692 0.0109807 -0.9792684 0.0002063 0.0015413 -0.0022128 0.0298687 -0.0539114 0.0463888 -0.0001369 0.0014654 -0.0019987 -0.0010438 -0.0114952 -0.0007162 -0.0020976 0.0020009 -0.0071569 0.1285620 -0.1744360 0.0803494 -0.0017995 0.0014523 -0.0053424 -0.0027165 -0.0271820 -0.0004848
-0.2110911 -0.2262445 -0.0026734 0.1608963 -0.0461562 -0.2559856 -0.2012674 -0.3269955 -0.0223193 0.0844325 -0.0068549 -0.4145421 -0.6821711 -0.7311415 -0.0086396 0.5260560 -0.1509093 -0.8369537 -0.5232886 -0.8501774 -0.0580295 0.1995527 -0.0162013 -0.9797532 -0.0005929 0.0008699 -0.0015187 0.0004249 0.0005851 -0.0002482 -0.0007130 0.0008725 -0.0015903 -0.0001834 -0.0046211 -0.0006250 -0.0023873 0.0023096 -0.0049172 0.0007972 0.0020802 0.0001289 -0.0022248 0.0016694 -0.0041785 -0.0007511 -0.0108785 0.0000876
-0.2116840 -0.2253746 -0.0041921 0.1613212 -0.0455711 -0.2562337 -0.2019804 -0.3261231 -0.0239096 0.0842491 -0.0114760 -0.4151671 -0.6845584 -0.7288319 -0.0135568 0.5268532 -0.1488291 -0.8368247 -0.5255134 -0.8485080 -0.0622080 0.1988016 -0.0270798 -0.9796656 -0.0005875 -0.0008386 0.0015069 0.0020894 -0.0045002 0.0037494 -0.0000950 -0.0003453 -0.0006398 0.0007133 -0.0013615 0.0025718 0.0003056 -0.0003616 0.0049010 0.0091109 -0.0153978 0.0087112 0.0002764 -0.0000523 -0.0016011 0.0027948 -0.0033807 0.0006706
-0.2122715 -0.2262131 -0.0026852 0.1634106 -0.0500713 -0.2524843 -0.2020755 -0.3264683 -0.0245494 0.0849624 -0.0128375 -0.4125953 -0.6842528 -0.7291935 -0.0086558 0.5359641 -0.1642269 -0.8281135 -0.5252369 -0.8485603 -0.0638091 0.2015964 -0.0304605 -0.9789949 -0.0005504 0.0015302 -0.0009958 0.0005359 -0.0015082 0.0084171 -0.0041643 0.0233846 -0.0143690 0.0001723 -0.0017076 0.0038292 -0.0033824 0.0032346 -0.0032378 0.0132537 -0.0085635 0.0104930 -0.0341958 0.0264347 -0.0417585 0.0021770 -0.0043538 0.0005960
-0.2128218 -0.2246829 -0.0036810 0.1639465 -0.0515795 -0.2440672 -0.2062397 -0.3030837 -0.0389184 0.0851347 -0.0145451 -0.4087661 -0.6876352 -0.7259589 -0.0118936 0.5492178 -0.1727903 -0.8176205 -0.5594327 -0.8221256 -0.1055676 0.2037734 -0.0348143 -0.9783989 0.0002182 -0.0005626 0.0001118 -0.0014547 0.0043606 0.0042217 0.0007505 -0.0029769 0.0008795 -0.0002978 0.0040202 0.0047646 0.0012761 -0.0012126 0.0003709 0.0043630 0.0119240 0.0005096 0.0049588 -0.0037215 0.0029269 0.0016691 0.0093270 0.0000616
-0.2126037 -0.2252456 -0.0035692 0.1624918 -0.0472189 -0.2398455 -0.2054892 -0.3060607 -0.0380389 0.0848369 -0.0105249 -0.4040015 -0.6863591 -0.7271715 -0.0115227 0.5535808 -0.1608664 -0.8171109 -0.5544740 -0.8258471 -0.1026407 0.2054425 -0.0254873 -0.9783373 -0.0002191 0.0011584 -0.0002018 -0.0019785 0.0043274 0.0022416 0.0000635 0.0014609 0.0005564 -0.0010417 0.0175310 0.0115782 -0.0022370 0.0021291 -0.0006787 0.0000459 0.0129293 -0.0024085 -0.0017764 0.0010536 0.0011459 0.0033507 0.0429444 0.0005332
-0.2128228 -0.2240872 -0.0037710 0.1605134 -0.0428915 -0.2376039 -0.2054257 -0.3045998 -0.0374825 0.0837952 0.0070061 -0.3924233 -0.6885961 -0.7250424 -0.0122013 0.5536267 -0.1479371 -0.8195194 -0.5562504 -0.8247935 -0.1014948 0.2087931 0.0174572 -0.9778040 -0.0000783 -0.0003677 0.0020023 -0.0027205 0.0070821 0.0018125 0.0004367 -0.0205894 0.0151477 0.0032992 0.0217168 0.0112341 0.0004206 -0.0004793 0.0064843 -0.0018443 0.0227160 -0.0050143 0.0238876 -0.0197332 0.0434907 0.0133491 0.0558033 0.0055459
-0.2129011 -0.2244549 -0.0017687 0.1577929 -0.0358094 -0.2357914 -0.2049889 -0.3251892 -0.0223348 0.0870944 0.0287229 -0.3811891 -0.6881756 -0.7255217 -0.0057170 0.5517824 -0.1252211 -0.8245337 -0.5323628 -0.8445267 -0.0580042 0.2221423 0.0732604 -0.9722581 -0.0025466 -0.0038352 0.0054988 -0.0061389 0.0032930 0.0025170 -0.0015039 -0.0031098 0.0025918 0.0018307 0.0244881 0.0125314 0.0018693 -0.0016940 0.0175993 -0.0104139 0.0091453 -0.0082006 0.0006330 -0.0008601 0.0071650 0.0100710 0.0656913 0.0095694
-0.2154477 -0.2282902 0.0037301 0.1516539 -0.0325164 -0.2332745 -0.2064929 -0.3282990 -0.0197430 0.0889251 0.0532110 -0.3686578 -0.6863062 -0.7272156 0.0118823 0.5413685 -0.1160758 -0.8327344 -0.5317298 -0.8453868 -0.0508391 0.2322132 0.1389517 -0.9626887 -0.0004481 -0.0011772 0.0009432 -0.0046825 0.0091456 -0.0001974 -0.0005217 -0.0013503 0.0016639 0.0004165 0.0282022 0.0108803 0.0011406 -0.0010207 0.0029489 -0.0105328 0.0316645 -0.0105260 0.0004874 -0.0005619 0.0044444 0.0043633 0.0766303 0.0152944
-0.2158958 -0.2294674 0.0046733 0.1469714 -0.0233708 -0.2334718 -0.2070145 -0.3296493 -0.0180791 0.0893416 0.0814132 -0.3577775 -0.6851656 -0.7282363 0.0148312 0.5308358 -0.0844113 -0.8432604 -0.5312423 -0.8459486 -0.0463947 0.2365765 0.2155820 -0.9473943 0.0001987 0.0001582 -0.0005721 -0.0031192 0.0033893 0.0008164 -0.0003400 -0.0001136 0.0004456 0.0053853 0.0202328 0.0165108 0.0000667 -0.0000972 -0.0018049 -0.0063348 0.0115566 -0.0050267 -0.0005226 0.0002649 0.0011731 0.0205073 0.0602797 0.0212149
-0.2156971 -0.2293091 0.0041012 0.1438522 -0.0199815 -0.2326554 -0.2073545 -0.3297629 -0.0176335 0.0947269 0.1016460 -0.3412667 -0.6850989 -0.7283335 0.0130263 0.5245009 -0.0728547 -0.8482871 -0.5317649 -0.8456838 -0.0452216 0.2570838 0.2758618 -0.9261794 -0.0001714 -0.0011343 0.0003351 -0.0056446 0.0626218 -0.0015089 -0.0001582 -0.0010983 0.0001749 -0.0029816 0.0315169 0.0037411 0.0015156 -0.0014037 0.0010220 -0.0223509 0.2277799 -0.0025029 0.0009629 -0.0006346 0.0005637 -0.0119481 0.0799382 0.0243397
-0.2158685 -0.2304434 0.0044363 0.1382076 0.0426403 -0.2341643 -0.2075127 -0.3308612 -0.0174586 0.0917453 0.1331629 -0.3375255 -0.6835834 -0.7297372 0.0140483 0.5021500 0.1549251 -0.8507900 -0.5308020 -0.8463184 -0.0446579 0.2451357 0.3558000 -0.9018397 -0.0001132 -0.0003642 0.0000094 -0.0226253 0.0796840 -0.0508620 -0.0050151 0.0216589 0.0038225 0.0011310 0.0104984 0.0042600 0.0003843 -0.0003595 0.0000145 -0.1529612 0.2146321 -0.0103108 -0.0352648 0.0227596 0.0083380 0.0027942 0.0276986 0.0121995
-0.2159817 -0.2308075 0.0044457 0.1155823 0.1223243 -0.2850264 -0.2125278 -0.3092023 -0.0136362 0.0928763 0.1436613 -0.3332655 -0.6831991 -0.7300967 0.0140628 0.3491888 0.3695572 -0.8611008 -0.5660668 -0.8235589 -0.0363199 0.2479299 0.3834986 -0.8896401 0.0002459 -0.0015074 -0.0007304 0.0181169 -0.0586921 0.0465665 -0.0004435 0.0014091 -0.0012265 0.0015387 0.0029864 0.0063539 0.0027698 -0.0026233 -0.0023449 0.1271322 -0.1428591 0.0115561 -0.0024850 0.0018689 -0.0033578 0.0068822 0.0122818 0.0073541
-0.2157357 -0.2323149 0.0037153 0.1336992 0.0636322 -0.2384598 -0.2129713 -0.3077932 -0.0148627 0.0944150 0.1466477 -0.3269117 -0.6804293 -0.7327200 0.0117179 0.4763210 0.2266982 -0.8495447 -0.5685519 -0.8216900 -0.0396777 0.2548121 0.3957804 -0.8822861 0.0015267 0.0012886 -0.0020804 -0.0071526 0.0198319 -0.0099077 0.0013829 0.0036100 -0.0047176 -0.0013383 0.0051128 -0.0001249 0.0005253 -0.0005627 -0.0065288 -0.0414163 0.0601443 -0.0040238 -0.0016855 0.0019067 -0.0130919 -0.0048436 0.0117902 0.0039911
-0.2142090 -0.2310263 0.0016349 0.1265466 0.0834641 -0.2483675 -0.2115884 -0.3041832 -0.0195803 0.0930768 0.1517605 -0.3270365 -0.6799041 -0.7332827 0.0051891 0.4349047 0.2868424 -0.8535686 -0.5702374 -0.8197833 -0.0527696 0.2499685 0.4075706 -0.8782949 -0.0011570 -0.0011772 0.0011627 0.0111175 -0.0274282 0.0064342 -0.0018908 -0.0012354 0.0012820 -0.0009625 0.0002510 -0.0040352 -0.0000939 0.0001219 0.0036439 0.0499268 -0.0894927 0.0015172 -0.0019701 0.0011424 0.0037230 -0.0048321 -0.0030343 -0.0027604
-0.2153660 -0.2322035 0.0027976 0.1376641 0.0560359 -0.2419333 -0.2134792 -0.3054186 -0.0182983 0.0921143 0.1520115 -0.3310718 -0.6799979 -0.7331608 0.0088330 0.4848315 0.1973497 -0.8520514 -0.5722075 -0.8186409 -0.0490466 0.2451364 0.4045363 -0.8810553 -0.0000566 -0.0000813 -0.0000918 0.0008658 -0.0073825 -0.0014240 0.0084455 -0.0270579 -0.0010610 -0.0007544 -0.0140261 -0.0070285 0.0000302 -0.0000314 -0.0002923 0.0025740 -0.0261670 -0.0041801 0.0479503 -0.0314791 -0.0004539 -0.0024348 -0.0379715 -0.0171240
-0.2154225 -0.2322848 0.0027058 0.1385299 0.0486534 -0.2433573 -0.2050337 -0.3324765 -0.0193593 0.0913598 0.1379854 -0.3381003 -0.6799678 -0.7331923 0.0085407 0.4874055 0.1711828 -0.8562315 -0.5242572 -0.8501200 -0.0495004 0.2427017 0.3665647 -0.8981794 -0.0001231 -0.0005625 -0.0001319 0.0048945 -0.0274065 -0.0034994 -0.0012320 -0.0008613 0.0007497 0.0042637 -0.0379103 -0.0227935 0.0006732 -0.0006286 -0.0004290 0.0135757 -0.0969674 -0.0060387 -0.0013462 0.0007130 0.0020798 0.0046898 -0.1076564 -0.0355036
-0.2155456 -0.2328473 0.0025739 0.1434244 0.0212469 -0.2468567 -0.2062657 -0.3333378 -0.0186096 0.0956235 0.1000751 -0.3608938 -0.6792945 -0.7338209 0.0081117 0.5009812 0.0742154 -0.8622702 -0.5256034 -0.8494071 -0.0474206 0.2473914 0.2589084 -0.9336830 0.0002210 0.0002849 -0.0025840 0.0005993 -0.0505918 0.0039387 0.0005099 0.0000234 -0.0011669 -0.0022695 -0.0455826 -0.0200766 -0.0000948 0.0000430 -0.0081436 0.0062792 -0.1775700 0.0066975 0.0009911 -0.0004396 -0.0030031 -0.0116542 -0.1213040 -0.0283425
-0.2153246 -0.2325624 -0.0000101 0.1440236 -0.0293449 -0.2429180 -0.2057558 -0.3333144 -0.0197765 0.0933540 0.0544925 -0.3809704 -0.6793894 -0.7337780 -0.0000319 0.5072605 -0.1033546 -0.8555727 -0.5246123 -0.8498467 -0.0504237 0.2357372 0.1376043 -0.9620255 0.0000018 -0.0015266 -0.0001894 -0.0003976 0.0089433 -0.0113338 -0.0004195 0.0237824 -0.0150130 -0.0059064 -0.0298334 -0.0242604 0.0023996 -0.0022142 -0.0005953 -0.0166106 0.0336595 -0.0129924 -0.0273442 0.0211913 -0.0427119 -0.0251681 -0.0782265 -0.0137485
-0.2153228 -0.2340891 -0.0001995 0.1436261 -0.0204016 -0.2542518 -0.2061753 -0.3095321 -0.0347895 0.0874476 0.0246591 -0.4052308 -0.6769898 -0.7359922 -0.0006272 0.4906498 -0.0696952 -0.8685651 -0.5519565 -0.8286554 -0.0931357 0.2105691 0.0593778 -0.9757740 0.0000000 0.0000000 0.0000000 0.0000000 0.0000000 0.0000000 0.0000000 0.0000000 0.0000000 0.0000000 0.0000000 0.0000000 0.0000000 0.0000000 0.0000000 0.0000000 0.0000000 0.0000000 0.0000000 0.0000000 0.0000000 0.0000000 0.0000000 0.0000000
